t,mean_x,mean_y,mean_x_all,mean_y_all,mean_L,y0,mean_epc,mean_r,mean_b,fund_prevalence,mean_epc_all,mean_r_all,mean_b_all,fund_prevalence_all,punish_rate,mean_punished,exit_rate,mean_exit_intent,exit_attempt_rate,exit_success_rate,p_opp_mean,stay_value,mean_degree_active,threat,A,budget,enforcer_frac,n_cadre_fallback,cap_mean,cap_p90,service_mean,service_p90,monopoly_on,enforcer_punish_share_step,alpha_punish_revalue,delta_outside_degrade,mu_membership_reward,current_delta,eta_delta_drift,punish_floor,punish_intensity_step,pi_reward,lam_punish
0,0.3579605308037155,0.5077727076179395,0.3579605308037155,0.5077727076179395,0.26107685272754566,0.5,0.0,0.33369796589576517,0.3279135358137105,0.005714285714285714,0.0,0.33369796589576517,0.3279135358137105,0.005714285714285714,0.0,0.0,0.0,0.0,0.0,0.0,0.5,0.0,11.794285714285714,0.0,0.0,0.0,0.0,0,0.0,0.0,0.0,0.0,0.0,0.0,0.0,0.8,0.0,0.8,0.0,0.08,0.0,0.25,0.25
1,0.3663722005023792,0.5082385825338471,0.3663722005023792,0.5082385825338471,0.26107685272754566,0.5073806164839121,0.5742857142857143,0.33449796589576514,0.3285135358137105,0.005714285714285714,0.5742857142857143,0.33449796589576514,0.3285135358137105,0.005714285714285714,0.022857142857142857,0.022857142857142857,0.0,0.022857142857142857,0.0,0.0,0.027626400254593446,0.13196634914903713,11.794285714285714,0.0,0.0,0.15,0.08,28,0.0034285714285714284,0.0,0.022857142857142857,0.0,0.0,0.75,0.0,0.8,0.0,0.8,0.0,0.08,0.022857142857142857,0.25,0.25
2,0.37718134147809484,0.5078572149816112,0.37718134147809484,0.5078572149816112,0.26107685272754566,0.5141656085635229,0.8257142857142857,0.3360408230386223,0.32967067867085337,0.005714285714285714,0.8257142857142857,0.3360408230386223,0.32967067867085337,0.005714285714285714,0.037142857142857144,0.04,0.0,0.017142857142857144,0.0,0.0,0.027626400254593446,0.13196634914903713,11.794285714285714,0.0,0.0,0.15,0.08,26,0.009411428571428572,0.0,0.0624,0.0,0.0,1.0,0.0,0.8,0.0,0.8,0.0,0.08,0.037142857142857144,0.25,0.25
3,0.38732058042039885,0.5076968495723942,0.38732058042039885,0.5076968495723942,0.26107685272754566,0.5201670191075327,0.8942857142857142,0.33672653732433655,0.3301849643851391,0.005714285714285714,0.8942857142857142,0.33672653732433655,0.3301849643851391,0.005714285714285714,0.02,0.02,0.0,0.037142857142857144,0.0,0.0,0.027626400254593446,0.13196634914903713,11.794285714285714,0.0,0.0,0.15,0.08,21,0.012364371428571429,0.0,0.08115199999999999,0.0,0.0,0.8571428571428571,0.0,0.8,0.0,0.8,0.0,0.08,0.02,0.25,0.25
4,0.3968186064722573,0.5083744936079269,0.3968186064722573,0.5083744936079269,0.26107685272754566,0.5250415527186992,0.9171428571428571,0.3380408230386223,0.3311706786708534,0.008571428571428572,0.9171428571428571,0.3380408230386223,0.3311706786708534,0.008571428571428572,0.03428571428571429,0.03428571428571429,0.0,0.017142857142857144,0.0,0.0,0.027626400254593446,0.13196634914903713,11.794285714285714,0.0,0.0,0.15,0.08,20,0.017445406714285714,0.0,0.1138146742857143,0.0,0.0,1.0,0.0,0.8,0.0,0.8,0.0,0.08,0.03428571428571429,0.25,0.25
5,0.40501477343254944,0.508528479121625,0.40501477343254944,0.508528479121625,0.26107685272754566,0.5289377756624283,0.8942857142857142,0.33935510875290803,0.3321563929565677,0.008571428571428572,0.8942857142857142,0.33935510875290803,0.3321563929565677,0.008571428571428572,0.03428571428571429,0.03428571428571429,0.0,0.014285714285714285,0.0,0.0,0.027626400254593446,0.13196634914903713,11.794285714285714,0.0,0.0,0.15,0.08,16,0.022501036823571432,0.0,0.14582409508571428,0.0,0.0,0.9166666666666666,0.0,0.8,0.0,0.8,0.0,0.08,0.03428571428571429,0.25,0.25
6,0.413768541830243,0.5089731042671461,0.413768541830243,0.5089731042671461,0.26107685272754566,0.5322674746221165,0.9028571428571428,0.3407265373243366,0.3331849643851391,0.011428571428571429,0.9028571428571428,0.3407265373243366,0.3331849643851391,0.011428571428571429,0.03428571428571429,0.03428571428571429,0.0,0.025714285714285714,0.0,0.0,0.027626400254593446,0.13196634914903713,11.794285714285714,0.0,0.0,0.15,0.08,11,0.027531388782310713,0.0,0.17719332746971428,0.0,0.0,0.9166666666666666,0.0,0.8,0.0,0.8,0.0,0.08,0.03428571428571429,0.25,0.25
7,0.42243618241388453,0.508996221124417,0.42243618241388453,0.508996221124417,0.26107685272754566,0.5368524641456998,0.8828571428571429,0.3422593061069665,0.3343421072422819,0.011428571428571429,0.8828571428571429,0.3422593061069665,0.3343421072422819,0.011428571428571429,0.045714285714285714,0.045714285714285714,0.0,0.02857142857142857,0.0,0.0,0.027626400254593446,0.13196634914903713,11.794285714285714,0.0,0.0,0.15,0.08,10,0.034250874695542013,0.0,0.21936374663460567,0.0,0.0,0.875,0.0,0.8,0.0,0.8,0.0,0.08,0.045714285714285714,0.25,0.25
8,0.43210020461584725,0.5097357493118145,0.43210020461584725,0.5097357493118145,0.26107685272754566,0.5409199060403584,0.8885714285714286,0.34305930610696644,0.3350706786708534,0.011428571428571429,0.8885714285714286,0.34305930610696644,0.3350706786708534,0.011428571428571429,0.03142857142857143,0.03142857142857143,0.0,0.02,0.0,0.0,0.027626400254593446,0.13196634914903713,11.794285714285714,0.0,0.0,0.15,0.08,8,0.03879390603635002,0.0,0.24640504313048503,0.0,0.0,0.9090909090909091,0.0,0.8,0.0,0.8,0.0,0.08,0.03142857142857143,0.25,0.25
9,0.44084618425120886,0.5108696184536615,0.44084618425120886,0.5108696184536615,0.26107685272754566,0.5450359930151615,0.9,0.34391644896410933,0.33588496438513915,0.014285714285714285,0.9,0.34391644896410933,0.33588496438513915,0.014285714285714285,0.03142857142857143,0.03142857142857143,0.0,0.008571428571428572,0.0,0.0,0.027626400254593446,0.13196634914903713,11.794285714285714,0.0,0.0,0.15,0.08,7,0.04331422222045398,0.0,0.2729055136964467,0.0,0.0,0.9090909090909091,0.0,0.8,0.0,0.8,0.0,0.08,0.03142857142857143,0.25,0.25
10,0.4488397885905025,0.511542156321436,0.4488397885905025,0.511542156321436,0.26107685272754566,0.5476183403764028,0.9028571428571428,0.3450593061069665,0.3368278215279963,0.02,0.9028571428571428,0.3450593061069665,0.3368278215279963,0.02,0.03428571428571429,0.03428571428571429,0.0,0.017142857142857144,0.0,0.0,0.027626400254593446,0.13196634914903713,11.794285714285714,0.0,0.0,0.15,0.08,6,0.048240508252208845,0.0,0.3017331177082321,0.0,0.0,1.0,0.0,0.8,0.0,0.8,0.0,0.08,0.03428571428571429,0.25,0.25
11,0.4582219807860419,0.5120292750036848,0.4582219807860419,0.5120292750036848,0.26107685272754566,0.5495098620609847,0.9142857142857143,0.34637359182125216,0.33782323391601204,0.025714285714285714,0.9142857142857143,0.34637359182125216,0.33782323391601204,0.025714285714285714,0.04,0.04,0.0,0.002857142857142857,0.0,0.0,0.027626400254593446,0.13196634914903713,11.794285714285714,0.0,0.0,0.15,0.08,6,0.05382995189727306,0.0,0.33569845535406745,0.0,0.0,1.0,0.0,0.8,0.0,0.8,0.0,0.08,0.04,0.25,0.25
12,0.4678906749542167,0.5116910561511105,0.4678906749542167,0.5116910561511105,0.26107685272754566,0.5510248538859598,0.9285714285714286,0.34723073467839505,0.33846609105886916,0.025714285714285714,0.9285714285714286,0.34723073467839505,0.33846609105886916,0.025714285714285714,0.022857142857142857,0.022857142857142857,0.0,0.017142857142857144,0.0,0.0,0.027626400254593446,0.13196634914903713,11.794285714285714,0.0,0.0,0.15,0.08,6,0.05698937356635813,0.0,0.351841629104129,0.0,0.0,1.0,0.0,0.8,0.0,0.8,0.0,0.08,0.022857142857142857,0.25,0.25
13,0.47614554038262447,0.5130217254685452,0.47614554038262447,0.5130217254685452,0.26107685272754566,0.5524323371786831,0.8885714285714286,0.3490021632498236,0.33979466248744056,0.03142857142857143,0.8885714285714286,0.3490021632498236,0.33979466248744056,0.03142857142857143,0.045714285714285714,0.045714285714285714,0.0,0.017142857142857144,0.0,0.0,0.027626400254593446,0.13196634914903713,11.794285714285714,0.0,0.0,0.15,0.08,6,0.0635615695556692,0.0,0.3905190822363321,0.0,0.0,1.0,0.0,0.8,0.0,0.8,0.0,0.08,0.045714285714285714,0.25,0.25
14,0.4860654902995527,0.5135123824184219,0.4860654902995527,0.5135123824184219,0.26107685272754566,0.5532315489774107,0.9114285714285715,0.3507834754242256,0.34125180534458344,0.03142857142857143,0.9114285714285715,0.3507834754242256,0.34125180534458344,0.03142857142857143,0.054285714285714284,0.05714285714285714,0.0,0.011428571428571429,0.0,0.0,0.027626400254593446,0.13196634914903713,11.794285714285714,0.0,0.0,0.15,0.08,4,0.07078137991274693,0.0,0.4398515577344626,0.0,0.0,1.0,0.0,0.8,0.0,0.8,0.0,0.08,0.054285714285714284,0.25,0.25
15,0.4938545910127032,0.5141395050145355,0.4938545910127032,0.5141395050145355,0.26107685272754566,0.553856696693104,0.8971428571428571,0.3525856833967335,0.342623233916012,0.03142857142857143,0.8971428571428571,0.3525856833967335,0.342623233916012,0.03142857142857143,0.05142857142857143,0.054285714285714284,0.0,0.02,0.0,0.0,0.027626400254593446,0.13196634914903713,11.794285714285714,0.0,0.0,0.15,0.08,4,0.07762203716769735,0.0,0.4853402408654876,0.0,0.0,0.9473684210526315,0.0,0.8,0.0,0.8,0.0,0.08,0.05142857142857143,0.25,0.25
16,0.5038329519087859,0.5144761651143293,0.5038329519087859,0.5144761651143293,0.26107685272754566,0.5542911062717524,0.92,0.3538920005182401,0.3440027036811384,0.037142857142857144,0.92,0.3538920005182401,0.3440027036811384,0.037142857142857144,0.05142857142857143,0.05142857142857143,0.0,0.025714285714285714,0.0,0.0,0.027626400254593446,0.13196634914903713,11.794285714285714,0.0,0.0,0.15,0.08,4,0.08249092698185885,0.0,0.5270620074767493,0.0,0.0,0.9444444444444444,0.0,0.8,0.0,0.8,0.0,0.08,0.05142857142857143,0.25,0.25
17,0.5125631080660712,0.514897211513436,0.5125631080660712,0.514897211513436,0.26107685272754566,0.5547496017786772,0.9171428571428571,0.3552864312087473,0.3453694070031895,0.04,0.9171428571428571,0.3552864312087473,0.3453694070031895,0.04,0.04857142857142857,0.054285714285714284,0.0,0.022857142857142857,0.0,0.0,0.027626400254593446,0.13196634914903713,11.794285714285714,0.0,0.0,0.15,0.08,4,0.08931696011698903,0.13872004384023753,0.5708064816129286,0.7298896209067274,0.0,0.8947368421052632,0.0,0.8,0.0,0.8,0.0,0.08,0.04857142857142857,0.25,0.25
18,0.5204155701510091,0.5164899586105735,0.5204155701510091,0.5164899586105735,0.26107685272754566,0.5554954371219478,0.9142857142857143,0.3559150026373188,0.34601203706142475,0.04,0.9142857142857143,0.3559150026373188,0.34601203706142475,0.04,0.037142857142857144,0.037142857142857144,0.0,0.02857142857142857,0.0,0.0,0.027626400254593446,0.13196634914903713,11.794285714285714,0.0,0.0,0.15,0.08,3,0.09195478762958621,0.13802644362103636,0.5965332091235271,0.7152918284885929,0.0,1.0,0.0,0.8,0.0,0.8,0.0,0.08,0.037142857142857144,0.25,0.25
19,0.5289457700451684,0.5170709342421803,0.5289457700451684,0.5170709342421803,0.26107685272754566,0.5562416320387833,0.9057142857142857,0.3566007169230331,0.3471263227757105,0.04,0.9057142857142857,0.3566007169230331,0.3471263227757105,0.04,0.05142857142857143,0.05142857142857143,0.0,0.054285714285714284,0.0,0.0,0.027626400254593446,0.13196634914903713,11.794285714285714,0.0,0.0,0.15,0.08,3,0.09466601440572397,0.13733631140293118,0.636031116369628,0.7009859919188209,0.0,1.0,0.0,0.8,0.0,0.8,0.0,0.08,0.05142857142857143,0.25,0.25
20,0.5375449461583187,0.5177244460259148,0.5375449461583187,0.5177244460259148,0.26107685272754566,0.5569026530347997,0.9028571428571428,0.35802788473664965,0.3481918377060002,0.04,0.9028571428571428,0.35802788473664965,0.3481918377060002,0.04,0.07142857142857142,0.07142857142857142,0.0,0.054285714285714284,0.0,0.0,0.027626400254593446,0.13196634914903713,11.794285714285714,0.0,0.0,0.15,0.08,3,0.10142584379431704,0.1400463848182813,0.6947390654708068,0.7583508824023922,0.0,0.88,0.0,0.8,0.0,0.8,0.0,0.08,0.07142857142857142,0.25,0.25
21,0.5466117545878509,0.5178010144989386,0.5466117545878509,0.5178010144989386,0.26107685272754566,0.5574008727795985,0.9171428571428571,0.3585226703723389,0.34879183770600014,0.04285714285714286,0.9171428571428571,0.3585226703723389,0.34879183770600014,0.04285714285714286,0.037142857142857144,0.037142857142857144,0.0,0.045714285714285714,0.0,0.0,0.027626400254593446,0.13196634914903713,11.794285714285714,0.0,0.0,0.15,0.08,1,0.10319695566490913,0.1393461528941899,0.7179871413042478,0.7431838647543443,0.0,1.0,0.0,0.8,0.0,0.8,0.0,0.08,0.037142857142857144,0.25,0.25
22,0.5549186414662519,0.5190267534812564,0.5549186414662519,0.5190267534812564,0.26107685272754566,0.5570727055882257,0.9285714285714286,0.3593226703723389,0.34964898056314303,0.04285714285714286,0.9285714285714286,0.3593226703723389,0.34964898056314303,0.04285714285714286,0.04285714285714286,0.04285714285714286,0.0,0.05714285714285714,0.0,0.0,0.027626400254593446,0.13196634914903713,11.794285714285714,0.0,0.0,0.15,0.08,1,0.10582368517229886,0.13864942212971895,0.7464845413353058,0.7283201874592574,0.0,1.0,0.0,0.8,0.0,0.8,0.0,0.08,0.04285714285714286,0.25,0.25
23,0.5653696319055956,0.5196660339515209,0.5653696319055956,0.5196660339515209,0.26107685272754566,0.556847476867017,0.9285714285714286,0.3603443073957535,0.35067755199171446,0.045714285714285714,0.9285714285714286,0.3603443073957535,0.35067755199171446,0.045714285714285714,0.054285714285714284,0.054285714285714284,0.0,0.03428571428571429,0.0,0.0,0.027626400254593446,0.13196634914903713,11.794285714285714,0.0,0.0,0.15,0.08,1,0.10850538696824352,0.1398345179123107,0.7858405647943137,0.7536419414749017,0.0,0.9473684210526315,0.0,0.8,0.0,0.8,0.0,0.08,0.054285714285714284,0.25,0.25
24,0.5747881500670627,0.5204874691064689,0.5747881500670627,0.5204874691064689,0.26107685272754566,0.5565433039513648,0.9142857142857143,0.3610300216814678,0.3513204091345716,0.045714285714285714,0.9142857142857143,0.3610300216814678,0.3513204091345716,0.045714285714285714,0.03142857142857143,0.03428571428571429,0.0,0.06,0.0,0.0,0.027626400254593446,0.13196634914903713,11.794285714285714,0.0,0.0,0.15,0.08,1,0.11076200431911656,0.13913534532274913,0.8044094677841419,0.7385691026454037,0.0,1.0,0.0,0.8,0.0,0.8,0.0,0.08,0.03142857142857143,0.25,0.25
25,0.5849029578776913,0.5203217916553083,0.5849029578776913,0.5203217916553083,0.26107685272754566,0.5563169703259633,0.9085714285714286,0.36154430739575355,0.35187755199171444,0.04857142857142857,0.9085714285714286,0.36154430739575355,0.35187755199171444,0.04857142857142857,0.037142857142857144,0.037142857142857144,0.0,0.05714285714285714,0.0,0.0,0.027626400254593446,0.13196634914903713,11.794285714285714,0.0,0.0,0.15,0.08,1,0.11266419715109242,0.13886235369350852,0.8254641355713161,0.7331252292220028,0.0,1.0,0.0,0.8,0.0,0.8,0.0,0.08,0.037142857142857144,0.25,0.25
26,0.5948824137164183,0.5205877143146446,0.5948824137164183,0.5205877143146446,0.26107685272754566,0.5561996296227438,0.8771428571428571,0.36330259753070016,0.35316903018304213,0.04857142857142857,0.8771428571428571,0.36330259753070016,0.35316903018304213,0.04857142857142857,0.05714285714285714,0.06857142857142857,0.0,0.06285714285714286,0.0,0.0,0.027626400254593446,0.13196634914903713,11.794285714285714,0.0,0.0,0.15,0.08,0,0.11808102448349031,0.14202452023180137,0.8775262814313184,0.8023654963635712,0.0,0.9583333333333334,0.0,0.8,0.0,0.8,0.0,0.08,0.05714285714285714,0.25,0.25
27,0.6035319685082596,0.5211915935623448,0.6035319685082596,0.5211915935623448,0.26107685272754566,0.5558846762736562,0.8857142857142857,0.36454013174582994,0.354932302659727,0.05714285714285714,0.8857142857142857,0.36454013174582994,0.354932302659727,0.05714285714285714,0.07428571428571429,0.08285714285714285,0.0,0.07714285714285714,0.0,0.0,0.027626400254593446,0.13196634914903713,11.794285714285714,0.0,0.0,0.15,0.08,0,0.12247074358051888,0.14131439763064235,0.942832898659835,0.7863181864362998,0.0,1.0,0.0,0.8,0.0,0.8,0.0,0.08,0.07428571428571429,0.25,0.25
28,0.6135511672151245,0.5214069555834017,0.6135511672151245,0.5214069555834017,0.26107685272754566,0.5554793419267602,0.9114285714285715,0.3649800427867463,0.3556608740882984,0.05714285714285714,0.9114285714285715,0.3649800427867463,0.3556608740882984,0.05714285714285714,0.04285714285714286,0.045714285714285714,0.0,0.08285714285714285,0.0,0.0,0.027626400254593446,0.13196634914903713,11.794285714285714,0.0,0.0,0.15,0.08,0,0.12418865977093292,0.14060782564248914,0.9696905264009238,0.7705918227075738,0.0,1.0,0.0,0.8,0.0,0.8,0.0,0.08,0.04285714285714286,0.25,0.25
29,0.6216862178987204,0.5214041987301572,0.6216862178987204,0.5214041987301572,0.26107685272754566,0.5551216288053792,0.8942857142857142,0.36519140766447206,0.356132302659727,0.05714285714285714,0.8942857142857142,0.36519140766447206,0.356132302659727,0.05714285714285714,0.04285714285714286,0.04285714285714286,0.0,0.08571428571428572,0.0,0.0,0.027626400254593446,0.13196634914903713,11.794285714285714,0.0,0.0,0.15,0.08,0,0.12528114575779253,0.14060782564248914,0.9931538587300482,0.7705918227075738,0.0,0.9333333333333333,0.0,0.8,0.0,0.8,0.0,0.08,0.04285714285714286,0.25,0.25
30,0.6302732087963197,0.52161609871527,0.6302732087963197,0.52161609871527,0.26107685272754566,0.5548406675717737,0.9285714285714286,0.36536283623590066,0.3566465883740127,0.05714285714285714,0.9285714285714286,0.36536283623590066,0.3566465883740127,0.05714285714285714,0.06285714285714286,0.06285714285714286,0.0,0.12285714285714286,0.0,0.0,0.027626400254593446,0.13196634914903713,11.794285714285714,0.0,0.0,0.15,0.08,0,0.12639659860043212,0.13990478651427668,1.03614792441259,0.7551799862534223,0.0,1.0,0.0,0.8,0.0,0.8,0.0,0.08,0.06285714285714286,0.25,0.25
31,0.6402369648988183,0.5211469630723226,0.6402369648988183,0.5211469630723226,0.26107685272754566,0.5544154622533063,0.9257142857142857,0.36628389624010976,0.3579490331736125,0.05714285714285714,0.9257142857142857,0.36628389624010976,0.3579490331736125,0.05714285714285714,0.06857142857142857,0.07714285714285714,0.0,0.1457142857142857,0.0,0.0,0.027626400254593446,0.13196634914903713,11.794285714285714,0.0,0.0,0.15,0.08,0,0.13007452124170357,0.1392052625817053,1.0925678230671954,0.7400763865283538,0.0,1.0,0.0,0.8,0.0,0.8,0.0,0.08,0.06857142857142857,0.25,0.25
32,0.6489569045413759,0.5207404200188204,0.6489569045413759,0.5207404200188204,0.26107685272754566,0.5538337269404449,0.92,0.3665222424055681,0.3590204617450411,0.05714285714285714,0.92,0.3665222424055681,0.3590204617450411,0.05714285714285714,0.07428571428571429,0.08,0.0,0.16,0.0,0.0,0.027626400254593446,0.13196634914903713,11.794285714285714,0.0,0.0,0.15,0.08,0,0.13089772574744565,0.13850923626879677,1.1507164666058514,0.7252748587977867,0.0,1.0,0.0,0.8,0.0,0.8,0.0,0.08,0.07428571428571429,0.25,0.25
33,0.6594073507372827,0.520536862333965,0.6594073507372827,0.520536862333965,0.26107685272754566,0.553312774461526,0.92,0.3671508138341395,0.35992046174504116,0.06,0.92,0.3671508138341395,0.35992046174504116,0.06,0.06571428571428571,0.07142857142857142,0.0,0.15714285714285714,0.0,0.0,0.027626400254593446,0.13196634914903713,11.794285714285714,0.0,0.0,0.15,0.08,0,0.1332990978294227,0.14053720393197056,1.1991307087023058,0.7690223892601038,0.0,0.88,0.0,0.8,0.0,0.8,0.0,0.08,0.06571428571428571,0.25,0.25
34,0.6696728715812069,0.5209663003168251,0.6696728715812069,0.5209663003168251,0.26107685272754566,0.5527026557741888,0.9085714285714286,0.36755081383413946,0.3607347474593269,0.06,0.9085714285714286,0.36755081383413946,0.3607347474593269,0.06,0.07142857142857142,0.07428571428571429,0.0,0.16285714285714287,0.0,0.0,0.027626400254593446,0.13196634914903713,11.794285714285714,0.0,0.0,0.15,0.08,0,0.13486017448313276,0.1398345179123107,1.2494338088139743,0.7536419414749017,0.0,1.0,0.0,0.8,0.0,0.8,0.0,0.08,0.07142857142857142,0.25,0.25
35,0.6764652891427999,0.521567437631813,0.6764652891427999,0.521567437631813,0.26107685272754566,0.5521206790682093,0.9285714285714286,0.3678936709769966,0.3611633188878983,0.06,0.9285714285714286,0.3678936709769966,0.3611633188878983,0.06,0.045714285714285714,0.05142857142857143,0.0,0.16857142857142857,0.0,0.0,0.027626400254593446,0.13196634914903713,11.794285714285714,0.0,0.0,0.15,0.08,0,0.13592702359287778,0.13913534532274913,1.275873704066266,0.7385691026454037,0.0,1.0,0.0,0.8,0.0,0.8,0.0,0.08,0.045714285714285714,0.25,0.25
36,0.6853662686768728,0.5229296998730368,0.6853662686768728,0.5229296998730368,0.26107685272754566,0.5516670882707406,0.9085714285714286,0.3678936709769966,0.36163474745932683,0.06,0.9085714285714286,0.3678936709769966,0.36163474745932683,0.06,0.04,0.04285714285714286,0.0,0.18857142857142858,0.0,0.0,0.027626400254593446,0.13196634914903713,11.794285714285714,0.0,0.0,0.15,0.08,0,0.13581682132848483,0.13843966859613538,1.2932133728420836,0.7237977205924956,0.0,1.0,0.0,0.8,0.0,0.8,0.0,0.08,0.04,0.25,0.25
37,0.6939817725698911,0.5245231941501867,0.6939817725698911,0.5245231941501867,0.26107685272754566,0.5513835292615444,0.8771428571428571,0.368609825431841,0.3628177642420674,0.06285714285714286,0.8771428571428571,0.368609825431841,0.3628177642420674,0.06285714285714286,0.08,0.08285714285714285,0.0,0.2,0.0,0.0,0.027626400254593446,0.13196634914903713,11.794285714285714,0.0,0.0,0.15,0.08,0,0.13870601038997465,0.13795617501907034,1.3502062482423847,0.7137537837100723,0.0,0.9655172413793104,0.0,0.8,0.0,0.8,0.0,0.08,0.08,0.25,0.25
38,0.7038681762953791,0.5247712133728394,0.7038681762953791,0.5247712133728394,0.26107685272754566,0.5510816715154807,0.8742857142857143,0.3688383968604125,0.3634088190135825,0.06285714285714286,0.8742857142857143,0.3688383968604125,0.3634088190135825,0.06285714285714286,0.07714285714285714,0.08857142857142856,0.0,0.22,0.0,0.0,0.027626400254593446,0.13196634914903713,11.794285714285714,0.0,0.0,0.15,0.08,0,0.13879638516127507,0.137266394143975,1.4117735518489654,0.6994787080358708,0.0,1.0,0.0,0.8,0.0,0.8,0.0,0.08,0.07714285714285714,0.25,0.25
39,0.712658567296165,0.5258211265787439,0.712658567296165,0.5258211265787439,0.26107685272754566,0.5509465512697516,0.8885714285714286,0.36923839686041243,0.3641139522335474,0.06285714285714286,0.8885714285714286,0.36923839686041243,0.3641139522335474,0.06285714285714286,0.06285714285714286,0.07142857142857142,0.0,0.25142857142857145,0.0,0.0,0.027626400254593446,0.13196634914903713,11.794285714285714,0.0,0.0,0.15,0.08,0,0.14021654609261155,0.13658006217325513,1.4549666522405575,0.6854891338751534,0.0,1.0,0.0,0.8,0.0,0.8,0.0,0.08,0.06285714285714286,0.25,0.25
40,0.7226314837332649,0.5255404137645845,0.7226314837332649,0.5255404137645845,0.26107685272754566,0.5506999636613001,0.8914285714285715,0.3695812540032696,0.36449217897239794,0.06285714285714286,0.8914285714285715,0.3695812540032696,0.36449217897239794,0.06285714285714286,0.05142857142857143,0.054285714285714284,0.0,0.2714285714285714,0.002857142857142857,0.0,0.027626400254593446,0.13196634914903713,11.794285714285714,0.0,0.0,0.15,0.08,0,0.14051332834430919,0.13795617501907034,1.4801530334814605,0.7137537837100723,0.0,0.9473684210526315,0.0,0.8,0.0,0.8,0.0,0.08,0.05142857142857143,0.25,0.25
41,0.730456416202194,0.5263441524284896,0.730456416202194,0.5263441524284896,0.26107685272754566,0.5503997113473524,0.9,0.3697526825746982,0.36479217897239796,0.06285714285714286,0.9,0.3697526825746982,0.36479217897239796,0.06285714285714286,0.05714285714285714,0.06571428571428571,0.0,0.30857142857142855,0.005714285714285714,0.0,0.027626400254593446,0.13196634914903713,11.794285714285714,0.0,0.0,0.15,0.08,1,0.1409514788454448,0.1393461528941899,1.516264258526117,0.7431838647543443,0.0,0.9565217391304348,0.0,0.8,0.0,0.8,0.0,0.08,0.05714285714285714,0.25,0.25
42,0.7360707772254536,0.5264961568933629,0.7360707772254536,0.5264961568933629,0.26107685272754566,0.5499649483999414,0.8942857142857142,0.3698474272130644,0.3650493218295408,0.06285714285714286,0.8942857142857142,0.3698474272130644,0.3650493218295408,0.06285714285714286,0.08285714285714285,0.08857142857142856,0.0,0.3457142857142857,0.008571428571428572,0.0,0.027626400254593446,0.13196634914903713,11.794285714285714,0.0,0.0,0.15,0.08,1,0.14090258002264613,0.13864942212971895,1.5745104019270235,0.7283201874592574,0.0,1.0,0.0,0.8,0.0,0.8,0.0,0.08,0.08285714285714285,0.25,0.25
43,0.7448578863465061,0.5280988638617564,0.7448578863465061,0.5280988638617564,0.26107685272754566,0.5496874556310883,0.8885714285714286,0.3701902843559216,0.3654778932581122,0.06285714285714286,0.8885714285714286,0.3701902843559216,0.3654778932581122,0.06285714285714286,0.06285714285714286,0.06857142857142857,0.0,0.35714285714285715,0.011428571428571429,0.0,0.027626400254593446,0.13196634914903713,11.794285714285714,0.0,0.0,0.15,0.08,1,0.14208292497967576,0.14011771807806625,1.6115916224599116,0.7599850280161676,0.0,0.9583333333333334,0.0,0.8,0.0,0.8,0.0,0.08,0.06285714285714286,0.25,0.25
44,0.7529429596515534,0.5281690970105072,0.7529429596515534,0.5281690970105072,0.26107685272754566,0.5493103183861255,0.8828571428571429,0.3703045700702072,0.36565075706525535,0.06285714285714286,0.8828571428571429,0.3703045700702072,0.36565075706525535,0.06285714285714286,0.07428571428571429,0.07714285714285714,0.0,0.42857142857142855,0.011428571428571429,0.0,0.027626400254593446,0.13196634914903713,11.794285714285714,0.0,0.0,0.15,0.08,1,0.14237137035120595,0.13941712948767593,1.6565026471535702,0.7447853274558442,0.0,1.0,0.0,0.8,0.0,0.8,0.0,0.08,0.07428571428571429,0.25,0.25
45,0.7604273280606165,0.5280580383924095,0.7604273280606165,0.5280580383924095,0.26107685272754566,0.5490175277045913,0.8542857142857143,0.37053314149877875,0.3661650427795411,0.06285714285714286,0.8542857142857143,0.37053314149877875,0.3661650427795411,0.06285714285714286,0.06857142857142857,0.08571428571428572,0.0,0.46,0.011428571428571429,0.0,0.027626400254593446,0.13196634914903713,11.794285714285714,0.0,0.0,0.15,0.08,1,0.14320137135659278,0.13872004384023753,1.7090868799247847,0.7298896209067274,0.0,1.0,0.0,0.8,0.0,0.8,0.0,0.08,0.06857142857142857,0.25,0.25
46,0.7677683870413926,0.5282442500484816,0.7677683870413926,0.5282442500484816,0.26107685272754566,0.5486304423974072,0.8142857142857143,0.3707617129273501,0.3664578548539358,0.06285714285714286,0.8142857142857143,0.3707617129273501,0.3664578548539358,0.06285714285714286,0.08,0.08571428571428572,0.0,0.49714285714285716,0.017142857142857144,0.0,0.027626400254593446,0.13196634914903713,11.794285714285714,0.0,0.0,0.15,0.08,1,0.14385579592480982,0.13802644362103636,1.7606194280405745,0.7152918284885929,0.0,1.0,0.0,0.8,0.0,0.8,0.0,0.08,0.08,0.25,0.25
47,0.7745430569206548,0.5286086953590724,0.7745430569206548,0.5286086953590724,0.26107685272754566,0.5483040312181856,0.86,0.371218855784493,0.366660580526979,0.06571428571428571,0.86,0.371218855784493,0.366660580526979,0.06571428571428571,0.1,0.11428571428571428,0.0,0.5257142857142857,0.011428571428571429,0.0,0.027626400254593446,0.13196634914903713,11.794285714285714,0.0,0.0,0.15,0.08,2,0.14550694623090005,0.13733631140293118,1.8396927537654775,0.7009859919188209,0.0,1.0,0.0,0.8,0.0,0.8,0.0,0.08,0.1,0.25,0.25
48,0.7814864040032753,0.5294002370760643,0.7814864040032753,0.5294002370760643,0.26107685272754566,0.5476099083555389,0.8542857142857143,0.3717331414987787,0.36694041549805945,0.06571428571428571,0.8542857142857143,0.3717331414987787,0.36694041549805945,0.06571428571428571,0.1,0.11428571428571428,0.0,0.5857142857142857,0.017142857142857144,0.0,0.027626400254593446,0.13196634914903713,11.794285714285714,0.0,0.0,0.15,0.08,2,0.1476639843568884,0.13913534532274913,1.9171846129758823,0.7385691026454037,0.0,0.95,0.0,0.8,0.0,0.8,0.0,0.08,0.1,0.25,0.25
49,0.7883370592037529,0.5295678992400383,0.7883370592037529,0.5295678992400383,0.26107685272754566,0.5470493742123418,0.8571428571428571,0.37222568476072526,0.3671547012123451,0.06857142857142857,0.8571428571428571,0.37222568476072526,0.3671547012123451,0.06857142857142857,0.09714285714285714,0.11142857142857143,0.0,0.6342857142857142,0.014285714285714285,0.0,0.027626400254593446,0.13196634914903713,11.794285714285714,0.0,0.0,0.15,0.08,1,0.1494032264012039,0.13843966859613538,1.990269492144936,0.7237977205924956,0.0,1.0,0.0,0.8,0.0,0.8,0.0,0.08,0.09714285714285714,0.25,0.25
50,0.7934657496284356,0.5308535387777239,0.7934657496284356,0.5308535387777239,0.26107685272754566,0.5462530510594272,0.8771428571428571,0.3725685419035824,0.3673261297837737,0.06857142857142857,0.8771428571428571,0.3725685419035824,0.3673261297837737,0.06857142857142857,0.08857142857142856,0.11142857142857143,0.0,0.6685714285714286,0.022857142857142857,0.0,0.027626400254593446,0.13196634914903713,11.794285714285714,0.0,0.0,0.15,0.08,1,0.1502460145964749,0.1377474702531547,2.0618926737306085,0.7093217661806457,0.0,1.0,0.0,0.8,0.0,0.8,0.0,0.08,0.08857142857142856,0.25,0.25
51,0.7988067190722647,0.5314874628031923,0.7988067190722647,0.5314874628031923,0.26107685272754566,0.5455120080007517,0.8485714285714285,0.37313997047501096,0.36775470121234516,0.06857142857142857,0.8485714285714285,0.37313997047501096,0.36775470121234516,0.06857142857142857,0.08,0.1,0.0,0.7171428571428572,0.022857142857142857,0.0,0.027626400254593446,0.13196634914903713,11.794285714285714,0.0,0.0,0.15,0.08,1,0.1513232130949211,0.13733631140293118,2.1206548202559965,0.7009859919188209,0.0,0.9714285714285714,0.0,0.8,0.0,0.8,0.0,0.08,0.08,0.25,0.25
52,0.8079097942374522,0.5310885626004725,0.8060825174745878,0.5316120807621315,0.26107685272754566,0.5450253651496096,0.8390804597701149,0.3753071749449975,0.3678730324950704,0.06896551724137931,0.8342857142857143,0.37355604769107736,0.3680547012123451,0.06857142857142857,0.08620689655172414,0.09714285714285714,0.005714285714285714,0.74,0.020114942528735632,0.005714285714285714,0.027670982843200152,0.1319663491490371,11.488505747126437,0.0,0.0,0.15,0.08045977011494253,1,0.1528515970294465,0.1393461528941899,2.1753845809937333,0.7414169468169182,0.0,0.9705882352941176,0.0,0.8,0.0,0.8,0.0,0.08,0.08857142857142856,0.25,0.25
53,0.8140746393880309,0.5320031757566966,0.8122121349385918,0.5324765214590712,0.26107685272754566,0.5442993096444809,0.8304597701149425,0.3753646462093653,0.3679161359433463,0.06896551724137931,0.8257142857142857,0.37361319054822023,0.3680975583552023,0.06857142857142857,0.06896551724137931,0.08571428571428572,0.005714285714285714,0.7942857142857143,0.02586206896551724,0.0,0.027764606425045062,0.1319663491490371,11.488505747126437,0.0,0.0,0.15,0.08045977011494253,1,0.15314362475858498,0.13864942212971895,2.2175911750881445,0.7265886078805798,0.0,1.0,0.0,0.8,0.0,0.8,0.0,0.08,0.06896551724137931,0.25,0.25
54,0.8187221487337809,0.5317527944410344,0.8168330870880803,0.5321968056851653,0.26107685272754566,0.5436207897884843,0.8390804597701149,0.3753646462093653,0.3679161359433463,0.06896551724137931,0.8342857142857143,0.37361319054822023,0.3680975583552023,0.06857142857142857,0.06609195402298851,0.08,0.005714285714285714,0.8342857142857143,0.031609195402298854,0.0,0.027764606425045062,0.1319663491490371,11.488505747126437,0.0,0.0,0.15,0.08045977011494253,1,0.15303390734907776,0.13795617501907034,2.2532393515863816,0.7120568357229682,0.0,1.0,0.0,0.8,0.0,0.8,0.0,0.08,0.06609195402298851,0.25,0.25
55,0.8241708209226632,0.5317886784122999,0.8222506240073119,0.5322493616654719,0.26107685272754566,0.5431138163942385,0.8103448275862069,0.37559453126683656,0.3682609635295532,0.06896551724137931,0.8057142857142857,0.3738417619767917,0.36844041549805945,0.06857142857142857,0.09195402298850575,0.09714285714285714,0.005714285714285714,0.8971428571428571,0.031609195402298854,0.0,0.027764606425045062,0.1319663491490371,11.488505747126437,0.0,0.0,0.15,0.08045977011494253,1,0.15383413962738593,0.137266394143975,2.305317421697511,0.6978156990085088,0.0,1.0,0.0,0.8,0.0,0.8,0.0,0.08,0.09195402298850575,0.25,0.25
56,0.8287989362161015,0.531749587721421,0.8268522929276446,0.5322070007623302,0.26107685272754566,0.5425232617318221,0.8247126436781609,0.37570947379557224,0.36842134805565124,0.06896551724137931,0.82,0.3739560476910773,0.3685998835411512,0.06857142857142857,0.06609195402298851,0.08285714285714285,0.005714285714285714,0.9742857142857143,0.034482758620689655,0.0,0.027764606425045062,0.1319663491490371,11.488505747126437,0.0,0.0,0.15,0.08045977011494253,1,0.1541215403578204,0.13850923626879677,2.342068216120704,0.7091299809711665,0.0,0.9655172413793104,0.0,0.8,0.0,0.8,0.0,0.08,0.06609195402298851,0.25,0.25
57,0.8331758659336578,0.5311518752421672,0.8313461901952142,0.5316573075431592,0.26107685272754566,0.5418792216702751,0.8645533141210374,0.3765166713676008,0.36879377465051916,0.069164265129683,0.8571428571428571,0.37407033340536305,0.3685998835411512,0.06857142857142857,0.09221902017291066,0.10857142857142857,0.008571428571428572,1.04,0.03170028818443804,0.002857142857142857,0.027797168270405907,0.1319663491490371,11.440922190201729,0.0,0.0,0.15,0.08069164265129683,1,0.15409264837031703,0.1378166900874528,2.4037982803697178,0.6949473813517432,0.0,1.0,0.0,0.8,0.0,0.8,0.0,0.08,0.09482758620689655,0.25,0.25
58,0.8411044133300996,0.5320727299383698,0.8392067786139723,0.5324670103002187,0.26107685272754566,0.5411078603701663,0.829971181556196,0.37674721891803303,0.36892345764763734,0.069164265129683,0.8228571428571428,0.37429890483393446,0.3687284549697227,0.06857142857142857,0.10951008645533142,0.12857142857142856,0.008571428571428572,1.0971428571428572,0.037463976945244955,0.0,0.027797168270405907,0.1319663491490371,11.440922190201729,0.0,0.0,0.15,0.08069164265129683,1,0.15449204939634045,0.13788625776011418,2.4842937433337524,0.6965539743893944,0.0,0.9777777777777777,0.0,0.8,0.0,0.8,0.0,0.08,0.10951008645533142,0.25,0.25
59,0.8469197314776852,0.5321961450355224,0.8449722511774357,0.5326509786674773,0.26107685272754566,0.5402613612821854,0.8501440922190202,0.3769777664684654,0.36918282364187366,0.069164265129683,0.8428571428571429,0.37452747626250593,0.3689855978268655,0.06857142857142857,0.08069164265129683,0.09714285714285714,0.008571428571428572,1.1628571428571428,0.037463976945244955,0.0,0.027797168270405907,0.1319663491490371,11.440922190201729,0.0,0.0,0.15,0.08069164265129683,1,0.15440402128864447,0.13719682647131362,2.531750725609934,0.6826228949016064,0.0,1.0,0.0,0.8,0.0,0.8,0.0,0.08,0.08069164265129683,0.25,0.25
60,0.8522828396615801,0.5320977329658073,0.8502893898626116,0.5325223621006135,0.26107685272754566,0.5395400014539039,0.7896253602305475,0.3771506771312896,0.3693989619704039,0.07204610951008646,0.7828571428571428,0.3746989048339345,0.3691998835411513,0.07142857142857142,0.09221902017291066,0.10571428571428572,0.008571428571428572,1.2314285714285715,0.043227665706051875,0.0,0.027797168270405907,0.1319663491490371,11.440922190201729,0.0,0.0,0.15,0.08069164265129683,1,0.15471700189648693,0.13651084233895705,2.5868299968120216,0.6689704370035743,0.0,1.0,0.0,0.8,0.0,0.8,0.0,0.08,0.09221902017291066,0.25,0.25
61,0.8586950283238043,0.5327313756482582,0.8555465465813981,0.5327634486893674,0.26107685272754566,0.5388340857684144,0.8173913043478261,0.37774559134235663,0.3701934828205521,0.07246376811594203,0.8057142857142857,0.3748640998408244,0.3692855978268655,0.07142857142857142,0.08115942028985507,0.09714285714285714,0.014285714285714285,1.2885714285714285,0.04057971014492753,0.005714285714285714,0.027840610835762964,0.1319663491490371,11.333333333333334,0.0,0.0,0.15,0.08115942028985507,1,0.15462798974414738,0.13582828812726225,2.632236254018638,0.6555910282635028,0.0,1.0,0.0,0.8,0.0,0.8,0.0,0.08,0.08357348703170028,0.25,0.25
62,0.8646408802610829,0.5328945148913753,0.8614074577767153,0.5329353265299547,0.26107685272754566,0.5380688163456708,0.7797101449275362,0.37786153337134215,0.37028043934229127,0.07246376811594203,0.7685714285714286,0.37497838555511015,0.3693713121125799,0.07142857142857142,0.08405797101449275,0.09714285714285714,0.014285714285714285,1.3514285714285714,0.04057971014492753,0.0,0.027865089775078292,0.1319663491490371,11.333333333333334,0.0,0.0,0.15,0.08115942028985507,1,0.1548827076525695,0.13514914668662595,2.6767343860811224,0.6424792076982327,0.0,1.0,0.0,0.8,0.0,0.8,0.0,0.08,0.08405797101449275,0.25,0.25
63,0.8687784578139535,0.5328159784536399,0.865604021850919,0.5328912846484342,0.26107685272754566,0.5373230699296647,0.8313953488372093,0.37904853786738074,0.37071804198649067,0.07267441860465117,0.8171428571428572,0.37532124269796735,0.36971416925543704,0.07142857142857142,0.10174418604651163,0.11428571428571428,0.017142857142857144,1.3971428571428572,0.0377906976744186,0.002857142857142857,0.02788847961862769,0.1319663491490371,11.220930232558139,0.0,0.0,0.15,0.08139534883720931,1,0.15662086768573522,0.13603594936934832,2.737485412645214,0.6438144236417432,0.0,0.975,0.0,0.8,0.0,0.8,0.0,0.08,0.10144927536231885,0.25,0.25
64,0.8737218483186078,0.5330542498105966,0.8704626685183504,0.5330996738062178,0.26107685272754566,0.5366471368468809,0.8168604651162791,0.3791648169371481,0.37089246059114184,0.07267441860465117,0.8028571428571428,0.37543552841225303,0.36988559782686553,0.07142857142857142,0.06395348837209303,0.07142857142857142,0.017142857142857144,1.4485714285714286,0.0377906976744186,0.0,0.02792709898054017,0.1319663491490371,11.220930232558139,0.0,0.0,0.15,0.08139534883720931,1,0.15683690691873511,0.13864942212971895,2.7541642758208815,0.6561333595083224,0.0,0.96,0.0,0.8,0.0,0.8,0.0,0.08,0.06395348837209303,0.25,0.25
65,0.87803583554352,0.5329705560237069,0.8747027016765503,0.532941391398223,0.26107685272754566,0.5360994600374522,0.8459302325581395,0.3795717936813342,0.37119769314928136,0.07267441860465117,0.8314285714285714,0.37583552841225304,0.37018559782686555,0.07142857142857142,0.10174418604651163,0.12571428571428572,0.017142857142857144,1.5171428571428571,0.0377906976744186,0.0,0.02792709898054017,0.1319663491490371,11.220930232558139,0.0,0.0,0.15,0.08139534883720931,1,0.1585371516698557,0.14352790278041283,2.824795276018749,0.7551799862534223,0.0,0.9318181818181818,0.0,0.8,0.0,0.8,0.0,0.08,0.10174418604651163,0.25,0.25
66,0.8821555622571818,0.5328442062802673,0.8789779774945867,0.5330544145530957,0.26107685272754566,0.5357045508644196,0.8221574344023324,0.3795285679484164,0.3720583448894918,0.0728862973760933,0.8057142857142857,0.37589267126939585,0.3702284549697227,0.07142857142857142,0.09329446064139942,0.11428571428571428,0.02,1.5657142857142856,0.04081632653061224,0.002857142857142857,0.027981371827400233,0.13196634914903713,11.119533527696793,0.0,0.0,0.15,0.08163265306122448,1,0.15882946662579214,0.14446968400768406,2.8825850847840884,0.7599850280161676,0.0,0.975,0.0,0.8,0.0,0.8,0.0,0.08,0.09593023255813954,0.25,0.25
67,0.8875495062633797,0.5336350497405802,0.8842640426206604,0.5337838005193163,0.26107685272754566,0.5353400930909299,0.8104956268221575,0.37999504025162345,0.3724081991168971,0.0728862973760933,0.7942857142857143,0.3763498141265388,0.3705713121125798,0.07142857142857142,0.09912536443148688,0.11428571428571428,0.02,1.5914285714285714,0.04081632653061224,0.0,0.027987425926094187,0.13196634914903713,11.119533527696793,0.0,0.0,0.15,0.07871720116618076,0,0.1604627507176632,0.14850375,2.939219097374121,0.9431128000000003,0.0,0.9,0.0,0.8,0.0,0.8,0.0,0.08,0.09912536443148688,0.25,0.25
68,0.8909871449896885,0.533167545752528,0.887632928572443,0.5333222335883809,0.26107685272754566,0.5350074656007996,0.8250728862973761,0.37999504025162345,0.3724081991168971,0.0728862973760933,0.8085714285714286,0.3763498141265388,0.3705713121125798,0.07142857142857142,0.10204081632653061,0.12285714285714286,0.02,1.6542857142857144,0.04664723032069971,0.0,0.027987425926094187,0.13196634914903713,11.119533527696793,0.0,0.0,0.15,0.07871720116618076,0,0.1603454376783606,0.14776123124999999,3.003291858283781,0.9242505440000003,0.0,1.0,0.0,0.8,0.0,0.8,0.0,0.08,0.10204081632653061,0.25,0.25
69,0.8936004288657919,0.5334526362342412,0.8898672255274749,0.5336564210419681,0.26107685272754566,0.5345745163370251,0.8621700879765396,0.3793206597311953,0.3723415279914453,0.07331378299120235,0.84,0.3763498141265388,0.3706570263982941,0.07142857142857142,0.0967741935483871,0.10857142857142857,0.025714285714285714,1.7142857142857142,0.04105571847507331,0.005714285714285714,0.028079592272085438,0.1319663491490371,10.973607038123166,0.0,0.0,0.15,0.07917888563049853,0,0.1602848604721295,0.14702242509375,3.051797449689534,0.9057655331200002,0.0,1.0,0.0,0.8,0.0,0.8,0.0,0.08,0.10204081632653061,0.25,0.25
70,0.8976022583425253,0.5328028823216061,0.89363521776027,0.5333339790890487,0.26107685272754566,0.5341788967676183,0.8352941176470589,0.38013371858170003,0.3728242057475353,0.07352941176470588,0.8114285714285714,0.3764640998408244,0.3708076686214596,0.07142857142857142,0.09411764705882353,0.10571428571428572,0.02857142857142857,1.7742857142857142,0.03823529411764706,0.002857142857142857,0.028113500235056748,0.1319663491490371,10.794117647058824,0.0,0.0,0.15,0.07941176470588235,0,0.1605684368840546,0.14636082418082813,3.096475786410029,0.9039207967999998,0.0,0.972972972972973,0.0,0.8,0.0,0.8,0.0,0.08,0.0967741935483871,0.25,0.25
71,0.9005894282556747,0.5320845186958972,0.8965370399616147,0.5326627957146012,0.26107685272754566,0.5339843039925116,0.8411764705882353,0.38048665975817064,0.3730889116298882,0.07352941176470588,0.8171428571428572,0.37680695698368155,0.3710648114786025,0.07142857142857142,0.1,0.11142857142857143,0.02857142857142857,1.82,0.041176470588235294,0.0,0.028168759129780153,0.1319663491490371,10.794117647058824,0.0,0.0,0.15,0.07941176470588235,0,0.16162245184249144,0.14636082418082813,3.1459748421103995,0.8858423808639998,0.0,0.9743589743589743,0.0,0.8,0.0,0.8,0.0,0.08,0.1,0.25,0.25
72,0.9039877007433965,0.5324185340708053,0.8997656636769013,0.533225693409,0.26107685272754566,0.5337989533926925,0.8200589970501475,0.38091325954830957,0.3734543598885176,0.07374631268436578,0.7942857142857143,0.37680695698368155,0.3710648114786025,0.07142857142857142,0.09734513274336283,0.13142857142857142,0.03142857142857143,1.8885714285714286,0.04129793510324484,0.002857142857142857,0.02820891705082369,0.1319663491490371,10.63716814159292,0.0,0.0,0.15,0.07964601769911504,0,0.16169791529399327,0.14562902005992398,3.214483916696763,0.8681255332467198,0.0,1.0,0.0,0.8,0.0,0.8,0.0,0.08,0.1,0.25,0.25
73,0.9084127224812476,0.5331970623481417,0.9040516133029912,0.5340747912710623,0.26107685272754566,0.5335978728798232,0.8377581120943953,0.3810902506987521,0.3735871032513494,0.07374631268436578,0.8114285714285714,0.37697838555511015,0.37119338290717385,0.07142857142857142,0.09144542772861357,0.10571428571428572,0.03142857142857143,1.9342857142857144,0.04129793510324484,0.0,0.028240636188368612,0.1319663491490371,10.63716814159292,0.0,0.0,0.15,0.07964601769911504,0,0.162374711431809,0.14555587640343984,3.255908524077114,0.8698972180084482,0.0,0.9459459459459459,0.0,0.8,0.0,0.8,0.0,0.08,0.09144542772861357,0.25,0.25
74,0.9111393248392723,0.534255204792047,0.9066925224440495,0.5350672263706214,0.26107685272754566,0.5335114012238078,0.8053097345132744,0.381208244799047,0.3736755988265707,0.07374631268436578,0.78,0.37709267126939594,0.37127909719288815,0.07142857142857142,0.10619469026548672,0.12285714285714286,0.03142857142857143,1.9885714285714287,0.04129793510324484,0.0,0.028240636188368612,0.1319663491490371,10.63716814159292,0.0,0.0,0.15,0.07964601769911504,0,0.1625341235889357,0.1450475298286554,3.3136474964527145,0.8681255332467198,0.0,0.9767441860465116,0.0,0.8,0.0,0.8,0.0,0.08,0.10619469026548672,0.25,0.25
75,0.9154678436676613,0.5338914883457276,0.9096799076876703,0.5347217954333428,0.26107685272754566,0.5334222241952523,0.8284023668639053,0.3819301753425514,0.3737612912625635,0.07396449704142012,0.8,0.3773212426979673,0.37145052576431675,0.07142857142857142,0.1242603550295858,0.15428571428571428,0.03428571428571429,2.057142857142857,0.038461538461538464,0.002857142857142857,0.028296511584253534,0.1319663491490371,10.49112426035503,0.0,0.0,0.15,0.07988165680473373,0,0.16391945582813386,0.14717055758437503,3.401660260809374,0.856078800003608,0.0,0.9629629629629629,0.0,0.8,0.0,0.8,0.0,0.08,0.12684365781710916,0.25,0.25
76,0.9191715675226863,0.5330554050916143,0.9132566467248087,0.5339967185326353,0.26107685272754566,0.5333244941156852,0.8195266272189349,0.3822852049283502,0.3740275634519126,0.07692307692307693,0.7914285714285715,0.37766409984082444,0.3717076686214596,0.07428571428571429,0.1242603550295858,0.14,0.03428571428571429,2.12,0.038461538461538464,0.0,0.028318224680304514,0.1319663491490371,10.49112426035503,0.0,0.0,0.15,0.07988165680473373,0,0.16507100140613604,0.14776123124999999,3.4736270555931865,0.8876502224576002,0.0,0.9591836734693877,0.0,0.8,0.0,0.8,0.0,0.08,0.1242603550295858,0.25,0.25
77,0.9227667823551219,0.5336169578806899,0.9167285970487037,0.5345454880916345,0.26107685272754566,0.5334098236659139,0.8224852071005917,0.3827585777094153,0.37438259303771143,0.07692307692307693,0.7942857142857143,0.3781212426979674,0.37205052576431674,0.07428571428571429,0.10355029585798817,0.12285714285714286,0.03428571428571429,2.177142857142857,0.04142011834319527,0.0,0.028318224680304514,0.1319663491490371,10.49112426035503,0.0,0.0,0.15,0.07988165680473373,0,0.16634235274053233,0.14702242509375,3.5270116573384653,0.8698972180084482,0.0,1.0,0.0,0.8,0.0,0.8,0.0,0.08,0.10355029585798817,0.25,0.25
78,0.9231803684311921,0.5341669753314244,0.9171280030307373,0.5351904573445551,0.26107685272754566,0.5333777114411496,0.7751479289940828,0.3832319504904804,0.37473762262351024,0.07692307692307693,0.7485714285714286,0.37857838555511014,0.3723933829071739,0.07428571428571429,0.11242603550295859,0.12,0.03428571428571429,2.257142857142857,0.04142011834319527,0.0,0.028318224680304514,0.1319663491490371,10.49112426035503,0.0,0.0,0.15,0.07988165680473373,0,0.1665674981196868,0.14628731296828124,3.576471424191696,0.8524992736482793,0.0,1.0,0.0,0.8,0.0,0.8,0.0,0.08,0.11242603550295859,0.25,0.25
79,0.9253027259735087,0.5351849697131742,0.9191775940287458,0.5362420107477511,0.26107685272754566,0.5333223848918934,0.7514792899408284,0.3838236664668118,0.37518140960575874,0.07692307692307693,0.7257142857142858,0.37914981412653875,0.3728219543357453,0.07428571428571429,0.10650887573964497,0.12285714285714286,0.03428571428571429,2.3114285714285714,0.047337278106508875,0.0,0.028318224680304514,0.1319663491490371,10.49112426035503,0.0,0.0,0.15,0.07988165680473373,0,0.16892459524564674,0.14636082418082813,3.6277991385650052,0.8542709584100077,0.0,0.9534883720930233,0.0,0.8,0.0,0.8,0.0,0.08,0.10650887573964497,0.25,0.25
80,0.9286915996652415,0.5352154620155234,0.9211865109218486,0.5366678933687734,0.26107685272754566,0.5332334759936322,0.7797619047619048,0.3843223973662827,0.3760913729354126,0.07738095238095238,0.7485714285714286,0.3792640998408245,0.3729076686214596,0.07428571428571429,0.12202380952380952,0.14285714285714285,0.04,2.3971428571428572,0.041666666666666664,0.005714285714285714,0.028476720086768374,0.1319663491490371,10.071428571428571,0.0,0.0,0.15,0.08035714285714286,0,0.1692789729837042,0.14636082418082813,3.698100298650848,0.8698972180084482,0.0,0.98,0.0,0.8,0.0,0.8,0.0,0.08,0.12721893491124261,0.25,0.25
81,0.9296282665166529,0.5362008359855055,0.9220857110992035,0.5377283059146972,0.26107685272754566,0.5330804520580339,0.8065476190476191,0.3844414449853304,0.3761806586496983,0.07738095238095238,0.7742857142857142,0.3793783855551102,0.3729933829071738,0.07428571428571429,0.11607142857142858,0.13142857142857142,0.04,2.462857142857143,0.044642857142857144,0.0,0.028494898886253433,0.1319663491490371,10.071428571428571,0.0,0.0,0.15,0.08035714285714286,0,0.16914615026164284,0.14562902005992398,3.755566864106403,0.8524992736482793,0.0,1.0,0.0,0.8,0.0,0.8,0.0,0.08,0.11607142857142858,0.25,0.25
82,0.9332924445147383,0.5365318359123089,0.9256033219773654,0.5379986852414689,0.26107685272754566,0.5328914786258762,0.7976190476190477,0.3848239259189544,0.3766717300782697,0.07738095238095238,0.7657142857142857,0.3797455672513893,0.3734648114786025,0.07428571428571429,0.12797619047619047,0.13428571428571429,0.04,2.537142857142857,0.047619047619047616,0.0,0.028494898886253433,0.1319663491490371,10.071428571428571,0.0,0.0,0.15,0.08035714285714286,0,0.17035599450676323,0.1457764118880959,3.814741241109988,0.8524992736482793,0.0,0.9787234042553191,0.0,0.8,0.0,0.8,0.0,0.08,0.12797619047619047,0.25,0.25
83,0.9343365616208865,0.5367527925535184,0.9266056743992676,0.5383484548406668,0.26107685272754566,0.532762873809682,0.8065476190476191,0.38500249734752584,0.376894944363984,0.07738095238095238,0.7742857142857142,0.3799169958228179,0.37367909719288817,0.07428571428571429,0.11011904761904762,0.11714285714285715,0.04,2.6142857142857143,0.050595238095238096,0.0,0.028494898886253433,0.1319663491490371,10.071428571428571,0.0,0.0,0.15,0.08035714285714286,0,0.171046358105658,0.147096305709375,3.8555892734306454,0.8524992736482793,0.0,0.9512195121951219,0.0,0.8,0.0,0.8,0.0,0.08,0.11011904761904762,0.25,0.25
84,0.936181396050039,0.5360177742027811,0.9281757961341074,0.5377767414794306,0.26107685272754566,0.532720317355746,0.8149253731343283,0.38503615986508777,0.3775779713426647,0.07761194029850746,0.78,0.379949266390356,0.373936240050031,0.07428571428571429,0.10746268656716418,0.12,0.04285714285714286,2.6914285714285713,0.050746268656716415,0.002857142857142857,0.028493858666482037,0.13196634914903713,10.053731343283582,0.0,0.0,0.15,0.08059701492537313,0,0.1710752713151297,0.14636082418082813,3.8984774879620323,0.8354492881753136,0.0,1.0,0.0,0.8,0.0,0.8,0.0,0.08,0.11011904761904762,0.25,0.25
85,0.9365704649232813,0.534578714002403,0.9285481906270678,0.5366013327634854,0.26107685272754566,0.5326605804761078,0.808955223880597,0.38539436882031153,0.3780257325366945,0.07761194029850746,0.7742857142857142,0.3802921235332131,0.37436481147860245,0.07428571428571429,0.10746268656716418,0.12571428571428572,0.04285714285714286,2.7685714285714287,0.05373134328358209,0.0,0.028506406251502674,0.13196634914903713,10.053731343283582,0.0,0.0,0.15,0.08059701492537313,0,0.17221918138712544,0.15,3.946222223917078,0.9076479171200007,0.0,0.9318181818181818,0.0,0.8,0.0,0.8,0.0,0.08,0.10746268656716418,0.25,0.25
86,0.9377078735283884,0.5345553318195262,0.9296368531490989,0.536509101285324,0.26107685272754566,0.5325028945995205,0.8,0.38557347329792346,0.37833916537251544,0.07761194029850746,0.7657142857142857,0.38046355210464167,0.3746648114786024,0.07428571428571429,0.09253731343283582,0.10857142857142857,0.04285714285714286,2.8514285714285714,0.056716417910447764,0.0,0.028506406251502674,0.13196634914903713,10.053731343283582,0.0,0.0,0.15,0.08059701492537313,0,0.17292894262304698,0.15,3.9758692080101645,0.98,0.0,0.9473684210526315,0.0,0.8,0.0,0.8,0.0,0.08,0.09253731343283582,0.25,0.25
87,0.9388256682900874,0.5344073499159333,0.9307067424210108,0.5363807211272198,0.26107685272754566,0.5322935203453639,0.7820895522388059,0.38569287628299814,0.37850430193891227,0.07761194029850746,0.7485714285714286,0.3805778378189273,0.3748228707635822,0.07428571428571429,0.11044776119402985,0.12857142857142856,0.04285714285714286,2.9171428571428573,0.0626865671641791,0.0,0.028506406251502674,0.13196634914903713,10.053731343283582,0.0,0.0,0.15,0.08059701492537313,0,0.17329187005278887,0.14925,4.02492325242139,0.9603999999999999,0.0,1.0,0.0,0.8,0.0,0.8,0.0,0.08,0.11044776119402985,0.25,0.25
88,0.9415992616184001,0.5343737343631284,0.9333614674638244,0.5362458653877002,0.26107685272754566,0.5320762198042291,0.7791044776119403,0.3858122792680728,0.37859385417771824,0.07761194029850746,0.7457142857142857,0.3806921235332131,0.37490858504929647,0.07428571428571429,0.08358208955223881,0.1,0.04285714285714286,3.0142857142857142,0.06567164179104477,0.0,0.028506406251502674,0.13196634914903713,10.053731343283582,0.0,0.0,0.15,0.08059701492537313,0,0.17345341070252496,0.15339498625954892,4.044424787372963,0.9431128000000003,0.0,0.9714285714285714,0.0,0.8,0.0,0.8,0.0,0.08,0.08358208955223881,0.25,0.25
89,0.9445486522200177,0.5339567059775402,0.936184455611087,0.5357712734102356,0.26107685272754566,0.5316971018057721,0.7432835820895523,0.3858122792680728,0.37859385417771824,0.07761194029850746,0.7114285714285714,0.3806921235332131,0.37490858504929647,0.07428571428571429,0.1044776119402985,0.11142857142857143,0.04285714285714286,3.1,0.06865671641791045,0.0,0.028506406251502674,0.13196634914903713,10.053731343283582,0.0,0.0,0.15,0.08059701492537313,0,0.17329942936329804,0.15262801132825116,4.074964863054074,0.9242505440000003,0.0,1.0,0.0,0.8,0.0,0.8,0.0,0.08,0.1044776119402985,0.25,0.25
90,0.9446675257302368,0.5331097301229584,0.9362982345422968,0.5349424019404561,0.26107685272754566,0.5314531083742162,0.7701492537313432,0.3858122792680728,0.37859385417771824,0.07761194029850746,0.7371428571428571,0.3806921235332131,0.37490858504929647,0.07428571428571429,0.1253731343283582,0.13428571428571429,0.04285714285714286,3.1685714285714286,0.06865671641791045,0.0,0.028506406251502674,0.13196634914903713,10.053731343283582,0.0,0.0,0.15,0.08059701492537313,0,0.1733170765021958,0.1518648712716099,4.127751280078707,0.9057655331200002,0.0,1.0,0.0,0.8,0.0,0.8,0.0,0.08,0.1253731343283582,0.25,0.25
91,0.9456886647535482,0.5337381893849938,0.9373770110963223,0.5353471426315709,0.26107685272754566,0.5313536204322172,0.7717717717717718,0.386667247987634,0.3800200766385492,0.07807807807807808,0.7342857142857143,0.38092069496178443,0.3750800136207251,0.07428571428571429,0.0960960960960961,0.11428571428571428,0.04857142857142857,3.2514285714285713,0.06306306306306306,0.005714285714285714,0.028542566542217488,0.1319663491490371,9.963963963963964,0.0,0.0,0.15,0.08108108108108109,0,0.1739926346911134,0.15110554691525185,4.159481968762846,0.8876502224576002,0.0,1.0,0.0,0.8,0.0,0.8,0.0,0.08,0.09850746268656717,0.25,0.25
92,0.9485829229099911,0.5334686714207261,0.9401306909994522,0.5351964950098334,0.26107685272754566,0.5311237744304435,0.7867867867867868,0.3869074882278742,0.3802002568187293,0.07807807807807808,0.7485714285714286,0.3811492663903559,0.3752514421921537,0.07428571428571429,0.10510510510510511,0.11714285714285715,0.04857142857142857,3.2914285714285714,0.06306306306306306,0.0,0.028569437890790514,0.1319663491490371,9.963963963963964,0.0,0.0,0.15,0.08108108108108109,0,0.17466495723194359,0.20361866287840183,4.193435186530447,0.8925794718310577,0.0,0.9512195121951219,0.0,0.8,0.0,0.8,0.0,0.08,0.10510510510510511,0.25,0.25
93,0.9513001093389619,0.533065148185842,0.9420711785659527,0.5349266343072564,0.26107685272754566,0.5308299556760084,0.8162650602409639,0.38784094662784874,0.3811339293191305,0.0783132530120482,0.7742857142857142,0.3811492663903559,0.3752514421921537,0.07428571428571429,0.12650602409638553,0.1457142857142857,0.05142857142857143,3.3485714285714288,0.060240963855421686,0.002857142857142857,0.02857642854939145,0.1319663491490371,9.94578313253012,0.0,0.0,0.15,0.08132530120481928,0,0.1747612074422124,0.20260056956400982,4.2552807685141225,0.8747278823944366,0.0,1.0,0.0,0.8,0.0,0.8,0.0,0.08,0.12912912912912913,0.25,0.25
94,0.9523353183693898,0.5333336798928874,0.9420841294795168,0.535561023733189,0.26107685272754566,0.5304891833079519,0.7794561933534743,0.3884424678644585,0.3817971517442792,0.07854984894259819,0.7371428571428571,0.38126355210464163,0.3753371564778679,0.07428571428571429,0.1148036253776435,0.12857142857142856,0.054285714285714284,3.44,0.06042296072507553,0.002857142857142857,0.028633584618628916,0.1319663491490371,9.824773413897281,0.0,0.0,0.15,0.08157099697885196,0,0.1750015442621442,0.20158756671618977,4.298746581715269,0.9239194398064574,0.0,0.9777777777777777,0.0,0.8,0.0,0.8,0.0,0.08,0.1144578313253012,0.25,0.25
95,0.9529410191789865,0.5339538816124993,0.9426569493880211,0.5361730042793624,0.26107685272754566,0.5303398225974749,0.7915407854984894,0.38862373674663375,0.3819331034059106,0.07854984894259819,0.7485714285714286,0.3814349806760702,0.37546572790643934,0.07428571428571429,0.10574018126888217,0.11714285714285715,0.054285714285714284,3.505714285714286,0.06042296072507553,0.0,0.028646521124207097,0.1319663491490371,9.824773413897281,0.0,0.0,0.15,0.07854984894259819,0,0.1755262508265478,0.2424908653659853,4.329914507223821,1.00440971035593,0.0,0.9512195121951219,0.0,0.8,0.0,0.8,0.0,0.08,0.10574018126888217,0.25,0.25
96,0.952244413554162,0.5335392772132422,0.9419644736320257,0.5358646658904366,0.26107685272754566,0.5303158626110525,0.78419452887538,0.38937469263731844,0.38240703719542296,0.0790273556231003,0.7371428571428571,0.3814349806760702,0.37546572790643934,0.07428571428571429,0.10030395136778116,0.11428571428571428,0.06,3.6,0.0547112462006079,0.005714285714285714,0.02871131318115895,0.1319663491490371,9.653495440729483,0.0,0.0,0.15,0.0790273556231003,0,0.1754190481438436,0.2412784110391554,4.357601931365059,0.9843215161488115,0.0,1.0,0.0,0.8,0.0,0.8,0.0,0.08,0.10574018126888217,0.25,0.25
97,0.9540487073256319,0.533808109918333,0.9436605097772076,0.5359838973980023,0.26107685272754566,0.5302690762760748,0.7872340425531915,0.38937469263731844,0.38240703719542296,0.0790273556231003,0.74,0.3814349806760702,0.37546572790643934,0.07428571428571429,0.09422492401215805,0.11142857142857143,0.06,3.677142857142857,0.0547112462006079,0.0,0.02876311810209007,0.1319663491490371,9.653495440729483,0.0,0.0,0.15,0.0790273556231003,0,0.1753409536174101,0.2400720189839596,4.38187846416633,0.9646350858258351,0.0,1.0,0.0,0.8,0.0,0.8,0.0,0.08,0.09422492401215805,0.25,0.25
98,0.9553374979930941,0.5338058673854729,0.9439846720761599,0.5359843095369601,0.26107685272754566,0.5302292253278286,0.7865853658536586,0.39045827109969916,0.3825473707350271,0.08231707317073171,0.7371428571428571,0.38154926639035597,0.3755514421921537,0.07714285714285714,0.13109756097560976,0.14857142857142858,0.06285714285714286,3.7657142857142856,0.054878048780487805,0.002857142857142857,0.028826702070601094,0.1319663491490371,9.445121951219512,0.0,0.0,0.15,0.07926829268292683,0,0.1758052559743409,0.23887165888903983,4.44281232345443,0.9453423841093185,0.0,0.9807692307692307,0.0,0.8,0.0,0.8,0.0,0.08,0.1337386018237082,0.25,0.25
99,0.9579033791604139,0.5344895312689792,0.946389269284391,0.5367597199702756,0.26107685272754566,0.5304168916482787,0.823170731707317,0.39045827109969916,0.3825473707350271,0.08231707317073171,0.7714285714285715,0.38154926639035597,0.3755514421921537,0.07714285714285714,0.10975609756097561,0.11714285714285715,0.06285714285714286,3.8285714285714287,0.057926829268292686,0.0,0.028866043705204396,0.1319663491490371,9.445121951219512,0.0,0.0,0.15,0.07926829268292683,0,0.17552608683732634,0.23767730059459463,4.4710989341282,0.9264355364271321,0.0,1.0,0.0,0.8,0.0,0.8,0.0,0.08,0.10975609756097561,0.25,0.25
100,0.9578196540226074,0.5343374611439748,0.9463108068695322,0.5366850910883475,0.26107685272754566,0.530624652652089,0.8140243902439024,0.39045827109969916,0.3825473707350271,0.08231707317073171,0.7628571428571429,0.38154926639035597,0.3755514421921537,0.07714285714285714,0.12195121951219512,0.13714285714285715,0.06285714285714286,3.92,0.057926829268292686,0.0,0.028866043705204396,0.1319663491490371,9.445121951219512,0.0,0.0,0.15,0.07926829268292683,0,0.17544759926028258,0.23648891409162165,4.518819812588493,0.9079068256985894,0.0,1.0,0.0,0.8,0.0,0.8,0.0,0.08,0.12195121951219512,0.25,0.25
101,0.9577865072631656,0.5340717184781681,0.9462797436206842,0.5367145371512153,0.26107685272754566,0.5309279860991055,0.7835365853658537,0.39045827109969916,0.3825473707350271,0.08231707317073171,0.7342857142857143,0.38154926639035597,0.3755514421921537,0.07714285714285714,0.10060975609756098,0.10285714285714286,0.06285714285714286,3.994285714285714,0.06097560975609756,0.0,0.028866043705204396,0.1319663491490371,9.445121951219512,0.0,0.0,0.15,0.07926829268292683,0,0.17519836126398114,0.23530646952116355,4.531300559193865,0.8897486891846176,0.0,1.0,0.0,0.8,0.0,0.8,0.0,0.08,0.10060975609756098,0.25,0.25
102,0.9589041342341525,0.5336325736630165,0.9472052628170491,0.5364877925933731,0.26107685272754566,0.5312292145600451,0.7584097859327217,0.3904164425647295,0.3825036202780618,0.08256880733944955,0.7085714285714285,0.3816635521046416,0.37563715647786794,0.07714285714285714,0.10091743119266056,0.10571428571428572,0.06571428571428571,4.0685714285714285,0.0581039755351682,0.002857142857142857,0.02887873493075313,0.13196634914903713,9.425076452599388,0.0,0.0,0.15,0.07951070336391437,0,0.17552136945766125,0.23412993717355773,4.546388833724274,0.9157666193098905,0.0,0.972972972972973,0.0,0.8,0.0,0.8,0.0,0.08,0.10060975609756098,0.25,0.25
103,0.9599131531663038,0.5324967126617428,0.9478647373824273,0.5357866024894851,0.26107685272754566,0.5313968833886747,0.7607361963190185,0.3908467018284961,0.38212548862716156,0.08282208588957055,0.7085714285714285,0.3816635521046416,0.37563715647786794,0.07714285714285714,0.11042944785276074,0.13142857142857142,0.06857142857142857,4.174285714285714,0.05828220858895705,0.002857142857142857,0.02889901872291402,0.13196634914903713,9.392638036809815,0.0,0.0,0.15,0.07975460122699386,0,0.1754713347532301,0.23295928748768993,4.586889628478359,0.8974512869236927,0.0,1.0,0.0,0.8,0.0,0.8,0.0,0.08,0.11314984709480122,0.25,0.25
104,0.9608859138802455,0.5318873447179778,0.9484465688550527,0.5352423021610754,0.26107685272754566,0.5315809424280855,0.8209876543209876,0.39205378872649543,0.3815661882281269,0.08333333333333333,0.76,0.38172069496178446,0.3756800136207252,0.07714285714285714,0.1388888888888889,0.1457142857142857,0.07428571428571429,4.225714285714286,0.05555555555555555,0.005714285714285714,0.02893608932063435,0.1319663491490371,9.345679012345679,0.0,0.0,0.15,0.08024691358024691,0,0.17570769307946393,0.23406815653874838,4.640866121623079,0.9611544098071089,0.0,0.9803921568627451,0.0,0.8,0.0,0.8,0.0,0.08,0.1411042944785276,0.25,0.25
105,0.9599522958339547,0.5317869440374001,0.9475823052922007,0.5351468953074365,0.26107685272754566,0.5317067191300201,0.8024691358024691,0.3921155171215572,0.3816124845244232,0.08333333333333333,0.7428571428571429,0.3817778378189273,0.3757228707635823,0.07714285714285714,0.11728395061728394,0.11714285714285715,0.07428571428571429,4.291428571428572,0.05555555555555555,0.0,0.02895123186727733,0.1319663491490371,9.345679012345679,0.0,0.0,0.15,0.08024691358024691,0,0.17594272675692374,0.23289781575605462,4.665191656333474,0.9537266944987005,0.0,0.975609756097561,0.0,0.8,0.0,0.8,0.0,0.08,0.11728395061728394,0.25,0.25
106,0.9609544904512384,0.5325759912916861,0.9485100511664862,0.5356854008178189,0.26107685272754566,0.5317593847979528,0.7993827160493827,0.3921155171215572,0.3816124845244232,0.08333333333333333,0.74,0.3817778378189273,0.3757228707635823,0.07714285714285714,0.11728395061728394,0.11428571428571428,0.07428571428571429,4.38,0.06790123456790123,0.0,0.02895123186727733,0.1319663491490371,9.345679012345679,0.0,0.0,0.15,0.08024691358024691,0,0.175804870980282,0.23173332667727434,4.686173537492518,0.9346521606087266,0.0,1.0,0.0,0.8,0.0,0.8,0.0,0.08,0.11728395061728394,0.25,0.25
107,0.96073608618536,0.5321011413716299,0.9483078712175016,0.5351536055296336,0.26107685272754566,0.5317354266028822,0.8302469135802469,0.3921155171215572,0.3816124845244232,0.08333333333333333,0.7685714285714286,0.3817778378189273,0.3757228707635823,0.07714285714285714,0.11419753086419752,0.12,0.07428571428571429,4.44,0.06481481481481481,0.0,0.02895123186727733,0.1319663491490371,9.345679012345679,0.0,0.0,0.15,0.08024691358024691,0,0.1755825609110949,0.23057466004388796,4.712450066742668,0.915959117396552,0.0,1.0,0.0,0.8,0.0,0.8,0.0,0.08,0.11419753086419752,0.25,0.25
108,0.9624290456006107,0.5310430626227075,0.9497879109396451,0.5346005807690682,0.26107685272754566,0.531681371722597,0.7819314641744548,0.39172849570945384,0.3824158775920824,0.08411214953271028,0.7171428571428572,0.3817778378189273,0.3757228707635823,0.07714285714285714,0.102803738317757,0.11428571428571428,0.08285714285714285,4.508571428571429,0.06542056074766354,0.008571428571428572,0.028960787233199708,0.1319663491490371,9.302180685358255,0.0,0.0,0.15,0.08099688473520249,0,0.17530393453511084,0.22942178674366853,4.732486779693529,0.8976399350486209,0.0,1.0,0.0,0.8,0.0,0.8,0.0,0.08,0.1111111111111111,0.25,0.25
109,0.9632026174530338,0.5312981654022114,0.9504973868385818,0.5348161828868961,0.26107685272754566,0.5314536821860295,0.8317757009345794,0.39172849570945384,0.3824158775920824,0.08411214953271028,0.7628571428571429,0.3817778378189273,0.3757228707635823,0.07714285714285714,0.09968847352024922,0.10857142857142857,0.08285714285714285,4.58,0.06542056074766354,0.0,0.028984756954230938,0.1319663491490371,9.302180685358255,0.0,0.0,0.15,0.08099688473520249,0,0.1751692727195781,0.22827467780995017,4.746408472671087,0.8796871363476485,0.0,1.0,0.0,0.8,0.0,0.8,0.0,0.08,0.09968847352024922,0.25,0.25
110,0.9621798097614969,0.5308676372463391,0.9495593260700579,0.5343850292307523,0.26107685272754566,0.5310307150541898,0.7975077881619937,0.3918531063013541,0.38250933553600763,0.08411214953271028,0.7314285714285714,0.3818921235332131,0.3758085850492965,0.07714285714285714,0.1277258566978193,0.14285714285714285,0.08285714285714285,4.651428571428571,0.06853582554517133,0.0,0.028984756954230938,0.1319663491490371,9.302180685358255,0.0,0.0,0.15,0.08099688473520249,0,0.1756051491952838,0.2271333044209004,4.794337446074808,0.9116192540298561,0.0,0.98,0.0,0.8,0.0,0.8,0.0,0.08,0.1277258566978193,0.25,0.25
111,0.9624589339852504,0.5303894332258535,0.9498153228581289,0.5339785749314345,0.26107685272754566,0.5304677936475402,0.7912772585669782,0.3918531063013541,0.38250933553600763,0.08411214953271028,0.7257142857142858,0.3818921235332131,0.3758085850492965,0.07714285714285714,0.12149532710280374,0.13428571428571429,0.08285714285714285,4.751428571428572,0.07165109034267912,0.0,0.028984756954230938,0.1319663491490371,9.302180685358255,0.0,0.0,0.15,0.08099688473520249,0,0.1754409805921645,0.2259976378987959,4.832736411439026,0.893386868949259,0.0,1.0,0.0,0.8,0.0,0.8,0.0,0.08,0.12149532710280374,0.25,0.25
112,0.9636799983566648,0.5305794948214789,0.9509352133244834,0.5340233601906063,0.26107685272754566,0.529949428565519,0.7850467289719626,0.3920400221892046,0.3826495224518955,0.08411214953271028,0.72,0.3820635521046416,0.37593715647786796,0.07714285714285714,0.11838006230529595,0.12,0.08285714285714285,4.822857142857143,0.07165109034267912,0.0,0.028984756954230938,0.1319663491490371,9.302180685358255,0.0,0.0,0.15,0.08099688473520249,0,0.1761059192606323,0.22486764970930193,4.8560816832102445,0.9570352461330357,0.0,0.9523809523809523,0.0,0.8,0.0,0.8,0.0,0.08,0.11838006230529595,0.25,0.25
113,0.9637051204970316,0.5306439036408217,0.9510007130044489,0.5339121140769385,0.26107685272754566,0.5294006914806174,0.7836990595611285,0.39082217593280244,0.38232964601656505,0.08463949843260188,0.7142857142857143,0.3820635521046416,0.37593715647786796,0.07714285714285714,0.12539184952978055,0.14,0.08857142857142856,4.914285714285715,0.06269592476489028,0.005714285714285714,0.029012345953384762,0.13196634914903713,9.241379310344827,0.0,0.0,0.15,0.08150470219435736,0,0.17593924680718623,0.2237433114607554,4.89896004954604,0.937894541210375,0.0,1.0,0.0,0.8,0.0,0.8,0.0,0.08,0.12461059190031153,0.25,0.25
114,0.9636755432742183,0.5295355302511834,0.9507938772927488,0.5330561362164542,0.26107685272754566,0.5288817959637174,0.7264150943396226,0.39149325879217595,0.3833439793576794,0.08490566037735849,0.66,0.3821778378189273,0.3760228707635823,0.07714285714285714,0.1320754716981132,0.13714285714285715,0.09142857142857143,4.991428571428571,0.06289308176100629,0.002857142857142857,0.029036480800483638,0.13196634914903713,9.232704402515724,0.0,0.0,0.15,0.08176100628930817,0,0.1761734084302932,0.22262459490345163,4.9381237056979765,0.9215854964586868,0.0,0.9791666666666666,0.0,0.8,0.0,0.8,0.0,0.08,0.13479623824451412,0.25,0.25
115,0.962586333912853,0.5299082243147305,0.9496015744760002,0.5330862464555327,0.26107685272754566,0.5282484691935858,0.750788643533123,0.39099246202504295,0.38278187622221677,0.08517350157728706,0.68,0.38229212353321307,0.37610858504929656,0.07714285714285714,0.1167192429022082,0.12,0.09428571428571429,5.06,0.05993690851735016,0.002857142857142857,0.029070641667733984,0.13196634914903713,9.129337539432177,0.0,0.0,0.15,0.07886435331230283,0,0.17623525567385598,0.22824192961849696,4.959361231584016,0.9076479171200007,0.0,0.9761904761904762,0.0,0.8,0.0,0.8,0.0,0.08,0.11635220125786164,0.25,0.25
116,0.9630582790484579,0.5301372604048871,0.9500290219273908,0.5333859437632292,0.26107685272754566,0.5276269606812222,0.7823343848580442,0.39099246202504295,0.38278187622221677,0.08517350157728706,0.7085714285714285,0.38229212353321307,0.37610858504929656,0.07714285714285714,0.11041009463722397,0.11428571428571428,0.09428571428571429,5.122857142857143,0.06309148264984227,0.0,0.029106715413989338,0.13196634914903713,9.129337539432177,0.0,0.0,0.15,0.07886435331230283,0,0.1760669393919153,0.22710071997040446,4.974459721238051,0.8894949587776007,0.0,1.0,0.0,0.8,0.0,0.8,0.0,0.08,0.11041009463722397,0.25,0.25
117,0.9651263652413843,0.5295495810121851,0.9518169468965947,0.5332958206468825,0.26107685272754566,0.5270770040958545,0.740506329113924,0.39179390294815936,0.38220927190548587,0.08544303797468354,0.6685714285714286,0.38229212353321307,0.37610858504929656,0.07714285714285714,0.0981012658227848,0.10857142857142857,0.09714285714285714,5.2,0.060126582278481014,0.002857142857142857,0.02910469530407671,0.1319663491490371,9.126582278481013,0.0,0.0,0.15,0.07911392405063292,0,0.1759267617843485,0.22596521637055245,4.983541955384718,0.8717050596020486,0.0,1.0,0.0,0.8,0.0,0.8,0.0,0.08,0.10094637223974763,0.25,0.25
118,0.9652934417696083,0.5297369794424014,0.9519677931335052,0.5333540425878979,0.26107685272754566,0.5264942352296291,0.7753164556962026,0.39211035864436194,0.3824466136776377,0.08544303797468354,0.7,0.38257783781892735,0.37632287076358223,0.07714285714285714,0.12658227848101267,0.14,0.09714285714285714,5.285714285714286,0.060126582278481014,0.0,0.029107329300434557,0.1319663491490371,9.126582278481013,0.0,0.0,0.15,0.07911392405063292,0,0.17718841654328388,0.2248353902886997,5.023871116277023,0.8894949587776007,0.0,0.9387755102040817,0.0,0.8,0.0,0.8,0.0,0.08,0.12658227848101267,0.25,0.25
119,0.9648148377170809,0.5288970407980812,0.9515356820460805,0.5327382625843847,0.26107685272754566,0.5258736143980359,0.759493670886076,0.39223694092284295,0.3825415503864985,0.08544303797468354,0.6857142857142857,0.382692123533213,0.3764085850492966,0.07714285714285714,0.11075949367088607,0.11714285714285715,0.09714285714285714,5.365714285714286,0.06645569620253164,0.0,0.029107329300434557,0.1319663491490371,9.126582278481013,0.0,0.0,0.15,0.07911392405063292,0,0.17727390303199606,0.22371121333725622,5.04053655109434,0.9041302403451055,0.0,0.975609756097561,0.0,0.8,0.0,0.8,0.0,0.08,0.11075949367088607,0.25,0.25
120,0.9652521442121537,0.5288982145317014,0.9516984590861461,0.5327335281424919,0.26107685272754566,0.5254356432257207,0.7873015873015873,0.3932445041286322,0.38326999242471893,0.08571428571428572,0.7085714285714285,0.382692123533213,0.3764085850492966,0.07714285714285714,0.10476190476190476,0.12285714285714286,0.1,5.405714285714286,0.06031746031746032,0.002857142857142857,0.02913375752623704,0.1319663491490371,9.00952380952381,0.0,0.0,0.15,0.07936507936507936,0,0.17715739422755036,0.22259265727056993,5.062582962929596,0.8860476355382033,0.0,1.0,0.0,0.8,0.0,0.8,0.0,0.08,0.10759493670886076,0.25,0.25
121,0.9678517850453249,0.5295910774104269,0.9540381358360001,0.5334024158685475,0.26107685272754566,0.5250663642461946,0.7333333333333333,0.39330799619212425,0.38331761147233806,0.08571428571428572,0.66,0.38274926639035595,0.3764514421921537,0.07714285714285714,0.12380952380952381,0.12,0.1,5.485714285714286,0.06984126984126984,0.0,0.029176664393164155,0.1319663491490371,9.00952380952381,0.0,0.0,0.15,0.07936507936507936,0,0.1774421793992697,0.22147969398421707,5.081331303671004,0.8758527214418298,0.0,0.9761904761904762,0.0,0.8,0.0,0.8,0.0,0.08,0.12380952380952381,0.25,0.25
122,0.9670741248600511,0.5292300276647066,0.953027054034936,0.5327414532335031,0.26107685272754566,0.524738918056304,0.7484076433121019,0.3938935157988551,0.38257344522916303,0.08598726114649681,0.6714285714285714,0.38274926639035595,0.3764514421921537,0.07714285714285714,0.1305732484076433,0.12571428571428572,0.10285714285714286,5.574285714285714,0.07006369426751592,0.002857142857142857,0.029180503071269265,0.1319663491490371,8.993630573248408,0.0,0.0,0.15,0.07961783439490445,0,0.17721182564513052,0.220372295514296,5.10541896331187,0.8583356670129932,0.0,1.0,0.0,0.8,0.0,0.8,0.0,0.08,0.13333333333333333,0.25,0.25
123,0.9662102139039669,0.5290278662592749,0.9517353939073002,0.5324635497429181,0.26107685272754566,0.5244024360357011,0.7564102564102564,0.3939956045204987,0.3831300429519135,0.08653846153846154,0.6742857142857143,0.38303498067607017,0.3766657279064394,0.07714285714285714,0.09615384615384616,0.1,0.10857142857142857,5.628571428571429,0.07051282051282051,0.005714285714285714,0.029257717781718044,0.1319663491490371,8.852564102564102,0.0,0.0,0.15,0.08012820512820513,0,0.17818219580261915,0.2318715226105465,5.103310584045632,0.9057655331200002,0.0,0.9142857142857143,0.0,0.8,0.0,0.8,0.0,0.08,0.09872611464968153,0.25,0.25
124,0.9666870806951601,0.5292681162622691,0.9521604865897353,0.5326205807844243,0.26107685272754566,0.5239607028408957,0.7788461538461539,0.3939956045204987,0.3831300429519135,0.08653846153846154,0.6942857142857143,0.38303498067607017,0.3766657279064394,0.07714285714285714,0.08974358974358974,0.09142857142857143,0.10857142857142857,5.671428571428572,0.07051282051282051,0.0,0.029271500067499616,0.1319663491490371,8.852564102564102,0.0,0.0,0.15,0.08012820512820513,0,0.17794757053789179,0.23071216499749378,5.092672943793292,0.8876502224576002,0.0,1.0,0.0,0.8,0.0,0.8,0.0,0.08,0.08974358974358974,0.25,0.25
125,0.9674424512988818,0.5292934460998738,0.9526316617868174,0.5323230200242877,0.26107685272754566,0.5237288777556544,0.7620578778135049,0.39424266176292483,0.382936575779455,0.08681672025723473,0.6771428571428572,0.38303498067607017,0.3766657279064394,0.07714285714285714,0.09646302250803858,0.10571428571428572,0.11142857142857143,5.72,0.06752411575562701,0.002857142857142857,0.02929804701431737,0.13196634914903713,8.816720257234726,0.0,0.0,0.15,0.08038585209003216,0,0.1777995476852023,0.2295586041725063,5.09653377063171,0.8698972180084482,0.0,1.0,0.0,0.8,0.0,0.8,0.0,0.08,0.09935897435897435,0.25,0.25
126,0.9687858582693608,0.5286189111141553,0.9537349762684799,0.531279100099911,0.26107685272754566,0.5236276121062189,0.7548387096774194,0.3954684145096578,0.38353956705152475,0.08709677419354839,0.6685714285714286,0.38314926639035596,0.3767514421921537,0.07714285714285714,0.0935483870967742,0.11142857142857143,0.11428571428571428,5.7542857142857144,0.06774193548387097,0.002857142857142857,0.02930360548557627,0.13196634914903713,8.8,0.0,0.0,0.15,0.08064516129032258,0,0.17799583566106203,0.22841081115164377,5.106031666647649,0.8717050596020486,0.0,0.9743589743589743,0.0,0.8,0.0,0.8,0.0,0.08,0.09646302250803858,0.25,0.25
127,0.9688212581622675,0.5282559345261207,0.9533903370058249,0.5312543834087893,0.26107685272754566,0.5234742054113528,0.7605177993527508,0.3957970003127333,0.38359928440409136,0.08737864077669903,0.6714285714285714,0.38326355210464164,0.376837156477868,0.07714285714285714,0.11003236245954692,0.11714285714285715,0.11714285714285715,5.817142857142857,0.06472491909385113,0.002857142857142857,0.02944114492690255,0.13196634914903713,8.427184466019417,0.0,0.0,0.15,0.08090614886731391,0,0.17827657148275672,0.22726875709588557,5.121053890457552,0.8894949587776007,0.0,0.975609756097561,0.0,0.8,0.0,0.8,0.0,0.08,0.11290322580645161,0.25,0.25
128,0.9691425420445662,0.5274595464887061,0.9529265678721787,0.5305778702093842,0.26107685272754566,0.5233799558338399,0.7694805194805194,0.396755699245983,0.38347475634550315,0.08766233766233766,0.6771428571428572,0.38326355210464164,0.376837156477868,0.07714285714285714,0.09090909090909091,0.08571428571428572,0.12,5.865714285714286,0.06493506493506493,0.002857142857142857,0.029527993322388656,0.1319663491490371,8.272727272727273,0.0,0.0,0.15,0.08116883116883117,0,0.17787076005391436,0.22613241331040612,5.1043470983626875,0.8717050596020486,0.0,1.0,0.0,0.8,0.0,0.8,0.0,0.08,0.09061488673139159,0.25,0.25
129,0.9687751988150031,0.5281211578752733,0.9526006384565728,0.5313784848246124,0.26107685272754566,0.5231753141213552,0.7785016286644951,0.3977751593782667,0.38376287626238736,0.08794788273615635,0.6828571428571428,0.38332069496178445,0.37688001362072504,0.07714285714285714,0.09771986970684039,0.10571428571428572,0.12285714285714286,5.911428571428571,0.06514657980456026,0.002857142857142857,0.0296200238147645,0.1319663491490371,8.201954397394136,0.0,0.0,0.15,0.08143322475570032,0,0.17812340625364478,0.22500175124385408,5.107974442109718,0.8858423808639998,0.0,0.972972972972973,0.0,0.8,0.0,0.8,0.0,0.08,0.09740259740259741,0.25,0.25
130,0.9697713531660467,0.5279873978850455,0.9535552377390104,0.5310714404078887,0.26107685272754566,0.5231067572592106,0.8071895424836601,0.3977447498621414,0.3837948552753298,0.08823529411764706,0.7057142857142857,0.3834349806760702,0.37696572790643934,0.07714285714285714,0.11764705882352941,0.11142857142857143,0.12571428571428572,5.98,0.06535947712418301,0.002857142857142857,0.029610114753632753,0.1319663491490371,8.209150326797385,0.0,0.0,0.15,0.08169934640522876,0,0.17831778993666225,0.2238767424876348,5.117243524696095,0.8735497959220491,0.0,0.9743589743589743,0.0,0.8,0.0,0.8,0.0,0.08,0.11726384364820847,0.25,0.25
131,0.9689456835362991,0.5271300728763819,0.9528333665770025,0.5303260866469608,0.26107685272754566,0.523194582578176,0.7810457516339869,0.39781010933926564,0.3838438748831729,0.08823529411764706,0.6828571428571428,0.38349212353321305,0.3770085850492965,0.07714285714285714,0.1111111111111111,0.11428571428571428,0.12571428571428572,6.04,0.06535947712418301,0.0,0.029617329096635402,0.1319663491490371,8.209150326797385,0.0,0.0,0.15,0.0784313725490196,0,0.17853977312983613,0.2267968374181889,5.129184368487887,0.9057655331200002,0.0,0.975,0.0,0.8,0.0,0.8,0.0,0.08,0.1111111111111111,0.25,0.25
132,0.9690806462546783,0.5260676280248758,0.9529513625536428,0.529693044931313,0.26107685272754566,0.523271924332568,0.7745098039215687,0.39794082829351396,0.3839419140988592,0.08823529411764706,0.6771428571428572,0.38360640924749884,0.37709429933501093,0.07714285714285714,0.10784313725490197,0.10857142857142857,0.12571428571428572,6.097142857142857,0.06209150326797386,0.0,0.029617329096635402,0.1319663491490371,8.209150326797385,0.0,0.0,0.15,0.0784313725490196,0,0.17867507497847263,0.22647591007700593,5.135172109689559,0.9076479171200007,0.0,0.9736842105263158,0.0,0.8,0.0,0.8,0.0,0.08,0.10784313725490197,0.25,0.25
133,0.9687260093902043,0.5260108645679278,0.9526451359605123,0.5299269443287785,0.26107685272754566,0.5232315176539366,0.7573770491803279,0.39829008546849015,0.38379408292629685,0.08852459016393442,0.66,0.3836635521046416,0.377137156477868,0.07714285714285714,0.09508196721311475,0.10285714285714286,0.12857142857142856,6.162857142857143,0.06229508196721312,0.002857142857142857,0.02961544349478117,0.1319663491490371,8.19672131147541,0.0,0.0,0.15,0.07868852459016394,0,0.17892355746072314,0.2253435305266209,5.13532581035291,0.9237115515262293,0.0,0.9722222222222222,0.0,0.8,0.0,0.8,0.0,0.08,0.09803921568627451,0.25,0.25
134,0.9701776709348241,0.526635782135171,0.9539086444459339,0.5307831692927596,0.26107685272754566,0.523069140792058,0.756578947368421,0.39747140710486734,0.3844590631676121,0.08881578947368421,0.6571428571428571,0.3840064092474988,0.3773942993350108,0.07714285714285714,0.08881578947368421,0.09428571428571429,0.13142857142857142,6.231428571428571,0.05921052631578947,0.002857142857142857,0.029664369390531263,0.13196634914903713,8.078947368421053,0.0,0.0,0.15,0.07894736842105263,0,0.18028565395913385,0.2244370861936189,5.1269050084315655,0.9889282533305911,0.0,0.8787878787878788,0.0,0.8,0.0,0.8,0.0,0.08,0.09180327868852459,0.25,0.25
135,0.9696363045414267,0.5270899998538554,0.9534384290642401,0.5311299982710782,0.26107685272754566,0.5229305295584414,0.7697368421052632,0.39747140710486734,0.3844590631676121,0.08881578947368421,0.6685714285714286,0.3840064092474988,0.3773942993350108,0.07714285714285714,0.1118421052631579,0.10571428571428572,0.13142857142857142,6.297142857142857,0.05921052631578947,0.0,0.029701382121668004,0.13196634914903713,8.078947368421053,0.0,0.0,0.15,0.07894736842105263,0,0.18006894068933815,0.22331490076265081,5.130081193977221,0.9691496882639792,0.0,1.0,0.0,0.8,0.0,0.8,0.0,0.08,0.1118421052631579,0.25,0.25
136,0.9697800484862049,0.5271818915745535,0.9534613189609233,0.5313228117804258,0.26107685272754566,0.5229209896909196,0.7920792079207921,0.3982116839596664,0.38505238787878754,0.0891089108910891,0.6857142857142857,0.3840064092474988,0.3773942993350108,0.07714285714285714,0.0891089108910891,0.10571428571428572,0.13428571428571429,6.3428571428571425,0.056105610561056105,0.002857142857142857,0.029716312308607582,0.13196634914903713,8.01980198019802,0.0,0.0,0.15,0.07920792079207921,0,0.17985345384303433,0.22219832625883754,5.133193855811962,0.9497666944986997,0.0,1.0,0.0,0.8,0.0,0.8,0.0,0.08,0.09210526315789473,0.25,0.25
137,0.9711358204880498,0.5277037310556048,0.9540485495492437,0.53183308117055,0.26107685272754566,0.5228061641129936,0.8205980066445183,0.39925046035602446,0.3848949790261713,0.08970099667774087,0.7057142857142857,0.38412069496178447,0.3774800136207251,0.07714285714285714,0.07641196013289037,0.08,0.14,6.411428571428571,0.053156146179401995,0.005714285714285714,0.02977079644732974,0.13196634914903713,7.8604651162790695,0.0,0.0,0.15,0.07973421926910298,0,0.1800673322845334,0.22108733462754335,5.110529978695723,0.9411919999999999,0.0,0.9642857142857143,0.0,0.8,0.0,0.8,0.0,0.08,0.08250825082508251,0.25,0.25
138,0.9727715624066323,0.5274099441470478,0.9554552875992246,0.531773747569379,0.26107685272754566,0.5228678235712336,0.7973421926910299,0.39925046035602446,0.3848949790261713,0.08970099667774087,0.6857142857142857,0.38412069496178447,0.3774800136207251,0.07714285714285714,0.07973421926910298,0.08571428571428572,0.14,6.442857142857143,0.053156146179401995,0.0,0.029842470605919276,0.13196634914903713,7.8604651162790695,0.0,0.0,0.15,0.07973421926910298,0,0.1798518534802536,0.21998189795440562,5.094033664836093,0.9223681599999999,0.0,1.0,0.0,0.8,0.0,0.8,0.0,0.08,0.07973421926910298,0.25,0.25
139,0.974490557187151,0.5267735917918718,0.9565513257795865,0.5314132773036131,0.26107685272754566,0.5229215618174028,0.82,0.3998389399765957,0.38569863890742584,0.09,0.7028571428571428,0.3841778378189273,0.37752287076358226,0.07714285714285714,0.09,0.08857142857142856,0.14285714285714285,6.491428571428571,0.05333333333333334,0.002857142857142857,0.02987816682674458,0.13196634914903713,7.793333333333333,0.0,0.0,0.15,0.08,0,0.1799807370699952,0.22500217047550633,5.0807244201108,0.9039207967999998,0.0,0.967741935483871,0.0,0.8,0.0,0.8,0.0,0.08,0.09302325581395349,0.25,0.25
140,0.9734487878687893,0.5280601225858843,0.9556583806495623,0.5324684209812719,0.26107685272754566,0.5231732463962872,0.8,0.399972273309929,0.38579863890742583,0.09,0.6857142857142857,0.38429212353321307,0.37760858504929645,0.07714285714285714,0.10666666666666667,0.1,0.14285714285714285,6.557142857142857,0.056666666666666664,0.0,0.029898512248687368,0.13196634914903713,7.793333333333333,0.0,0.0,0.15,0.08,0,0.18016597624178807,0.2238771596231288,5.079109931708584,0.8906675587864483,0.0,0.9714285714285714,0.0,0.8,0.0,0.8,0.0,0.08,0.10666666666666667,0.25,0.25
141,0.9754392122116177,0.5273990902395042,0.9571306160750097,0.5323517721661578,0.26107685272754566,0.5235141813257783,0.822742474916388,0.4004217515182302,0.3852637398741983,0.0903010033444816,0.7028571428571428,0.38429212353321307,0.37760858504929645,0.07714285714285714,0.07692307692307693,0.08285714285714285,0.1457142857142857,6.634285714285714,0.05351170568561873,0.002857142857142857,0.02990572719678163,0.1319663491490371,7.7725752508361206,0.0,0.0,0.15,0.0802675585284281,0,0.179836289217722,0.22275777382501313,5.060384875931555,0.8728542076107194,0.0,1.0,0.0,0.8,0.0,0.8,0.0,0.08,0.08,0.25,0.25
142,0.9762723780065085,0.5268197147736883,0.9578423777112165,0.5317089557383877,0.26107685272754566,0.5239005549718555,0.8494983277591973,0.4004217515182302,0.3852637398741983,0.0903010033444816,0.7257142857142858,0.38429212353321307,0.37760858504929645,0.07714285714285714,0.0903010033444816,0.08285714285714285,0.1457142857142857,6.685714285714286,0.05351170568561873,0.0,0.029915896002151124,0.1319663491490371,7.7725752508361206,0.0,0.0,0.15,0.0802675585284281,0,0.17956482277163335,0.22164398495588808,5.042034321270067,0.8553971234585049,0.0,1.0,0.0,0.8,0.0,0.8,0.0,0.08,0.0903010033444816,0.25,0.25
143,0.9756627757128756,0.5267341469071944,0.9572910894877833,0.5318123526504447,0.26107685272754566,0.5242521232207613,0.7818791946308725,0.40037055719740355,0.38570144420144953,0.09060402684563758,0.6657142857142857,0.3844635521046416,0.37773715647786793,0.07714285714285714,0.09395973154362416,0.09142857142857143,0.14857142857142858,6.7457142857142856,0.050335570469798654,0.002857142857142857,0.029960825657152305,0.1319663491490371,7.624161073825503,0.0,0.0,0.15,0.08053691275167785,0,0.18026429860431084,0.2225717220216798,5.032622206273236,0.8913773427776011,0.0,0.9375,0.0,0.8,0.0,0.8,0.0,0.08,0.09698996655518395,0.25,0.25
144,0.9752067042223889,0.5276549615350312,0.9564282113272105,0.5319891101103217,0.26107685272754566,0.5245923659224155,0.7702702702702703,0.399113954084725,0.3864807646149367,0.09121621621621621,0.6514285714285715,0.3845778378189274,0.37782287076358234,0.07714285714285714,0.10810810810810811,0.09714285714285714,0.15428571428571428,6.805714285714286,0.04391891891891892,0.005714285714285714,0.03003824856144523,0.13196634914903713,7.277027027027027,0.0,0.0,0.15,0.08108108108108109,0,0.18044783496843214,0.2214588634115714,5.029112619290629,0.9245918366087258,0.0,0.9705882352941176,0.0,0.8,0.0,0.8,0.0,0.08,0.10738255033557047,0.25,0.25
145,0.9758004933175581,0.5273271762364264,0.9569303872476964,0.5319671151871092,0.26107685272754566,0.5249144879227278,0.7905405405405406,0.39924908921986013,0.38658211596628805,0.09121621621621621,0.6685714285714286,0.384692123533213,0.37790858504929653,0.07714285714285714,0.08108108108108109,0.07428571428571429,0.15428571428571428,6.854285714285714,0.05067567567567568,0.0,0.030168361146439795,0.13196634914903713,7.277027027027027,0.0,0.0,0.15,0.08108108108108109,0,0.18051645365073285,0.22849747805266543,5.002816081190531,0.9291815448089586,0.0,0.9615384615384616,0.0,0.8,0.0,0.8,0.0,0.08,0.08108108108108109,0.25,0.25
146,0.9775370231462494,0.5273556814430574,0.9583989953313897,0.531704080057769,0.26107685272754566,0.5252221228976709,0.8040540540540541,0.3993166567874277,0.38663279164196374,0.09121621621621621,0.68,0.38474926639035595,0.37795144219215365,0.07714285714285714,0.11148648648648649,0.10571428571428572,0.15428571428571428,6.908571428571428,0.05405405405405406,0.0,0.030168361146439795,0.13196634914903713,7.277027027027027,0.0,0.0,0.15,0.08108108108108109,0,0.18086916066462205,0.22735499066240208,5.008474045281005,0.9431128000000003,0.0,0.972972972972973,0.0,0.8,0.0,0.8,0.0,0.08,0.11148648648648649,0.25,0.25
147,0.978172973247613,0.527864010112722,0.9580091606422125,0.5320503684158947,0.26107685272754566,0.5254916019338957,0.8020477815699659,0.4012364743688385,0.3871908441362969,0.09215017064846416,0.6714285714285714,0.38474926639035595,0.37795144219215365,0.07714285714285714,0.08873720136518772,0.09714285714285714,0.16285714285714287,6.977142857142857,0.04436860068259386,0.008571428571428572,0.03026148550411495,0.13196634914903713,7.126279863481229,0.0,0.0,0.15,0.08191126279863481,0,0.18062167200415605,0.22621821570909006,5.005447421518242,0.9242505440000003,0.0,1.0,0.0,0.8,0.0,0.8,0.0,0.08,0.09797297297297297,0.25,0.25
148,0.9790741549755642,0.5288197809220647,0.9587635784887545,0.5328060830703508,0.26107685272754566,0.5258893874400106,0.8156996587030717,0.40144125252583507,0.3873444277540444,0.09215017064846416,0.6828571428571428,0.3849206949617845,0.37808001362072513,0.07714285714285714,0.09897610921501707,0.09428571428571429,0.16285714285714287,7.034285714285715,0.04436860068259386,0.0,0.030282535878385926,0.13196634914903713,7.126279863481229,0.0,0.0,0.15,0.07849829351535836,0,0.18111842078699242,0.22508712463054464,4.999624187373591,0.9643600000000009,0.0,0.9393939393939394,0.0,0.8,0.0,0.8,0.0,0.08,0.09897610921501707,0.25,0.25
149,0.9777374102196056,0.5284688920724481,0.9575853435111545,0.5328172392875199,0.26107685272754566,0.5262342471621543,0.7945205479452054,0.4015970695038383,0.38661033953119195,0.09246575342465753,0.6628571428571428,0.3849206949617845,0.37808001362072513,0.07714285714285714,0.07534246575342465,0.08,0.1657142857142857,7.074285714285714,0.0410958904109589,0.002857142857142857,0.03041633969794563,0.13196634914903713,6.815068493150685,0.0,0.0,0.15,0.07876712328767123,0,0.18075554296877175,0.2239616890073919,4.9796317036261195,0.9450728000000008,0.0,1.0,0.0,0.8,0.0,0.8,0.0,0.08,0.07849829351535836,0.25,0.25
150,0.9780490678501741,0.5278354131607877,0.9578453550200859,0.5322313098525082,0.26107685272754566,0.5265974615927379,0.7876712328767124,0.4015970695038383,0.38661033953119195,0.09246575342465753,0.6571428571428571,0.3849206949617845,0.37808001362072513,0.07714285714285714,0.07876712328767123,0.08285714285714285,0.1657142857142857,7.105714285714286,0.03767123287671233,0.0,0.030452567856864777,0.13196634914903713,6.815068493150685,0.0,0.0,0.15,0.07876712328767123,0,0.18045119453964217,0.22284188056235496,4.96289621241074,0.9261713440000008,0.0,1.0,0.0,0.8,0.0,0.8,0.0,0.08,0.07876712328767123,0.25,0.25
151,0.9765787534025827,0.5273462041924399,0.9566186926809526,0.5314054536809115,0.26107685272754566,0.5269377209430987,0.8287671232876712,0.40166556265452313,0.3866617093942057,0.09246575342465753,0.6914285714285714,0.38497783781892736,0.3781228707635822,0.07714285714285714,0.09931506849315068,0.09428571428571429,0.1657142857142857,7.171428571428572,0.0410958904109589,0.0,0.030452567856864777,0.13196634914903713,6.815068493150685,0.0,0.0,0.15,0.07876712328767123,0,0.18057722428122966,0.2217276711595432,4.95792400244824,0.9411919999999999,0.0,0.9696969696969697,0.0,0.8,0.0,0.8,0.0,0.08,0.09931506849315068,0.25,0.25
152,0.9760913792585308,0.5274935086142369,0.9562120833950579,0.5313835378133251,0.26107685272754566,0.5270887462288174,0.8356164383561644,0.40166556265452313,0.3866617093942057,0.09246575342465753,0.6971428571428572,0.38497783781892736,0.3781228707635822,0.07714285714285714,0.07534246575342465,0.07142857142857142,0.1657142857142857,7.222857142857142,0.0410958904109589,0.0,0.030452567856864777,0.13196634914903713,6.815068493150685,0.0,0.0,0.15,0.07876712328767123,0,0.1801314810169664,0.22061903280374548,4.930194093827845,0.9223681599999999,0.0,1.0,0.0,0.8,0.0,0.8,0.0,0.08,0.07534246575342465,0.25,0.25
153,0.9775285573545026,0.5268559987443537,0.9571056278042096,0.5312080964054396,0.26107685272754566,0.5273503490833388,0.8384879725085911,0.40239179562411326,0.386014882721445,0.09278350515463918,0.6971428571428572,0.38497783781892736,0.3781228707635822,0.07714285714285714,0.07903780068728522,0.08571428571428572,0.16857142857142857,7.265714285714286,0.041237113402061855,0.002857142857142857,0.030473756817884137,0.1319663491490371,6.790378006872852,0.0,0.0,0.15,0.07903780068728522,0,0.17980168146902442,0.21951593763972674,4.917304497665575,0.9039207967999998,0.0,1.0,0.0,0.8,0.0,0.8,0.0,0.08,0.0821917808219178,0.25,0.25
154,0.9770460955560819,0.52566522372061,0.9567044952803798,0.530162695416519,0.26107685272754566,0.5276235086126652,0.8109965635738832,0.40252925266878675,0.3861179755049502,0.09278350515463918,0.6742857142857143,0.38509212353321304,0.3782085850492965,0.07714285714285714,0.08934707903780069,0.08285714285714285,0.16857142857142857,7.305714285714286,0.044673539518900345,0.0,0.03047458748519016,0.1319663491490371,6.790378006872852,0.0,0.0,0.15,0.07903780068728522,0,0.17993024591882212,0.2254086741105588,4.901815550569406,0.8904026364603957,0.0,0.9655172413793104,0.0,0.8,0.0,0.8,0.0,0.08,0.08934707903780069,0.25,0.25
155,0.9753280949386143,0.5265755490843879,0.9553163155298873,0.5300111558534655,0.26107685272754566,0.5280221980448631,0.7448275862068966,0.40390866623445343,0.3868392524800367,0.09310344827586207,0.6171428571428571,0.3852064092474987,0.3782942993350108,0.07714285714285714,0.07931034482758621,0.07714285714285714,0.17142857142857143,7.325714285714286,0.04482758620689655,0.002857142857142857,0.030477324208011962,0.1319663491490371,6.779310344827586,0.0,0.0,0.15,0.07931034482758621,0,0.17997302326065662,0.224281630740006,4.880922096700875,0.9137712502822509,0.0,0.9629629629629629,0.0,0.8,0.0,0.8,0.0,0.08,0.08247422680412371,0.25,0.25
156,0.9755859517002913,0.5266666185481617,0.9555299682752768,0.5297945587659102,0.26107685272754566,0.5283601133770935,0.8310344827586207,0.40418452830341894,0.3870461490317608,0.09310344827586207,0.6885714285714286,0.3854349806760701,0.37846572790643934,0.07714285714285714,0.06551724137931035,0.06571428571428571,0.17142857142857143,7.351428571428571,0.04482758620689655,0.0,0.030479728962171222,0.1319663491490371,6.779310344827586,0.0,0.0,0.15,0.07931034482758621,0,0.18035844385863906,0.24615616862699627,4.849017940481143,0.9820000000000004,0.0,0.9130434782608695,0.0,0.8,0.0,0.8,0.0,0.08,0.06551724137931035,0.25,0.25
157,0.97574517405423,0.5259524412014014,0.9556312413970919,0.529720878976452,0.26107685272754566,0.5285552998964219,0.7958477508650519,0.4043911620568111,0.38749926139544566,0.09342560553633218,0.6571428571428571,0.3854349806760701,0.37846572790643934,0.07714285714285714,0.08650519031141868,0.08,0.1742857142857143,7.377142857142857,0.04152249134948097,0.002857142857142857,0.03047367866875545,0.1319663491490371,6.782006920415225,0.0,0.0,0.15,0.07958477508650519,0,0.18014122378220296,0.2449253877838613,4.83203758167152,0.9623600000000003,0.0,1.0,0.0,0.8,0.0,0.8,0.0,0.08,0.08620689655172414,0.25,0.25
158,0.9770778314719389,0.526109597274109,0.9567316356648574,0.529916651587426,0.26107685272754566,0.5287514883499834,0.8581314878892734,0.4043911620568111,0.38749926139544566,0.09342560553633218,0.7085714285714285,0.3854349806760701,0.37846572790643934,0.07714285714285714,0.07958477508650519,0.07714285714285714,0.1742857142857143,7.417142857142857,0.04152249134948097,0.0,0.03047367866875545,0.1319663491490371,6.782006920415225,0.0,0.0,0.15,0.07958477508650519,0,0.17981137552043483,0.243700760844942,4.812539687180947,0.9431128000000003,0.0,1.0,0.0,0.8,0.0,0.8,0.0,0.08,0.07958477508650519,0.25,0.25
159,0.9771386459130648,0.5254350291257361,0.9565811578796797,0.5293330210707846,0.26107685272754566,0.529017585311444,0.8083623693379791,0.405686242266316,0.38738581323305915,0.09407665505226481,0.6628571428571428,0.3854921235332131,0.3785085850492966,0.07714285714285714,0.09407665505226481,0.08857142857142856,0.18,7.474285714285714,0.03484320557491289,0.005714285714285714,0.03046749793577135,0.13196634914903713,6.7665505226480835,0.0,0.0,0.15,0.08013937282229965,0,0.17985489007140407,0.24248225704071727,4.804860322008756,0.9418774248742945,0.0,0.967741935483871,0.0,0.8,0.0,0.8,0.0,0.08,0.09688581314878893,0.25,0.25
160,0.9781543628279842,0.5256769727296513,0.9574140457499137,0.5294127181656418,0.26107685272754566,0.5292777826627909,0.7909407665505227,0.405686242266316,0.38738581323305915,0.09407665505226481,0.6485714285714286,0.3854921235332131,0.3785085850492966,0.07714285714285714,0.09407665505226481,0.08285714285714285,0.18,7.534285714285715,0.03484320557491289,0.0,0.03047775619577912,0.13196634914903713,6.7665505226480835,0.0,0.0,0.15,0.08013937282229965,0,0.17946961562104707,0.24126984575551372,4.791620258425724,0.9230398763768085,0.0,1.0,0.0,0.8,0.0,0.8,0.0,0.08,0.09407665505226481,0.25,0.25
161,0.9789914477872993,0.5261071848314589,0.958100455416552,0.5299281814815999,0.26107685272754566,0.5295242178161081,0.8222996515679443,0.405686242266316,0.38738581323305915,0.09407665505226481,0.6742857142857143,0.3854921235332131,0.3785085850492966,0.07714285714285714,0.11846689895470383,0.1,0.18,7.591428571428572,0.03832752613240418,0.0,0.03047775619577912,0.13196634914903713,6.7665505226480835,0.0,0.0,0.15,0.08013937282229965,0,0.17911455397151327,0.24006349652673614,4.79578785325721,0.9045790788492724,0.0,1.0,0.0,0.8,0.0,0.8,0.0,0.08,0.11846689895470383,0.25,0.25
162,0.9774973002281926,0.5265064719275491,0.9568706616701318,0.5300760322517809,0.26107685272754566,0.5297588640231343,0.8006993006993007,0.40602956232239334,0.3871911567665514,0.0944055944055944,0.6542857142857142,0.3854921235332131,0.3785085850492966,0.07714285714285714,0.0979020979020979,0.08857142857142856,0.18285714285714286,7.642857142857143,0.03496503496503497,0.002857142857142857,0.030480318035112683,0.13196634914903713,6.748251748251748,0.0,0.0,0.15,0.08041958041958042,0,0.17881826763022712,0.23886317904410245,4.788443524763495,0.8864874972722868,0.0,1.0,0.0,0.8,0.0,0.8,0.0,0.08,0.10104529616724739,0.25,0.25
163,0.9775008991151964,0.5261875076598528,0.9568736024749407,0.5297939505081004,0.26107685272754566,0.5299457297571638,0.8006993006993007,0.40602956232239334,0.3871911567665514,0.0944055944055944,0.6542857142857142,0.3854921235332131,0.3785085850492966,0.07714285714285714,0.08041958041958042,0.07714285714285714,0.18285714285714286,7.688571428571429,0.03496503496503497,0.0,0.030496132994051448,0.13196634914903713,6.748251748251748,0.0,0.0,0.15,0.08041958041958042,0,0.178324176292076,0.23766886314888194,4.769817511411081,0.8687577473268411,0.0,1.0,0.0,0.8,0.0,0.8,0.0,0.08,0.08041958041958042,0.25,0.25
164,0.9761675800750097,0.5264727766562429,0.9557840903449593,0.5299304612383806,0.26107685272754566,0.5302915753598827,0.7867132867132867,0.40602956232239334,0.3871911567665514,0.0944055944055944,0.6428571428571429,0.3854921235332131,0.3785085850492966,0.07714285714285714,0.10139860139860139,0.08571428571428572,0.18285714285714286,7.725714285714286,0.03146853146853147,0.0,0.030496132994051448,0.13196634914903713,6.748251748251748,0.0,0.0,0.15,0.08041958041958042,0,0.17800284255347273,0.2364805188331375,4.760135446897145,0.8513825923803042,0.0,1.0,0.0,0.8,0.0,0.8,0.0,0.08,0.10139860139860139,0.25,0.25
165,0.9758380300173396,0.5268104654172796,0.9555148008692632,0.530368708372314,0.26107685272754566,0.530548066849622,0.7622377622377622,0.40609949239232346,0.387243604318999,0.0944055944055944,0.6228571428571429,0.3855492663903559,0.37855144219215364,0.07714285714285714,0.08391608391608392,0.08285714285714285,0.18285714285714286,7.757142857142857,0.038461538461538464,0.0,0.030496132994051448,0.13196634914903713,6.748251748251748,0.0,0.0,0.15,0.08041958041958042,0,0.17802682834070538,0.24042390216631712,4.747789880816345,0.8444218296264708,0.0,0.9655172413793104,0.0,0.8,0.0,0.8,0.0,0.08,0.08391608391608392,0.25,0.25
166,0.9771542872984182,0.5263014483988521,0.9565903711046589,0.5300250883752553,0.26107685272754566,0.5307925207123136,0.8076923076923077,0.40609949239232346,0.387243604318999,0.0944055944055944,0.66,0.3855492663903559,0.37855144219215364,0.07714285714285714,0.06993006993006994,0.06857142857142857,0.18285714285714286,7.811428571428571,0.038461538461538464,0.0,0.030496132994051448,0.13196634914903713,6.748251748251748,0.0,0.0,0.15,0.08041958041958042,0,0.17767898062757329,0.23922178265548552,4.721405511771446,0.8275333930339415,0.0,1.0,0.0,0.8,0.0,0.8,0.0,0.08,0.06993006993006994,0.25,0.25
167,0.9769027805337809,0.5271795249893316,0.9563848541484123,0.530763639463706,0.26107685272754566,0.5310399965439276,0.8076923076923077,0.40630928260211363,0.38740094697634164,0.0944055944055944,0.66,0.38572069496178446,0.3786800136207251,0.07714285714285714,0.08041958041958042,0.07142857142857142,0.18285714285714286,7.86,0.04895104895104895,0.0,0.030496132994051448,0.13196634914903713,6.748251748251748,0.0,0.0,0.15,0.08041958041958042,0,0.1781040171494354,0.2380256737422081,4.698405972964589,0.8511682045816394,0.0,0.92,0.0,0.8,0.0,0.8,0.0,0.08,0.08041958041958042,0.25,0.25
168,0.9781544530765001,0.5269824804357575,0.9574076494261772,0.5303564579996546,0.26107685272754566,0.5312898549536362,0.8216783216783217,0.40644914274197375,0.3875058420812368,0.0944055944055944,0.6714285714285714,0.38583498067607014,0.3787657279064394,0.07714285714285714,0.08741258741258741,0.08285714285714285,0.18285714285714286,7.897142857142857,0.04895104895104895,0.0,0.030496132994051448,0.13196634914903713,6.748251748251748,0.0,0.0,0.15,0.08041958041958042,0,0.1786126406351168,0.24372869816104326,4.687294996362441,0.8565165808393183,0.0,0.9310344827586207,0.0,0.8,0.0,0.8,0.0,0.08,0.08741258741258741,0.25,0.25
169,0.9801034519714359,0.526790256840279,0.9570372041146928,0.5308343336547512,0.26107685272754566,0.5314493149730659,0.8063380281690141,0.408060010970223,0.38801531954420804,0.09507042253521127,0.6542857142857142,0.38583498067607014,0.3787657279064394,0.07714285714285714,0.0880281690140845,0.08,0.18857142857142858,7.937142857142857,0.045774647887323945,0.005714285714285714,0.030701843929024836,0.13196634914903713,6.323943661971831,0.0,0.0,0.15,0.08098591549295775,0,0.17817614957479838,0.24251005467023803,4.673549096435192,0.8393862492225319,0.0,1.0,0.0,0.8,0.0,0.8,0.0,0.08,0.0944055944055944,0.25,0.25
170,0.9800890572382327,0.5264512624962415,0.9560540507307704,0.5300376789669751,0.26107685272754566,0.5316207584572652,0.7985865724381626,0.4088778949365953,0.38850221924749784,0.09540636042402827,0.6457142857142857,0.38594926639035587,0.3788514421921536,0.07714285714285714,0.0812720848056537,0.07142857142857142,0.19142857142857142,7.997142857142857,0.04240282685512368,0.002857142857142857,0.030818447398411764,0.1319663491490371,6.23321554770318,0.0,0.0,0.15,0.0812720848056537,0,0.17828412739835298,0.24129750439688685,4.6515066859350584,0.8324123268396735,0.0,0.96,0.0,0.8,0.0,0.8,0.0,0.08,0.08450704225352113,0.25,0.25
171,0.9796525200663259,0.526405065360472,0.9557592149030106,0.5304851773477925,0.26107685272754566,0.5316839769230797,0.7943262411347518,0.4089647086750375,0.38748197277401103,0.09574468085106383,0.64,0.3860635521046416,0.378937156477868,0.07714285714285714,0.08865248226950355,0.07428571428571429,0.19428571428571428,8.042857142857143,0.04609929078014184,0.002857142857142857,0.030871336848698607,0.1319663491490371,6.184397163120567,0.0,0.0,0.15,0.08156028368794327,0,0.17827799247564688,0.24009101687490242,4.632762266502072,0.8737843314085597,0.0,0.9615384615384616,0.0,0.8,0.0,0.8,0.0,0.08,0.09187279151943463,0.25,0.25
172,0.979237381527935,0.5262413892545673,0.9554247318520785,0.5302526870785739,0.26107685272754566,0.531953323795467,0.8475177304964538,0.4089647086750375,0.38748197277401103,0.09574468085106383,0.6828571428571428,0.3860635521046416,0.378937156477868,0.07714285714285714,0.09219858156028368,0.07428571428571429,0.19428571428571428,8.097142857142858,0.04609929078014184,0.0,0.030893382622040146,0.1319663491490371,6.184397163120567,0.0,0.0,0.15,0.08156028368794327,0,0.17790031679898294,0.2388905617905279,4.614392735457745,0.8563086447803885,0.0,1.0,0.0,0.8,0.0,0.8,0.0,0.08,0.09219858156028368,0.25,0.25
173,0.978885934236334,0.5257766870525974,0.9551415657485602,0.5303757709829331,0.26107685272754566,0.5320542747056302,0.8120567375886525,0.40917747463248433,0.3876415472420961,0.09574468085106383,0.6542857142857142,0.3862349806760702,0.3790657279064394,0.07714285714285714,0.07801418439716312,0.06571428571428571,0.19428571428571428,8.142857142857142,0.04964539007092199,0.0,0.030893382622040146,0.1319663491490371,6.184397163120567,0.0,0.0,0.15,0.08156028368794327,0,0.17821067235784516,0.24387139952306985,4.587819166462876,0.9076479171200007,0.0,0.9130434782608695,0.0,0.8,0.0,0.8,0.0,0.08,0.07801418439716312,0.25,0.25
174,0.9784051447326308,0.52531790041353,0.954754186777005,0.5298225634888091,0.26107685272754566,0.5321521142516605,0.8226950354609929,0.4093193186041155,0.3877479302208195,0.09574468085106383,0.6628571428571428,0.386349266390356,0.3791514421921537,0.07714285714285714,0.08156028368794327,0.06571428571428571,0.19428571428571428,8.188571428571429,0.04964539007092199,0.0,0.030893382622040146,0.1319663491490371,6.184397163120567,0.0,0.0,0.15,0.08156028368794327,0,0.17826147685319882,0.2426520425254545,4.561777068847904,0.9242505440000003,0.0,0.9565217391304348,0.0,0.8,0.0,0.8,0.0,0.08,0.08156028368794327,0.25,0.25
175,0.9793239553288642,0.5259628016406356,0.9554944856002557,0.5306365716673453,0.26107685272754566,0.5321284478239238,0.7624113475177305,0.4094611625757467,0.38785431319954294,0.09929078014184398,0.6142857142857143,0.3864635521046416,0.379237156477868,0.08,0.07446808510638298,0.06285714285714286,0.19428571428571428,8.24,0.05319148936170213,0.0,0.030893382622040146,0.1319663491490371,6.184397163120567,0.0,0.0,0.15,0.08156028368794327,0,0.17822688375464707,0.25602891263751926,4.533398670328088,0.9057655331200002,0.0,0.9545454545454546,0.0,0.8,0.0,0.8,0.0,0.08,0.07446808510638298,0.25,0.25
176,0.9797684439736661,0.5261431857150527,0.9558526164512103,0.5307667732894671,0.26107685272754566,0.5321989227335928,0.8226950354609929,0.4094611625757467,0.38785431319954294,0.09929078014184398,0.6628571428571428,0.3864635521046416,0.379237156477868,0.08,0.04964539007092199,0.04,0.19428571428571428,8.274285714285714,0.05319148936170213,0.0,0.030893382622040146,0.1319663491490371,6.184397163120567,0.0,0.0,0.15,0.08156028368794327,0,0.1781009397833178,0.25474876807433167,4.482730696921526,0.8876502224576002,0.0,1.0,0.0,0.8,0.0,0.8,0.0,0.08,0.04964539007092199,0.25,0.25
177,0.9804809237677349,0.5264539674261811,0.9557644727374268,0.5309057696283437,0.26107685272754566,0.5322956270556108,0.8291814946619217,0.4095792247963523,0.3878079192832822,0.099644128113879,0.6657142857142857,0.3865206949617845,0.37928001362072516,0.08,0.07829181494661921,0.07142857142857142,0.19714285714285715,8.322857142857142,0.0498220640569395,0.002857142857142857,0.03093867561440261,0.1319663491490371,6.128113879003559,0.0,0.0,0.15,0.08185053380782918,0,0.1781811493701155,0.25347502423396,4.464504654411668,0.8894949587776007,0.0,0.96,0.0,0.8,0.0,0.8,0.0,0.08,0.08156028368794327,0.25,0.25
178,0.9804999141408132,0.5268589086115595,0.9557714350541752,0.5314360576897277,0.26107685272754566,0.5324470230482989,0.8357142857142857,0.40933022523513907,0.388951137967151,0.1,0.6685714285714286,0.3865206949617845,0.37928001362072516,0.08,0.06785714285714285,0.054285714285714284,0.2,8.368571428571428,0.04642857142857143,0.002857142857142857,0.030946577897310933,0.13196634914903713,6.114285714285714,0.0,0.0,0.15,0.07857142857142857,0,0.17774681576612206,0.2522076491127902,4.429500275609148,0.8717050596020486,0.0,1.0,0.0,0.8,0.0,0.8,0.0,0.08,0.06761565836298933,0.25,0.25
179,0.980180538886371,0.5268565801766091,0.9555159348506214,0.5312210442543301,0.26107685272754566,0.5326154055585007,0.8107142857142857,0.4094730823779962,0.38905828082429383,0.1,0.6485714285714286,0.38663498067607016,0.37936572790643946,0.08,0.08928571428571429,0.07428571428571429,0.2,8.417142857142856,0.05,0.0,0.030959579477119636,0.13196634914903713,6.114285714285714,0.0,0.0,0.15,0.07857142857142857,0,0.17788508525514857,0.25094661086722625,4.415195984382679,0.8876502224576002,0.0,0.9615384615384616,0.0,0.8,0.0,0.8,0.0,0.08,0.08928571428571429,0.25,0.25
180,0.9808411098794043,0.5269580488323089,0.9560301389352688,0.5312104116949407,0.26107685272754566,0.5327133829160026,0.8387096774193549,0.40955446665023704,0.3887135853540987,0.1003584229390681,0.6685714285714286,0.38663498067607016,0.37936572790643946,0.08,0.07526881720430108,0.06285714285714286,0.20285714285714285,8.468571428571428,0.05017921146953405,0.002857142857142857,0.0309654437032679,0.13196634914903713,6.10752688172043,0.0,0.0,0.15,0.07885304659498207,0,0.17736694554315852,0.24969187781289012,4.3897492075521685,0.8698972180084482,0.0,1.0,0.0,0.8,0.0,0.8,0.0,0.08,0.07857142857142857,0.25,0.25
181,0.9798370688329049,0.5269460385078615,0.9552297747867737,0.5311763968937409,0.26107685272754566,0.5327052405958542,0.8279569892473119,0.4096261512380506,0.388767348794959,0.1003584229390681,0.66,0.386692123533213,0.37940858504929653,0.08,0.08602150537634409,0.06857142857142857,0.20285714285714285,8.505714285714285,0.05017921146953405,0.0,0.0309654437032679,0.13196634914903713,6.10752688172043,0.0,0.0,0.15,0.07885304659498207,0,0.17739368295829994,0.2496308032441593,4.370525651972553,0.8735497959220491,0.0,0.9583333333333334,0.0,0.8,0.0,0.8,0.0,0.08,0.08602150537634409,0.25,0.25
182,0.9806853132482729,0.5275520864401,0.9559059467635953,0.531706461020106,0.26107685272754566,0.5326014154295271,0.7777777777777778,0.4099128895893051,0.38898240255839983,0.1003584229390681,0.62,0.3869206949617845,0.37958001362072513,0.08,0.07885304659498207,0.06571428571428571,0.20285714285714285,8.565714285714286,0.05017921146953405,0.0,0.0309654437032679,0.13196634914903713,6.10752688172043,0.0,0.0,0.15,0.07885304659498207,0,0.17776328668636557,0.254262611321951,4.348829424647389,0.9076479171200007,0.0,0.9130434782608695,0.0,0.8,0.0,0.8,0.0,0.08,0.07885304659498207,0.25,0.25
183,0.98019906224261,0.5278172446161558,0.9555183352476527,0.5321859764175236,0.26107685272754566,0.5323297166411758,0.7992831541218638,0.4099128895893051,0.38898240255839983,0.1003584229390681,0.6371428571428571,0.3869206949617845,0.37958001362072513,0.08,0.08960573476702509,0.07142857142857142,0.20285714285714285,8.617142857142857,0.053763440860215055,0.0,0.0309654437032679,0.13196634914903713,6.10752688172043,0.0,0.0,0.15,0.07885304659498207,0,0.17755776380652302,0.2529912982653413,4.333281407583011,0.8894949587776007,0.0,1.0,0.0,0.8,0.0,0.8,0.0,0.08,0.08960573476702509,0.25,0.25
184,0.9793245647083297,0.52732484499042,0.9548212357846122,0.5311352211212926,0.26107685272754566,0.5320052513350749,0.8136200716845878,0.4100562587649323,0.3890899294401203,0.1003584229390681,0.6485714285714286,0.38703498067607023,0.37966572790643943,0.08,0.0967741935483871,0.07714285714285714,0.20285714285714285,8.668571428571429,0.053763440860215055,0.0,0.0309654437032679,0.13196634914903713,6.10752688172043,0.0,0.0,0.15,0.07885304659498207,0,0.17758397498749037,0.25172634177401454,4.323758636574208,0.9085484269272507,0.0,0.9629629629629629,0.0,0.8,0.0,0.8,0.0,0.08,0.0967741935483871,0.25,0.25
185,0.9784480914904413,0.5271600314426104,0.953937862336868,0.5306925272970003,0.26107685272754566,0.5317033665703724,0.8129496402877698,0.4110992551121709,0.38942281250508143,0.10071942446043165,0.6457142857142857,0.3870921235332131,0.3797085850492965,0.08,0.08633093525179857,0.07142857142857142,0.2057142857142857,8.72,0.050359712230215826,0.002857142857142857,0.0309837692321724,0.13196634914903713,6.086330935251799,0.0,0.0,0.15,0.07913669064748201,0,0.17760977011255294,0.25046771006514446,4.308712035271296,0.9340232921703918,0.0,0.96,0.0,0.8,0.0,0.8,0.0,0.08,0.08960573476702509,0.25,0.25
186,0.9799277267128642,0.5268184170297654,0.9551131154563921,0.5302502458685201,0.26107685272754566,0.5314291165034796,0.7841726618705036,0.41145896734238674,0.3896925966777433,0.10071942446043165,0.6228571428571429,0.38737783781892726,0.3799228707635823,0.08,0.08633093525179857,0.07714285714285714,0.2057142857142857,8.768571428571429,0.0539568345323741,0.0,0.03099306721271977,0.13196634914903713,6.086330935251799,0.0,0.0,0.15,0.07913669064748201,0,0.17868778081423267,0.24921537151481873,4.2996806517087265,0.9643600000000009,0.0,0.8888888888888888,0.0,0.8,0.0,0.8,0.0,0.08,0.08633093525179857,0.25,0.25
187,0.9799141147644994,0.5276962079899858,0.9549843292502141,0.5310382723986332,0.26107685272754566,0.5311552084763583,0.7581227436823105,0.4109803590942869,0.39052104767982004,0.10108303249097472,0.6,0.38737783781892726,0.3799228707635823,0.08,0.10469314079422383,0.08571428571428572,0.20857142857142857,8.808571428571428,0.05054151624548736,0.002857142857142857,0.03105518552379939,0.13196634914903713,5.913357400722021,0.0,0.0,0.15,0.07942238267148015,0,0.17842205691016153,0.24796929465724463,4.299401324388838,0.9450728000000008,0.0,1.0,0.0,0.8,0.0,0.8,0.0,0.08,0.1079136690647482,0.25,0.25
188,0.9798985170770763,0.5270121183413811,0.9547813832690576,0.5304727607331293,0.26107685272754566,0.5308680832924803,0.8079710144927537,0.41107157143925627,0.3908246552289713,0.10144927536231885,0.6371428571428571,0.38749212353321305,0.3800085850492966,0.08,0.07971014492753623,0.06571428571428571,0.21142857142857144,8.851428571428572,0.04710144927536232,0.002857142857142857,0.031103699161955354,0.13196634914903713,5.905797101449275,0.0,0.0,0.15,0.07971014492753623,0,0.17835851805418215,0.2467294481839584,4.279127583615347,0.9603999999999999,0.0,0.9565217391304348,0.0,0.8,0.0,0.8,0.0,0.08,0.08303249097472924,0.25,0.25
189,0.9796372050858253,0.5273942176923775,0.954575320098814,0.5310095739227185,0.26107685272754566,0.5304404075540352,0.7898550724637681,0.4111440352073722,0.39087900305505824,0.10144927536231885,0.6228571428571429,0.38754926639035586,0.3800514421921537,0.08,0.07971014492753623,0.06571428571428571,0.21142857142857144,8.894285714285715,0.050724637681159424,0.0,0.0311147153677723,0.13196634914903713,5.905797101449275,0.0,0.0,0.15,0.07971014492753623,0,0.1784091540353398,0.2454958009430386,4.2592593176573255,0.9411919999999999,0.0,0.9565217391304348,0.0,0.8,0.0,0.8,0.0,0.08,0.07971014492753623,0.25,0.25
190,0.9789486308142983,0.5282345743515467,0.9540323301018381,0.5318651578024638,0.26107685272754566,0.5300230965844058,0.75,0.4112164989754881,0.3909333508811452,0.10144927536231885,0.5914285714285714,0.38760640924749873,0.38009429933501077,0.08,0.07971014492753623,0.06285714285714286,0.21142857142857144,8.93142857142857,0.05434782608695652,0.0,0.0311147153677723,0.13196634914903713,5.905797101449275,0.0,0.0,0.15,0.07971014492753623,0,0.17831696540802025,0.24426832193832343,4.236931274161322,0.9261713440000008,0.0,0.9545454545454546,0.0,0.8,0.0,0.8,0.0,0.08,0.07971014492753623,0.25,0.25
191,0.9792310854955328,0.5277101426378799,0.9542550657933261,0.5313249564248732,0.26107685272754566,0.5297939438834384,0.8152173913043478,0.4112164989754881,0.3909333508811452,0.10144927536231885,0.6428571428571429,0.38760640924749873,0.38009429933501077,0.08,0.09782608695652174,0.07714285714285714,0.21142857142857144,8.968571428571428,0.05434782608695652,0.0,0.0311147153677723,0.13196634914903713,5.905797101449275,0.0,0.0,0.15,0.07971014492753623,0,0.1781943884202837,0.24304698032863178,4.229335505820952,0.9076479171200007,0.0,1.0,0.0,0.8,0.0,0.8,0.0,0.08,0.09782608695652174,0.25,0.25
192,0.9789657461105167,0.527943727438542,0.9540458267354277,0.5315678895573348,0.26107685272754566,0.5296047555428904,0.8007246376811594,0.4112164989754881,0.3909333508811452,0.10144927536231885,0.6314285714285715,0.38760640924749873,0.38009429933501077,0.08,0.09057971014492754,0.07142857142857142,0.21142857142857144,9.02,0.05434782608695652,0.0,0.0311147153677723,0.13196634914903713,5.905797101449275,0.0,0.0,0.15,0.07971014492753623,0,0.17816041647818232,0.24183174542698863,4.216177367133104,0.8894949587776007,0.0,0.96,0.0,0.8,0.0,0.8,0.0,0.08,0.09057971014492754,0.25,0.25
193,0.9796130988102411,0.5275164161906042,0.9545563105786387,0.5315744919663525,0.26107685272754566,0.5292787247362807,0.8152173913043478,0.4113614265117201,0.39104204653331914,0.10144927536231885,0.6428571428571429,0.38772069496178446,0.3801800136207251,0.08,0.07971014492753623,0.06285714285714286,0.21142857142857144,9.054285714285715,0.05434782608695652,0.0,0.0311147153677723,0.13196634914903713,5.905797101449275,0.0,0.0,0.15,0.07971014492753623,0,0.17812647153864855,0.24062258669985367,4.194710962647585,0.9043890323733196,0.0,0.9545454545454546,0.0,0.8,0.0,0.8,0.0,0.08,0.07971014492753623,0.25,0.25
194,0.9803176320638981,0.5278877796141055,0.9551094749418946,0.5315707381740588,0.26107685272754566,0.5288590273270773,0.8436363636363636,0.4111181288338683,0.3917671748762184,0.10181818181818182,0.6628571428571428,0.38772069496178446,0.3801800136207251,0.08,0.08,0.06571428571428571,0.21428571428571427,9.094285714285714,0.05090909090909091,0.002857142857142857,0.031165999567259996,0.13196634914903713,5.803636363636364,0.0,0.0,0.15,0.08,0,0.17829169775238388,0.23941947376635442,4.176531029108919,0.8863012517258532,0.0,1.0,0.0,0.8,0.0,0.8,0.0,0.08,0.08333333333333333,0.25,0.25
195,0.9799790904635364,0.5287613676456596,0.9547869270904484,0.5318660941326778,0.26107685272754566,0.5284794789737497,0.8284671532846716,0.4102649626166283,0.3915598141026783,0.10218978102189781,0.6485714285714286,0.38777783781892733,0.38022287076358224,0.08,0.08394160583941605,0.06571428571428571,0.21714285714285714,9.137142857142857,0.04744525547445255,0.002857142857142857,0.031228288789352864,0.1319663491490371,5.751824817518248,0.0,0.0,0.15,0.08029197080291971,0,0.17828566783505048,0.23822237639752264,4.158714694241026,0.8743016904307533,0.0,0.9565217391304348,0.0,0.8,0.0,0.8,0.0,0.08,0.08363636363636363,0.25,0.25
196,0.9804166268227806,0.5281728652683504,0.9551294555545424,0.5315970253885871,0.26107685272754566,0.5280875204889617,0.8029197080291971,0.4102649626166283,0.3915598141026783,0.10218978102189781,0.6285714285714286,0.38777783781892733,0.38022287076358224,0.08,0.07664233576642336,0.06285714285714286,0.21714285714285714,9.174285714285714,0.04744525547445255,0.0,0.031242681802589066,0.1319663491490371,5.751824817518248,0.0,0.0,0.15,0.08029197080291971,0,0.17819417227877385,0.23703126451553502,4.138397543213349,0.8568156566221383,0.0,1.0,0.0,0.8,0.0,0.8,0.0,0.08,0.07664233576642336,0.25,0.25
197,0.9802728636072817,0.5284908678640745,0.955016909494409,0.5316407319118773,0.26107685272754566,0.5275294483252162,0.8357664233576643,0.4104109480180882,0.39166930315377324,0.10218978102189781,0.6542857142857142,0.387892123533213,0.38030858504929654,0.08,0.09854014598540146,0.07714285714285714,0.21714285714285714,9.228571428571428,0.04744525547445255,0.0,0.031242681802589066,0.1319663491490371,5.751824817518248,0.0,0.0,0.15,0.08029197080291971,0,0.1784159192709514,0.24592984621539876,4.132772449491939,0.8410725094996917,0.0,0.9629629629629629,0.0,0.8,0.0,0.8,0.0,0.08,0.09854014598540146,0.25,0.25
198,0.978852026012658,0.5273986428885238,0.9537622964095791,0.5310014791279086,0.26107685272754566,0.526922665527701,0.8131868131868132,0.4108541299816674,0.39201856807031965,0.10622710622710622,0.6342857142857142,0.3880064092474988,0.38039429933501084,0.08285714285714285,0.05128205128205128,0.04,0.22,9.277142857142858,0.04395604395604396,0.002857142857142857,0.03124794112791215,0.1319663491490371,5.743589743589744,0.0,0.0,0.15,0.08058608058608059,0,0.1782658425281681,0.2567171356104855,4.090117000502101,0.856078800003608,0.0,0.9285714285714286,0.0,0.8,0.0,0.8,0.0,0.08,0.051094890510948905,0.25,0.25
199,0.9801025190802053,0.5278099710793015,0.9547376810022661,0.531447666922648,0.26107685272754566,0.5264307390054417,0.8131868131868132,0.4108541299816674,0.39201856807031965,0.10622710622710622,0.6342857142857142,0.3880064092474988,0.38039429933501084,0.08285714285714285,0.06593406593406594,0.05142857142857143,0.22,9.314285714285715,0.04395604395604396,0.0,0.03125854929202437,0.1319663491490371,5.743589743589744,0.0,0.0,0.15,0.08058608058608059,0,0.17791622831552725,0.25543354993243306,4.0597432319206295,0.8389572240035359,0.0,1.0,0.0,0.8,0.0,0.8,0.0,0.08,0.06593406593406594,0.25,0.25
200,0.9805173356010686,0.5277570265936314,0.9546111241000436,0.5313967482852663,0.26107685272754566,0.5258141659824003,0.8125,0.4101741338408818,0.39130191720774654,0.10661764705882353,0.6314285714285715,0.3880064092474988,0.38039429933501084,0.08285714285714285,0.09558823529411764,0.07428571428571429,0.22285714285714286,9.365714285714287,0.04411764705882353,0.002857142857142857,0.03126216389627333,0.13196634914903713,5.727941176470588,0.0,0.0,0.15,0.08088235294117647,0,0.17762550574537816,0.25415638218277087,4.052834081567931,0.8221780795234651,0.0,1.0,0.0,0.8,0.0,0.8,0.0,0.08,0.09523809523809523,0.25,0.25
201,0.9811642489051605,0.52740372893222,0.9551138681535092,0.5314926206418457,0.26107685272754566,0.5252571814770534,0.8125,0.4101741338408818,0.39130191720774654,0.10661764705882353,0.6314285714285715,0.3880064092474988,0.38039429933501084,0.08285714285714285,0.08088235294117647,0.06285714285714286,0.22285714285714286,9.385714285714286,0.04044117647058824,0.0,0.03126999076900517,0.13196634914903713,5.727941176470588,0.0,0.0,0.15,0.08088235294117647,0,0.17719352392736556,0.252885600271857,4.034634542793715,0.8057345179329959,0.0,1.0,0.0,0.8,0.0,0.8,0.0,0.08,0.08088235294117647,0.25,0.25
202,0.98112206713537,0.5264279905604001,0.9550810868924149,0.5305648451269905,0.26107685272754566,0.5246676993894216,0.8419117647058824,0.4101741338408818,0.39130191720774654,0.10661764705882353,0.6542857142857142,0.3880064092474988,0.38039429933501084,0.08285714285714285,0.07720588235294118,0.06,0.22285714285714286,9.42,0.04411764705882353,0.0,0.03126999076900517,0.13196634914903713,5.727941176470588,0.0,0.0,0.15,0.08088235294117647,0,0.17693413486131804,0.2516211722704977,4.01394185193784,0.7896198275743359,0.0,1.0,0.0,0.8,0.0,0.8,0.0,0.08,0.07720588235294118,0.25,0.25
203,0.981189856893121,0.5268396813702217,0.9551337692184386,0.5305855971026511,0.26107685272754566,0.5241588796230199,0.8713235294117647,0.41024766325264655,0.39135706426657013,0.10661764705882353,0.6771428571428572,0.3880635521046416,0.380437156477868,0.08285714285714285,0.08455882352941177,0.06857142857142857,0.22285714285714286,9.457142857142857,0.04411764705882353,0.0,0.03126999076900517,0.13196634914903713,5.727941176470588,0.0,0.0,0.15,0.08088235294117647,0,0.17696289347272573,0.26506376575357554,4.002234443470513,0.8204418284569713,0.0,0.9583333333333334,0.0,0.8,0.0,0.8,0.0,0.08,0.08455882352941177,0.25,0.25
204,0.9810812653077843,0.5273820726774915,0.9547712213091196,0.5307413531216174,0.26107685272754566,0.5236719955802757,0.8487084870848709,0.4099035905888129,0.39159823080236406,0.1070110701107011,0.6571428571428571,0.38823498067607015,0.3805657279064394,0.08285714285714285,0.08118081180811808,0.07142857142857142,0.2257142857142857,9.494285714285715,0.04059040590405904,0.002857142857142857,0.03130126622117287,0.13196634914903713,5.6900369003690034,0.0,0.0,0.15,0.08118081180811808,0,0.17739193614821921,0.26373844692480763,3.993618326029673,0.8877990563219696,0.0,0.92,0.0,0.8,0.0,0.8,0.0,0.08,0.08455882352941177,0.25,0.25
205,0.9812348163911995,0.5272168365674952,0.9548254039791935,0.5304930577563508,0.26107685272754566,0.5231839387620875,0.8518518518518519,0.4107760104469821,0.39138344067332825,0.10740740740740741,0.6571428571428571,0.38823498067607015,0.3805657279064394,0.08285714285714285,0.07037037037037037,0.05714285714285714,0.22857142857142856,9.522857142857143,0.040740740740740744,0.002857142857142857,0.031351078526207624,0.1319663491490371,5.562962962962963,0.0,0.0,0.15,0.08148148148148149,0,0.17698997718176387,0.26241975469018364,3.970888816651937,0.8700430751955303,0.0,1.0,0.0,0.8,0.0,0.8,0.0,0.08,0.07380073800738007,0.25,0.25
206,0.9815622325199712,0.5267142306953263,0.9547819152934864,0.5301077515855078,0.26107685272754566,0.5226926433330316,0.8550185873605948,0.40949104212675164,0.39116386809035625,0.10780669144981413,0.6571428571428571,0.38834926639035594,0.38065144219215363,0.08285714285714285,0.06691449814126393,0.054285714285714284,0.23142857142857143,9.554285714285715,0.040892193308550186,0.002857142857142857,0.031414607497253534,0.1319663491490371,5.553903345724907,0.0,0.0,0.15,0.08178438661710037,0,0.17701831586371217,0.275108819137614,3.9457567546046124,0.9265104208011626,0.0,0.9473684210526315,0.0,0.8,0.0,0.8,0.0,0.08,0.07037037037037037,0.25,0.25
207,0.981322491652336,0.5264767734075186,0.9545976573123611,0.530058586104852,0.26107685272754566,0.5222088384865956,0.8587360594795539,0.40949104212675164,0.39116386809035625,0.10780669144981413,0.66,0.38834926639035594,0.38065144219215363,0.08285714285714285,0.055762081784386616,0.04285714285714286,0.23142857142857143,9.594285714285714,0.040892193308550186,0.0,0.031419903930306435,0.1319663491490371,5.553903345724907,0.0,0.0,0.15,0.08178438661710037,0,0.17650408214153648,0.2737332750419259,3.9096987623696635,0.9079802123851394,0.0,1.0,0.0,0.8,0.0,0.8,0.0,0.08,0.055762081784386616,0.25,0.25
208,0.9821698485883945,0.5264327359920512,0.9552489116432175,0.5299798127299327,0.26107685272754566,0.5219339693696948,0.8736059479553904,0.40949104212675164,0.39116386809035625,0.10780669144981413,0.6714285714285714,0.38834926639035594,0.38065144219215363,0.08285714285714285,0.08178438661710037,0.06571428571428571,0.23142857142857143,9.628571428571428,0.040892193308550186,0.0,0.031419903930306435,0.1319663491490371,5.553903345724907,0.0,0.0,0.15,0.08178438661710037,0,0.1761919910165431,0.27236460866671625,3.8972190728365557,0.8898206081374366,0.0,1.0,0.0,0.8,0.0,0.8,0.0,0.08,0.08178438661710037,0.25,0.25
209,0.9824550734565992,0.5263759207173418,0.9554642917211786,0.5294635060762303,0.26107685272754566,0.5216691972283325,0.8432835820895522,0.4101711292005331,0.3903776496746631,0.10820895522388059,0.6457142857142857,0.38834926639035594,0.38065144219215363,0.08285714285714285,0.029850746268656716,0.025714285714285714,0.2342857142857143,9.682857142857143,0.03731343283582089,0.002857142857142857,0.031443702163235714,0.13196634914903713,5.529850746268656,0.0,0.0,0.15,0.08208955223880597,0,0.17573648450826332,0.27100278562338265,3.844988977094111,0.8720241959746877,0.0,1.0,0.0,0.8,0.0,0.8,0.0,0.08,0.02973977695167286,0.25,0.25
210,0.9813602147567132,0.526283148496591,0.9546259427738375,0.5291305809495483,0.26107685272754566,0.5213176240355321,0.8507462686567164,0.41032038293187645,0.3904895899731705,0.10820895522388059,0.6514285714285715,0.3884635521046416,0.380737156477868,0.08285714285714285,0.055970149253731345,0.045714285714285714,0.2342857142857143,9.72,0.03731343283582089,0.0,0.031443702163235714,0.13196634914903713,5.529850746268656,0.0,0.0,0.15,0.07835820895522388,0,0.17565723065715055,0.2696477716952657,3.813803483266514,0.8644933116314159,0.0,0.9375,0.0,0.8,0.0,0.8,0.0,0.08,0.055970149253731345,0.25,0.25
211,0.9806503353785209,0.5260586732711728,0.9540823779928217,0.5292515314069541,0.26107685272754566,0.5208385543177517,0.832089552238806,0.41032038293187645,0.3904895899731705,0.10820895522388059,0.6371428571428571,0.3884635521046416,0.380737156477868,0.08285714285714285,0.08208955223880597,0.06285714285714286,0.2342857142857143,9.757142857142858,0.03731343283582089,0.0,0.031443702163235714,0.13196634914903713,5.529850746268656,0.0,0.0,0.15,0.07835820895522388,0,0.17549023948602552,0.2682995328367894,3.8003845564583267,0.8472034453987876,0.0,1.0,0.0,0.8,0.0,0.8,0.0,0.08,0.08208955223880597,0.25,0.25
212,0.9787864096028145,0.5259104361732447,0.9526551433988523,0.5293905409534787,0.26107685272754566,0.5203846866842814,0.835820895522388,0.41032038293187645,0.3904895899731705,0.10820895522388059,0.64,0.3884635521046416,0.380737156477868,0.08285714285714285,0.07462686567164178,0.05714285714285714,0.2342857142857143,9.817142857142857,0.03731343283582089,0.0,0.031443702163235714,0.13196634914903713,5.529850746268656,0.0,0.0,0.15,0.07835820895522388,0,0.17549793186002396,0.26695803517260547,3.7815197224720163,0.8302593764908117,0.0,0.95,0.0,0.8,0.0,0.8,0.0,0.08,0.07462686567164178,0.25,0.25
213,0.979869340952954,0.5256132887577124,0.9534843594041018,0.52910787891302,0.26107685272754566,0.5199878574382321,0.8171641791044776,0.41032038293187645,0.3904895899731705,0.10820895522388059,0.6257142857142857,0.3884635521046416,0.380737156477868,0.08285714285714285,0.10074626865671642,0.07714285714285714,0.2342857142857143,9.84,0.03731343283582089,0.0,0.031443702163235714,0.13196634914903713,5.529850746268656,0.0,0.0,0.15,0.07835820895522388,0,0.17527545004002745,0.26562324499674245,3.7830321851654336,0.8136541889609955,0.0,1.0,0.0,0.8,0.0,0.8,0.0,0.08,0.10074626865671642,0.25,0.25
214,0.9816888074501455,0.524838174675855,0.9548775508933802,0.5286962795696049,0.26107685272754566,0.5196568209366369,0.8208955223880597,0.41032038293187645,0.3904895899731705,0.10820895522388059,0.6285714285714286,0.3884635521046416,0.380737156477868,0.08285714285714285,0.048507462686567165,0.037142857142857144,0.2342857142857143,9.865714285714287,0.03731343283582089,0.0,0.031443702163235714,0.13196634914903713,5.529850746268656,0.0,0.0,0.15,0.07835820895522388,0,0.17462764421839871,0.2642951287717587,3.7445143986049816,0.7973811051817756,0.0,1.0,0.0,0.8,0.0,0.8,0.0,0.08,0.048507462686567165,0.25,0.25
215,0.9819848748996204,0.5244491456395235,0.9551042539689779,0.5284947707260153,0.26107685272754566,0.5193155122421279,0.8171641791044776,0.41061889039456295,0.3907134705701854,0.10820895522388059,0.6257142857142857,0.3886921235332131,0.3809085850492966,0.08285714285714285,0.09328358208955224,0.07428571428571429,0.2342857142857143,9.882857142857143,0.03731343283582089,0.0,0.031443702163235714,0.13196634914903713,5.529850746268656,0.0,0.0,0.15,0.07835820895522388,0,0.1752675067115924,0.28689300647256333,3.743909824918597,0.8362627985568107,0.0,0.9230769230769231,0.0,0.8,0.0,0.8,0.0,0.08,0.09328358208955224,0.25,0.25
216,0.9815687494254853,0.5241197084397645,0.954785620748783,0.5281639924697351,0.26107685272754566,0.5189337601075782,0.8246268656716418,0.41091739785724957,0.3909373511672003,0.10820895522388059,0.6314285714285715,0.3889206949617845,0.38108001362072513,0.08285714285714285,0.06343283582089553,0.04857142857142857,0.2342857142857143,9.92,0.03731343283582089,0.0,0.031443702163235714,0.13196634914903713,5.529850746268656,0.0,0.0,0.15,0.07835820895522388,0,0.17556216989232018,0.2854585414402005,3.7176030569916527,0.9731769830991505,0.0,0.8823529411764706,0.0,0.8,0.0,0.8,0.0,0.08,0.06343283582089553,0.25,0.25
217,0.9808778895829793,0.5233006373100562,0.9542566194979499,0.5272300214571054,0.26107685272754566,0.5183812108630076,0.8619402985074627,0.41091739785724957,0.3909373511672003,0.10820895522388059,0.66,0.3889206949617845,0.38108001362072513,0.08285714285714285,0.10074626865671642,0.08,0.2342857142857143,9.968571428571428,0.03731343283582089,0.0,0.031443702163235714,0.13196634914903713,5.529850746268656,0.0,0.0,0.15,0.07835820895522388,0,0.17525493047142998,0.2840312487329995,3.7232509958518194,0.9537134434371675,0.0,1.0,0.0,0.8,0.0,0.8,0.0,0.08,0.10074626865671642,0.25,0.25
218,0.982092465583658,0.5218063126089885,0.9547209833721018,0.5264526907248135,0.26107685272754566,0.5177827795094003,0.8539325842696629,0.4112577172854821,0.3909360199590632,0.10861423220973783,0.6514285714285715,0.3890349806760702,0.3811657279064393,0.08285714285714285,0.10486891385767791,0.08285714285714285,0.23714285714285716,10.01142857142857,0.04119850187265917,0.002857142857142857,0.03145809550411347,0.13196634914903713,5.49812734082397,0.0,0.0,0.15,0.07865168539325842,0,0.17523565581907283,0.2839474066886799,3.7316431187919266,0.9630736868745261,0.0,0.9655172413793104,0.0,0.8,0.0,0.8,0.0,0.08,0.10820895522388059,0.25,0.25
219,0.9821145426333979,0.5222195484198756,0.9547378250071891,0.5270217325235826,0.26107685272754566,0.5169680554307424,0.7940074906367042,0.4114075300195645,0.39104837950962495,0.10861423220973783,0.6057142857142858,0.38914926639035596,0.38125144219215373,0.08285714285714285,0.06741573033707865,0.05142857142857143,0.23714285714285716,10.054285714285715,0.0449438202247191,0.0,0.03147571975319954,0.13196634914903713,5.49812734082397,0.0,0.0,0.15,0.07865168539325842,0,0.17515862325069176,0.29018963433020145,3.708438827844659,0.9697002948756887,0.0,0.9444444444444444,0.0,0.8,0.0,0.8,0.0,0.08,0.06741573033707865,0.25,0.25
220,0.9829540055746149,0.5220535196211836,0.9553782153080603,0.5270507996678243,0.26107685272754566,0.5162773401664341,0.8052434456928839,0.4114075300195645,0.39104837950962495,0.10861423220973783,0.6142857142857143,0.38914926639035596,0.38125144219215373,0.08285714285714285,0.06367041198501873,0.04857142857142857,0.23714285714285716,10.094285714285714,0.0449438202247191,0.0,0.03147571975319954,0.13196634914903713,5.49812734082397,0.0,0.0,0.15,0.07865168539325842,0,0.17468211656300972,0.2887386861585505,3.6828414798591944,0.9503062889781748,0.0,1.0,0.0,0.8,0.0,0.8,0.0,0.08,0.06367041198501873,0.25,0.25
221,0.9827527676530562,0.522454920491213,0.9552246995221857,0.527309459675284,0.26107685272754566,0.5156612529186514,0.8014981273408239,0.41155734275364686,0.3911607390601868,0.11235955056179775,0.6114285714285714,0.38926355210464164,0.3813371564778679,0.08571428571428572,0.07116104868913857,0.054285714285714284,0.23714285714285716,10.122857142857143,0.0449438202247191,0.0,0.03147571975319954,0.13196634914903713,5.49812734082397,0.0,0.0,0.15,0.07865168539325842,0,0.17475027883733754,0.2917095232181996,3.6634703645477247,0.9512354360278708,0.0,0.9473684210526315,0.0,0.8,0.0,0.8,0.0,0.08,0.07116104868913857,0.25,0.25
222,0.9823630683178447,0.5230321295011581,0.9549274146007529,0.5276309979555523,0.26107685272754566,0.5150755828720525,0.7790262172284644,0.41155734275364686,0.3911607390601868,0.11235955056179775,0.5942857142857143,0.38926355210464164,0.3813371564778679,0.08571428571428572,0.0898876404494382,0.06857142857142857,0.23714285714285716,10.16,0.04868913857677903,0.0,0.03147571975319954,0.13196634914903713,5.49812734082397,0.0,0.0,0.15,0.07865168539325842,0,0.17453224458243657,0.29025097560210855,3.658772385828199,0.9322107273073132,0.0,1.0,0.0,0.8,0.0,0.8,0.0,0.08,0.0898876404494382,0.25,0.25
223,0.9808500712806273,0.5236085266263835,0.9537732140037898,0.5281733573493359,0.26107685272754566,0.514712992339373,0.8089887640449438,0.41170715548772935,0.3912730986107486,0.11235955056179775,0.6171428571428571,0.3893778378189273,0.3814228707635823,0.08571428571428572,0.0898876404494382,0.06857142857142857,0.23714285714285716,10.214285714285714,0.04868913857677903,0.0,0.03147571975319954,0.13196634914903713,5.49812734082397,0.0,0.0,0.15,0.07865168539325842,0,0.17451672621666725,0.30724899455090043,3.6541683666830624,0.9160443966300178,0.0,0.9583333333333334,0.0,0.8,0.0,0.8,0.0,0.08,0.0898876404494382,0.25,0.25
224,0.9825353870599395,0.5234139900784749,0.9549425976528586,0.5279073296314213,0.26107685272754566,0.5143579244170936,0.8308270676691729,0.41230019929385203,0.3918980984358088,0.11278195488721804,0.6314285714285715,0.38943498067607024,0.3814657279064394,0.08571428571428572,0.07518796992481203,0.05714285714285714,0.24,10.251428571428571,0.045112781954887216,0.002857142857142857,0.0314862373715841,0.1319663491490371,5.488721804511278,0.0,0.0,0.15,0.07894736842105263,0,0.17444399972844105,0.305712749578146,3.6382278564922594,0.9225153352738246,0.0,0.95,0.0,0.8,0.0,0.8,0.0,0.08,0.0749063670411985,0.25,0.25
225,0.9832522996232391,0.5226609512995829,0.9554874512009662,0.5269818748163551,0.26107685272754566,0.5141483313317887,0.7894736842105263,0.41230019929385203,0.3918980984358088,0.11278195488721804,0.6,0.38943498067607024,0.3814657279064394,0.08571428571428572,0.08270676691729323,0.06285714285714286,0.24,10.311428571428571,0.04887218045112782,0.0,0.0314862373715841,0.1319663491490371,5.488721804511278,0.0,0.0,0.15,0.07894736842105263,0,0.17438883862762855,0.30418418583025525,3.628320442219557,0.9040650285683481,0.0,1.0,0.0,0.8,0.0,0.8,0.0,0.08,0.08270676691729323,0.25,0.25
226,0.9832290457036699,0.5215841767299747,0.9551445206604336,0.52631177680877,0.26107685272754566,0.5137779550269467,0.8075471698113208,0.4133889245184491,0.3918935425223887,0.11320754716981132,0.6114285714285714,0.38943498067607024,0.3814657279064394,0.08571428571428572,0.07169811320754717,0.05714285714285714,0.24285714285714285,10.362857142857143,0.045283018867924525,0.002857142857142857,0.03149818054722497,0.1319663491490371,5.464150943396226,0.0,0.0,0.15,0.07924528301886792,0,0.17397346586306184,0.30266326490110396,3.6128968905180225,0.8859837279969811,0.0,1.0,0.0,0.8,0.0,0.8,0.0,0.08,0.07518796992481203,0.25,0.25
227,0.9812412167858194,0.5216437962539098,0.953639450194061,0.5263558543264573,0.26107685272754566,0.5134789523427725,0.8,0.4133889245184491,0.3918935425223887,0.11320754716981132,0.6057142857142858,0.38943498067607024,0.3814657279064394,0.08571428571428572,0.07169811320754717,0.054285714285714284,0.24285714285714285,10.42,0.052830188679245285,0.0,0.031506933303332964,0.1319663491490371,5.464150943396226,0.0,0.0,0.15,0.07924528301886792,0,0.17358888424803223,0.3011499485765984,3.5949246669933763,0.8682640534370415,0.0,1.0,0.0,0.8,0.0,0.8,0.0,0.08,0.07169811320754717,0.25,0.25
228,0.9817674538099113,0.5212758505055554,0.9540378867980163,0.5263777191288336,0.26107685272754566,0.5131675674282107,0.8452830188679246,0.4133889245184491,0.3918935425223887,0.11320754716981132,0.64,0.38943498067607024,0.3814657279064394,0.08571428571428572,0.06792452830188679,0.05142857142857143,0.24285714285714285,10.46,0.052830188679245285,0.0,0.031506933303332964,0.1319663491490371,5.464150943396226,0.0,0.0,0.15,0.07924528301886792,0,0.17312036911250636,0.2996441988337154,3.5744547450820807,0.8508987723683006,0.0,1.0,0.0,0.8,0.0,0.8,0.0,0.08,0.06792452830188679,0.25,0.25
229,0.9812943339921795,0.5201644341677217,0.9536796675074479,0.5256365591947587,0.26107685272754566,0.5128579922702574,0.8301886792452831,0.4135398679146755,0.39200675006955854,0.11320754716981132,0.6285714285714286,0.3895492663903559,0.3815514421921537,0.08571428571428572,0.09811320754716982,0.07428571428571429,0.24285714285714285,10.477142857142857,0.052830188679245285,0.0,0.031506933303332964,0.1319663491490371,5.464150943396226,0.0,0.0,0.15,0.07924528301886792,0,0.17325348440622954,0.2981459778395468,3.577251364466153,0.866946536488976,0.0,0.9615384615384616,0.0,0.8,0.0,0.8,0.0,0.08,0.09811320754716982,0.25,0.25
230,0.979684447452686,0.5197730071705529,0.9524607534132601,0.5254463784388593,0.26107685272754566,0.5125841201953102,0.7924528301886793,0.4135398679146755,0.39200675006955854,0.11320754716981132,0.6,0.3895492663903559,0.3815514421921537,0.08571428571428572,0.07547169811320754,0.06,0.24285714285714285,10.508571428571429,0.052830188679245285,0.0,0.031506933303332964,0.1319663491490371,5.464150943396226,0.0,0.0,0.15,0.07924528301886792,0,0.17284378912705556,0.2966552479503491,3.56570633717683,0.8496076057591965,0.0,1.0,0.0,0.8,0.0,0.8,0.0,0.08,0.07547169811320754,0.25,0.25
231,0.9792967484341866,0.519811930971626,0.9521672098706822,0.5254620762160322,0.26107685272754566,0.5125824970695646,0.8075471698113208,0.4135398679146755,0.39200675006955854,0.11320754716981132,0.6114285714285714,0.3895492663903559,0.3815514421921537,0.08571428571428572,0.06037735849056604,0.045714285714285714,0.24285714285714285,10.548571428571428,0.052830188679245285,0.0,0.031506933303332964,0.1319663491490371,5.464150943396226,0.0,0.0,0.15,0.07924528301886792,0,0.17277928446713453,0.29517197171059734,3.5401064961475788,0.8326154536440126,0.0,0.9375,0.0,0.8,0.0,0.8,0.0,0.08,0.06037735849056604,0.25,0.25
232,0.9811660494281988,0.5203754330395051,0.9535825377661483,0.5258119741526226,0.26107685272754566,0.5126231621945009,0.769811320754717,0.4135398679146755,0.39200675006955854,0.11320754716981132,0.5828571428571429,0.3895492663903559,0.3815514421921537,0.08571428571428572,0.0830188679245283,0.06285714285714286,0.24285714285714285,10.6,0.052830188679245285,0.0,0.031506933303332964,0.1319663491490371,5.464150943396226,0.0,0.0,0.15,0.07924528301886792,0,0.17242910233051315,0.29369611185204436,3.5321615090817704,0.8159631445711323,0.0,1.0,0.0,0.8,0.0,0.8,0.0,0.08,0.0830188679245283,0.25,0.25
233,0.9817390618917486,0.5206216643939949,0.9540163900599785,0.5259982133314335,0.26107685272754566,0.5127445656312768,0.8,0.4135398679146755,0.39200675006955854,0.11320754716981132,0.6057142857142858,0.3895492663903559,0.3815514421921537,0.08571428571428572,0.04150943396226415,0.03428571428571429,0.24285714285714285,10.631428571428572,0.052830188679245285,0.0,0.031506933303332964,0.1319663491490371,5.464150943396226,0.0,0.0,0.15,0.07924528301886792,0,0.17179552824743202,0.2922276312927841,3.495803993185849,0.7996438816797097,0.0,1.0,0.0,0.8,0.0,0.8,0.0,0.08,0.04150943396226415,0.25,0.25
234,0.9815123822882162,0.5205799233542462,0.9538447612173042,0.5255569965682864,0.26107685272754566,0.5128907530492681,0.7886792452830189,0.4135398679146755,0.39200675006955854,0.11320754716981132,0.5971428571428572,0.3895492663903559,0.3815514421921537,0.08571428571428572,0.05660377358490566,0.04285714285714286,0.24285714285714285,10.654285714285715,0.052830188679245285,0.0,0.031506933303332964,0.1319663491490371,5.464150943396226,0.0,0.0,0.15,0.07924528301886792,0,0.1714760040529978,0.2907664931363202,3.4687450561792748,0.7836510040461154,0.0,1.0,0.0,0.8,0.0,0.8,0.0,0.08,0.05660377358490566,0.25,0.25
235,0.9809174412044991,0.5208030576625412,0.9533943058253471,0.5259085545972729,0.26107685272754566,0.513063760148176,0.8415094339622642,0.41361533961278873,0.39206335384314345,0.11320754716981132,0.6371428571428571,0.3896064092474988,0.3815942993350109,0.08571428571428572,0.07924528301886792,0.06285714285714286,0.24285714285714285,10.691428571428572,0.052830188679245285,0.0,0.031506933303332964,0.1319663491490371,5.464150943396226,0.0,0.0,0.15,0.07924528301886792,0,0.17164534260058997,0.28931266067063854,3.462227297912832,0.835405330681591,0.0,0.9545454545454546,0.0,0.8,0.0,0.8,0.0,0.08,0.07924528301886792,0.25,0.25
236,0.9808981706609036,0.5196994721026924,0.9533797152709105,0.5245397248437502,0.26107685272754566,0.5132975882645772,0.8226415094339623,0.41361533961278873,0.39206335384314345,0.11320754716981132,0.6228571428571429,0.3896064092474988,0.3815942993350109,0.08571428571428572,0.0830188679245283,0.06571428571428571,0.24285714285714285,10.734285714285715,0.05660377358490566,0.0,0.031506933303332964,0.1319663491490371,5.464150943396226,0.0,0.0,0.15,0.07924528301886792,0,0.17149700147367566,0.2878660973672854,3.458697037668861,0.8186972240679592,0.0,1.0,0.0,0.8,0.0,0.8,0.0,0.08,0.0830188679245283,0.25,0.25
237,0.9818561284464665,0.520334836625669,0.954105026165694,0.525491486653591,0.26107685272754566,0.5134516185159226,0.8,0.41376628300901513,0.39217656139031326,0.11320754716981132,0.6057142857142858,0.38972069496178446,0.38168001362072507,0.08571428571428572,0.0830188679245283,0.06571428571428571,0.24285714285714285,10.794285714285714,0.05660377358490566,0.0,0.031506933303332964,0.1319663491490371,5.464150943396226,0.0,0.0,0.15,0.07924528301886792,0,0.17155323075202156,0.286426766880449,3.4552373826297695,0.82884976469658,0.0,0.9565217391304348,0.0,0.8,0.0,0.8,0.0,0.08,0.0830188679245283,0.25,0.25
238,0.9820165694103056,0.5196167101560911,0.9539271519381359,0.5253602680836906,0.26107685272754566,0.5136554709804818,0.8257575757575758,0.4145428563063327,0.39314125371937686,0.11363636363636363,0.6228571428571429,0.38972069496178446,0.38168001362072507,0.08571428571428572,0.07196969696969698,0.054285714285714284,0.24571428571428572,10.834285714285715,0.05303030303030303,0.002857142857142857,0.031507897065437905,0.1319663491490371,5.454545454545454,0.0,0.0,0.15,0.07954545454545454,0,0.17115217888397574,0.2849946330460468,3.440418349262888,0.8122727694026484,0.0,1.0,0.0,0.8,0.0,0.8,0.0,0.08,0.07169811320754717,0.25,0.25
239,0.9806360778697844,0.5202875063858601,0.9528858668904285,0.5259717312481398,0.26107685272754566,0.5137513390247402,0.7954545454545454,0.4146943714578478,0.39325489008301323,0.11363636363636363,0.6,0.3898349806760702,0.3817657279064395,0.08571428571428572,0.0946969696969697,0.07142857142857142,0.24571428571428572,10.874285714285714,0.05303030303030303,0.0,0.03151157925592537,0.1319663491490371,5.454545454545454,0.0,0.0,0.15,0.07954545454545454,0,0.17129556156098444,0.28356965988081656,3.443038553706202,0.8187379157503687,0.0,0.96,0.0,0.8,0.0,0.8,0.0,0.08,0.0946969696969697,0.25,0.25
240,0.9810278207214106,0.5189548477556266,0.9531813529270838,0.5249580411633681,0.26107685272754566,0.5136805141683447,0.7462121212121212,0.414845886609363,0.39336852644664955,0.11363636363636363,0.5628571428571428,0.38994926639035593,0.38185144219215367,0.08571428571428572,0.10606060606060606,0.08,0.24571428571428572,10.937142857142858,0.05303030303030303,0.0,0.03151157925592537,0.1319663491490371,5.454545454545454,0.0,0.0,0.15,0.07954545454545454,0,0.1713530837531795,0.2886550245516729,3.454177782632078,0.822313350672052,0.0,0.9642857142857143,0.0,0.8,0.0,0.8,0.0,0.08,0.10606060606060606,0.25,0.25
241,0.9806022981685201,0.5189945960811396,0.9528603873443321,0.5248204537997259,0.26107685272754566,0.5135627986003836,0.7992424242424242,0.4149974017608782,0.3934821628102859,0.11363636363636363,0.6028571428571429,0.39006355210464166,0.381937156477868,0.08571428571428572,0.07196969696969698,0.054285714285714284,0.24571428571428572,10.971428571428572,0.04924242424242424,0.0,0.03151157925592537,0.1319663491490371,5.454545454545454,0.0,0.0,0.15,0.07954545454545454,0,0.17129617547727077,0.2872117494289146,3.43937994126515,0.8532741939248966,0.0,0.9473684210526315,0.0,0.8,0.0,0.8,0.0,0.08,0.07196969696969698,0.25,0.25
242,0.9794573833778784,0.5198521735983579,0.9519967944736766,0.5258991916177342,0.26107685272754566,0.5132470218862566,0.803030303030303,0.4151489169123933,0.3935957991739223,0.11363636363636363,0.6057142857142858,0.39017783781892734,0.3820228707635822,0.08571428571428572,0.07196969696969698,0.054285714285714284,0.24571428571428572,11.025714285714285,0.04924242424242424,0.0,0.03151157925592537,0.1319663491490371,5.454545454545454,0.0,0.0,0.15,0.07954545454545454,0,0.17129640888559872,0.28577569068177,3.4248780567255612,0.8471734456388295,0.0,0.9473684210526315,0.0,0.8,0.0,0.8,0.0,0.08,0.07196969696969698,0.25,0.25
243,0.9785675318183074,0.5194614198020271,0.9513255921544574,0.5256406967352931,0.26107685272754566,0.5130439726012939,0.7651515151515151,0.4151489169123933,0.3935957991739223,0.11363636363636363,0.5771428571428572,0.39017783781892734,0.3820228707635822,0.08571428571428572,0.06818181818181818,0.054285714285714284,0.24571428571428572,11.06,0.04924242424242424,0.0,0.03151157925592537,0.1319663491490371,5.454545454545454,0.0,0.0,0.15,0.07954545454545454,0,0.170896072551885,0.2843468122283611,3.4106662098767644,0.8302299767260528,0.0,1.0,0.0,0.8,0.0,0.8,0.0,0.08,0.06818181818181818,0.25,0.25
244,0.9782430799666673,0.5192675005771274,0.9510808627577918,0.5255884000443385,0.26107685272754566,0.5128799187878192,0.7196969696969697,0.4151489169123933,0.3935957991739223,0.11363636363636363,0.5428571428571428,0.39017783781892734,0.3820228707635822,0.08571428571428572,0.06060606060606061,0.045714285714285714,0.24571428571428572,11.108571428571429,0.056818181818181816,0.0,0.03151157925592537,0.1319663491490371,5.454545454545454,0.0,0.0,0.15,0.07954545454545454,0,0.1705261650462684,0.28292507816721935,3.388167171393514,0.8136253771915317,0.0,1.0,0.0,0.8,0.0,0.8,0.0,0.08,0.06060606060606061,0.25,0.25
245,0.9773421239593825,0.51910689008996,0.9504012845122969,0.5253555863216082,0.26107685272754566,0.5127098517433046,0.7765151515151515,0.4151489169123933,0.3935957991739223,0.11363636363636363,0.5857142857142857,0.39017783781892734,0.3820228707635822,0.08571428571428572,0.09848484848484848,0.07428571428571429,0.24571428571428572,11.154285714285715,0.056818181818181816,0.0,0.03151157925592537,0.1319663491490371,5.454545454545454,0.0,0.0,0.15,0.07954545454545454,0,0.17018710564960848,0.2815104527763832,3.3946895422513594,0.7973528696477011,0.0,1.0,0.0,0.8,0.0,0.8,0.0,0.08,0.09848484848484848,0.25,0.25
246,0.9777383725260426,0.5187753491329159,0.9507001691454348,0.5248809066146571,0.26107685272754566,0.5126074212833979,0.7916666666666666,0.4151489169123933,0.3935957991739223,0.11363636363636363,0.5971428571428572,0.39017783781892734,0.3820228707635822,0.08571428571428572,0.05303030303030303,0.04,0.24571428571428572,11.208571428571428,0.056818181818181816,0.0,0.03151157925592537,0.1319663491490371,5.454545454545454,0.0,0.0,0.15,0.07954545454545454,0,0.16959317012136046,0.2801029005125013,3.366795751406331,0.7814058122547471,0.0,1.0,0.0,0.8,0.0,0.8,0.0,0.08,0.05303030303030303,0.25,0.25
247,0.9784635233178537,0.517520708749829,0.9512471400284007,0.5240298884490776,0.26107685272754566,0.5125197967384798,0.8106060606060606,0.41530043206390843,0.39370943553755866,0.11363636363636363,0.6114285714285714,0.39029212353321313,0.3821085850492966,0.08571428571428572,0.07575757575757576,0.06,0.24571428571428572,11.245714285714286,0.056818181818181816,0.0,0.03151157925592537,0.1319663491490371,5.454545454545454,0.0,0.0,0.15,0.07954545454545454,0,0.1698007771278965,0.2814697977400042,3.359459836378205,0.791309559120693,0.0,0.9523809523809523,0.0,0.8,0.0,0.8,0.0,0.08,0.07575757575757576,0.25,0.25
248,0.9782031130541756,0.5163429214373542,0.9510445469270276,0.5233985346339075,0.26107685272754566,0.5124083962753152,0.8288973384030418,0.4153258702149922,0.3929539645656951,0.11406844106463879,0.6228571428571429,0.39029212353321313,0.3821085850492966,0.08571428571428572,0.09125475285171103,0.07714285714285714,0.24857142857142858,11.294285714285714,0.053231939163498096,0.002857142857142857,0.03152776678563124,0.13196634914903713,5.437262357414449,0.0,0.0,0.15,0.07984790874524715,0,0.16963324156468312,0.28006244875130415,3.3694134967934977,0.7754833679382791,0.0,1.0,0.0,0.8,0.0,0.8,0.0,0.08,0.0946969696969697,0.25,0.25
249,0.9779995827304135,0.5164555631454841,0.9509532096494396,0.5238171963542367,0.26107685272754566,0.5124186990866918,0.8160919540229885,0.4146100286521843,0.3926553854518517,0.11494252873563218,0.6085714285714285,0.3903492663903559,0.3821514421921537,0.08571428571428572,0.06513409961685823,0.054285714285714284,0.2542857142857143,11.34,0.04980842911877394,0.005714285714285714,0.0315435489997424,0.1319663491490371,5.394636015325671,0.0,0.0,0.15,0.08045977011494253,0,0.16955650392828828,0.2786621365075477,3.3563109411433416,0.8214255311826283,0.0,0.9473684210526315,0.0,0.8,0.0,0.8,0.0,0.08,0.07224334600760456,0.25,0.25
250,0.9759375206203784,0.5160444752206025,0.9493180452680078,0.523509511022222,0.26107685272754566,0.512453796314029,0.7692307692307693,0.41496288199677056,0.3935931345633257,0.11538461538461539,0.5714285714285714,0.3903492663903559,0.3821514421921537,0.08571428571428572,0.05,0.037142857142857144,0.2571428571428571,11.368571428571428,0.046153846153846156,0.002857142857142857,0.03157611284844026,0.13196634914903713,5.376923076923077,0.0,0.0,0.15,0.08076923076923077,0,0.16913572853366468,0.27726882582500995,3.3263275794633325,0.8049970205589757,0.0,1.0,0.0,0.8,0.0,0.8,0.0,0.08,0.04980842911877394,0.25,0.25
251,0.9772616153988791,0.5163495370562696,0.9503016585320369,0.5240775208223155,0.26107685272754566,0.5123775284356094,0.7653846153846153,0.4151167281506167,0.3937085191787103,0.11538461538461539,0.5685714285714286,0.3904635521046417,0.382237156477868,0.08571428571428572,0.09615384615384616,0.07142857142857142,0.2571428571428571,11.4,0.05,0.0,0.03158069683749489,0.13196634914903713,5.376923076923077,0.0,0.0,0.15,0.08076923076923077,0,0.16923105417313922,0.27588248169588486,3.331229599302637,0.8281242237744653,0.0,0.96,0.0,0.8,0.0,0.8,0.0,0.08,0.09615384615384616,0.25,0.25
252,0.9779641393110486,0.5148068895538737,0.9508235334382198,0.5227607381444856,0.26107685272754566,0.5124060683650793,0.7538461538461538,0.4151167281506167,0.3937085191787103,0.11538461538461539,0.56,0.3904635521046417,0.382237156477868,0.08571428571428572,0.06923076923076923,0.05142857142857143,0.2571428571428571,11.44,0.05384615384615385,0.0,0.03158069683749489,0.13196634914903713,5.376923076923077,0.0,0.0,0.15,0.08076923076923077,0,0.16886947175941636,0.2745030692874054,3.3160335787451563,0.8115617392989759,0.0,1.0,0.0,0.8,0.0,0.8,0.0,0.08,0.06923076923076923,0.25,0.25
253,0.9771023019256099,0.5148409254562389,0.9501833113804654,0.5224000849922614,0.26107685272754566,0.5124506215876968,0.7576923076923077,0.41527057430446285,0.39382390379409493,0.11538461538461539,0.5628571428571428,0.39057783781892735,0.3823228707635823,0.08571428571428572,0.07692307692307693,0.05714285714285714,0.2571428571428571,11.48,0.057692307692307696,0.0,0.03158069683749489,0.13196634914903713,5.376923076923077,0.0,0.0,0.15,0.08076923076923077,0,0.16893869654347643,0.27866069149735256,3.30685576431311,0.8018729869942443,0.0,0.95,0.0,0.8,0.0,0.8,0.0,0.08,0.07692307692307693,0.25,0.25
254,0.9757720819120433,0.5136779659280922,0.9491951479418159,0.5216253796598408,0.26107685272754566,0.5124026365401413,0.7576923076923077,0.41527057430446285,0.39382390379409493,0.11538461538461539,0.5628571428571428,0.39057783781892735,0.3823228707635823,0.08571428571428572,0.07692307692307693,0.06,0.2571428571428571,11.514285714285714,0.057692307692307696,0.0,0.03158069683749489,0.13196634914903713,5.376923076923077,0.0,0.0,0.15,0.08076923076923077,0,0.16843643234647332,0.2772673880398658,3.300718649026847,0.7858355272543595,0.0,1.0,0.0,0.8,0.0,0.8,0.0,0.08,0.07692307692307693,0.25,0.25
255,0.9756712196833239,0.5138318289907873,0.9491202217147673,0.5218657706168685,0.26107685272754566,0.5122703251447852,0.8,0.41527057430446285,0.39382390379409493,0.11538461538461539,0.5942857142857143,0.39057783781892735,0.3823228707635823,0.08571428571428572,0.08846153846153847,0.06571428571428571,0.2571428571428571,11.56,0.06153846153846154,0.0,0.03158069683749489,0.13196634914903713,5.376923076923077,0.0,0.0,0.15,0.08076923076923077,0,0.1681352573097588,0.2758810510996665,3.300418561760597,0.7701188167092722,0.0,1.0,0.0,0.8,0.0,0.8,0.0,0.08,0.08846153846153847,0.25,0.25
256,0.976846080924529,0.5149370255925689,0.9499929757796625,0.5226190191915959,0.26107685272754566,0.512179001776582,0.7653846153846153,0.41527057430446285,0.39382390379409493,0.11538461538461539,0.5685714285714286,0.39057783781892735,0.3823228707635823,0.08571428571428572,0.08846153846153847,0.06571428571428571,0.2571428571428571,11.602857142857143,0.06153846153846154,0.0,0.03158069683749489,0.13196634914903713,5.376923076923077,0.0,0.0,0.15,0.08076923076923077,0,0.1676942953089243,0.27450164584416814,3.30012447623967,0.7547164403750868,0.0,1.0,0.0,0.8,0.0,0.8,0.0,0.08,0.08846153846153847,0.25,0.25
257,0.9760798276817909,0.5139433339748191,0.949423759085057,0.521732292413305,0.26107685272754566,0.5119941474509371,0.7615384615384615,0.41527057430446285,0.39382390379409493,0.11538461538461539,0.5657142857142857,0.39057783781892735,0.3823228707635823,0.08571428571428572,0.08846153846153847,0.06571428571428571,0.2571428571428571,11.648571428571428,0.06153846153846154,0.0,0.03158069683749489,0.13196634914903713,5.376923076923077,0.0,0.0,0.15,0.08076923076923077,0,0.16748197666811185,0.2731291376149473,3.2998362724291623,0.739622111567585,0.0,1.0,0.0,0.8,0.0,0.8,0.0,0.08,0.08846153846153847,0.25,0.25
258,0.9766541322644033,0.512916375148053,0.9498503853464263,0.521120645039826,0.26107685272754566,0.5117355602351081,0.7769230769230769,0.41550134353523205,0.3939969807171719,0.11538461538461539,0.5771428571428572,0.3907492663903559,0.38245144219215377,0.08571428571428572,0.07307692307692308,0.05714285714285714,0.2571428571428571,11.705714285714286,0.06153846153846154,0.0,0.03158069683749489,0.13196634914903713,5.376923076923077,0.0,0.0,0.15,0.08076923076923077,0,0.167758852499057,0.27176349192687255,3.2909824041234357,0.8264697117473805,0.0,0.9,0.0,0.8,0.0,0.8,0.0,0.08,0.07307692307692308,0.25,0.25
259,0.9760250343495697,0.5134148122199421,0.9493830554668355,0.5213014097131675,0.26107685272754566,0.5114114989632847,0.7884615384615384,0.41550134353523205,0.3939969807171719,0.11538461538461539,0.5857142857142857,0.3907492663903559,0.38245144219215377,0.08571428571428572,0.06923076923076923,0.05142857142857143,0.2571428571428571,11.748571428571429,0.06153846153846154,0.0,0.03158069683749489,0.13196634914903713,5.376923076923077,0.0,0.0,0.15,0.08076923076923077,0,0.16737634466513313,0.2704046744672382,3.276591327469539,0.8099403175124329,0.0,1.0,0.0,0.8,0.0,0.8,0.0,0.08,0.06923076923076923,0.25,0.25
260,0.9747076868617578,0.5141220093174846,0.9484678511397262,0.5218131109018592,0.26107685272754566,0.5110998406383449,0.7760617760617761,0.4151697979902834,0.39464549743895205,0.11583011583011583,0.5742857142857143,0.39086355210464163,0.38253715647786796,0.08571428571428572,0.10038610038610038,0.08,0.26,11.791428571428572,0.05791505791505792,0.002857142857142857,0.03157546457806815,0.13196634914903713,5.366795366795367,0.0,0.0,0.15,0.08108108108108109,0,0.16748160651323604,0.269052651094902,3.2910595009201473,0.8088302144154821,0.0,0.9642857142857143,0.0,0.8,0.0,0.8,0.0,0.08,0.10384615384615385,0.25,0.25
261,0.9740318672670043,0.5134772288803293,0.9479677446396085,0.5219551466316851,0.26107685272754566,0.510874289663556,0.7683397683397684,0.41540145822194363,0.3948192426126972,0.11583011583011583,0.5685714285714286,0.39103498067607023,0.38266572790643943,0.08571428571428572,0.08494208494208494,0.06857142857142857,0.26,11.837142857142856,0.05791505791505792,0.0,0.03158920376131839,0.13196634914903713,5.366795366795367,0.0,0.0,0.15,0.08108108108108109,0,0.16790048704852703,0.2677073878394275,3.2938097394731733,0.8130882099573213,0.0,0.9166666666666666,0.0,0.8,0.0,0.8,0.0,0.08,0.08494208494208494,0.25,0.25
262,0.9743019019801593,0.5139162478618635,0.9481675703273432,0.5227497556280433,0.26107685272754566,0.5106527128038343,0.7760617760617761,0.41540145822194363,0.3948192426126972,0.11583011583011583,0.5742857142857143,0.39103498067607023,0.38266572790643943,0.08571428571428572,0.07722007722007722,0.05714285714285714,0.26,11.888571428571428,0.05791505791505792,0.0,0.03158920376131839,0.13196634914903713,5.366795366795367,0.0,0.0,0.15,0.08108108108108109,0,0.16762915234580159,0.2663688509002304,3.285076401826567,0.7968264457581749,0.0,1.0,0.0,0.8,0.0,0.8,0.0,0.08,0.07722007722007722,0.25,0.25
263,0.9761504957648948,0.5151344498677526,0.9495355297280473,0.5237053219370142,0.26107685272754566,0.5105259933309729,0.7451737451737451,0.41540145822194363,0.3948192426126972,0.11583011583011583,0.5514285714285714,0.39103498067607023,0.38266572790643943,0.08571428571428572,0.0888030888030888,0.06571428571428571,0.26,11.934285714285714,0.06177606177606178,0.0,0.03158920376131839,0.13196634914903713,5.366795366795367,0.0,0.0,0.15,0.08108108108108109,0,0.16724757872692975,0.2650370066457292,3.285089159504322,0.7808899168430113,0.0,1.0,0.0,0.8,0.0,0.8,0.0,0.08,0.0888030888030888,0.25,0.25
264,0.9764530966228417,0.5142803751375107,0.9497594543629282,0.5229803411494467,0.26107685272754566,0.5104667443196421,0.752895752895753,0.4157103385308239,0.39505090284435745,0.11583011583011583,0.5571428571428572,0.3912635521046416,0.38283715647786803,0.08571428571428572,0.09652509652509653,0.07428571428571429,0.26,11.974285714285715,0.05791505791505792,0.0,0.03158920376131839,0.13196634914903713,5.366795366795367,0.0,0.0,0.15,0.08108108108108109,0,0.16772505583329508,0.2673416666323127,3.293673090599949,0.8903914390557629,0.0,0.9230769230769231,0.0,0.8,0.0,0.8,0.0,0.08,0.09652509652509653,0.25,0.25
265,0.9759225760053792,0.5137568838241499,0.9493668514928314,0.5227218134813983,0.26107685272754566,0.5102648660833076,0.7364341085271318,0.41634549676617744,0.39583131872663424,0.11627906976744186,0.5428571428571428,0.3913206949617845,0.3828800136207251,0.08571428571428572,0.06976744186046512,0.05714285714285714,0.26285714285714284,12.017142857142858,0.05813953488372093,0.002857142857142857,0.03159555985033161,0.1319663491490371,5.3565891472868215,0.0,0.0,0.15,0.08139534883720931,0,0.16765771626841433,0.28084661817902246,3.2849424859308076,0.9136724891733892,0.0,0.95,0.0,0.8,0.0,0.8,0.0,0.08,0.07335907335907337,0.25,0.25
266,0.9744276512309282,0.512627967573987,0.948337942227005,0.522097109688985,0.26107685272754566,0.5101541738821288,0.754863813229572,0.41736751589597637,0.395914083915709,0.11673151750972763,0.5542857142857143,0.3913206949617845,0.3828800136207251,0.08571428571428572,0.07782101167315175,0.06,0.26571428571428574,12.062857142857142,0.054474708171206226,0.002857142857142857,0.03159894977820799,0.1319663491490371,5.33852140077821,0.0,0.0,0.15,0.08171206225680934,0,0.16733285697278655,0.2794423850881274,3.2792436362121915,0.8953990393899213,0.0,1.0,0.0,0.8,0.0,0.8,0.0,0.08,0.08139534883720931,0.25,0.25
267,0.9744914095163243,0.5123612881703965,0.9480469963871306,0.5211257786723928,0.26107685272754566,0.5101709700009169,0.7578125,0.41866666015297327,0.3967912384836867,0.1171875,0.5542857142857143,0.391549266390356,0.3830514421921537,0.08571428571428572,0.06640625,0.04857142857142857,0.26857142857142857,12.108571428571429,0.0546875,0.002857142857142857,0.03163665352453325,0.1319663491490371,5.2890625,0.0,0.0,0.15,0.08203125,0,0.16766733554506547,0.27804517316268673,3.2622301920593757,0.8878777679340012,0.0,0.8823529411764706,0.0,0.8,0.0,0.8,0.0,0.08,0.06614785992217899,0.25,0.25
268,0.9751557829075337,0.5128136010689222,0.9480560598333448,0.5211867349707603,0.26107685272754566,0.5101250094060227,0.7686274509803922,0.4191293697459465,0.39638554218214156,0.11764705882352941,0.56,0.3916064092474988,0.3830942993350109,0.08571428571428572,0.0784313725490196,0.06,0.2714285714285714,12.151428571428571,0.050980392156862744,0.002857142857142857,0.03167758521460147,0.13196634914903713,5.247058823529412,0.0,0.0,0.15,0.0784313725490196,0,0.16771399886734012,0.27665494729687334,3.256985588218188,0.891501909879457,0.0,0.9523809523809523,0.0,0.8,0.0,0.8,0.0,0.08,0.078125,0.25,0.25
269,0.9757805381295668,0.5133030338032842,0.9483712658408079,0.5215856136183245,0.26107685272754566,0.5100387079695469,0.7598425196850394,0.4189622014114035,0.3976282732011152,0.11811023622047244,0.5514285714285714,0.39172069496178447,0.3831800136207252,0.08571428571428572,0.06692913385826772,0.05142857142857143,0.2742857142857143,12.2,0.051181102362204724,0.002857142857142857,0.03169998714479934,0.13196634914903713,5.244094488188976,0.0,0.0,0.15,0.07874015748031496,0,0.16795548913953168,0.275271672560389,3.243274447882395,0.8736718716818679,0.0,0.9444444444444444,0.0,0.8,0.0,0.8,0.0,0.08,0.06666666666666667,0.25,0.25
270,0.9759561820912014,0.51301654894283,0.9484972501175108,0.5215167136114354,0.26107685272754566,0.5099631670344725,0.753968253968254,0.42085318370221225,0.39973521013504776,0.11904761904761904,0.5428571428571428,0.39172069496178447,0.3831800136207252,0.08571428571428572,0.06746031746031746,0.054285714285714284,0.28,12.242857142857142,0.04365079365079365,0.005714285714285714,0.03182265339476248,0.1319663491490371,5.015873015873016,0.0,0.0,0.15,0.07936507936507936,0,0.16754371240811974,0.27389531419758706,3.2326946732104624,0.8561984342482305,0.0,1.0,0.0,0.8,0.0,0.8,0.0,0.08,0.07086614173228346,0.25,0.25
271,0.9771841107803795,0.5119244276607335,0.9493813587737191,0.5206509079384559,0.26107685272754566,0.5098444601829852,0.8015873015873016,0.4209325487815774,0.39979473394457155,0.11904761904761904,0.5771428571428572,0.39177783781892733,0.3832228707635823,0.08571428571428572,0.07539682539682539,0.05714285714285714,0.28,12.274285714285714,0.04365079365079365,0.0,0.031885851297891954,0.1319663491490371,5.015873015873016,0.0,0.0,0.15,0.07936507936507936,0,0.16764742598536483,0.2725258376265991,3.22518363688911,0.8717929933375177,0.0,0.95,0.0,0.8,0.0,0.8,0.0,0.08,0.07539682539682539,0.25,0.25
272,0.9783325088979269,0.5119829404054883,0.9497668247555651,0.5202404150724549,0.26107685272754566,0.5097437012101976,0.8047808764940239,0.4192547509484107,0.39913360662571984,0.11553784860557768,0.5771428571428572,0.39177783781892733,0.3832228707635823,0.08571428571428572,0.07569721115537849,0.05714285714285714,0.28285714285714286,12.314285714285715,0.0398406374501992,0.002857142857142857,0.03190535075266339,0.13196634914903713,4.9800796812749,0.0,0.0,0.15,0.0796812749003984,0,0.16729418956972372,0.27116320843846614,3.217822821294185,0.8543571334707674,0.0,1.0,0.0,0.8,0.0,0.8,0.0,0.08,0.07936507936507936,0.25,0.25
273,0.9799992375577998,0.5114832632329114,0.9509621073087884,0.5201945568157286,0.26107685272754566,0.5097938960981376,0.7808764940239044,0.4192547509484107,0.39913360662571984,0.11553784860557768,0.56,0.39177783781892733,0.3832228707635823,0.08571428571428572,0.08764940239043825,0.06285714285714286,0.28285714285714286,12.357142857142858,0.043824701195219126,0.0,0.03192887128169214,0.13196634914903713,4.9800796812749,0.0,0.0,0.15,0.0796812749003984,0,0.16680014790758937,0.2698073923962738,3.216323507725444,0.837269990801352,0.0,1.0,0.0,0.8,0.0,0.8,0.0,0.08,0.08764940239043825,0.25,0.25
274,0.9795477412646205,0.5117618528527,0.9506383199671082,0.5204656512961067,0.26107685272754566,0.5097607129615634,0.8167330677290837,0.41933443222331107,0.39919336758189516,0.11553784860557768,0.5857142857142857,0.39183498067607025,0.38326572790643937,0.08571428571428572,0.0796812749003984,0.05714285714285714,0.28285714285714286,12.388571428571428,0.043824701195219126,0.0,0.03192887128169214,0.13196634914903713,4.9800796812749,0.0,0.0,0.15,0.0796812749003984,0,0.1667657185966229,0.2684583554342924,3.2091398947137924,0.8205245909853249,0.0,0.95,0.0,0.8,0.0,0.8,0.0,0.08,0.0796812749003984,0.25,0.25
275,0.9791565343523364,0.510644145479951,0.9503577687242988,0.5199732386304905,0.26107685272754566,0.5096897846963812,0.7808764940239044,0.4194937947731119,0.39931288949424576,0.11553784860557768,0.56,0.39194926639035593,0.38335144219215367,0.08571428571428572,0.07171314741035857,0.05142857142857143,0.28285714285714286,12.422857142857143,0.043824701195219126,0.0,0.03192887128169214,0.13196634914903713,4.9800796812749,0.0,0.0,0.15,0.0796812749003984,0,0.16684489285721119,0.26711606365712093,3.1963856682480882,0.8361792536753925,0.0,0.9444444444444444,0.0,0.8,0.0,0.8,0.0,0.08,0.07171314741035857,0.25,0.25
276,0.979836733683741,0.5102384266079468,0.9508455688162489,0.5194448056398308,0.26107685272754566,0.5096203631836675,0.8007968127490039,0.4194937947731119,0.39931288949424576,0.11553784860557768,0.5742857142857143,0.39194926639035593,0.38335144219215367,0.08571428571428572,0.05976095617529881,0.045714285714285714,0.28285714285714286,12.46,0.04780876494023904,0.0,0.03192887128169214,0.13196634914903713,4.9800796812749,0.0,0.0,0.15,0.0796812749003984,0,0.16638181125006798,0.26578048333883536,3.1781722405974118,0.8194556686018846,0.0,1.0,0.0,0.8,0.0,0.8,0.0,0.08,0.05976095617529881,0.25,0.25
277,0.9810156968040478,0.5110103302435085,0.9516910537968117,0.5199262966343249,0.26107685272754566,0.5095387868242601,0.8247011952191236,0.41957347604801226,0.3993726504504211,0.11553784860557768,0.5914285714285714,0.39200640924749874,0.38339429933501085,0.08571428571428572,0.05976095617529881,0.045714285714285714,0.28285714285714286,12.485714285714286,0.04780876494023904,0.0,0.03192887128169214,0.13196634914903713,4.9800796812749,0.0,0.0,0.15,0.0796812749003984,0,0.16640633147953193,0.2717886035720808,3.1603230814997487,0.8030665552298469,0.0,0.9375,0.0,0.8,0.0,0.8,0.0,0.08,0.05976095617529881,0.25,0.25
278,0.9808902821535141,0.5107388117058368,0.9515441315379709,0.519685203552407,0.26107685272754566,0.5095330680159131,0.792,0.41919583347866257,0.39891229734634726,0.116,0.5657142857142857,0.3921206949617845,0.38348001362072515,0.08571428571428572,0.068,0.054285714285714284,0.2857142857142857,12.52,0.044,0.002857142857142857,0.03195714213624275,0.13196634914903713,4.928,0.0,0.0,0.15,0.08,0,0.16643101410784855,0.2758958447373945,3.1514023341554678,0.78700522412525,0.0,0.9473684210526315,0.0,0.8,0.0,0.8,0.0,0.08,0.07171314741035857,0.25,0.25
279,0.9800655162524184,0.5100740219279465,0.9509550130371885,0.5191946854972311,0.26107685272754566,0.5096636080105701,0.76,0.41919583347866257,0.39891229734634726,0.116,0.5428571428571428,0.3921206949617845,0.38348001362072515,0.08571428571428572,0.048,0.037142857142857144,0.2857142857142857,12.551428571428572,0.044,0.0,0.0319822836123,0.13196634914903713,4.928,0.0,0.0,0.15,0.08,0,0.16585585903730932,0.27451636551370745,3.1255171446152166,0.7712651196427449,0.0,1.0,0.0,0.8,0.0,0.8,0.0,0.08,0.048,0.25,0.25
280,0.980172879750207,0.5094458187809925,0.9510317012498944,0.5191041626161833,0.26107685272754566,0.5097823904723147,0.808,0.41935583347866257,0.39903229734634726,0.116,0.5771428571428572,0.3922349806760702,0.38356572790643945,0.08571428571428572,0.084,0.06,0.2857142857142857,12.588571428571429,0.044,0.0,0.0319822836123,0.13196634914903713,4.928,0.0,0.0,0.15,0.08,0,0.1661066392943653,0.2731437836861389,3.1230068017229113,0.7754949265471098,0.0,0.9523809523809523,0.0,0.8,0.0,0.8,0.0,0.08,0.084,0.25,0.25
281,0.9811088719875106,0.5099900968875667,0.9517002671336828,0.519457450630464,0.26107685272754566,0.5097316974226924,0.784,0.41935583347866257,0.39903229734634726,0.116,0.56,0.3922349806760702,0.38356572790643945,0.08571428571428572,0.064,0.04857142857142857,0.2857142857142857,12.62,0.044,0.0,0.0319822836123,0.13196634914903713,4.928,0.0,0.0,0.15,0.08,0,0.16573182395146488,0.2717780647677082,3.109118094259882,0.7599850280161676,0.0,1.0,0.0,0.8,0.0,0.8,0.0,0.08,0.064,0.25,0.25
282,0.9803299396858519,0.5099281061726509,0.9511438869182124,0.5193103959468668,0.26107685272754566,0.5098262843463034,0.772,0.4195958334786626,0.3992122973463472,0.116,0.5514285714285714,0.39240640924749876,0.3836942993350108,0.08571428571428572,0.08,0.05714285714285714,0.2857142857142857,12.654285714285715,0.044,0.0,0.0319822836123,0.13196634914903713,4.928,0.0,0.0,0.15,0.08,0,0.166159736260279,0.2726058412094179,3.1040785895175413,0.8455686864596126,0.0,0.9,0.0,0.8,0.0,0.8,0.0,0.08,0.08,0.25,0.25
283,0.9786202936377278,0.5100124266678443,0.9499227111695523,0.5189917505041353,0.26107685272754566,0.5100122117848932,0.784,0.4197558334786626,0.39933229734634723,0.116,0.56,0.39252069496178443,0.3837800136207251,0.08571428571428572,0.06,0.04285714285714286,0.2857142857142857,12.685714285714285,0.044,0.0,0.0319822836123,0.13196634914903713,4.928,0.0,0.0,0.15,0.08,0,0.1661563690039776,0.28673184384373684,3.0848541605843334,0.8665996911915825,0.0,0.9333333333333333,0.0,0.8,0.0,0.8,0.0,0.08,0.06,0.25,0.25
284,0.9769134685702964,0.5108679568367556,0.9487695119254717,0.5189095228786659,0.26107685272754566,0.5101851371779326,0.7791164658634538,0.4199587223803771,0.3979651947351684,0.11646586345381527,0.5542857142857143,0.3926349806760702,0.3838657279064394,0.08571428571428572,0.05622489959839357,0.04285714285714286,0.2885714285714286,12.725714285714286,0.040160642570281124,0.002857142857142857,0.03203135670923918,0.1319663491490371,4.706827309236948,0.0,0.0,0.15,0.08032128514056225,0,0.16618187358752914,0.28529818462451817,3.0660142202297895,0.8716283298247215,0.0,0.9333333333333333,0.0,0.8,0.0,0.8,0.0,0.08,0.056,0.25,0.25
285,0.9770784632678617,0.5106000665967678,0.9488868938674541,0.5187279752140793,0.26107685272754566,0.5104638354124834,0.8072289156626506,0.4199587223803771,0.3979651947351684,0.11646586345381527,0.5742857142857143,0.3926349806760702,0.3838657279064394,0.08571428571428572,0.05220883534136546,0.037142857142857144,0.2885714285714286,12.754285714285714,0.040160642570281124,0.0,0.0321400447346565,0.1319663491490371,4.706827309236948,0.0,0.0,0.15,0.08032128514056225,0,0.16572153636244866,0.2838716937013956,3.041836792968051,0.854195763228227,0.0,1.0,0.0,0.8,0.0,0.8,0.0,0.08,0.05220883534136546,0.25,0.25
286,0.9782826918186939,0.5102294308352984,0.9494661949268526,0.5183959743772313,0.26107685272754566,0.5105386629124822,0.7943548387096774,0.4200659227311938,0.3978548600256002,0.11693548387096774,0.5628571428571428,0.3926349806760702,0.3838657279064394,0.08571428571428572,0.04435483870967742,0.03142857142857143,0.2914285714285714,12.785714285714286,0.036290322580645164,0.002857142857142857,0.03214104717567037,0.1319663491490371,4.701612903225806,0.0,0.0,0.15,0.08064516129032258,0,0.16534807866279708,0.28245233523288865,3.0124286285372612,0.8371118479636624,0.0,1.0,0.0,0.8,0.0,0.8,0.0,0.08,0.04417670682730924,0.25,0.25
287,0.9813104070724251,0.5101997912568106,0.951055364455749,0.5181406662329088,0.26107685272754566,0.5106772888767186,0.7935222672064778,0.42068160252109466,0.39846567435894353,0.11740890688259109,0.56,0.3926349806760702,0.3838657279064394,0.08571428571428572,0.03643724696356275,0.02857142857142857,0.29428571428571426,12.811428571428571,0.032388663967611336,0.002857142857142857,0.03217259731025307,0.13196634914903713,4.663967611336032,0.0,0.0,0.15,0.08097165991902834,0,0.16474962398376883,0.2810400735567242,2.980751484537944,0.8203696110043892,0.0,1.0,0.0,0.8,0.0,0.8,0.0,0.08,0.04032258064516129,0.25,0.25
288,0.9803755882466569,0.5103825402191027,0.9504517192037165,0.5179657139572413,0.26107685272754566,0.5108948184339888,0.7886178861788617,0.4208222554403997,0.3982256055578548,0.11788617886178862,0.5542857142857143,0.3926349806760702,0.3838657279064394,0.08571428571428572,0.06910569105691057,0.05142857142857143,0.29714285714285715,12.837142857142856,0.032520325203252036,0.002857142857142857,0.03220470881886521,0.13196634914903713,4.617886178861789,0.0,0.0,0.15,0.08130081300813008,0,0.16463688371385,0.2796348731889406,2.972565026275757,0.8039622187843014,0.0,1.0,0.0,0.8,0.0,0.8,0.0,0.08,0.0728744939271255,0.25,0.25
289,0.9801726159461263,0.5098165603402295,0.9503090586724865,0.5175139730398386,0.26107685272754566,0.5110148018095706,0.8170731707317073,0.42090355625340775,0.3982865811676109,0.11788617886178862,0.5742857142857143,0.39269212353321303,0.3839085850492966,0.08571428571428572,0.07723577235772358,0.054285714285714284,0.29714285714285715,12.862857142857143,0.032520325203252036,0.0,0.03221454320856637,0.13196634914903713,4.617886178861789,0.0,0.0,0.15,0.08130081300813008,0,0.16472698643813788,0.2782366988229959,2.967399440035956,0.8371855392418075,0.0,0.9473684210526315,0.0,0.8,0.0,0.8,0.0,0.08,0.07723577235772358,0.25,0.25
290,0.9814050671029588,0.5093704496106641,0.9510093598465582,0.5170946500033574,0.26107685272754566,0.5111786608934505,0.8,0.42121426298016923,0.3987063285001024,0.11836734693877551,0.56,0.39269212353321303,0.3839085850492966,0.08571428571428572,0.05714285714285714,0.04285714285714286,0.3,12.882857142857143,0.02857142857142857,0.002857142857142857,0.03225433749807932,0.1319663491490371,4.571428571428571,0.0,0.0,0.15,0.08163265306122448,0,0.16430278079166147,0.2768455153288809,2.95090859409238,0.8204418284569713,0.0,1.0,0.0,0.8,0.0,0.8,0.0,0.08,0.06097560975609756,0.25,0.25
291,0.9822433343371613,0.5081222887399198,0.9512085505108403,0.5160968989161774,0.26107685272754566,0.5111410619143116,0.860655737704918,0.42052140727779846,0.4000237585452441,0.11885245901639344,0.6,0.39269212353321303,0.3839085850492966,0.08571428571428572,0.05737704918032787,0.04,0.3028571428571429,12.902857142857142,0.02459016393442623,0.002857142857142857,0.0322988959725106,0.1319663491490371,4.450819672131147,0.0,0.0,0.15,0.08196721311475409,0,0.1638238383162746,0.2754612877522365,2.931890422210532,0.8040329918878318,0.0,1.0,0.0,0.8,0.0,0.8,0.0,0.08,0.05714285714285714,0.25,0.25
292,0.9825060328943158,0.5090059410467426,0.9513916889335422,0.5161430036913769,0.26107685272754566,0.5109221508402031,0.860655737704918,0.42052140727779846,0.4000237585452441,0.11885245901639344,0.6,0.39269212353321303,0.3839085850492966,0.08571428571428572,0.040983606557377046,0.02857142857142857,0.3028571428571429,12.922857142857143,0.02459016393442623,0.0,0.03236289643266103,0.1319663491490371,4.450819672131147,0.0,0.0,0.15,0.08196721311475409,0,0.16329000555326464,0.27408398131347533,2.90182404233775,0.7879523320500753,0.0,1.0,0.0,0.8,0.0,0.8,0.0,0.08,0.040983606557377046,0.25,0.25
293,0.9820543718574376,0.5090698135378322,0.9510768166678328,0.5164194278950157,0.26107685272754566,0.5107114409215234,0.7909836065573771,0.42052140727779846,0.4000237585452441,0.11885245901639344,0.5514285714285714,0.39269212353321303,0.3839085850492966,0.08571428571428572,0.05327868852459016,0.037142857142857144,0.3028571428571429,12.942857142857143,0.02459016393442623,0.0,0.03236289643266103,0.1319663491490371,4.450819672131147,0.0,0.0,0.15,0.08196721311475409,0,0.16290127052549833,0.27271356140690795,2.880930418633852,0.7721932854090737,0.0,1.0,0.0,0.8,0.0,0.8,0.0,0.08,0.05327868852459016,0.25,0.25
294,0.9825923220607207,0.5098637308738357,0.9514518448095501,0.5168599037474864,0.26107685272754566,0.5105698274819112,0.7909836065573771,0.42052140727779846,0.4000237585452441,0.11885245901639344,0.5514285714285714,0.39269212353321303,0.3839085850492966,0.08571428571428572,0.045081967213114756,0.03142857142857143,0.3028571428571429,12.962857142857143,0.02459016393442623,0.0,0.03236289643266103,0.1319663491490371,4.450819672131147,0.0,0.0,0.15,0.08196721311475409,0,0.1624559212622636,0.2713499935998734,2.8547403816897465,0.7567494197008923,0.0,1.0,0.0,0.8,0.0,0.8,0.0,0.08,0.045081967213114756,0.25,0.25
295,0.9821309537573584,0.5090490154515432,0.951130205192349,0.5164137029310087,0.26107685272754566,0.51031547206792,0.8442622950819673,0.4207673089171427,0.4002081847747523,0.11885245901639344,0.5885714285714285,0.39286355210464163,0.3840371564778679,0.08571428571428572,0.06147540983606557,0.045714285714285714,0.3028571428571429,12.985714285714286,0.02459016393442623,0.0,0.03236289643266103,0.1319663491490371,4.450819672131147,0.0,0.0,0.15,0.08196721311475409,0,0.16298464878097016,0.29739238645225347,2.843359859770237,0.7846399883892295,0.0,0.875,0.0,0.8,0.0,0.8,0.0,0.08,0.06147540983606557,0.25,0.25
296,0.9815541948289882,0.5083431117536303,0.9507281218251423,0.5157902900036859,0.26107685272754566,0.5100886636057631,0.8483606557377049,0.42084927613025747,0.4002696601845883,0.11885245901639344,0.5914285714285714,0.3929206949617845,0.3840800136207251,0.08571428571428572,0.06147540983606557,0.04285714285714286,0.3028571428571429,13.002857142857144,0.02459016393442623,0.0,0.03236289643266103,0.1319663491490371,4.450819672131147,0.0,0.0,0.15,0.08196721311475409,0,0.16279829696563672,0.30365549397663744,2.8293498054319755,0.9170596390149828,0.0,0.9333333333333333,0.0,0.8,0.0,0.8,0.0,0.08,0.06147540983606557,0.25,0.25
297,0.9814224334243864,0.5080347082451317,0.9506362653030771,0.516070580305012,0.26107685272754566,0.5099520442723247,0.8688524590163934,0.42101321055648694,0.40039261100426043,0.11885245901639344,0.6057142857142858,0.3930349806760702,0.3841657279064394,0.08571428571428572,0.06147540983606557,0.04285714285714286,0.3028571428571429,13.022857142857143,0.02459016393442623,0.0,0.03236289643266103,0.1319663491490371,4.450819672131147,0.0,0.0,0.15,0.08196721311475409,0,0.16355019747762933,0.30213721650675424,2.8156199521804783,0.9911257661920282,0.0,0.8666666666666667,0.0,0.8,0.0,0.8,0.0,0.08,0.06147540983606557,0.25,0.25
298,0.9812193938153515,0.509221297915047,0.9502387693266694,0.5167998914040035,0.26107685272754566,0.5099976586243978,0.8436213991769548,0.4214318812909121,0.40139656454404016,0.11934156378600823,0.5857142857142857,0.3930349806760702,0.3841657279064394,0.08571428571428572,0.037037037037037035,0.02857142857142857,0.3057142857142857,13.042857142857143,0.0205761316872428,0.002857142857142857,0.032409371435104875,0.1319663491490371,4.37037037037037,0.0,0.0,0.15,0.0823045267489712,0,0.16310216790097334,0.30062653042422044,2.7878789817082974,0.9713032508681876,0.0,1.0,0.0,0.8,0.0,0.8,0.0,0.08,0.040983606557377046,0.25,0.25
299,0.9826794745107679,0.5087656290959357,0.9512524824952012,0.5162244173255597,0.26107685272754566,0.5100131882102245,0.8641975308641975,0.4214318812909121,0.40139656454404016,0.11934156378600823,0.6,0.3930349806760702,0.3841657279064394,0.08571428571428572,0.04938271604938271,0.03428571428571429,0.3057142857142857,13.054285714285715,0.0205761316872428,0.0,0.03244483539655573,0.1319663491490371,4.37037037037037,0.0,0.0,0.15,0.07818930041152264,0,0.1626005142043256,0.2991233977720994,2.7664071163598454,0.9518771858508238,0.0,1.0,0.0,0.8,0.0,0.8,0.0,0.08,0.04938271604938271,0.25,0.25
300,0.9822433894050687,0.5093989629241358,0.9509497148361015,0.5167207247684561,0.26107685272754566,0.5099602028994782,0.8106995884773662,0.4214318812909121,0.40139656454404016,0.11934156378600823,0.5628571428571428,0.3930349806760702,0.3841657279064394,0.08571428571428572,0.0411522633744856,0.02857142857142857,0.3057142857142857,13.071428571428571,0.0205761316872428,0.0,0.03244483539655573,0.1319663491490371,4.37037037037037,0.0,0.0,0.15,0.07818930041152264,0,0.16193036877616115,0.29762778078323887,2.739650402604077,0.9328396421338073,0.0,1.0,0.0,0.8,0.0,0.8,0.0,0.08,0.0411522633744856,0.25,0.25
301,0.9822216550002831,0.5096420141190546,0.9509346249493505,0.5161783764414154,0.26107685272754566,0.5098996836545572,0.8395061728395061,0.42151418581766104,0.40145829293910185,0.11934156378600823,0.5828571428571429,0.3930921235332131,0.3842085850492965,0.08571428571428572,0.053497942386831275,0.04,0.3057142857142857,13.082857142857144,0.0205761316872428,0.0,0.03244483539655573,0.1319663491490371,4.37037037037037,0.0,0.0,0.15,0.07818930041152264,0,0.1623437482290833,0.2961396418793227,2.7248573945519956,0.9226936116924747,0.0,0.9285714285714286,0.0,0.8,0.0,0.8,0.0,0.08,0.053497942386831275,0.25,0.25
302,0.9824325831634364,0.5108667385750236,0.9504451509712294,0.5172852014596012,0.26107685272754566,0.5098617496988122,0.8458333333333333,0.4227171856819723,0.4031141562314347,0.12083333333333333,0.58,0.3932064092474988,0.38429429933501086,0.08571428571428572,0.041666666666666664,0.037142857142857144,0.3142857142857143,13.1,0.008333333333333333,0.008571428571428572,0.03255973772632551,0.1319663491490371,4.191666666666666,0.0,0.0,0.15,0.07916666666666666,0,0.16233103234150928,0.30454808436412506,2.7075031038038126,0.9125240446997124,0.0,0.9230769230769231,0.0,0.8,0.0,0.8,0.0,0.08,0.053497942386831275,0.25,0.25
303,0.982099863519817,0.5102699241890613,0.9502170003584618,0.5161502382895542,0.26107685272754566,0.509866265466221,0.8375,0.4227171856819723,0.4031141562314347,0.12083333333333333,0.5742857142857143,0.3932064092474988,0.38429429933501086,0.08571428571428572,0.029166666666666667,0.02,0.3142857142857143,13.108571428571429,0.008333333333333333,0.0,0.032602893607116816,0.1319663491490371,4.191666666666666,0.0,0.0,0.15,0.07916666666666666,0,0.16180466289408746,0.30302534394230446,2.673353041727737,0.8942735638057181,0.0,1.0,0.0,0.8,0.0,0.8,0.0,0.08,0.029166666666666667,0.25,0.25
304,0.9826409420592783,0.5110993876995696,0.9505880256426638,0.5163891165915654,0.26107685272754566,0.5098074480498695,0.8375,0.4227171856819723,0.4031141562314347,0.12083333333333333,0.5742857142857143,0.3932064092474988,0.38429429933501086,0.08571428571428572,0.04583333333333333,0.03142857142857143,0.3142857142857143,13.117142857142857,0.008333333333333333,0.0,0.032602893607116816,0.1319663491490371,4.191666666666666,0.0,0.0,0.15,0.07916666666666666,0,0.16150455627471666,0.30151021722259297,2.651314552321753,0.8763880925296037,0.0,1.0,0.0,0.8,0.0,0.8,0.0,0.08,0.04583333333333333,0.25,0.25
305,0.9821473826181093,0.5114062234010709,0.9502495848830053,0.5168270342320357,0.26107685272754566,0.5098274697241538,0.8166666666666667,0.4229671856819723,0.4033016562314347,0.12083333333333333,0.56,0.3933778378189273,0.38442287076358234,0.08571428571428572,0.03333333333333333,0.02857142857142857,0.3142857142857143,13.12,0.008333333333333333,0.0,0.032602893607116816,0.1319663491490371,4.191666666666666,0.0,0.0,0.15,0.07916666666666666,0,0.16206350466934058,0.3128836310427627,2.6268596898467464,0.9380955818470018,0.0,0.8,0.0,0.8,0.0,0.8,0.0,0.08,0.03333333333333333,0.25,0.25
306,0.9826900492914628,0.510422066427788,0.9506216991733046,0.5162259631208446,0.26107685272754566,0.5097402427424,0.85,0.42313385234863893,0.40342665623143475,0.12083333333333333,0.5828571428571429,0.39349212353321295,0.3845085850492965,0.08571428571428572,0.041666666666666664,0.03142857142857143,0.3142857142857143,13.128571428571428,0.008333333333333333,0.0,0.032602893607116816,0.1319663491490371,4.191666666666666,0.0,0.0,0.15,0.07916666666666666,0,0.16199533071742245,0.3113192128875489,2.605751067478383,0.9193336702100618,0.0,0.9090909090909091,0.0,0.8,0.0,0.8,0.0,0.08,0.041666666666666664,0.25,0.25
307,0.981594196388757,0.5119769668653873,0.9498702571828779,0.5170546710490072,0.26107685272754566,0.5096964441847587,0.8416666666666667,0.42313385234863893,0.40342665623143475,0.12083333333333333,0.5771428571428572,0.39349212353321295,0.3845085850492965,0.08571428571428572,0.041666666666666664,0.02857142857142857,0.3142857142857143,13.137142857142857,0.008333333333333333,0.0,0.032602893607116816,0.1319663491490371,4.191666666666666,0.0,0.0,0.15,0.07916666666666666,0,0.1613852112066925,0.3097626168231111,2.5822074747002435,0.9009469968058605,0.0,1.0,0.0,0.8,0.0,0.8,0.0,0.08,0.041666666666666664,0.25,0.25
308,0.9825631470480831,0.512374360230566,0.9505346804921302,0.5172353216033059,0.26107685272754566,0.5097658972149128,0.875,0.4232171856819723,0.4034891562314347,0.12083333333333333,0.6,0.3935492663903559,0.3845514421921537,0.08571428571428572,0.05416666666666667,0.037142857142857144,0.3142857142857143,13.145714285714286,0.008333333333333333,0.0,0.032602893607116816,0.1319663491490371,4.191666666666666,0.0,0.0,0.15,0.07916666666666666,0,0.16174403146873026,0.30821380373899554,2.5677061823490965,0.9449047336031524,0.0,0.9230769230769231,0.0,0.8,0.0,0.8,0.0,0.08,0.05416666666666667,0.25,0.25
309,0.9813350189241612,0.5136303934522453,0.9496925354928691,0.5180800441780963,0.26107685272754566,0.5097611767581632,0.8666666666666667,0.42338385234863896,0.40361415623143476,0.12083333333333333,0.5942857142857143,0.3936635521046416,0.384637156477868,0.08571428571428572,0.03333333333333333,0.022857142857142857,0.3142857142857143,13.154285714285715,0.0125,0.0,0.032602893607116816,0.1319663491490371,4.191666666666666,0.0,0.0,0.15,0.07916666666666666,0,0.16156373988281517,0.3066727347203006,2.5392092015592573,0.9597933556986766,0.0,0.875,0.0,0.8,0.0,0.8,0.0,0.08,0.03333333333333333,0.25,0.25
310,0.9822014433157055,0.5133546424728863,0.9499532645548416,0.5177994352601841,0.26107685272754566,0.5097869480065839,0.8368200836820083,0.4245940253321542,0.4034167421424516,0.12133891213389121,0.5714285714285714,0.39377783781892733,0.3847228707635823,0.08571428571428572,0.04602510460251046,0.03428571428571429,0.3171428571428571,13.162857142857144,0.008368200836820083,0.002857142857142857,0.03260007371947665,0.13196634914903713,4.184100418410042,0.0,0.0,0.15,0.0794979079497908,0,0.16149834975482968,0.31045399610928814,2.522710731813786,0.951304777137925,0.0,0.9166666666666666,0.0,0.8,0.0,0.8,0.0,0.08,0.05,0.25,0.25
311,0.9824716812972902,0.5130629535525741,0.9501377984908379,0.5172249524105826,0.26107685272754566,0.5097877222289469,0.8117154811715481,0.4248450713572588,0.40360502666128,0.12133891213389121,0.5542857142857143,0.3939492663903559,0.38485144219215367,0.08571428571428572,0.04184100418410042,0.02857142857142857,0.3171428571428571,13.168571428571429,0.008368200836820083,0.0,0.03260763960818912,0.13196634914903713,4.184100418410042,0.0,0.0,0.15,0.0794979079497908,0,0.16205830864903759,0.3089017261287417,2.500827945748939,0.9643685320311445,0.0,0.8,0.0,0.8,0.0,0.8,0.0,0.08,0.04184100418410042,0.25,0.25
312,0.9820689705196856,0.5123414494362311,0.9498628045598451,0.5167549690614617,0.26107685272754566,0.5096571904318463,0.8535564853556485,0.4248450713572588,0.40360502666128,0.12133891213389121,0.5828571428571429,0.3939492663903559,0.38485144219215367,0.08571428571428572,0.04184100418410042,0.02857142857142857,0.3171428571428571,13.177142857142858,0.008368200836820083,0.0,0.03260763960818912,0.13196634914903713,4.184100418410042,0.0,0.0,0.15,0.0794979079497908,0,0.16153301782007812,0.30735721749809797,2.4793828154053887,0.9450811613905216,0.0,1.0,0.0,0.8,0.0,0.8,0.0,0.08,0.04184100418410042,0.25,0.25
313,0.9806287841738324,0.5110755399333544,0.9488793630265338,0.5156737745235542,0.26107685272754566,0.5095107698666098,0.8702928870292888,0.4248450713572588,0.40360502666128,0.12133891213389121,0.5942857142857143,0.3939492663903559,0.38485144219215367,0.08571428571428572,0.02092050209205021,0.014285714285714285,0.3171428571428571,13.18,0.008368200836820083,0.0,0.03260763960818912,0.13196634914903713,4.184100418410042,0.0,0.0,0.15,0.0794979079497908,0,0.160868067016692,0.3058204314106075,2.444080873382995,0.926179538162711,0.0,1.0,0.0,0.8,0.0,0.8,0.0,0.08,0.02092050209205021,0.25,0.25
314,0.9810583267374059,0.5102569082960394,0.9491726792342313,0.5149426568383936,0.26107685272754566,0.5090789991317973,0.8493723849372385,0.42492875336562697,0.4036677881675562,0.12133891213389121,0.58,0.3940064092474988,0.3848942993350109,0.08571428571428572,0.04184100418410042,0.02857142857142857,0.3171428571428571,13.185714285714285,0.008368200836820083,0.0,0.03260763960818912,0.13196634914903713,4.184100418410042,0.0,0.0,0.15,0.0794979079497908,0,0.16091859024589428,0.30429132925355445,2.4237706844867644,0.9379621073223249,0.0,0.9,0.0,0.8,0.0,0.8,0.0,0.08,0.04184100418410042,0.25,0.25
315,0.9818168045570846,0.5105548197668119,0.9496906112310975,0.5154081810596287,0.26107685272754566,0.5086054810002152,0.8410041841004184,0.4250961173823634,0.4037933111801085,0.12133891213389121,0.5742857142857143,0.3941206949617845,0.38498001362072515,0.08571428571428572,0.03765690376569038,0.02857142857142857,0.3171428571428571,13.191428571428572,0.008368200836820083,0.0,0.03260763960818912,0.13196634914903713,4.184100418410042,0.0,0.0,0.15,0.0794979079497908,0,0.1611091707343249,0.3062185793660721,2.4038666993684568,0.9285390156253523,0.0,0.9,0.0,0.8,0.0,0.8,0.0,0.08,0.03765690376569038,0.25,0.25
316,0.9805460563361129,0.5111384302490198,0.948822871731634,0.515249719318609,0.26107685272754566,0.5081154456006864,0.8744769874476988,0.4250961173823634,0.4037933111801085,0.12133891213389121,0.5971428571428572,0.3941206949617845,0.38498001362072515,0.08571428571428572,0.02510460251046025,0.02,0.3171428571428571,13.197142857142858,0.008368200836820083,0.0,0.03260763960818912,0.13196634914903713,4.184100418410042,0.0,0.0,0.15,0.0794979079497908,0,0.1605604820235104,0.3046874864692418,2.3757893653810878,0.9099682353128453,0.0,1.0,0.0,0.8,0.0,0.8,0.0,0.08,0.02510460251046025,0.25,0.25
317,0.9795835697607523,0.5118325868814948,0.9481656308987451,0.5153987076774409,0.26107685272754566,0.5075747676850657,0.8661087866108786,0.42534716340746803,0.40398159569893693,0.12133891213389121,0.5914285714285714,0.394292123533213,0.38510858504929657,0.08571428571428572,0.02510460251046025,0.017142857142857144,0.3171428571428571,13.202857142857143,0.008368200836820083,0.0,0.03260763960818912,0.13196634914903713,4.184100418410042,0.0,0.0,0.15,0.0794979079497908,0,0.16072896532767855,0.3031640490368956,2.345416435216323,0.9416547548776306,0.0,0.6666666666666666,0.0,0.8,0.0,0.8,0.0,0.08,0.02510460251046025,0.25,0.25
318,0.980295711604998,0.5115569735925249,0.9486519220438157,0.5150306444964927,0.26107685272754566,0.5070749787109804,0.8702928870292888,0.42543084541583626,0.40404435720521314,0.12133891213389121,0.5942857142857143,0.39434926639035595,0.38515144219215364,0.08571428571428572,0.0502092050209205,0.03428571428571429,0.3171428571428571,13.211428571428572,0.008368200836820083,0.0,0.03260763960818912,0.13196634914903713,4.184100418410042,0.0,0.0,0.15,0.0794979079497908,0,0.1608654733367723,0.30164822879171105,2.332793820797711,0.9293103723300916,0.0,0.9166666666666666,0.0,0.8,0.0,0.8,0.0,0.08,0.0502092050209205,0.25,0.25
319,0.981239150292213,0.5120668976481075,0.9492961558902281,0.5153054550392148,0.26107685272754566,0.5066813399753257,0.8493723849372385,0.42559820943257265,0.40416988021776545,0.12133891213389121,0.58,0.3944635521046416,0.38523715647786794,0.08571428571428572,0.04184100418410042,0.02857142857142857,0.3171428571428571,13.214285714285714,0.008368200836820083,0.0,0.03260763960818912,0.13196634914903713,4.184100418410042,0.0,0.0,0.15,0.0794979079497908,0,0.16102662429226577,0.3001399876477525,2.3147093729531854,0.9107241648834898,0.0,0.9,0.0,0.8,0.0,0.8,0.0,0.08,0.04184100418410042,0.25,0.25
320,0.9797839929342457,0.5112629530468599,0.9483024912943591,0.5144652646226221,0.26107685272754566,0.5062409013638635,0.8828451882845189,0.42559820943257265,0.40416988021776545,0.12133891213389121,0.6028571428571429,0.3944635521046416,0.38523715647786794,0.08571428571428572,0.016736401673640166,0.011428571428571429,0.3171428571428571,13.22,0.008368200836820083,0.0,0.03260763960818912,0.13196634914903713,4.184100418410042,0.0,0.0,0.15,0.0794979079497908,0,0.1604204940243759,0.29863928770951376,2.279843756922693,0.89250968158582,0.0,1.0,0.0,0.8,0.0,0.8,0.0,0.08,0.016736401673640166,0.25,0.25
321,0.9788197658515,0.51087714560977,0.9476440619435698,0.5145773122962887,0.26107685272754566,0.5058493648103557,0.8702928870292888,0.425765573449309,0.4042954032303177,0.12133891213389121,0.5942857142857143,0.3945778378189273,0.38532287076358224,0.08571428571428572,0.04602510460251046,0.03142857142857143,0.3171428571428571,13.228571428571428,0.008368200836820083,0.0,0.03260763960818912,0.13196634914903713,4.184100418410042,0.0,0.0,0.15,0.0794979079497908,0,0.16093039939355755,0.29714609127096614,2.2656754532128107,0.8746594879541036,0.0,0.9090909090909091,0.0,0.8,0.0,0.8,0.0,0.08,0.04602510460251046,0.25,0.25
322,0.9792680951530519,0.5119231440288873,0.9479502068094868,0.5153948674332481,0.26107685272754566,0.5056454480660789,0.8451882845188284,0.425765573449309,0.4042954032303177,0.12133891213389121,0.5771428571428572,0.3945778378189273,0.38532287076358224,0.08571428571428572,0.02510460251046025,0.017142857142857144,0.3171428571428571,13.231428571428571,0.008368200836820083,0.0,0.03260763960818912,0.13196634914903713,4.184100418410042,0.0,0.0,0.15,0.0794979079497908,0,0.1604101795358755,0.29566036081461133,2.2375048012914114,0.8571662981950214,0.0,1.0,0.0,0.8,0.0,0.8,0.0,0.08,0.02510460251046025,0.25,0.25
323,0.9784185740674943,0.5126159680312427,0.9473701052682059,0.5156054309593769,0.26107685272754566,0.5054048273109686,0.8242677824267782,0.42610030148278183,0.40454644925542227,0.12133891213389121,0.5628571428571428,0.39480640924749877,0.38549429933501084,0.08571428571428572,0.058577405857740586,0.04,0.3171428571428571,13.237142857142857,0.008368200836820083,0.0,0.03260763960818912,0.13196634914903713,4.184100418410042,0.0,0.0,0.15,0.0794979079497908,0,0.16121112760157916,0.2941820590105383,2.232754705265583,0.8876502224576002,0.0,0.8571428571428571,0.0,0.8,0.0,0.8,0.0,0.08,0.058577405857740586,0.25,0.25
324,0.9790947584162377,0.5123838582173704,0.9478318425806336,0.5155003439730067,0.26107685272754566,0.5052694549761011,0.7866108786610879,0.42610030148278183,0.40454644925542227,0.12133891213389121,0.5371428571428571,0.39480640924749877,0.38549429933501084,0.08571428571428572,0.029288702928870293,0.022857142857142857,0.3171428571428571,13.242857142857142,0.008368200836820083,0.0,0.03260763960818912,0.13196634914903713,4.184100418410042,0.0,0.0,0.15,0.0794979079497908,0,0.16069035767785697,0.2927111487154856,2.210956754017414,0.8698972180084482,0.0,1.0,0.0,0.8,0.0,0.8,0.0,0.08,0.029288702928870293,0.25,0.25
325,0.9797184730126078,0.5120538753486705,0.9482577505478691,0.515162936160748,0.26107685272754566,0.5050105841721904,0.8451882845188284,0.42610030148278183,0.40454644925542227,0.12133891213389121,0.5771428571428572,0.39480640924749877,0.38549429933501084,0.08571428571428572,0.03347280334728033,0.025714285714285714,0.3171428571428571,13.248571428571429,0.008368200836820083,0.0,0.03260763960818912,0.13196634914903713,4.184100418410042,0.0,0.0,0.15,0.0794979079497908,0,0.16034191372877127,0.29124759297190816,2.1924519046513518,0.8524992736482793,0.0,1.0,0.0,0.8,0.0,0.8,0.0,0.08,0.03347280334728033,0.25,0.25
326,0.980747382872903,0.5113931493556819,0.9489603489953278,0.5146997595532634,0.26107685272754566,0.5047548859380325,0.8242677824267782,0.42610030148278183,0.40454644925542227,0.12133891213389121,0.5628571428571428,0.39480640924749877,0.38549429933501084,0.08571428571428572,0.029288702928870293,0.02,0.3171428571428571,13.26,0.008368200836820083,0.0,0.03260763960818912,0.13196634914903713,4.184100418410042,0.0,0.0,0.15,0.0794979079497908,0,0.1598822048744131,0.2897913550070486,2.1686028665583246,0.8354492881753136,0.0,1.0,0.0,0.8,0.0,0.8,0.0,0.08,0.029288702928870293,0.25,0.25
327,0.9799481955109223,0.5123658867772093,0.948414618196718,0.5150873744136474,0.26107685272754566,0.5046100262285975,0.8619246861924686,0.4262676654995182,0.4046719722679746,0.12133891213389121,0.5885714285714285,0.39492069496178445,0.3855800136207251,0.08571428571428572,0.02510460251046025,0.017142857142857144,0.3171428571428571,13.26,0.008368200836820083,0.0,0.03260763960818912,0.13196634914903713,4.184100418410042,0.0,0.0,0.15,0.0794979079497908,0,0.1596256509928982,0.3111893363689144,2.1423736663700153,0.8339280557230815,0.0,0.8333333333333334,0.0,0.8,0.0,0.8,0.0,0.08,0.02510460251046025,0.25,0.25
328,0.9801065862301711,0.5123802678213134,0.9485227764307196,0.5149619472243698,0.26107685272754566,0.5046113104705453,0.8786610878661087,0.4262676654995182,0.4046719722679746,0.12133891213389121,0.6,0.39492069496178445,0.3855800136207251,0.08571428571428572,0.04184100418410042,0.02857142857142857,0.3171428571428571,13.265714285714285,0.008368200836820083,0.0,0.03260763960818912,0.13196634914903713,4.184100418410042,0.0,0.0,0.15,0.0794979079497908,0,0.1593959605772373,0.3096333896870698,2.1280976216140433,0.8172494946086198,0.0,1.0,0.0,0.8,0.0,0.8,0.0,0.08,0.04184100418410042,0.25,0.25
329,0.9797795490300801,0.5128473945313008,0.9480451441785941,0.5153166602919089,0.26107685272754566,0.504663946500114,0.8697478991596639,0.42707427286944877,0.4053246601170149,0.12184873949579832,0.5914285714285714,0.39492069496178445,0.3855800136207251,0.08571428571428572,0.03361344537815126,0.025714285714285714,0.32,13.271428571428572,0.004201680672268907,0.002857142857142857,0.032700226263282936,0.13196634914903713,4.050420168067227,0.0,0.0,0.15,0.07983193277310924,0,0.15916530909320573,0.3080852227386345,2.1112499548960484,0.8009045047164475,0.0,1.0,0.0,0.8,0.0,0.8,0.0,0.08,0.03765690376569038,0.25,0.25
330,0.9811952251848836,0.511608532221653,0.9485097482994037,0.5144648498557499,0.26107685272754566,0.5048062243675978,0.890295358649789,0.4265962179919646,0.40651666769070277,0.12236286919831224,0.6028571428571429,0.39492069496178445,0.3855800136207251,0.08571428571428572,0.02109704641350211,0.014285714285714285,0.32285714285714284,13.277142857142858,0.0,0.002857142857142857,0.032803030091784806,0.1319663491490371,3.8987341772151898,0.0,0.0,0.15,0.08016877637130802,0,0.15859705682988257,0.30654479662494133,2.0833106700838417,0.7848864146221185,0.0,1.0,0.0,0.8,0.0,0.8,0.0,0.08,0.02100840336134454,0.25,0.25
331,0.9803411076262826,0.5123864219133861,0.9479313886954367,0.5145781721409908,0.26107685272754566,0.5048619142256111,0.8860759493670886,0.4265962179919646,0.40651666769070277,0.12236286919831224,0.6,0.39492069496178445,0.3855800136207251,0.08571428571428572,0.02531645569620253,0.017142857142857144,0.32285714285714284,13.274285714285714,0.0,0.0,0.03285653147913736,0.1319663491490371,3.8987341772151898,0.0,0.0,0.15,0.08016877637130802,0,0.15811750083144743,0.3050120726418166,2.0587873138250217,0.7691886863296762,0.0,1.0,0.0,0.8,0.0,0.8,0.0,0.08,0.02531645569620253,0.25,0.25
332,0.9807677850209271,0.5128458879245091,0.9482203102455244,0.5151912526876662,0.26107685272754566,0.5050747739437239,0.8649789029535865,0.4265962179919646,0.40651666769070277,0.12236286919831224,0.5857142857142857,0.39492069496178445,0.3855800136207251,0.08571428571428572,0.0379746835443038,0.025714285714285714,0.32285714285714284,13.277142857142858,0.0,0.0,0.03285653147913736,0.1319663491490371,3.8987341772151898,0.0,0.0,0.15,0.08016877637130802,0,0.1578939417705217,0.3034870122786075,2.043325853262807,0.7538049126030826,0.0,1.0,0.0,0.8,0.0,0.8,0.0,0.08,0.0379746835443038,0.25,0.25
333,0.9818625674119499,0.5119391755861742,0.9489616343217314,0.5147666470358191,0.26107685272754566,0.5053483048275004,0.8481012658227848,0.42676499436327275,0.4066432499691838,0.12236286919831224,0.5742857142857143,0.3950349806760702,0.3856657279064394,0.08571428571428572,0.04219409282700422,0.02857142857142857,0.32285714285714284,13.274285714285714,0.0,0.0,0.03285653147913736,0.1319663491490371,3.8987341772151898,0.0,0.0,0.15,0.08016877637130802,0,0.15784576490097268,0.30447859753877426,2.0310307647689796,0.7447897646314617,0.0,0.9,0.0,0.8,0.0,0.8,0.0,0.08,0.04219409282700422,0.25,0.25
334,0.9818493939776921,0.5103868333871884,0.9489527140248196,0.5134859712033514,0.26107685272754566,0.5055220407072951,0.8860759493670886,0.4269337707345807,0.4067698322476648,0.12236286919831224,0.6,0.39514926639035586,0.3857514421921537,0.08571428571428572,0.029535864978902954,0.02,0.32285714285714284,13.277142857142858,0.0,0.0,0.03285653147913736,0.1319663491490371,3.8987341772151898,0.0,0.0,0.15,0.08016877637130802,0,0.15779768605862854,0.30295620455108035,2.0104101494736,0.7736794071333531,0.0,0.8571428571428571,0.0,0.8,0.0,0.8,0.0,0.08,0.029535864978902954,0.25,0.25
335,0.9813649160090103,0.5104467110143446,0.9486246532288838,0.5136214007563346,0.26107685272754566,0.5055677588676615,0.8945147679324894,0.4269337707345807,0.4067698322476648,0.12236286919831224,0.6057142857142858,0.39514926639035586,0.3857514421921537,0.08571428571428572,0.0379746835443038,0.025714285714285714,0.32285714285714284,13.28,0.0,0.0,0.03285653147913736,0.1319663491490371,3.8987341772151898,0.0,0.0,0.15,0.08016877637130802,0,0.15737898477119253,0.301441423528325,1.9959162321984136,0.7582058189906861,0.0,1.0,0.0,0.8,0.0,0.8,0.0,0.08,0.0379746835443038,0.25,0.25
336,0.9827687573391648,0.5107505401405174,0.9495752543581599,0.513732314188237,0.26107685272754566,0.5056493320378611,0.8734177215189873,0.4270181589202347,0.4068331233869053,0.12236286919831224,0.5914285714285714,0.3952064092474987,0.38579429933501086,0.08571428571428572,0.03375527426160337,0.022857142857142857,0.32285714285714284,13.282857142857143,0.0,0.0,0.03285653147913736,0.1319663491490371,3.8987341772151898,0.0,0.0,0.15,0.08016877637130802,0,0.15739009768664014,0.29993421641068335,1.9788550504115878,0.7690223892601038,0.0,0.875,0.0,0.8,0.0,0.8,0.0,0.08,0.03375527426160337,0.25,0.25
337,0.9816973249926348,0.5112578950291552,0.9488497415977953,0.5138451559582706,0.26107685272754566,0.5059869326966764,0.8860759493670886,0.4270181589202347,0.4068331233869053,0.12236286919831224,0.6,0.3952064092474987,0.38579429933501086,0.08571428571428572,0.02109704641350211,0.017142857142857144,0.32285714285714284,13.288571428571428,0.0,0.0,0.03285653147913736,0.1319663491490371,3.8987341772151898,0.0,0.0,0.15,0.08016877637130802,0,0.15699988635929563,0.29843454532862995,1.9564208065462136,0.7536419414749017,0.0,1.0,0.0,0.8,0.0,0.8,0.0,0.08,0.02109704641350211,0.25,0.25
338,0.9823062552942788,0.5105558472304934,0.9492620744020515,0.5130438538618584,0.26107685272754566,0.5063997755399497,0.8945147679324894,0.4271869352915428,0.40695970566538625,0.12236286919831224,0.6057142857142858,0.3953206949617845,0.38588001362072516,0.08571428571428572,0.02531645569620253,0.02,0.32285714285714284,13.282857142857143,0.0,0.0,0.03285653147913736,0.1319663491490371,3.8987341772151898,0.0,0.0,0.15,0.08016877637130802,0,0.15698446619537412,0.2969423726019868,1.937292390415289,0.7427987104390149,0.0,0.8571428571428571,0.0,0.8,0.0,0.8,0.0,0.08,0.02531645569620253,0.25,0.25
339,0.9812166647670204,0.5111916832929909,0.9485242659593077,0.5134760502060974,0.26107685272754566,0.5068114724442256,0.869198312236287,0.4271869352915428,0.40695970566538625,0.12236286919831224,0.5885714285714285,0.3953206949617845,0.38588001362072516,0.08571428571428572,0.029535864978902954,0.02,0.32285714285714284,13.285714285714286,0.0,0.0,0.03285653147913736,0.1319663491490371,3.8987341772151898,0.0,0.0,0.15,0.08016877637130802,0,0.1565408331465401,0.2954576607389769,1.9185465426069832,0.7279427362302345,0.0,1.0,0.0,0.8,0.0,0.8,0.0,0.08,0.029535864978902954,0.25,0.25
340,0.9831212564054163,0.51044544983466,0.9498139465830214,0.5132253919708273,0.26107685272754566,0.5072246405879028,0.9029535864978903,0.4271869352915428,0.40695970566538625,0.12236286919831224,0.6114285714285714,0.3953206949617845,0.38588001362072516,0.08571428571428572,0.02531645569620253,0.017142857142857144,0.32285714285714284,13.288571428571428,0.0,0.0,0.03285653147913736,0.1319663491490371,3.8987341772151898,0.0,0.0,0.15,0.08016877637130802,0,0.15607127469152168,0.29398037243528197,1.897318468897701,0.7133838815056299,0.0,1.0,0.0,0.8,0.0,0.8,0.0,0.08,0.02531645569620253,0.25,0.25
341,0.9842243429307912,0.5093535131601631,0.9505608937444897,0.512543592665124,0.26107685272754566,0.5075576371679544,0.8860759493670886,0.42735571166285075,0.40708628794386725,0.12236286919831224,0.6,0.3954349806760702,0.38596572790643946,0.08571428571428572,0.02531645569620253,0.017142857142857144,0.32285714285714284,13.291428571428572,0.0,0.0,0.03285653147913736,0.1319663491490371,3.8987341772151898,0.0,0.0,0.15,0.08016877637130802,0,0.1559756340323498,0.2925104705731056,1.8765149566626038,0.7423363797989848,0.0,0.8333333333333334,0.0,0.8,0.0,0.8,0.0,0.08,0.02531645569620253,0.25,0.25
342,0.9860895914358636,0.5092890277758408,0.9518239334464959,0.51235920582886,0.26107685272754566,0.5077927341485045,0.8776371308016878,0.42735571166285075,0.40708628794386725,0.12236286919831224,0.5942857142857143,0.3954349806760702,0.38596572790643946,0.08571428571428572,0.02531645569620253,0.017142857142857144,0.32285714285714284,13.294285714285714,0.0,0.0,0.03285653147913736,0.1319663491490371,3.8987341772151898,0.0,0.0,0.15,0.08016877637130802,0,0.15559150989889983,0.29104791822024006,1.856127514672209,0.7274896522030051,0.0,1.0,0.0,0.8,0.0,0.8,0.0,0.08,0.02531645569620253,0.25,0.25
343,0.9860221795069465,0.5097141311483047,0.9517782859403433,0.5129614065073198,0.26107685272754566,0.5079774715653972,0.8312236286919831,0.42752448803415877,0.4072128702223483,0.12236286919831224,0.5628571428571428,0.39554926639035587,0.38605144219215376,0.08571428571428572,0.0379746835443038,0.025714285714285714,0.32285714285714284,13.297142857142857,0.0,0.0,0.03285653147913736,0.1319663491490371,3.8987341772151898,0.0,0.0,0.15,0.08016877637130802,0,0.15552598876013746,0.28959267862913884,1.8447192500930507,0.7777047477752036,0.0,0.8888888888888888,0.0,0.8,0.0,0.8,0.0,0.08,0.0379746835443038,0.25,0.25
344,0.9847333239927383,0.5097408234405869,0.9509055466350083,0.5128516710174947,0.26107685272754566,0.5081840039765696,0.8776371308016878,0.42752448803415877,0.4072128702223483,0.12236286919831224,0.5942857142857143,0.39554926639035587,0.38605144219215376,0.08571428571428572,0.02531645569620253,0.02,0.32285714285714284,13.3,0.0,0.0,0.03285653147913736,0.1319663491490371,3.8987341772151898,0.0,0.0,0.15,0.08016877637130802,0,0.15517436879492608,0.28814471523599317,1.8278248650911895,0.7621506528196995,0.0,1.0,0.0,0.8,0.0,0.8,0.0,0.08,0.02531645569620253,0.25,0.25
345,0.9855617982778608,0.5107093216424297,0.9514665420795055,0.513338154019193,0.26107685272754566,0.5085764403620732,0.8818565400843882,0.42752448803415877,0.4072128702223483,0.12236286919831224,0.5971428571428572,0.39554926639035587,0.38605144219215376,0.08571428571428572,0.03375527426160337,0.022857142857142857,0.32285714285714284,13.302857142857142,0.0,0.0,0.03285653147913736,0.1319663491490371,3.8987341772151898,0.0,0.0,0.15,0.08016877637130802,0,0.15490670221390826,0.2867039916598132,1.8141255106465086,0.7469076397633055,0.0,1.0,0.0,0.8,0.0,0.8,0.0,0.08,0.03375527426160337,0.25,0.25
346,0.9837250177436431,0.5101741214826631,0.9502227792606207,0.5128936769735334,0.26107685272754566,0.5090642168008264,0.9071729957805907,0.42752448803415877,0.4072128702223483,0.12236286919831224,0.6142857142857143,0.39554926639035587,0.38605144219215376,0.08571428571428572,0.05063291139240506,0.03428571428571429,0.32285714285714284,13.305714285714286,0.0,0.0,0.03285653147913736,0.1319663491490371,3.8987341772151898,0.0,0.0,0.15,0.08016877637130802,0,0.15441731227426728,0.2852704717015141,1.8121287147192924,0.7319694869680394,0.0,1.0,0.0,0.8,0.0,0.8,0.0,0.08,0.05063291139240506,0.25,0.25
347,0.9826644076171047,0.5103112823209722,0.9495045946892221,0.5131191033029253,0.26107685272754566,0.5092353151090137,0.890295358649789,0.42752448803415877,0.4072128702223483,0.12236286919831224,0.6028571428571429,0.39554926639035587,0.38605144219215376,0.08571428571428572,0.029535864978902954,0.02,0.32285714285714284,13.311428571428571,0.004219409282700422,0.0,0.03285653147913736,0.1319663491490371,3.8987341772151898,0.0,0.0,0.15,0.08016877637130802,0,0.15415468699900248,0.2838441193430066,1.7958861404249065,0.7173300972286786,0.0,1.0,0.0,0.8,0.0,0.8,0.0,0.08,0.029535864978902954,0.25,0.25
348,0.9827136597359357,0.5109469238049571,0.9495379454096876,0.5133152801230612,0.26107685272754566,0.5092868484482624,0.8818565400843882,0.42752448803415877,0.4072128702223483,0.12236286919831224,0.5971428571428572,0.39554926639035587,0.38605144219215376,0.08571428571428572,0.0379746835443038,0.025714285714285714,0.32285714285714284,13.311428571428571,0.004219409282700422,0.0,0.03285653147913736,0.1319663491490371,3.8987341772151898,0.0,0.0,0.15,0.08016877637130802,0,0.1538376527250961,0.2824248987462915,1.7856827033306941,0.702983495284105,0.0,1.0,0.0,0.8,0.0,0.8,0.0,0.08,0.0379746835443038,0.25,0.25
349,0.9830875568060626,0.5109957013631873,0.9497911271400306,0.51318311795404,0.26107685272754566,0.5093374738589903,0.8987341772151899,0.4276088762198128,0.40727616136158884,0.12236286919831224,0.6085714285714285,0.3956064092474988,0.3860942993350108,0.08571428571428572,0.04219409282700422,0.03142857142857143,0.32285714285714284,13.317142857142857,0.004219409282700422,0.0,0.03285653147913736,0.1319663491490371,3.8987341772151898,0.0,0.0,0.15,0.08016877637130802,0,0.15383875302932776,0.3122170072554272,1.7813976206926516,0.7001211417612594,0.0,0.9090909090909091,0.0,0.8,0.0,0.8,0.0,0.08,0.04219409282700422,0.25,0.25
350,0.9827126780828305,0.5122555458008039,0.9495372806902992,0.5139736511941682,0.26107685272754566,0.5092283569050322,0.8607594936708861,0.42777765259112077,0.4074027436400699,0.12236286919831224,0.5828571428571429,0.39572069496178447,0.3861800136207251,0.08571428571428572,0.0379746835443038,0.025714285714285714,0.32285714285714284,13.317142857142857,0.004219409282700422,0.0,0.03285653147913736,0.1319663491490371,3.8987341772151898,0.0,0.0,0.15,0.08016877637130802,0,0.15381127640346684,0.31065592221915006,1.7714839539930842,0.7264437198642036,0.0,0.8888888888888888,0.0,0.8,0.0,0.8,0.0,0.08,0.0379746835443038,0.25,0.25
351,0.9841016556901011,0.513230558955431,0.9504778169557939,0.51455336644165,0.26107685272754566,0.5092336312239844,0.8649789029535865,0.42811520533373687,0.4076559081970319,0.12236286919831224,0.5857142857142857,0.39594926639035594,0.3863514421921537,0.08571428571428572,0.04219409282700422,0.02857142857142857,0.32285714285714284,13.32,0.004219409282700422,0.0,0.03285653147913736,0.1319663491490371,3.8987341772151898,0.0,0.0,0.15,0.08016877637130802,0,0.15424150645002094,0.3135012364194395,1.764625703484651,0.739100037658096,0.0,0.8,0.0,0.8,0.0,0.8,0.0,0.08,0.04219409282700422,0.25,0.25
352,0.9840317314809784,0.5125670952690751,0.9504304682770449,0.513746979970996,0.26107685272754566,0.5093063973000718,0.810126582278481,0.42811520533373687,0.4076559081970319,0.12236286919831224,0.5485714285714286,0.39594926639035594,0.3863514421921537,0.08571428571428572,0.029535864978902954,0.02,0.32285714285714284,13.322857142857142,0.004219409282700422,0.0,0.03285653147913736,0.1319663491490371,3.8987341772151898,0.0,0.0,0.15,0.08016877637130802,0,0.153669871060628,0.3119337302373423,1.749333189414958,0.724318036904934,0.0,1.0,0.0,0.8,0.0,0.8,0.0,0.08,0.029535864978902954,0.25,0.25
353,0.9834901201771622,0.5114340226170956,0.9500637200513181,0.5129230102638825,0.26107685272754566,0.5094168247236832,0.8438818565400844,0.42811520533373687,0.4076559081970319,0.12236286919831224,0.5714285714285714,0.39594926639035594,0.3863514421921537,0.08571428571428572,0.029535864978902954,0.02,0.32285714285714284,13.325714285714286,0.004219409282700422,0.0,0.03285653147913736,0.1319663491490371,3.8987341772151898,0.0,0.0,0.15,0.08016877637130802,0,0.1530442359910391,0.3103740615861556,1.734346525626659,0.7098316761668353,0.0,1.0,0.0,0.8,0.0,0.8,0.0,0.08,0.029535864978902954,0.25,0.25
354,0.9848957026427642,0.5113630342699192,0.9510155001780257,0.5125234872357369,0.26107685272754566,0.5095392514463836,0.8438818565400844,0.42811520533373687,0.4076559081970319,0.12236286919831224,0.5714285714285714,0.39594926639035594,0.3863514421921537,0.08571428571428572,0.029535864978902954,0.022857142857142857,0.32285714285714284,13.32857142857143,0.004219409282700422,0.0,0.03285653147913736,0.1319663491490371,3.8987341772151898,0.0,0.0,0.15,0.08016877637130802,0,0.15301239690129737,0.3088221912782248,1.7225167379712687,0.6956350426434986,0.0,1.0,0.0,0.8,0.0,0.8,0.0,0.08,0.029535864978902954,0.25,0.25
355,0.9861354937651362,0.5118198579445845,0.951855015880889,0.5126632699660459,0.26107685272754566,0.5095751398990404,0.8523206751054853,0.42811520533373687,0.4076559081970319,0.12236286919831224,0.5771428571428572,0.39594926639035594,0.3863514421921537,0.08571428571428572,0.0379746835443038,0.025714285714285714,0.32285714285714284,13.331428571428571,0.004219409282700422,0.0,0.03285653147913736,0.1319663491490371,3.8987341772151898,0.0,0.0,0.15,0.08016877637130802,0,0.15287037823564553,0.3072780803218337,1.7137806889261291,0.6817223417906286,0.0,1.0,0.0,0.8,0.0,0.8,0.0,0.08,0.0379746835443038,0.25,0.25
356,0.9849715465642948,0.512046126732201,0.951066857347748,0.5128738227502095,0.26107685272754566,0.5094666290530613,0.8945147679324894,0.42811520533373687,0.4076559081970319,0.12236286919831224,0.6057142857142858,0.39594926639035594,0.3863514421921537,0.08571428571428572,0.029535864978902954,0.02,0.32285714285714284,13.334285714285715,0.004219409282700422,0.0,0.03285653147913736,0.1319663491490371,3.8987341772151898,0.0,0.0,0.15,0.08016877637130802,0,0.1523057406301816,0.3057416899202245,1.6995050751476064,0.668087894954816,0.0,1.0,0.0,0.8,0.0,0.8,0.0,0.08,0.029535864978902954,0.25,0.25
357,0.9837570799219955,0.512711921467137,0.9502444899356767,0.5136702601048118,0.26107685272754566,0.5091510699358811,0.869198312236287,0.42811520533373687,0.4076559081970319,0.12236286919831224,0.5885714285714285,0.39594926639035594,0.3863514421921537,0.08571428571428572,0.02109704641350211,0.014285714285714285,0.32285714285714284,13.337142857142856,0.004219409282700422,0.0,0.03285653147913736,0.1319663491490371,3.8987341772151898,0.0,0.0,0.15,0.08016877637130802,0,0.15177221264131638,0.30421298147062337,1.6798006879303684,0.6547261370557197,0.0,1.0,0.0,0.8,0.0,0.8,0.0,0.08,0.02109704641350211,0.25,0.25
358,0.9841537949564882,0.5130223016061697,0.9505131226876047,0.5134159914584336,0.26107685272754566,0.5088845201880917,0.8734177215189873,0.4281995935193908,0.4077191993362724,0.12236286919831224,0.5914285714285714,0.3960064092474988,0.3863942993350109,0.08571428571428572,0.02531645569620253,0.017142857142857144,0.32285714285714284,13.34,0.004219409282700422,0.0,0.03285653147913736,0.1319663491490371,3.8987341772151898,0.0,0.0,0.15,0.08016877637130802,0,0.1517822236675026,0.3026919165632702,1.6633475313146184,0.6479626878108576,0.0,0.8333333333333334,0.0,0.8,0.0,0.8,0.0,0.08,0.02531645569620253,0.25,0.25
359,0.9838305445793947,0.5136799943993837,0.9502942360036871,0.5140620169171307,0.26107685272754566,0.5087473864269408,0.8945147679324894,0.4281995935193908,0.4077191993362724,0.12236286919831224,0.6057142857142858,0.3960064092474988,0.3863942993350109,0.08571428571428572,0.029535864978902954,0.02,0.32285714285714284,13.342857142857143,0.004219409282700422,0.0,0.03285653147913736,0.1319663491490371,3.8987341772151898,0.0,0.0,0.15,0.08016877637130802,0,0.15142061320998643,0.30117845698045387,1.6500805806883259,0.6350034340546404,0.0,1.0,0.0,0.8,0.0,0.8,0.0,0.08,0.029535864978902954,0.25,0.25
360,0.9836807948204509,0.5145774903516791,0.9501928340240592,0.5147498815999969,0.26107685272754566,0.5086369006411681,0.919831223628692,0.4281995935193908,0.4077191993362724,0.12236286919831224,0.6228571428571429,0.3960064092474988,0.3863942993350109,0.08571428571428572,0.02531645569620253,0.017142857142857144,0.32285714285714284,13.345714285714285,0.004219409282700422,0.0,0.03285653147913736,0.1319663491490371,3.8987341772151898,0.0,0.0,0.15,0.08016877637130802,0,0.15091908869752577,0.2996725646955516,1.6342218262174164,0.6223033653735476,0.0,1.0,0.0,0.8,0.0,0.8,0.0,0.08,0.02531645569620253,0.25,0.25
361,0.9830088100495672,0.514511344477094,0.9497378043363467,0.5139950778768062,0.26107685272754566,0.5084865462620729,0.8523206751054853,0.42828398170504484,0.4077824904755129,0.12236286919831224,0.5771428571428572,0.3960635521046416,0.38643715647786797,0.08571428571428572,0.029535864978902954,0.02,0.32285714285714284,13.348571428571429,0.004219409282700422,0.0,0.03285653147913736,0.1319663491490371,3.8987341772151898,0.0,0.0,0.15,0.08016877637130802,0,0.150849067536181,0.2981742018720739,1.6215373896930683,0.6344259067301639,0.0,0.8571428571428571,0.0,0.8,0.0,0.8,0.0,0.08,0.029535864978902954,0.25,0.25
362,0.9825993051902266,0.5138350438125864,0.9494605110458789,0.5133571369087344,0.26107685272754566,0.5081782962036717,0.8818565400843882,0.42828398170504484,0.4077824904755129,0.12236286919831224,0.5971428571428572,0.3960635521046416,0.38643715647786797,0.08571428571428572,0.008438818565400843,0.005714285714285714,0.32285714285714284,13.351428571428572,0.004219409282700422,0.0,0.03285653147913736,0.1319663491490371,3.8987341772151898,0.0,0.0,0.15,0.08016877637130802,0,0.15015196505564293,0.2966833308627135,1.5948209276134921,0.6217373885955606,0.0,1.0,0.0,0.8,0.0,0.8,0.0,0.08,0.008438818565400843,0.25,0.25
363,0.9826320916002683,0.514584058076524,0.94948271212925,0.5136325659125022,0.26107685272754566,0.5078582628563023,0.869198312236287,0.42828398170504484,0.4077824904755129,0.12236286919831224,0.5885714285714285,0.3960635521046416,0.38643715647786797,0.08571428571428572,0.0379746835443038,0.025714285714285714,0.32285714285714284,13.357142857142858,0.004219409282700422,0.0,0.03285653147913736,0.1319663491490371,3.8987341772151898,0.0,0.0,0.15,0.08016877637130802,0,0.14991137439145338,0.2951999142083999,1.588638794775508,0.6093026408236494,0.0,1.0,0.0,0.8,0.0,0.8,0.0,0.08,0.0379746835443038,0.25,0.25
364,0.9828259328675986,0.5145895161094486,0.9495648163306,0.513862189397816,0.26107685272754566,0.5076475105170035,0.864406779661017,0.4291215602731474,0.4082840663274786,0.1228813559322034,0.5828571428571429,0.3960635521046416,0.38643715647786797,0.08571428571428572,0.0423728813559322,0.03142857142857143,0.32571428571428573,13.36,0.0,0.002857142857142857,0.032916308937446806,0.1319663491490371,3.788135593220339,0.0,0.0,0.15,0.08050847457627118,0,0.14972884173033532,0.293723914637358,1.5882945903085692,0.5971165880071764,0.0,1.0,0.0,0.8,0.0,0.8,0.0,0.08,0.046413502109704644,0.25,0.25
365,0.9825207904906341,0.5149591282883844,0.9493590631849896,0.5142760861751122,0.26107685272754566,0.5076484722226676,0.8347457627118644,0.42920630603585924,0.4083476256495125,0.1228813559322034,0.5628571428571428,0.3961206949617844,0.3864800136207251,0.08571428571428572,0.029661016949152543,0.02,0.32571428571428573,13.357142857142858,0.0,0.0,0.032955802624611126,0.1319663491490371,3.788135593220339,0.0,0.0,0.15,0.08050847457627118,0,0.15025095312003903,0.29225529506417114,1.576528698502398,0.6361884113454604,0.0,0.8571428571428571,0.0,0.8,0.0,0.8,0.0,0.08,0.029661016949152543,0.25,0.25
366,0.982763670909026,0.515466514689913,0.9495228339813911,0.5143267348126496,0.26107685272754566,0.5075764645118119,0.8432203389830508,0.4293757975612829,0.40847474429358027,0.1228813559322034,0.5685714285714286,0.3962349806760702,0.38656572790643945,0.08571428571428572,0.05084745762711865,0.03428571428571429,0.32571428571428573,13.36,0.0,0.0,0.032955802624611126,0.1319663491490371,3.788135593220339,0.0,0.0,0.15,0.08050847457627118,0,0.15024198406872455,0.2907940185888503,1.5792838388180643,0.6377469937462159,0.0,0.9166666666666666,0.0,0.8,0.0,0.8,0.0,0.08,0.05084745762711865,0.25,0.25
367,0.9832870351587316,0.5156503443829311,0.9498757310183356,0.5147100781715567,0.26107685272754566,0.5076237717737376,0.8771186440677966,0.4295452890867067,0.4086018629376481,0.1228813559322034,0.5914285714285714,0.3963492663903559,0.3866514421921537,0.08571428571428572,0.025423728813559324,0.017142857142857144,0.32571428571428573,13.357142857142858,0.0,0.0,0.032955802624611126,0.1319663491490371,3.788135593220339,0.0,0.0,0.15,0.08050847457627118,0,0.1501189177198095,0.28934004849590605,1.5648410191845599,0.7080399357361372,0.0,0.8333333333333334,0.0,0.8,0.0,0.8,0.0,0.08,0.025423728813559324,0.25,0.25
368,0.9826344719430324,0.5147479395640838,0.9494357169643213,0.5139767603225268,0.26107685272754566,0.5077510863640557,0.8813559322033898,0.4295452890867067,0.4086018629376481,0.1228813559322034,0.5942857142857143,0.3963492663903559,0.3866514421921537,0.08571428571428572,0.03389830508474576,0.022857142857142857,0.32571428571428573,13.357142857142858,0.0,0.0,0.032955802624611126,0.1319663491490371,3.788135593220339,0.0,0.0,0.15,0.08050847457627118,0,0.1497666124133533,0.28789334825342655,1.5564013416580116,0.6938791370214145,0.0,1.0,0.0,0.8,0.0,0.8,0.0,0.08,0.03389830508474576,0.25,0.25
369,0.9826250777686374,0.5142692255899445,0.9494293826067292,0.5135273565433112,0.26107685272754566,0.5078691854040915,0.8601694915254238,0.4295452890867067,0.4086018629376481,0.1228813559322034,0.58,0.3963492663903559,0.3866514421921537,0.08571428571428572,0.025423728813559324,0.017142857142857144,0.32571428571428573,13.357142857142858,0.0,0.0,0.032955802624611126,0.1319663491490371,3.788135593220339,0.0,0.0,0.15,0.08050847457627118,0,0.14927392506200082,0.2864538815121594,1.5424161719677087,0.6800015542809862,0.0,1.0,0.0,0.8,0.0,0.8,0.0,0.08,0.025423728813559324,0.25,0.25
370,0.9830453382312659,0.5139513404249113,0.9497127582329589,0.5134487462551872,0.26107685272754566,0.50797192399738,0.8898305084745762,0.42963003484941853,0.408665422259682,0.1228813559322034,0.6,0.39640640924749876,0.38669429933501076,0.08571428571428572,0.038135593220338986,0.025714285714285714,0.32571428571428573,13.357142857142858,0.0,0.0,0.032955802624611126,0.1319663491490371,3.788135593220339,0.0,0.0,0.15,0.08050847457627118,0,0.14929784257954792,0.28502161210459864,1.5372821342426402,0.6680811847384145,0.0,0.8888888888888888,0.0,0.8,0.0,0.8,0.0,0.08,0.038135593220338986,0.25,0.25
371,0.9820130187752637,0.5138921796549868,0.949016679971197,0.5132139655820278,0.26107685272754566,0.5080219182729707,0.8983050847457628,0.4297995263748423,0.4087925409037497,0.1228813559322034,0.6057142857142858,0.3965206949617844,0.38678001362072517,0.08571428571428572,0.0423728813559322,0.037142857142857144,0.32571428571428573,13.357142857142858,0.0,0.0,0.032955802624611126,0.1319663491490371,3.788135593220339,0.0,0.0,0.15,0.08050847457627118,0,0.15008755934389273,0.28359650404407566,1.5436793487006444,0.6698396904179306,0.0,0.8461538461538461,0.0,0.8,0.0,0.8,0.0,0.08,0.0423728813559322,0.25,0.25
372,0.981464930667459,0.5146619574892642,0.9486471119899346,0.5139776204124828,0.26107685272754566,0.5079182378133636,0.9110169491525424,0.42996901790026604,0.40891965954781756,0.1228813559322034,0.6142857142857143,0.39663498067607017,0.3868657279064394,0.08571428571428572,0.05508474576271186,0.037142857142857144,0.32571428571428573,13.36,0.0,0.0,0.032955802624611126,0.1319663491490371,3.788135593220339,0.0,0.0,0.15,0.08050847457627118,0,0.15027643285111908,0.28217852152385525,1.5499486188694889,0.6815728009045506,0.0,0.9230769230769231,0.0,0.8,0.0,0.8,0.0,0.08,0.05508474576271186,0.25,0.25
373,0.9826589892410027,0.513783449558273,0.9494522486280955,0.5136578207122683,0.26107685272754566,0.5078713235226339,0.885593220338983,0.4300537636629778,0.4089832188698515,0.1228813559322034,0.5971428571428572,0.39669212353321304,0.38690858504929654,0.08571428571428572,0.03389830508474576,0.022857142857142857,0.32571428571428573,13.362857142857143,0.0,0.0,0.032955802624611126,0.1319663491490371,3.788135593220339,0.0,0.0,0.15,0.08050847457627118,0,0.15023876568686348,0.280767628916236,1.5418067893492415,0.718187236442257,0.0,0.875,0.0,0.8,0.0,0.8,0.0,0.08,0.03389830508474576,0.25,0.25
374,0.9841690224332963,0.5127925597519201,0.9504704424377562,0.5129213993741384,0.26107685272754566,0.507787453272916,0.847457627118644,0.4300537636629778,0.4089832188698515,0.1228813559322034,0.5714285714285714,0.39669212353321304,0.38690858504929654,0.08571428571428572,0.0211864406779661,0.017142857142857144,0.32571428571428573,13.365714285714287,0.0,0.0,0.032955802624611126,0.1319663491490371,3.788135593220339,0.0,0.0,0.15,0.08050847457627118,0,0.149715714715572,0.27936379077165485,1.5281135107051136,0.7038234917134119,0.0,1.0,0.0,0.8,0.0,0.8,0.0,0.08,0.0211864406779661,0.25,0.25
375,0.9832610313444398,0.5123078482238932,0.9498581970178417,0.5128691252184348,0.26107685272754566,0.5074746964026836,0.8983050847457628,0.4300537636629778,0.4089832188698515,0.1228813559322034,0.6057142857142858,0.39669212353321304,0.38690858504929654,0.08571428571428572,0.025423728813559324,0.017142857142857144,0.32571428571428573,13.362857142857143,0.0,0.0,0.032955802624611126,0.1319663491490371,3.788135593220339,0.0,0.0,0.15,0.08050847457627118,0,0.14925213685627986,0.27796697181779656,1.5146940976338685,0.6897470218791436,0.0,1.0,0.0,0.8,0.0,0.8,0.0,0.08,0.025423728813559324,0.25,0.25
376,0.9848646077384681,0.5124604991140818,0.9509394656721006,0.512577817669876,0.26107685272754566,0.5072252668144308,0.8686440677966102,0.43013850942568976,0.40904677819188534,0.1228813559322034,0.5857142857142857,0.39674926639035596,0.3869514421921537,0.08571428571428572,0.038135593220338986,0.025714285714285714,0.32571428571428573,13.36,0.0,0.0,0.032955802624611126,0.1319663491490371,3.788135593220339,0.0,0.0,0.15,0.08050847457627118,0,0.149304169011302,0.2765771369587076,1.5101145013954773,0.6963772647669043,0.0,0.8888888888888888,0.0,0.8,0.0,0.8,0.0,0.08,0.038135593220338986,0.25,0.25
377,0.9862316960188059,0.5120592402355174,0.9518612737697,0.5119287600750975,0.26107685272754566,0.5069681955742519,0.8771186440677966,0.43013850942568976,0.40904677819188534,0.1228813559322034,0.5914285714285714,0.39674926639035596,0.3869514421921537,0.08571428571428572,0.05084745762711865,0.03428571428571429,0.32571428571428573,13.365714285714287,0.0,0.0,0.032955802624611126,0.1319663491490371,3.788135593220339,0.0,0.0,0.15,0.08050847457627118,0,0.14904136815910266,0.27519425127391406,1.5141979256532818,0.6824497194715662,0.0,1.0,0.0,0.8,0.0,0.8,0.0,0.08,0.05084745762711865,0.25,0.25
378,0.9863577185099556,0.5126894147022752,0.9519462489351608,0.5124576050058915,0.26107685272754566,0.5067150982145586,0.864406779661017,0.43030800095111343,0.4091738968359531,0.1228813559322034,0.5828571428571429,0.3968635521046415,0.387037156477868,0.08571428571428572,0.0423728813559322,0.02857142857142857,0.32571428571428573,13.36,0.0,0.0,0.032955802624611126,0.1319663491490371,3.788135593220339,0.0,0.0,0.15,0.08050847457627118,0,0.1490646147651101,0.27381828001754455,1.5124853957116446,0.6856755248060313,0.0,0.9,0.0,0.8,0.0,0.8,0.0,0.08,0.0423728813559322,0.25,0.25
379,0.9862558384342405,0.5119111646600946,0.9518775526555358,0.5123058252743158,0.26107685272754566,0.5064858203884115,0.8898305084745762,0.4303927467138253,0.4092374561579871,0.1228813559322034,0.6,0.3969206949617845,0.38708001362072514,0.08571428571428572,0.0423728813559322,0.02857142857142857,0.32571428571428573,13.357142857142858,0.0,0.0,0.032955802624611126,0.1319663491490371,3.788135593220339,0.0,0.0,0.15,0.08050847457627118,0,0.1490898638341417,0.27244918861745676,1.5108071163688406,0.6914873446340463,0.0,0.9,0.0,0.8,0.0,0.8,0.0,0.08,0.0423728813559322,0.25,0.25
380,0.9842747704482412,0.5120623015405372,0.9505417468135476,0.5121848581395645,0.26107685272754566,0.5063066782161056,0.8389830508474576,0.4303927467138253,0.4092374561579871,0.1228813559322034,0.5657142857142857,0.3969206949617845,0.38708001362072514,0.08571428571428572,0.029661016949152543,0.02,0.32571428571428573,13.357142857142858,0.0,0.0,0.032955802624611126,0.1319663491490371,3.788135593220339,0.0,0.0,0.15,0.08050847457627118,0,0.14860084380068525,0.2710869426743695,1.5005909740414636,0.6776575977413652,0.0,1.0,0.0,0.8,0.0,0.8,0.0,0.08,0.029661016949152543,0.25,0.25
381,0.9828035141125182,0.5126990957538458,0.9495496996843173,0.5124552362037034,0.26107685272754566,0.5061244700963088,0.8177966101694916,0.4303927467138253,0.4092374561579871,0.1228813559322034,0.5514285714285714,0.3969206949617845,0.38708001362072514,0.08571428571428572,0.03389830508474576,0.022857142857142857,0.32571428571428573,13.357142857142858,0.0,0.0,0.032955802624611126,0.1319663491490371,3.788135593220339,0.0,0.0,0.15,0.08050847457627118,0,0.1482852688673961,0.26973150796099765,1.4934362974177773,0.6641044457865379,0.0,1.0,0.0,0.8,0.0,0.8,0.0,0.08,0.03389830508474576,0.25,0.25
382,0.9838467505543419,0.5132722874632636,0.9502531391136612,0.5124493856193866,0.26107685272754566,0.506011171144159,0.864406779661017,0.43056223823924905,0.4093645748020549,0.1228813559322034,0.5828571428571429,0.3970349806760701,0.38716572790643944,0.08571428571428572,0.029661016949152543,0.02,0.32571428571428573,13.357142857142858,0.0,0.0,0.032955802624611126,0.1319663491490371,3.788135593220339,0.0,0.0,0.15,0.08050847457627118,0,0.14817212823734488,0.26937628947011866,1.4835675714694214,0.6508223568708071,0.0,0.8571428571428571,0.0,0.8,0.0,0.8,0.0,0.08,0.029661016949152543,0.25,0.25
383,0.9843056393095947,0.5132921946840018,0.9505625612457747,0.5124970213879555,0.26107685272754566,0.5060484278655282,0.8940677966101694,0.43056223823924905,0.4093645748020549,0.1228813559322034,0.6028571428571429,0.3970349806760701,0.38716572790643944,0.08571428571428572,0.0423728813559322,0.02857142857142857,0.32571428571428573,13.357142857142858,0.0,0.0,0.032955802624611126,0.1319663491490371,3.788135593220339,0.0,0.0,0.15,0.08050847457627118,0,0.14771626831044388,0.26802940802276803,1.4824676486114614,0.637805909733391,0.0,1.0,0.0,0.8,0.0,0.8,0.0,0.08,0.0423728813559322,0.25,0.25
384,0.9840267624865467,0.5127811932152714,0.9503745185879479,0.5123602446445291,0.26107685272754566,0.5061230049729969,0.885593220338983,0.43056223823924905,0.4093645748020549,0.1228813559322034,0.5971428571428572,0.3970349806760701,0.38716572790643944,0.08571428571428572,0.0423728813559322,0.03142857142857143,0.32571428571428573,13.357142857142858,0.0,0.0,0.032955802624611126,0.1319663491490371,3.788135593220339,0.0,0.0,0.15,0.08050847457627118,0,0.1476830907985291,0.2666892609826542,1.4842468670678037,0.6250497915387232,0.0,1.0,0.0,0.8,0.0,0.8,0.0,0.08,0.0423728813559322,0.25,0.25
385,0.9845692347983215,0.5124686403318304,0.9507402999181732,0.5119020502103758,0.26107685272754566,0.5061336285082271,0.885593220338983,0.43056223823924905,0.4093645748020549,0.1228813559322034,0.5971428571428572,0.3970349806760701,0.38716572790643944,0.08571428571428572,0.03389830508474576,0.025714285714285714,0.32571428571428573,13.36,0.0,0.0,0.032955802624611126,0.1319663491490371,3.788135593220339,0.0,0.0,0.15,0.08050847457627118,0,0.14731510676953646,0.265355814677741,1.4802762154407336,0.6125487957079487,0.0,1.0,0.0,0.8,0.0,0.8,0.0,0.08,0.03389830508474576,0.25,0.25
386,0.9839736883971174,0.5126816392154,0.950338731487647,0.5117542103528872,0.26107685272754566,0.5062263887840891,0.8898305084745762,0.43056223823924905,0.4093645748020549,0.1228813559322034,0.6,0.3970349806760701,0.38716572790643944,0.08571428571428572,0.025423728813559324,0.017142857142857144,0.32571428571428573,13.362857142857143,0.0,0.0,0.032955802624611126,0.1319663491490371,3.788135593220339,0.0,0.0,0.15,0.08050847457627118,0,0.14680653194997448,0.26402903560435226,1.4678135482747756,0.6002978197937897,0.0,1.0,0.0,0.8,0.0,0.8,0.0,0.08,0.025423728813559324,0.25,0.25
387,0.9848351936654895,0.5119898444259382,0.9509196321828923,0.5112633881720521,0.26107685272754566,0.5063730327863952,0.864406779661017,0.43056223823924905,0.4093645748020549,0.1228813559322034,0.5828571428571429,0.3970349806760701,0.38716572790643944,0.08571428571428572,0.0423728813559322,0.02857142857142857,0.32571428571428573,13.362857142857143,0.0,0.0,0.032955802624611126,0.1319663491490371,3.788135593220339,0.0,0.0,0.15,0.08050847457627118,0,0.14677804526271923,0.2627088904263305,1.467028705880709,0.5882918633979138,0.0,1.0,0.0,0.8,0.0,0.8,0.0,0.08,0.0423728813559322,0.25,0.25
388,0.9830438401670517,0.5131246927353994,0.9497117481096597,0.5120727862538511,0.26107685272754566,0.5063287427937612,0.8559322033898306,0.43056223823924905,0.4093645748020549,0.1228813559322034,0.5771428571428572,0.3970349806760701,0.38716572790643944,0.08571428571428572,0.038135593220338986,0.025714285714285714,0.32571428571428573,13.362857142857143,0.0,0.0,0.032955802624611126,0.1319663491490371,3.788135593220339,0.0,0.0,0.15,0.08050847457627118,0,0.14630101217926275,0.2613953459741989,1.4634024174773805,0.5765260261299555,0.0,1.0,0.0,0.8,0.0,0.8,0.0,0.08,0.038135593220338986,0.25,0.25
389,0.9837090887281635,0.5120586876913147,0.9501603157108668,0.5117166657759201,0.26107685272754566,0.5063466849985304,0.885593220338983,0.43056223823924905,0.4093645748020549,0.1228813559322034,0.5971428571428572,0.3970349806760701,0.38716572790643944,0.08571428571428572,0.029661016949152543,0.02,0.32571428571428573,13.365714285714287,0.0,0.0,0.032955802624611126,0.1319663491490371,3.788135593220339,0.0,0.0,0.15,0.08050847457627118,0,0.14576936426122358,0.2600883692443279,1.4541343691278328,0.5649955056073565,0.0,1.0,0.0,0.8,0.0,0.8,0.0,0.08,0.029661016949152543,0.25,0.25
390,0.9819815489461303,0.5122284196095868,0.9489954603149814,0.5116570949166245,0.26107685272754566,0.5062992774286765,0.8983050847457628,0.43056223823924905,0.4093645748020549,0.1228813559322034,0.6057142857142858,0.3970349806760701,0.38716572790643944,0.08571428571428572,0.03389830508474576,0.022857142857142857,0.32571428571428573,13.368571428571428,0.0,0.0,0.032955802624611126,0.1319663491490371,3.788135593220339,0.0,0.0,0.15,0.08050847457627118,0,0.14529680458277464,0.25878792739810624,1.447908824602419,0.5536955954952094,0.0,1.0,0.0,0.8,0.0,0.8,0.0,0.08,0.03389830508474576,0.25,0.25
391,0.9834301091944321,0.5126131472258003,0.9499722037966934,0.5120342306792511,0.26107685272754566,0.506277081416648,0.864406779661017,0.43056223823924905,0.4093645748020549,0.1228813559322034,0.5828571428571429,0.3970349806760701,0.38716572790643944,0.08571428571428572,0.046610169491525424,0.03142857142857143,0.32571428571428573,13.371428571428572,0.0,0.0,0.032955802624611126,0.1319663491490371,3.788135593220339,0.0,0.0,0.15,0.08050847457627118,0,0.14496903769914646,0.2574939877611157,1.4503792195389418,0.5426216835853052,0.0,1.0,0.0,0.8,0.0,0.8,0.0,0.08,0.046610169491525424,0.25,0.25
392,0.9838772743139413,0.5131906806066648,0.9502737208487055,0.5120399519973695,0.26107685272754566,0.506348961933126,0.8771186440677966,0.43056223823924905,0.4093645748020549,0.1228813559322034,0.5914285714285714,0.3970349806760701,0.38716572790643944,0.08571428571428572,0.0211864406779661,0.017142857142857144,0.32571428571428573,13.377142857142857,0.0,0.0,0.032955802624611126,0.1319663491490371,3.788135593220339,0.0,0.0,0.15,0.08050847457627118,0,0.1446403630967394,0.2562065178223101,1.43851449229102,0.531769249913599,0.0,1.0,0.0,0.8,0.0,0.8,0.0,0.08,0.0211864406779661,0.25,0.25
393,0.9825084409643169,0.5123706079510347,0.9493507360758159,0.5111409292381052,0.26107685272754566,0.5064748794441838,0.8686440677966102,0.43056223823924905,0.4093645748020549,0.1228813559322034,0.5857142857142857,0.3970349806760701,0.38716572790643944,0.08571428571428572,0.029661016949152543,0.02,0.32571428571428573,13.377142857142857,0.0,0.0,0.032955802624611126,0.1319663491490371,3.788135593220339,0.0,0.0,0.15,0.08050847457627118,0,0.14434359769198785,0.2549254852331985,1.4297442024452,0.521133864915327,0.0,1.0,0.0,0.8,0.0,0.8,0.0,0.08,0.029661016949152543,0.25,0.25
394,0.9808386266564953,0.5127064881301241,0.9482248041425418,0.5113179511424448,0.26107685272754566,0.5064519858501466,0.9067796610169492,0.43056223823924905,0.4093645748020549,0.1228813559322034,0.6114285714285714,0.3970349806760701,0.38716572790643944,0.08571428571428572,0.025423728813559324,0.017142857142857144,0.32571428571428573,13.382857142857143,0.0,0.0,0.032955802624611126,0.1319663491490371,3.788135593220339,0.0,0.0,0.15,0.08050847457627118,0,0.14387816684638505,0.25365085780703256,1.4182921755391529,0.5107111876170204,0.0,1.0,0.0,0.8,0.0,0.8,0.0,0.08,0.025423728813559324,0.25,0.25
395,0.9822242849975111,0.511889420548354,0.9491591337667695,0.5108636800926917,0.26107685272754566,0.5063542361508395,0.9110169491525424,0.43056223823924905,0.4093645748020549,0.1228813559322034,0.6142857142857143,0.3970349806760701,0.38716572790643944,0.08571428571428572,0.029661016949152543,0.02,0.32571428571428573,13.388571428571428,0.0,0.0,0.032955802624611126,0.1319663491490371,3.788135593220339,0.0,0.0,0.15,0.08050847457627118,0,0.1435569231514388,0.25238260351799735,1.40992633202837,0.50049696386468,0.0,1.0,0.0,0.8,0.0,0.8,0.0,0.08,0.029661016949152543,0.25,0.25
396,0.9806957798411299,0.5113832289756857,0.9481284845756097,0.5110720284069897,0.26107685272754566,0.5062311215907574,0.885593220338983,0.43056223823924905,0.4093645748020549,0.1228813559322034,0.5971428571428572,0.3970349806760701,0.38716572790643944,0.08571428571428572,0.01694915254237288,0.011428571428571429,0.32571428571428573,13.391428571428571,0.0,0.0,0.032955802624611126,0.1319663491490371,3.788135593220339,0.0,0.0,0.15,0.08050847457627118,0,0.14328811307960482,0.25112069050040736,1.393156376816374,0.49048702458738647,0.0,1.0,0.0,0.8,0.0,0.8,0.0,0.08,0.01694915254237288,0.25,0.25
397,0.980002539179202,0.5113441759200681,0.9476610423007099,0.5111892633232844,0.26107685272754566,0.5060119465983762,0.8728813559322034,0.4307317297646728,0.4094916934461227,0.1228813559322034,0.5885714285714285,0.3971492663903559,0.3872514421921537,0.08571428571428572,0.0423728813559322,0.02857142857142857,0.32571428571428573,13.388571428571428,0.0,0.0,0.032955802624611126,0.1319663491490371,3.788135593220339,0.0,0.0,0.15,0.08050847457627118,0,0.14337038822849252,0.25591659612431883,1.393864677851475,0.48144218669364125,0.0,0.9,0.0,0.8,0.0,0.8,0.0,0.08,0.0423728813559322,0.25,0.25
398,0.9823603143026196,0.5116615391489348,0.9492508563839286,0.511381831545967,0.26107685272754566,0.5057537950991486,0.8559322033898306,0.43107071281552023,0.4097459307342583,0.1228813559322034,0.5771428571428572,0.3973778378189274,0.3874228707635823,0.08571428571428572,0.01694915254237288,0.014285714285714285,0.32571428571428573,13.391428571428571,0.00423728813559322,0.0,0.032955802624611126,0.1319663491490371,3.788135593220339,0.0,0.0,0.15,0.08050847457627118,0,0.14365325057306433,0.25463701314369724,1.38027309858016,0.520239463909435,0.0,0.6,0.0,0.8,0.0,0.8,0.0,0.08,0.01694915254237288,0.25,0.25
399,0.9815109878927903,0.5106934102521894,0.9486781677190151,0.5106663989420472,0.26107685272754566,0.5055484572145642,0.8771186440677966,0.43107071281552023,0.4097459307342583,0.1228813559322034,0.5914285714285714,0.3973778378189274,0.3874228707635823,0.08571428571428572,0.025423728813559324,0.017142857142857144,0.32571428571428573,13.394285714285715,0.00423728813559322,0.0,0.032955802624611126,0.1319663491490371,3.788135593220339,0.0,0.0,0.15,0.08050847457627118,0,0.14350158067389535,0.2533638280779787,1.3698104937514135,0.5098346746312463,0.0,1.0,0.0,0.8,0.0,0.8,0.0,0.08,0.025423728813559324,0.25,0.25
400,0.9834091102228365,0.5101340306241201,0.9499580444901319,0.5098447255498578,0.26107685272754566,0.5053859140603284,0.8432203389830508,0.431240204340944,0.4098730493783261,0.1228813559322034,0.5685714285714286,0.39749212353321306,0.3875085850492966,0.08571428571428572,0.0423728813559322,0.02857142857142857,0.32571428571428573,13.4,0.00423728813559322,0.0,0.032955802624611126,0.1319663491490371,3.788135593220339,0.0,0.0,0.15,0.08050847457627118,0,0.14406624121732883,0.25209700893758885,1.370985712447814,0.5146612637675493,0.0,0.8,0.0,0.8,0.0,0.8,0.0,0.08,0.0423728813559322,0.25,0.25
401,0.984682077788169,0.5090717310635186,0.9508163883341847,0.5092305621369995,0.26107685272754566,0.5051779555561698,0.8601694915254238,0.43140969586636774,0.4100001680223939,0.1228813559322034,0.58,0.39760640924749885,0.3875942993350108,0.08571428571428572,0.038135593220338986,0.025714285714285714,0.32571428571428573,13.394285714285715,0.00423728813559322,0.0,0.032955802624611126,0.1319663491490371,3.788135593220339,0.0,0.0,0.15,0.08050847457627118,0,0.14428591857195647,0.2508365238929009,1.3692802839131435,0.5173571291104528,0.0,0.8888888888888888,0.0,0.8,0.0,0.8,0.0,0.08,0.038135593220338986,0.25,0.25
402,0.9856972981796348,0.5081616858479089,0.9515009369410018,0.5086341325851135,0.26107685272754566,0.5051706585746852,0.864406779661017,0.43140969586636774,0.4100001680223939,0.1228813559322034,0.5828571428571429,0.39760640924749885,0.3875942993350108,0.08571428571428572,0.03389830508474576,0.022857142857142857,0.32571428571428573,13.397142857142857,0.00423728813559322,0.0,0.032955802624611126,0.1319663491490371,3.788135593220339,0.0,0.0,0.15,0.08050847457627118,0,0.1437357746933824,0.2495823412734364,1.364751821092023,0.5070099865282437,0.0,1.0,0.0,0.8,0.0,0.8,0.0,0.08,0.03389830508474576,0.25,0.25
403,0.9835037238753063,0.5081478898728866,0.9500218411243687,0.5089443845183544,0.26107685272754566,0.505230825335142,0.8516949152542372,0.43157918739179146,0.4101272866664617,0.1228813559322034,0.5742857142857143,0.3977206949617844,0.38768001362072513,0.08571428571428572,0.046610169491525424,0.03142857142857143,0.32571428571428573,13.4,0.00423728813559322,0.0,0.032955802624611126,0.1319663491490371,3.788135593220339,0.0,0.0,0.15,0.08050847457627118,0,0.14384424081991548,0.2483344295670692,1.3688853560987542,0.5144532438088646,0.0,0.9090909090909091,0.0,0.8,0.0,0.8,0.0,0.08,0.046610169491525424,0.25,0.25
404,0.9842993387079645,0.5083142746837312,0.950558312840104,0.5090265558642976,0.26107685272754566,0.5052371771299743,0.9067796610169492,0.4316639331545033,0.41019084598849553,0.1228813559322034,0.6114285714285714,0.39777783781892734,0.38772287076358225,0.08571428571428572,0.03389830508474576,0.022857142857142857,0.32571428571428573,13.405714285714286,0.00423728813559322,0.0,0.032955802624611126,0.1319663491490371,3.788135593220339,0.0,0.0,0.15,0.08050847457627118,0,0.14372487675867304,0.24709275741923387,1.364364791833922,0.5134054775281945,0.0,0.875,0.0,0.8,0.0,0.8,0.0,0.08,0.03389830508474576,0.25,0.25
405,0.9826629318784158,0.5086948893142926,0.9494549070921796,0.5094219908074805,0.26107685272754566,0.5052347280933094,0.8686440677966102,0.4316639331545033,0.41019084598849553,0.1228813559322034,0.5857142857142857,0.39777783781892734,0.38772287076358225,0.08571428571428572,0.038135593220338986,0.025714285714285714,0.32571428571428573,13.405714285714286,0.00423728813559322,0.0,0.032955802624611126,0.1319663491490371,3.788135593220339,0.0,0.0,0.15,0.08050847457627118,0,0.14346026946070103,0.24585729363213768,1.3627917817115294,0.5031373679776306,0.0,1.0,0.0,0.8,0.0,0.8,0.0,0.08,0.038135593220338986,0.25,0.25
406,0.9832169350343899,0.508357190183056,0.9498284635059222,0.5089479960806066,0.26107685272754566,0.5052971833077352,0.8516949152542372,0.431833424679927,0.41031796463256337,0.1228813559322034,0.5742857142857143,0.397892123533213,0.38780858504929655,0.08571428571428572,0.03389830508474576,0.025714285714285714,0.32571428571428573,13.405714285714286,0.00423728813559322,0.0,0.032955802624611126,0.1319663491490371,3.788135593220339,0.0,0.0,0.15,0.08050847457627118,0,0.1436826938062725,0.244628007163977,1.3612502317915847,0.4931325581862121,0.0,0.8888888888888888,0.0,0.8,0.0,0.8,0.0,0.08,0.03389830508474576,0.25,0.25
407,0.9815162112414184,0.5080589818255374,0.9486816897483757,0.5086106830352881,0.26107685272754566,0.5052965293924051,0.847457627118644,0.431833424679927,0.41031796463256337,0.1228813559322034,0.5714285714285714,0.397892123533213,0.38780858504929655,0.08571428571428572,0.029661016949152543,0.02,0.32571428571428573,13.405714285714286,0.00423728813559322,0.0,0.032955802624611126,0.1319663491490371,3.788135593220339,0.0,0.0,0.15,0.08050847457627118,0,0.14324942390866974,0.24340486712815712,1.3540252271557525,0.4832699070224879,0.0,1.0,0.0,0.8,0.0,0.8,0.0,0.08,0.029661016949152543,0.25,0.25
408,0.9817801655850418,0.5073190169174223,0.9488596703915045,0.5080309438690892,0.26107685272754566,0.5051583648781853,0.8347457627118644,0.43234189925619826,0.41069932056476677,0.1228813559322034,0.5628571428571428,0.39823498067607016,0.3880657279064394,0.08571428571428572,0.0423728813559322,0.03142857142857143,0.32571428571428573,13.402857142857142,0.00423728813559322,0.0,0.032955802624611126,0.1319663491490371,3.788135593220339,0.0,0.0,0.15,0.08050847457627118,0,0.14438200847590668,0.2588030031893491,1.358373294041209,0.47501608106193777,0.0,0.7272727272727273,0.0,0.8,0.0,0.8,0.0,0.08,0.0423728813559322,0.25,0.25
409,0.9817474180022685,0.5068055554238233,0.9488375891642633,0.5076100876493584,0.26107685272754566,0.5049534843997123,0.8601694915254238,0.43251139078162193,0.41082643920883455,0.1228813559322034,0.58,0.39834926639035595,0.3881514421921537,0.08571428571428572,0.038135593220338986,0.025714285714285714,0.32571428571428573,13.40857142857143,0.00423728813559322,0.0,0.032955802624611126,0.1319663491490371,3.788135593220339,0.0,0.0,0.15,0.08050847457627118,0,0.1444303870013843,0.27719448224891835,1.3569201138746705,0.4745152918980137,0.0,0.8888888888888888,0.0,0.8,0.0,0.8,0.0,0.08,0.038135593220338986,0.25,0.25
410,0.9805738829983063,0.5064050821783556,0.9480462912758773,0.506890547427999,0.26107685272754566,0.5047007026390081,0.902542372881356,0.43276562806975755,0.4110171171749362,0.1228813559322034,0.6085714285714285,0.39852069496178455,0.38828001362072506,0.08571428571428572,0.03389830508474576,0.025714285714285714,0.32571428571428573,13.402857142857142,0.00423728813559322,0.0,0.032955802624611126,0.1319663491490371,3.788135593220339,0.0,0.0,0.15,0.08050847457627118,0,0.14473666363780596,0.27580850983767374,1.3554959973114626,0.4765998079355928,0.0,0.7777777777777778,0.0,0.8,0.0,0.8,0.0,0.08,0.03389830508474576,0.25,0.25
411,0.9807909072781243,0.5065046541979549,0.9481926276474116,0.5076032611721026,0.26107685272754566,0.5042980177744291,0.8686440677966102,0.43276562806975755,0.4110171171749362,0.1228813559322034,0.5857142857142857,0.39852069496178455,0.38828001362072506,0.08571428571428572,0.012711864406779662,0.008571428571428572,0.32571428571428573,13.402857142857142,0.00423728813559322,0.0,0.032955802624611126,0.1319663491490371,3.788135593220339,0.0,0.0,0.15,0.08050847457627118,0,0.14418383817675978,0.2744294672884854,1.3369575059366616,0.46706781177688095,0.0,1.0,0.0,0.8,0.0,0.8,0.0,0.08,0.012711864406779662,0.25,0.25
412,0.9810964159676371,0.5065898622714524,0.9483986277923402,0.5080545974532343,0.26107685272754566,0.5037811966670127,0.885593220338983,0.43276562806975755,0.4110171171749362,0.1228813559322034,0.5971428571428572,0.39852069496178455,0.38828001362072506,0.08571428571428572,0.012711864406779662,0.008571428571428572,0.32571428571428573,13.402857142857142,0.00423728813559322,0.0,0.032955802624611126,0.1319663491490371,3.788135593220339,0.0,0.0,0.15,0.08050847457627118,0,0.1437183546823224,0.2730573199520429,1.3187897843893572,0.45772645554134334,0.0,1.0,0.0,0.8,0.0,0.8,0.0,0.08,0.012711864406779662,0.25,0.25
413,0.981072570051334,0.5049935194640386,0.948382548831633,0.506759758939447,0.26107685272754566,0.5033144139797789,0.864406779661017,0.43276562806975755,0.4110171171749362,0.1228813559322034,0.5828571428571429,0.39852069496178455,0.38828001362072506,0.08571428571428572,0.025423728813559324,0.017142857142857144,0.32571428571428573,13.402857142857142,0.00423728813559322,0.0,0.032955802624611126,0.1319663491490371,3.788135593220339,0.0,0.0,0.15,0.08050847457627118,0,0.14334105219105367,0.2716920333522827,1.3095568458444273,0.4485719264305164,0.0,1.0,0.0,0.8,0.0,0.8,0.0,0.08,0.025423728813559324,0.25,0.25
414,0.9798076563141606,0.5043251633611617,0.9475296355688534,0.5062813907759928,0.26107685272754566,0.5027019134828479,0.847457627118644,0.43301986535789316,0.4112077951410379,0.1228813559322034,0.5714285714285714,0.3986921235332131,0.38840858504929654,0.08571428571428572,0.0423728813559322,0.02857142857142857,0.32571428571428573,13.405714285714286,0.00423728813559322,0.0,0.032955802624611126,0.1319663491490371,3.788135593220339,0.0,0.0,0.15,0.08050847457627118,0,0.14404696594897087,0.2703335731855213,1.3119371374989672,0.46774204661631075,0.0,0.8,0.0,0.8,0.0,0.8,0.0,0.08,0.0423728813559322,0.25,0.25
415,0.9797987022465392,0.5046577144046775,0.9475235979689715,0.5065342064407184,0.26107685272754566,0.5020470441139604,0.8728813559322034,0.43301986535789316,0.4112077951410379,0.1228813559322034,0.5885714285714285,0.3986921235332131,0.38840858504929654,0.08571428571428572,0.0423728813559322,0.02857142857142857,0.32571428571428573,13.4,0.00423728813559322,0.0,0.032955802624611126,0.1319663491490371,3.788135593220339,0.0,0.0,0.15,0.08050847457627118,0,0.14386504883390394,0.2689819053195937,1.3142698233204166,0.4583872056839845,0.0,1.0,0.0,0.8,0.0,0.8,0.0,0.08,0.0423728813559322,0.25,0.25
416,0.9807914397270556,0.5054080279402797,0.9481929866701196,0.5073305522346601,0.26107685272754566,0.5015170590460973,0.885593220338983,0.43301986535789316,0.4112077951410379,0.1228813559322034,0.5971428571428572,0.3986921235332131,0.38840858504929654,0.08571428571428572,0.038135593220338986,0.025714285714285714,0.32571428571428573,13.397142857142857,0.00423728813559322,0.0,0.032955802624611126,0.1319663491490371,3.788135593220339,0.0,0.0,0.15,0.08050847457627118,0,0.14328858073259162,0.2676369957929957,1.313698712568294,0.4492194615703048,0.0,1.0,0.0,0.8,0.0,0.8,0.0,0.08,0.038135593220338986,0.25,0.25
417,0.9810003929579412,0.5052531116697727,0.9483338808486597,0.5074489442129084,0.26107685272754566,0.501131448725187,0.8389830508474576,0.433104611120605,0.4112713544630718,0.1228813559322034,0.5657142857142857,0.3987492663903559,0.38845144219215366,0.08571428571428572,0.038135593220338986,0.025714285714285714,0.32571428571428573,13.397142857142857,0.00423728813559322,0.0,0.032955802624611126,0.1319663491490371,3.788135593220339,0.0,0.0,0.15,0.08050847457627118,0,0.14347700750370365,0.26629881081403073,1.3131390240312135,0.4857933619198872,0.0,0.8888888888888888,0.0,0.8,0.0,0.8,0.0,0.08,0.038135593220338986,0.25,0.25
418,0.9807382582991223,0.5050624626442882,0.9481571271929992,0.5076093507903683,0.26107685272754566,0.5008077102392781,0.902542372881356,0.433104611120605,0.4112713544630718,0.1228813559322034,0.6085714285714285,0.3987492663903559,0.38845144219215366,0.08571428571428572,0.0423728813559322,0.02857142857142857,0.32571428571428573,13.391428571428571,0.00423728813559322,0.0,0.032955802624611126,0.1319663491490371,3.788135593220339,0.0,0.0,0.15,0.08050847457627118,0,0.14307319460904228,0.2649673167599606,1.315447672122018,0.47607749468148947,0.0,1.0,0.0,0.8,0.0,0.8,0.0,0.08,0.0423728813559322,0.25,0.25
419,0.9810832291504488,0.5047585265777642,0.9483897361098933,0.5073539507097392,0.26107685272754566,0.5004946472378591,0.8601694915254238,0.433104611120605,0.4112713544630718,0.1228813559322034,0.58,0.3987492663903559,0.38845144219215366,0.08571428571428572,0.03389830508474576,0.025714285714285714,0.32571428571428573,13.388571428571428,0.0,0.0,0.032955802624611126,0.1319663491490371,3.788135593220339,0.0,0.0,0.15,0.08050847457627118,0,0.14309415279337187,0.2636424801761608,1.3148530043938633,0.4665559447878596,0.0,1.0,0.0,0.8,0.0,0.8,0.0,0.08,0.03389830508474576,0.25,0.25
420,0.9818110336489762,0.5045051290588858,0.9488804842860432,0.5071184177860883,0.26107685272754566,0.5002711331763584,0.8432203389830508,0.4332741026460288,0.4113984731071396,0.1228813559322034,0.5685714285714286,0.3988635521046416,0.38853715647786796,0.08571428571428572,0.046610169491525424,0.03142857142857143,0.32571428571428573,13.385714285714286,0.0,0.0,0.032955802624611126,0.1319663491490371,3.788135593220339,0.0,0.0,0.15,0.08050847457627118,0,0.14323172178040253,0.26731546086150954,1.3199845157345573,0.6413429677354019,0.0,0.9090909090909091,0.0,0.8,0.0,0.8,0.0,0.08,0.046610169491525424,0.25,0.25
421,0.9814809036022508,0.5055133087795662,0.9486578823116799,0.5076968542595206,0.26107685272754566,0.500284556673173,0.8601694915254238,0.4332741026460288,0.4113984731071396,0.1228813559322034,0.58,0.3988635521046416,0.38853715647786796,0.08571428571428572,0.029661016949152543,0.022857142857142857,0.32571428571428573,13.388571428571428,0.0,0.0,0.032955802624611126,0.1319663491490371,3.788135593220339,0.0,0.0,0.15,0.08050847457627118,0,0.14320070674292906,0.265978883557202,1.3164419682770092,0.6324575712260675,0.0,0.875,0.0,0.8,0.0,0.8,0.0,0.08,0.029661016949152543,0.25,0.25
422,0.9798563471615372,0.5057821129262989,0.9475624671116559,0.5077363422639416,0.26107685272754566,0.5003452834827734,0.885593220338983,0.4332741026460288,0.4113984731071396,0.1228813559322034,0.5971428571428572,0.3988635521046416,0.38853715647786796,0.08571428571428572,0.0423728813559322,0.02857142857142857,0.32571428571428573,13.394285714285715,0.00423728813559322,0.0,0.032955802624611126,0.1319663491490371,3.788135593220339,0.0,0.0,0.15,0.08050847457627118,0,0.14279799035207158,0.264648989139416,1.3186845574828974,0.6198084198015462,0.0,1.0,0.0,0.8,0.0,0.8,0.0,0.08,0.0423728813559322,0.25,0.25
423,0.979957284426439,0.5050048959010064,0.9476305276674183,0.5068118652164098,0.26107685272754566,0.5004615865040835,0.902542372881356,0.4333588484087406,0.41146203242917345,0.1228813559322034,0.6085714285714285,0.3989206949617845,0.38858001362072514,0.08571428571428572,0.0423728813559322,0.03142857142857143,0.32571428571428573,13.394285714285715,0.0,0.0,0.032955802624611126,0.1319663491490371,3.788135593220339,0.0,0.0,0.15,0.08050847457627118,0,0.142966872489704,0.2633257441937189,1.3237394377618108,0.628402267922169,0.0,0.9090909090909091,0.0,0.8,0.0,0.8,0.0,0.08,0.0423728813559322,0.25,0.25
424,0.981086762141695,0.5049265214759961,0.9483921183554195,0.5065073260851022,0.26107685272754566,0.5005328414737417,0.864406779661017,0.4333588484087406,0.41146203242917345,0.1228813559322034,0.5828571428571429,0.3989206949617845,0.38858001362072514,0.08571428571428572,0.0211864406779661,0.014285714285714285,0.32571428571428573,13.388571428571428,0.0,0.0,0.032955802624611126,0.1319663491490371,3.788135593220339,0.0,0.0,0.15,0.08050847457627118,0,0.14248003884154117,0.2620091154727503,1.311550363292289,0.6158342225637257,0.0,1.0,0.0,0.8,0.0,0.8,0.0,0.08,0.0211864406779661,0.25,0.25
425,0.9811889618847275,0.5045992012680931,0.9484610301821499,0.506263725930052,0.26107685272754566,0.500612516113119,0.8347457627118644,0.43344359417145245,0.4115255917512074,0.1228813559322034,0.5628571428571428,0.3989778378189273,0.38862287076358226,0.08571428571428572,0.025423728813559324,0.017142857142857144,0.32571428571428573,13.382857142857143,0.0,0.0,0.032955802624611126,0.1319663491490371,3.788135593220339,0.0,0.0,0.15,0.08050847457627118,0,0.14247979573672626,0.26069906989538655,1.3024622131693004,0.6054472192029521,0.0,0.8333333333333334,0.0,0.8,0.0,0.8,0.0,0.08,0.025423728813559324,0.25,0.25
426,0.9819687897094014,0.5047519909035239,0.94898685694393,0.5063955629449268,0.26107685272754566,0.5007070965919204,0.8347457627118644,0.43344359417145245,0.4115255917512074,0.1228813559322034,0.5628571428571428,0.3989778378189273,0.38862287076358226,0.08571428571428572,0.038135593220338986,0.025714285714285714,0.32571428571428573,13.385714285714286,0.0,0.0,0.032955802624611126,0.1319663491490371,3.788135593220339,0.0,0.0,0.15,0.08050847457627118,0,0.14227812884386395,0.2593955745459096,1.3021272546201998,0.593338274818893,0.0,1.0,0.0,0.8,0.0,0.8,0.0,0.08,0.038135593220338986,0.25,0.25
427,0.9805071848791019,0.5046073744908183,0.9480013176869281,0.5062244716526731,0.26107685272754566,0.5008659942597036,0.885593220338983,0.43344359417145245,0.4115255917512074,0.1228813559322034,0.5971428571428572,0.3989778378189273,0.38862287076358226,0.08571428571428572,0.038135593220338986,0.025714285714285714,0.32571428571428573,13.382857142857143,0.0,0.0,0.032955802624611126,0.1319663491490371,3.788135593220339,0.0,0.0,0.15,0.08050847457627118,0,0.14179502391393034,0.2580985966731801,1.3017989952420819,0.5814715093225151,0.0,1.0,0.0,0.8,0.0,0.8,0.0,0.08,0.038135593220338986,0.25,0.25
428,0.9816061977604418,0.5047374104775646,0.9487423663726313,0.5060876072363086,0.26107685272754566,0.5008500895856015,0.8389830508474576,0.43361308569687623,0.41165271039527523,0.1228813559322034,0.5657142857142857,0.39909212353321305,0.3887085850492965,0.08571428571428572,0.05084745762711865,0.03428571428571429,0.32571428571428573,13.388571428571428,0.0,0.0,0.032955802624611126,0.1319663491490371,3.788135593220339,0.0,0.0,0.15,0.08050847457627118,0,0.14213807727664632,0.25680810368981416,1.3100487296229544,0.5842922347399243,0.0,0.9166666666666666,0.0,0.8,0.0,0.8,0.0,0.08,0.05084745762711865,0.25,0.25
429,0.9827557371476302,0.5054518800640662,0.9495174843594214,0.5067204510327727,0.26107685272754566,0.500853008117033,0.8347457627118644,0.4337825772222999,0.411779829039343,0.1228813559322034,0.5628571428571428,0.39920640924749873,0.3887942993350108,0.08571428571428572,0.038135593220338986,0.025714285714285714,0.32571428571428573,13.382857142857143,0.0,0.0,0.032955802624611126,0.1319663491490371,3.788135593220339,0.0,0.0,0.15,0.08050847457627118,0,0.14208410189026308,0.2674288140871754,1.309562040744781,0.5917549232547159,0.0,0.8888888888888888,0.0,0.8,0.0,0.8,0.0,0.08,0.038135593220338986,0.25,0.25
430,0.9825806719668037,0.5052284954593603,0.9493994404089212,0.5064770639746669,0.26107685272754566,0.5008297802915074,0.8898305084745762,0.4337825772222999,0.411779829039343,0.1228813559322034,0.6,0.39920640924749873,0.3887942993350108,0.08571428571428572,0.029661016949152543,0.02,0.32571428571428573,13.382857142857143,0.0,0.0,0.032955802624611126,0.1319663491490371,3.788135593220339,0.0,0.0,0.15,0.08050847457627118,0,0.14165825566295462,0.2660916700167395,1.3033707999298851,0.5799198247896217,0.0,1.0,0.0,0.8,0.0,0.8,0.0,0.08,0.029661016949152543,0.25,0.25
431,0.9826733011580474,0.5043773782660095,0.9494618989493027,0.5056927628979595,0.26107685272754566,0.5009034700996371,0.8516949152542372,0.4339520687477237,0.4119069476834108,0.1228813559322034,0.5742857142857143,0.39932069496178446,0.3888800136207251,0.08571428571428572,0.0423728813559322,0.02857142857142857,0.32571428571428573,13.382857142857143,0.0,0.0,0.032955802624611126,0.1319663491490371,3.788135593220339,0.0,0.0,0.15,0.08050847457627118,0,0.14166382152749699,0.2659809685505673,1.3058748125027162,0.5729231017878077,0.0,0.9,0.0,0.8,0.0,0.8,0.0,0.08,0.0423728813559322,0.25,0.25
432,0.9833754909876944,0.5046496827967549,0.9499353755201504,0.5058183546723793,0.26107685272754566,0.5008595452011151,0.8813559322033898,0.43412156027314736,0.41203406632747863,0.1228813559322034,0.5942857142857143,0.3994349806760702,0.3889657279064394,0.08571428571428572,0.038135593220338986,0.025714285714285714,0.32571428571428573,13.382857142857143,0.0,0.0,0.032955802624611126,0.1319663491490371,3.788135593220339,0.0,0.0,0.15,0.08050847457627118,0,0.14164036241628808,0.28408946889272135,1.3054716019669474,0.5614646397520515,0.0,0.8888888888888888,0.0,0.8,0.0,0.8,0.0,0.08,0.038135593220338986,0.25,0.25
433,0.9836272598460564,0.5049177188063333,0.9501051396646458,0.505623940490252,0.26107685272754566,0.5008884114979891,0.8771186440677966,0.43412156027314736,0.41203406632747863,0.1228813559322034,0.5914285714285714,0.3994349806760702,0.3889657279064394,0.08571428571428572,0.0211864406779661,0.014285714285714285,0.32571428571428573,13.382857142857143,0.0,0.0,0.032955802624611126,0.1319663491490371,3.788135593220339,0.0,0.0,0.15,0.08050847457627118,0,0.14121531840788512,0.28266902154825774,1.293647884213323,0.5502353469570105,0.0,1.0,0.0,0.8,0.0,0.8,0.0,0.08,0.0211864406779661,0.25,0.25
434,0.984822986491207,0.5057996632338894,0.9509114010596617,0.5058202869544844,0.26107685272754566,0.5008277661177394,0.8813559322033898,0.43412156027314736,0.41203406632747863,0.1228813559322034,0.5942857142857143,0.3994349806760702,0.3889657279064394,0.08571428571428572,0.029661016949152543,0.02,0.32571428571428573,13.382857142857143,0.0,0.0,0.032955802624611126,0.1319663491490371,3.788135593220339,0.0,0.0,0.15,0.08050847457627118,0,0.14068038467298855,0.28125567644051647,1.2877749265290563,0.5392306400178702,0.0,1.0,0.0,0.8,0.0,0.8,0.0,0.08,0.029661016949152543,0.25,0.25
435,0.9845490699208609,0.5067922154772895,0.9507267030293711,0.5064735584184864,0.26107685272754566,0.5008510653453028,0.9110169491525424,0.434291051798571,0.4121611849715464,0.1228813559322034,0.6142857142857143,0.39954926639035593,0.3890514421921537,0.08571428571428572,0.0423728813559322,0.02857142857142857,0.32571428571428573,13.382857142857143,0.0,0.0,0.032955802624611126,0.1319663491490371,3.788135593220339,0.0,0.0,0.15,0.08050847457627118,0,0.14124987022450564,0.2798493980583139,1.2905908565699038,0.5448885793031943,0.0,0.9,0.0,0.8,0.0,0.8,0.0,0.08,0.0423728813559322,0.25,0.25
436,0.9846486605915111,0.50688991667386,0.9507938555958666,0.5066319417283865,0.26107685272754566,0.5009845596010751,0.847457627118644,0.434291051798571,0.4121611849715464,0.1228813559322034,0.5714285714285714,0.39954926639035593,0.3890514421921537,0.08571428571428572,0.025423728813559324,0.017142857142857144,0.32571428571428573,13.382857142857143,0.0,0.0,0.032955802624611126,0.1319663491490371,3.788135593220339,0.0,0.0,0.15,0.08050847457627118,0,0.14071490658766883,0.2784501510680223,1.2819218965813628,0.5339908077171305,0.0,1.0,0.0,0.8,0.0,0.8,0.0,0.08,0.025423728813559324,0.25,0.25
437,0.9854412857910844,0.5070952113037411,0.9513283114447219,0.506969304503291,0.26107685272754566,0.501288933769127,0.8983050847457628,0.434291051798571,0.4121611849715464,0.1228813559322034,0.6057142857142858,0.39954926639035593,0.3890514421921537,0.08571428571428572,0.0423728813559322,0.02857142857142857,0.32571428571428573,13.382857142857143,0.0,0.0,0.032955802624611126,0.1319663491490371,3.788135593220339,0.0,0.0,0.15,0.08050847457627118,0,0.14066028129137254,0.2770579003126822,1.284854887221164,0.5233109915627878,0.0,1.0,0.0,0.8,0.0,0.8,0.0,0.08,0.0423728813559322,0.25,0.25
438,0.9851699399191909,0.5084382701850113,0.9511453467996738,0.5081441836660715,0.26107685272754566,0.5015788710069057,0.8728813559322034,0.434291051798571,0.4121611849715464,0.1228813559322034,0.5885714285714285,0.39954926639035593,0.3890514421921537,0.08571428571428572,0.025423728813559324,0.02,0.32571428571428573,13.382857142857143,0.0,0.0,0.032955802624611126,0.1319663491490371,3.788135593220339,0.0,0.0,0.15,0.08050847457627118,0,0.1404944475639685,0.27567261081111877,1.2791577894767407,0.5128447717315321,0.0,1.0,0.0,0.8,0.0,0.8,0.0,0.08,0.025423728813559324,0.25,0.25
439,0.9845297973007074,0.5074975572128204,0.9507137077769249,0.5073613240760612,0.26107685272754566,0.5019222511287897,0.8771186440677966,0.4344605433239948,0.4122883036156142,0.1228813559322034,0.5914285714285714,0.3996635521046416,0.38913715647786795,0.08571428571428572,0.025423728813559324,0.017142857142857144,0.32571428571428573,13.385714285714286,0.0,0.0,0.032955802624611126,0.1319663491490371,3.788135593220339,0.0,0.0,0.15,0.08050847457627118,0,0.14047640746543436,0.2958638495706605,1.2707174908300631,0.5381796870718746,0.0,0.8333333333333334,0.0,0.8,0.0,0.8,0.0,0.08,0.025423728813559324,0.25,0.25
440,0.9843250680650015,0.5083314444666155,0.9505756617779917,0.5077206998287235,0.26107685272754566,0.502269027963829,0.902542372881356,0.4344605433239948,0.4122883036156142,0.1228813559322034,0.6085714285714285,0.3996635521046416,0.38913715647786795,0.08571428571428572,0.025423728813559324,0.017142857142857144,0.32571428571428573,13.388571428571428,0.0,0.0,0.032955802624611126,0.1319663491490371,3.788135593220339,0.0,0.0,0.15,0.08050847457627118,0,0.1399734547138215,0.2943845303228072,1.262445998156319,0.527416093330437,0.0,1.0,0.0,0.8,0.0,0.8,0.0,0.08,0.025423728813559324,0.25,0.25
441,0.9854860267825084,0.5088075005972277,0.9513584796560821,0.5079755803804921,0.26107685272754566,0.5026417076549557,0.8940677966101694,0.43454528908670664,0.4123518629376481,0.1228813559322034,0.6028571428571429,0.3997206949617845,0.3891800136207251,0.08571428571428572,0.038135593220338986,0.025714285714285714,0.32571428571428573,13.391428571428571,0.00423728813559322,0.0,0.032955802624611126,0.1319663491490371,3.788135593220339,0.0,0.0,0.15,0.08050847457627118,0,0.1401570210081095,0.29954107002157615,1.2629113639074783,0.5377343582205101,0.0,0.8888888888888888,0.0,0.8,0.0,0.8,0.0,0.08,0.038135593220338986,0.25,0.25
442,0.9845694910506549,0.5085454824844674,0.9507404727054609,0.5074407369418269,0.26107685272754566,0.5030868300972127,0.8898305084745762,0.43454528908670664,0.4123518629376481,0.1228813559322034,0.6,0.3997206949617845,0.3891800136207251,0.08571428571428572,0.03389830508474576,0.022857142857142857,0.32571428571428573,13.397142857142857,0.00423728813559322,0.0,0.032955802624611126,0.1319663491490371,3.788135593220339,0.0,0.0,0.15,0.08050847457627118,0,0.1399102501531047,0.2980433646714683,1.2605102794864715,0.5269796710560999,0.0,1.0,0.0,0.8,0.0,0.8,0.0,0.08,0.03389830508474576,0.25,0.25
443,0.9844200316188474,0.5074453306070706,0.9506396943457279,0.5068996163219169,0.26107685272754566,0.5036384348863081,0.8983050847457628,0.43454528908670664,0.4123518629376481,0.1228813559322034,0.6057142857142858,0.3997206949617845,0.3891800136207251,0.08571428571428572,0.012711864406779662,0.008571428571428572,0.32571428571428573,13.397142857142857,0.00423728813559322,0.0,0.032955802624611126,0.1319663491490371,3.788135593220339,0.0,0.0,0.15,0.08050847457627118,0,0.13932455675948202,0.29655314784811093,1.2438715024681706,0.5164400776349778,0.0,1.0,0.0,0.8,0.0,0.8,0.0,0.08,0.012711864406779662,0.25,0.25
444,0.9858299506850604,0.5072831583909403,0.9515903826303744,0.5065908857310842,0.26107685272754566,0.5039462433081183,0.8686440677966102,0.4347147806121304,0.41247898158171586,0.1228813559322034,0.5857142857142857,0.3998349806760702,0.38926572790643943,0.08571428571428572,0.029661016949152543,0.02,0.32571428571428573,13.402857142857142,0.00423728813559322,0.0,0.032955802624611126,0.1319663491490371,3.788135593220339,0.0,0.0,0.15,0.08050847457627118,0,0.13996667456534473,0.2950703821088704,1.238994072418807,0.5353541539860104,0.0,0.7142857142857143,0.0,0.8,0.0,0.8,0.0,0.08,0.029661016949152543,0.25,0.25
445,0.9847024958791152,0.5069132643592184,0.9508340229002669,0.5060756439515561,0.26107685272754566,0.5041791534848847,0.9106382978723404,0.4356895961465463,0.411803848675989,0.12340425531914893,0.6114285714285714,0.3998349806760702,0.38926572790643943,0.08571428571428572,0.01276595744680851,0.011428571428571429,0.32857142857142857,13.405714285714286,0.0,0.002857142857142857,0.03297100532375272,0.1319663491490371,3.7702127659574467,0.0,0.0,0.15,0.08085106382978724,0,0.13940927047823226,0.293595030198326,1.2256427623990025,0.5246470709062901,0.0,1.0,0.0,0.8,0.0,0.8,0.0,0.08,0.01694915254237288,0.25,0.25
446,0.9860255763593877,0.5067308065272281,0.9517223769370212,0.5058901460087828,0.26107685272754566,0.5043517940872329,0.8978723404255319,0.43585980891250375,0.4119315082504571,0.12340425531914893,0.6028571428571429,0.3999492663903559,0.3893514421921537,0.08571428571428572,0.01702127659574468,0.011428571428571429,0.32857142857142857,13.40857142857143,0.0,0.0,0.03297494220376116,0.1319663491490371,3.7702127659574467,0.0,0.0,0.15,0.08085106382978724,0,0.13936808483655538,0.2921270550473344,1.212558478579594,0.5550169477918947,0.0,0.75,0.0,0.8,0.0,0.8,0.0,0.08,0.01702127659574468,0.25,0.25
447,0.9857171652849406,0.5063897776383909,0.9515153009298926,0.5056011408239625,0.26107685272754566,0.5044360708513481,0.9276595744680851,0.43585980891250375,0.4119315082504571,0.12340425531914893,0.6228571428571429,0.3999492663903559,0.3893514421921537,0.08571428571428572,0.02127659574468085,0.014285714285714285,0.32857142857142857,13.405714285714286,0.0,0.0,0.03297494220376116,0.1319663491490371,3.7702127659574467,0.0,0.0,0.15,0.08085106382978724,0,0.13903997364462253,0.2906664197720977,1.2025930232937163,0.5439166088360569,0.0,1.0,0.0,0.8,0.0,0.8,0.0,0.08,0.02127659574468085,0.25,0.25
448,0.9845567199231628,0.5068574354379076,0.9507361447584132,0.5057810425336472,0.26107685272754566,0.5045022785709603,0.8936170212765957,0.43585980891250375,0.4119315082504571,0.12340425531914893,0.6,0.3999492663903559,0.3893514421921537,0.08571428571428572,0.05531914893617021,0.037142857142857144,0.32857142857142857,13.402857142857142,0.0,0.0,0.03297494220376116,0.1319663491490371,3.7702127659574467,0.0,0.0,0.15,0.08085106382978724,0,0.13896795148750593,0.2892130876732372,1.215684019970699,0.5330382766593357,0.0,1.0,0.0,0.8,0.0,0.8,0.0,0.08,0.05531914893617021,0.25,0.25
449,0.9837282771426563,0.5069896958091374,0.9501799046057873,0.5062624877253281,0.26107685272754566,0.504521133289973,0.9148936170212766,0.4360300216784612,0.4120591678249252,0.12340425531914893,0.6142857142857143,0.40006355210464156,0.38943715647786803,0.08571428571428572,0.05106382978723404,0.03428571428571429,0.32857142857142857,13.405714285714286,0.0,0.0,0.03297494220376116,0.1319663491490371,3.7702127659574467,0.0,0.0,0.15,0.08085106382978724,0,0.13926857230188922,0.2906106869400116,1.2256560538569992,0.5248490578927422,0.0,0.9166666666666666,0.0,0.8,0.0,0.8,0.0,0.08,0.05106382978723404,0.25,0.25
