t,mean_x,mean_y,mean_x_all,mean_y_all,mean_L,y0,mean_epc,mean_r,mean_b,fund_prevalence,mean_epc_all,mean_r_all,mean_b_all,fund_prevalence_all,punish_rate,mean_punished,exit_rate,mean_exit_intent,exit_attempt_rate,exit_success_rate,p_opp_mean,stay_value,mean_degree_active,threat,A,budget,enforcer_frac,n_cadre_fallback,cap_mean,cap_p90,service_mean,service_p90,monopoly_on,enforcer_punish_share_step,alpha_punish_revalue,delta_outside_degrade,mu_membership_reward,current_delta,eta_delta_drift,punish_floor,punish_intensity_step,pi_reward,lam_punish
0,0.35453726374136707,0.5015790382783338,0.35453726374136707,0.5015790382783338,0.2462483218342688,0.5,0.0,0.31322810629680825,0.3419399783630503,0.0,0.0,0.31322810629680825,0.3419399783630503,0.0,0.0,0.0,0.0,0.0,0.0,0.0,0.5,0.0,11.794285714285714,0.0,0.0,0.0,0.0,0,0.0,0.0,0.0,0.0,0.0,0.0,0.0,0.1,0.0,0.1,0.3,0.08,0.0,0.5,0.25
1,0.36528593093272743,0.5010796905475573,0.36528593093272743,0.5010796905475573,0.2462483218342688,0.5,0.58,0.31425667772537963,0.3427114069344788,0.0,0.58,0.31425667772537963,0.3427114069344788,0.0,0.02857142857142857,0.02857142857142857,0.0,0.03142857142857143,0.0,0.0,0.0343609140273117,0.13196634914903713,11.794285714285714,0.0,0.0,0.15,0.08,28,0.004285714285714285,0.0,0.02857142857142857,0.0,0.0,0.9,0.0,0.1,0.0,0.1,0.3,0.08,0.02857142857142857,0.5,0.25
2,0.3759271951864444,0.5009534290370846,0.3759271951864444,0.5009534290370846,0.2462483218342688,0.5,0.8514285714285714,0.3148281062968082,0.34313997836305027,0.0,0.8514285714285714,0.3148281062968082,0.34313997836305027,0.0,0.014285714285714285,0.014285714285714285,0.0,0.02857142857142857,0.0,0.0,0.0343609140273117,0.13196634914903713,11.794285714285714,0.0,0.0,0.15,0.08,25,0.006407142857142858,0.0,0.04228571428571428,0.0,0.0,1.0,0.0,0.1,0.0,0.1,0.3,0.08,0.014285714285714285,0.5,0.25
3,0.38397411456741304,0.5007716913915973,0.38397411456741304,0.5007716913915973,0.2462483218342688,0.5,0.8885714285714286,0.3151709634396654,0.34339712122019317,0.0,0.8885714285714286,0.3151709634396654,0.34339712122019317,0.0,0.008571428571428572,0.008571428571428572,0.0,0.022857142857142857,0.0,0.0,0.0343609140273117,0.13196634914903713,11.794285714285714,0.0,0.0,0.15,0.08,23,0.007660821428571428,0.0,0.05001142857142857,0.0,0.0,1.0,0.0,0.1,0.0,0.1,0.3,0.08,0.008571428571428572,0.5,0.25
4,0.3921641045083808,0.5007741303836344,0.3921641045083808,0.5007741303836344,0.2462483218342688,0.5,0.9314285714285714,0.3156852491539511,0.34378283550590744,0.002857142857142857,0.9314285714285714,0.3156852491539511,0.34378283550590744,0.002857142857142857,0.014285714285714285,0.014285714285714285,0.0,0.02,0.0,0.0,0.0343609140273117,0.13196634914903713,11.794285714285714,0.0,0.0,0.15,0.08,22,0.009765374464285714,0.0,0.06329691428571428,0.0,0.0,1.0,0.0,0.1,0.0,0.1,0.3,0.08,0.014285714285714285,0.5,0.25
5,0.4002425589031136,0.5011526367562393,0.4002425589031136,0.5011526367562393,0.2462483218342688,0.509465421371579,0.9171428571428571,0.3160852491539511,0.34408283550590746,0.002857142857142857,0.9171428571428571,0.3160852491539511,0.34408283550590746,0.002857142857142857,0.011428571428571429,0.011428571428571429,0.0,0.017142857142857144,0.0,0.0,0.0343609140273117,0.13196634914903713,11.794285714285714,0.0,0.0,0.15,0.08,22,0.01143083330625,0.0,0.07345954742857143,0.0,0.0,0.75,0.0,0.1,0.0,0.1,0.3,0.08,0.011428571428571429,0.5,0.25
6,0.40789850053659604,0.5018400546927223,0.40789850053659604,0.5018400546927223,0.2462483218342688,0.517532164100898,0.9285714285714286,0.3167709634396653,0.3445971212201931,0.002857142857142857,0.9285714285714286,0.3167709634396653,0.3445971212201931,0.002857142857142857,0.02,0.02,0.0,0.017142857142857144,0.0,0.0,0.0343609140273117,0.13196634914903713,11.794285714285714,0.0,0.0,0.15,0.08,21,0.01437367913971875,0.0,0.09199035648,0.0,0.0,0.8571428571428571,0.0,0.1,0.0,0.1,0.3,0.08,0.02,0.5,0.25
7,0.4153428987828699,0.5022581547529043,0.4153428987828699,0.5022581547529043,0.2462483218342688,0.5260781199863221,0.9114285714285715,0.3169995348682368,0.3447685497916217,0.002857142857142857,0.9114285714285715,0.3169995348682368,0.3447685497916217,0.002857142857142857,0.005714285714285714,0.005714285714285714,0.0,0.02,0.0,0.0,0.0343609140273117,0.13196634914903713,11.794285714285714,0.0,0.0,0.15,0.08,20,0.015158953601163015,0.0,0.09586483506468572,0.0,0.0,1.0,0.0,0.1,0.0,0.1,0.3,0.08,0.005714285714285714,0.5,0.25
8,0.42436607847091945,0.5028622532770621,0.42436607847091945,0.5028622532770621,0.2462483218342688,0.5339506575996474,0.9057142857142857,0.31751382058252253,0.345154264077336,0.002857142857142857,0.9057142857142857,0.31751382058252253,0.345154264077336,0.002857142857142857,0.017142857142857144,0.017142857142857144,0.0,0.005714285714285714,0.0,0.0,0.0343609140273117,0.13196634914903713,11.794285714285714,0.0,0.0,0.15,0.08,19,0.017654587404585767,0.0,0.11109039550624913,0.0,0.0,1.0,0.0,0.1,0.0,0.1,0.3,0.08,0.017142857142857144,0.5,0.25
9,0.4332134551624482,0.5036581992884384,0.4332134551624482,0.5036581992884384,0.2462483218342688,0.5416469072038826,0.9171428571428571,0.3185423920110939,0.3459256926487646,0.002857142857142857,0.9171428571428571,0.3185423920110939,0.3459256926487646,0.002857142857142857,0.025714285714285714,0.025714285714285714,0.0,0.014285714285714285,0.0,0.0,0.0343609140273117,0.13196634914903713,11.794285714285714,0.0,0.0,0.15,0.08,18,0.021423457324705696,0.0,0.13458287331040983,0.0,0.0,1.0,0.0,0.1,0.0,0.1,0.3,0.08,0.025714285714285714,0.5,0.25
10,0.441590983783267,0.5045645771306081,0.441590983783267,0.5045645771306081,0.2462483218342688,0.547849647684359,0.8828571428571429,0.3200281062968082,0.3470399783630503,0.002857142857142857,0.8828571428571429,0.3200281062968082,0.3470399783630503,0.002857142857142857,0.03142857142857143,0.037142857142857144,0.0,0.008571428571428572,0.0,0.0,0.0343609140273117,0.13196634914903713,11.794285714285714,0.0,0.0,0.15,0.08,16,0.02688776860951074,0.0,0.1690340729870588,0.0,0.0,0.9230769230769231,0.0,0.1,0.0,0.1,0.3,0.08,0.03142857142857143,0.5,0.25
11,0.449106093524252,0.5063352440379233,0.449106093524252,0.5063352440379233,0.2462483218342688,0.5538997368214585,0.8685714285714285,0.32179953486823676,0.3483685497916217,0.005714285714285714,0.8685714285714285,0.32179953486823676,0.3483685497916217,0.005714285714285714,0.04285714285714286,0.04857142857142857,0.0,0.008571428571428572,0.0,0.0,0.0343609140273117,0.13196634914903713,11.794285714285714,0.0,0.0,0.15,0.08,13,0.034039044052177475,0.0,0.21422482009874622,0.0,0.0,0.9411764705882353,0.0,0.1,0.0,0.1,0.3,0.08,0.04285714285714286,0.5,0.25
12,0.4600073055776435,0.5069937006168033,0.4600073055776435,0.5069937006168033,0.2462483218342688,0.5573157145223077,0.8885714285714286,0.32305667772537966,0.3493114069344789,0.011428571428571429,0.8885714285714286,0.32305667772537966,0.3493114069344789,0.011428571428571429,0.03428571428571429,0.03428571428571429,0.0,0.03142857142857143,0.0,0.0,0.0343609140273117,0.13196634914903713,11.794285714285714,0.0,0.0,0.15,0.08,13,0.03901170597477373,0.0,0.24422603798248554,0.0,0.0,1.0,0.0,0.1,0.0,0.1,0.3,0.08,0.03428571428571429,0.5,0.25
13,0.4684058520904907,0.5079862081046048,0.4684058520904907,0.5079862081046048,0.2462483218342688,0.5565704316559948,0.8971428571428571,0.3238566777253796,0.34991140693447886,0.014285714285714285,0.8971428571428571,0.3238566777253796,0.34991140693447886,0.014285714285714285,0.022857142857142857,0.022857142857142857,0.0,0.011428571428571429,0.0,0.0,0.0343609140273117,0.13196634914903713,11.794285714285714,0.0,0.0,0.15,0.08,11,0.04224521887347129,0.0,0.2621986600799787,0.0,0.0,0.75,0.0,0.1,0.0,0.1,0.3,0.08,0.022857142857142857,0.5,0.25
14,0.47656254093161116,0.5090604190641531,0.47656254093161116,0.5090604190641531,0.2462483218342688,0.5552059152613449,0.88,0.3253555320338631,0.3511114069344789,0.017142857142857144,0.88,0.3253555320338631,0.3511114069344789,0.017142857142857144,0.04285714285714286,0.04285714285714286,0.0,0.011428571428571429,0.0,0.0,0.0343609140273117,0.13196634914903713,11.794285714285714,0.0,0.0,0.15,0.08,10,0.048462564207675356,0.0,0.299811829735522,0.0,0.0,1.0,0.0,0.1,0.0,0.1,0.3,0.08,0.04285714285714286,0.5,0.25
15,0.4850426961491909,0.5102168669671794,0.4850426961491909,0.5102168669671794,0.2462483218342688,0.5524888642842335,0.8885714285714286,0.3265295434168176,0.352354264077336,0.02,0.8885714285714286,0.3265295434168176,0.352354264077336,0.02,0.04285714285714286,0.04285714285714286,0.0,0.008571428571428572,0.0,0.0,0.0343609140273117,0.13196634914903713,11.794285714285714,0.0,0.0,0.15,0.08,9,0.05453311219053601,0.0,0.3366727359979544,0.0,0.0,1.0,0.0,0.1,0.0,0.1,0.3,0.08,0.04285714285714286,0.5,0.25
16,0.49556902893520843,0.5121843140830084,0.49556902893520843,0.5121843140830084,0.2462483218342688,0.5498491478978542,0.9085714285714286,0.32798711242025774,0.35363997836305033,0.022857142857142857,0.9085714285714286,0.32798711242025774,0.35363997836305033,0.022857142857142857,0.04857142857142857,0.04857142857142857,0.0,0.014285714285714285,0.0,0.0,0.0343609140273117,0.13196634914903713,11.794285714285714,0.0,0.0,0.15,0.08,8,0.06101398903506125,0.0,0.37851070984942387,0.0,0.0,0.9411764705882353,0.0,0.1,0.0,0.1,0.3,0.08,0.04857142857142857,0.5,0.25
17,0.5057608443415296,0.5124898555783413,0.5057608443415296,0.5124898555783413,0.2462483218342688,0.5481535731315627,0.8685714285714285,0.3290728267059721,0.354754264077336,0.02857142857142857,0.8685714285714285,0.3290728267059721,0.354754264077336,0.02857142857142857,0.03428571428571429,0.04285714285714286,0.0,0.008571428571428572,0.0,0.0,0.0343609140273117,0.13196634914903713,11.794285714285714,0.0,0.0,0.15,0.08,8,0.06548034766131453,0.0,0.4137976385095783,0.0,0.0,1.0,0.0,0.1,0.0,0.1,0.3,0.08,0.03428571428571429,0.5,0.25
18,0.5159739186483726,0.5124370073879393,0.5159739186483726,0.5124370073879393,0.2462483218342688,0.5467188979786411,0.9171428571428571,0.3301683725707704,0.35577959655978514,0.02857142857142857,0.9171428571428571,0.3301683725707704,0.35577959655978514,0.02857142857142857,0.04285714285714286,0.04285714285714286,0.0,0.017142857142857144,0.0,0.0,0.0343609140273117,0.13196634914903713,11.794285714285714,0.0,0.0,0.15,0.08,7,0.0698226418039912,0.0,0.4483788285965295,0.0,0.0,1.0,0.0,0.1,0.0,0.1,0.3,0.08,0.04285714285714286,0.5,0.25
19,0.5251023027897016,0.5131347775659211,0.5251023027897016,0.5131347775659211,0.2462483218342688,0.5452077322559257,0.9257142857142857,0.3313683725707704,0.3567653108454994,0.03142857142857143,0.9257142857142857,0.3313683725707704,0.3567653108454994,0.03142857142857143,0.04,0.04,0.0,0.02857142857142857,0.0,0.0,0.0343609140273117,0.13196634914903713,11.794285714285714,0.0,0.0,0.15,0.08,4,0.07424495716639981,0.0,0.47941125202459894,0.0,0.0,1.0,0.0,0.1,0.0,0.1,0.3,0.08,0.04,0.5,0.25
20,0.532817763609628,0.5137932553357086,0.532817763609628,0.5137932553357086,0.2462483218342688,0.5432836667625021,0.9257142857142857,0.3326826582850561,0.35787959655978513,0.037142857142857144,0.9257142857142857,0.3326826582850561,0.35787959655978513,0.037142857142857144,0.04285714285714286,0.045714285714285714,0.0,0.03428571428571429,0.0,0.0,0.0343609140273117,0.13196634914903713,11.794285714285714,0.0,0.0,0.15,0.08,4,0.07955901880913924,0.0,0.5155373126983926,0.0,0.0,0.9375,0.0,0.1,0.0,0.1,0.3,0.08,0.04285714285714286,0.5,0.25
21,0.5397190589109028,0.5131783111170736,0.5397190589109028,0.5131783111170736,0.2462483218342688,0.5415014463653934,0.9085714285714286,0.33462551542791324,0.3597224537026423,0.04285714285714286,0.9085714285714286,0.33462551542791324,0.3597224537026423,0.04285714285714286,0.06285714285714286,0.06571428571428571,0.0,0.03428571428571429,0.0,0.0,0.0343609140273117,0.13196634914903713,11.794285714285714,0.0,0.0,0.15,0.08,4,0.08736122371509354,0.0,0.5709408521587105,0.0,0.0,0.8695652173913043,0.0,0.1,0.0,0.1,0.3,0.08,0.06285714285714286,0.5,0.25
22,0.5500804238494242,0.5124166947697203,0.5500804238494242,0.5124166947697203,0.2462483218342688,0.5391751920597848,0.9228571428571428,0.3361884092942365,0.3612653108454994,0.045714285714285714,0.9228571428571428,0.3361884092942365,0.3612653108454994,0.045714285714285714,0.054285714285714284,0.054285714285714284,0.0,0.03142857142857143,0.0,0.0,0.0343609140273117,0.13196634914903713,11.794285714285714,0.0,0.0,0.15,0.08,4,0.09348907110560652,0.0,0.6138077494012505,0.0,0.0,1.0,0.0,0.1,0.0,0.1,0.3,0.08,0.054285714285714284,0.5,0.25
23,0.5585779696583163,0.5129153492791888,0.5585779696583163,0.5129153492791888,0.2462483218342688,0.5370165575315703,0.9485714285714286,0.3376169807228079,0.36237959655978513,0.045714285714285714,0.9485714285714286,0.3376169807228079,0.36237959655978513,0.045714285714285714,0.045714285714285714,0.045714285714285714,0.0,0.04,0.0,0.0,0.0343609140273117,0.13196634914903713,11.794285714285714,0.0,0.0,0.15,0.08,4,0.09772009589071903,0.0,0.6472458801275113,0.0,0.0,1.0,0.0,0.1,0.0,0.1,0.3,0.08,0.045714285714285714,0.5,0.25
24,0.5680980053732037,0.5134541915728577,0.5680980053732037,0.5134541915728577,0.2462483218342688,0.534944946153954,0.9257142857142857,0.3388103949393611,0.36336531084549945,0.045714285714285714,0.9257142857142857,0.3388103949393611,0.36336531084549945,0.045714285714285714,0.037142857142857144,0.04,0.0,0.037142857142857144,0.0,0.0,0.0343609140273117,0.13196634914903713,11.794285714285714,0.0,0.0,0.15,0.08,3,0.10222043264603055,0.013569157204122344,0.6743009625249611,0.0667607971755246,0.0,0.9285714285714286,0.0,0.1,0.0,0.1,0.3,0.08,0.037142857142857144,0.5,0.25
25,0.579032775325366,0.515062135701969,0.579032775325366,0.515062135701969,0.2462483218342688,0.5332898794378881,0.8771428571428571,0.3395537770201533,0.3645297724349695,0.045714285714285714,0.8771428571428571,0.3395537770201533,0.3645297724349695,0.045714285714285714,0.04285714285714286,0.04285714285714286,0.0,0.04857142857142857,0.0,0.0,0.0343609140273117,0.13196634914903713,11.794285714285714,0.0,0.0,0.15,0.08,3,0.10619447405422895,0.013501311418101732,0.7036720861316046,0.06542558123201411,0.0,1.0,0.0,0.1,0.0,0.1,0.3,0.08,0.04285714285714286,0.5,0.25
26,0.5884382506796172,0.5156555249605853,0.5884382506796172,0.5156555249605853,0.2462483218342688,0.5317595157169367,0.9171428571428571,0.3405396726677203,0.3659715174381407,0.04857142857142857,0.9171428571428571,0.3405396726677203,0.3659715174381407,0.04857142857142857,0.05142857142857143,0.05714285714285714,0.0,0.054285714285714284,0.0,0.0,0.0343609140273117,0.13196634914903713,11.794285714285714,0.0,0.0,0.15,0.08,3,0.11067708764259691,0.13474821060868716,0.7467415015518297,0.6494333985254847,0.0,0.95,0.0,0.1,0.0,0.1,0.3,0.08,0.05142857142857143,0.5,0.25
27,0.5984569892091783,0.5171506781413049,0.5984569892091783,0.5171506781413049,0.2462483218342688,0.5303592173758065,0.9057142857142857,0.34195952488311204,0.3677633581357538,0.04857142857142857,0.9057142857142857,0.34195952488311204,0.3677633581357538,0.04857142857142857,0.06857142857142857,0.07428571428571429,0.0,0.07428571428571429,0.0,0.0,0.0343609140273117,0.13196634914903713,11.794285714285714,0.0,0.0,0.15,0.08,3,0.11432580791879798,0.1378166900874528,0.8060923858065075,0.710769361621831,0.0,1.0,0.0,0.1,0.0,0.1,0.3,0.08,0.06857142857142857,0.5,0.25
28,0.607107381769512,0.5182578650081158,0.607107381769512,0.5182578650081158,0.2462483218342688,0.5290101456243416,0.9171428571428571,0.3425416671957985,0.3687394435298788,0.04857142857142857,0.9171428571428571,0.3425416671957985,0.3687394435298788,0.04857142857142857,0.04285714285714286,0.05714285714285714,0.0,0.09428571428571429,0.0,0.0,0.0343609140273117,0.13196634914903713,11.794285714285714,0.0,0.0,0.15,0.08,2,0.11615951022258404,0.13809706533155494,0.8471133952332344,0.7168612619360628,0.0,0.95,0.0,0.1,0.0,0.1,0.3,0.08,0.04285714285714286,0.5,0.25
29,0.614905246095062,0.5189437425252801,0.614905246095062,0.5189437425252801,0.2462483218342688,0.5278048881659481,0.9057142857142857,0.34322738148151277,0.3700528940071755,0.04857142857142857,0.9057142857142857,0.34322738148151277,0.3700528940071755,0.04857142857142857,0.06285714285714286,0.06571428571428571,0.0,0.08285714285714285,0.0,0.0,0.0343609140273117,0.13196634914903713,11.794285714285714,0.0,0.0,0.15,0.08,2,0.11777771338575686,0.1374065800048972,0.8958854130428553,0.7025240366973415,0.0,1.0,0.0,0.1,0.0,0.1,0.3,0.08,0.06285714285714286,0.5,0.25
30,0.6235999629294843,0.5187876179564306,0.6235999629294843,0.5187876179564306,0.2462483218342688,0.5264871625033228,0.9142857142857143,0.34371852833608557,0.3712737005395531,0.05142857142857143,0.9142857142857143,0.34371852833608557,0.3712737005395531,0.05142857142857143,0.06,0.07142857142857142,0.0,0.08857142857142856,0.0,0.0,0.0343609140273117,0.13196634914903713,11.794285714285714,0.0,0.0,0.15,0.08,2,0.11935925481882807,0.14011771807806625,0.9493962762105698,0.7599850280161676,0.0,0.96,0.0,0.1,0.0,0.1,0.3,0.08,0.06,0.5,0.25
31,0.6318854255286112,0.5192621718140279,0.6318854255286112,0.5192621718140279,0.2462483218342688,0.5258522824641001,0.9142857142857143,0.34397500450715746,0.3720132641000344,0.05142857142857143,0.9142857142857143,0.34397500450715746,0.3720132641000344,0.05142857142857143,0.04,0.04285714285714286,0.0,0.08571428571428572,0.0,0.0,0.0343609140273117,0.13196634914903713,11.794285714285714,0.0,0.0,0.15,0.08,2,0.12030517283044821,0.13941712948767593,0.9732654935435011,0.7447853274558442,0.0,1.0,0.0,0.1,0.0,0.1,0.3,0.08,0.04,0.5,0.25
32,0.6411826087189092,0.5185472945978784,0.6411826087189092,0.5185472945978784,0.2462483218342688,0.525373949182783,0.94,0.34431488915890923,0.37282553129317647,0.05142857142857143,0.94,0.34431488915890923,0.37282553129317647,0.05142857142857143,0.04857142857142857,0.054285714285714284,0.0,0.1,0.002857142857142857,0.0,0.0343609140273117,0.13196634914903713,11.794285714285714,0.0,0.0,0.15,0.08,2,0.12115879410558168,0.13872004384023753,1.0080858979583456,0.7298896209067274,0.0,1.0,0.0,0.1,0.0,0.1,0.3,0.08,0.04857142857142857,0.5,0.25
33,0.6504030938230212,0.5177616302477158,0.6504030938230212,0.5177616302477158,0.2462483218342688,0.5248845664433128,0.9171428571428571,0.34442917487319497,0.37316343466334045,0.05142857142857143,0.9171428571428571,0.34442917487319497,0.37316343466334045,0.05142857142857143,0.04285714285714286,0.04857142857142857,0.0,0.11142857142857143,0.002857142857142857,0.0,0.0343609140273117,0.13196634914903713,11.794285714285714,0.0,0.0,0.15,0.08,2,0.12177737504581253,0.13802644362103636,1.036495608570607,0.7152918284885929,0.0,1.0,0.0,0.1,0.0,0.1,0.3,0.08,0.04285714285714286,0.5,0.25
34,0.6588040291816195,0.5172101719190122,0.6588040291816195,0.5172101719190122,0.2462483218342688,0.5242826313352431,0.9057142857142857,0.34488631773033784,0.3737762624454489,0.05714285714285714,0.9057142857142857,0.34488631773033784,0.3737762624454489,0.05714285714285714,0.06857142857142857,0.07428571428571429,0.0,0.12857142857142856,0.002857142857142857,0.0,0.0343609140273117,0.13196634914903713,11.794285714285714,0.0,0.0,0.15,0.08,2,0.1234923391970794,0.13733631140293118,1.090051410684909,0.7009859919188209,0.0,1.0,0.0,0.1,0.0,0.1,0.3,0.08,0.06857142857142857,0.5,0.25
35,0.6672249168792583,0.5176588295742603,0.6672249168792583,0.5176588295742603,0.2462483218342688,0.5237480354860208,0.9057142857142857,0.34557203201605213,0.3744728415247659,0.06,0.9057142857142857,0.34557203201605213,0.3744728415247659,0.06,0.06285714285714286,0.06285714285714286,0.0,0.13428571428571429,0.005714285714285714,0.0,0.0343609140273117,0.13196634914903713,11.794285714285714,0.0,0.0,0.15,0.08,2,0.12584573535823687,0.13664962984591653,1.1311075253283538,0.6869662720804445,0.0,1.0,0.0,0.1,0.0,0.1,0.3,0.08,0.06285714285714286,0.5,0.25
36,0.6748630826604887,0.5176043858547994,0.6748630826604887,0.5176043858547994,0.2462483218342688,0.5230506649970037,0.8971428571428571,0.34606592630451655,0.37511569866762307,0.06,0.8971428571428571,0.34606592630451655,0.37511569866762307,0.06,0.08571428571428572,0.09428571428571429,0.0,0.14,0.008571428571428572,0.0,0.033874632553404636,0.13196634914903713,11.794285714285714,0.0,0.0,0.15,0.08,2,0.12764293953501712,0.13596638169668693,1.202771089107501,0.6732269466388356,0.0,1.0,0.0,0.1,0.0,0.13857142857142857,0.3,0.08,0.08571428571428572,0.5,0.25
37,0.6820551908882467,0.5171565356431455,0.6820551908882467,0.5171565356431455,0.2462483218342688,0.5223887451546911,0.9228571428571428,0.34675164059023084,0.37571569866762305,0.06,0.9228571428571428,0.34675164059023084,0.37571569866762305,0.06,0.05714285714285714,0.05714285714285714,0.0,0.16285714285714287,0.008571428571428572,0.0,0.033874632553404636,0.13196634914903713,11.794285714285714,0.0,0.0,0.15,0.08,2,0.1298901534087706,0.1378166900874528,1.235858524468208,0.710769361621831,0.0,0.95,0.0,0.1,0.0,0.13857142857142857,0.3,0.08,0.05714285714285714,0.5,0.25
38,0.6886508666625255,0.517423049339393,0.6886508666625255,0.517423049339393,0.2462483218342688,0.5217649628681189,0.9,0.3468326685825098,0.37614427009619444,0.06,0.9,0.3468326685825098,0.37614427009619444,0.06,0.06285714285714286,0.06285714285714286,0.0,0.16857142857142857,0.008571428571428572,0.0,0.033874632553404636,0.13196634914903713,11.794285714285714,0.0,0.0,0.15,0.08,2,0.13028956844408346,0.13712760663701554,1.2739984968359865,0.6965539743893944,0.0,1.0,0.0,0.1,0.0,0.13857142857142857,0.3,0.08,0.06285714285714286,0.5,0.25
39,0.6975725966008631,0.5180225831204789,0.6975725966008631,0.5180225831204789,0.2462483218342688,0.5211818755270243,0.92,0.34706124001108124,0.376315698667623,0.06,0.92,0.34706124001108124,0.376315698667623,0.06,0.045714285714285714,0.04857142857142857,0.0,0.2,0.008571428571428572,0.0,0.033874632553404636,0.13196634914903713,11.794285714285714,0.0,0.0,0.15,0.08,2,0.13057955131614876,0.13705873290188894,1.2970899554706956,0.6951353308570327,0.0,1.0,0.0,0.1,0.0,0.13857142857142857,0.3,0.08,0.045714285714285714,0.5,0.25
40,0.7073350131082028,0.5178894708887716,0.7073350131082028,0.5178894708887716,0.2462483218342688,0.5204536203153346,0.9114285714285715,0.3473469542967955,0.37652998438190877,0.06,0.9114285714285715,0.3473469542967955,0.37652998438190877,0.06,0.05142857142857143,0.06,0.0,0.21428571428571427,0.008571428571428572,0.0,0.033874632553404636,0.13196634914903713,11.794285714285714,0.0,0.0,0.15,0.08,1,0.13172579713099658,0.13857915352775294,1.3311481563612817,0.7267821426807369,0.0,0.8571428571428571,0.0,0.1,0.0,0.13857142857142857,0.3,0.08,0.05142857142857143,0.5,0.25
41,0.7143494612658475,0.5181943574639121,0.7143494612658475,0.5181943574639121,0.2462483218342688,0.5198179523636206,0.8857142857142857,0.3476802647688117,0.3768597428539096,0.06,0.8857142857142857,0.3476802647688117,0.3768597428539096,0.06,0.06571428571428571,0.07142857142857142,0.0,0.23714285714285716,0.008571428571428572,0.0,0.033874632553404636,0.13196634914903713,11.794285714285714,0.0,0.0,0.15,0.08,1,0.13212316957391304,0.13788625776011418,1.3759537646626274,0.7122464998271222,0.0,1.0,0.0,0.1,0.0,0.13857142857142857,0.3,0.08,0.06571428571428571,0.5,0.25
42,0.722439743445186,0.5188770364295361,0.722439743445186,0.5188770364295361,0.2462483218342688,0.5192232270563171,0.9228571428571428,0.34779455048309743,0.37745974285390965,0.06,0.9228571428571428,0.34779455048309743,0.37745974285390965,0.06,0.06857142857142857,0.07142857142857142,0.0,0.2542857142857143,0.008571428571428572,0.0,0.033874632553404636,0.13196634914903713,11.794285714285714,0.0,0.0,0.15,0.08,1,0.13257371366900766,0.13719682647131362,1.4198632607979464,0.6980015698305797,0.0,1.0,0.0,0.1,0.0,0.13857142857142857,0.3,0.08,0.06857142857142857,0.5,0.25
43,0.7306850209059067,0.5192971509013548,0.7306850209059067,0.5192971509013548,0.2462483218342688,0.51866195867428,0.9114285714285715,0.34825169334024025,0.3780597428539097,0.06,0.9114285714285715,0.34825169334024025,0.3780597428539097,0.06,0.06285714285714286,0.07428571428571429,0.0,0.3,0.008571428571428572,0.0,0.033874632553404636,0.13196634914903713,11.794285714285714,0.0,0.0,0.15,0.08,1,0.1341105593863769,0.13651084233895705,1.4657517098677018,0.6840415384339681,0.0,1.0,0.0,0.1,0.0,0.13857142857142857,0.3,0.08,0.06285714285714286,0.5,0.25
44,0.7375728197797827,0.5191350095711047,0.7375728197797827,0.5191350095711047,0.2462483218342688,0.5179014174239671,0.92,0.34848026476881167,0.37835974285390966,0.06,0.92,0.34848026476881167,0.37835974285390966,0.06,0.06,0.06571428571428571,0.0,0.32,0.008571428571428572,0.0,0.033874632553404636,0.13196634914903713,11.794285714285714,0.0,0.0,0.15,0.08,1,0.13481043658944503,0.1378166900874528,1.5021509613846333,0.710769361621831,0.0,0.9130434782608695,0.0,0.1,0.0,0.13857142857142857,0.3,0.08,0.06,0.5,0.25
45,0.744868183058807,0.519116362435872,0.744868183058807,0.519116362435872,0.2462483218342688,0.5172883644636458,0.8828571428571429,0.34848026476881167,0.3790025999967668,0.06,0.8828571428571429,0.34848026476881167,0.3790025999967668,0.06,0.05714285714285714,0.06285714285714286,0.0,0.30857142857142855,0.008571428571428572,0.0,0.033874632553404636,0.13196634914903713,11.794285714285714,0.0,0.0,0.15,0.08,1,0.13462124226364064,0.13712760663701554,1.5349650850140835,0.6965539743893944,0.0,1.0,0.0,0.1,0.0,0.13857142857142857,0.3,0.08,0.05714285714285714,0.5,0.25
46,0.7531891503789186,0.5201220766764963,0.7531891503789186,0.5201220766764963,0.2462483218342688,0.516605071781182,0.8771428571428571,0.34859455048309734,0.379184627180406,0.06,0.8771428571428571,0.34859455048309734,0.379184627180406,0.06,0.07142857142857142,0.07714285714285714,0.0,0.3171428571428571,0.011428571428571429,0.0,0.033874632553404636,0.13196634914903713,11.794285714285714,0.0,0.0,0.15,0.08,1,0.135061279623751,0.13719682647131362,1.581408640456659,0.6980015698305797,0.0,0.9629629629629629,0.0,0.1,0.0,0.13857142857142857,0.3,0.08,0.07142857142857142,0.5,0.25
47,0.7609817062759671,0.5201832504287479,0.7609817062759671,0.5201832504287479,0.2462483218342688,0.5161304722759843,0.8857142857142857,0.34859455048309734,0.3794417700375489,0.06,0.8857142857142857,0.34859455048309734,0.3794417700375489,0.06,0.07142857142857142,0.07714285714285714,0.0,0.35714285714285715,0.011428571428571429,0.0,0.033874632553404636,0.13196634914903713,11.794285714285714,0.0,0.0,0.15,0.08,1,0.1357849760792037,0.13651084233895705,1.6269233247903827,0.6840415384339681,0.0,1.0,0.0,0.1,0.0,0.13857142857142857,0.3,0.08,0.07142857142857142,0.5,0.25
48,0.7680127572961788,0.5216104735623428,0.7678864346117334,0.5212231554643078,0.2462483218342688,0.5156251060963288,0.8825214899713467,0.3486370712334949,0.38014269305159604,0.06017191977077364,0.88,0.34865169334024027,0.37954828875504276,0.06,0.05157593123209169,0.06,0.002857142857142857,0.38285714285714284,0.008595988538681949,0.002857142857142857,0.033863079361730164,0.1319663491490371,11.787965616045845,0.0,0.0,0.15,0.08022922636103152,1,0.1360483369130934,0.13582828812726225,1.6543848582945755,0.6703607076652887,0.0,1.0,0.0,0.1,0.0,0.13857142857142857,0.3,0.08,0.05142857142857143,0.5,0.25
49,0.7760312070238071,0.5218742897280828,0.775881974482997,0.5214902405359331,0.2462483218342688,0.5153257919890774,0.9054441260744985,0.3491528305458158,0.38070143230661035,0.06017191977077364,0.9028571428571428,0.349165979054526,0.3801054316121856,0.06,0.07163323782234957,0.08285714285714285,0.002857142857142857,0.40285714285714286,0.008595988538681949,0.0,0.033877996514123175,0.1319663491490371,11.787965616045845,0.0,0.0,0.15,0.08022922636103152,1,0.13805323808567077,0.1368604374173573,1.7041543039858262,0.6915810341893852,0.0,0.9655172413793104,0.0,0.1,0.0,0.13857142857142857,0.3,0.08,0.07163323782234957,0.5,0.25
50,0.7849066960181734,0.521584489541342,0.7847321049373795,0.5211890433996254,0.2462483218342688,0.5150298690014826,0.9025787965616046,0.3497832030386525,0.3815180512177851,0.06017191977077364,0.9,0.34979455048309743,0.38091971732647123,0.06,0.07163323782234957,0.08,0.002857142857142857,0.43714285714285717,0.008595988538681949,0.0,0.033877996514123175,0.1319663491490371,11.787965616045845,0.0,0.0,0.15,0.08022922636103152,2,0.14062668378215626,0.1361761352302705,1.7500712179061102,0.6777494135055975,0.0,1.0,0.0,0.1,0.0,0.13857142857142857,0.3,0.08,0.07163323782234957,0.5,0.25
51,0.7930616070808455,0.5208028914089675,0.7922596407671229,0.5202057685015475,0.2462483218342688,0.514714969764212,0.896551724137931,0.35075439435773276,0.3825850128349747,0.0603448275862069,0.8914285714285715,0.3501945504830974,0.3814768601836142,0.06,0.06609195402298851,0.08571428571428572,0.005714285714285714,0.44,0.008620689655172414,0.002857142857142857,0.03390829703363608,0.1319663491490371,11.683908045977011,0.0,0.0,0.15,0.08045977011494253,2,0.14237912322038834,0.1400463848182813,1.8007840792622736,0.7583508824023922,0.0,0.9666666666666667,0.0,0.1,0.0,0.13857142857142857,0.3,0.08,0.06876790830945559,0.5,0.25
52,0.8006023719417028,0.5209912563084989,0.7997573155430611,0.5203348327396774,0.2462483218342688,0.5142574110600663,0.9195402298850575,0.3511216867858561,0.38325996320244726,0.0603448275862069,0.9142857142857143,0.35055974409734575,0.38214795369184407,0.06,0.08908045977011494,0.09714285714285714,0.005714285714285714,0.4514285714285714,0.008620689655172414,0.0,0.03361000921090955,0.1319663491490371,11.683908045977011,0.0,0.0,0.15,0.08045977011494253,2,0.14403293046543064,0.1393461528941899,1.8619112548198848,0.7431838647543443,0.0,1.0,0.0,0.1,0.0,0.16708620689655174,0.3,0.08,0.08908045977011494,0.5,0.25
53,0.8086686823556009,0.5203221417762586,0.8077775327545939,0.5196368129860144,0.2462483218342688,0.5138898489042563,0.9051724137931034,0.3512366293145917,0.3835185838921025,0.0603448275862069,0.9,0.3506740298116314,0.38240509654898697,0.06,0.07471264367816093,0.08857142857142856,0.005714285714285714,0.5,0.014367816091954023,0.0,0.03361000921090955,0.1319663491490371,11.683908045977011,0.0,0.0,0.15,0.08045977011494253,2,0.14431233724167494,0.13864942212971895,1.913244458294916,0.7283201874592574,0.0,1.0,0.0,0.1,0.0,0.16708620689655174,0.3,0.08,0.07471264367816093,0.5,0.25
54,0.8165617547629245,0.520070584833935,0.8156255018910187,0.5193603008958422,0.2462483218342688,0.5135294072642465,0.8908045977011494,0.35169639942953423,0.3839496183748611,0.06321839080459771,0.8857142857142857,0.3511311726687743,0.3828336679775584,0.06285714285714286,0.08333333333333333,0.09142857142857143,0.005714285714285714,0.5171428571428571,0.014367816091954023,0.0,0.033398870892282974,0.1319663491490371,11.683908045977011,0.0,0.0,0.15,0.08045977011494253,2,0.1459046326983237,0.13795617501907034,1.966408140557589,0.7137537837100723,0.0,1.0,0.0,0.1,0.0,0.18446034482758622,0.3,0.08,0.08333333333333333,0.5,0.25
55,0.8226034972009995,0.5204570130785537,0.8216327200865902,0.5197246022240231,0.2462483218342688,0.5133953256241757,0.882183908045977,0.35181134195826985,0.38412203216796453,0.06321839080459771,0.8771428571428571,0.35124545838306004,0.38300509654898696,0.06285714285714286,0.06321839080459771,0.06285714285714286,0.005714285714285714,0.5428571428571428,0.014367816091954023,0.0,0.033398870892282974,0.1319663491490371,11.683908045977011,0.0,0.0,0.15,0.08045977011494253,2,0.1460603959634035,0.13913534532274913,1.9899371206035799,0.7385691026454037,0.0,0.9545454545454546,0.0,0.1,0.0,0.18446034482758622,0.3,0.08,0.06321839080459771,0.5,0.25
56,0.8280526500945837,0.5193887073997981,0.8270507349636398,0.5186699209980883,0.2462483218342688,0.5135104599081057,0.8764367816091954,0.3522136408088446,0.38442375630589565,0.06321839080459771,0.8714285714285714,0.35164545838306,0.3833050965489869,0.06285714285714286,0.07471264367816093,0.08,0.005714285714285714,0.5571428571428572,0.014367816091954023,0.0,0.033398870892282974,0.1319663491490371,11.683908045977011,0.0,0.0,0.15,0.08045977011494253,2,0.147389620998203,0.13872004384023753,2.0301383781915088,0.7298896209067274,0.0,0.9285714285714286,0.0,0.1,0.0,0.18446034482758622,0.3,0.08,0.07471264367816093,0.5,0.25
57,0.8336460179661475,0.5196890700799577,0.8326121407330801,0.5189804126909884,0.2462483218342688,0.5135768959139129,0.8850574712643678,0.35238605460194805,0.3846392735472749,0.06321839080459771,0.88,0.3518168869544886,0.3835193822632727,0.06285714285714286,0.06321839080459771,0.07714285714285714,0.005714285714285714,0.5885714285714285,0.014367816091954023,0.0,0.033398870892282974,0.1319663491490371,11.683908045977011,0.0,0.0,0.15,0.08045977011494253,2,0.14813681931821196,0.14067880223597518,2.066678467770535,0.7721932854090737,0.0,0.9259259259259259,0.0,0.1,0.0,0.18446034482758622,0.3,0.08,0.06321839080459771,0.5,0.25
58,0.840544006162828,0.5193638091095631,0.8394707118543511,0.5187016884273861,0.2462483218342688,0.5137422340210835,0.8505747126436781,0.3526159396594193,0.3848169226222097,0.06321839080459771,0.8457142857142858,0.35204545838306006,0.3836960162006364,0.06285714285714286,0.06896551724137931,0.08,0.005714285714285714,0.64,0.014367816091954023,0.0,0.033398870892282974,0.1319663491490371,11.683908045977011,0.0,0.0,0.15,0.08045977011494253,2,0.14945142450376375,0.14352790278041283,2.1053448984151246,0.8177494130458643,0.0,0.9285714285714286,0.0,0.1,0.0,0.18446034482758622,0.3,0.08,0.06896551724137931,0.5,0.25
59,0.8460606629462551,0.519229229844068,0.8449558448847302,0.5186301528536217,0.2462483218342688,0.5139595949841291,0.896551724137931,0.3529607672456262,0.3850755433118649,0.06609195402298851,0.8914285714285715,0.35238831552591715,0.38395315905777927,0.06571428571428571,0.0603448275862069,0.07142857142857142,0.005714285714285714,0.6714285714285714,0.014367816091954023,0.0,0.033398870892282974,0.1319663491490371,11.683908045977011,0.0,0.0,0.15,0.08045977011494253,2,0.15087516738124493,0.14776123124999999,2.134666571875394,0.9242505440000003,0.0,0.88,0.0,0.1,0.0,0.18446034482758622,0.3,0.08,0.0603448275862069,0.5,0.25
60,0.851053539628797,0.5191398405873647,0.8499201908433718,0.5186053666437858,0.2462483218342688,0.5138228697649331,0.8735632183908046,0.35324812356746527,0.38529106055324414,0.06609195402298851,0.8685714285714285,0.35267402981163143,0.384167444772065,0.06571428571428571,0.05747126436781609,0.07142857142857142,0.005714285714285714,0.6885714285714286,0.014367816091954023,0.0,0.033398870892282974,0.1319663491490371,11.683908045977011,0.0,0.0,0.15,0.08045977011494253,2,0.15117622296933872,0.147096305709375,2.163401811866457,0.9223681599999999,0.0,1.0,0.0,0.1,0.0,0.18446034482758622,0.3,0.08,0.05747126436781609,0.5,0.25
61,0.8568076692784522,0.5189106805325047,0.8556414397521719,0.5184262374649737,0.2462483218342688,0.5137725980635858,0.8362068965517241,0.3534780086249365,0.3854634743463477,0.06896551724137931,0.8314285714285714,0.35290260124020284,0.38433887334349365,0.06857142857142857,0.06609195402298851,0.07428571428571429,0.005714285714285714,0.72,0.014367816091954023,0.0,0.033398870892282974,0.1319663491490371,11.683908045977011,0.0,0.0,0.15,0.08045977011494253,1,0.1523902004259206,0.14702242509375,2.1944194899148424,0.9057655331200002,0.0,0.9615384615384616,0.0,0.1,0.0,0.18446034482758622,0.3,0.08,0.06609195402298851,0.5,0.25
62,0.8625102905034857,0.5190045832177065,0.8613114745702051,0.5185380391523343,0.2462483218342688,0.5136443929289307,0.8304597701149425,0.3538228362111434,0.38572209503600285,0.06896551724137931,0.8257142857142857,0.35324545838306004,0.38459601620063644,0.06857142857142857,0.07758620689655173,0.08571428571428572,0.005714285714285714,0.7514285714285714,0.017241379310344827,0.0,0.033398870892282974,0.1319663491490371,11.683908045977011,0.0,0.0,0.15,0.08045977011494253,1,0.15276982228093383,0.14636082418082813,2.236245385830831,0.9039207967999998,0.0,0.9666666666666667,0.0,0.1,0.0,0.18446034482758622,0.3,0.08,0.07758620689655173,0.5,0.25
63,0.8656781684455376,0.5198564534666184,0.8644612503525883,0.5194100665510637,0.2462483218342688,0.5136284703287258,0.8649425287356322,0.3541210960212831,0.3860669226222097,0.06896551724137931,0.86,0.3535420138514274,0.3849388733434936,0.06857142857142857,0.08045977011494253,0.09428571428571429,0.005714285714285714,0.7771428571428571,0.020114942528735632,0.0,0.03326818845555095,0.1319663491490371,11.683908045977011,0.0,0.0,0.15,0.08045977011494253,1,0.15397626031238631,0.14628731296828124,2.2858061923999284,0.8876502224576002,0.0,0.9696969696969697,0.0,0.1,0.0,0.19532913793103449,0.3,0.08,0.08045977011494253,0.5,0.25
64,0.869299538417782,0.5196803338241995,0.8680619267821341,0.5191997929745842,0.2462483218342688,0.513621150434807,0.8706896551724138,0.3541210960212831,0.3860669226222097,0.06896551724137931,0.8657142857142858,0.3535420138514274,0.3849388733434936,0.06857142857142857,0.08908045977011494,0.09714285714285714,0.005714285714285714,0.8228571428571428,0.020114942528735632,0.0,0.03313123007304481,0.1319663491490371,11.683908045977011,0.0,0.0,0.15,0.08045977011494253,1,0.15374895043939582,0.14555587640343984,2.3372329256947872,0.8698972180084482,0.0,1.0,0.0,0.1,0.0,0.20681660344827588,0.3,0.08,0.08908045977011494,0.5,0.25
65,0.873818748615658,0.5185978830033716,0.8725553129217366,0.5180956288014004,0.2462483218342688,0.5133346238536842,0.8591954022988506,0.3544084523431222,0.3863087549745537,0.06896551724137931,0.8542857142857143,0.35382772813714175,0.3851793237966813,0.06857142857142857,0.09482758620689655,0.11142857142857143,0.005714285714285714,0.9085714285714286,0.020114942528735632,0.0,0.03300558297133659,0.1319663491490371,11.683908045977011,0.0,0.0,0.15,0.08045977011494253,1,0.1548366349729131,0.14482809702142263,2.4019168386094627,0.8681255332467198,0.0,1.0,0.0,0.1,0.0,0.21744403620689656,0.3,0.08,0.09482758620689655,0.5,0.25
66,0.8789282253174567,0.5182747769670636,0.8776355926138106,0.5177750030636687,0.2462483218342688,0.5129785634815279,0.8649425287356322,0.3546383374005935,0.38646372639855325,0.06896551724137931,0.86,0.35405629956571316,0.3853334096696866,0.06857142857142857,0.07758620689655173,0.08571428571428572,0.005714285714285714,0.9342857142857143,0.020114942528735632,0.0,0.03300558297133659,0.1319663491490371,11.683908045977011,0.0,0.0,0.15,0.08045977011494253,0,0.15563216965161997,0.14410395653631553,2.4395927875515593,0.8507630225817854,0.0,1.0,0.0,0.1,0.0,0.21744403620689656,0.3,0.08,0.07758620689655173,0.5,0.25
67,0.8831707600827988,0.5177639861193256,0.8818538843233507,0.517244700621474,0.2462483218342688,0.5126449527432877,0.8735632183908046,0.3546383374005935,0.38646372639855325,0.06896551724137931,0.8685714285714285,0.35405629956571316,0.3853334096696866,0.06857142857142857,0.05747126436781609,0.07428571428571429,0.005714285714285714,0.9428571428571428,0.022988505747126436,0.0,0.03300558297133659,0.1319663491490371,11.683908045977011,0.0,0.0,0.15,0.08045977011494253,0,0.1554535802319333,0.14338343675363394,2.4650866460862426,0.8337477621301497,0.0,1.0,0.0,0.1,0.0,0.21744403620689656,0.3,0.08,0.05747126436781609,0.5,0.25
68,0.8881327446825001,0.5170581083213395,0.8865062631203933,0.5166708519127622,0.2462483218342688,0.5122684446402922,0.8559077809798271,0.35435512665332125,0.38715432865235905,0.069164265129683,0.8485714285714285,0.35405629956571316,0.3853334096696866,0.06857142857142857,0.08069164265129683,0.09714285714285714,0.008571428571428572,0.96,0.023054755043227664,0.002857142857142857,0.0331523628124547,0.1319663491490371,11.394812680115274,0.0,0.0,0.15,0.08069164265129683,0,0.15544617304148792,0.14266651956986576,2.5129277703073747,0.8170728068875467,0.0,1.0,0.0,0.1,0.0,0.2197108253448276,0.3,0.08,0.08333333333333333,0.5,0.25
69,0.8928544049168309,0.5171297445846804,0.8911874519812867,0.5167641806265395,0.2462483218342688,0.5118391338308145,0.8760806916426513,0.3544127635409293,0.3871975563180651,0.069164265129683,0.8685714285714285,0.35411344242285603,0.3853762668125437,0.06857142857142857,0.07204610951008646,0.08285714285714285,0.008571428571428572,1.0057142857142858,0.023054755043227664,0.0,0.0331523628124547,0.1319663491490371,11.394812680115274,0.0,0.0,0.15,0.08069164265129683,0,0.15552608503342333,0.14202452023180137,2.5455263577583698,0.8023654963635712,0.0,0.9655172413793104,0.0,0.1,0.0,0.2197108253448276,0.3,0.08,0.07204610951008646,0.5,0.25
70,0.8981480114649515,0.5175334486685771,0.8964356847589946,0.5171555700893129,0.2462483218342688,0.5115687847151293,0.8731988472622478,0.35481622175418576,0.3874569223123015,0.069164265129683,0.8657142857142858,0.35451344242285604,0.3856334096696867,0.06857142857142857,0.08357348703170028,0.09714285714285714,0.008571428571428572,1.0571428571428572,0.025936599423631124,0.0,0.033132217619300526,0.1319663491490371,11.394812680115274,0.0,0.0,0.15,0.08069164265129683,0,0.15757574175111339,0.14195318697201642,2.591758687746059,0.8007313507497957,0.0,0.9705882352941176,0.0,0.1,0.0,0.22140564690564446,0.3,0.08,0.08357348703170028,0.5,0.25
71,0.902637248739469,0.5174588352873521,0.9008864428568737,0.5170451303626221,0.2462483218342688,0.5113659630160136,0.8674351585014409,0.35493149552940195,0.3874569223123015,0.069164265129683,0.86,0.3546277281371417,0.3856334096696867,0.06857142857142857,0.09221902017291066,0.11142857142857143,0.008571428571428572,1.1085714285714285,0.025936599423631124,0.0,0.033072027188751074,0.1319663491490371,11.394812680115274,0.0,0.0,0.15,0.08069164265129683,0,0.15790138064953382,0.14124342103715634,2.6513520854197097,0.7847167237347998,0.0,1.0,0.0,0.1,0.0,0.22648251191176091,0.3,0.08,0.09221902017291066,0.5,0.25
72,0.9062782582589735,0.5181206205631422,0.9044962437233538,0.5176986842073067,0.2462483218342688,0.511041167603971,0.8414985590778098,0.3555078644054826,0.3878027436379498,0.069164265129683,0.8342857142857143,0.35519915670857033,0.38597626681254377,0.06857142857142857,0.09221902017291066,0.12,0.008571428571428572,1.1457142857142857,0.025936599423631124,0.0,0.03303003174485274,0.1319663491490371,11.394812680115274,0.0,0.0,0.15,0.08069164265129683,0,0.15834384775474128,0.14053720393197056,2.7183250437113156,0.7690223892601038,0.0,0.9761904761904762,0.0,0.1,0.0,0.23003631741604244,0.3,0.08,0.09221902017291066,0.5,0.25
73,0.9103005391669053,0.518457221852187,0.9083121090652714,0.5176680361050544,0.2462483218342688,0.5109466525377626,0.8641618497109826,0.35663404878896954,0.38861378111722905,0.06936416184971098,0.8542857142857143,0.3554848709942846,0.3861905525268295,0.06857142857142857,0.06647398843930635,0.08285714285714285,0.011428571428571429,1.1914285714285715,0.028901734104046242,0.002857142857142857,0.03308355474467675,0.1319663491490371,11.294797687861271,0.0,0.0,0.15,0.08092485549132948,0,0.15935155708739615,0.1399754082247953,2.7468156856942323,0.7567494197008923,0.0,0.9655172413793104,0.0,0.1,0.0,0.23003631741604244,0.3,0.08,0.069164265129683,0.5,0.25
74,0.9130410823534442,0.518308363041688,0.9110213317582497,0.517443058650545,0.2462483218342688,0.5109084790939461,0.8497109826589595,0.3568652626618019,0.38878719152185337,0.06936416184971098,0.84,0.355713442422856,0.3863619810982581,0.06857142857142857,0.07803468208092486,0.08857142857142856,0.011428571428571429,1.2485714285714287,0.031791907514450865,0.0,0.03312068742521841,0.1319663491490371,11.294797687861271,0.0,0.0,0.15,0.08092485549132948,0,0.15921108501624487,0.1392755311836713,2.7804508005517756,0.7416144313068743,0.0,1.0,0.0,0.1,0.0,0.23003631741604244,0.3,0.08,0.07803468208092486,0.5,0.25
75,0.9166155291483832,0.5186259034123313,0.9145549277326752,0.5178346157321607,0.2462483218342688,0.5108491967938161,0.8439306358381503,0.35738549387567475,0.3890906597299459,0.06936416184971098,0.8342857142857143,0.3562277281371417,0.386661981098258,0.06857142857142857,0.10982658959537572,0.13142857142857142,0.011428571428571429,1.3114285714285714,0.031791907514450865,0.0,0.03299756904016664,0.1319663491490371,11.294797687861271,0.0,0.0,0.15,0.08092485549132948,0,0.1610700324483065,0.13990478651427668,2.8562703559693117,0.7551799862534223,0.0,0.9565217391304348,0.0,0.1,0.0,0.2404473875091488,0.3,0.08,0.10982658959537572,0.5,0.25
76,0.9198786847982853,0.5189104229789444,0.9159760893550115,0.5184694514473076,0.2462483218342688,0.5108263917437113,0.8633720930232558,0.35776402164239074,0.38982529142181127,0.07267441860465117,0.8485714285714285,0.3565684862905459,0.3869191239554009,0.07142857142857142,0.0872093023255814,0.11714285714285715,0.017142857142857144,1.3685714285714285,0.02616279069767442,0.005714285714285714,0.0330850921589279,0.1319663491490371,11.19767441860465,0.0,0.0,0.15,0.08139534883720931,0,0.16135011085749354,0.1392052625817053,2.916287805992783,0.7400763865283538,0.0,1.0,0.0,0.1,0.0,0.23863109033154867,0.3,0.08,0.08959537572254335,0.5,0.25
77,0.9225394024166422,0.5182152920938313,0.9185911946713395,0.5178318159032753,0.2462483218342688,0.5109035174970169,0.8168604651162791,0.3584616960609953,0.3902613379334392,0.07267441860465117,0.8028571428571428,0.35725420057626023,0.3873476953839723,0.07142857142857142,0.09593023255813954,0.10571428571428572,0.017142857142857144,1.4085714285714286,0.029069767441860465,0.0,0.03309612080013015,0.1319663491490371,11.19767441860465,0.0,0.0,0.15,0.08139534883720931,0,0.16328578887463466,0.140333875823222,2.9636763355872127,0.7650903006520862,0.0,0.9459459459459459,0.0,0.1,0.0,0.24021036788324687,0.3,0.08,0.09593023255813954,0.5,0.25
78,0.9249838308922156,0.5182897345650289,0.9211827595701861,0.5180509147689827,0.2462483218342688,0.510867835893359,0.8513119533527697,0.3589318193552299,0.390424988678825,0.0728862973760933,0.8342857142857143,0.3575970577191173,0.38760483824111525,0.07142857142857142,0.08746355685131195,0.11428571428571428,0.02,1.46,0.029154518950437316,0.002857142857142857,0.03316256697062654,0.13196634914903713,10.886297376093294,0.0,0.0,0.15,0.08163265306122448,0,0.16406850278740429,0.13963220644410587,3.018688523161183,0.7497884946390444,0.0,1.0,0.0,0.1,0.0,0.23869958309966816,0.3,0.08,0.09011627906976744,0.5,0.25
79,0.9283653000607854,0.5175697158038951,0.9244965993553845,0.5172736032126493,0.2462483218342688,0.5109027471654013,0.8454810495626822,0.3591650555068334,0.39044893017830806,0.0728862973760933,0.8285714285714286,0.3578256291476888,0.38762830091060857,0.07142857142857142,0.09037900874635568,0.10571428571428572,0.02,1.5085714285714287,0.029154518950437316,0.0,0.03331863107022412,0.13196634914903713,10.886297376093294,0.0,0.0,0.15,0.07871720116618076,0,0.16396201741632443,0.13893404541188534,3.064029038412244,0.7347927247462634,0.0,1.0,0.0,0.1,0.0,0.23776026210562776,0.3,0.08,0.09037900874635568,0.5,0.25
80,0.930521612621288,0.5170076545324617,0.9266097856646773,0.5167809377412214,0.2462483218342688,0.5109211637692523,0.8542274052478134,0.3591760245549629,0.39044893017830806,0.0728862973760933,0.8371428571428572,0.35783637881485564,0.38762830091060857,0.07142857142857142,0.10787172011661808,0.11714285714285715,0.02,1.54,0.029154518950437316,0.0,0.03323208200535668,0.13196634914903713,10.886297376093294,0.0,0.0,0.15,0.07871720116618076,0,0.16379877947209998,0.13823937518482593,3.1198913147868566,0.7200968702513383,0.0,1.0,0.0,0.1,0.0,0.24497445752641756,0.3,0.08,0.10787172011661808,0.5,0.25
81,0.933792934612254,0.5173572921124427,0.9298156812158241,0.5170036071154761,0.2462483218342688,0.5109434265846892,0.8542274052478134,0.35935095166866543,0.39058012551358506,0.0728862973760933,0.8371428571428572,0.35800780738628424,0.38775687233918,0.07142857142857142,0.08746355685131195,0.10571428571428572,0.02,1.5771428571428572,0.03498542274052478,0.0,0.03328161677013399,0.13196634914903713,10.886297376093294,0.0,0.0,0.15,0.07871720116618076,0,0.16446507128902518,0.14209621195017821,3.163207774205405,0.8040329918878318,0.0,0.972972972972973,0.0,0.1,0.0,0.24084072085158267,0.3,0.08,0.08746355685131195,0.5,0.25
82,0.9356376295594068,0.5174667880465733,0.9316234822640338,0.5170591359684751,0.2462483218342688,0.5108165574650334,0.8600583090379009,0.35970080589607073,0.39084251618413896,0.0728862973760933,0.8428571428571429,0.3583506645291413,0.38801401519632284,0.07142857142857142,0.11078717201166181,0.11142857142857143,0.02,1.6371428571428572,0.037900874635568516,0.0,0.033190641115576555,0.13196634914903713,10.886297376093294,0.0,0.0,0.15,0.07871720116618076,0,0.1655281745040086,0.1428826773150215,3.211372190149868,0.8221780795234651,0.0,0.9743589743589743,0.0,0.1,0.0,0.2484427320013557,0.3,0.08,0.11078717201166181,0.5,0.25
83,0.9384254403184865,0.5174859931186526,0.9343555368079319,0.5171665875835438,0.2462483218342688,0.5107659165160292,0.8192419825072886,0.35970080589607073,0.39084251618413896,0.0728862973760933,0.8028571428571428,0.3583506645291413,0.38801401519632284,0.07142857142857142,0.08163265306122448,0.10285714285714286,0.02,1.677142857142857,0.04081632653061224,0.0,0.033283970678219116,0.13196634914903713,10.886297376093294,0.0,0.0,0.15,0.07871720116618076,0,0.16547039434220287,0.1421682639284464,3.250001889204014,0.8057345179329959,0.0,1.0,0.0,0.1,0.0,0.2406446062785,0.3,0.08,0.08163265306122448,0.5,0.25
84,0.9420535492117221,0.5162447171559333,0.9368542631756271,0.5158215769786852,0.2462483218342688,0.5106566737889414,0.8070175438596491,0.3599907610788495,0.3909805936687252,0.07309941520467836,0.7885714285714286,0.3583506645291413,0.38801401519632284,0.07142857142857142,0.07309941520467836,0.08285714285714285,0.022857142857142857,1.7228571428571429,0.038011695906432746,0.002857142857142857,0.033342642615428124,0.13196634914903713,10.760233918128655,0.0,0.0,0.15,0.07894736842105263,0,0.165213330938349,0.14145742260880415,3.267858994277077,0.7896198275743359,0.0,1.0,0.0,0.1,0.0,0.2406446062785,0.3,0.08,0.07580174927113703,0.5,0.25
85,0.943339664505251,0.5162898679527256,0.9381109815481611,0.5158583611746672,0.2462483218342688,0.5105533248386219,0.868421052631579,0.3602246792075045,0.3911560322652164,0.07309941520467836,0.8485714285714285,0.3585792359577128,0.38818544376775144,0.07142857142857142,0.08187134502923976,0.09714285714285714,0.022857142857142857,1.7657142857142858,0.038011695906432746,0.0,0.033454372472024395,0.13196634914903713,10.760233918128655,0.0,0.0,0.15,0.07894736842105263,0,0.1660144078550858,0.14439580339205904,3.299644671534392,0.8579235363236084,0.0,0.9411764705882353,0.0,0.1,0.0,0.2352933296581079,0.3,0.08,0.08187134502923976,0.5,0.25
86,0.944906347873589,0.5162023882477751,0.9396418550109369,0.5157742599617312,0.2462483218342688,0.5104489569100563,0.8654970760233918,0.3604585973361594,0.39133147086170766,0.07309941520467836,0.8457142857142858,0.3588078073862842,0.38835687233918,0.07142857142857142,0.10818713450292397,0.12,0.022857142857142857,1.8285714285714285,0.038011695906432746,0.0,0.03335641624696679,0.13196634914903713,10.760233918128655,0.0,0.0,0.15,0.07894736842105263,0,0.16643903446704839,0.14367382437509874,3.353651778103704,0.8407650655971363,0.0,1.0,0.0,0.1,0.0,0.24338954128699133,0.3,0.08,0.10818713450292397,0.5,0.25
87,0.9481593889074749,0.5160738600953148,0.9426198234156359,0.5157926920706076,0.2462483218342688,0.5103972933304479,0.8823529411764706,0.36195875792341975,0.3929994934962095,0.07352941176470588,0.8571428571428571,0.3590363788148557,0.3885283009106086,0.07142857142857142,0.061764705882352944,0.08857142857142856,0.02857142857142857,1.88,0.03235294117647059,0.005714285714285714,0.03337386991651912,0.1319663491490371,10.711764705882352,0.0,0.0,0.15,0.07941176470588235,0,0.16626326858042742,0.14295545525322323,3.375150171113059,0.8239497642851935,0.0,1.0,0.0,0.1,0.0,0.24338954128699133,0.3,0.08,0.06432748538011696,0.5,0.25
88,0.9496976547986599,0.5159285620306671,0.9441141388527872,0.5157951245409683,0.2462483218342688,0.5102999591217962,0.8176470588235294,0.3623116990998903,0.39326419937856255,0.07352941176470588,0.7942857142857143,0.35937923595771276,0.38878544376775137,0.07142857142857142,0.1,0.11714285714285715,0.02857142857142857,1.9542857142857142,0.03529411764705882,0.0,0.033384927485933746,0.1319663491490371,10.711764705882352,0.0,0.0,0.15,0.07941176470588235,0,0.16700252438038243,0.1422406779769571,3.424790024833654,0.8074707689994897,0.0,1.0,0.0,0.1,0.0,0.24537267890089393,0.3,0.08,0.1,0.5,0.25
89,0.9509292919489873,0.5157579536299042,0.9448937185083766,0.5158631068737504,0.2462483218342688,0.5103196548465203,0.8466076696165191,0.3616528409539235,0.3935122625019263,0.07374631268436578,0.82,0.3596078073862842,0.38895687233917997,0.07142857142857142,0.11504424778761062,0.12571428571428572,0.03142857142857143,1.9857142857142858,0.032448377581120944,0.002857142857142857,0.03331925714566338,0.1319663491490371,10.424778761061948,0.0,0.0,0.15,0.07964601769911504,0,0.1673093703299091,0.14152947458707232,3.482008510051267,0.7913213536194998,0.0,1.0,0.0,0.1,0.0,0.25470205170121396,0.3,0.08,0.11764705882352941,0.5,0.25
90,0.9519489653313645,0.5157528876938621,0.9458813450130219,0.5158815091361504,0.2462483218342688,0.510334151855561,0.8702064896755162,0.3620068232548085,0.3936893403274058,0.07374631268436578,0.8428571428571429,0.3599506645291414,0.38912838486157303,0.07142857142857142,0.09734513274336283,0.11142857142857143,0.03142857142857143,2.0628571428571427,0.032448377581120944,0.0,0.03347919682095355,0.1319663491490371,10.424778761061948,0.0,0.0,0.15,0.07964601769911504,0,0.16804353847825954,0.14345548873190211,3.5237969112788137,0.8354492881753136,0.0,0.9743589743589743,0.0,0.1,0.0,0.2520967459253631,0.3,0.08,0.09734513274336283,0.5,0.25
91,0.952547093393572,0.5154463874446241,0.9464606747647031,0.5155086510823002,0.2462483218342688,0.5102974059051402,0.8289085545722714,0.36220947511034246,0.3937335881150164,0.07374631268436578,0.8028571428571428,0.36014694732635855,0.3891712420044301,0.07142857142857142,0.10619469026548672,0.12285714285714286,0.03142857142857143,2.1,0.035398230088495575,0.0,0.033452964940435884,0.1319663491490371,10.424778761061948,0.0,0.0,0.15,0.07964601769911504,0,0.16831689292872537,0.14360068071861457,3.576178115910379,0.8389572240035359,0.0,0.9767441860465116,0.0,0.1,0.0,0.2542553327672232,0.3,0.08,0.10619469026548672,0.5,0.25
92,0.9543783221531122,0.5152540774392476,0.9482343506203723,0.5153349463799847,0.2462483218342688,0.5101130125703283,0.8584070796460177,0.36220947511034246,0.3937335881150164,0.07374631268436578,0.8314285714285714,0.36014694732635855,0.3891712420044301,0.07142857142857142,0.0943952802359882,0.10285714285714286,0.03142857142857143,2.137142857142857,0.035398230088495575,0.0,0.033499156963407016,0.1319663491490371,10.424778761061948,0.0,0.0,0.15,0.07964601769911504,0,0.16824474416052818,0.1428826773150215,3.6075116964493152,0.8221780795234651,0.0,1.0,0.0,0.1,0.0,0.2504566090432509,0.3,0.08,0.0943952802359882,0.5,0.25
93,0.9556707603776267,0.5148427964342198,0.9494861693578303,0.5148603184213046,0.2462483218342688,0.5099207939004843,0.8289085545722714,0.36244546331093247,0.39391057926545886,0.07374631268436578,0.8028571428571428,0.36037551875492996,0.3893426705758587,0.07142857142857142,0.09734513274336283,0.11428571428571428,0.03142857142857143,2.177142857142857,0.04129793510324484,0.0,0.03351538137115985,0.1319663491490371,10.424778761061948,0.0,0.0,0.15,0.07964601769911504,0,0.16894580615401128,0.1421682639284464,3.649647176806043,0.8057345179329959,0.0,1.0,0.0,0.1,0.0,0.24912493606478892,0.3,0.08,0.09734513274336283,0.5,0.25
94,0.9559140302064825,0.514949656929824,0.9497217935634935,0.5151081730854047,0.2462483218342688,0.5096668366620655,0.8495575221238938,0.36244546331093247,0.39391057926545886,0.07374631268436578,0.8228571428571428,0.36037551875492996,0.3893426705758587,0.07142857142857142,0.10914454277286136,0.12,0.03142857142857143,2.217142857142857,0.04129793510324484,0.0,0.03346210876372266,0.1319663491490371,10.424778761061948,0.0,0.0,0.15,0.07964601769911504,0,0.16878636283752693,0.14145742260880415,3.6966542332699217,0.7896198275743359,0.0,1.0,0.0,0.1,0.0,0.25350249949313985,0.3,0.08,0.10914454277286136,0.5,0.25
95,0.9567855945434627,0.5152895585369042,0.9505659658784542,0.5154671532420468,0.2462483218342688,0.5095495640930277,0.8348082595870207,0.3625634574112275,0.3939990748406802,0.07374631268436578,0.8085714285714286,0.3604898044692157,0.38942838486157305,0.07142857142857142,0.10029498525073746,0.12,0.03142857142857143,2.277142857142857,0.04129793510324484,0.0,0.03347326580779975,0.1319663491490371,10.424778761061948,0.0,0.0,0.15,0.07964601769911504,0,0.16911271959119642,0.14266651956986576,3.7427211486045233,0.8170728068875467,0.0,0.9761904761904762,0.0,0.1,0.0,0.25258449300802976,0.3,0.08,0.10029498525073746,0.5,0.25
96,0.9581503150840527,0.5153287854501141,0.9517266699078917,0.5155083199237188,0.2462483218342688,0.5095952368921963,0.8313609467455622,0.36323920263967957,0.3933550910416671,0.07396449704142012,0.8028571428571428,0.36054694732635856,0.3894712420044302,0.07142857142857142,0.10059171597633136,0.12,0.03428571428571429,2.317142857142857,0.038461538461538464,0.002857142857142857,0.03358785581036691,0.1319663491490371,10.224852071005918,0.0,0.0,0.15,0.07988165680473373,0,0.1694938774039726,0.142386599571643,3.7878667256324325,0.8110502953548185,0.0,0.9761904761904762,0.0,0.1,0.0,0.2532693220967713,0.3,0.08,0.10324483775811209,0.5,0.25
97,0.9593707906191942,0.5152167922885291,0.9529053005675427,0.5154139451433809,0.2462483218342688,0.5095705413381402,0.8254437869822485,0.3634758890302121,0.3935326058345665,0.07692307692307693,0.7971428571428572,0.36077551875492997,0.3896426705758587,0.07428571428571429,0.12130177514792899,0.12857142857142856,0.03428571428571429,2.3771428571428572,0.038461538461538464,0.0,0.033511892431758464,0.1319663491490371,10.224852071005918,0.0,0.0,0.15,0.07988165680473373,0,0.1702174080169527,0.1416746665737848,3.8406808196912126,0.7948292894477221,0.0,1.0,0.0,0.1,0.0,0.2618743242843079,0.3,0.08,0.12130177514792899,0.5,0.25
98,0.9587049479229357,0.5157958115208996,0.9522622867637272,0.516090504991307,0.2462483218342688,0.509444982655689,0.8076923076923077,0.3634758890302121,0.3935326058345665,0.07692307692307693,0.78,0.36077551875492997,0.3896426705758587,0.07428571428571429,0.09467455621301775,0.10285714285714286,0.03428571428571429,2.422857142857143,0.04437869822485207,0.0,0.033584707644041326,0.1319663491490371,10.224852071005918,0.0,0.0,0.15,0.07988165680473373,0,0.16999432169115367,0.14096629324091586,3.8667243461545313,0.7789327036587677,0.0,1.0,0.0,0.1,0.0,0.2559155772948735,0.3,0.08,0.09467455621301775,0.5,0.25
99,0.9584418704928264,0.5160950842575491,0.9520082291312217,0.5162828886433596,0.2462483218342688,0.5095504317148508,0.7781065088757396,0.3637717470183778,0.39375449932569073,0.07692307692307693,0.7514285714285714,0.36106123304064425,0.3898569562901445,0.07428571428571429,0.10059171597633136,0.10571428571428572,0.03428571428571429,2.4885714285714284,0.04437869822485207,0.0,0.03360319217713995,0.1319663491490371,10.224852071005918,0.0,0.0,0.15,0.07988165680473373,0,0.17047398496502494,0.14026146177471127,3.895104144945726,0.7633540495855923,0.0,1.0,0.0,0.1,0.0,0.2544071762957606,0.3,0.08,0.10059171597633136,0.5,0.25
100,0.9590458526979844,0.5165038219890374,0.95259150337506,0.5166278267599924,0.2462483218342688,0.5097218534843925,0.8431952662721893,0.36389009021364405,0.39384325672214043,0.07692307692307693,0.8142857142857143,0.36117551875493,0.3899426705758588,0.07428571428571429,0.09171597633136094,0.11142857142857143,0.03428571428571429,2.5485714285714285,0.05029585798816568,0.0,0.033665229781606035,0.1319663491490371,10.224852071005918,0.0,0.0,0.15,0.07988165680473373,0,0.17090575932591415,0.14367382437509874,3.9286306334753838,0.8360901428612993,0.0,0.9743589743589743,0.0,0.1,0.0,0.24935721275614484,0.3,0.08,0.09171597633136094,0.5,0.25
101,0.9597725859119187,0.5162020873065971,0.9532933200216596,0.5163477205424114,0.2462483218342688,0.5097357754467495,0.8313609467455622,0.3640084334089103,0.39393201411859013,0.07692307692307693,0.8028571428571428,0.3612898044692157,0.3900283848615731,0.07428571428571429,0.08284023668639054,0.09428571428571429,0.03428571428571429,2.6,0.05029585798816568,0.0,0.03375816222095638,0.1319663491490371,10.224852071005918,0.0,0.0,0.15,0.07988165680473373,0,0.17073623052928455,0.14295545525322323,3.9443437350915898,0.8193683400040733,0.0,1.0,0.0,0.1,0.0,0.24182815543817712,0.3,0.08,0.08284023668639054,0.5,0.25
102,0.9601905322815553,0.5150872063389476,0.9538082021996693,0.5155200243987269,0.2462483218342688,0.509664308967135,0.8516320474777448,0.3649009691696379,0.3933313078554789,0.08011869436201781,0.82,0.3614040901835014,0.39011409914728734,0.07714285714285714,0.08605341246290801,0.08857142857142856,0.037142857142857144,2.665714285714286,0.04747774480712166,0.002857142857142857,0.0337944742318266,0.1319663491490371,10.207715133531158,0.0,0.0,0.15,0.08011869436201781,0,0.1709675493766381,0.1422406779769571,3.954028288961186,0.8029809732039919,0.0,1.0,0.0,0.1,0.0,0.23922053720909084,0.3,0.08,0.08875739644970414,0.5,0.25
103,0.9619766153787837,0.514351479494488,0.9555279450675721,0.5149396898966656,0.2462483218342688,0.5097692874688676,0.8427299703264095,0.36531639943670013,0.39364288055577557,0.08011869436201781,0.8114285714285714,0.36180409018350146,0.39041409914728736,0.07714285714285714,0.09198813056379822,0.10285714285714286,0.037142857142857144,2.7342857142857144,0.04747774480712166,0.0,0.03381453269390904,0.1319663491490371,10.207715133531158,0.0,0.0,0.15,0.08011869436201781,0,0.17259714162975495,0.14534528731928048,3.9778048660391057,0.8524992736482793,0.0,0.9444444444444444,0.0,0.1,0.0,0.23884903480007277,0.3,0.08,0.09198813056379822,0.5,0.25
104,0.9620526508587556,0.5137542797456502,0.9556011563725736,0.5142311483495414,0.2462483218342688,0.5099930213098274,0.8041543026706232,0.3655537881607358,0.3938209220988023,0.08011869436201781,0.7742857142857142,0.36203266161207287,0.3905855277187159,0.07714285714285714,0.10979228486646884,0.12571428571428572,0.037142857142857144,2.82,0.04747774480712166,0.0,0.0337185340035069,0.1319663491490371,10.207715133531158,0.0,0.0,0.15,0.08011869436201781,0,0.17341858592160617,0.149325,4.023963054432609,0.8533987872407847,0.0,0.9772727272727273,0.0,0.1,0.0,0.24660085254996192,0.3,0.08,0.10979228486646884,0.5,0.25
105,0.9624441014568783,0.5138365416516083,0.9558245136699619,0.5138639799631046,0.2462483218342688,0.5101153703330522,0.8452380952380952,0.3665836278009217,0.39463303457058724,0.08035714285714286,0.8114285714285714,0.36254694732635856,0.3909712420044301,0.07714285714285714,0.11904761904761904,0.13714285714285715,0.04,2.888571428571429,0.050595238095238096,0.002857142857142857,0.03362419677596943,0.1319663491490371,10.071428571428571,0.0,0.0,0.15,0.08035714285714286,0,0.1739539314568732,0.149325,4.080626650486814,0.8696604302095058,0.0,0.9791666666666666,0.0,0.1,0.0,0.2573683712656855,0.3,0.08,0.12166172106824925,0.5,0.25
106,0.962635804290565,0.5128633050478817,0.9551756362483833,0.5129155400019021,0.2462483218342688,0.5102889632285975,0.826865671641791,0.3675205739169207,0.3942392077172453,0.08358208955223881,0.7914285714285715,0.36277551875492997,0.39114267057585866,0.08,0.09850746268656717,0.10857142857142857,0.04285714285714286,2.934285714285714,0.04776119402985075,0.002857142857142857,0.033745774598518866,0.13196634914903713,10.047761194029851,0.0,0.0,0.15,0.08059701492537313,0,0.1740268760853031,0.148578375,4.107585546048506,0.8522672216053157,0.0,0.9736842105263158,0.0,0.1,0.0,0.25435428845740843,0.3,0.08,0.09821428571428571,0.5,0.25
107,0.9654408065283291,0.5129185411152757,0.9579521307171172,0.5129151935621705,0.2462483218342688,0.5104650064713816,0.8528528528528528,0.3697529443133371,0.39464584205686787,0.08408408408408409,0.8114285714285714,0.36317551875493,0.39132958429102765,0.08,0.1021021021021021,0.13142857142857142,0.04857142857142857,3.02,0.042042042042042045,0.005714285714285714,0.03383827773412978,0.1319663491490371,9.903903903903904,0.0,0.0,0.15,0.08108108108108109,0,0.17452631598701945,0.1569900386751797,4.156862406556107,0.8352218771732093,0.0,0.9782608695652174,0.0,0.1,0.0,0.25640621087540977,0.3,0.08,0.10746268656716418,0.5,0.25
108,0.9636064373173846,0.5137055512604746,0.9562068594392755,0.513483228612409,0.2462483218342688,0.5106333605285207,0.8378378378378378,0.3701376808846793,0.39478086541499924,0.08408408408408409,0.7971428571428572,0.36354156812137844,0.39145804937176404,0.08,0.09309309309309309,0.11142857142857143,0.04857142857142857,3.08,0.04504504504504504,0.0,0.0339196362845024,0.1319663491490371,9.903903903903904,0.0,0.0,0.15,0.08108108108108109,0,0.17442439940708435,0.15620508848180378,4.185153729853556,0.8185174396297452,0.0,1.0,0.0,0.1,0.0,0.25137623950467874,0.3,0.08,0.09309309309309309,0.5,0.25
109,0.96482290431506,0.5131111348514942,0.957364240897064,0.5129715018927821,0.2462483218342688,0.5107678532080535,0.8198198198198198,0.37043798118497956,0.3950060906402245,0.08408408408408409,0.78,0.3638272824070927,0.39167233508604976,0.08,0.10510510510510511,0.11428571428571428,0.04857142857142857,3.145714285714286,0.04504504504504504,0.0,0.0338960822501133,0.1319663491490371,9.903903903903904,0.0,0.0,0.15,0.08108108108108109,0,0.17555057024935247,0.15955008136086932,4.215736369542199,0.9877154465650122,0.0,0.925,0.0,0.1,0.0,0.2532606649505724,0.3,0.08,0.10510510510510511,0.5,0.25
110,0.965482860620022,0.5127043895146273,0.9580013468741237,0.5127049113436325,0.2462483218342688,0.5108448199505223,0.8102409638554217,0.371121617865475,0.39511716784202516,0.08433734939759036,0.7685714285714286,0.3639415681213784,0.39167233508604976,0.08,0.0963855421686747,0.1,0.05142857142857143,3.2057142857142855,0.04216867469879518,0.002857142857142857,0.034005454042919304,0.1319663491490371,9.765060240963855,0.0,0.0,0.15,0.08132530120481928,0,0.17550010382667716,0.15875233095406496,4.231421642151356,0.9679611376337119,0.0,1.0,0.0,0.1,0.0,0.25052570870864393,0.3,0.08,0.0960960960960961,0.5,0.25
111,0.9667361918851656,0.5127463066481501,0.9588435206857538,0.5125236100286747,0.2462483218342688,0.5108739627695316,0.8217522658610272,0.3719236621310458,0.395677654859386,0.08459214501510574,0.7771428571428571,0.36405585383566413,0.391758049371764,0.08,0.1027190332326284,0.12,0.054285714285714284,3.2657142857142856,0.03927492447129909,0.002857142857142857,0.03407599434460606,0.1319663491490371,9.570996978851964,0.0,0.0,0.15,0.08157099697885196,0,0.17622203187897234,0.24366862282303434,4.266793209308328,1.0025857526694608,0.0,0.9523809523809523,0.0,0.1,0.0,0.25280775513219533,0.3,0.08,0.10542168674698796,0.5,0.25
112,0.9681654728709812,0.5119664078192099,0.9601952121323396,0.511505905460974,0.2462483218342688,0.5109492743482777,0.8066465256797583,0.37216535397394607,0.39585892374156123,0.08459214501510574,0.7628571428571429,0.3642844252642356,0.3919294779431926,0.08,0.09063444108761329,0.10857142857142857,0.054285714285714284,3.3285714285714287,0.03927492447129909,0.0,0.034219409967612094,0.1319663491490371,9.570996978851964,0.0,0.0,0.15,0.07854984894259819,0,0.1768546367195775,0.24245027970891916,4.2900287736935905,1.000534037616071,0.0,0.9473684210526315,0.0,0.1,0.0,0.24775092708196272,0.3,0.08,0.09063444108761329,0.5,0.25
113,0.9684531341119806,0.5118501822098274,0.960467257477399,0.5115373060525688,0.2462483218342688,0.5108863674436042,0.8036253776435045,0.3724539202638807,0.39599487540319267,0.08459214501510574,0.76,0.36455732652700235,0.392058049371764,0.08,0.10574018126888217,0.12857142857142856,0.054285714285714284,3.3714285714285714,0.0513595166163142,0.0,0.03417793242164212,0.1319663491490371,9.570996978851964,0.0,0.0,0.15,0.07854984894259819,0,0.1778533720895689,0.24704245666560123,4.332799626791147,0.996972070363398,0.0,0.9555555555555556,0.0,0.1,0.0,0.25100873052837086,0.3,0.08,0.10574018126888217,0.5,0.25
114,0.9683195421627747,0.5129226629051535,0.9603409176625786,0.5126231901760644,0.2462483218342688,0.5107100371392612,0.8398791540785498,0.3724539202638807,0.39599487540319267,0.08459214501510574,0.7942857142857143,0.36455732652700235,0.392058049371764,0.08,0.08459214501510574,0.1,0.054285714285714284,3.4257142857142857,0.04833836858006042,0.0,0.03427019880473621,0.1319663491490371,9.570996978851964,0.0,0.0,0.15,0.07854984894259819,0,0.17756396237197816,0.24580724438227325,4.3461436342553235,0.97703262895613,0.0,1.0,0.0,0.1,0.0,0.2437725766266572,0.3,0.08,0.08459214501510574,0.5,0.25
115,0.9667380866721034,0.513497958877528,0.9588453126128295,0.5131116060358846,0.2462483218342688,0.5106064216928196,0.8036253776435045,0.3724539202638807,0.39599487540319267,0.08459214501510574,0.76,0.36455732652700235,0.392058049371764,0.08,0.11782477341389729,0.12857142857142856,0.054285714285714284,3.4857142857142858,0.054380664652567974,0.0,0.034144227022385294,0.1319663491490371,9.570996978851964,0.0,0.0,0.15,0.07854984894259819,0,0.17756099970297543,0.24457820816036188,4.387792190141647,0.9574919763770073,0.0,1.0,0.0,0.1,0.0,0.2536619516749138,0.3,0.08,0.11782477341389729,0.5,0.25
116,0.9690722240445304,0.5143921913081432,0.959722731301785,0.5135221096266759,0.2462483218342688,0.5106211489627387,0.8212121212121212,0.373155830466256,0.39677223806259904,0.08484848484848485,0.7742857142857142,0.3647287550984309,0.3921866208003354,0.08,0.07878787878787878,0.09428571428571429,0.05714285714285714,3.5314285714285716,0.051515151515151514,0.002857142857142857,0.03445451131047953,0.1319663491490371,9.212121212121213,0.0,0.0,0.15,0.07878787878787878,0,0.17801605184731767,0.24335531711956007,4.394322060624527,0.9699208062015788,0.0,0.9393939393939394,0.0,0.1,0.0,0.24427031481292305,0.3,0.08,0.08157099697885196,0.5,0.25
117,0.9693758830303492,0.5130132758221725,0.9600090383455571,0.512213100981242,0.2462483218342688,0.510746197576318,0.8393939393939394,0.37333764864807417,0.3969086016989627,0.08484848484848485,0.7914285714285715,0.3649001836698595,0.3923151922289069,0.08,0.11212121212121212,0.13428571428571429,0.05714285714285714,3.6085714285714285,0.051515151515151514,0.0,0.03440342931635998,0.1319663491490371,9.212121212121213,0.0,0.0,0.15,0.07878787878787878,0,0.17892440087379538,0.24213854053396228,4.440721333697751,0.9820000000000004,0.0,0.9574468085106383,0.0,0.1,0.0,0.25144376582359157,0.3,0.08,0.11212121212121212,0.5,0.25
118,0.9710133074598232,0.5137284591616278,0.9612221127547365,0.5129860633119261,0.2462483218342688,0.510706644598953,0.8085106382978723,0.37322563016547927,0.39662461859786136,0.0851063829787234,0.76,0.3649001836698595,0.3923151922289069,0.08,0.09422492401215805,0.10285714285714286,0.06,3.6742857142857144,0.0486322188449848,0.002857142857142857,0.03453382401007188,0.1319663491490371,9.03951367781155,0.0,0.0,0.15,0.0790273556231003,0,0.17862963601228357,0.24092784783129248,4.454764049880938,0.9623600000000003,0.0,1.0,0.0,0.1,0.0,0.24964699971287774,0.3,0.08,0.09696969696969697,0.5,0.25
119,0.9719628299336336,0.513222813202254,0.9621146638801182,0.5125661822149894,0.2462483218342688,0.5105908498719485,0.851063829787234,0.37322563016547927,0.39662461859786136,0.0851063829787234,0.8,0.3649001836698595,0.3923151922289069,0.08,0.10638297872340426,0.11428571428571428,0.06,3.74,0.0547112462006079,0.0,0.034543362700743346,0.1319663491490371,9.03951367781155,0.0,0.0,0.15,0.0790273556231003,0,0.17842148854650788,0.239723208592136,4.479954483169035,0.9431128000000003,0.0,1.0,0.0,0.1,0.0,0.25262524022454635,0.3,0.08,0.10638297872340426,0.5,0.25
120,0.9719310817737441,0.5133889994636285,0.96215013604097,0.5129809539878855,0.2462483218342688,0.5103663812089028,0.8262195121951219,0.3742546531112951,0.3964878892656842,0.08536585365853659,0.7742857142857142,0.3649001836698595,0.3923151922289069,0.08,0.11585365853658537,0.13142857142857142,0.06285714285714286,3.8114285714285714,0.051829268292682924,0.002857142857142857,0.03455273122420378,0.1319663491490371,8.926829268292684,0.0,0.0,0.15,0.07926829268292683,0,0.1784419561002039,0.23852459254917532,4.521783964934225,0.9242505440000003,0.0,1.0,0.0,0.1,0.0,0.26018113320277514,0.3,0.08,0.11854103343465046,0.5,0.25
121,0.9723332605024774,0.513668777665058,0.9625270349638971,0.513229608928728,0.2462483218342688,0.5103264476558982,0.8475609756097561,0.3742546531112951,0.3964878892656842,0.08536585365853659,0.7942857142857143,0.3649001836698595,0.3923151922289069,0.08,0.09451219512195122,0.1,0.06285714285714286,3.8714285714285714,0.051829268292682924,0.0,0.03462954216792491,0.1319663491490371,8.926829268292684,0.0,0.0,0.15,0.07926829268292683,0,0.17826303488756004,0.23733196958642944,4.5313482856355405,0.9057655331200002,0.0,1.0,0.0,0.1,0.0,0.25465728104682067,0.3,0.08,0.09451219512195122,0.5,0.25
122,0.9727575393061649,0.5133178332793323,0.9628764054416964,0.5128315757988618,0.2462483218342688,0.5102554686627835,0.8318042813455657,0.37512894922522544,0.3975585942372134,0.0856269113149847,0.7771428571428571,0.3650144693841452,0.3924009065146212,0.08,0.10703363914373089,0.10571428571428572,0.06571428571428571,3.9257142857142857,0.05198776758409786,0.002857142857142857,0.034609905851909914,0.13196634914903713,8.91131498470948,0.0,0.0,0.15,0.07951070336391437,0,0.17845686257026505,0.23987300158702268,4.546435605637115,0.9039207967999998,0.0,0.972972972972973,0.0,0.1,0.0,0.2562783894157013,0.3,0.08,0.10670731707317073,0.5,0.25
123,0.9725929583218431,0.512949923621328,0.9625706895399608,0.5124537470351724,0.2462483218342688,0.5101196745799371,0.8128834355828221,0.37573856781871,0.39819438219011155,0.08588957055214724,0.7571428571428571,0.3650144693841452,0.3924009065146212,0.08,0.10736196319018405,0.10857142857142857,0.06857142857142857,3.9914285714285715,0.05214723926380368,0.002857142857142857,0.03466652455692932,0.13196634914903713,8.822085889570552,0.0,0.0,0.15,0.07975460122699386,0,0.178449007543128,0.23867363657908755,4.564078322095801,0.8858423808639998,0.0,1.0,0.0,0.1,0.0,0.2575600102056698,0.3,0.08,0.10703363914373089,0.5,0.25
124,0.9738441634995788,0.5124412940758339,0.9637360977912233,0.511920286034622,0.2462483218342688,0.509995973513953,0.8190184049079755,0.37573856781871,0.39819438219011155,0.08588957055214724,0.7628571428571429,0.3650144693841452,0.3924009065146212,0.08,0.10736196319018405,0.11714285714285715,0.06857142857142857,4.037142857142857,0.05521472392638037,0.0,0.03467745702791043,0.13196634914903713,8.822085889570552,0.0,0.0,0.15,0.07975460122699386,0,0.17818490536255524,0.2374802683961921,4.5899396127967425,0.8681255332467198,0.0,1.0,0.0,0.1,0.0,0.2586048905795517,0.3,0.08,0.10736196319018405,0.5,0.25
125,0.9752190494970524,0.5119785024015525,0.9650167058917271,0.5113163337094198,0.2462483218342688,0.5099293196119785,0.8251533742331288,0.37573856781871,0.39819438219011155,0.08588957055214724,0.7685714285714286,0.3650144693841452,0.3924009065146212,0.08,0.0950920245398773,0.10285714285714286,0.06857142857142857,4.111428571428571,0.05521472392638037,0.0,0.03474037529079699,0.13196634914903713,8.822085889570552,0.0,0.0,0.15,0.07975460122699386,0,0.17789326655002818,0.23629286705421115,4.60099796339795,0.8507630225817854,0.0,1.0,0.0,0.1,0.0,0.253814834448631,0.3,0.08,0.0950920245398773,0.5,0.25
126,0.9745220031584024,0.5131176054487488,0.9641080611302215,0.5121904340453214,0.2462483218342688,0.5098568546219727,0.8369230769230769,0.37567907929832955,0.39851141618543734,0.08615384615384615,0.7771428571428571,0.3650144693841452,0.3924009065146212,0.08,0.08615384615384615,0.09428571428571429,0.07142857142857142,4.171428571428572,0.052307692307692305,0.002857142857142857,0.03487444178496195,0.13196634914903713,8.756923076923076,0.0,0.0,0.15,0.08,0,0.17780251521727802,0.23511140271894007,4.603263718415705,0.8337477621301497,0.0,1.0,0.0,0.1,0.0,0.24632069086250796,0.3,0.08,0.08588957055214724,0.5,0.25
127,0.9744661908434213,0.513155684948057,0.9640562354091675,0.512091168113943,0.2462483218342688,0.5097614912476383,0.8369230769230769,0.37567907929832955,0.39851141618543734,0.08615384615384615,0.7771428571428571,0.3650144693841452,0.3924009065146212,0.08,0.09538461538461539,0.1,0.07142857142857142,4.2457142857142856,0.05846153846153846,0.0,0.034929469948988726,0.13196634914903713,8.756923076923076,0.0,0.0,0.15,0.08,0,0.1776547919233345,0.23393584570534537,4.611198444047392,0.8170728068875467,0.0,1.0,0.0,0.1,0.0,0.2453475605268325,0.3,0.08,0.09538461538461539,0.5,0.25
128,0.9760296941249443,0.5125630644308408,0.9652827904209931,0.5116905624658686,0.2462483218342688,0.5096787415763971,0.8518518518518519,0.37625874586720515,0.3986360330665374,0.08641975308641975,0.7885714285714286,0.3650144693841452,0.3924009065146212,0.08,0.09567901234567901,0.1,0.07428571428571429,4.3028571428571425,0.05864197530864197,0.002857142857142857,0.0349352285477353,0.1319663491490371,8.722222222222221,0.0,0.0,0.15,0.08024691358024691,0,0.1774799472494321,0.23276616647681864,4.6189744751664445,0.8007313507497957,0.0,1.0,0.0,0.1,0.0,0.24605098467647504,0.3,0.08,0.09846153846153846,0.5,0.25
129,0.977367017862773,0.5116506639478287,0.9665207701097261,0.5108457461872378,0.2462483218342688,0.5094220212989146,0.8395061728395061,0.37625874586720515,0.3986360330665374,0.08641975308641975,0.7771428571428571,0.3650144693841452,0.3924009065146212,0.08,0.10493827160493827,0.11428571428571428,0.07428571428571429,4.362857142857143,0.05864197530864197,0.0,0.03491402626232654,0.1319663491490371,8.722222222222221,0.0,0.0,0.15,0.08024691358024691,0,0.1773334124953457,0.23160233564443455,4.640880699948829,0.7847167237347998,0.0,1.0,0.0,0.1,0.0,0.24945791149575475,0.3,0.08,0.10493827160493827,0.5,0.25
130,0.9770940837783647,0.512533886301159,0.9660029243600456,0.5114438219894342,0.2462483218342688,0.5091111781835364,0.8198757763975155,0.3755081807138712,0.3983402017836756,0.08695652173913043,0.7542857142857143,0.3650144693841452,0.3924009065146212,0.08,0.08385093167701864,0.09142857142857143,0.08,4.411428571428571,0.049689440993788817,0.005714285714285714,0.03510041756373973,0.1319663491490371,8.602484472049689,0.0,0.0,0.15,0.08074534161490683,0,0.17721632042929752,0.2304443239662124,4.639491657378424,0.7690223892601038,0.0,1.0,0.0,0.1,0.0,0.2435094269359172,0.3,0.08,0.08641975308641975,0.5,0.25
131,0.9754491983438022,0.5125303760763011,0.9644951056444063,0.5112969984206595,0.2462483218342688,0.5088446629522904,0.8691588785046729,0.37521418707386567,0.399158381916314,0.08722741433021806,0.7971428571428572,0.3650144693841452,0.3924009065146212,0.08,0.1308411214953271,0.12571428571428572,0.08285714285714285,4.482857142857143,0.04984423676012461,0.002857142857142857,0.0348673558007874,0.1319663491490371,8.59190031152648,0.0,0.0,0.15,0.08099688473520249,0,0.1772143845378653,0.22929210234638134,4.67241610994514,0.7536419414749017,0.0,1.0,0.0,0.1,0.0,0.2605497665570054,0.3,0.08,0.13354037267080746,0.5,0.25
132,0.9750582763009782,0.511516455838806,0.9641365742851308,0.5103297080970897,0.2462483218342688,0.5085891695782936,0.8691588785046729,0.37521418707386567,0.399158381916314,0.08722741433021806,0.7971428571428572,0.3650144693841452,0.3924009065146212,0.08,0.11214953271028037,0.12285714285714286,0.08285714285714285,4.562857142857143,0.0529595015576324,0.0,0.03485773336459222,0.1319663491490371,8.59190031152648,0.0,0.0,0.15,0.08099688473520249,0,0.17709874261517597,0.22814564183464942,4.70182493060338,0.7385691026454037,0.0,1.0,0.0,0.1,0.0,0.2628521263095299,0.3,0.08,0.11214953271028037,0.5,0.25
133,0.975563211833635,0.5109166855148114,0.9645996723022248,0.509701224970798,0.2462483218342688,0.5083920241897577,0.8722741433021807,0.37521418707386567,0.399158381916314,0.08722741433021806,0.8,0.3650144693841452,0.3924009065146212,0.08,0.102803738317757,0.10857142857142857,0.08285714285714285,4.611428571428571,0.059190031152647975,0.0,0.03489213883655577,0.1319663491490371,8.59190031152648,0.0,0.0,0.15,0.08099688473520249,0,0.17695553461638583,0.22700491362547617,4.716359860562742,0.7237977205924956,0.0,1.0,0.0,0.1,0.0,0.2602581706596616,0.3,0.08,0.102803738317757,0.5,0.25
134,0.9764008335446921,0.5108313167429274,0.9642709921892275,0.5094338094096258,0.2462483218342688,0.5083686841947949,0.8463949843260188,0.3750177492346741,0.40047594942954384,0.0877742946708464,0.7714285714285715,0.3651287550984309,0.3924866208003354,0.08,0.10031347962382445,0.10571428571428572,0.08857142857142856,4.68,0.05329153605015674,0.005714285714285714,0.03495101468703115,0.13196634914903713,8.426332288401253,0.0,0.0,0.15,0.08150470219435736,0,0.17712732837187534,0.2258698890573488,4.727746949065772,0.7315868833586269,0.0,0.972972972972973,0.0,0.1,0.0,0.2584424017047538,0.3,0.08,0.102803738317757,0.5,0.25
135,0.9769555541163067,0.5108676274904523,0.9648076192800757,0.509676567647602,0.2462483218342688,0.5081768717628763,0.8553459119496856,0.3752007027472267,0.40029493551454914,0.0880503144654088,0.7771428571428571,0.36524304081271664,0.3925723350860497,0.08,0.10062893081761007,0.11714285714285715,0.09142857142857143,4.742857142857143,0.050314465408805034,0.002857142857142857,0.03511986899779582,0.13196634914903713,8.383647798742139,0.0,0.0,0.15,0.08176100628930817,0,0.17744083458715879,0.23474171323296233,4.750334867227314,0.9135739605017525,0.0,0.975609756097561,0.0,0.1,0.0,0.2574614053312587,0.3,0.08,0.10344827586206896,0.5,0.25
136,0.9767125163898351,0.5106267207282837,0.9645868021457391,0.5092772890387622,0.2462483218342688,0.5079685210816591,0.8616352201257862,0.37551516815603175,0.4005307845711529,0.0880503144654088,0.7828571428571428,0.36552875509843097,0.39278662080033544,0.08,0.10377358490566038,0.11142857142857143,0.09142857142857143,4.808571428571429,0.05345911949685535,0.0,0.03515158702839338,0.13196634914903713,8.383647798742139,0.0,0.0,0.15,0.07861635220125786,0,0.17843863112850872,0.24328764703970548,4.766756741311339,0.9637364081958558,0.0,0.9230769230769231,0.0,0.1,0.0,0.2569210969394283,0.3,0.08,0.10377358490566038,0.5,0.25
137,0.9768661957302829,0.5100601075016142,0.9647264308036316,0.5086947736573092,0.2462483218342688,0.5077851130849552,0.839622641509434,0.37551516815603175,0.4005307845711529,0.0880503144654088,0.7628571428571429,0.36552875509843097,0.39278662080033544,0.08,0.10377358490566038,0.1,0.09142857142857143,4.868571428571428,0.050314465408805034,0.0,0.03515668326223833,0.13196634914903713,8.383647798742139,0.0,0.0,0.15,0.07861635220125786,0,0.17831629796929474,0.24207120880450694,4.771421606485112,0.9444616800319386,0.0,1.0,0.0,0.1,0.0,0.25654288106514694,0.3,0.08,0.10377358490566038,0.5,0.25
138,0.9770787153124697,0.5102931013577898,0.9649195200240183,0.5092461521245243,0.2462483218342688,0.5077198887214365,0.8584905660377359,0.3755780612377928,0.40059177651840877,0.0880503144654088,0.78,0.3655858979555738,0.392842036340985,0.08,0.07232704402515723,0.08,0.09142857142857143,4.934285714285714,0.05660377358490566,0.0,0.03515668326223833,0.13196634914903713,8.383647798742139,0.0,0.0,0.15,0.07861635220125786,0,0.17848100290801971,0.2408608527604844,4.75599317435541,0.9550099218816934,0.0,0.9642857142857143,0.0,0.1,0.0,0.25654288106514694,0.3,0.08,0.07232704402515723,0.5,0.25
139,0.9775174067828561,0.5108684444614777,0.9648399273097984,0.5096528949090198,0.2462483218342688,0.5076059192620139,0.8512658227848101,0.37631930706972994,0.40097207043471045,0.08860759493670886,0.7685714285714286,0.3655858979555738,0.392842036340985,0.08,0.0981012658227848,0.1,0.09714285714285714,4.994285714285715,0.05063291139240506,0.005714285714285714,0.035144368390534024,0.1319663491490371,8.39240506329114,0.0,0.0,0.15,0.07911392405063292,0,0.17850074431847962,0.239656548496682,4.760873310868302,0.9359097234440594,0.0,1.0,0.0,0.1,0.0,0.25627812995315,0.3,0.08,0.10377358490566038,0.5,0.25
140,0.9788693772790614,0.5107059764774321,0.9642527989053414,0.5092552087647081,0.2462483218342688,0.5075755751323358,0.8375796178343949,0.37566716723853233,0.4016437475933455,0.08917197452229299,0.7514285714285714,0.3655858979555738,0.392842036340985,0.08,0.05732484076433121,0.054285714285714284,0.10285714285714286,5.042857142857143,0.044585987261146494,0.005714285714285714,0.03538563692619106,0.1319663491490371,8.127388535031848,0.0,0.0,0.15,0.07961783439490445,0,0.17803652631117295,0.2384582657541986,4.71994155893665,0.9171915289751783,0.0,1.0,0.0,0.1,0.0,0.25627812995315,0.3,0.08,0.060126582278481014,0.5,0.25
141,0.9802708614032307,0.5106317979694344,0.9653409967292202,0.5091374166742659,0.2462483218342688,0.5074064745396314,0.8594249201277955,0.37548631731171694,0.40116002143318985,0.08945686900958466,0.7685714285714286,0.3655858979555738,0.392842036340985,0.08,0.09904153354632587,0.09428571428571429,0.10571428571428572,5.094285714285714,0.04153354632587859,0.002857142857142857,0.03546837539176041,0.1319663491490371,7.980830670926518,0.0,0.0,0.15,0.07987220447284345,0,0.1780586308224742,0.2372659744254276,4.719828442043632,0.8988476983956747,0.0,1.0,0.0,0.1,0.0,0.25525456357867,0.3,0.08,0.10191082802547771,0.5,0.25
142,0.9803931826110227,0.5103718272900105,0.9654503868379029,0.5090559800512433,0.2462483218342688,0.5072325201345513,0.8402555910543131,0.37561411283887347,0.4012558680785573,0.08945686900958466,0.7514285714285714,0.36570018366985946,0.3929277506266993,0.08,0.08626198083067092,0.08857142857142856,0.10571428571428572,5.148571428571429,0.04472843450479233,0.0,0.03566877294312796,0.1319663491490371,7.980830670926518,0.0,0.0,0.15,0.07987220447284345,0,0.17819633838264753,0.23607964455330044,4.714003301774186,0.8858423808639998,0.0,0.967741935483871,0.0,0.1,0.0,0.2474960858788709,0.3,0.08,0.08626198083067092,0.5,0.25
143,0.9809501895546945,0.5106621967139373,0.9656485500249679,0.5091939990480403,0.2462483218342688,0.507063570917299,0.8621794871794872,0.37661363666693787,0.4022952733018801,0.08974358974358974,0.7685714285714286,0.36570018366985946,0.3929277506266993,0.08,0.08653846153846154,0.09428571428571429,0.10857142857142857,5.1971428571428575,0.041666666666666664,0.002857142857142857,0.035734647170336094,0.1319663491490371,7.961538461538462,0.0,0.0,0.15,0.08012820512820513,0,0.17793307240502002,0.23489924633053394,4.714008950024418,0.8681255332467198,0.0,1.0,0.0,0.1,0.0,0.24350285116952272,0.3,0.08,0.08945686900958466,0.5,0.25
144,0.9796528980087195,0.5103669509083653,0.9644921072754131,0.5089102954478965,0.2462483218342688,0.5069016600444042,0.8557692307692307,0.37661363666693787,0.4022952733018801,0.08974358974358974,0.7628571428571429,0.36570018366985946,0.3929277506266993,0.08,0.09935897435897435,0.09428571428571429,0.10857142857142857,5.26,0.041666666666666664,0.0,0.035727479752258054,0.1319663491490371,7.961538461538462,0.0,0.0,0.15,0.08012820512820513,0,0.17778469490013776,0.23372475009888127,4.714014485309644,0.8507630225817854,0.0,1.0,0.0,0.1,0.0,0.24516353428020438,0.3,0.08,0.09935897435897435,0.5,0.25
145,0.9776955754838358,0.510634315755608,0.9627766814877191,0.5090948483002041,0.2462483218342688,0.5067230852420809,0.8070739549839229,0.3769864813647277,0.40234770700249795,0.09003215434083602,0.7171428571428572,0.36570018366985946,0.3929277506266993,0.08,0.09967845659163987,0.09142857142857143,0.11142857142857143,5.291428571428572,0.03858520900321544,0.002857142857142857,0.03569893177667265,0.13196634914903713,7.948553054662379,0.0,0.0,0.15,0.08038585209003216,0,0.17766378851145842,0.23255612634838685,4.711162767032022,0.8337477621301497,0.0,1.0,0.0,0.1,0.0,0.2477683201499892,0.3,0.08,0.10256410256410256,0.5,0.25
146,0.9784344991210332,0.5104811678683401,0.9634332679196288,0.5091807124426534,0.2462483218342688,0.5066132369325625,0.8167202572347267,0.3769864813647277,0.40234770700249795,0.09003215434083602,0.7257142857142858,0.36570018366985946,0.3929277506266993,0.08,0.08681672025723473,0.07714285714285714,0.11142857142857143,5.348571428571429,0.04180064308681672,0.0,0.03577702695393488,0.13196634914903713,7.948553054662379,0.0,0.0,0.15,0.08038585209003216,0,0.1774886131403297,0.2313933457166449,4.694082368834239,0.8170728068875467,0.0,1.0,0.0,0.1,0.0,0.24250534822074807,0.3,0.08,0.08681672025723473,0.5,0.25
147,0.9783870608159496,0.5103086617587309,0.9633911155971117,0.5091942381939988,0.2462483218342688,0.5066115846429994,0.8456591639871383,0.3769864813647277,0.40234770700249795,0.09003215434083602,0.7514285714285714,0.36570018366985946,0.3929277506266993,0.08,0.0932475884244373,0.08857142857142856,0.11142857142857143,5.385714285714286,0.04180064308681672,0.0,0.035788051741520784,0.13196634914903713,7.948553054662379,0.0,0.0,0.15,0.08038585209003216,0,0.17722860149962805,0.2302363789880617,4.688772150028982,0.8007313507497957,0.0,1.0,0.0,0.1,0.0,0.24171515854552042,0.3,0.08,0.0932475884244373,0.5,0.25
148,0.978629662249491,0.5107126786116631,0.9636066842994871,0.509330362116649,0.2462483218342688,0.5066851513666053,0.8327974276527331,0.3770507900463997,0.40239593851375194,0.09003215434083602,0.74,0.3657573265270024,0.3929706077695565,0.08,0.1157556270096463,0.11142857142857143,0.11142857142857143,5.451428571428571,0.04823151125401929,0.0,0.03565488410765514,0.13196634914903713,7.948553054662379,0.0,0.0,0.15,0.08038585209003216,0,0.17765460563141566,0.2290851970931214,4.706425278456974,0.7847167237347998,0.0,0.9743589743589743,0.0,0.1,0.0,0.25129064313620514,0.3,0.08,0.1157556270096463,0.5,0.25
149,0.9794064159275526,0.5105742815846519,0.9642968854248503,0.5091858777615029,0.2462483218342688,0.5067966063712385,0.8263665594855305,0.37717940740974376,0.40249240153626,0.09003215434083602,0.7342857142857143,0.36587161224128806,0.3930563220552707,0.08,0.09967845659163987,0.09428571428571429,0.11142857142857143,5.491428571428571,0.04501607717041801,0.0,0.0356622565756319,0.13196634914903713,7.948553054662379,0.0,0.0,0.15,0.08038585209003216,0,0.177878483299705,0.23215944387070436,4.706582487173549,0.7721932854090737,0.0,0.9696969696969697,0.0,0.1,0.0,0.25075875566158157,0.3,0.08,0.09967845659163987,0.5,0.25
150,0.9788837300343793,0.510402392470574,0.9638324416740593,0.508945500558085,0.2462483218342688,0.5068696850611122,0.8167202572347267,0.3772437160914157,0.40254063304751403,0.09003215434083602,0.7257142857142858,0.3659287550984309,0.3930991791981279,0.08,0.09967845659163987,0.10571428571428572,0.11142857142857143,5.542857142857143,0.05787781350482315,0.0,0.035667419020019124,0.13196634914903713,7.948553054662379,0.0,0.0,0.15,0.08038585209003216,0,0.17801709088320644,0.23397841750327714,4.718165123144363,0.7913213536194998,0.0,0.972972972972973,0.0,0.1,0.0,0.25038643442934505,0.3,0.08,0.09967845659163987,0.5,0.25
151,0.9795072170141353,0.5097511701083396,0.9643864543903565,0.508544143279117,0.2462483218342688,0.5069272469722588,0.8070739549839229,0.3772437160914157,0.40254063304751403,0.09003215434083602,0.7171428571428572,0.3659287550984309,0.3930991791981279,0.08,0.10289389067524116,0.09428571428571429,0.11142857142857143,5.597142857142857,0.05787781350482315,0.0,0.035650974940146136,0.13196634914903713,7.948553054662379,0.0,0.0,0.15,0.08038585209003216,0,0.17789672185736183,0.23280852541576075,4.718087534967189,0.7754949265471098,0.0,1.0,0.0,0.1,0.0,0.25157275490440006,0.3,0.08,0.10289389067524116,0.5,0.25
152,0.9795598064548898,0.5101583243353349,0.9637887874901412,0.5087513508828627,0.2462483218342688,0.5069527326540681,0.86084142394822,0.37703034427454024,0.4033994907852875,0.09061488673139159,0.76,0.3659287550984309,0.3930991791981279,0.08,0.08737864077669903,0.08571428571428572,0.11714285714285715,5.677142857142857,0.05501618122977346,0.005714285714285714,0.035721827606361445,0.13196634914903713,7.915857605177994,0.0,0.0,0.15,0.08090614886731391,0,0.1775210953909322,0.23164448278868197,4.709440069982132,0.7599850280161676,0.0,1.0,0.0,0.1,0.0,0.24806234322407683,0.3,0.08,0.0932475884244373,0.5,0.25
153,0.9797541907847473,0.509656324174095,0.9639604010842157,0.5083913208813443,0.2462483218342688,0.5071155731587011,0.8511326860841424,0.37703034427454024,0.4033994907852875,0.09061488673139159,0.7514285714285714,0.3659287550984309,0.3930991791981279,0.08,0.10032362459546926,0.09142857142857143,0.11714285714285715,5.714285714285714,0.04854368932038835,0.0,0.03572242318204252,0.13196634914903713,7.915857605177994,0.0,0.0,0.15,0.08090614886731391,0,0.17743191991397753,0.23048626037473854,4.70667984001106,0.7447853274558442,0.0,1.0,0.0,0.1,0.0,0.24878927132481496,0.3,0.08,0.10032362459546926,0.5,0.25
154,0.9800718531382758,0.5097500037448366,0.9641342558744495,0.5085129612148422,0.2462483218342688,0.5073113074165929,0.8371335504885994,0.3772318796669303,0.4032025997389289,0.09120521172638436,0.7342857142857143,0.3659287550984309,0.3930991791981279,0.08,0.06514657980456026,0.06,0.12285714285714286,5.765714285714286,0.04560260586319218,0.005714285714285714,0.03578360167912939,0.1319663491490371,7.739413680781759,0.0,0.0,0.15,0.08143322475570032,0,0.17717048954665754,0.22933382907286484,4.67254624321084,0.7298896209067274,0.0,1.0,0.0,0.1,0.0,0.24878927132481496,0.3,0.08,0.06796116504854369,0.5,0.25
155,0.9807709049827813,0.510332270474494,0.9647474242066301,0.5090235831332434,0.2462483218342688,0.5074203895306836,0.8110749185667753,0.37736217282653944,0.40330031960863577,0.09446254071661238,0.7114285714285714,0.36604304081271666,0.39318489348384217,0.08285714285714285,0.1237785016286645,0.12285714285714286,0.12285714285714286,5.814285714285714,0.04560260586319218,0.0,0.03573701560961482,0.1319663491490371,7.739413680781759,0.0,0.0,0.15,0.08143322475570032,0,0.17770880554572718,0.22818715992750052,4.701952461203765,0.769287881553066,0.0,0.9767441860465116,0.0,0.1,0.0,0.2598528156602695,0.3,0.08,0.1237785016286645,0.5,0.25
156,0.9807341175067288,0.5104234387390193,0.9647151563347782,0.508814536633255,0.2462483218342688,0.5075561438860009,0.8469055374592834,0.3774924659861485,0.4033980394783426,0.09446254071661238,0.7428571428571429,0.36615732652700234,0.39327060776955647,0.08285714285714285,0.09446254071661238,0.09142857142857143,0.12285714285714286,5.877142857142857,0.04560260586319218,0.0,0.035813034215603744,0.1319663491490371,7.739413680781759,0.0,0.0,0.15,0.08143322475570032,0,0.17793297794657,0.22704622412786302,4.69934198340826,0.7595775783277008,0.0,0.96875,0.0,0.1,0.0,0.2544051142846642,0.3,0.08,0.09446254071661238,0.5,0.25
157,0.9816924904317454,0.5102556607221123,0.9653432824728697,0.5088056253249986,0.2462483218342688,0.5076791429599146,0.8333333333333334,0.376733208308675,0.4040556392502579,0.09477124183006536,0.7285714285714285,0.3662144693841452,0.39331346491241365,0.08285714285714285,0.0915032679738562,0.08857142857142856,0.12571428571428572,5.92,0.0457516339869281,0.002857142857142857,0.035916464031092714,0.1319663491490371,7.57516339869281,0.0,0.0,0.15,0.08169934640522876,0,0.17812831305683713,0.2259109930072237,4.693926572311525,0.7881953264391086,0.0,0.967741935483871,0.0,0.1,0.0,0.2505917233217405,0.3,0.08,0.09446254071661238,0.5,0.25
158,0.9826139562796156,0.5097571624910004,0.9661489068998647,0.5083977707177222,0.2462483218342688,0.507696077206455,0.826797385620915,0.377060005694296,0.4043007372894735,0.09477124183006536,0.7228571428571429,0.3665001836698595,0.39352775062669937,0.08285714285714285,0.08823529411764706,0.09142857142857143,0.12571428571428572,5.962857142857143,0.0457516339869281,0.0,0.03609308598329762,0.1319663491490371,7.57516339869281,0.0,0.0,0.15,0.0784313725490196,0,0.17929324506298153,0.2247814380421876,4.691476612293865,0.9623600000000003,0.0,0.90625,0.0,0.1,0.0,0.24512008867815954,0.3,0.08,0.08823529411764706,0.5,0.25
159,0.9824485774984657,0.5100556239438223,0.9658344071383119,0.5091395612430067,0.2462483218342688,0.5075276136968878,0.8229508196721311,0.37742372136644026,0.4052966703051794,0.09508196721311475,0.7171428571428572,0.3665001836698595,0.39352775062669937,0.08285714285714285,0.08852459016393442,0.08,0.12857142857142856,6.005714285714285,0.04590163934426229,0.002857142857142857,0.03616667001138361,0.1319663491490371,7.521311475409836,0.0,0.0,0.15,0.07868852459016394,0,0.17905306526623804,0.22365753085197665,4.677647080047988,0.9431128000000003,0.0,1.0,0.0,0.1,0.0,0.24128994442765286,0.3,0.08,0.08823529411764706,0.5,0.25
160,0.9813563589823219,0.5101960808396275,0.9648826167171007,0.5091289506812984,0.2462483218342688,0.507440519898375,0.8360655737704918,0.37742372136644026,0.4052966703051794,0.09508196721311475,0.7285714285714285,0.3665001836698595,0.39352775062669937,0.08285714285714285,0.07540983606557378,0.06857142857142857,0.12857142857142856,6.045714285714285,0.04590163934426229,0.0,0.036212957406685294,0.1319663491490371,7.521311475409836,0.0,0.0,0.15,0.07868852459016394,0,0.17875722851133544,0.22253924319771673,4.652665567018457,0.9242505440000003,0.0,1.0,0.0,0.1,0.0,0.24128994442765286,0.3,0.08,0.07540983606557378,0.5,0.25
161,0.9815869784882131,0.5109442875158278,0.965083585143663,0.5098584155734653,0.2462483218342688,0.507341217833388,0.8491803278688524,0.37742372136644026,0.4052966703051794,0.09508196721311475,0.74,0.3665001836698595,0.39352775062669937,0.08285714285714285,0.08196721311475409,0.07428571428571429,0.12857142857142856,6.1,0.04590163934426229,0.0,0.03629170169698194,0.1319663491490371,7.521311475409836,0.0,0.0,0.15,0.07868852459016394,0,0.17854844236877876,0.22142654698172815,4.633897969963802,0.9057655331200002,0.0,1.0,0.0,0.1,0.0,0.23578820700099634,0.3,0.08,0.08196721311475409,0.5,0.25
162,0.9816028216427947,0.5115379799795151,0.9650973913212272,0.5106635829252243,0.2462483218342688,0.5072642891794893,0.8524590163934426,0.37742372136644026,0.4052966703051794,0.09508196721311475,0.7428571428571429,0.3665001836698595,0.39352775062669937,0.08285714285714285,0.08524590163934426,0.08,0.12857142857142856,6.12,0.04918032786885246,0.0,0.03632580361249978,0.1319663491490371,7.521311475409836,0.0,0.0,0.15,0.07868852459016394,0,0.1782811536037378,0.22031941424681953,4.621220010564526,0.8876502224576002,0.0,1.0,0.0,0.1,0.0,0.23341240063840235,0.3,0.08,0.08524590163934426,0.5,0.25
163,0.9794437899684348,0.5117519123178954,0.9632613186456491,0.5108659231560073,0.2462483218342688,0.5072697666437043,0.868421052631579,0.37779374512654657,0.4056997894205306,0.09539473684210527,0.7542857142857143,0.3665001836698595,0.39352775062669937,0.08285714285714285,0.08552631578947369,0.08571428571428572,0.13142857142857142,6.145714285714286,0.046052631578947366,0.002857142857142857,0.03638527642430416,0.13196634914903713,7.421052631578948,0.0,0.0,0.15,0.07894736842105263,0,0.1781311778357191,0.21921781717558542,4.6145098960675215,0.8698972180084482,0.0,1.0,0.0,0.1,0.0,0.23322474602065213,0.3,0.08,0.08852459016393442,0.5,0.25
164,0.9792588041621783,0.5112006014032363,0.9631046010746025,0.510565621242641,0.2462483218342688,0.5073368570783816,0.8382838283828383,0.3777723957922931,0.40601779506646835,0.09570957095709572,0.7257142857142858,0.3665001836698595,0.39352775062669937,0.08285714285714285,0.07260726072607261,0.06857142857142857,0.13428571428571429,6.185714285714286,0.0429042904290429,0.002857142857142857,0.036429946712212724,0.13196634914903713,7.419141914191419,0.0,0.0,0.15,0.07920792079207921,0,0.17786823694654053,0.2181217280897075,4.590791126717599,0.8524992736482793,0.0,1.0,0.0,0.1,0.0,0.23322474602065213,0.3,0.08,0.0756578947368421,0.5,0.25
165,0.9799331729677817,0.5117285236807849,0.9636884117834532,0.5109931346268245,0.2462483218342688,0.5074366599941196,0.8481848184818482,0.37790440899361327,0.40611680496745844,0.09570957095709572,0.7342857142857143,0.36661446938414527,0.3936134649124137,0.08285714285714285,0.066006600660066,0.07142857142857142,0.13428571428571429,6.225714285714286,0.0429042904290429,0.0,0.036439007387661766,0.13196634914903713,7.419141914191419,0.0,0.0,0.15,0.07920792079207921,0,0.17820335206218219,0.21703111944925896,4.570403875611818,0.8517760361632135,0.0,0.96,0.0,0.1,0.0,0.23322474602065213,0.3,0.08,0.066006600660066,0.5,0.25
166,0.9791009618352035,0.511479062089049,0.9629227590847582,0.5107057201025378,0.2462483218342688,0.5076437541043721,0.847682119205298,0.3790782157424658,0.40726843891145237,0.09602649006622517,0.7314285714285714,0.3667287550984309,0.3936991791981279,0.08285714285714285,0.07947019867549669,0.08,0.13714285714285715,6.26,0.039735099337748346,0.002857142857142857,0.03651422898458001,0.13196634914903713,7.3841059602649,0.0,0.0,0.15,0.07947019867549669,0,0.17839648030187127,0.21594596385201267,4.558995798099582,0.8437464785807763,0.0,0.9642857142857143,0.0,0.1,0.0,0.23038603508574362,0.3,0.08,0.08250825082508251,0.5,0.25
167,0.9796140569984471,0.5119645033524013,0.9633302551165431,0.5109564761016778,0.2462483218342688,0.5079645363367922,0.867109634551495,0.379507754500768,0.40717995883354213,0.09634551495016612,0.7457142857142857,0.3667858979555738,0.3937420363409851,0.08285714285714285,0.09302325581395349,0.09714285714285714,0.14,6.3,0.03986710963455149,0.002857142857142857,0.03656754398520366,0.13196634914903713,7.289036544850498,0.0,0.0,0.15,0.07973421926910298,0,0.17878849932893334,0.22142134394108723,4.564958739280447,0.8281242237744653,0.0,0.9705882352941176,0.0,0.1,0.0,0.23299207886465628,0.3,0.08,0.09271523178807947,0.5,0.25
168,0.9811464556344155,0.5124054948876704,0.9640625497327957,0.5114751356685906,0.2462483218342688,0.5083047869406507,0.84,0.3803049984691109,0.4079856896441873,0.09666666666666666,0.72,0.36690018366985955,0.3938277506266994,0.08285714285714285,0.09333333333333334,0.08571428571428572,0.14285714285714285,6.32,0.03666666666666667,0.002857142857142857,0.03655383631343439,0.13196634914903713,7.266666666666667,0.0,0.0,0.15,0.08,0,0.17886569968943156,0.225286116524605,4.5593738502091234,0.8170728068875467,0.0,0.9666666666666667,0.0,0.1,0.0,0.23495492032153847,0.3,0.08,0.09302325581395349,0.5,0.25
169,0.9793435178263601,0.5120372125852746,0.9625171744687483,0.5107803230216507,0.2462483218342688,0.5085501530049605,0.8666666666666667,0.3803049984691109,0.4079856896441873,0.09666666666666666,0.7428571428571429,0.36690018366985955,0.3938277506266994,0.08285714285714285,0.056666666666666664,0.04857142857142857,0.14285714285714285,6.345714285714286,0.03666666666666667,0.0,0.03657393707718272,0.13196634914903713,7.266666666666667,0.0,0.0,0.15,0.08,0,0.1783710854766987,0.224159685941982,4.51675780177637,0.8007313507497957,0.0,1.0,0.0,0.1,0.0,0.23495492032153847,0.3,0.08,0.056666666666666664,0.5,0.25
170,0.9796179794152632,0.512455301026281,0.9626459589409195,0.5112696698631799,0.2462483218342688,0.5087467943923718,0.8561872909698997,0.3813591327476326,0.4092295499016868,0.09698996655518395,0.7314285714285714,0.3670144693841452,0.3939134649124136,0.08285714285714285,0.0802675585284281,0.07714285714285714,0.1457142857142857,6.38,0.033444816053511704,0.002857142857142857,0.03669255714979561,0.1319663491490371,7.2040133779264215,0.0,0.0,0.15,0.0802675585284281,0,0.1786772336171723,0.22794981764791394,4.5035655028837,0.7847167237347998,0.0,0.9629629629629629,0.0,0.1,0.0,0.23196844422507693,0.3,0.08,0.08333333333333333,0.5,0.25
171,0.9806580375951991,0.512092722116033,0.9635344657860644,0.5108566582662011,0.2462483218342688,0.5090069644724987,0.8896321070234113,0.3813591327476326,0.4092295499016868,0.09698996655518395,0.76,0.3670144693841452,0.3939134649124136,0.08285714285714285,0.07692307692307693,0.06857142857142857,0.1457142857142857,6.402857142857143,0.033444816053511704,0.0,0.03669693540421097,0.1319663491490371,7.2040133779264215,0.0,0.0,0.15,0.0802675585284281,0,0.17855256887051504,0.22681006855967437,4.482065621397455,0.7690223892601038,0.0,1.0,0.0,0.1,0.0,0.23196844422507693,0.3,0.08,0.07692307692307693,0.5,0.25
172,0.9805573888668228,0.5121102549291437,0.9634484830152515,0.5109536143949439,0.2462483218342688,0.5092835187640793,0.862876254180602,0.3813591327476326,0.4092295499016868,0.09698996655518395,0.7371428571428571,0.3670144693841452,0.3939134649124136,0.08285714285714285,0.10033444816053512,0.09142857142857143,0.1457142857142857,6.405714285714286,0.030100334448160536,0.0,0.036615663818139,0.1319663491490371,7.2040133779264215,0.0,0.0,0.15,0.0802675585284281,0,0.17834480602616246,0.225676018216876,4.483852880398077,0.7536419414749017,0.0,1.0,0.0,0.1,0.0,0.23752841262979466,0.3,0.08,0.10033444816053512,0.5,0.25
173,0.9802756624055624,0.5114216796424984,0.9632078081240606,0.5106362549757477,0.2462483218342688,0.5094770196264546,0.8729096989966555,0.3813591327476326,0.4092295499016868,0.09698996655518395,0.7457142857142857,0.3670144693841452,0.3939134649124136,0.08285714285714285,0.08695652173913043,0.07428571428571429,0.1457142857142857,6.437142857142857,0.030100334448160536,0.0,0.03664673190112821,0.1319663491490371,7.2040133779264215,0.0,0.0,0.15,0.0802675585284281,0,0.17824798174345774,0.2245476381257916,4.46846153707583,0.7385691026454037,0.0,1.0,0.0,0.1,0.0,0.23540032362346497,0.3,0.08,0.08695652173913043,0.5,0.25
174,0.9798249223429726,0.5107402977990031,0.9627902298444864,0.5101055699849334,0.2462483218342688,0.5096981759616135,0.8489932885906041,0.38152331280518326,0.4090957300866439,0.09731543624161074,0.7228571428571429,0.367128755098431,0.393999179198128,0.08285714285714285,0.07718120805369127,0.06571428571428571,0.14857142857142858,6.448571428571428,0.026845637583892617,0.002857142857142857,0.03664779716838069,0.1319663491490371,7.1879194630872485,0.0,0.0,0.15,0.08053691275167785,0,0.17835545897402613,0.23016399620206549,4.444806592048598,0.7301385585740483,0.0,0.9565217391304348,0.0,0.1,0.0,0.23540032362346497,0.3,0.08,0.07692307692307693,0.5,0.25
175,0.9789285263629262,0.5121501857601879,0.962034735627021,0.511739085835671,0.2462483218342688,0.5099416130008776,0.8417508417508418,0.3824471501228141,0.4098270000301669,0.09764309764309764,0.7142857142857143,0.3671858979555738,0.39404203634098506,0.08285714285714285,0.09090909090909091,0.08857142857142856,0.15142857142857144,6.485714285714286,0.026936026936026935,0.002857142857142857,0.03663740100975328,0.1319663491490371,7.191919191919192,0.0,0.0,0.15,0.08080808080808081,0,0.17871896953629887,0.22901317622105516,4.444481888779055,0.7760230612486192,0.0,0.967741935483871,0.0,0.1,0.0,0.2355520386169624,0.3,0.08,0.09060402684563758,0.5,0.25
176,0.9791982227686155,0.511460434482051,0.9622635922912772,0.5113446483878553,0.2462483218342688,0.5101729904827446,0.8686868686868687,0.3824471501228141,0.4098270000301669,0.09764309764309764,0.7371428571428571,0.3671858979555738,0.39404203634098506,0.08285714285714285,0.10437710437710437,0.09428571428571429,0.15142857142857144,6.5,0.026936026936026935,0.0,0.036555869879533985,0.1319663491490371,7.191919191919192,0.0,0.0,0.15,0.08080808080808081,0,0.17842480397433166,0.2278681103399499,4.449877965289188,0.7605026000236468,0.0,1.0,0.0,0.1,0.0,0.24185612400157064,0.3,0.08,0.10437710437710437,0.5,0.25
177,0.9799389703264653,0.510819474536851,0.9628921695046527,0.510707788553869,0.2462483218342688,0.51029772390523,0.8484848484848485,0.3824471501228141,0.4098270000301669,0.09764309764309764,0.72,0.3671858979555738,0.39404203634098506,0.08285714285714285,0.09427609427609428,0.08571428571428572,0.15142857142857144,6.514285714285714,0.026936026936026935,0.0,0.03655779861872313,0.1319663491490371,7.191919191919192,0.0,0.0,0.15,0.08080808080808081,0,0.17813182352588858,0.22672876978825016,4.4465946916976895,0.7452925480231738,0.0,1.0,0.0,0.1,0.0,0.24172352922534188,0.3,0.08,0.09427609427609428,0.5,0.25
178,0.9797611745977228,0.5109468674375613,0.9627412971291197,0.5109092234809199,0.2462483218342688,0.5101700405063772,0.8855218855218855,0.3824471501228141,0.4098270000301669,0.09764309764309764,0.7514285714285714,0.3671858979555738,0.39404203634098506,0.08285714285714285,0.08080808080808081,0.07428571428571429,0.15142857142857144,6.56,0.026936026936026935,0.0,0.03664751196325496,0.1319663491490371,7.191919191919192,0.0,0.0,0.15,0.08080808080808081,0,0.1781511857655269,0.2255951259393089,4.43194851214945,0.7303866970627103,0.0,1.0,0.0,0.1,0.0,0.2355701068213757,0.3,0.08,0.08080808080808081,0.5,0.25
179,0.9801457357012445,0.5117916784120542,0.9630676246941082,0.5115762734904279,0.2462483218342688,0.5100167199629994,0.8720538720538721,0.3824471501228141,0.4098270000301669,0.09764309764309764,0.74,0.3671858979555738,0.39404203634098506,0.08285714285714285,0.06060606060606061,0.06285714285714286,0.15142857142857144,6.574285714285714,0.026936026936026935,0.0,0.03664751196325496,0.1319663491490371,7.191919191919192,0.0,0.0,0.15,0.08080808080808081,0,0.1777452876938421,0.22446715030961237,4.406166684763605,0.7157789631214561,0.0,1.0,0.0,0.1,0.0,0.2355701068213757,0.3,0.08,0.06060606060606061,0.5,0.25
180,0.9801746695579882,0.5112812801363047,0.9630921771382593,0.5109505715321988,0.2462483218342688,0.5099596965854628,0.8787878787878788,0.3824471501228141,0.4098270000301669,0.09764309764309764,0.7457142857142857,0.3671858979555738,0.39404203634098506,0.08285714285714285,0.08080808080808081,0.07428571428571429,0.15142857142857144,6.617142857142857,0.026936026936026935,0.0,0.03671055047275904,0.1319663491490371,7.191919191919192,0.0,0.0,0.15,0.08080808080808081,0,0.17762656196965862,0.2233448145580643,4.392329065354047,0.7014633838590268,0.0,1.0,0.0,0.1,0.0,0.23126271113859936,0.3,0.08,0.08080808080808081,0.5,0.25
181,0.9820363825969171,0.5103342137944044,0.9644150740039719,0.510265915689908,0.2462483218342688,0.5099467683469239,0.8648648648648649,0.38257780783641104,0.4090271428023998,0.09797297297297297,0.7314285714285714,0.3671858979555738,0.39404203634098506,0.08285714285714285,0.057432432432432436,0.054285714285714284,0.15428571428571428,6.634285714285714,0.02364864864864865,0.002857142857142857,0.03676593324307975,0.13196634914903713,7.155405405405405,0.0,0.0,0.15,0.08108108108108109,0,0.17713828630266748,0.22222809048527398,4.35876819833268,0.6874341161818464,0.0,1.0,0.0,0.1,0.0,0.23126271113859936,0.3,0.08,0.05723905723905724,0.5,0.25
182,0.9820406174228498,0.510247486180385,0.9644186554567604,0.5101564833225469,0.2462483218342688,0.5099434140433953,0.8783783783783784,0.38257780783641104,0.4090271428023998,0.09797297297297297,0.7428571428571429,0.3671858979555738,0.39404203634098506,0.08285714285714285,0.0945945945945946,0.08571428571428572,0.15428571428571428,6.654285714285714,0.02364864864864865,0.0,0.036719120000433564,0.13196634914903713,7.155405405405405,0.0,0.0,0.15,0.08108108108108109,0,0.17722046270688627,0.2211169500328476,4.357307120080312,0.6736854338582094,0.0,1.0,0.0,0.1,0.0,0.2344514653645871,0.3,0.08,0.0945945945945946,0.5,0.25
183,0.9824900952230826,0.5098948973067047,0.9646518674245057,0.5102355292796246,0.2462483218342688,0.5099092388194292,0.8576271186440678,0.38122146868581097,0.4096694143200151,0.09830508474576272,0.7228571428571429,0.3671858979555738,0.39404203634098506,0.08285714285714285,0.08135593220338982,0.07714285714285714,0.15714285714285714,6.682857142857143,0.020338983050847456,0.002857142857142857,0.0367818077205597,0.13196634914903713,7.111864406779661,0.0,0.0,0.15,0.08135593220338982,0,0.17684836039335183,0.22001136528268336,4.347303834821562,0.6602117251810453,0.0,1.0,0.0,0.1,0.0,0.23212278251196775,0.3,0.08,0.08445945945945946,0.5,0.25
184,0.9824047564214052,0.5110730774985374,0.9646302111304594,0.5108181057343109,0.2462483218342688,0.5098424424573997,0.8707482993197279,0.3817527580057608,0.4099887459478774,0.09863945578231292,0.7314285714285714,0.3671858979555738,0.39404203634098506,0.08285714285714285,0.09523809523809523,0.08571428571428572,0.16,6.714285714285714,0.02040816326530612,0.002857142857142857,0.03679767243303538,0.13196634914903713,7.068027210884353,0.0,0.0,0.15,0.08163265306122448,0,0.17662040501995654,0.21891130845626994,4.346072043839416,0.6470074906774244,0.0,1.0,0.0,0.1,0.0,0.23672323589397065,0.3,0.08,0.09830508474576272,0.5,0.25
185,0.9812315092709584,0.5111455244036814,0.963644683524084,0.5107436649715033,0.2462483218342688,0.5097464313496212,0.8537414965986394,0.38182078521664514,0.4100397663560406,0.09863945578231292,0.7171428571428572,0.3672430408127167,0.3940848934838422,0.08285714285714285,0.09863945578231292,0.08285714285714285,0.16,6.731428571428571,0.02040816326530612,0.0,0.03674811013786661,0.13196634914903713,7.068027210884353,0.0,0.0,0.15,0.08163265306122448,0,0.17696204358451684,0.21781675191398858,4.342007745819771,0.6689704370035743,0.0,0.9655172413793104,0.0,0.1,0.0,0.24009402022782028,0.3,0.08,0.09863945578231292,0.5,0.25
186,0.9810317223576479,0.5118951739053096,0.9634768625169033,0.5112376481296032,0.2462483218342688,0.509785348315811,0.891156462585034,0.38182078521664514,0.4100397663560406,0.09863945578231292,0.7485714285714286,0.3672430408127167,0.3940848934838422,0.08285714285714285,0.07142857142857142,0.06,0.16,6.751428571428572,0.023809523809523808,0.0,0.03674811013786661,0.13196634914903713,7.068027210884353,0.0,0.0,0.15,0.08163265306122448,0,0.17656251979516566,0.21672766815441866,4.315167590903376,0.6555910282635028,0.0,1.0,0.0,0.1,0.0,0.24009402022782028,0.3,0.08,0.07142857142857142,0.5,0.25
187,0.9811546599667023,0.511932317602674,0.9629419897550302,0.5114039180629782,0.2462483218342688,0.5098370054985308,0.8873720136518771,0.3826119045827447,0.41027908748158387,0.09897610921501707,0.7428571428571429,0.3672430408127167,0.3940848934838422,0.08285714285714285,0.07167235494880546,0.06285714285714286,0.16285714285714287,6.774285714285714,0.020477815699658702,0.002857142857142857,0.03681607498745197,0.13196634914903713,6.969283276450512,0.0,0.0,0.15,0.08191126279863481,0,0.17630642576404698,0.21564402981364655,4.291721381942451,0.6424792076982327,0.0,1.0,0.0,0.1,0.0,0.24009402022782028,0.3,0.08,0.07482993197278912,0.5,0.25
188,0.9811358408564546,0.5110561025419598,0.9629262354713085,0.5105994801447922,0.2462483218342688,0.5099692224206879,0.89419795221843,0.3826119045827447,0.41027908748158387,0.09897610921501707,0.7485714285714286,0.3672430408127167,0.3940848934838422,0.08285714285714285,0.07167235494880546,0.06,0.16285714285714287,6.7942857142857145,0.020477815699658702,0.0,0.03687091293055869,0.13196634914903713,6.969283276450512,0.0,0.0,0.15,0.07849829351535836,0,0.1762172657468509,0.2145658096645783,4.265886954303602,0.629629623544268,0.0,1.0,0.0,0.1,0.0,0.24009402022782028,0.3,0.08,0.07167235494880546,0.5,0.25
189,0.9812202286205494,0.5109885664304537,0.9629968800852508,0.5105085812973724,0.2462483218342688,0.5100330369937247,0.9146757679180887,0.3826119045827447,0.41027908748158387,0.09897610921501707,0.7657142857142857,0.3672430408127167,0.3940848934838422,0.08285714285714285,0.04436860068259386,0.04285714285714286,0.16285714285714287,6.828571428571428,0.020477815699658702,0.0,0.03687091293055869,0.13196634914903713,6.969283276450512,0.0,0.0,0.15,0.07849829351535836,0,0.17630646584668808,0.21349298061625543,4.223426358074673,0.6170370310733827,0.0,0.9333333333333333,0.0,0.1,0.0,0.24009402022782028,0.3,0.08,0.04436860068259386,0.5,0.25
190,0.9807672341236464,0.5122020935838867,0.9626176589778435,0.5113418682365829,0.2462483218342688,0.5101101233583022,0.8976109215017065,0.3827484233540757,0.41038147656008217,0.09897610921501707,0.7514285714285714,0.36735732652700237,0.3941706077695565,0.08285714285714285,0.08873720136518772,0.07428571428571429,0.16285714285714287,6.871428571428571,0.020477815699658702,0.0,0.03690191603591874,0.13196634914903713,6.969283276450512,0.0,0.0,0.15,0.07849829351535836,0,0.17662166274970456,0.21242551571317414,4.213243545198894,0.623709616502909,0.0,0.9615384615384616,0.0,0.1,0.0,0.23799755477380868,0.3,0.08,0.08873720136518772,0.5,0.25
191,0.9805871668373738,0.5127728643547054,0.9624669169353351,0.511735211888132,0.2462483218342688,0.5102730534225944,0.8839590443686007,0.3828849421254068,0.41048386563858047,0.09897610921501707,0.74,0.36747161224128805,0.3942563220552708,0.08285714285714285,0.07508532423208192,0.06285714285714286,0.16285714285714287,6.888571428571429,0.027303754266211604,0.0,0.03690191603591874,0.13196634914903713,6.969283276450512,0.0,0.0,0.15,0.07849829351535836,0,0.17670941157881317,0.21136338813460828,4.191835817152058,0.6854342784058299,0.0,0.9545454545454546,0.0,0.1,0.0,0.23799755477380868,0.3,0.08,0.07508532423208192,0.5,0.25
192,0.979690353560379,0.5134758481766413,0.9617161561063082,0.5121693662881852,0.2462483218342688,0.5104169374051104,0.8703071672354948,0.3828849421254068,0.41048386563858047,0.09897610921501707,0.7285714285714285,0.36747161224128805,0.3942563220552708,0.08285714285714285,0.08873720136518772,0.07428571428571429,0.16285714285714287,6.92,0.027303754266211604,0.0,0.0369236462363474,0.13196634914903713,6.969283276450512,0.0,0.0,0.15,0.07849829351535836,0,0.17633957880663337,0.21030657119393525,4.182284815094731,0.6717255928377134,0.0,1.0,0.0,0.1,0.0,0.23653002895600056,0.3,0.08,0.08873720136518772,0.5,0.25
193,0.9819482904553747,0.5132081510945671,0.9629800050679969,0.5116827401865389,0.2462483218342688,0.5104794198257429,0.8801369863013698,0.3830606205817519,0.41049486927206474,0.09931506849315068,0.7342857142857143,0.36747161224128805,0.3942563220552708,0.08285714285714285,0.0821917808219178,0.07428571428571429,0.1657142857142857,6.951428571428571,0.023972602739726026,0.002857142857142857,0.03703564083222831,0.13196634914903713,6.86986301369863,0.0,0.0,0.15,0.07876712328767123,0,0.1763377849314727,0.20925503833796558,4.172924833078551,0.658291080980959,0.0,1.0,0.0,0.1,0.0,0.23243108852858607,0.3,0.08,0.08191126279863481,0.5,0.25
194,0.9831972524915988,0.5120586177047646,0.9637224775520544,0.5106967584577612,0.2462483218342688,0.5104358427534332,0.9106529209621993,0.38316948199617096,0.41051537512398684,0.09965635738831616,0.7571428571428571,0.3677001836698595,0.3944277506266993,0.08285714285714285,0.061855670103092786,0.054285714285714284,0.16857142857142857,7.005714285714285,0.020618556701030927,0.002857142857142857,0.03717468139765339,0.1319663491490371,6.804123711340206,0.0,0.0,0.15,0.07903780068728522,0,0.17696570790067,0.24910753182535375,4.143752050702694,0.6847842710857401,0.0,0.8947368421052632,0.0,0.1,0.0,0.23243108852858607,0.3,0.08,0.06506849315068493,0.5,0.25
195,0.9814828135781717,0.5115541810367448,0.9621143741409662,0.5105784414421953,0.2462483218342688,0.5102737634382203,0.8689655172413793,0.38348293061998007,0.40956483204800337,0.1,0.72,0.3677573265270023,0.39447060776955645,0.08285714285714285,0.07586206896551724,0.06285714285714286,0.17142857142857143,7.037142857142857,0.017241379310344827,0.002857142857142857,0.03718192637665871,0.1319663491490371,6.786206896551724,0.0,0.0,0.15,0.07931034482758621,0,0.17705088221473808,0.24786199416622698,4.123734152545783,0.7098761373070461,0.0,0.9545454545454546,0.0,0.1,0.0,0.23243108852858607,0.3,0.08,0.07560137457044673,0.5,0.25
196,0.981727307144299,0.5111330502860798,0.962316954524329,0.5101637620975329,0.2462483218342688,0.5098744541922418,0.896551724137931,0.38348293061998007,0.40956483204800337,0.1,0.7428571428571429,0.3677573265270023,0.39447060776955645,0.08285714285714285,0.08275862068965517,0.07428571428571429,0.17142857142857143,7.077142857142857,0.017241379310344827,0.0,0.03723907566338911,0.1319663491490371,6.786206896551724,0.0,0.0,0.15,0.07931034482758621,0,0.17687848637509296,0.24662268419539585,4.115545183780582,0.6956786145609052,0.0,1.0,0.0,0.1,0.0,0.2299431412803551,0.3,0.08,0.08275862068965517,0.5,0.25
197,0.9809767359444926,0.5102764064317723,0.9616950526730605,0.5098644820284421,0.2462483218342688,0.5094169948263588,0.9,0.38348293061998007,0.40956483204800337,0.1,0.7457142857142857,0.3677573265270023,0.39447060776955645,0.08285714285714285,0.07931034482758621,0.06571428571428571,0.17142857142857143,7.097142857142857,0.020689655172413793,0.0,0.03723907566338911,0.1319663491490371,6.786206896551724,0.0,0.0,0.15,0.07931034482758621,0,0.17645109394321748,0.24538957077441886,4.0989485658192555,0.681765042269687,0.0,1.0,0.0,0.1,0.0,0.2299431412803551,0.3,0.08,0.07931034482758621,0.5,0.25
198,0.9814852601100312,0.5104559760676664,0.9621164012673642,0.5097437182522156,0.2462483218342688,0.5088357648091887,0.906896551724138,0.38348293061998007,0.40956483204800337,0.1,0.7514285714285714,0.3677573265270023,0.39447060776955645,0.08285714285714285,0.07241379310344828,0.06,0.17142857142857143,7.128571428571429,0.02413793103448276,0.0,0.03723907566338911,0.1319663491490371,6.786206896551724,0.0,0.0,0.15,0.07931034482758621,0,0.1761384170270907,0.24416262292054677,4.076969594502871,0.6681297414242933,0.0,1.0,0.0,0.1,0.0,0.2299431412803551,0.3,0.08,0.07241379310344828,0.5,0.25
199,0.9816894035290041,0.509718089836042,0.9622855486716562,0.509246319860627,0.2462483218342688,0.5082987961029974,0.8448275862068966,0.38348293061998007,0.40956483204800337,0.1,0.7,0.3677573265270023,0.39447060776955645,0.08285714285714285,0.07586206896551724,0.06571428571428571,0.17142857142857143,7.16,0.027586206896551724,0.0,0.03723907566338911,0.1319663491490371,6.786206896551724,0.0,0.0,0.15,0.07931034482758621,0,0.17596817487065156,0.24294180980594404,4.061144488327098,0.6547671465958075,0.0,1.0,0.0,0.1,0.0,0.2299431412803551,0.3,0.08,0.07586206896551724,0.5,0.25
200,0.9808575361765764,0.5101761800553797,0.9614943555133381,0.5102249626882384,0.2462483218342688,0.5077855565072477,0.8611111111111112,0.3824753295583295,0.41049685303475764,0.10069444444444445,0.7085714285714285,0.3677573265270023,0.39447060776955645,0.08285714285714285,0.08680555555555555,0.08571428571428572,0.17714285714285713,7.194285714285714,0.020833333333333332,0.005714285714285714,0.03729090316277965,0.13196634914903713,6.652777777777778,0.0,0.0,0.15,0.0798611111111111,0,0.17608364672881555,0.2417271007569143,4.065635884274842,0.6416718036638913,0.0,1.0,0.0,0.1,0.0,0.2328567506203865,0.3,0.08,0.09310344827586207,0.5,0.25
201,0.9818607549336357,0.5104297587818901,0.9623198612334327,0.5105300622729113,0.2462483218342688,0.5074808024646534,0.875,0.3824753295583295,0.41049685303475764,0.10069444444444445,0.72,0.3677573265270023,0.39447060776955645,0.08285714285714285,0.09027777777777778,0.08285714285714285,0.17714285714285713,7.225714285714286,0.027777777777777776,0.0,0.03732671220367096,0.13196634914903713,6.652777777777778,0.0,0.0,0.15,0.0798611111111111,0,0.17580223134874293,0.24051846525312975,4.0671803094464885,0.6288383675906134,0.0,1.0,0.0,0.1,0.0,0.23362472543427054,0.3,0.08,0.09027777777777778,0.5,0.25
202,0.9804083474721003,0.5102324298579384,0.9611247373793693,0.5104625249881056,0.2462483218342688,0.507395663803592,0.8819444444444444,0.3824753295583295,0.41049685303475764,0.10069444444444445,0.7257142857142858,0.3677573265270023,0.39447060776955645,0.08285714285714285,0.0763888888888889,0.06571428571428571,0.17714285714285713,7.242857142857143,0.027777777777777776,0.0,0.03732671220367096,0.13196634914903713,6.652777777777778,0.0,0.0,0.15,0.0798611111111111,0,0.17546564876342777,0.2393158729268641,4.051550988971845,0.6162616002388012,0.0,1.0,0.0,0.1,0.0,0.23362472543427054,0.3,0.08,0.0763888888888889,0.5,0.25
203,0.9812764156829336,0.5099493683678958,0.961884249308296,0.5105149099539467,0.2462483218342688,0.5072962882741766,0.8989547038327527,0.3835257512480487,0.4109611308623445,0.10104529616724739,0.7371428571428571,0.36781446938414525,0.3945134649124136,0.08285714285714285,0.059233449477351915,0.05714285714285714,0.18,7.2542857142857144,0.024390243902439025,0.002857142857142857,0.03733681052390526,0.13196634914903713,6.641114982578397,0.0,0.0,0.15,0.08013937282229965,0,0.1755304640910392,0.23811929356222977,4.0276628263352645,0.6644784356186914,0.0,0.95,0.0,0.1,0.0,0.23362472543427054,0.3,0.08,0.059027777777777776,0.5,0.25
204,0.9807476802372286,0.5100085041221106,0.9614506862428179,0.5106311290232194,0.2462483218342688,0.5070819708976478,0.8989547038327527,0.3835954376591985,0.4110133956707068,0.10104529616724739,0.7371428571428571,0.3678716122412881,0.39455632205527075,0.08285714285714285,0.05226480836236934,0.04285714285714286,0.18,7.268571428571429,0.024390243902439025,0.0,0.03734290780364787,0.13196634914903713,6.641114982578397,0.0,0.0,0.15,0.08013937282229965,0,0.17542395462772686,0.23692869709441863,3.9899667126657024,0.6884735559633947,0.0,0.9333333333333333,0.0,0.1,0.0,0.23362472543427054,0.3,0.08,0.05226480836236934,0.5,0.25
205,0.9809464405161081,0.5104962139991911,0.96147291432949,0.5108256995013374,0.2462483218342688,0.5069049084808704,0.8846153846153846,0.3838884055085505,0.41117569917982477,0.10139860139860139,0.7228571428571429,0.3678716122412881,0.39455632205527075,0.08285714285714285,0.09090909090909091,0.08,0.18285714285714286,7.291428571428572,0.02097902097902098,0.002857142857142857,0.037373187482839076,0.13196634914903713,6.601398601398602,0.0,0.0,0.15,0.08041958041958042,0,0.1754008419903025,0.2357440536089465,3.9901673784123872,0.6747040848441268,0.0,1.0,0.0,0.1,0.0,0.23587180257750856,0.3,0.08,0.09407665505226481,0.5,0.25
206,0.9807160363542337,0.5096880978442613,0.9612846412143581,0.5101147165439549,0.2462483218342688,0.5065838910821668,0.8811188811188811,0.3838884055085505,0.41117569917982477,0.10139860139860139,0.72,0.3678716122412881,0.39455632205527075,0.08285714285714285,0.08741258741258741,0.07428571428571429,0.18285714285714286,7.317142857142857,0.024475524475524476,0.0,0.037394799313914116,0.13196634914903713,6.601398601398602,0.0,0.0,0.15,0.08041958041958042,0,0.17520642486974375,0.2345653333409018,3.984649745129854,0.6612100031472442,0.0,1.0,0.0,0.1,0.0,0.23444592613992032,0.3,0.08,0.08741258741258741,0.5,0.25
207,0.9812746669232556,0.5105140371051119,0.961741122193616,0.5107426738898455,0.2462483218342688,0.5060696967819942,0.8601398601398601,0.3841681257882708,0.411385489389615,0.10139860139860139,0.7028571428571428,0.36810018366985947,0.3947277506266993,0.08285714285714285,0.06993006993006994,0.05714285714285714,0.18285714285714286,7.328571428571428,0.024475524475524476,0.0,0.037394799313914116,0.13196634914903713,6.601398601398602,0.0,0.0,0.15,0.08041958041958042,0,0.1759588213168236,0.23584461979104154,3.9620996073701136,0.788606365486472,0.0,0.85,0.0,0.1,0.0,0.23444592613992032,0.3,0.08,0.06993006993006994,0.5,0.25
208,0.980330267325552,0.5107091196821493,0.960969412808064,0.5110770702852928,0.2462483218342688,0.5055148100409853,0.8986013986013986,0.3843779159980611,0.4115428320469577,0.10139860139860139,0.7342857142857143,0.3682716122412881,0.39485632205527077,0.08285714285714285,0.09090909090909091,0.07714285714285714,0.18285714285714286,7.36,0.024475524475524476,0.0,0.03738607669627035,0.13196634914903713,6.601398601398602,0.0,0.0,0.15,0.08041958041958042,0,0.17676217506381092,0.23917151216820648,3.960000472365569,0.9108093306564697,0.0,0.9259259259259259,0.0,0.1,0.0,0.23502123920703513,0.3,0.08,0.09090909090909091,0.5,0.25
209,0.9793493403039021,0.510099893944001,0.9601678552989444,0.5103386996875869,0.2462483218342688,0.5050418942292638,0.916083916083916,0.3843779159980611,0.4115428320469577,0.10139860139860139,0.7485714285714286,0.3682716122412881,0.39485632205527077,0.08285714285714285,0.08041958041958042,0.07142857142857142,0.18285714285714286,7.365714285714286,0.024475524475524476,0.0,0.03745162567019815,0.13196634914903713,6.601398601398602,0.0,0.0,0.15,0.08041958041958042,0,0.17653210406386624,0.23797565460736544,3.9522290343468285,0.8925931440433403,0.0,1.0,0.0,0.1,0.0,0.23070367863373578,0.3,0.08,0.08041958041958042,0.5,0.25
210,0.9796635315252272,0.5100322076106671,0.9603080270969288,0.5105754495877155,0.2462483218342688,0.5046024936367168,0.8421052631578947,0.38328309928054227,0.41213188715964694,0.10175438596491228,0.6857142857142857,0.36838589795557386,0.39494203634098507,0.08285714285714285,0.0456140350877193,0.04,0.18571428571428572,7.3914285714285715,0.021052631578947368,0.002857142857142857,0.03746787441092737,0.13196634914903713,6.575438596491228,0.0,0.0,0.15,0.08070175438596491,0,0.17656173709713618,0.23678577633432862,3.9131844536598925,0.8908794567446452,0.0,0.9285714285714286,0.0,0.1,0.0,0.23070367863373578,0.3,0.08,0.045454545454545456,0.5,0.25
211,0.9800815841918784,0.5109425121485521,0.9606484414112018,0.5114394611808145,0.2462483218342688,0.5042608505044222,0.856140350877193,0.38328309928054227,0.41213188715964694,0.10175438596491228,0.6971428571428572,0.36838589795557386,0.39494203634098507,0.08285714285714285,0.08771929824561403,0.07142857142857142,0.18571428571428572,7.428571428571429,0.021052631578947368,0.0,0.03748028053818038,0.13196634914903713,6.575438596491228,0.0,0.0,0.15,0.08070175438596491,0,0.17639192912593624,0.23560184745265697,3.9063493360152655,0.8730618676097524,0.0,1.0,0.0,0.1,0.0,0.23096625925414135,0.3,0.08,0.08771929824561403,0.5,0.25
212,0.9789738527349272,0.5106487308069043,0.9597464315105417,0.5111969239143045,0.2462483218342688,0.5039183680108279,0.8842105263157894,0.38328309928054227,0.41213188715964694,0.10175438596491228,0.72,0.36838589795557386,0.39494203634098507,0.08285714285714285,0.06666666666666667,0.054285714285714284,0.18571428571428572,7.462857142857143,0.021052631578947368,0.0,0.03748028053818038,0.13196634914903713,6.575438596491228,0.0,0.0,0.15,0.08070175438596491,0,0.17590954162316372,0.2344238382153937,3.882508063580675,0.8556006302575573,0.0,1.0,0.0,0.1,0.0,0.23096625925414135,0.3,0.08,0.06666666666666667,0.5,0.25
213,0.979359590661201,0.5109750303338264,0.9600605323933645,0.5113733740855041,0.2462483218342688,0.5036774873736862,0.9157894736842105,0.38342345015773527,0.41223715031754166,0.10175438596491228,0.7457142857142857,0.36850018366985954,0.39502775062669926,0.08285714285714285,0.07368421052631578,0.06,0.18571428571428572,7.477142857142857,0.021052631578947368,0.0,0.03748028053818038,0.13196634914903713,6.575438596491228,0.0,0.0,0.15,0.08070175438596491,0,0.17659871817935144,0.254404696492618,3.8648579023090615,0.8816249237038328,0.0,0.9047619047619048,0.0,0.1,0.0,0.23096625925414135,0.3,0.08,0.07368421052631578,0.5,0.25
214,0.9807125432253323,0.5110327958192369,0.9611622223384428,0.5116115798297101,0.2462483218342688,0.5033808247595757,0.9052631578947369,0.38349362559633177,0.41228978189648907,0.10175438596491228,0.7371428571428571,0.36855732652700235,0.39507060776955644,0.08285714285714285,0.0912280701754386,0.08,0.18571428571428572,7.505714285714285,0.021052631578947368,0.0,0.03745345717038333,0.13196634914903713,6.575438596491228,0.0,0.0,0.15,0.08070175438596491,0,0.17696678556926862,0.2531326730101549,3.86756074426288,0.8681255332467198,0.0,0.9642857142857143,0.0,0.1,0.0,0.23272901305684632,0.3,0.08,0.0912280701754386,0.5,0.25
215,0.980474266725492,0.5114051307029563,0.9606695714911515,0.5120511086822226,0.2462483218342688,0.5031312654584295,0.8943661971830986,0.3835097327894283,0.4123462744969913,0.10211267605633803,0.7257142857142858,0.368671612241288,0.39515632205527074,0.08285714285714285,0.08450704225352113,0.07714285714285714,0.18857142857142858,7.534285714285715,0.017605633802816902,0.002857142857142857,0.037464896175502964,0.13196634914903713,6.563380281690141,0.0,0.0,0.15,0.08098591549295775,0,0.17693880878427942,0.2518670096451041,3.8673523865204786,0.8524992736482793,0.0,0.9629629629629629,0.0,0.1,0.0,0.23238399335031873,0.3,0.08,0.08771929824561403,0.5,0.25
216,0.9801599279239013,0.511084320794255,0.9604145080064324,0.5121059519751612,0.2462483218342688,0.5029075401668768,0.9119718309859155,0.3837210003950621,0.41250472520121667,0.10211267605633803,0.74,0.3688430408127167,0.3952848934838422,0.08285714285714285,0.07746478873239436,0.06571428571428571,0.18857142857142858,7.571428571428571,0.02112676056338028,0.0,0.037474861089943204,0.13196634914903713,6.563380281690141,0.0,0.0,0.15,0.08098591549295775,0,0.17739583187964378,0.2506076745968786,3.8557196245043555,0.8932981427776016,0.0,0.9130434782608695,0.0,0.1,0.0,0.23238399335031873,0.3,0.08,0.07746478873239436,0.5,0.25
217,0.979315982540386,0.5115790727563081,0.9597297066095226,0.512113814626896,0.2462483218342688,0.5027556957057474,0.9190140845070423,0.3837210003950621,0.41250472520121667,0.10211267605633803,0.7457142857142857,0.3688430408127167,0.3952848934838422,0.08285714285714285,0.09859154929577464,0.08,0.18857142857142858,7.597142857142857,0.02112676056338028,0.0,0.03740418088877492,0.13196634914903713,6.563380281690141,0.0,0.0,0.15,0.08098591549295775,0,0.17755749936188084,0.2493546362238942,3.8586052320142685,0.8754321799220495,0.0,1.0,0.0,0.1,0.0,0.2370349925283217,0.3,0.08,0.09859154929577464,0.5,0.25
218,0.9802359941731206,0.5110747661889624,0.9603113802975196,0.511565772736549,0.2462483218342688,0.5026704038512931,0.911660777385159,0.3847265840334445,0.4116329748446706,0.10247349823321555,0.7371428571428571,0.3688430408127167,0.3952848934838422,0.08285714285714285,0.0636042402826855,0.054285714285714284,0.19142857142857142,7.628571428571429,0.0176678445229682,0.002857142857142857,0.03743540770229049,0.1319663491490371,6.522968197879859,0.0,0.0,0.15,0.0812720848056537,0,0.17715485543649998,0.24810786304277474,3.8357188416596975,0.8579235363236084,0.0,1.0,0.0,0.1,0.0,0.2370349925283217,0.3,0.08,0.06690140845070422,0.5,0.25
219,0.9787719469597345,0.5108505499653595,0.9591275935506962,0.5112424130818585,0.2462483218342688,0.5025674653884312,0.9045936395759717,0.3847265840334445,0.4116329748446706,0.10247349823321555,0.7314285714285714,0.3688430408127167,0.3952848934838422,0.08285714285714285,0.07773851590106007,0.06571428571428571,0.19142857142857142,7.648571428571429,0.0176678445229682,0.0,0.037455674759988074,0.1319663491490371,6.522968197879859,0.0,0.0,0.15,0.0812720848056537,0,0.17712167465944237,0.24686732372756087,3.8247187505407885,0.8407650655971363,0.0,1.0,0.0,0.1,0.0,0.2370349925283217,0.3,0.08,0.07773851590106007,0.5,0.25
220,0.9788618646794286,0.5113916919732097,0.9592002984497633,0.5121331046782345,0.2462483218342688,0.502466396442508,0.8869257950530035,0.3847265840334445,0.4116329748446706,0.10247349823321555,0.7171428571428572,0.3688430408127167,0.3952848934838422,0.08285714285714285,0.0706713780918728,0.06285714285714286,0.19142857142857142,7.682857142857143,0.02120141342756184,0.0,0.037455674759988074,0.1319663491490371,6.522968197879859,0.0,0.0,0.15,0.0812720848056537,0,0.17677806700043092,0.24563298710892306,3.8110815183871156,0.8239497642851935,0.0,1.0,0.0,0.1,0.0,0.2370349925283217,0.3,0.08,0.0706713780918728,0.5,0.25
221,0.9779949935540706,0.5112045339083356,0.9584993712255453,0.5119661747963129,0.2462483218342688,0.5024220571566995,0.8975265017667845,0.38479725541153637,0.4116859783782395,0.10247349823321555,0.7257142857142858,0.3689001836698595,0.39532775062669934,0.08285714285714285,0.0636042402826855,0.05714285714285714,0.19142857142857142,7.7057142857142855,0.0176678445229682,0.0,0.037455674759988074,0.1319663491490371,6.522968197879859,0.0,0.0,0.15,0.0812720848056537,0,0.17720760666542873,0.24440482217337844,3.7920027451622302,0.8698972180084482,0.0,0.9,0.0,0.1,0.0,0.2370349925283217,0.3,0.08,0.0636042402826855,0.5,0.25
222,0.9787145565803389,0.511919523064847,0.959081189329642,0.5125332055610495,0.2462483218342688,0.5023113641051702,0.8551236749116607,0.38479725541153637,0.4116859783782395,0.10247349823321555,0.6914285714285714,0.3689001836698595,0.39532775062669934,0.08285714285714285,0.0636042402826855,0.054285714285714284,0.19142857142857142,7.7371428571428575,0.024734982332155476,0.0,0.037455674759988074,0.1319663491490371,6.522968197879859,0.0,0.0,0.15,0.0812720848056537,0,0.17694653961068788,0.24318279806251156,3.7704484045447004,0.8524992736482793,0.0,1.0,0.0,0.1,0.0,0.2370349925283217,0.3,0.08,0.0636042402826855,0.5,0.25
223,0.9815890909359204,0.5115633796663487,0.9600300850879034,0.5122914734545801,0.2462483218342688,0.5020183963193041,0.8794326241134752,0.38549992518610465,0.4119362881039426,0.10283687943262411,0.7085714285714285,0.36912875509843096,0.3954991791981279,0.08285714285714285,0.07446808510638298,0.06,0.19428571428571428,7.742857142857143,0.024822695035460994,0.002857142857142857,0.037515869072776334,0.1319663491490371,6.439716312056738,0.0,0.0,0.15,0.08156028368794327,0,0.17754566762334875,0.241966884072199,3.755039436453806,0.87735297992205,0.0,0.9047619047619048,0.0,0.1,0.0,0.2370349925283217,0.3,0.08,0.07420494699646643,0.5,0.25
224,0.9796339160359173,0.5109938917838057,0.9584547727399013,0.5118595177469712,0.2462483218342688,0.5016252660981387,0.9148936170212766,0.38549992518610465,0.4119362881039426,0.10283687943262411,0.7371428571428571,0.36912875509843096,0.3954991791981279,0.08285714285714285,0.06382978723404255,0.05714285714285714,0.19428571428571428,7.757142857142857,0.024822695035460994,0.0,0.037565834803674925,0.1319663491490371,6.439716312056738,0.0,0.0,0.15,0.08156028368794327,0,0.1773698042673927,0.240757049651838,3.737081504867587,0.8598059203236089,0.0,1.0,0.0,0.1,0.0,0.2370349925283217,0.3,0.08,0.06382978723404255,0.5,0.25
225,0.9807204731552408,0.5103124198578635,0.9593302273331846,0.5114151312026574,0.2462483218342688,0.5013627450863734,0.8865248226950354,0.38549992518610465,0.4119362881039426,0.10283687943262411,0.7142857142857143,0.36912875509843096,0.3954991791981279,0.08285714285714285,0.06028368794326241,0.054285714285714284,0.19428571428571428,7.777142857142858,0.024822695035460994,0.0,0.037565834803674925,0.1319663491490371,6.439716312056738,0.0,0.0,0.15,0.08156028368794327,0,0.17725097090687708,0.2395532644035788,3.716625589055949,0.8426098019171367,0.0,1.0,0.0,0.1,0.0,0.2370349925283217,0.3,0.08,0.06028368794326241,0.5,0.25
226,0.981268909571825,0.5105089971879206,0.9597721103888327,0.511815385695893,0.2462483218342688,0.5011624651161874,0.8900709219858156,0.3856417691577359,0.41204267108266607,0.10283687943262411,0.7171428571428572,0.36924304081271664,0.3955848934838422,0.08285714285714285,0.0673758865248227,0.05714285714285714,0.19428571428571428,7.8028571428571425,0.024822695035460994,0.0,0.037565834803674925,0.1319663491490371,6.439716312056738,0.0,0.0,0.15,0.08156028368794327,0,0.17750275651762593,0.23835549808156092,3.6994359344176875,0.9079813922710936,0.0,0.95,0.0,0.1,0.0,0.2370349925283217,0.3,0.08,0.0673758865248227,0.5,0.25
227,0.9811995468646793,0.5109284218540284,0.9597162238647892,0.5122315347341314,0.2462483218342688,0.5011959640766523,0.8900709219858156,0.3857836131293671,0.4121490540613894,0.10283687943262411,0.7171428571428572,0.36935732652700237,0.3956706077695565,0.08285714285714285,0.06028368794326241,0.054285714285714284,0.19428571428571428,7.8028571428571425,0.024822695035460994,0.0,0.037565834803674925,0.1319663491490371,6.439716312056738,0.0,0.0,0.15,0.08156028368794327,0,0.17755724344932353,0.23716372059115312,3.6797329300150485,0.9274619664503841,0.0,0.9473684210526315,0.0,0.1,0.0,0.2370349925283217,0.3,0.08,0.06028368794326241,0.5,0.25
228,0.9796771357038802,0.5111357237790546,0.9584895954438029,0.5122773632980742,0.2462483218342688,0.501194551906616,0.8900709219858156,0.3857836131293671,0.4121490540613894,0.10283687943262411,0.7171428571428572,0.36935732652700237,0.3956706077695565,0.08285714285714285,0.06382978723404255,0.06,0.19428571428571428,7.817142857142857,0.024822695035460994,0.0,0.037565834803674925,0.1319663491490371,6.439716312056738,0.0,0.0,0.15,0.08156028368794327,0,0.17752360722493402,0.23597790198819737,3.666138271414747,0.9089127271213764,0.0,1.0,0.0,0.1,0.0,0.2370349925283217,0.3,0.08,0.06382978723404255,0.5,0.25
229,0.9801473343229775,0.5109594276784658,0.958640720637987,0.5118782537195244,0.2462483218342688,0.5010875017765245,0.8932384341637011,0.3851840919255229,0.4131032151322004,0.10320284697508897,0.7171428571428572,0.36935732652700237,0.3956706077695565,0.08285714285714285,0.06405693950177936,0.05714285714285714,0.19714285714285715,7.837142857142857,0.021352313167259787,0.002857142857142857,0.03758212888950641,0.1319663491490371,6.419928825622776,0.0,0.0,0.15,0.08185053380782918,0,0.1771779899030951,0.23479801247825638,3.6499583631293087,0.8907344725789489,0.0,1.0,0.0,0.1,0.0,0.2370349925283217,0.3,0.08,0.0673758865248227,0.5,0.25
230,0.9799227218398057,0.5104788480713455,0.9583659207594432,0.5118622641485079,0.2462483218342688,0.5011112498707144,0.875,0.38597473463736603,0.4126157300639273,0.10357142857142858,0.7,0.3694716122412881,0.3957563220552708,0.08285714285714285,0.08928571428571429,0.08,0.2,7.862857142857143,0.017857142857142856,0.002857142857142857,0.037631706160093786,0.13196634914903713,6.378571428571429,0.0,0.0,0.15,0.07857142857142857,0,0.1773483856678653,0.2336240224158651,3.6569591958667234,0.889519041650555,0.0,0.9642857142857143,0.0,0.1,0.0,0.23756150544598176,0.3,0.08,0.09252669039145907,0.5,0.25
231,0.9798275801309277,0.5095272191699546,0.9582898073923409,0.511323177394774,0.2462483218342688,0.5010670256036174,0.8964285714285715,0.38597473463736603,0.4126157300639273,0.10357142857142858,0.7171428571428572,0.3694716122412881,0.3957563220552708,0.08285714285714285,0.09642857142857143,0.08285714285714285,0.2,7.8742857142857146,0.017857142857142856,0.0,0.03760885025076712,0.13196634914903713,6.378571428571429,0.0,0.0,0.15,0.07857142857142857,0,0.1772586586860616,0.2324559023037858,3.666677154806531,0.8717286608175437,0.0,1.0,0.0,0.1,0.0,0.23968591095504438,0.3,0.08,0.09642857142857143,0.5,0.25
232,0.9805415911151083,0.509241162601774,0.9588610161796854,0.5109047832080789,0.2462483218342688,0.5011218662820276,0.9178571428571428,0.38597473463736603,0.4126157300639273,0.10357142857142858,0.7342857142857143,0.3694716122412881,0.3957563220552708,0.08285714285714285,0.060714285714285714,0.04857142857142857,0.2,7.882857142857143,0.017857142857142856,0.0,0.03760885025076712,0.13196634914903713,6.378571428571429,0.0,0.0,0.15,0.07857142857142857,0,0.17677222253548844,0.23129362279226684,3.6419150402818286,0.854294087601193,0.0,1.0,0.0,0.1,0.0,0.23968591095504438,0.3,0.08,0.060714285714285714,0.5,0.25
233,0.9806768637790884,0.5089474577084142,0.9589692343108692,0.5106079709665224,0.2462483218342688,0.5012185181036608,0.9,0.38597473463736603,0.4126157300639273,0.10357142857142858,0.72,0.3694716122412881,0.3957563220552708,0.08285714285714285,0.060714285714285714,0.054285714285714284,0.2,7.905714285714286,0.017857142857142856,0.0,0.03760885025076712,0.13196634914903713,6.378571428571429,0.0,0.0,0.15,0.07857142857142857,0,0.17656954403095138,0.2301371546783055,3.623362453761906,0.837208205849169,0.0,1.0,0.0,0.1,0.0,0.23968591095504438,0.3,0.08,0.060714285714285714,0.5,0.25
234,0.9801268615055242,0.5085554641447916,0.958529232492018,0.5102889490141425,0.2462483218342688,0.5013507678796473,0.8535714285714285,0.38597473463736603,0.4126157300639273,0.10357142857142858,0.6828571428571428,0.3694716122412881,0.3957563220552708,0.08285714285714285,0.08214285714285714,0.06571428571428571,0.2,7.928571428571429,0.02142857142857143,0.0,0.03768468786186694,0.13196634914903713,6.378571428571429,0.0,0.0,0.15,0.07857142857142857,0,0.17620026773936803,0.22898646890491398,3.616609490400954,0.8204640417321857,0.0,1.0,0.0,0.1,0.0,0.23474442338281679,0.3,0.08,0.08214285714285714,0.5,0.25
235,0.9815502606737729,0.5075890590528601,0.9596679518266172,0.5091964760701367,0.2462483218342688,0.5014643457090148,0.8892857142857142,0.3861175917802232,0.4127228729210702,0.10357142857142858,0.7114285714285714,0.3695858979555738,0.3958420363409851,0.08285714285714285,0.08214285714285714,0.06571428571428571,0.2,7.934285714285714,0.02142857142857143,0.0,0.03773793426785961,0.13196634914903713,6.378571428571429,0.0,0.0,0.15,0.07857142857142857,0,0.17631798353995692,0.2278415365603894,3.6099915863072214,0.8147160725435438,0.0,0.9565217391304348,0.0,0.1,0.0,0.23128538208225746,0.3,0.08,0.08214285714285714,0.5,0.25
236,0.9816254647822912,0.5077170727341451,0.9597281151134316,0.5092219810793085,0.2462483218342688,0.5016213879455476,0.8714285714285714,0.3861175917802232,0.4127228729210702,0.10357142857142858,0.6971428571428572,0.3695858979555738,0.3958420363409851,0.08285714285714285,0.08571428571428572,0.07142857142857142,0.2,7.948571428571428,0.025,0.0,0.03775048655569878,0.13196634914903713,6.378571428571429,0.0,0.0,0.15,0.07857142857142857,0,0.17606268789013213,0.22670232887758746,3.6092203260096474,0.798421751092673,0.0,1.0,0.0,0.1,0.0,0.23047119602900878,0.3,0.08,0.08571428571428572,0.5,0.25
237,0.9820518039645951,0.5075384450773224,0.9600691864592749,0.5087547845186473,0.2462483218342688,0.5017381920206284,0.8714285714285714,0.38618902035165176,0.4127764443496416,0.10357142857142858,0.6971428571428572,0.3696430408127167,0.39588489348384215,0.08285714285714285,0.09642857142857143,0.08285714285714285,0.2,7.96,0.025,0.0,0.037685021933553,0.13196634914903713,6.378571428571429,0.0,0.0,0.15,0.07857142857142857,0,0.17615308945068148,0.23484522532167368,3.619893062346598,0.7954622391438693,0.0,0.9655172413793104,0.0,0.1,0.0,0.2347226943631633,0.3,0.08,0.09642857142857143,0.5,0.25
238,0.9802150363039925,0.5064931890829386,0.958535449481743,0.5083356607883885,0.2462483218342688,0.5018769250378796,0.8673835125448028,0.38666423751319007,0.4119597028249827,0.1039426523297491,0.6914285714285714,0.3696430408127167,0.39588489348384215,0.08285714285714285,0.05734767025089606,0.045714285714285714,0.20285714285714285,7.985714285714286,0.02867383512544803,0.002857142857142857,0.037674787742754894,0.13196634914903713,6.372759856630824,0.0,0.0,0.15,0.07885304659498207,0,0.17578179517942558,0.23367099919506532,3.593209486813951,0.779552994360992,0.0,1.0,0.0,0.1,0.0,0.2347226943631633,0.3,0.08,0.05714285714285714,0.5,0.25
239,0.9797391060673512,0.5065749614975178,0.9581560650931062,0.508401963042159,0.2462483218342688,0.5020248041725258,0.8853046594982079,0.38673592210100366,0.41201346626584284,0.1039426523297491,0.7057142857142857,0.3697001836698595,0.3959277506266993,0.08285714285714285,0.07885304659498207,0.07142857142857142,0.20285714285714285,8.017142857142858,0.03225806451612903,0.0,0.03769135222302859,0.13196634914903713,6.372759856630824,0.0,0.0,0.15,0.07885304659498207,0,0.17627032618211774,0.23250264419908998,3.5927738685062427,0.7705918227075738,0.0,0.96,0.0,0.1,0.0,0.2347226943631633,0.3,0.08,0.07885304659498207,0.5,0.25
240,0.9808991278882725,0.5059099430066477,0.9590807682017833,0.507816781157971,0.2462483218342688,0.5021397562675982,0.8853046594982079,0.38673592210100366,0.41201346626584284,0.1039426523297491,0.7057142857142857,0.3697001836698595,0.3959277506266993,0.08285714285714285,0.06451612903225806,0.05714285714285714,0.20285714285714285,8.037142857142857,0.03225806451612903,0.0,0.03769135222302859,0.13196634914903713,6.372759856630824,0.0,0.0,0.15,0.07885304659498207,0,0.1760445481226357,0.23134013097809453,3.5780612482789755,0.7551799862534223,0.0,1.0,0.0,0.1,0.0,0.2347226943631633,0.3,0.08,0.06451612903225806,0.5,0.25
241,0.9803676249119412,0.5055949684696378,0.9587131769009022,0.507632161168322,0.2462483218342688,0.5022275251422896,0.8884892086330936,0.3865729635657012,0.4130615337916554,0.10431654676258993,0.7057142857142857,0.36975732652700233,0.39597060776955656,0.08285714285714285,0.050359712230215826,0.04,0.2057142857142857,8.042857142857143,0.02877697841726619,0.002857142857142857,0.03770222677198156,0.13196634914903713,6.359712230215828,0.0,0.0,0.15,0.07913669064748201,0,0.1759354682391654,0.23018343032320407,3.5465000233133956,0.7566121935659872,0.0,0.9285714285714286,0.0,0.1,0.0,0.2347226943631633,0.3,0.08,0.05017921146953405,0.5,0.25
242,0.9807170418099067,0.5051815816042459,0.9590051056517527,0.5071680405522084,0.2462483218342688,0.5023716203444066,0.8483754512635379,0.38678929709226856,0.41280708917568054,0.10469314079422383,0.6714285714285714,0.36975732652700233,0.39597060776955656,0.08285714285714285,0.07220216606498195,0.05714285714285714,0.20857142857142857,8.062857142857142,0.02527075812274368,0.002857142857142857,0.03774388435254423,0.13196634914903713,6.310469314079422,0.0,0.0,0.15,0.07942238267148015,0,0.175569077326541,0.22903251317158804,3.532712879989985,0.7414799496946675,0.0,1.0,0.0,0.1,0.0,0.2347226943631633,0.3,0.08,0.07194244604316546,0.5,0.25
243,0.9834929215036584,0.5044573667145165,0.9609090604232248,0.506397947532214,0.2462483218342688,0.5025082339923339,0.8731884057971014,0.3874789318488308,0.41257652977554987,0.10507246376811594,0.6885714285714286,0.36981446938414525,0.3960134649124136,0.08285714285714285,0.07246376811594203,0.06571428571428571,0.21142857142857144,8.071428571428571,0.021739130434782608,0.002857142857142857,0.037818728023362315,0.13196634914903713,6.22463768115942,0.0,0.0,0.15,0.07971014492753623,0,0.17583123907562256,0.2278873506057301,3.5277729081044713,0.7539938584337573,0.0,0.9565217391304348,0.0,0.1,0.0,0.2347226943631633,0.3,0.08,0.07581227436823104,0.5,0.25
244,0.9839358378710737,0.5034930547119252,0.9612583316158153,0.5054942180917665,0.2462483218342688,0.5025870300570051,0.8804347826086957,0.3874789318488308,0.41257652977554987,0.10507246376811594,0.6942857142857143,0.36981446938414525,0.3960134649124136,0.08285714285714285,0.08333333333333333,0.07142857142857142,0.21142857142857144,8.085714285714285,0.018115942028985508,0.0,0.037916873708628944,0.13196634914903713,6.22463768115942,0.0,0.0,0.15,0.07971014492753623,0,0.17569237857311942,0.22674791385270146,3.528646021370953,0.7389139812650821,0.0,1.0,0.0,0.1,0.0,0.23180588605421432,0.3,0.08,0.08333333333333333,0.5,0.25
245,0.9849585497091551,0.5026106687986459,0.961789475399003,0.5051301567319019,0.2462483218342688,0.5026287497715785,0.8836363636363637,0.3882095252879462,0.41344962330201407,0.10545454545454545,0.6942857142857143,0.36981446938414525,0.3960134649124136,0.08285714285714285,0.05818181818181818,0.045714285714285714,0.21428571428571427,8.114285714285714,0.01818181818181818,0.002857142857142857,0.03794376535434652,0.13196634914903713,6.196363636363636,0.0,0.0,0.15,0.08,0,0.17524163239453958,0.22561417428343794,3.5037873866578195,0.7241357016397804,0.0,1.0,0.0,0.1,0.0,0.23180588605421432,0.3,0.08,0.057971014492753624,0.5,0.25
246,0.9860811767164114,0.5021127274961535,0.9621196187811808,0.5047197071058009,0.2462483218342688,0.5027170329111259,0.9306569343065694,0.38751863584269014,0.41445362366112704,0.10583941605839416,0.7285714285714285,0.36981446938414525,0.3960134649124136,0.08285714285714285,0.06934306569343066,0.05714285714285714,0.21714285714285714,8.097142857142858,0.0072992700729927005,0.002857142857142857,0.037981713326406555,0.1319663491490371,6.153284671532846,0.0,0.0,0.15,0.08029197080291971,0,0.1749924270861383,0.22448610341202074,3.4908544960675205,0.7096529876069847,0.0,1.0,0.0,0.1,0.0,0.23180588605421432,0.3,0.08,0.06909090909090909,0.5,0.25
247,0.9872598126224671,0.502353846310998,0.9628718000328326,0.5047807887680655,0.2462483218342688,0.502817564907519,0.8974358974358975,0.3884790297287373,0.41415574133325794,0.10622710622710622,0.7,0.36981446938414525,0.3960134649124136,0.08285714285714285,0.07326007326007326,0.06571428571428571,0.22,8.12,0.007326007326007326,0.002857142857142857,0.037992792277155615,0.1319663491490371,6.153846153846154,0.0,0.0,0.15,0.08058608058608059,0,0.17480005204010038,0.22336367289496065,3.4867516918604555,0.695459927854845,0.0,1.0,0.0,0.1,0.0,0.23180588605421432,0.3,0.08,0.07664233576642336,0.5,0.25
248,0.9851502261921489,0.5032077461805541,0.9612263226171842,0.5050940515357814,0.2462483218342688,0.5029374794079788,0.9230769230769231,0.3884790297287373,0.41415574133325794,0.10622710622710622,0.72,0.36981446938414525,0.3960134649124136,0.08285714285714285,0.06593406593406594,0.054285714285714284,0.22,8.12,0.003663003663003663,0.0,0.03801213096299352,0.1319663491490371,6.153846153846154,0.0,0.0,0.15,0.08058608058608059,0,0.1742686232084713,0.22224685453048584,3.4713023723089607,0.681550729297748,0.0,1.0,0.0,0.1,0.0,0.23180588605421432,0.3,0.08,0.06593406593406594,0.5,0.25
249,0.9835170235149396,0.5037541345689398,0.9599524245289613,0.5053251788999199,0.2462483218342688,0.5031442033687885,0.8974358974358975,0.3884790297287373,0.41415574133325794,0.10622710622710622,0.7,0.36981446938414525,0.3960134649124136,0.08285714285714285,0.054945054945054944,0.04285714285714286,0.22,8.134285714285713,0.007326007326007326,0.0,0.03801213096299352,0.1319663491490371,6.153846153846154,0.0,0.0,0.15,0.08058608058608059,0,0.17376799509242893,0.2211356202578334,3.444733467719924,0.6679197147117931,0.0,1.0,0.0,0.1,0.0,0.23180588605421432,0.3,0.08,0.054945054945054944,0.5,0.25
250,0.9836793309926947,0.503903801346778,0.9600790243616102,0.5051400166896053,0.2462483218342688,0.5033507018952819,0.9010989010989011,0.38855228980199746,0.41421068638820296,0.10622710622710622,0.7028571428571428,0.36987161224128806,0.39605632205527075,0.08285714285714285,0.05860805860805861,0.045714285714285714,0.22,8.14,0.007326007326007326,0.0,0.03801213096299352,0.1319663491490371,6.153846153846154,0.0,0.0,0.15,0.08058608058608059,0,0.17386745649207383,0.22002994215654423,3.421553084079812,0.673158705619955,0.0,0.9375,0.0,0.1,0.0,0.23180588605421432,0.3,0.08,0.05860805860805861,0.5,0.25
251,0.9846241594128365,0.5032426908114687,0.9608159905293208,0.5048366842450851,0.2462483218342688,0.5035325482276712,0.8901098901098901,0.38855228980199746,0.41421068638820296,0.10622710622710622,0.6942857142857143,0.36987161224128806,0.39605632205527075,0.08285714285714285,0.05860805860805861,0.045714285714285714,0.22,8.16,0.007326007326007326,0.0,0.03801213096299352,0.1319663491490371,6.153846153846154,0.0,0.0,0.15,0.08058608058608059,0,0.1738500012775955,0.21892979244576152,3.3988363081125006,0.6596955315075559,0.0,1.0,0.0,0.1,0.0,0.23180588605421432,0.3,0.08,0.05860805860805861,0.5,0.25
252,0.9837874466148799,0.5028670527686451,0.9601633545469147,0.504543884750495,0.2462483218342688,0.5036713083855919,0.9194139194139194,0.38855228980199746,0.41421068638820296,0.10622710622710622,0.7171428571428572,0.36987161224128806,0.39605632205527075,0.08285714285714285,0.06593406593406594,0.054285714285714284,0.22,8.17142857142857,0.014652014652014652,0.0,0.03801213096299352,0.1319663491490371,6.153846153846154,0.0,0.0,0.15,0.08058608058608059,0,0.17357762124622544,0.21783514348353272,3.385145296235965,0.6465016208774047,0.0,1.0,0.0,0.1,0.0,0.23180588605421432,0.3,0.08,0.06593406593406594,0.5,0.25
253,0.983727127244112,0.5047803546031416,0.9601163054377155,0.5059471249993991,0.2462483218342688,0.5037520773319165,0.9120879120879121,0.38855228980199746,0.41421068638820296,0.10622710622710622,0.7114285714285714,0.36987161224128806,0.39605632205527075,0.08285714285714285,0.06593406593406594,0.054285714285714284,0.22,8.174285714285714,0.01098901098901099,0.0,0.03801213096299352,0.1319663491490371,6.153846153846154,0.0,0.0,0.15,0.08058608058608059,0,0.17330844885427998,0.21674596776611504,3.3717281045969596,0.6335715884598566,0.0,1.0,0.0,0.1,0.0,0.23180588605421432,0.3,0.08,0.06593406593406594,0.5,0.25
254,0.9834877125282513,0.5046990113266986,0.9599295619593441,0.5057720332627079,0.2462483218342688,0.5038688645632692,0.8717948717948718,0.38855228980199746,0.41421068638820296,0.10622710622710622,0.68,0.36987161224128806,0.39605632205527075,0.08285714285714285,0.054945054945054944,0.045714285714285714,0.22,8.17142857142857,0.01098901098901099,0.0,0.03801213096299352,0.1319663491490371,6.153846153846154,0.0,0.0,0.15,0.08058608058608059,0,0.17284133589572287,0.21566223792728448,3.350007828219306,0.6209001566906595,0.0,1.0,0.0,0.1,0.0,0.23180588605421432,0.3,0.08,0.054945054945054944,0.5,0.25
255,0.9837760316609954,0.5051496959954381,0.9601544508828849,0.506140642382292,0.2462483218342688,0.5040330542205433,0.9120879120879121,0.38855228980199746,0.41421068638820296,0.10622710622710622,0.7114285714285714,0.36987161224128806,0.39605632205527075,0.08285714285714285,0.054945054945054944,0.04285714285714286,0.22,8.162857142857144,0.01098901098901099,0.0,0.03801213096299352,0.1319663491490371,6.153846153846154,0.0,0.0,0.15,0.08058608058608059,0,0.17246156064124427,0.21458392673764806,3.3258648145120633,0.6084821535568462,0.0,1.0,0.0,0.1,0.0,0.23180588605421432,0.3,0.08,0.054945054945054944,0.5,0.25
256,0.9826932064407533,0.5048525534867156,0.9593098472110956,0.5055645110168554,0.2462483218342688,0.5042788557748435,0.9157509157509157,0.38855228980199746,0.41421068638820296,0.10622710622710622,0.7142857142857143,0.36987161224128806,0.39605632205527075,0.08285714285714285,0.06227106227106227,0.04857142857142857,0.22,8.168571428571429,0.01098901098901099,0.0,0.03801213096299352,0.1319663491490371,6.153846153846154,0.0,0.0,0.15,0.08058608058608059,0,0.1721108392131451,0.21351100710395982,3.307918946793251,0.5963125104857093,0.0,1.0,0.0,0.1,0.0,0.23180588605421432,0.3,0.08,0.06227106227106227,0.5,0.25
257,0.9823063283288955,0.5056136590129867,0.9590080822838467,0.5065202609547133,0.2462483218342688,0.5044106703401077,0.8754578754578755,0.38855228980199746,0.41421068638820296,0.10622710622710622,0.6828571428571428,0.36987161224128806,0.39605632205527075,0.08285714285714285,0.06593406593406594,0.06285714285714286,0.22,8.17142857142857,0.01098901098901099,0.0,0.03801213096299352,0.1319663491490371,6.153846153846154,0.0,0.0,0.15,0.08058608058608059,0,0.1719615814242401,0.21244345206844,3.304617710714528,0.5843862602759952,0.0,1.0,0.0,0.1,0.0,0.23180588605421432,0.3,0.08,0.06593406593406594,0.5,0.25
258,0.9831969209078215,0.5054417593901039,0.959702744495409,0.5067804458340377,0.2462483218342688,0.5046499218603226,0.8608058608058609,0.38855228980199746,0.41421068638820296,0.10622710622710622,0.6714285714285714,0.36987161224128806,0.39605632205527075,0.08285714285714285,0.047619047619047616,0.04285714285714286,0.22,8.194285714285714,0.01098901098901099,0.0,0.03801213096299352,0.1319663491490371,6.153846153846154,0.0,0.0,0.15,0.08058608058608059,0,0.1716432056564046,0.2113812348080978,3.28138249935738,0.5726985350704752,0.0,1.0,0.0,0.1,0.0,0.23180588605421432,0.3,0.08,0.047619047619047616,0.5,0.25
259,0.9833674188345566,0.5057298726018897,0.9598357328782624,0.5072373021192518,0.2462483218342688,0.5048837550504008,0.8937728937728938,0.38855228980199746,0.41421068638820296,0.10622710622710622,0.6971428571428572,0.36987161224128806,0.39605632205527075,0.08285714285714285,0.07326007326007326,0.05714285714285714,0.22,8.194285714285714,0.01098901098901099,0.0,0.03801213096299352,0.1319663491490371,6.153846153846154,0.0,0.0,0.15,0.08058608058608059,0,0.1716053674361932,0.21032432863405734,3.2728977065130898,0.5612445643690658,0.0,1.0,0.0,0.1,0.0,0.23180588605421432,0.3,0.08,0.07326007326007326,0.5,0.25
260,0.9836336850123986,0.5058837524081733,0.9600434204969791,0.5074439704961243,0.2462483218342688,0.5052827621201749,0.9047619047619048,0.3886988099485176,0.41432057649809306,0.10622710622710622,0.7057142857142857,0.36998589795557385,0.3961420363409851,0.08285714285714285,0.07326007326007326,0.06,0.22,8.197142857142858,0.01098901098901099,0.0,0.03801213096299352,0.1319663491490371,6.153846153846154,0.0,0.0,0.15,0.08058608058608059,0,0.17151848345615509,0.20992317587993087,3.267439752382828,0.5921005437153017,0.0,0.9523809523809523,0.0,0.1,0.0,0.23180588605421432,0.3,0.08,0.07326007326007326,0.5,0.25
261,0.9824286908302052,0.5065785413478298,0.9591035250348682,0.5080768279725013,0.2462483218342688,0.5056566877563413,0.8937728937728938,0.38877207002177766,0.41437552155303814,0.10622710622710622,0.6971428571428572,0.37004304081271666,0.3961848934838422,0.08285714285714285,0.07692307692307693,0.07142857142857142,0.22,8.205714285714286,0.01098901098901099,0.0,0.03801213096299352,0.1319663491490371,6.153846153846154,0.0,0.0,0.15,0.08058608058608059,0,0.17202790955326705,0.2088735600005312,3.273519528763743,0.5963729612723471,0.0,0.96,0.0,0.1,0.0,0.23180588605421432,0.3,0.08,0.07692307692307693,0.5,0.25
262,0.9826021371282476,0.5063569545420151,0.9592388131473412,0.507547392732154,0.2462483218342688,0.5059651053991017,0.8901098901098901,0.38877207002177766,0.41437552155303814,0.10622710622710622,0.6942857142857143,0.37004304081271666,0.3961848934838422,0.08285714285714285,0.09157509157509157,0.07142857142857142,0.22,8.222857142857142,0.01098901098901099,0.0,0.03798611921791681,0.1319663491490371,6.153846153846154,0.0,0.0,0.15,0.08058608058608059,0,0.17173777357335787,0.20782919220052856,3.2794777096170393,0.5844455020469002,0.0,1.0,0.0,0.1,0.0,0.23347291144674123,0.3,0.08,0.09157509157509157,0.5,0.25
263,0.9833464461534164,0.5063178097104835,0.959819374186973,0.5071881328895689,0.2462483218342688,0.5063094805188137,0.9120879120879121,0.38899185024155786,0.4145403567178733,0.10622710622710622,0.7114285714285714,0.37021446938414526,0.3963134649124137,0.08285714285714285,0.05128205128205128,0.04,0.22,8.225714285714286,0.01098901098901099,0.0,0.03798611921791681,0.1319663491490371,6.153846153846154,0.0,0.0,0.15,0.08058608058608059,0,0.17202179899120534,0.20871913818742924,3.253888155424699,0.6423155241695638,0.0,0.8571428571428571,0.0,0.1,0.0,0.23347291144674123,0.3,0.08,0.05128205128205128,0.5,0.25
264,0.9838995514798881,0.5068832314542928,0.9602507963416208,0.5072023030615915,0.2462483218342688,0.5067059436790213,0.9010989010989011,0.389138370388078,0.4146502468277634,0.10622710622710622,0.7028571428571428,0.37032875509843094,0.3963991791981279,0.08285714285714285,0.06227106227106227,0.04857142857142857,0.22,8.262857142857143,0.014652014652014652,0.0,0.03798611921791681,0.1319663491490371,6.153846153846154,0.0,0.0,0.15,0.08058608058608059,0,0.17201811928196362,0.20767554249649212,3.237381820887633,0.6410355189753739,0.0,0.9411764705882353,0.0,0.1,0.0,0.23347291144674123,0.3,0.08,0.06227106227106227,0.5,0.25
265,0.983775044621728,0.5063311600132967,0.9601536809922563,0.5067429177775397,0.2462483218342688,0.5071236800467692,0.8791208791208791,0.389138370388078,0.4146502468277634,0.10622710622710622,0.6857142857142857,0.37032875509843094,0.3963991791981279,0.08285714285714285,0.06227106227106227,0.06,0.22,8.288571428571428,0.014652014652014652,0.0,0.03798611921791681,0.1319663491490371,6.153846153846154,0.0,0.0,0.15,0.08058608058608059,0,0.1720397536748395,0.20663716478400965,3.23263418446988,0.6282148085958663,0.0,1.0,0.0,0.1,0.0,0.23347291144674123,0.3,0.08,0.06227106227106227,0.5,0.25
266,0.9839186772852716,0.5070324286168996,0.9602657144698199,0.5073386980443744,0.2462483218342688,0.5075947072980723,0.9157509157509157,0.38921163046133805,0.41470519188270843,0.10622710622710622,0.7142857142857143,0.3703858979555738,0.396442036340985,0.08285714285714285,0.05128205128205128,0.04,0.22,8.294285714285714,0.014652014652014652,0.0,0.03798611921791681,0.1319663491490371,6.153846153846154,0.0,0.0,0.15,0.08058608058608059,0,0.17200698633146533,0.2080283290227957,3.207981500780482,0.6378923259961602,0.0,0.9285714285714286,0.0,0.1,0.0,0.23347291144674123,0.3,0.08,0.05128205128205128,0.5,0.25
267,0.9831333258739738,0.5066762609214508,0.9596531403690077,0.5066882029523354,0.2462483218342688,0.5081407914277656,0.8681318681318682,0.38921163046133805,0.41470519188270843,0.10622710622710622,0.6771428571428572,0.3703858979555738,0.396442036340985,0.08285714285714285,0.054945054945054944,0.045714285714285714,0.22,8.322857142857142,0.014652014652014652,0.0,0.03798611921791681,0.1319663491490371,6.153846153846154,0.0,0.0,0.15,0.08058608058608059,0,0.17160337997123656,0.2069881873776817,3.189536156479159,0.625134479476237,0.0,1.0,0.0,0.1,0.0,0.23347291144674123,0.3,0.08,0.054945054945054944,0.5,0.25
268,0.9830573241535121,0.5065345139245121,0.9595938590270477,0.5067742403368831,0.2462483218342688,0.5086893650093245,0.8754578754578755,0.3893581506078582,0.41481508199259853,0.10622710622710622,0.6828571428571428,0.3705001836698596,0.39652775062669937,0.08285714285714285,0.0695970695970696,0.06285714285714286,0.22,8.334285714285715,0.014652014652014652,0.0,0.03798611921791681,0.1319663491490371,6.153846153846154,0.0,0.0,0.15,0.08058608058608059,0,0.17194236878209465,0.2059532464407933,3.1886025762067183,0.7019617639433046,0.0,0.9545454545454546,0.0,0.1,0.0,0.23347291144674123,0.3,0.08,0.0695970695970696,0.5,0.25
269,0.9822206921715099,0.5075267038614364,0.958941286081086,0.5074203425649214,0.2462483218342688,0.5091930120654303,0.8754578754578755,0.3894314106811183,0.41487002704754367,0.10622710622710622,0.6828571428571428,0.3705573265270024,0.3965706077695565,0.08285714285714285,0.06593406593406594,0.05142857142857143,0.22,8.351428571428572,0.014652014652014652,0.0,0.03798611921791681,0.1319663491490371,6.153846153846154,0.0,0.0,0.15,0.08058608058608059,0,0.17204983954632455,0.20492348020858933,3.1762590961111554,0.7583948038949873,0.0,0.9444444444444444,0.0,0.1,0.0,0.23347291144674123,0.3,0.08,0.06593406593406594,0.5,0.25
270,0.9830840943150528,0.5076331808650457,0.9596147397530493,0.5073235235343838,0.2462483218342688,0.5097718548466786,0.9084249084249084,0.3895779308276385,0.4149799171574337,0.10622710622710622,0.7085714285714285,0.37067161224128814,0.3966563220552708,0.08285714285714285,0.05860805860805861,0.05142857142857143,0.22,8.385714285714286,0.018315018315018316,0.0,0.03798611921791681,0.1319663491490371,6.153846153846154,0.0,0.0,0.15,0.08058608058608059,0,0.17210273463430723,0.20389886280754638,3.1641624856175037,0.8371855392418075,0.0,0.9444444444444444,0.0,0.1,0.0,0.23347291144674123,0.3,0.08,0.05860805860805861,0.5,0.25
271,0.9836686692956254,0.5082992042794864,0.9600707082378959,0.5079926338279692,0.2462483218342688,0.5103278233535404,0.8901098901098901,0.3897244509741586,0.4150898072673238,0.10622710622710622,0.6942857142857143,0.37078589795557376,0.39674203634098504,0.08285714285714285,0.06227106227106227,0.04857142857142857,0.22,8.405714285714286,0.018315018315018316,0.0,0.03798611921791681,0.1319663491490371,6.153846153846154,0.0,0.0,0.15,0.08058608058608059,0,0.1723536566682785,0.20287936849350865,3.149450664476582,0.8524992736482793,0.0,0.9411764705882353,0.0,0.1,0.0,0.23347291144674123,0.3,0.08,0.06227106227106227,0.5,0.25
272,0.9848024358865243,0.5077337646011683,0.9607440749659543,0.5077270313759633,0.2462483218342688,0.5109750697324362,0.8970588235294118,0.3908463408307738,0.41486194119329023,0.10661764705882353,0.6971428571428572,0.37078589795557376,0.39674203634098504,0.08285714285714285,0.06985294117647059,0.06285714285714286,0.22285714285714286,8.425714285714285,0.014705882352941176,0.002857142857142857,0.03800168625774632,0.13196634914903713,6.117647058823529,0.0,0.0,0.15,0.08088235294117647,0,0.17203346266708,0.20186497165104111,3.149318794044193,0.8354492881753136,0.0,1.0,0.0,0.1,0.0,0.23347291144674123,0.3,0.08,0.07326007326007326,0.5,0.25
273,0.9838108653173026,0.5072669298588633,0.9599734829807304,0.5072203019238523,0.2462483218342688,0.51175177542844,0.8529411764705882,0.3908463408307738,0.41486194119329023,0.10661764705882353,0.6628571428571428,0.37078589795557376,0.39674203634098504,0.08285714285714285,0.03676470588235294,0.03142857142857143,0.22285714285714286,8.451428571428572,0.01838235294117647,0.0,0.03804372377793283,0.13196634914903713,6.117647058823529,0.0,0.0,0.15,0.08088235294117647,0,0.17151543892517318,0.2008556467927859,3.117760989591881,0.8187403024118074,0.0,1.0,0.0,0.1,0.0,0.23347291144674123,0.3,0.08,0.03676470588235294,0.5,0.25
274,0.9841987745792681,0.5076932805750873,0.9602749438928866,0.5072870169553432,0.2462483218342688,0.5124585363058477,0.8676470588235294,0.39091987024253855,0.4149170882521137,0.10661764705882353,0.6742857142857143,0.3708430408127167,0.39678489348384216,0.08285714285714285,0.07352941176470588,0.06571428571428571,0.22285714285714286,8.482857142857142,0.01838235294117647,0.0,0.03804372377793283,0.13196634914903713,6.117647058823529,0.0,0.0,0.15,0.08088235294117647,0,0.17168514815911876,0.19985136855882196,3.121120055514328,0.8239497642851935,0.0,0.9565217391304348,0.0,0.1,0.0,0.23347291144674123,0.3,0.08,0.07352941176470588,0.5,0.25
275,0.9834343434318393,0.5083440085389705,0.9596808716868847,0.5075780170492786,0.2462483218342688,0.5131386745358375,0.875,0.39106692906606794,0.4150273823697608,0.10661764705882353,0.68,0.37095732652700236,0.3968706077695565,0.08285714285714285,0.09191176470588236,0.08,0.22285714285714286,8.514285714285714,0.01838235294117647,0.0,0.038023119652141224,0.13196634914903713,6.117647058823529,0.0,0.0,0.15,0.08088235294117647,0,0.17202345236485878,0.19885211171602785,3.138697654404042,0.8698972180084482,0.0,0.9642857142857143,0.0,0.1,0.0,0.23479133213036593,0.3,0.08,0.09191176470588236,0.5,0.25
276,0.9844399013805668,0.5084739714675237,0.9604623338641815,0.5077531830795171,0.2462483218342688,0.5137842139574404,0.8676470588235294,0.39106692906606794,0.4150273823697608,0.10661764705882353,0.6742857142857143,0.37095732652700236,0.3968706077695565,0.08285714285714285,0.07352941176470588,0.06,0.22285714285714286,8.537142857142857,0.01838235294117647,0.0,0.038023119652141224,0.13196634914903713,6.117647058823529,0.0,0.0,0.15,0.08088235294117647,0,0.1717039207638558,0.19785785115744772,3.1359237013159604,0.8524992736482793,0.0,1.0,0.0,0.1,0.0,0.23479133213036593,0.3,0.08,0.07352941176470588,0.5,0.25
277,0.985398496286178,0.5085775930134507,0.9612072990479708,0.5082042561660517,0.2462483218342688,0.5144868466967524,0.8382352941176471,0.3913610467131268,0.4152479706050549,0.10661764705882353,0.6514285714285715,0.37118589795557383,0.3970420363409851,0.08285714285714285,0.06985294117647059,0.054285714285714284,0.22285714285714286,8.548571428571428,0.022058823529411766,0.0,0.038023119652141224,0.13196634914903713,6.117647058823529,0.0,0.0,0.15,0.08088235294117647,0,0.17235388999799334,0.20499278988572275,3.1274909415753562,0.8806805527275339,0.0,0.8947368421052632,0.0,0.1,0.0,0.23479133213036593,0.3,0.08,0.06985294117647059,0.5,0.25
278,0.9835296159926631,0.5081650370821535,0.9597549120770106,0.5081125564494283,0.2462483218342688,0.515211974092049,0.8492647058823529,0.3913610467131268,0.4152479706050549,0.10661764705882353,0.66,0.37118589795557383,0.3970420363409851,0.08285714285714285,0.06985294117647059,0.05714285714285714,0.22285714285714286,8.574285714285715,0.022058823529411766,0.0,0.038023119652141224,0.13196634914903713,6.117647058823529,0.0,0.0,0.15,0.08088235294117647,0,0.17211897983371768,0.20396782593629414,3.122083979886706,0.8630669416729831,0.0,1.0,0.0,0.1,0.0,0.23479133213036593,0.3,0.08,0.06985294117647059,0.5,0.25
279,0.9837940566238428,0.5090917614878516,0.9599604202246702,0.5089604022640923,0.2462483218342688,0.5157116518702604,0.8933823529411765,0.3913610467131268,0.4152479706050549,0.10661764705882353,0.6942857142857143,0.37118589795557383,0.3970420363409851,0.08285714285714285,0.07352941176470588,0.05714285714285714,0.22285714285714286,8.602857142857143,0.025735294117647058,0.0,0.038023119652141224,0.13196634914903713,6.117647058823529,0.0,0.0,0.15,0.08088235294117647,0,0.17220038564883478,0.20294798680661266,3.1167851574318295,0.8458056028395234,0.0,0.95,0.0,0.1,0.0,0.23479133213036593,0.3,0.08,0.07352941176470588,0.5,0.25
280,0.9822021529411112,0.5095749363142571,0.9587232836483762,0.5091610515293842,0.2462483218342688,0.5163693807047087,0.8566176470588235,0.3913610467131268,0.4152479706050549,0.10661764705882353,0.6657142857142857,0.37118589795557383,0.3970420363409851,0.08285714285714285,0.07720588235294118,0.06571428571428571,0.22285714285714286,8.622857142857143,0.025735294117647058,0.0,0.038023119652141224,0.13196634914903713,6.117647058823529,0.0,0.0,0.15,0.08088235294117647,0,0.17185295586344776,0.2019332468725796,3.120163739997478,0.828889490782733,0.0,1.0,0.0,0.1,0.0,0.23479133213036593,0.3,0.08,0.07720588235294118,0.5,0.25
281,0.9816290715086358,0.5094380222745145,0.9581502574861341,0.5094724868621892,0.2462483218342688,0.5169664566249572,0.8892988929889298,0.39000541127079025,0.4141142240793989,0.1033210332103321,0.6885714285714286,0.3713001836698595,0.3971277506266993,0.08285714285714285,0.1033210332103321,0.08571428571428572,0.2257142857142857,8.648571428571428,0.02214022140221402,0.002857142857142857,0.03793846585808664,0.13196634914903713,6.095940959409594,0.0,0.0,0.15,0.08118081180811808,0,0.17224727747702337,0.20092358063821672,3.1434747509118144,0.8216033162285388,0.0,0.9666666666666667,0.0,0.1,0.0,0.24067746190302086,0.3,0.08,0.10294117647058823,0.5,0.25
282,0.9820502848369327,0.5103942215828453,0.9584763969489013,0.5100424826233406,0.2462483218342688,0.5175283158892476,0.8523985239852399,0.3900792120087976,0.4141695746329045,0.1033210332103321,0.66,0.3713573265270024,0.3971706077695565,0.08285714285714285,0.07749077490774908,0.06571428571428571,0.2257142857142857,8.654285714285715,0.02214022140221402,0.0,0.03796217767676432,0.13196634914903713,6.095940959409594,0.0,0.0,0.15,0.08118081180811808,0,0.17241347251463823,0.2189069737866536,3.1463195416078635,0.8456936103205361,0.0,0.9565217391304348,0.0,0.1,0.0,0.24067746190302086,0.3,0.08,0.07749077490774908,0.5,0.25
283,0.9813878805546101,0.5100308918448218,0.9579635067760173,0.5094904795106581,0.2462483218342688,0.5179653134963547,0.8929889298892989,0.39022681348481236,0.4142802757399155,0.1033210332103321,0.6914285714285714,0.3714716122412881,0.3972563220552708,0.08285714285714285,0.06642066420664207,0.054285714285714284,0.2257142857142857,8.677142857142858,0.02214022140221402,0.0,0.03796217767676432,0.13196634914903713,6.095940959409594,0.0,0.0,0.15,0.08118081180811808,0,0.1723225480092079,0.21781243891772034,3.13767886506142,0.8354492881753136,0.0,0.9473684210526315,0.0,0.1,0.0,0.24067746190302086,0.3,0.08,0.06642066420664207,0.5,0.25
284,0.9813417433519268,0.5098710097996818,0.9579277833990828,0.5095072970109807,0.2462483218342688,0.5183302360614354,0.915129151291513,0.39022681348481236,0.4142802757399155,0.1033210332103321,0.7085714285714285,0.3714716122412881,0.3972563220552708,0.08285714285714285,0.07011070110701106,0.05714285714285714,0.2257142857142857,8.708571428571428,0.02214022140221402,0.0,0.03796217767676432,0.13196634914903713,6.095940959409594,0.0,0.0,0.15,0.08118081180811808,0,0.1720882216977333,0.21672337672313174,3.132068144903049,0.8187403024118074,0.0,1.0,0.0,0.1,0.0,0.24067746190302086,0.3,0.08,0.07011070110701106,0.5,0.25
285,0.9815366087593245,0.5097524207617222,0.958078664900239,0.5094133897131603,0.2462483218342688,0.5186353032554494,0.8671586715867159,0.39022681348481236,0.4142802757399155,0.1033210332103321,0.6714285714285714,0.3714716122412881,0.3972563220552708,0.08285714285714285,0.06642066420664207,0.05714285714285714,0.2257142857142857,8.725714285714286,0.02214022140221402,0.0,0.03796217767676432,0.13196634914903713,6.095940959409594,0.0,0.0,0.15,0.08118081180811808,0,0.17182649772853037,0.21563975983951608,3.1265696391478457,0.8023654963635712,0.0,1.0,0.0,0.1,0.0,0.24067746190302086,0.3,0.08,0.06642066420664207,0.5,0.25
286,0.9802445117438904,0.5108545147751772,0.9570782126397174,0.5098711946241711,0.2462483218342688,0.5188415512487949,0.8966789667896679,0.39059581717484926,0.4145570285074432,0.1033210332103321,0.6942857142857143,0.37175732652700244,0.39747060776955645,0.08285714285714285,0.07749077490774908,0.06285714285714286,0.2257142857142857,8.751428571428571,0.02214022140221402,0.0,0.03796217767676432,0.13196634914903713,6.095940959409594,0.0,0.0,0.15,0.08118081180811808,0,0.1728233680934591,0.2341391104625006,3.126895389222031,0.8313199475722057,0.0,0.8636363636363636,0.0,0.1,0.0,0.24067746190302086,0.3,0.08,0.07749077490774908,0.5,0.25
287,0.981368998482982,0.5115996889430131,0.9579488866576995,0.510243291337483,0.2462483218342688,0.5190149877795043,0.8819188191881919,0.39059581717484926,0.4145570285074432,0.1033210332103321,0.6828571428571428,0.37175732652700244,0.39747060776955645,0.08285714285714285,0.06642066420664207,0.05142857142857143,0.2257142857142857,8.762857142857143,0.025830258302583026,0.0,0.03796217767676432,0.13196634914903713,6.095940959409594,0.0,0.0,0.15,0.08118081180811808,0,0.1723586805387061,0.2329684149101881,3.1157860528661616,0.8146935486207616,0.0,1.0,0.0,0.1,0.0,0.24067746190302086,0.3,0.08,0.06642066420664207,0.5,0.25
288,0.9813725013302345,0.511243133097615,0.9579515988622864,0.5097523475697568,0.2462483218342688,0.5192872477553795,0.9003690036900369,0.39059581717484926,0.4145570285074432,0.1033210332103321,0.6971428571428572,0.37175732652700244,0.39747060776955645,0.08285714285714285,0.07749077490774908,0.06,0.2257142857142857,8.768571428571429,0.025830258302583026,0.0,0.03796217767676432,0.13196634914903713,6.095940959409594,0.0,0.0,0.15,0.08118081180811808,0,0.17220775993969104,0.23180357283563716,3.113470331808838,0.7983996776483463,0.0,1.0,0.0,0.1,0.0,0.24067746190302086,0.3,0.08,0.07749077490774908,0.5,0.25
289,0.9813966069265567,0.5114365866743715,0.9579702634811531,0.510096820229666,0.2462483218342688,0.5194895416394908,0.8708487084870848,0.39059581717484926,0.4145570285074432,0.1033210332103321,0.6742857142857143,0.37175732652700244,0.39747060776955645,0.08285714285714285,0.0996309963099631,0.08,0.2257142857142857,8.8,0.025830258302583026,0.0,0.03792123988099986,0.13196634914903713,6.095940959409594,0.0,0.0,0.15,0.08118081180811808,0,0.17197429328284974,0.23064455497145897,3.1312009251726614,0.7824316840953793,0.0,1.0,0.0,0.1,0.0,0.243308171671598,0.3,0.08,0.0996309963099631,0.5,0.25
290,0.9800021899894106,0.5121407693949093,0.9569477229669932,0.5106331358756854,0.2462483218342688,0.5196829776480791,0.8851851851851852,0.3917660600100891,0.4149261241874619,0.1037037037037037,0.6828571428571428,0.3718716122412881,0.39755632205527075,0.08285714285714285,0.044444444444444446,0.037142857142857144,0.22857142857142856,8.822857142857142,0.022222222222222223,0.002857142857142857,0.037959561121987895,0.1319663491490371,6.059259259259259,0.0,0.0,0.15,0.08148148148148149,0,0.17174299324500691,0.22949133219660167,3.1057197638120657,0.772295950347725,0.0,0.9230769230769231,0.0,0.1,0.0,0.243308171671598,0.3,0.08,0.04797047970479705,0.5,0.25
291,0.9811560585919982,0.5126384094319654,0.9576664156129766,0.5103059175132038,0.2462483218342688,0.5199629230800271,0.8810408921933085,0.39306785524263377,0.4150157659471246,0.10408921933085502,0.6771428571428572,0.3718716122412881,0.39755632205527075,0.08285714285714285,0.07063197026022305,0.06,0.23142857142857143,8.857142857142858,0.022304832713754646,0.002857142857142857,0.03803933384035356,0.1319663491490371,6.014869888475836,0.0,0.0,0.15,0.08178438661710037,0,0.17176543681453188,0.22834387553561866,3.103605368535824,0.7568500313407704,0.0,1.0,0.0,0.1,0.0,0.243308171671598,0.3,0.08,0.07407407407407407,0.5,0.25
292,0.981714471996187,0.5138285699908043,0.9580955962007675,0.5113154127561843,0.2462483218342688,0.5200995351987318,0.895910780669145,0.39306785524263377,0.4150157659471246,0.10408921933085502,0.6885714285714286,0.3718716122412881,0.39755632205527075,0.08285714285714285,0.05204460966542751,0.04285714285714286,0.23142857142857143,8.871428571428572,0.022304832713754646,0.0,0.03804807707048857,0.1319663491490371,6.014869888475836,0.0,0.0,0.15,0.08178438661710037,0,0.17139103963045924,0.22720215615794054,3.0843904040222503,0.741713030713955,0.0,1.0,0.0,0.1,0.0,0.243308171671598,0.3,0.08,0.05204460966542751,0.5,0.25
293,0.9822562570741977,0.5132288795331671,0.9585119967321531,0.510740781873526,0.2462483218342688,0.5202915052951731,0.8736059479553904,0.39306785524263377,0.4150157659471246,0.10408921933085502,0.6714285714285714,0.3718716122412881,0.39755632205527075,0.08285714285714285,0.05947955390334572,0.05142857142857143,0.23142857142857143,8.882857142857143,0.022304832713754646,0.0,0.03804807707048857,0.1319663491490371,6.014869888475836,0.0,0.0,0.15,0.08178438661710037,0,0.1710189415751641,0.22606614537715083,3.074131167370377,0.7268787700996759,0.0,1.0,0.0,0.1,0.0,0.243308171671598,0.3,0.08,0.05947955390334572,0.5,0.25
294,0.9831602761923113,0.5135843230524899,0.9592067999972174,0.5104980115407558,0.2462483218342688,0.520515831191452,0.8513011152416357,0.39306785524263377,0.4150157659471246,0.10408921933085502,0.6542857142857142,0.3718716122412881,0.39755632205527075,0.08285714285714285,0.07806691449814127,0.06,0.23142857142857143,8.894285714285715,0.026022304832713755,0.0,0.03804807707048857,0.1319663491490371,6.014869888475836,0.0,0.0,0.15,0.08178438661710037,0,0.17076284758157398,0.2249358146502651,3.0726485440229694,0.7123411946976824,0.0,1.0,0.0,0.1,0.0,0.243308171671598,0.3,0.08,0.07806691449814127,0.5,0.25
295,0.9808848189115852,0.5139567577565622,0.9574579485443165,0.5108810359627591,0.2462483218342688,0.5208083286917691,0.8921933085501859,0.393142204685013,0.41507152802890895,0.10408921933085502,0.6857142857142857,0.37192875509843104,0.3975991791981279,0.08285714285714285,0.08178438661710037,0.06857142857142857,0.23142857142857143,8.902857142857142,0.026022304832713755,0.0,0.038145088528422307,0.1319663491490371,6.014869888475836,0.0,0.0,0.15,0.08178438661710037,0,0.1707374619150947,0.2245664478216581,3.0797670017139387,0.7263279661349069,0.0,0.9583333333333334,0.0,0.1,0.0,0.23711869414781375,0.3,0.08,0.08178438661710037,0.5,0.25
296,0.9825190210435588,0.51455494403167,0.9587139496114618,0.511224229028694,0.2462483218342688,0.5210357271144475,0.8884758364312267,0.39329090356977137,0.41518305219247775,0.10408921933085502,0.6828571428571428,0.3720430408127167,0.3976848934838422,0.08285714285714285,0.055762081784386616,0.04285714285714286,0.23142857142857143,8.928571428571429,0.026022304832713755,0.0,0.038145088528422307,0.1319663491490371,6.014869888475836,0.0,0.0,0.15,0.08178438661710037,0,0.17073935315910851,0.2280699792666071,3.0610288045368024,0.7275755128548544,0.0,0.9333333333333333,0.0,0.1,0.0,0.23711869414781375,0.3,0.08,0.055762081784386616,0.5,0.25
297,0.9823676565219355,0.5140857705392526,0.9585976151648429,0.5108018770720562,0.2462483218342688,0.5212258323107933,0.895910780669145,0.39329090356977137,0.41518305219247775,0.10408921933085502,0.6885714285714286,0.3720430408127167,0.3976848934838422,0.08285714285714285,0.07434944237918216,0.06,0.23142857142857143,8.942857142857143,0.026022304832713755,0.0,0.038145088528422307,0.1319663491490371,6.014869888475836,0.0,0.0,0.15,0.08178438661710037,0,0.1705688078040451,0.22692962937027408,3.059808228446067,0.7130240025977573,0.0,1.0,0.0,0.1,0.0,0.23711869414781375,0.3,0.08,0.07434944237918216,0.5,0.25
298,0.9818060048371287,0.514590431275119,0.9579974631506015,0.5113173784777888,0.2462483218342688,0.5212574716764699,0.9067164179104478,0.39433449520223673,0.41600917140464483,0.1044776119402985,0.6942857142857143,0.3720430408127167,0.3976848934838422,0.08285714285714285,0.055970149253731345,0.04857142857142857,0.2342857142857143,8.951428571428572,0.022388059701492536,0.002857142857142857,0.03814943745788323,0.13196634914903713,5.992537313432836,0.0,0.0,0.15,0.08208955223880597,0,0.17050988188869592,0.2257949812234227,3.047183492448574,0.6987635225458021,0.0,1.0,0.0,0.1,0.0,0.23711869414781375,0.3,0.08,0.05947955390334572,0.5,0.25
299,0.9810515816424745,0.5146619726193353,0.9574197905329804,0.5111532793254692,0.2462483218342688,0.5211828434861243,0.8955223880597015,0.39433449520223673,0.41600917140464483,0.1044776119402985,0.6857142857142857,0.3720430408127167,0.3976848934838422,0.08285714285714285,0.048507462686567165,0.037142857142857144,0.2342857142857143,8.951428571428572,0.022388059701492536,0.0,0.0381679409617106,0.13196634914903713,5.992537313432836,0.0,0.0,0.15,0.07835820895522388,0,0.170166392031495,0.2246660063173056,3.0233826797424586,0.684788252094886,0.0,1.0,0.0,0.1,0.0,0.23711869414781375,0.3,0.08,0.048507462686567165,0.5,0.25
300,0.9803763008258854,0.5150567176893663,0.9569027183648495,0.5113274223058513,0.2462483218342688,0.5210403588187145,0.8880597014925373,0.39433449520223673,0.41600917140464483,0.1044776119402985,0.68,0.3720430408127167,0.3976848934838422,0.08285714285714285,0.055970149253731345,0.04285714285714286,0.2342857142857143,8.951428571428572,0.026119402985074626,0.0,0.0381679409617106,0.13196634914903713,5.992537313432836,0.0,0.0,0.15,0.07835820895522388,0,0.16974327507133752,0.22354267628571906,3.005772169004753,0.6710924870529883,0.0,1.0,0.0,0.1,0.0,0.23711869414781375,0.3,0.08,0.055970149253731345,0.5,0.25
301,0.9810198268251298,0.5150072228939742,0.9574497044819132,0.5110128995970187,0.2462483218342688,0.5208524644902814,0.8726591760299626,0.39450112731572806,0.4151733517495833,0.10486891385767791,0.6657142857142857,0.3720430408127167,0.3976848934838422,0.08285714285714285,0.06367041198501873,0.04857142857142857,0.23714285714285716,8.965714285714286,0.02247191011235955,0.002857142857142857,0.03818566257804058,0.13196634914903713,5.9700374531835205,0.0,0.0,0.15,0.07865168539325842,0,0.1695778494066951,0.22242496290429048,2.9942281541960867,0.6576706373119285,0.0,1.0,0.0,0.1,0.0,0.23711869414781375,0.3,0.08,0.06343283582089553,0.5,0.25
302,0.9787807977678495,0.5150047838786569,0.9557416451725023,0.5112433938458714,0.2462483218342688,0.5205758492564759,0.9063670411985019,0.39450112731572806,0.4151733517495833,0.10486891385767791,0.6914285714285714,0.3720430408127167,0.3976848934838422,0.08285714285714285,0.06741573033707865,0.054285714285714284,0.23714285714285716,8.982857142857142,0.02247191011235955,0.0,0.03818984401822881,0.13196634914903713,5.9700374531835205,0.0,0.0,0.15,0.07865168539325842,0,0.1691581030168045,0.22131283808976904,2.9886293053978785,0.64451722456569,0.0,1.0,0.0,0.1,0.0,0.23711869414781375,0.3,0.08,0.06741573033707865,0.5,0.25
303,0.9799769333616575,0.5139949297000479,0.9566541257540644,0.5103338094491175,0.2462483218342688,0.52024477972834,0.8951310861423221,0.39465094004981044,0.4152857113001451,0.10486891385767791,0.6828571428571428,0.3721573265270024,0.39777060776955653,0.08285714285714285,0.09363295880149813,0.07714285714285714,0.23714285714285716,9.005714285714285,0.02247191011235955,0.0,0.03817412033426162,0.13196634914903713,5.9700374531835205,0.0,0.0,0.15,0.07865168539325842,0,0.1695926408205751,0.22020627389932018,3.0059995764327776,0.6479965483876625,0.0,0.9629629629629629,0.0,0.1,0.0,0.23811791736414378,0.3,0.08,0.09363295880149813,0.5,0.25
304,0.9805760438906772,0.5136911979251534,0.956877239275809,0.5102959962306612,0.2462483218342688,0.5197680777095092,0.9210526315789473,0.39571663509575394,0.4154617066458857,0.10526315789473684,0.7,0.3721573265270024,0.39777060776955653,0.08285714285714285,0.07518796992481203,0.05714285714285714,0.24,9.002857142857144,0.018796992481203006,0.002857142857142857,0.03822554545627913,0.1319663491490371,5.932330827067669,0.0,0.0,0.15,0.07894736842105263,0,0.16934240613443644,0.21910524252982358,3.003022442046979,0.6350366174199091,0.0,1.0,0.0,0.1,0.0,0.23811791736414378,0.3,0.08,0.0749063670411985,0.5,0.25
305,0.9823890006626417,0.5139488438376248,0.958255086422502,0.5099951537907611,0.2462483218342688,0.5193067181947997,0.8646616541353384,0.3957918230656787,0.4155180976233293,0.10526315789473684,0.6571428571428571,0.37221446938414526,0.39781346491241365,0.08285714285714285,0.06766917293233082,0.05142857142857143,0.24,9.01142857142857,0.018796992481203006,0.0,0.03822554545627913,0.1319663491490371,5.932330827067669,0.0,0.0,0.15,0.07894736842105263,0,0.1693241226751928,0.23605592159337385,2.994390564634611,0.6557445569149276,0.0,0.9444444444444444,0.0,0.1,0.0,0.23811791736414378,0.3,0.08,0.06766917293233082,0.5,0.25
306,0.9811260967754316,0.5142751523520697,0.9572952794682225,0.5104238885133902,0.2462483218342688,0.5189982292566223,0.8947368421052632,0.39594219900552835,0.41563087957821654,0.10526315789473684,0.68,0.372328755098431,0.3978991791981279,0.08285714285714285,0.06390977443609022,0.04857142857142857,0.24,9.014285714285714,0.018796992481203006,0.0,0.03822554545627913,0.1319663491490371,5.932330827067669,0.0,0.0,0.15,0.07894736842105263,0,0.16939064634753115,0.24661861045424485,2.9830741819133477,0.6732269466388356,0.0,0.9411764705882353,0.0,0.1,0.0,0.23811791736414378,0.3,0.08,0.06390977443609022,0.5,0.25
307,0.9824567801164494,0.5144966447196037,0.958306598807396,0.5104366376460621,0.2462483218342688,0.5185431973679339,0.9060150375939849,0.39594219900552835,0.41563087957821654,0.10526315789473684,0.6885714285714286,0.372328755098431,0.3978991791981279,0.08285714285714285,0.06390977443609022,0.054285714285714284,0.24,9.045714285714286,0.018796992481203006,0.0,0.03822554545627913,0.1319663491490371,5.932330827067669,0.0,0.0,0.15,0.07894736842105263,0,0.16902883597293633,0.24538551740197362,2.977698412560795,0.6597624077060589,0.0,1.0,0.0,0.1,0.0,0.23811791736414378,0.3,0.08,0.06390977443609022,0.5,0.25
308,0.9821258125390271,0.5163955967537167,0.9581061325555863,0.5120898621323311,0.2462483218342688,0.518210749970611,0.9056603773584906,0.3961563282022501,0.41520643583316974,0.10566037735849057,0.6857142857142857,0.372328755098431,0.3978991791981279,0.08285714285714285,0.06037735849056604,0.054285714285714284,0.24285714285714285,9.065714285714286,0.01509433962264151,0.002857142857142857,0.03826041194196494,0.1319663491490371,5.90188679245283,0.0,0.0,0.15,0.07924528301886792,0,0.16886263461898154,0.24415858981496377,2.972430158595293,0.6465671595519377,0.0,1.0,0.0,0.1,0.0,0.23811791736414378,0.3,0.08,0.06390977443609022,0.5,0.25
309,0.9805769382069942,0.5165642993225104,0.9565138597407594,0.5122484453412773,0.2462483218342688,0.5179999249154252,0.9015151515151515,0.39708555658979944,0.41487503572667417,0.10606060606060606,0.68,0.372328755098431,0.3978991791981279,0.08285714285714285,0.04924242424242424,0.04,0.24571428571428572,9.071428571428571,0.011363636363636364,0.002857142857142857,0.038319464297511194,0.1319663491490371,5.871212121212121,0.0,0.0,0.15,0.07954545454545454,0,0.1685297607101902,0.24293779686588896,2.952981555423387,0.6336358163608989,0.0,1.0,0.0,0.1,0.0,0.23811791736414378,0.3,0.08,0.052830188679245285,0.5,0.25
310,0.981361670585588,0.5159159934492025,0.95710577216347,0.5120089533141684,0.2462483218342688,0.5178530592728107,0.8977272727272727,0.39708555658979944,0.41487503572667417,0.10606060606060606,0.6771428571428572,0.372328755098431,0.3978991791981279,0.08285714285714285,0.05303030303030303,0.04,0.24571428571428572,9.085714285714285,0.011363636363636364,0.0,0.03832654422012078,0.1319663491490371,5.871212121212121,0.0,0.0,0.15,0.07954545454545454,0,0.16833958022906534,0.2417231078815595,2.9339219243149195,0.6209631000336809,0.0,1.0,0.0,0.1,0.0,0.23811791736414378,0.3,0.08,0.05303030303030303,0.5,0.25
311,0.981698902447498,0.5145935855331235,0.9573601413393107,0.5109863566207368,0.2462483218342688,0.5176556934683869,0.9053030303030303,0.39708555658979944,0.41487503572667417,0.10606060606060606,0.6828571428571428,0.372328755098431,0.3978991791981279,0.08285714285714285,0.041666666666666664,0.037142857142857144,0.24571428571428572,9.097142857142858,0.011363636363636364,0.0,0.03832654422012078,0.1319663491490371,5.871212121212121,0.0,0.0,0.15,0.07954545454545454,0,0.16792545518506286,0.2405144923421517,2.912386342971479,0.6085438380330073,0.0,1.0,0.0,0.1,0.0,0.23811791736414378,0.3,0.08,0.041666666666666664,0.5,0.25
312,0.9818780348202183,0.5142566979280103,0.9574952583290199,0.5106574381559555,0.2462483218342688,0.5172000676203984,0.9053030303030303,0.39716131416555706,0.4149318539084924,0.10606060606060606,0.6828571428571428,0.37238589795557375,0.39794203634098513,0.08285714285714285,0.06060606060606061,0.054285714285714284,0.24571428571428572,9.108571428571429,0.011363636363636364,0.0,0.03832654422012078,0.1319663491490371,5.871212121212121,0.0,0.0,0.15,0.07954545454545454,0,0.16825341713781602,0.23931191988044093,2.908424330397763,0.649070553356642,0.0,0.9473684210526315,0.0,0.1,0.0,0.23811791736414378,0.3,0.08,0.06060606060606061,0.5,0.25
313,0.9807988333768602,0.5136364713341659,0.9566812320974583,0.5106356896619529,0.2462483218342688,0.5167784823513932,0.8939393939393939,0.39716131416555706,0.4149318539084924,0.10606060606060606,0.6742857142857143,0.37238589795557375,0.39794203634098513,0.08285714285714285,0.056818181818181816,0.04857142857142857,0.24571428571428572,9.12,0.011363636363636364,0.0,0.03832654422012078,0.1319663491490371,5.871212121212121,0.0,0.0,0.15,0.07954545454545454,0,0.16800973145928766,0.23811536028103872,2.8988272723612365,0.6360891422895091,0.0,1.0,0.0,0.1,0.0,0.23811791736414378,0.3,0.08,0.056818181818181816,0.5,0.25
314,0.9805942804301742,0.5139475926245227,0.9565269407319579,0.51063751776961,0.2462483218342688,0.5164227807977497,0.9166666666666666,0.3972370717413147,0.41498867209031054,0.10606060606060606,0.6914285714285714,0.37244304081271656,0.3979848934838422,0.08285714285714285,0.05303030303030303,0.045714285714285714,0.24571428571428572,9.12,0.011363636363636364,0.0,0.03832654422012078,0.1319663491490371,5.871212121212121,0.0,0.0,0.15,0.07954545454545454,0,0.16794054065913408,0.23692478347963356,2.8865650126282976,0.7023567740082072,0.0,0.9375,0.0,0.1,0.0,0.23811791736414378,0.3,0.08,0.05303030303030303,0.5,0.25
315,0.9818599310331094,0.5143863063972861,0.9574816029010292,0.5107935526276257,0.2462483218342688,0.5160598878516615,0.8939393939393939,0.3972370717413147,0.41498867209031054,0.10606060606060606,0.6742857142857143,0.37244304081271656,0.3979848934838422,0.08285714285714285,0.04924242424242424,0.037142857142857144,0.24571428571428572,9.122857142857143,0.011363636363636364,0.0,0.03832654422012078,0.1319663491490371,5.871212121212121,0.0,0.0,0.15,0.07954545454545454,0,0.1677243091318359,0.23574015956223537,2.8659765695185886,0.688309638528043,0.0,1.0,0.0,0.1,0.0,0.23811791736414378,0.3,0.08,0.04924242424242424,0.5,0.25
316,0.9831562741472587,0.5145605165366153,0.9584594159928445,0.5108218158521098,0.2462483218342688,0.5157332824111734,0.8901515151515151,0.3974643444685873,0.4151591266357651,0.10606060606060606,0.6714285714285714,0.3726144693841452,0.3981134649124136,0.08285714285714285,0.06439393939393939,0.05142857142857143,0.24571428571428572,9.137142857142857,0.011363636363636364,0.0,0.03832654422012078,0.1319663491490371,5.871212121212121,0.0,0.0,0.15,0.07954545454545454,0,0.16868454758260532,0.2345614587644242,2.860085609556788,0.7764781045408616,0.0,0.8333333333333334,0.0,0.1,0.0,0.23811791736414378,0.3,0.08,0.06439393939393939,0.5,0.25
317,0.9841856355048215,0.5157134009544659,0.9592358485596919,0.5119242834322689,0.2462483218342688,0.5154166105781323,0.8977272727272727,0.3974643444685873,0.4151591266357651,0.10606060606060606,0.6771428571428572,0.3726144693841452,0.3981134649124136,0.08285714285714285,0.045454545454545456,0.04285714285714286,0.24571428571428572,9.145714285714286,0.011363636363636364,0.0,0.03832654422012078,0.1319663491490371,5.871212121212121,0.0,0.0,0.15,0.07954545454545454,0,0.1686081412447101,0.23338865147060206,2.845741040222795,0.7609485424500444,0.0,1.0,0.0,0.1,0.0,0.23811791736414378,0.3,0.08,0.045454545454545456,0.5,0.25
318,0.9840413324487284,0.5162623948101246,0.9591270028259532,0.5123498659119381,0.2462483218342688,0.5153011120364571,0.8825757575757576,0.3974643444685873,0.4151591266357651,0.10606060606060606,0.6657142857142857,0.3726144693841452,0.3981134649124136,0.08285714285714285,0.06060606060606061,0.05142857142857143,0.24571428571428572,9.16,0.011363636363636364,0.0,0.03832654422012078,0.1319663491490371,5.871212121212121,0.0,0.0,0.15,0.07954545454545454,0,0.16844628314662694,0.23222170821324906,2.840254790846911,0.7457295716010435,0.0,1.0,0.0,0.1,0.0,0.23811791736414378,0.3,0.08,0.06060606060606061,0.5,0.25
319,0.9830136546554048,0.5175152215211016,0.9583518401475603,0.5132771739493569,0.2462483218342688,0.5150927963272802,0.8977272727272727,0.3974643444685873,0.4151591266357651,0.10606060606060606,0.6771428571428572,0.3726144693841452,0.3981134649124136,0.08285714285714285,0.06060606060606061,0.045714285714285714,0.24571428571428572,9.165714285714285,0.015151515151515152,0.0,0.03832654422012078,0.1319663491490371,5.871212121212121,0.0,0.0,0.15,0.07954545454545454,0,0.16817263810600086,0.23106059967218281,2.829163980744258,0.7308149801690226,0.0,1.0,0.0,0.1,0.0,0.23811791736414378,0.3,0.08,0.06060606060606061,0.5,0.25
320,0.9813448209816792,0.5179928368505982,0.9571250392430751,0.5139170495240273,0.2462483218342688,0.515040854462846,0.8783269961977186,0.39808714871302836,0.41503535283487647,0.10646387832699619,0.66,0.3726144693841452,0.3981134649124136,0.08285714285714285,0.053231939163498096,0.045714285714285714,0.24857142857142858,9.182857142857143,0.011406844106463879,0.002857142857142857,0.038353503085649554,0.13196634914903713,5.847908745247148,0.0,0.0,0.15,0.07984790874524715,0,0.16790220420118512,0.2299052966738219,2.8182949868436586,0.7161986805656422,0.0,1.0,0.0,0.1,0.0,0.23811791736414378,0.3,0.08,0.056818181818181816,0.5,0.25
321,0.9836145252754324,0.5174421122945083,0.9588305598980956,0.5134748334589562,0.2462483218342688,0.5151308589088296,0.8745247148288974,0.39823923996778116,0.4151494212759411,0.10646387832699619,0.6571428571428571,0.37272875509843095,0.3981991791981279,0.08285714285714285,0.07604562737642585,0.05714285714285714,0.24857142857142858,9.188571428571429,0.011406844106463879,0.0,0.03835682404335068,0.13196634914903713,5.847908745247148,0.0,0.0,0.15,0.07984790874524715,0,0.1680048367516078,0.22875577019045276,2.819071944249642,0.7647502819329546,0.0,0.95,0.0,0.1,0.0,0.23811791736414378,0.3,0.08,0.07604562737642585,0.5,0.25
322,0.9819523911444719,0.5176701929787271,0.9575815848225451,0.5138472674293613,0.2462483218342688,0.5151563202670347,0.8745247148288974,0.39823923996778116,0.4151494212759411,0.10646387832699619,0.6571428571428571,0.37272875509843095,0.3981991791981279,0.08285714285714285,0.06844106463878327,0.05714285714285714,0.24857142857142858,9.205714285714286,0.011406844106463879,0.0,0.03835682404335068,0.13196634914903713,5.847908745247148,0.0,0.0,0.15,0.07984790874524715,0,0.167790822546439,0.2276119913395005,2.8198333625075067,0.7494552762942955,0.0,1.0,0.0,0.1,0.0,0.23811791736414378,0.3,0.08,0.06844106463878327,0.5,0.25
323,0.9817318188092153,0.518315430037406,0.9574158404677666,0.5146746348066997,0.2462483218342688,0.5151884903179412,0.9011406844106464,0.398391331222534,0.4152634897170058,0.10646387832699619,0.6771428571428572,0.37284304081271663,0.39828489348384216,0.08285714285714285,0.060836501901140684,0.045714285714285714,0.24857142857142858,9.222857142857142,0.011406844106463879,0.0,0.03835682404335068,0.13196634914903713,5.847908745247148,0.0,0.0,0.15,0.07984790874524715,0,0.16786303616622406,0.226473931382803,2.8091509809716424,0.7583718596631877,0.0,0.9375,0.0,0.1,0.0,0.23811791736414378,0.3,0.08,0.060836501901140684,0.5,0.25
324,0.9820488558236261,0.5189791024132137,0.9577053601219564,0.5148411832477053,0.2462483218342688,0.5152001499435868,0.9122137404580153,0.39778340687564373,0.4162520621436479,0.10687022900763359,0.6828571428571428,0.37284304081271663,0.39828489348384216,0.08285714285714285,0.04580152671755725,0.03428571428571429,0.25142857142857145,9.237142857142857,0.011450381679389313,0.002857142857142857,0.03834587992716446,0.1319663491490371,5.8396946564885495,0.0,0.0,0.15,0.08015267175572519,0,0.16745115098539295,0.22534156172588898,2.787253675637924,0.7432044224699239,0.0,1.0,0.0,0.1,0.0,0.23811791736414378,0.3,0.08,0.045627376425855515,0.5,0.25
325,0.9802799055367505,0.5187059705085262,0.956381174478638,0.5145343252168226,0.2462483218342688,0.5153100574801395,0.8893129770992366,0.39785974275350633,0.4163093140520448,0.10687022900763359,0.6657142857142857,0.3729001836698595,0.39832775062669934,0.08285714285714285,0.03816793893129771,0.03142857142857143,0.25142857142857145,9.251428571428571,0.011450381679389313,0.0,0.03836098805258067,0.1319663491490371,5.8396946564885495,0.0,0.0,0.15,0.08015267175572519,0,0.16744161023046597,0.23649266454099094,2.7629371735537367,0.7746728295939967,0.0,0.9090909090909091,0.0,0.1,0.0,0.23811791736414378,0.3,0.08,0.03816793893129771,0.5,0.25
326,0.9820599055783072,0.5186456146110261,0.9577136316526034,0.5141226513702799,0.2462483218342688,0.5154278346835007,0.8473282442748091,0.39785974275350633,0.4163093140520448,0.10687022900763359,0.6342857142857142,0.3729001836698595,0.39832775062669934,0.08285714285714285,0.04580152671755725,0.03428571428571429,0.25142857142857145,9.262857142857143,0.011450381679389313,0.0,0.03836098805258067,0.1319663491490371,5.8396946564885495,0.0,0.0,0.15,0.08015267175572519,0,0.16714469644718866,0.235310201218286,2.7419641443683758,0.7591793730021168,0.0,1.0,0.0,0.1,0.0,0.23811791736414378,0.3,0.08,0.04580152671755725,0.5,0.25
327,0.9816779720996087,0.5177589130371861,0.957427727162835,0.5134385779338704,0.2462483218342688,0.5156201347604635,0.9007633587786259,0.39793607863136893,0.4163665659604418,0.10687022900763359,0.6742857142857143,0.3729573265270023,0.39837060776955646,0.08285714285714285,0.07251908396946564,0.054285714285714284,0.25142857142857145,9.262857142857143,0.011450381679389313,0.0,0.03836098805258067,0.1319663491490371,5.8396946564885495,0.0,0.0,0.15,0.08015267175572519,0,0.16710825939352414,0.23413365021219457,2.741410575766723,0.793625473525869,0.0,0.9473684210526315,0.0,0.1,0.0,0.23811791736414378,0.3,0.08,0.07251908396946564,0.5,0.25
328,0.9812306158604799,0.5173160142825015,0.9570928490638297,0.5130002624166046,0.2462483218342688,0.515826291951567,0.8931297709923665,0.39793607863136893,0.4163665659604418,0.10687022900763359,0.6685714285714286,0.3729573265270023,0.39837060776955646,0.08285714285714285,0.0648854961832061,0.05142857142857143,0.25142857142857145,9.28,0.011450381679389313,0.0,0.03836098805258067,0.1319663491490371,5.8396946564885495,0.0,0.0,0.15,0.08015267175572519,0,0.16709476077203797,0.23296298196113358,2.73801093567996,0.7777529640553515,0.0,1.0,0.0,0.1,0.0,0.23811791736414378,0.3,0.08,0.0648854961832061,0.5,0.25
329,0.9813088791788109,0.5173299835085818,0.9571514347478376,0.5129107651686505,0.2462483218342688,0.5157635726433518,0.8778625954198473,0.39801241450923147,0.4164238178688387,0.10687022900763359,0.6571428571428571,0.37301446938414523,0.39841346491241364,0.08285714285714285,0.06870229007633588,0.054285714285714284,0.25142857142857145,9.305714285714286,0.011450381679389313,0.0,0.03836098805258067,0.1319663491490371,5.8396946564885495,0.0,0.0,0.15,0.08015267175572519,0,0.16717285911103488,0.2317981670513279,2.737536431252075,0.7690223892601038,0.0,0.9473684210526315,0.0,0.1,0.0,0.23811791736414378,0.3,0.08,0.06870229007633588,0.5,0.25
330,0.9809725027833679,0.5175200321926573,0.9568996329889631,0.513459733137758,0.2462483218342688,0.5156606511993439,0.8435114503816794,0.39801241450923147,0.4164238178688387,0.10687022900763359,0.6314285714285715,0.37301446938414523,0.39841346491241364,0.08285714285714285,0.05343511450381679,0.04285714285714286,0.25142857142857145,9.311428571428571,0.011450381679389313,0.0,0.03836098805258067,0.1319663491490371,5.8396946564885495,0.0,0.0,0.15,0.08015267175572519,0,0.16690558049408688,0.23063917621607127,2.725642845484176,0.7536419414749017,0.0,1.0,0.0,0.1,0.0,0.23811791736414378,0.3,0.08,0.05343511450381679,0.5,0.25
331,0.9810385041305435,0.5170846148820276,0.9569490397117061,0.5133339691804465,0.2462483218342688,0.5156607178238165,0.8740458015267175,0.39801241450923147,0.4164238178688387,0.10687022900763359,0.6542857142857142,0.37301446938414523,0.39841346491241364,0.08285714285714285,0.04198473282442748,0.03142857142857143,0.25142857142857145,9.308571428571428,0.011450381679389313,0.0,0.03836098805258067,0.1319663491490371,5.8396946564885495,0.0,0.0,0.15,0.08015267175572519,0,0.1663847675916164,0.22948598033499093,2.702558560003064,0.7385691026454037,0.0,1.0,0.0,0.1,0.0,0.23811791736414378,0.3,0.08,0.04198473282442748,0.5,0.25
332,0.9821788817744307,0.5173785249579017,0.9578026938337016,0.5134574538801544,0.2462483218342688,0.5156581721494874,0.8931297709923665,0.39824142214281927,0.4165955735940296,0.10687022900763359,0.6685714285714286,0.3731858979555738,0.39854203634098506,0.08285714285714285,0.06870229007633588,0.06,0.25142857142857145,9.297142857142857,0.011450381679389313,0.0,0.03836098805258067,0.1319663491490371,5.8396946564885495,0.0,0.0,0.15,0.08015267175572519,0,0.16748494723681814,0.23050024786713036,2.7085073888030022,0.7314910836082273,0.0,0.9047619047619048,0.0,0.1,0.0,0.23811791736414378,0.3,0.08,0.06870229007633588,0.5,0.25
333,0.9821209498306078,0.5178487636368604,0.9575908723336636,0.5138445674760845,0.2462483218342688,0.515702573071435,0.9003831417624522,0.39867387777985425,0.4178112278961302,0.10727969348659004,0.6714285714285714,0.3731858979555738,0.39854203634098506,0.08285714285714285,0.038314176245210725,0.02857142857142857,0.2542857142857143,9.311428571428571,0.007662835249042145,0.002857142857142857,0.03837887100518171,0.1319663491490371,5.800766283524904,0.0,0.0,0.15,0.08045977011494253,0,0.1669893810720626,0.2293477466277947,2.6829086695983713,0.7168612619360628,0.0,1.0,0.0,0.1,0.0,0.23811791736414378,0.3,0.08,0.03816793893129771,0.5,0.25
334,0.9829746345115767,0.5180362176778225,0.9582274771957574,0.5136763691587706,0.2462483218342688,0.5157572798801278,0.8467432950191571,0.3987139465727428,0.4179261704248658,0.10727969348659004,0.6314285714285715,0.3732157778268421,0.3986277506266994,0.08285714285714285,0.04597701149425287,0.04285714285714286,0.2542857142857143,9.322857142857142,0.007662835249042145,0.0,0.0384185087222773,0.1319663491490371,5.800766283524904,0.0,0.0,0.15,0.08045977011494253,0,0.16712429273813087,0.22820100789465572,2.6721076390635465,0.7707896444402913,0.0,0.9333333333333333,0.0,0.1,0.0,0.23811791736414378,0.3,0.08,0.04597701149425287,0.5,0.25
335,0.9825983534459033,0.5174070671532534,0.9579468790296412,0.5132562464308531,0.2462483218342688,0.5158653640109704,0.896551724137931,0.3987139465727428,0.4179261704248658,0.10727969348659004,0.6685714285714286,0.3732157778268421,0.3986277506266994,0.08285714285714285,0.0842911877394636,0.06571428571428571,0.2542857142857143,9.34,0.011494252873563218,0.0,0.038474307832367716,0.1319663491490371,5.800766283524904,0.0,0.0,0.15,0.08045977011494253,0,0.1670292469851545,0.22706000285518246,2.684379771996561,0.7553738515514854,0.0,1.0,0.0,0.1,0.0,0.23461357663765928,0.3,0.08,0.0842911877394636,0.5,0.25
336,0.982709136864509,0.5174389724542725,0.9580294918075157,0.5133825968038198,0.2462483218342688,0.515832311889664,0.8735632183908046,0.3987139465727428,0.4179261704248658,0.10727969348659004,0.6514285714285715,0.3732157778268421,0.3986277506266994,0.08285714285714285,0.04597701149425287,0.03428571428571429,0.2542857142857143,9.342857142857143,0.011494252873563218,0.0,0.038474307832367716,0.1319663491490371,5.800766283524904,0.0,0.0,0.15,0.08045977011494253,0,0.16656453217522874,0.22592470284090657,2.6649778908423443,0.7402663745204557,0.0,1.0,0.0,0.1,0.0,0.23461357663765928,0.3,0.08,0.04597701149425287,0.5,0.25
337,0.9820628238120047,0.5174503114344464,0.9575475269312197,0.5133723763642579,0.2462483218342688,0.5157756952275481,0.9195402298850575,0.39879057492523323,0.41798364168923363,0.10727969348659004,0.6857142857142857,0.373272920683985,0.39867060776955654,0.08285714285714285,0.038314176245210725,0.02857142857142857,0.2542857142857143,9.348571428571429,0.011494252873563218,0.0,0.038474307832367716,0.1319663491490371,5.800766283524904,0.0,0.0,0.15,0.08045977011494253,0,0.16644556665720975,0.22479507932670204,2.6402497615969254,0.7413821784142498,0.0,0.9,0.0,0.1,0.0,0.23461357663765928,0.3,0.08,0.038314176245210725,0.5,0.25
338,0.982139410526826,0.5167628214789846,0.9576046387385577,0.5130598531664773,0.2462483218342688,0.515680687063712,0.8888888888888888,0.39879057492523323,0.41798364168923363,0.10727969348659004,0.6628571428571428,0.373272920683985,0.39867060776955654,0.08285714285714285,0.0421455938697318,0.03142857142857143,0.2542857142857143,9.34,0.011494252873563218,0.0,0.038474307832367716,0.1319663491490371,5.800766283524904,0.0,0.0,0.15,0.08045977011494253,0,0.1660690552524951,0.22367110393006853,2.6188733377935587,0.7265545348459648,0.0,1.0,0.0,0.1,0.0,0.23461357663765928,0.3,0.08,0.0421455938697318,0.5,0.25
339,0.9819258889251847,0.5173803912704941,0.9574454126299052,0.5135470214963656,0.2462483218342688,0.5155838371481464,0.9003831417624522,0.3989438316302141,0.41809858421796925,0.10727969348659004,0.6714285714285714,0.3733872063982707,0.39875632205527073,0.08285714285714285,0.08045977011494253,0.07142857142857142,0.2542857142857143,9.354285714285714,0.011494252873563218,0.0,0.038541001849991555,0.1319663491490371,5.800766283524904,0.0,0.0,0.15,0.08045977011494253,0,0.16643529281196476,0.22343364737283883,2.637924442466259,0.7206004338981781,0.0,0.96,0.0,0.1,0.0,0.23043640019808564,0.3,0.08,0.08045977011494253,0.5,0.25
340,0.9825127486692203,0.5170249179127563,0.9578830423247434,0.5135783309277713,0.2462483218342688,0.515710020011182,0.9272030651340997,0.3989438316302141,0.41809858421796925,0.10727969348659004,0.6914285714285714,0.3733872063982707,0.39875632205527073,0.08285714285714285,0.05747126436781609,0.04285714285714286,0.2542857142857143,9.382857142857143,0.011494252873563218,0.0,0.038541001849991555,0.1319663491490371,5.800766283524904,0.0,0.0,0.15,0.08045977011494253,0,0.16639602607392032,0.22231647913597463,2.6280230964740765,0.7061884252202144,0.0,1.0,0.0,0.1,0.0,0.23043640019808564,0.3,0.08,0.05747126436781609,0.5,0.25
341,0.9817209096570007,0.5183768952974643,0.9572925566613452,0.5149753111080481,0.2462483218342688,0.5159659341396464,0.89272030651341,0.3989438316302141,0.41809858421796925,0.10727969348659004,0.6657142857142857,0.3733872063982707,0.39875632205527073,0.08285714285714285,0.05363984674329502,0.04285714285714286,0.2542857142857143,9.382857142857143,0.011494252873563218,0.0,0.038541001849991555,0.1319663491490371,5.800766283524904,0.0,0.0,0.15,0.08045977011494253,0,0.16644890380069358,0.22120489674029475,2.6183197774017377,0.6920646567158101,0.0,0.9333333333333333,0.0,0.1,0.0,0.23043640019808564,0.3,0.08,0.05363984674329502,0.5,0.25
342,0.9811039820114108,0.5190766860080671,0.9568325049027766,0.5156768848025456,0.2462483218342688,0.5162450468682374,0.9310344827586207,0.39909708833519486,0.41821352674670487,0.10727969348659004,0.6942857142857143,0.3735014921125564,0.39884203634098503,0.08285714285714285,0.04597701149425287,0.04,0.2542857142857143,9.397142857142857,0.011494252873563218,0.0,0.038541001849991555,0.1319663491490371,5.800766283524904,0.0,0.0,0.15,0.08045977011494253,0,0.1664728035674044,0.2256373568785582,2.605953381853703,0.6869662720804445,0.0,0.9285714285714286,0.0,0.1,0.0,0.23043640019808564,0.3,0.08,0.04597701149425287,0.5,0.25
343,0.9819479200221478,0.5185766952626192,0.9574618415336406,0.5148597897312769,0.2462483218342688,0.516512930639634,0.896551724137931,0.39917371668768536,0.4182709980110727,0.10727969348659004,0.6685714285714286,0.37355863496969927,0.3988848934838422,0.08285714285714285,0.06513409961685823,0.05142857142857143,0.2542857142857143,9.402857142857142,0.011494252873563218,0.0,0.038541001849991555,0.1319663491490371,5.800766283524904,0.0,0.0,0.15,0.08045977011494253,0,0.16652501240671022,0.2245091700941654,2.6052628856452,0.7267821426807369,0.0,0.9444444444444444,0.0,0.1,0.0,0.23043640019808564,0.3,0.08,0.06513409961685823,0.5,0.25
344,0.9828926274461111,0.5184182086905604,0.9582152015628072,0.5149721719372012,0.2462483218342688,0.5165868438877053,0.9038461538461539,0.3991502306303181,0.41792196728091624,0.1076923076923077,0.6714285714285714,0.37355863496969927,0.3988848934838422,0.08285714285714285,0.057692307692307696,0.04857142857142857,0.2571428571428571,9.414285714285715,0.007692307692307693,0.002857142857142857,0.03855423354147688,0.13196634914903713,5.769230769230769,0.0,0.0,0.15,0.08076923076923077,0,0.16631882019824812,0.22338662424369457,2.601729056503725,0.7122464998271222,0.0,1.0,0.0,0.1,0.0,0.23043640019808564,0.3,0.08,0.06130268199233716,0.5,0.25
345,0.9834523829445164,0.5186219303280843,0.9586310199330511,0.515624428513398,0.2462483218342688,0.5164244179303278,0.8692307692307693,0.3991502306303181,0.41792196728091624,0.1076923076923077,0.6457142857142857,0.37355863496969927,0.3988848934838422,0.08285714285714285,0.038461538461538464,0.03142857142857143,0.2571428571428571,9.411428571428571,0.007692307692307693,0.0,0.03859499282538274,0.13196634914903713,5.769230769230769,0.0,0.0,0.15,0.08076923076923077,0,0.1660270981866496,0.2222696911224761,2.5811230468022215,0.6980015698305797,0.0,1.0,0.0,0.1,0.0,0.23043640019808564,0.3,0.08,0.038461538461538464,0.5,0.25
346,0.9854574667796923,0.5192306561470241,0.9601205107820387,0.5160358954461626,0.2462483218342688,0.5162580370336504,0.9153846153846154,0.3991502306303181,0.41792196728091624,0.1076923076923077,0.68,0.37355863496969927,0.3988848934838422,0.08285714285714285,0.046153846153846156,0.037142857142857144,0.2571428571428571,9.394285714285715,0.007692307692307693,0.0,0.03859499282538274,0.13196634914903713,5.769230769230769,0.0,0.0,0.15,0.08076923076923077,0,0.16570996341000208,0.22115834266686374,2.566643443009035,0.6840415384339681,0.0,1.0,0.0,0.1,0.0,0.23043640019808564,0.3,0.08,0.046153846153846156,0.5,0.25
347,0.9843374438565801,0.519794116278405,0.9592884937534413,0.516065294606781,0.2462483218342688,0.5160624921235436,0.8846153846153846,0.3991502306303181,0.41792196728091624,0.1076923076923077,0.6571428571428571,0.37355863496969927,0.3988848934838422,0.08285714285714285,0.057692307692307696,0.04285714285714286,0.2571428571428571,9.40857142857143,0.007692307692307693,0.0,0.03859499282538274,0.13196634914903713,5.769230769230769,0.0,0.0,0.15,0.08076923076923077,0,0.16542312859295205,0.2200525509535294,2.5581677170059964,0.6703607076652887,0.0,1.0,0.0,0.1,0.0,0.23043640019808564,0.3,0.08,0.057692307692307696,0.5,0.25
348,0.983863111616547,0.5195585368315033,0.9589361326608454,0.515993441249286,0.2462483218342688,0.5159304594374031,0.85,0.3991502306303181,0.41792196728091624,0.1076923076923077,0.6314285714285715,0.37355863496969927,0.3988848934838422,0.08285714285714285,0.057692307692307696,0.045714285714285714,0.2571428571428571,9.402857142857142,0.007692307692307693,0.0,0.03859499282538274,0.13196634914903713,5.769230769230769,0.0,0.0,0.15,0.08076923076923077,0,0.1652759303593727,0.21895228819876175,2.5527186483801625,0.6569534935119828,0.0,1.0,0.0,0.1,0.0,0.23043640019808564,0.3,0.08,0.057692307692307696,0.5,0.25
349,0.9835168273953115,0.519765988056057,0.958678892953642,0.5158200921041161,0.2462483218342688,0.5158121495411462,0.8730769230769231,0.39930407678416424,0.41803735189630076,0.1076923076923077,0.6485714285714286,0.37367292068398494,0.3989706077695565,0.08285714285714285,0.06538461538461539,0.05142857142857143,0.2571428571428571,9.394285714285715,0.007692307692307693,0.0,0.03859499282538274,0.13196634914903713,5.769230769230769,0.0,0.0,0.15,0.08076923076923077,0,0.1653342657075758,0.22227775101346572,2.5530928468411305,0.6438144236417432,0.0,0.9444444444444444,0.0,0.1,0.0,0.23043640019808564,0.3,0.08,0.06538461538461539,0.5,0.25
350,0.9823356963045844,0.5191631665879577,0.9578014812862445,0.5155714126692532,0.2462483218342688,0.5156099017809324,0.9,0.39930407678416424,0.41803735189630076,0.1076923076923077,0.6685714285714286,0.37367292068398494,0.3989706077695565,0.08285714285714285,0.038461538461538464,0.02857142857142857,0.2571428571428571,9.397142857142857,0.007692307692307693,0.0,0.03859499282538274,0.13196634914903713,5.769230769230769,0.0,0.0,0.15,0.08076923076923077,0,0.1648778829468951,0.2211663622583984,2.5306024184757363,0.6309381351689083,0.0,1.0,0.0,0.1,0.0,0.23043640019808564,0.3,0.08,0.038461538461538464,0.5,0.25
351,0.9833917862177036,0.5201836932939472,0.9585860052217042,0.5161259813058227,0.2462483218342688,0.5154817580710527,0.8884615384615384,0.3994579229380104,0.4181527365116854,0.1076923076923077,0.66,0.3737872063982707,0.3990563220552708,0.08285714285714285,0.05384615384615385,0.04,0.2571428571428571,9.4,0.007692307692307693,0.0,0.03859499282538274,0.13196634914903713,5.769230769230769,0.0,0.0,0.15,0.08076923076923077,0,0.1649949235321606,0.22542777414964524,2.5199903701062216,0.6412298827322565,0.0,0.9285714285714286,0.0,0.1,0.0,0.23043640019808564,0.3,0.08,0.05384615384615385,0.5,0.25
352,0.983699058471796,0.5213040629821245,0.9588142646104588,0.5172531988115606,0.2462483218342688,0.5154615770884822,0.9115384615384615,0.3996117690918566,0.41826812112707,0.1076923076923077,0.6771428571428572,0.3739014921125564,0.39914203634098505,0.08285714285714285,0.04230769230769231,0.037142857142857144,0.2571428571428571,9.38,0.007692307692307693,0.0,0.03859499282538274,0.13196634914903713,5.769230769230769,0.0,0.0,0.15,0.08076923076923077,0,0.16513924033592836,0.2378424816968071,2.506733419846954,0.6398914905308676,0.0,0.9230769230769231,0.0,0.1,0.0,0.23043640019808564,0.3,0.08,0.04230769230769231,0.5,0.25
353,0.9830276021948309,0.5203901030031026,0.958315468518999,0.5163886885836146,0.2462483218342688,0.5155406348476559,0.9,0.3996117690918566,0.41826812112707,0.1076923076923077,0.6685714285714286,0.3739014921125564,0.39914203634098505,0.08285714285714285,0.038461538461538464,0.037142857142857144,0.2571428571428571,9.388571428571428,0.007692307692307693,0.0,0.03859499282538274,0.13196634914903713,5.769230769230769,0.0,0.0,0.15,0.08076923076923077,0,0.16462754413424874,0.23665326928832306,2.4937416085928725,0.6270936607202502,0.0,1.0,0.0,0.1,0.0,0.23043640019808564,0.3,0.08,0.038461538461538464,0.5,0.25
354,0.9816180159619528,0.52115700845148,0.9572683473174324,0.5166616560650996,0.2462483218342688,0.5155981890785736,0.8769230769230769,0.3996117690918566,0.41826812112707,0.1076923076923077,0.6514285714285715,0.3739014921125564,0.39914203634098505,0.08285714285714285,0.057692307692307696,0.04857142857142857,0.2571428571428571,9.388571428571428,0.007692307692307693,0.0,0.03859499282538274,0.13196634914903713,5.769230769230769,0.0,0.0,0.15,0.08076923076923077,0,0.16459971491370243,0.23547000294188145,2.4924382049924434,0.6145517875058453,0.0,1.0,0.0,0.1,0.0,0.23043640019808564,0.3,0.08,0.057692307692307696,0.5,0.25
355,0.9808071642950167,0.5213987208223319,0.9566660003648513,0.5165033700357318,0.2462483218342688,0.515726850731189,0.8615384615384616,0.3999194613995489,0.41849889035783927,0.1076923076923077,0.64,0.3741300635411278,0.39931346491241365,0.08285714285714285,0.06538461538461539,0.04857142857142857,0.2571428571428571,9.397142857142857,0.007692307692307693,0.0,0.03859499282538274,0.13196634914903713,5.769230769230769,0.0,0.0,0.15,0.08076923076923077,0,0.16514615274986605,0.23429265292717205,2.491160869464023,0.7494582095004093,0.0,0.8823529411764706,0.0,0.1,0.0,0.23043640019808564,0.3,0.08,0.06538461538461539,0.5,0.25
356,0.9796058016672504,0.5214574507503517,0.9557735595556535,0.5161448463158451,0.2462483218342688,0.5159433749026927,0.9153846153846154,0.40007330755339504,0.4186142749732239,0.1076923076923077,0.68,0.3742443492554135,0.39939917919812795,0.08285714285714285,0.06923076923076923,0.054285714285714284,0.2571428571428571,9.402857142857142,0.011538461538461539,0.0,0.03859499282538274,0.13196634914903713,5.769230769230769,0.0,0.0,0.15,0.08076923076923077,0,0.16514827984325955,0.23312118966253617,2.4956233663604572,0.785433837831192,0.0,0.9473684210526315,0.0,0.1,0.0,0.23043640019808564,0.3,0.08,0.06923076923076923,0.5,0.25
357,0.980838159190089,0.5216608916725245,0.956689025144048,0.5168994113331802,0.2462483218342688,0.5159784735316232,0.8769230769230769,0.40007330755339504,0.4186142749732239,0.1076923076923077,0.6514285714285715,0.3742443492554135,0.39939917919812795,0.08285714285714285,0.03076923076923077,0.025714285714285714,0.2571428571428571,9.397142857142857,0.007692307692307693,0.0,0.03859499282538274,0.13196634914903713,5.769230769230769,0.0,0.0,0.15,0.08076923076923077,0,0.16463625344404326,0.2319555837142235,2.4714251847475337,0.7697251610745681,0.0,1.0,0.0,0.1,0.0,0.23043640019808564,0.3,0.08,0.03076923076923077,0.5,0.25
358,0.982657869571774,0.5212205533906858,0.9580408099990139,0.5166890662577805,0.2462483218342688,0.5159650130181834,0.9038461538461539,0.40007330755339504,0.4186142749732239,0.1076923076923077,0.6714285714285714,0.3742443492554135,0.39939917919812795,0.08285714285714285,0.05384615384615385,0.04285714285714286,0.2571428571428571,9.394285714285715,0.007692307692307693,0.0,0.03859499282538274,0.13196634914903713,5.769230769230769,0.0,0.0,0.15,0.08076923076923077,0,0.16438250503039448,0.2307958057956524,2.464853823909726,0.7543306578530767,0.0,1.0,0.0,0.1,0.0,0.23043640019808564,0.3,0.08,0.05384615384615385,0.5,0.25
359,0.9834096910815701,0.5218954261733503,0.9585993059777197,0.5169571450619128,0.2462483218342688,0.5158774349466378,0.8961538461538462,0.4001502306303182,0.41867196728091616,0.1076923076923077,0.6657142857142857,0.37430149211255637,0.399442036340985,0.08285714285714285,0.03461538461538462,0.03142857142857143,0.2571428571428571,9.374285714285714,0.007692307692307693,0.0,0.03859499282538274,0.13196634914903713,5.769230769230769,0.0,0.0,0.15,0.08076923076923077,0,0.16418916393381391,0.2296418267666741,2.446985318860102,0.7392440446960152,0.0,0.9090909090909091,0.0,0.1,0.0,0.23043640019808564,0.3,0.08,0.03461538461538462,0.5,0.25
360,0.9832510682739072,0.5218336724052375,0.9584814718920271,0.5168488067431988,0.2462483218342688,0.5158806277835943,0.8653846153846154,0.4001502306303182,0.41867196728091616,0.1076923076923077,0.6428571428571429,0.37430149211255637,0.399442036340985,0.08285714285714285,0.057692307692307696,0.05142857142857143,0.2571428571428571,9.38,0.0038461538461538464,0.0,0.03859499282538274,0.13196634914903713,5.769230769230769,0.0,0.0,0.15,0.08076923076923077,0,0.16402251096414486,0.22849361763284073,2.4494741839114713,0.724459163802095,0.0,1.0,0.0,0.1,0.0,0.23043640019808564,0.3,0.08,0.057692307692307696,0.5,0.25
361,0.9848680479271151,0.5221037110944944,0.9596826567772675,0.5167368064555214,0.2462483218342688,0.5161088622937883,0.8961538461538462,0.4001502306303182,0.41867196728091616,0.1076923076923077,0.6657142857142857,0.37430149211255637,0.399442036340985,0.08285714285714285,0.057692307692307696,0.045714285714285714,0.2571428571428571,9.385714285714286,0.0038461538461538464,0.0,0.03859499282538274,0.13196634914903713,5.769230769230769,0.0,0.0,0.15,0.08076923076923077,0,0.1638240555209483,0.22735114954467653,2.446198985947528,0.709969980526053,0.0,1.0,0.0,0.1,0.0,0.23043640019808564,0.3,0.08,0.057692307692307696,0.5,0.25
362,0.9831621825684195,0.5201707250469223,0.9584154425108078,0.5153420219254,0.2462483218342688,0.516285840059017,0.9,0.4001502306303182,0.41867196728091616,0.1076923076923077,0.6685714285714286,0.37430149211255637,0.399442036340985,0.08285714285714285,0.057692307692307696,0.04285714285714286,0.2571428571428571,9.368571428571428,0.0038461538461538464,0.0,0.03859499282538274,0.13196634914903713,5.769230769230769,0.0,0.0,0.15,0.08076923076923077,0,0.16382557415185828,0.22621439379695316,2.4401321490857204,0.6957705809155319,0.0,1.0,0.0,0.1,0.0,0.23043640019808564,0.3,0.08,0.057692307692307696,0.5,0.25
363,0.9835683333783048,0.5199896053612147,0.958373241439891,0.5154828014984498,0.2462483218342688,0.5164957862034143,0.9073359073359073,0.400230012985757,0.41988261890095335,0.10810810810810811,0.6714285714285714,0.37430149211255637,0.399442036340985,0.08285714285714285,0.03861003861003861,0.03428571428571429,0.26,9.354285714285714,0.0,0.002857142857142857,0.03866260930020401,0.13196634914903713,5.706563706563706,0.0,0.0,0.15,0.08108108108108109,0,0.16354773556324187,0.22508332182796836,2.4256152203897203,0.6818551692972213,0.0,1.0,0.0,0.1,0.0,0.23043640019808564,0.3,0.08,0.038461538461538464,0.5,0.25
364,0.9841303640023951,0.5199456796911308,0.9587891441017179,0.515690781281167,0.2462483218342688,0.5166126311705407,0.9305019305019305,0.400230012985757,0.41988261890095335,0.10810810810810811,0.6885714285714286,0.37430149211255637,0.399442036340985,0.08285714285714285,0.0694980694980695,0.05142857142857143,0.26,9.371428571428572,0.0,0.0,0.03867597283246556,0.13196634914903713,5.706563706563706,0.0,0.0,0.15,0.08108108108108109,0,0.16318585688185422,0.22395790521882852,2.4285314874104973,0.6682180659112769,0.0,1.0,0.0,0.1,0.0,0.23043640019808564,0.3,0.08,0.0694980694980695,0.5,0.25
365,0.9849272278179385,0.5201399837239885,0.95937882332522,0.5155527829183995,0.2462483218342688,0.5166904686395718,0.9073359073359073,0.400230012985757,0.41988261890095335,0.10810810810810811,0.6714285714285714,0.37430149211255637,0.399442036340985,0.08285714285714285,0.03861003861003861,0.02857142857142857,0.26,9.365714285714287,0.0,0.0,0.03867597283246556,0.13196634914903713,5.706563706563706,0.0,0.0,0.15,0.08108108108108109,0,0.1626550711688735,0.22283811569273437,2.408532286233715,0.6548537045930514,0.0,1.0,0.0,0.1,0.0,0.23043640019808564,0.3,0.08,0.03861003861003861,0.5,0.25
366,0.9851807003481657,0.5203319311238273,0.9595663929975883,0.5155834137387747,0.2462483218342688,0.5166705107906554,0.9343629343629344,0.400230012985757,0.41988261890095335,0.10810810810810811,0.6914285714285714,0.37430149211255637,0.399442036340985,0.08285714285714285,0.07722007722007722,0.05714285714285714,0.26,9.377142857142857,0.003861003861003861,0.0,0.03867597283246556,0.13196634914903713,5.706563706563706,0.0,0.0,0.15,0.08108108108108109,0,0.16258237009874343,0.2217239251142707,2.4175044976518985,0.6417566305011903,0.0,1.0,0.0,0.1,0.0,0.23043640019808564,0.3,0.08,0.07722007722007722,0.5,0.25
367,0.9843316294708726,0.5208911754988798,0.9589380805483912,0.5159200326735416,0.2462483218342688,0.516656983128251,0.915057915057915,0.400230012985757,0.41988261890095335,0.10810810810810811,0.6771428571428572,0.37430149211255637,0.399442036340985,0.08285714285714285,0.05791505791505792,0.045714285714285714,0.26,9.374285714285714,0.003861003861003861,0.0,0.03867597283246556,0.13196634914903713,5.706563706563706,0.0,0.0,0.15,0.08108108108108109,0,0.16236605526648124,0.22061530548869934,2.414868693413146,0.6289214978911665,0.0,1.0,0.0,0.1,0.0,0.23043640019808564,0.3,0.08,0.05791505791505792,0.5,0.25
368,0.9845569517712619,0.5212731920386912,0.9591048190506793,0.5164826146906893,0.2462483218342688,0.516746724283742,0.915057915057915,0.400230012985757,0.41988261890095335,0.10810810810810811,0.6771428571428572,0.37430149211255637,0.399442036340985,0.08285714285714285,0.05405405405405406,0.05142857142857143,0.26,9.38,0.003861003861003861,0.0,0.03867597283246556,0.13196634914903713,5.706563706563706,0.0,0.0,0.15,0.08108108108108109,0,0.1620098035437381,0.21951222896125583,2.4179998909734546,0.6163430679333431,0.0,1.0,0.0,0.1,0.0,0.23043640019808564,0.3,0.08,0.05405405405405406,0.5,0.25
369,0.9839195968769922,0.5205268646858388,0.9586331764289198,0.5160430568399295,0.2462483218342688,0.5170075435882038,0.8996138996138996,0.4003844531401972,0.41999844901678346,0.10810810810810811,0.6657142857142857,0.37441577782684216,0.3995277506266993,0.08285714285714285,0.04633204633204633,0.037142857142857144,0.26,9.385714285714286,0.003861003861003861,0.0,0.03867597283246556,0.13196634914903713,5.706563706563706,0.0,0.0,0.15,0.08108108108108109,0,0.16202761238316227,0.21841466781644955,2.406782750296842,0.6386205032857548,0.0,0.9230769230769231,0.0,0.1,0.0,0.23043640019808564,0.3,0.08,0.04633204633204633,0.5,0.25
370,0.9836690747756099,0.520477492726792,0.9584477900738969,0.515892879896913,0.2462483218342688,0.5171622454970615,0.9073359073359073,0.40046167321741727,0.4200563640746985,0.10810810810810811,0.6714285714285714,0.37447292068398497,0.3995706077695565,0.08285714285714285,0.06177606177606178,0.04857142857142857,0.26,9.388571428571428,0.003861003861003861,0.0,0.03867597283246556,0.13196634914903713,5.706563706563706,0.0,0.0,0.15,0.08108108108108109,0,0.16221505430340719,0.21732259447736732,2.407218523862334,0.6500868847886299,0.0,0.9411764705882353,0.0,0.1,0.0,0.23043640019808564,0.3,0.08,0.06177606177606178,0.5,0.25
371,0.9822098928278677,0.5207212619239489,0.9573679954325677,0.5162956869262224,0.2462483218342688,0.5171832006268873,0.915057915057915,0.40046167321741727,0.4200563640746985,0.10810810810810811,0.6771428571428572,0.37447292068398497,0.3995706077695565,0.08285714285714285,0.03861003861003861,0.037142857142857144,0.26,9.385714285714286,0.003861003861003861,0.0,0.03867597283246556,0.13196634914903713,5.706563706563706,0.0,0.0,0.15,0.08108108108108109,0,0.16185998046046157,0.21623598150498047,2.3962170105279443,0.6370851470928572,0.0,1.0,0.0,0.1,0.0,0.23043640019808564,0.3,0.08,0.03861003861003861,0.5,0.25
372,0.9828437938909771,0.5204729651630515,0.9578370822192686,0.5160702991062535,0.2462483218342688,0.5171502021558158,0.915057915057915,0.40046167321741727,0.4200563640746985,0.10810810810810811,0.6771428571428572,0.37447292068398497,0.3995706077695565,0.08285714285714285,0.04633204633204633,0.03428571428571429,0.26,9.382857142857143,0.003861003861003861,0.0,0.03867597283246556,0.13196634914903713,5.706563706563706,0.0,0.0,0.15,0.08108108108108109,0,0.16147768412601643,0.2151548015974556,2.3825783846030997,0.6243434441510002,0.0,1.0,0.0,0.1,0.0,0.23043640019808564,0.3,0.08,0.04633204633204633,0.5,0.25
373,0.9826688176831162,0.5202747467473805,0.9577075998254515,0.5158026504047265,0.2462483218342688,0.517060036531504,0.9266409266409267,0.40061611337185743,0.4201721941905286,0.10810810810810811,0.6857142857142857,0.37458720639827076,0.39965632205527074,0.08285714285714285,0.06563706563706563,0.05714285714285714,0.26,9.382857142857143,0.003861003861003861,0.0,0.03867597283246556,0.13196634914903713,5.706563706563706,0.0,0.0,0.15,0.08108108108108109,0,0.1616691535625292,0.21407902758946828,2.392069674053895,0.6470938675775771,0.0,0.95,0.0,0.1,0.0,0.23043640019808564,0.3,0.08,0.06563706563706563,0.5,0.25
374,0.9828542075436077,0.5197477912005878,0.9578350213568622,0.5154902485501989,0.2462483218342688,0.5167860627360684,0.9147286821705426,0.4016910473517148,0.42089175518970323,0.10852713178294573,0.6742857142857143,0.37458720639827076,0.39965632205527074,0.08285714285714285,0.050387596899224806,0.04285714285714286,0.26285714285714284,9.388571428571428,0.0,0.002857142857142857,0.03867212363185346,0.1319663491490371,5.689922480620155,0.0,0.0,0.15,0.08139534883720931,0,0.16123138207685941,0.21300863245152094,2.38708542342996,0.6341519902260255,0.0,1.0,0.0,0.1,0.0,0.23043640019808564,0.3,0.08,0.05405405405405406,0.5,0.25
375,0.9818627087882275,0.5191886640001654,0.9571041451314675,0.5152825227343382,0.2462483218342688,0.5164199662429307,0.9224806201550387,0.4016910473517148,0.42089175518970323,0.10852713178294573,0.68,0.37458720639827076,0.39965632205527074,0.08285714285714285,0.08527131782945736,0.06571428571428571,0.26285714285714284,9.405714285714286,0.0,0.0,0.03869881597245007,0.1319663491490371,5.689922480620155,0.0,0.0,0.15,0.08139534883720931,0,0.16091036802361797,0.21194358928926332,2.4050580006756466,0.621468950421505,0.0,1.0,0.0,0.1,0.0,0.22967757316191578,0.3,0.08,0.08527131782945736,0.5,0.25
376,0.981386862453143,0.5183153759871209,0.9567533784044625,0.5148499830046356,0.2462483218342688,0.5160582311968908,0.8875968992248062,0.4016910473517148,0.42089175518970323,0.10852713178294573,0.6542857142857142,0.37458720639827076,0.39965632205527074,0.08285714285714285,0.06201550387596899,0.054285714285714284,0.26285714285714284,9.417142857142856,0.003875968992248062,0.0,0.03869881597245007,0.1319663491490371,5.689922480620155,0.0,0.0,0.15,0.08139534883720931,0,0.16098276827371333,0.21088387134281703,2.411242554947848,0.6090395714130749,0.0,1.0,0.0,0.1,0.0,0.22967757316191578,0.3,0.08,0.06201550387596899,0.5,0.25
377,0.9832224536676618,0.5177383300184619,0.9581064713568792,0.5144197454040638,0.2462483218342688,0.515618879144644,0.9108527131782945,0.4016910473517148,0.42089175518970323,0.10852713178294573,0.6714285714285714,0.37458720639827076,0.39965632205527074,0.08285714285714285,0.03875968992248062,0.03428571428571429,0.26285714285714284,9.437142857142858,0.003875968992248062,0.0,0.03869881597245007,0.1319663491490371,5.689922480620155,0.0,0.0,0.15,0.08139534883720931,0,0.16052028300377333,0.20982945198610292,2.397303418134605,0.5968587799848134,0.0,1.0,0.0,0.1,0.0,0.22967757316191578,0.3,0.08,0.03875968992248062,0.5,0.25
378,0.9838200827529977,0.5176108918096393,0.9584112246112074,0.5141058704937658,0.2462483218342688,0.515032818408473,0.9299610894941635,0.4028476218323184,0.4217563422454434,0.10894941634241245,0.6828571428571428,0.37470149211255643,0.3997420363409851,0.08285714285714285,0.07392996108949416,0.054285714285714284,0.26571428571428574,9.437142857142858,0.0,0.002857142857142857,0.03868676923465577,0.1319663491490371,5.688715953307393,0.0,0.0,0.15,0.08171206225680934,0,0.16068825301732587,0.2087803047261724,2.4036430640576274,0.591813642975831,0.0,0.9473684210526315,0.0,0.1,0.0,0.22967757316191578,0.3,0.08,0.07364341085271318,0.5,0.25
379,0.9839409340482476,0.5172024669559505,0.9584999639908621,0.513541135324531,0.2462483218342688,0.5146122376978207,0.9221789883268483,0.4028476218323184,0.4217563422454434,0.10894941634241245,0.6771428571428572,0.37470149211255643,0.3997420363409851,0.08285714285714285,0.058365758754863814,0.04285714285714286,0.26571428571428574,9.434285714285714,0.0,0.0,0.03870044724170061,0.1319663491490371,5.688715953307393,0.0,0.0,0.15,0.08171206225680934,0,0.1603126696093821,0.20773640320254155,2.3984273456336176,0.5799773701163143,0.0,1.0,0.0,0.1,0.0,0.22967757316191578,0.3,0.08,0.058365758754863814,0.5,0.25
380,0.9838667175008868,0.5171931113569669,0.9584454678403715,0.5133843688238728,0.2462483218342688,0.5141575293098698,0.9027237354085603,0.4029254428439916,0.42181470800419835,0.10894941634241245,0.6628571428571428,0.37475863496969924,0.3997848934838422,0.08285714285714285,0.05058365758754864,0.037142857142857144,0.26571428571428574,9.445714285714285,0.0038910505836575876,0.0,0.03870044724170061,0.1319663491490371,5.688715953307393,0.0,0.0,0.15,0.08171206225680934,0,0.16028210626133518,0.20932976883768756,2.387601655863802,0.584990683594372,0.0,0.9230769230769231,0.0,0.1,0.0,0.22967757316191578,0.3,0.08,0.05058365758754864,0.5,0.25
381,0.9833436396036408,0.5170546105476045,0.9580613792129652,0.5136284081674626,0.2462483218342688,0.5138923126286706,0.9066147859922179,0.4029254428439916,0.42181470800419835,0.10894941634241245,0.6657142857142857,0.37475863496969924,0.3997848934838422,0.08285714285714285,0.06614785992217899,0.05142857142857143,0.26571428571428574,9.46,0.0038910505836575876,0.0,0.03870044724170061,0.1319663491490371,5.688715953307393,0.0,0.0,0.15,0.08171206225680934,0,0.16035667668468387,0.20828311999349913,2.391278194175097,0.5732908699224846,0.0,1.0,0.0,0.1,0.0,0.22967757316191578,0.3,0.08,0.06614785992217899,0.5,0.25
382,0.9826981396765729,0.5180290032331875,0.9575873978379468,0.5145043517829788,0.2462483218342688,0.5135673994795958,0.9299610894941635,0.4030810848673379,0.42193143952170803,0.10894941634241245,0.6828571428571428,0.3748729206839849,0.39987060776955646,0.08285714285714285,0.0622568093385214,0.04857142857142857,0.26571428571428574,9.448571428571428,0.0038910505836575876,0.0,0.03870044724170061,0.1319663491490371,5.688715953307393,0.0,0.0,0.15,0.08171206225680934,0,0.16046775401197472,0.20954411715521923,2.392024058863024,0.5795675264796523,0.0,0.9411764705882353,0.0,0.1,0.0,0.22967757316191578,0.3,0.08,0.0622568093385214,0.5,0.25
383,0.9819884627983911,0.5175990435741654,0.957066292244539,0.514209675736086,0.2462483218342688,0.5135248108453659,0.9182879377431906,0.4030810848673379,0.42193143952170803,0.10894941634241245,0.6742857142857143,0.3748729206839849,0.39987060776955646,0.08285714285714285,0.054474708171206226,0.05142857142857143,0.26571428571428574,9.451428571428572,0.0038910505836575876,0.0,0.03870044724170061,0.1319663491490371,5.688715953307393,0.0,0.0,0.15,0.08171206225680934,0,0.16026327950978983,0.20849639656944316,2.395612149114335,0.5679761759500592,0.0,1.0,0.0,0.1,0.0,0.22967757316191578,0.3,0.08,0.054474708171206226,0.5,0.25
384,0.9807715585991056,0.5173475288953792,0.9561727368753493,0.5139318834815613,0.2462483218342688,0.513394058545068,0.9182879377431906,0.4030810848673379,0.42193143952170803,0.10894941634241245,0.6742857142857143,0.3748729206839849,0.39987060776955646,0.08285714285714285,0.07003891050583658,0.05142857142857143,0.26571428571428574,9.451428571428572,0.0038910505836575876,0.0,0.03870044724170061,0.1319663491490371,5.688715953307393,0.0,0.0,0.15,0.08171206225680934,0,0.15989010596938374,0.20745391458659593,2.3991284775606196,0.5566166524310581,0.0,1.0,0.0,0.1,0.0,0.22967757316191578,0.3,0.08,0.07003891050583658,0.5,0.25
385,0.9798443051502337,0.5174552384832148,0.9554918679143205,0.5141448259375102,0.2462483218342688,0.5132069313660869,0.9260700389105059,0.4030810848673379,0.42193143952170803,0.10894941634241245,0.68,0.3748729206839849,0.39987060776955646,0.08285714285714285,0.042801556420233464,0.03428571428571429,0.26571428571428574,9.462857142857143,0.0038910505836575876,0.0,0.03870044724170061,0.1319663491490371,5.688715953307393,0.0,0.0,0.15,0.08171206225680934,0,0.15934737043953684,0.20641664501366297,2.3854316222951217,0.5454843193824369,0.0,1.0,0.0,0.1,0.0,0.22967757316191578,0.3,0.08,0.042801556420233464,0.5,0.25
386,0.9820571101400464,0.5159349491778217,0.9571166990068402,0.5130714982875354,0.2462483218342688,0.5130372482229459,0.914396887159533,0.4032367268906842,0.42204817103921777,0.10894941634241245,0.6714285714285714,0.3749872063982707,0.39995632205527076,0.08285714285714285,0.038910505836575876,0.02857142857142857,0.26571428571428574,9.468571428571428,0.0038910505836575876,0.0,0.03870044724170061,0.1319663491490371,5.688715953307393,0.0,0.0,0.15,0.08171206225680934,0,0.15946207710530333,0.20538456178859466,2.3662944184206474,0.5356656016335533,0.0,0.9,0.0,0.1,0.0,0.22967757316191578,0.3,0.08,0.038910505836575876,0.5,0.25
387,0.9825066412207343,0.5155076025420869,0.9574467832575168,0.513035146604375,0.2462483218342688,0.5129449329637394,0.8949416342412452,0.4032367268906842,0.42204817103921777,0.10894941634241245,0.6571428571428571,0.3749872063982707,0.39995632205527076,0.08285714285714285,0.05058365758754864,0.04857142857142857,0.26571428571428574,9.477142857142857,0.0038910505836575876,0.0,0.03870044724170061,0.1319663491490371,5.688715953307393,0.0,0.0,0.15,0.08171206225680934,0,0.15923491100549111,0.20435763897965167,2.3675399586236634,0.5249522896008821,0.0,1.0,0.0,0.1,0.0,0.22967757316191578,0.3,0.08,0.05058365758754864,0.5,0.25
388,0.983896330241248,0.5152123323615309,0.9584672120525797,0.5131207969095762,0.2462483218342688,0.5129497525339901,0.9066147859922179,0.4032367268906842,0.42204817103921777,0.10894941634241245,0.6657142857142857,0.3749872063982707,0.39995632205527076,0.08285714285714285,0.07392996108949416,0.06,0.26571428571428574,9.48,0.007782101167315175,0.0,0.03870044724170061,0.1319663491490371,5.688715953307393,0.0,0.0,0.15,0.08171206225680934,0,0.15926204922915999,0.2033358507847534,2.3801891594511897,0.5144532438088646,0.0,1.0,0.0,0.1,0.0,0.22967757316191578,0.3,0.08,0.07392996108949416,0.5,0.25
389,0.9826674617537275,0.5145946828914767,0.9575648714774574,0.5125739813937314,0.2462483218342688,0.5130465698192775,0.9260700389105059,0.4032367268906842,0.42204817103921777,0.10894941634241245,0.68,0.3749872063982707,0.39995632205527076,0.08285714285714285,0.054474708171206226,0.04,0.26571428571428574,9.48857142857143,0.007782101167315175,0.0,0.03870044724170061,0.1319663491490371,5.688715953307393,0.0,0.0,0.15,0.08171206225680934,0,0.1589491817866927,0.20231917153082965,2.3725853762621663,0.5041641789326873,0.0,1.0,0.0,0.1,0.0,0.22967757316191578,0.3,0.08,0.054474708171206226,0.5,0.25
390,0.98248656841958,0.5140683848678644,0.9574320440863835,0.5126135260570803,0.2462483218342688,0.5131023940278249,0.9105058365758755,0.4032367268906842,0.42204817103921777,0.10894941634241245,0.6685714285714286,0.3749872063982707,0.39995632205527076,0.08285714285714285,0.0622568093385214,0.054285714285714284,0.26571428571428574,9.497142857142856,0.007782101167315175,0.0,0.03870044724170061,0.1319663491490371,5.688715953307393,0.0,0.0,0.15,0.08171206225680934,0,0.15855400730633065,0.2013075756731755,2.3794193830226367,0.4940808953540335,0.0,1.0,0.0,0.1,0.0,0.22967757316191578,0.3,0.08,0.0622568093385214,0.5,0.25
391,0.9828904424513227,0.5154757908167258,0.9577286030182631,0.5131739119949673,0.2462483218342688,0.5131820017752635,0.9105058365758755,0.4033923689140305,0.4221649025567275,0.10894941634241245,0.6685714285714286,0.3751014921125565,0.400042036340985,0.08285714285714285,0.054474708171206226,0.045714285714285714,0.26571428571428574,9.514285714285714,0.007782101167315175,0.0,0.03870044724170061,0.1319663491490371,5.688715953307393,0.0,0.0,0.15,0.08171206225680934,0,0.15858909512694186,0.20233669884604963,2.3775452810764697,0.5078842281636328,0.0,0.9375,0.0,0.1,0.0,0.22967757316191578,0.3,0.08,0.054474708171206226,0.5,0.25
392,0.9819652207633143,0.5145720660652474,0.9570492259502111,0.5125062216309874,0.2462483218342688,0.513317086682577,0.914396887159533,0.40347018992570366,0.42222326831548235,0.10894941634241245,0.6714285714285714,0.37515863496969926,0.4000848934838422,0.08285714285714285,0.054474708171206226,0.04,0.26571428571428574,9.531428571428572,0.007782101167315175,0.0,0.03870044724170061,0.1319663491490371,5.688715953307393,0.0,0.0,0.15,0.08171206225680934,0,0.1584245782227357,0.20132501535181938,2.3699943754549406,0.629629623544268,0.0,0.9285714285714286,0.0,0.1,0.0,0.22967757316191578,0.3,0.08,0.054474708171206226,0.5,0.25
393,0.9823201949888788,0.514961181505104,0.9573098784529829,0.5124237243448168,0.2462483218342688,0.5133563493169041,0.9105058365758755,0.40347018992570366,0.42222326831548235,0.10894941634241245,0.6685714285714286,0.37515863496969926,0.4000848934838422,0.08285714285714285,0.04669260700389105,0.03428571428571429,0.26571428571428574,9.534285714285714,0.007782101167315175,0.0,0.03870044724170061,0.1319663491490371,5.688715953307393,0.0,0.0,0.15,0.08171206225680934,0,0.15808704099244336,0.2003183902750603,2.356880202231556,0.6170370310733827,0.0,1.0,0.0,0.1,0.0,0.22967757316191578,0.3,0.08,0.04669260700389105,0.5,0.25
394,0.9816904781154484,0.5152890890022922,0.9568474863487783,0.5131430932578471,0.2462483218342688,0.5135442576764602,0.8871595330739299,0.40347018992570366,0.42222326831548235,0.10894941634241245,0.6514285714285715,0.37515863496969926,0.4000848934838422,0.08285714285714285,0.023346303501945526,0.017142857142857144,0.26571428571428574,9.537142857142857,0.007782101167315175,0.0,0.03870044724170061,0.1319663491490371,5.688715953307393,0.0,0.0,0.15,0.08171206225680934,0,0.15763761149462402,0.19931679832368498,2.3268854553297817,0.604696290451915,0.0,1.0,0.0,0.1,0.0,0.22967757316191578,0.3,0.08,0.023346303501945526,0.5,0.25
395,0.9833186764780724,0.5143755460855028,0.9580430491464764,0.5127698870795573,0.2462483218342688,0.5137645734635021,0.8871595330739299,0.40354801093737686,0.4222816340742372,0.10894941634241245,0.6514285714285715,0.37521577782684207,0.40012775062669936,0.08285714285714285,0.06614785992217899,0.04857142857142857,0.26571428571428574,9.542857142857143,0.007782101167315175,0.0,0.03870044724170061,0.1319663491490371,5.688715953307393,0.0,0.0,0.15,0.08171206225680934,0,0.15818475468048948,0.19832021433206656,2.3289191747946147,0.607235326408367,0.0,0.9411764705882353,0.0,0.1,0.0,0.22967757316191578,0.3,0.08,0.06614785992217899,0.5,0.25
396,0.9835516157104008,0.5141787184878311,0.9582140930970717,0.5124603376973854,0.2462483218342688,0.5138897585199924,0.8754863813229572,0.40354801093737686,0.4222816340742372,0.10894941634241245,0.6428571428571429,0.37521577782684207,0.40012775062669936,0.08285714285714285,0.0311284046692607,0.03142857142857143,0.26571428571428574,9.557142857142857,0.007782101167315175,0.0,0.03870044724170061,0.1319663491490371,5.688715953307393,0.0,0.0,0.15,0.08171206225680934,0,0.15818533540586516,0.1973286132604062,2.3137693627272937,0.5950906198801996,0.0,1.0,0.0,0.1,0.0,0.22967757316191578,0.3,0.08,0.0311284046692607,0.5,0.25
397,0.984503619608863,0.5148081099897619,0.958913135959657,0.5129730414483951,0.2462483218342688,0.5138538077677611,0.9066147859922179,0.4037036529607231,0.4223983655917469,0.10894941634241245,0.6657142857142857,0.37533006354112786,0.40021346491241355,0.08285714285714285,0.06614785992217899,0.06,0.26571428571428574,9.577142857142857,0.007782101167315175,0.0,0.03870044724170061,0.1319663491490371,5.688715953307393,0.0,0.0,0.15,0.08171206225680934,0,0.1582794087288358,0.20440954136231987,2.327493975472748,0.6183265425184212,0.0,0.9523809523809523,0.0,0.1,0.0,0.22967757316191578,0.3,0.08,0.06614785992217899,0.5,0.25
398,0.9847852136222278,0.5161291911599436,0.9591199064208992,0.5138589526076877,0.2462483218342688,0.5138758477270704,0.9299610894941635,0.4037814739723963,0.42245673135050177,0.10894941634241245,0.6828571428571428,0.37538720639827067,0.40025632205527084,0.08285714285714285,0.06614785992217899,0.04857142857142857,0.26571428571428574,9.58,0.007782101167315175,0.0,0.03870044724170061,0.1319663491490371,5.688715953307393,0.0,0.0,0.15,0.08171206225680934,0,0.15851373666378094,0.22493385208269862,2.3295155245347217,0.632336590978918,0.0,0.9411764705882353,0.0,0.1,0.0,0.22967757316191578,0.3,0.08,0.06614785992217899,0.5,0.25
399,0.985073106409456,0.516486688975123,0.9590907726693151,0.5141079985055655,0.2462483218342688,0.5139184370595531,0.921875,0.4051211734279944,0.42231285485358155,0.109375,0.6742857142857143,0.37538720639827067,0.40025632205527084,0.08285714285714285,0.05859375,0.045714285714285714,0.26857142857142857,9.585714285714285,0.00390625,0.002857142857142857,0.038704986501726005,0.1319663491490371,5.671875,0.0,0.0,0.15,0.08203125,0,0.1582624572626049,0.22380918282228512,2.328639499758313,0.6196898591593396,0.0,1.0,0.0,0.1,0.0,0.22967757316191578,0.3,0.08,0.058365758754863814,0.5,0.25
400,0.9856657188569387,0.5158771988331121,0.9595242263451881,0.513981698912069,0.2462483218342688,0.51387424005552,0.89453125,0.4051211734279944,0.42231285485358155,0.109375,0.6542857142857142,0.37538720639827067,0.40025632205527084,0.08285714285714285,0.0703125,0.054285714285714284,0.26857142857142857,9.597142857142858,0.00390625,0.0,0.038716053279524945,0.1319663491490371,5.671875,0.0,0.0,0.15,0.078125,0,0.15787057426200615,0.22269013690817369,2.3363524240488607,0.6072960619761528,0.0,1.0,0.0,0.1,0.0,0.22967757316191578,0.3,0.08,0.0703125,0.5,0.25
401,0.9856834937879014,0.5161244788950535,0.9595372274375495,0.5143010213633921,0.2462483218342688,0.5137809307325396,0.90234375,0.4051211734279944,0.42231285485358155,0.109375,0.66,0.37538720639827067,0.40025632205527084,0.08285714285714285,0.0546875,0.045714285714285714,0.26857142857142857,9.602857142857143,0.00390625,0.0,0.038716053279524945,0.1319663491490371,5.671875,0.0,0.0,0.15,0.078125,0,0.15750851067283897,0.2215766862236328,2.335339661282169,0.5951501407366299,0.0,1.0,0.0,0.1,0.0,0.22967757316191578,0.3,0.08,0.0546875,0.5,0.25
402,0.9837181660788236,0.5164597593451267,0.9581462501243987,0.5141997573489931,0.2462483218342688,0.5138965360617057,0.8901960784313725,0.40660114224174015,0.4221152080964274,0.10980392156862745,0.6485714285714286,0.37538720639827067,0.40025632205527084,0.08285714285714285,0.06666666666666667,0.06285714285714286,0.2714285714285714,9.614285714285714,0.0,0.002857142857142857,0.03870538423795942,0.13196634914903713,5.670588235294118,0.0,0.0,0.15,0.0784313725490196,0,0.15760213020529612,0.22046880279251463,2.3514900109136683,0.5832471379218972,0.0,1.0,0.0,0.1,0.0,0.22967757316191578,0.3,0.08,0.0703125,0.5,0.25
403,0.9824814540074482,0.5159793228579322,0.9572452170438253,0.5138070048886783,0.2462483218342688,0.5139366200801856,0.9058823529411765,0.40660114224174015,0.4221152080964274,0.10980392156862745,0.66,0.37538720639827067,0.40025632205527084,0.08285714285714285,0.050980392156862744,0.04,0.2714285714285714,9.622857142857143,0.00392156862745098,0.0,0.03872393231993574,0.13196634914903713,5.670588235294118,0.0,0.0,0.15,0.0784313725490196,0,0.15715669098284105,0.21936645877855207,2.344460210695395,0.5715821951634592,0.0,1.0,0.0,0.1,0.0,0.22967757316191578,0.3,0.08,0.050980392156862744,0.5,0.25
404,0.9840510492174415,0.5149562121785211,0.9583887792682488,0.5129810770294579,0.2462483218342688,0.5139251714304756,0.9098039215686274,0.40660114224174015,0.4221152080964274,0.10980392156862745,0.6628571428571428,0.37538720639827067,0.40025632205527084,0.08285714285714285,0.047058823529411764,0.03428571428571429,0.2714285714285714,9.628571428571428,0.00392156862745098,0.0,0.03872393231993574,0.13196634914903713,5.670588235294118,0.0,0.0,0.15,0.0784313725490196,0,0.15668490752792685,0.2182696264846593,2.3318567207672016,0.56015055126019,0.0,1.0,0.0,0.1,0.0,0.22967757316191578,0.3,0.08,0.047058823529411764,0.5,0.25
405,0.9814712725105454,0.5146678329196918,0.9565092276675103,0.5122525682399944,0.2462483218342688,0.5138446845774973,0.9215686274509803,0.40667957361428914,0.4221740316258391,0.10980392156862745,0.6714285714285714,0.37544434925541353,0.4002991791981279,0.08285714285714285,0.0392156862745098,0.02857142857142857,0.2714285714285714,9.628571428571428,0.00392156862745098,0.0,0.03872393231993574,0.13196634914903713,5.670588235294118,0.0,0.0,0.15,0.0784313725490196,0,0.15664376941885866,0.217178278352236,2.313791014923286,0.5822304907333106,0.0,0.9,0.0,0.1,0.0,0.22967757316191578,0.3,0.08,0.0392156862745098,0.5,0.25
406,0.9828208371627098,0.5151708241737393,0.9574924819140874,0.5125400041661016,0.2462483218342688,0.5137429034800816,0.8941176470588236,0.40667957361428914,0.4221740316258391,0.10980392156862745,0.6514285714285715,0.37544434925541353,0.4002991791981279,0.08285714285714285,0.050980392156862744,0.04,0.2714285714285714,9.628571428571428,0.00392156862745098,0.0,0.03872393231993574,0.13196634914903713,5.670588235294118,0.0,0.0,0.15,0.0784313725490196,0,0.15634398556462148,0.2160923869604748,2.30751519462482,0.5705858809186444,0.0,1.0,0.0,0.1,0.0,0.22967757316191578,0.3,0.08,0.050980392156862744,0.5,0.25
407,0.9828694834890602,0.5151802816882405,0.9575279242375712,0.512147179405593,0.2462483218342688,0.5136312861664143,0.9019607843137255,0.40667957361428914,0.4221740316258391,0.10980392156862745,0.6571428571428571,0.37544434925541353,0.4002991791981279,0.08285714285714285,0.050980392156862744,0.037142857142857144,0.2714285714285714,9.637142857142857,0.00392156862745098,0.0,0.03872393231993574,0.13196634914903713,5.670588235294118,0.0,0.0,0.15,0.0784313725490196,0,0.1559896956367984,0.21501192502567246,2.2985077478751808,0.5591741633002715,0.0,1.0,0.0,0.1,0.0,0.22967757316191578,0.3,0.08,0.050980392156862744,0.5,0.25
408,0.9820484884000805,0.5152176945575753,0.9569297706727431,0.5120575997544629,0.2462483218342688,0.5136116961296097,0.9098039215686274,0.40683643635938715,0.4222916786846626,0.10980392156862745,0.6628571428571428,0.3755586349696992,0.40038489348384215,0.08285714285714285,0.0392156862745098,0.03428571428571429,0.2714285714285714,9.634285714285713,0.00392156862745098,0.0,0.03872393231993574,0.13196634914903713,5.670588235294118,0.0,0.0,0.15,0.0784313725490196,0,0.15629091280159646,0.2139368654005441,2.2868233072033917,0.5776102029180112,0.0,0.9166666666666666,0.0,0.1,0.0,0.22967757316191578,0.3,0.08,0.0392156862745098,0.5,0.25
409,0.9816050501082847,0.5151960364557687,0.9566066942030061,0.5118112039558887,0.2462483218342688,0.5136667776912189,0.8666666666666667,0.40683643635938715,0.4222916786846626,0.10980392156862745,0.6314285714285715,0.3755586349696992,0.40038489348384215,0.08285714285714285,0.03529411764705882,0.025714285714285714,0.2714285714285714,9.622857142857143,0.00392156862745098,0.0,0.03872393231993574,0.13196634914903713,5.670588235294118,0.0,0.0,0.15,0.0784313725490196,0,0.15624325837949107,0.21286718107354138,2.2668011267736095,0.566057998859651,0.0,1.0,0.0,0.1,0.0,0.22967757316191578,0.3,0.08,0.03529411764705882,0.5,0.25
410,0.9815409263154526,0.5140286332388212,0.956559975439657,0.510948902757757,0.2462483218342688,0.5138790704557601,0.9098039215686274,0.40683643635938715,0.4222916786846626,0.10980392156862745,0.6628571428571428,0.3755586349696992,0.40038489348384215,0.08285714285714285,0.043137254901960784,0.03428571428571429,0.2714285714285714,9.62,0.00392156862745098,0.0,0.03872393231993574,0.13196634914903713,5.670588235294118,0.0,0.0,0.15,0.0784313725490196,0,0.15603190065902217,0.21180284516817366,2.2557508185238513,0.5547368388824581,0.0,1.0,0.0,0.1,0.0,0.22967757316191578,0.3,0.08,0.043137254901960784,0.5,0.25
411,0.9818407806389112,0.5147671961052956,0.9567784407324625,0.5118411244287352,0.2462483218342688,0.5140293314708466,0.9294117647058824,0.40683643635938715,0.4222916786846626,0.10980392156862745,0.6771428571428572,0.3755586349696992,0.40038489348384215,0.08285714285714285,0.054901960784313725,0.045714285714285714,0.2714285714285714,9.611428571428572,0.00392156862745098,0.0,0.03872393231993574,0.13196634914903713,5.670588235294118,0.0,0.0,0.15,0.0784313725490196,0,0.15584974543786995,0.2107438309423328,2.25635008786766,0.5436421021048089,0.0,1.0,0.0,0.1,0.0,0.22967757316191578,0.3,0.08,0.054901960784313725,0.5,0.25
412,0.9818960282960545,0.5138428464520318,0.9568186925969527,0.5111523795018194,0.2462483218342688,0.5142447887192009,0.9058823529411765,0.40683643635938715,0.4222916786846626,0.10980392156862745,0.66,0.3755586349696992,0.40038489348384215,0.08285714285714285,0.043137254901960784,0.03428571428571429,0.2714285714285714,9.605714285714285,0.00392156862745098,0.0,0.03872393231993574,0.13196634914903713,5.670588235294118,0.0,0.0,0.15,0.0784313725490196,0,0.15541306813925201,0.20969011178762115,2.245508800396021,0.5327692600627127,0.0,1.0,0.0,0.1,0.0,0.22967757316191578,0.3,0.08,0.043137254901960784,0.5,0.25
413,0.9828655491004179,0.5136197413866387,0.9575250577544173,0.5105436108057485,0.2462483218342688,0.5142043736523395,0.9254901960784314,0.40683643635938715,0.4222916786846626,0.10980392156862745,0.6742857142857143,0.3755586349696992,0.40038489348384215,0.08285714285714285,0.03137254901960784,0.025714285714285714,0.2714285714285714,9.597142857142858,0.00392156862745098,0.0,0.03872393231993574,0.13196634914903713,5.670588235294118,0.0,0.0,0.15,0.0784313725490196,0,0.15494914850927005,0.20864166122868305,2.2263129101023864,0.5221138748614584,0.0,1.0,0.0,0.1,0.0,0.22967757316191578,0.3,0.08,0.03137254901960784,0.5,0.25
414,0.9821957463791281,0.51468110183505,0.9570370586289063,0.511140812454007,0.2462483218342688,0.5142336943500283,0.9098039215686274,0.40683643635938715,0.4222916786846626,0.10980392156862745,0.6628571428571428,0.3755586349696992,0.40038489348384215,0.08285714285714285,0.058823529411764705,0.045714285714285714,0.2714285714285714,9.6,0.00392156862745098,0.0,0.03872393231993574,0.13196634914903713,5.670588235294118,0.0,0.0,0.15,0.0784313725490196,0,0.15505443406352665,0.20759845292253964,2.227500937614624,0.5116715973642293,0.0,1.0,0.0,0.1,0.0,0.22967757316191578,0.3,0.08,0.058823529411764705,0.5,0.25
415,0.9817491756889583,0.5140021925883049,0.9567116999832112,0.510516066957145,0.2462483218342688,0.5143043004363719,0.9215686274509803,0.40683643635938715,0.4222916786846626,0.10980392156862745,0.6714285714285714,0.3755586349696992,0.40038489348384215,0.08285714285714285,0.047058823529411764,0.04,0.2714285714285714,9.611428571428572,0.00392156862745098,0.0,0.03872393231993574,0.13196634914903713,5.670588235294118,0.0,0.0,0.15,0.0784313725490196,0,0.1546501626074947,0.20656046065792694,2.2229509188623315,0.5014381654169446,0.0,1.0,0.0,0.1,0.0,0.22967757316191578,0.3,0.08,0.047058823529411764,0.5,0.25
416,0.9826078935289316,0.5145125695088765,0.9573373372666205,0.5111646287964591,0.2462483218342688,0.5143209028317741,0.9098039215686274,0.40683643635938715,0.4222916786846626,0.10980392156862745,0.6628571428571428,0.3755586349696992,0.40038489348384215,0.08285714285714285,0.023529411764705882,0.017142857142857144,0.2714285714285714,9.614285714285714,0.00392156862745098,0.0,0.03872393231993574,0.13196634914903713,5.670588235294118,0.0,0.0,0.15,0.0784313725490196,0,0.15416162893374297,0.20552765835463732,2.1956347576279422,0.49140940210860573,0.0,1.0,0.0,0.1,0.0,0.22967757316191578,0.3,0.08,0.023529411764705882,0.5,0.25
417,0.9838923277308179,0.5147605774938925,0.9582731393279946,0.5112471069623737,0.2462483218342688,0.5142922389471842,0.9058823529411765,0.40683643635938715,0.4222916786846626,0.10980392156862745,0.66,0.3755586349696992,0.40038489348384215,0.08285714285714285,0.03137254901960784,0.025714285714285714,0.2714285714285714,9.611428571428572,0.00392156862745098,0.0,0.03872393231993574,0.13196634914903713,5.670588235294118,0.0,0.0,0.15,0.0784313725490196,0,0.15430212144989558,0.20450002006286414,2.1774363481896692,0.5404193977153245,0.0,0.8888888888888888,0.0,0.1,0.0,0.22967757316191578,0.3,0.08,0.03137254901960784,0.5,0.25
418,0.9839596018150311,0.5153461738725446,0.9583221533036358,0.5113303172568765,0.2462483218342688,0.5141647545997823,0.9019607843137255,0.40699329910448523,0.42240932574348616,0.11372549019607843,0.6571428571428571,0.375672920683985,0.4004706077695565,0.08571428571428572,0.054901960784313725,0.04,0.2714285714285714,9.617142857142857,0.00392156862745098,0.0,0.03872393231993574,0.13196634914903713,5.670588235294118,0.0,0.0,0.15,0.0784313725490196,0,0.1545557693606103,0.2034775199625498,2.1738876212258758,0.529611009761018,0.0,0.9285714285714286,0.0,0.1,0.0,0.22967757316191578,0.3,0.08,0.054901960784313725,0.5,0.25
419,0.9850580455415783,0.5158342115207519,0.9591224480186915,0.5115838933788911,0.2462483218342688,0.5140345481944464,0.9176470588235294,0.4070717304770342,0.4224681492728979,0.11372549019607843,0.6685714285714286,0.3757300635411278,0.40051346491241363,0.08571428571428572,0.0392156862745098,0.03142857142857143,0.2714285714285714,9.622857142857143,0.00392156862745098,0.0,0.03872393231993574,0.13196634914903713,5.670588235294118,0.0,0.0,0.15,0.0784313725490196,0,0.1544962790816644,0.20246013236273708,2.1618384402299293,0.5705414907617574,0.0,0.9090909090909091,0.0,0.1,0.0,0.22967757316191578,0.3,0.08,0.0392156862745098,0.5,0.25
420,0.9854714927215426,0.5150317370013097,0.9594236738212368,0.5109328498607452,0.2462483218342688,0.5139689035019817,0.9294117647058824,0.4070717304770342,0.4224681492728979,0.11372549019607843,0.6771428571428572,0.3757300635411278,0.40051346491241363,0.08571428571428572,0.07058823529411765,0.054285714285714284,0.2714285714285714,9.625714285714286,0.00392156862745098,0.0,0.03872393231993574,0.13196634914903713,5.670588235294118,0.0,0.0,0.15,0.0784313725490196,0,0.15443480837913107,0.20144783170092337,2.172887385711045,0.5591306609465223,0.0,1.0,0.0,0.1,0.0,0.22967757316191578,0.3,0.08,0.07058823529411765,0.5,0.25
421,0.9843961316339838,0.5142012021089384,0.9586401964574439,0.5106392569846755,0.2462483218342688,0.5136954154590335,0.9019607843137255,0.4070717304770342,0.4224681492728979,0.11372549019607843,0.6571428571428571,0.3757300635411278,0.40051346491241363,0.08571428571428572,0.054901960784313725,0.04,0.2714285714285714,9.625714285714286,0.00392156862745098,0.0,0.03872393231993574,0.13196634914903713,5.670588235294118,0.0,0.0,0.15,0.0784313725490196,0,0.15431481979894718,0.20044059254241875,2.1694296379968243,0.5479480477275919,0.0,1.0,0.0,0.1,0.0,0.22967757316191578,0.3,0.08,0.054901960784313725,0.5,0.25
422,0.9828306402732624,0.5146844409034681,0.9574996241803471,0.5110474725134061,0.2462483218342688,0.5134426582993512,0.8823529411764706,0.4070717304770342,0.4224681492728979,0.11372549019607843,0.6428571428571429,0.3757300635411278,0.40051346491241363,0.08571428571428572,0.047058823529411764,0.04,0.2714285714285714,9.62,0.00392156862745098,0.0,0.03872393231993574,0.13196634914903713,5.670588235294118,0.0,0.0,0.15,0.0784313725490196,0,0.15425115257239638,0.19943838957970667,2.166041045236888,0.53698908677304,0.0,1.0,0.0,0.1,0.0,0.22967757316191578,0.3,0.08,0.047058823529411764,0.5,0.25
423,0.9828108689970568,0.5152301959985892,0.9574852193933973,0.5114232015147377,0.2462483218342688,0.5132727855828542,0.9450980392156862,0.4070717304770342,0.4224681492728979,0.11372549019607843,0.6885714285714286,0.3757300635411278,0.40051346491241363,0.08571428571428572,0.047058823529411764,0.03428571428571429,0.2714285714285714,9.614285714285714,0.00392156862745098,0.0,0.03872393231993574,0.13196634914903713,5.670588235294118,0.0,0.0,0.15,0.0784313725490196,0,0.15393618323810584,0.19844119763180815,2.157005938617864,0.5262493050375792,0.0,1.0,0.0,0.1,0.0,0.22967757316191578,0.3,0.08,0.047058823529411764,0.5,0.25
424,0.9830523772682002,0.5144626276233454,0.9576611754195159,0.5108981778997274,0.2462483218342688,0.5130824705766633,0.9137254901960784,0.4070717304770342,0.4224681492728979,0.11372549019607843,0.6657142857142857,0.3757300635411278,0.40051346491241363,0.08571428571428572,0.054901960784313725,0.04,0.2714285714285714,9.614285714285714,0.00392156862745098,0.0,0.03872393231993574,0.13196634914903713,5.670588235294118,0.0,0.0,0.15,0.0784313725490196,0,0.15356550375048675,0.1974489916436491,2.153865819845507,0.5157243189368276,0.0,1.0,0.0,0.1,0.0,0.22967757316191578,0.3,0.08,0.054901960784313725,0.5,0.25
425,0.9831139312384937,0.5132710395787844,0.957706021883587,0.5105004716495118,0.2462483218342688,0.5129437920390475,0.9137254901960784,0.4070717304770342,0.4224681492728979,0.11372549019607843,0.6657142857142857,0.3757300635411278,0.40051346491241363,0.08571428571428572,0.058823529411764705,0.04857142857142857,0.2714285714285714,9.608571428571429,0.00392156862745098,0.0,0.03872393231993574,0.13196634914903713,5.670588235294118,0.0,0.0,0.15,0.0784313725490196,0,0.15336654192818075,0.19646174668543087,2.159359932020026,0.5054098325580911,0.0,1.0,0.0,0.1,0.0,0.22967757316191578,0.3,0.08,0.058823529411764705,0.5,0.25
426,0.9840026076463412,0.5130574709959258,0.9583534861235902,0.510452777316038,0.2462483218342688,0.5127280862255701,0.8901960784313725,0.4070717304770342,0.4224681492728979,0.11372549019607843,0.6485714285714286,0.3757300635411278,0.40051346491241363,0.08571428571428572,0.0392156862745098,0.03142857142857143,0.2714285714285714,9.625714285714286,0.00392156862745098,0.0,0.03872393231993574,0.13196634914903713,5.670588235294118,0.0,0.0,0.15,0.0784313725490196,0,0.15302742421853985,0.1954794379520037,2.147601304808196,0.49530163590692927,0.0,1.0,0.0,0.1,0.0,0.22967757316191578,0.3,0.08,0.0392156862745098,0.5,0.25
427,0.9826780304291808,0.5128788236756768,0.9573884370082304,0.5097734736312964,0.2462483218342688,0.5125387170185733,0.8705882352941177,0.4070717304770342,0.4224681492728979,0.11372549019607843,0.6342857142857142,0.3757300635411278,0.40051346491241363,0.08571428571428572,0.054901960784313725,0.05142857142857143,0.2714285714285714,9.628571428571428,0.00392156862745098,0.0,0.03872393231993574,0.13196634914903713,5.670588235294118,0.0,0.0,0.15,0.0784313725490196,0,0.15294458989755422,0.19450204076224367,2.1560778501406035,0.48539560318879066,0.0,1.0,0.0,0.1,0.0,0.22967757316191578,0.3,0.08,0.054901960784313725,0.5,0.25
428,0.9830763812471937,0.5133558967394845,0.9576786640327828,0.5099716045593694,0.2462483218342688,0.5125246705781679,0.8784313725490196,0.4070717304770342,0.4224681492728979,0.11372549019607843,0.64,0.3757300635411278,0.40051346491241363,0.08571428571428572,0.03137254901960784,0.022857142857142857,0.2714285714285714,9.62,0.00392156862745098,0.0,0.03872393231993574,0.13196634914903713,5.670588235294118,0.0,0.0,0.15,0.0784313725490196,0,0.15232272409092357,0.19352953055843247,2.135813435994934,0.47568769112501486,0.0,1.0,0.0,0.1,0.0,0.22967757316191578,0.3,0.08,0.03137254901960784,0.5,0.25
429,0.9838187192201864,0.5137402869622132,0.9582195102702489,0.5101100039299115,0.2462483218342688,0.512445830518726,0.8941176470588236,0.4070717304770342,0.4224681492728979,0.11372549019607843,0.6514285714285715,0.3757300635411278,0.40051346491241363,0.08571428571428572,0.047058823529411764,0.037142857142857144,0.2714285714285714,9.634285714285713,0.00392156862745098,0.0,0.03872393231993574,0.13196634914903713,5.670588235294118,0.0,0.0,0.15,0.0784313725490196,0,0.15224340687762966,0.1925618829056403,2.130240024417893,0.46617393730251455,0.0,1.0,0.0,0.1,0.0,0.22967757316191578,0.3,0.08,0.047058823529411764,0.5,0.25
430,0.9821336950220012,0.5153390776071758,0.9569918497829996,0.5109617850622016,0.2462483218342688,0.5125012750077588,0.9137254901960784,0.4070717304770342,0.4224681492728979,0.11372549019607843,0.6657142857142857,0.3757300635411278,0.40051346491241363,0.08571428571428572,0.03529411764705882,0.03428571428571429,0.2714285714285714,9.625714285714286,0.00392156862745098,0.0,0.03872393231993574,0.13196634914903713,5.670588235294118,0.0,0.0,0.15,0.0784313725490196,0,0.15179590484324149,0.19159907349111213,2.1219209382152493,0.4568504585564642,0.0,1.0,0.0,0.1,0.0,0.22967757316191578,0.3,0.08,0.03529411764705882,0.5,0.25
431,0.9821948446260995,0.5150385614660193,0.9570364016374141,0.5109333239164044,0.2462483218342688,0.5125772192923242,0.8901960784313725,0.4070717304770342,0.4224681492728979,0.11372549019607843,0.6485714285714286,0.3757300635411278,0.40051346491241363,0.08571428571428572,0.043137254901960784,0.03428571428571429,0.2714285714285714,9.642857142857142,0.00392156862745098,0.0,0.03872393231993574,0.13196634914903713,5.670588235294118,0.0,0.0,0.15,0.0784313725490196,0,0.15146336172975744,0.19064107812365655,2.1137682337366583,0.4477134493853349,0.0,1.0,0.0,0.1,0.0,0.22967757316191578,0.3,0.08,0.043137254901960784,0.5,0.25
432,0.9807946454553899,0.5149595918346611,0.9560162565273257,0.5107936038369987,0.2462483218342688,0.5126843757874819,0.8941176470588236,0.4071501618495833,0.4225269728023097,0.11372549019607843,0.6514285714285715,0.3757872063982707,0.4005563220552708,0.08571428571428572,0.07450980392156863,0.06,0.2714285714285714,9.645714285714286,0.00392156862745098,0.0,0.03872393231993574,0.13196634914903713,5.670588235294118,0.0,0.0,0.15,0.0784313725490196,0,0.1521825487233869,0.18968787273303828,2.1314928690619253,0.4484852501200165,0.0,0.9523809523809523,0.0,0.1,0.0,0.22967757316191578,0.3,0.08,0.07450980392156863,0.5,0.25
433,0.9805050283895467,0.5146836637315165,0.9558052498079256,0.5101821072374987,0.2462483218342688,0.5126980136420878,0.9019607843137255,0.4073070245946813,0.4226446198611332,0.11372549019607843,0.6571428571428571,0.3759014921125564,0.4006420363409851,0.08571428571428572,0.0392156862745098,0.02857142857142857,0.2714285714285714,9.665714285714285,0.00392156862745098,0.0,0.03872393231993574,0.13196634914903713,5.670588235294118,0.0,0.0,0.15,0.0784313725490196,0,0.1521069224083414,0.18873943336937307,2.117434440252116,0.464265035847304,0.0,0.9,0.0,0.1,0.0,0.22967757316191578,0.3,0.08,0.0392156862745098,0.5,0.25
434,0.9821659463316759,0.5150979616934246,0.9570153471657626,0.510301828353109,0.2462483218342688,0.5126367725794032,0.9372549019607843,0.4073070245946813,0.4226446198611332,0.11372549019607843,0.6828571428571428,0.3759014921125564,0.4006420363409851,0.08571428571428572,0.054901960784313725,0.04285714285714286,0.2714285714285714,9.665714285714285,0.00392156862745098,0.0,0.03872393231993574,0.13196634914903713,5.670588235294118,0.0,0.0,0.15,0.0784313725490196,0,0.15185896279272826,0.1877957362025262,2.117942894304216,0.4549797351303579,0.0,1.0,0.0,0.1,0.0,0.22967757316191578,0.3,0.08,0.054901960784313725,0.5,0.25
435,0.9804648397564358,0.5150250179584966,0.9557759695180876,0.5101353595931982,0.2462483218342688,0.5125107868839626,0.9058823529411765,0.4073070245946813,0.4226446198611332,0.11372549019607843,0.66,0.3759014921125564,0.4006420363409851,0.08571428571428572,0.050980392156862744,0.037142857142857144,0.2714285714285714,9.688571428571429,0.00392156862745098,0.0,0.03872393231993574,0.13196634914903713,5.670588235294118,0.0,0.0,0.15,0.0784313725490196,0,0.15175240928271042,0.18685675752151357,2.1127268935609886,0.4458801404277507,0.0,1.0,0.0,0.1,0.0,0.22967757316191578,0.3,0.08,0.050980392156862744,0.5,0.25
436,0.9803481941324745,0.5146543210480033,0.9556909848492017,0.5097643376114345,0.2462483218342688,0.5124314510018021,0.8941176470588236,0.4073070245946813,0.4226446198611332,0.11372549019607843,0.6514285714285715,0.3759014921125564,0.4006420363409851,0.08571428571428572,0.043137254901960784,0.03428571428571429,0.2714285714285714,9.691428571428572,0.00392156862745098,0.0,0.03872393231993574,0.13196634914903713,5.670588235294118,0.0,0.0,0.15,0.0784313725490196,0,0.151307504379154,0.185922473733906,2.104758069975483,0.4369625376191957,0.0,1.0,0.0,0.1,0.0,0.22967757316191578,0.3,0.08,0.043137254901960784,0.5,0.25
437,0.9813793602106917,0.5142876605757909,0.9564422629919026,0.5097548528322243,0.2462483218342688,0.5124607059055434,0.8862745098039215,0.40738545596723036,0.42270344339054494,0.11372549019607843,0.6457142857142857,0.3759586349696992,0.4006848934838422,0.08571428571428572,0.06666666666666667,0.04857142857142857,0.2714285714285714,9.702857142857143,0.00392156862745098,0.0,0.03872393231993574,0.13196634914903713,5.670588235294118,0.0,0.0,0.15,0.0784313725490196,0,0.15169026397870466,0.19035467578114204,2.111234337147402,0.432699409591655,0.0,0.9411764705882353,0.0,0.1,0.0,0.22967757316191578,0.3,0.08,0.06666666666666667,0.5,0.25
438,0.9817502499878211,0.5141639987597756,0.9567124826866684,0.5097547280674241,0.2462483218342688,0.512441856191343,0.8784313725490196,0.40738545596723036,0.42270344339054494,0.11372549019607843,0.64,0.3759586349696992,0.4006848934838422,0.08571428571428572,0.054901960784313725,0.04285714285714286,0.2714285714285714,9.714285714285714,0.00392156862745098,0.0,0.03872393231993574,0.13196634914903713,5.670588235294118,0.0,0.0,0.15,0.0784313725490196,0,0.15135952765881114,0.1894029024022363,2.111866793261597,0.4240454213998219,0.0,1.0,0.0,0.1,0.0,0.22967757316191578,0.3,0.08,0.054901960784313725,0.5,0.25
439,0.9821888610122863,0.5129728596006257,0.9570320421473503,0.5089620685067012,0.2462483218342688,0.512376984733594,0.8549019607843137,0.4075423187123284,0.4228210904493685,0.11372549019607843,0.6228571428571429,0.37607292068398496,0.4007706077695565,0.08571428571428572,0.07058823529411765,0.06,0.2714285714285714,9.72,0.00392156862745098,0.0,0.03872393231993574,0.13196634914903713,5.670588235294118,0.0,0.0,0.15,0.0784313725490196,0,0.15154458787765993,0.18943812204242563,2.1296294573963648,0.44237379006401284,0.0,0.9523809523809523,0.0,0.1,0.0,0.22967757316191578,0.3,0.08,0.07058823529411765,0.5,0.25
440,0.9830855272517076,0.5133768784934201,0.9576853275503572,0.5096538881725494,0.2462483218342688,0.5122440612001659,0.9254901960784314,0.4076207500848774,0.4228799139787802,0.11372549019607843,0.6742857142857143,0.3761300635411279,0.40081346491241365,0.08571428571428572,0.054901960784313725,0.04,0.2714285714285714,9.734285714285715,0.00392156862745098,0.0,0.03872393231993574,0.13196634914903713,5.670588235294118,0.0,0.0,0.15,0.0784313725490196,0,0.151640047546412,0.18849093143221352,2.1270368682484375,0.44820815267850095,0.0,0.9285714285714286,0.0,0.1,0.0,0.22967757316191578,0.3,0.08,0.054901960784313725,0.5,0.25
441,0.9816650626929418,0.5146335223504668,0.956650417657542,0.511231913707288,0.2462483218342688,0.5121130673315673,0.9058823529411765,0.4076207500848774,0.4228799139787802,0.11372549019607843,0.66,0.3761300635411279,0.40081346491241365,0.08571428571428572,0.0784313725490196,0.06,0.2714285714285714,9.748571428571429,0.00784313725490196,0.0,0.03872393231993574,0.13196634914903713,5.670588235294118,0.0,0.0,0.15,0.0784313725490196,0,0.1515935665908228,0.18754847677505243,2.1444961308834687,0.43924398962493094,0.0,1.0,0.0,0.1,0.0,0.22967757316191578,0.3,0.08,0.0784313725490196,0.5,0.25
442,0.9803326608115019,0.5147665576340659,0.9556796677153502,0.5115692555187131,0.2462483218342688,0.5120495694810843,0.9058823529411765,0.4076207500848774,0.4228799139787802,0.11372549019607843,0.66,0.3761300635411279,0.40081346491241365,0.08571428571428572,0.058823529411764705,0.04285714285714286,0.2714285714285714,9.754285714285714,0.00784313725490196,0.0,0.03872393231993574,0.13196634914903713,5.670588235294118,0.0,0.0,0.15,0.0784313725490196,0,0.15128976649038592,0.18661073439117717,2.144463351122942,0.4304591098324323,0.0,1.0,0.0,0.1,0.0,0.22967757316191578,0.3,0.08,0.058823529411764705,0.5,0.25
443,0.9832543021230846,0.516118506438461,0.9578082920995034,0.5126550145005105,0.2462483218342688,0.5119180981499453,0.9176470588235294,0.40769918145742645,0.422938737508192,0.11372549019607843,0.6685714285714286,0.37618720639827075,0.4008563220552708,0.08571428571428572,0.054901960784313725,0.04285714285714286,0.2714285714285714,9.771428571428572,0.011764705882352941,0.0,0.03872393231993574,0.13196634914903713,5.670588235294118,0.0,0.0,0.15,0.0784313725490196,0,0.15136146051507687,0.19347300717534396,2.144431226957626,0.4305719850447877,0.0,0.9333333333333333,0.0,0.1,0.0,0.22967757316191578,0.3,0.08,0.054901960784313725,0.5,0.25
444,0.9810371907645936,0.5157639965753408,0.9561929681097454,0.5126408525699844,0.2462483218342688,0.5118415039513118,0.8862745098039215,0.40769918145742645,0.422938737508192,0.11372549019607843,0.6457142857142857,0.37618720639827075,0.4008563220552708,0.08571428571428572,0.07058823529411765,0.05714285714285714,0.2714285714285714,9.777142857142858,0.00784313725490196,0.0,0.03872393231993574,0.13196634914903713,5.670588235294118,0.0,0.0,0.15,0.0784313725490196,0,0.15148524531253715,0.19250564213946725,2.158685459561331,0.421960545343892,0.0,1.0,0.0,0.1,0.0,0.22967757316191578,0.3,0.08,0.07058823529411765,0.5,0.25
445,0.9799195390717905,0.5164854492731864,0.9553786790192746,0.5126939561963547,0.2462483218342688,0.5118249264675914,0.8745098039215686,0.4077776128299755,0.4229975610376038,0.11372549019607843,0.6371428571428571,0.37624434925541356,0.4008991791981279,0.08571428571428572,0.058823529411764705,0.045714285714285714,0.2714285714285714,9.785714285714286,0.00784313725490196,0.0,0.03872393231993574,0.13196634914903713,5.670588235294118,0.0,0.0,0.15,0.0784313725490196,0,0.15161281980026017,0.19680298993298895,2.1612260360843893,0.41676093274031734,0.0,0.9375,0.0,0.1,0.0,0.22967757316191578,0.3,0.08,0.058823529411764705,0.5,0.25
446,0.9818246341401753,0.5162607030660518,0.9567666768548121,0.512754871730145,0.2462483218342688,0.5118288104890694,0.8627450980392157,0.4080913383201715,0.42323285515525083,0.11764705882352941,0.6285714285714286,0.3764729206839849,0.40107060776955644,0.08857142857142856,0.0784313725490196,0.06,0.2714285714285714,9.797142857142857,0.00784313725490196,0.0,0.03872393231993574,0.13196634914903713,5.670588235294118,0.0,0.0,0.15,0.0784313725490196,0,0.1521397564155446,0.21276400604476742,2.178001515362702,0.46973987994640315,0.0,0.9047619047619048,0.0,0.1,0.0,0.22967757316191578,0.3,0.08,0.0784313725490196,0.5,0.25
447,0.9809347274766932,0.5163814430214023,0.9561183162857038,0.5126874028393706,0.2462483218342688,0.5117197624776715,0.8666666666666667,0.4080913383201715,0.42323285515525083,0.11764705882352941,0.6314285714285715,0.3764729206839849,0.40107060776955644,0.08857142857142856,0.058823529411764705,0.05714285714285714,0.2714285714285714,9.817142857142857,0.00784313725490196,0.0,0.03872393231993574,0.13196634914903713,5.670588235294118,0.0,0.0,0.15,0.0784313725490196,0,0.15200620191918118,0.21170018601454357,2.191584342198305,0.46034508234747507,0.0,1.0,0.0,0.1,0.0,0.22967757316191578,0.3,0.08,0.058823529411764705,0.5,0.25
448,0.980196978756367,0.5167180512394304,0.955580813646609,0.5131388306062039,0.2462483218342688,0.5116926247968202,0.8588235294117647,0.4080913383201715,0.42323285515525083,0.11764705882352941,0.6257142857142857,0.3764729206839849,0.40107060776955644,0.08857142857142856,0.06274509803921569,0.045714285714285714,0.2714285714285714,9.845714285714285,0.00784313725490196,0.0,0.03872393231993574,0.13196634914903713,5.670588235294118,0.0,0.0,0.15,0.0784313725490196,0,0.15150331376672813,0.21064168508447084,2.1934669410686243,0.4511381807005255,0.0,1.0,0.0,0.1,0.0,0.22967757316191578,0.3,0.08,0.06274509803921569,0.5,0.25
449,0.9809524720976893,0.5160389934002614,0.9555072003059932,0.5128031566545662,0.2462483218342688,0.5117999622920231,0.8937007874015748,0.4084038663836397,0.42350611451061154,0.11811023622047244,0.6485714285714286,0.3767014921125563,0.40124203634098504,0.08857142857142856,0.047244094488188976,0.03428571428571429,0.2742857142857143,9.854285714285714,0.003937007874015748,0.002857142857142857,0.03877407150944629,0.13196634914903713,5.5984251968503935,0.0,0.0,0.15,0.07874015748031496,0,0.15180294005503733,0.2095884766590485,2.1838833165329663,0.554465767038864,0.0,0.8333333333333334,0.0,0.1,0.0,0.22967757316191578,0.3,0.08,0.047058823529411764,0.5,0.25
