t,mean_x,mean_y,mean_x_all,mean_y_all,mean_L,y0,mean_epc,mean_r,mean_b,fund_prevalence,mean_epc_all,mean_r_all,mean_b_all,fund_prevalence_all,punish_rate,mean_punished,exit_rate,mean_exit_intent,exit_attempt_rate,exit_success_rate,p_opp_mean,stay_value,mean_degree_active,threat,A,budget,enforcer_frac,n_cadre_fallback,cap_mean,cap_p90,service_mean,service_p90,monopoly_on,enforcer_punish_share_step,alpha_punish_revalue,delta_outside_degrade,mu_membership_reward,current_delta,eta_delta_drift,punish_floor,punish_intensity_step,pi_reward,lam_punish
0,0.35453726374136707,0.5015790382783338,0.35453726374136707,0.5015790382783338,0.2462483218342688,0.5,0.0,0.31322810629680825,0.3419399783630503,0.0,0.0,0.31322810629680825,0.3419399783630503,0.0,0.0,0.0,0.0,0.0,0.0,0.0,0.5,0.0,11.794285714285714,0.0,0.0,0.0,0.0,0,0.0,0.0,0.0,0.0,0.0,0.0,0.0,0.2,0.0,0.2,0.2,0.08,0.0,0.25,0.25
1,0.36528593093272743,0.5010796905475573,0.36528593093272743,0.5010796905475573,0.2462483218342688,0.5,0.58,0.31374239201109394,0.34232569264876456,0.0,0.58,0.31374239201109394,0.34232569264876456,0.0,0.02857142857142857,0.03142857142857143,0.0,0.04,0.0,0.0,0.033128631130351166,0.08436634914903715,11.794285714285714,0.0,0.0,0.15,0.08,28,0.004714285714285714,0.0,0.03142857142857143,0.0,0.0,0.7272727272727273,0.0,0.2,0.0,0.2,0.2,0.08,0.02857142857142857,0.25,0.25
2,0.3753052183306901,0.5004594015544482,0.3753052183306901,0.5004594015544482,0.2462483218342688,0.5,0.84,0.3148281062968082,0.34313997836305027,0.002857142857142857,0.84,0.3148281062968082,0.34313997836305027,0.002857142857142857,0.037142857142857144,0.037142857142857144,0.0,0.03428571428571429,0.0,0.0,0.033128631130351166,0.08436634914903715,11.794285714285714,0.0,0.0,0.15,0.08,26,0.010262142857142859,0.0,0.06794285714285714,0.0,0.0,0.9230769230769231,0.0,0.2,0.0,0.2,0.2,0.08,0.037142857142857144,0.25,0.25
3,0.38484638110951463,0.49948538741785653,0.38484638110951463,0.49948538741785653,0.2462483218342688,0.5039870328749164,0.8742857142857143,0.31625667772537963,0.3442114069344789,0.002857142857142857,0.8742857142857143,0.31625667772537963,0.3442114069344789,0.002857142857142857,0.04285714285714286,0.04285714285714286,0.0,0.04,0.0,0.0,0.033128631130351166,0.08436634914903715,11.794285714285714,0.0,0.0,0.15,0.08,23,0.016639403571428568,0.0,0.10944114285714286,0.0,0.0,0.9333333333333333,0.0,0.2,0.0,0.2,0.2,0.08,0.04285714285714286,0.25,0.25
4,0.3931164249905542,0.49949411518393294,0.3931164249905542,0.49949411518393294,0.2462483218342688,0.507746627606962,0.9114285714285715,0.3179138205825225,0.345454264077336,0.005714285714285714,0.9114285714285715,0.3179138205825225,0.345454264077336,0.005714285714285714,0.04857142857142857,0.04857142857142857,0.0,0.04857142857142857,0.0,0.0,0.033128631130351166,0.08436634914903715,11.794285714285714,0.0,0.0,0.15,0.08,19,0.023841920839285713,0.0,0.15582374857142856,0.0,0.0,0.9411764705882353,0.0,0.2,0.0,0.2,0.2,0.08,0.04857142857142857,0.25,0.25
5,0.400412771943439,0.4993532401234934,0.400412771943439,0.4993532401234934,0.2462483218342688,0.5066233856494513,0.8914285714285715,0.31888524915395106,0.34618283550590745,0.008571428571428572,0.8914285714285715,0.31888524915395106,0.34618283550590745,0.008571428571428572,0.03142857142857143,0.03142857142857143,0.0,0.04,0.0,0.0,0.033128631130351166,0.08436634914903715,11.794285714285714,0.0,0.0,0.15,0.08,15,0.028436996949374998,0.0,0.18413584502857142,0.0,0.0,1.0,0.0,0.2,0.0,0.2,0.2,0.08,0.03142857142857143,0.25,0.25
6,0.4091867948216374,0.5003248820943257,0.4091867948216374,0.5003248820943257,0.2462483218342688,0.5051108463353057,0.9085714285714286,0.3203138205825225,0.347254264077336,0.008571428571428572,0.9085714285714286,0.3203138205825225,0.347254264077336,0.008571428571428572,0.03428571428571429,0.037142857142857144,0.0,0.06285714285714286,0.0,0.0,0.033128631130351166,0.08436634914903715,11.794285714285714,0.0,0.0,0.15,0.08,13,0.03386624053605669,0.0,0.21759598527085713,0.0,0.0,1.0,0.0,0.2,0.0,0.2,0.2,0.08,0.03428571428571429,0.25,0.25
7,0.41591054972089897,0.5009648481438239,0.41591054972089897,0.5009648481438239,0.2462483218342688,0.5037974405420003,0.9,0.3213244547262171,0.34832569264876456,0.011428571428571429,0.9,0.3213244547262171,0.34832569264876456,0.011428571428571429,0.045714285714285714,0.04857142857142857,0.0,0.08571428571428572,0.0,0.0,0.033128631130351166,0.08436634914903715,11.794285714285714,0.0,0.0,0.15,0.08,12,0.040357697453559,0.0,0.26181549413686855,0.0,0.0,0.8823529411764706,0.0,0.2,0.0,0.2,0.2,0.08,0.045714285714285714,0.25,0.25
8,0.42430957956834064,0.5004247123452792,0.42430957956834064,0.5004247123452792,0.2462483218342688,0.5054260444192815,0.92,0.32303874044050285,0.34982569264876456,0.011428571428571429,0.92,0.32303874044050285,0.34982569264876456,0.011428571428571429,0.05714285714285714,0.05714285714285714,0.0,0.07428571428571429,0.0,0.0,0.033128631130351166,0.08436634914903715,11.794285714285714,0.0,0.0,0.15,0.08,11,0.04812742555041738,0.0,0.31372204139698834,0.0,0.0,1.0,0.0,0.2,0.0,0.2,0.2,0.08,0.05714285714285714,0.25,0.25
9,0.43386831864636766,0.5014806158772807,0.43386831864636766,0.5014806158772807,0.2462483218342688,0.5070866881871198,0.9171428571428571,0.32434430694160893,0.35148200026891835,0.017142857142857144,0.9171428571428571,0.32434430694160893,0.35148200026891835,0.017142857142857144,0.07428571428571429,0.07714285714285714,0.0,0.07428571428571429,0.0,0.0,0.033128631130351166,0.08436634914903715,11.794285714285714,0.0,0.0,0.15,0.08,10,0.05635348138928473,0.0,0.38459045771190564,0.0,0.0,0.8888888888888888,0.0,0.2,0.0,0.2,0.2,0.08,0.07428571428571429,0.25,0.25
10,0.4421334038554858,0.5012848009924467,0.4421334038554858,0.5012848009924467,0.2462483218342688,0.5046775284760662,0.92,0.3250106867256972,0.3523391431260612,0.017142857142857144,0.92,0.3250106867256972,0.3523391431260612,0.017142857142857144,0.03428571428571429,0.03428571428571429,0.0,0.11142857142857143,0.0,0.0,0.033128631130351166,0.08436634914903715,11.794285714285714,0.0,0.0,0.15,0.08,8,0.058908057434054806,0.0,0.41118436284338183,0.0,0.0,1.0,0.0,0.2,0.0,0.2,0.2,0.08,0.03428571428571429,0.25,0.25
11,0.4525907516589047,0.5015675842657966,0.4525907516589047,0.5015675842657966,0.2462483218342688,0.5025871804513682,0.8885714285714286,0.3265633754476384,0.3539216184656532,0.02,0.8885714285714286,0.3265633754476384,0.3539216184656532,0.02,0.06571428571428571,0.06857142857142857,0.0,0.12571428571428572,0.0,0.0,0.033128631130351166,0.08436634914903715,11.794285714285714,0.0,0.0,0.15,0.08,7,0.06457422667960898,0.0,0.4715321041579427,0.0,0.0,1.0,0.0,0.2,0.0,0.2,0.2,0.08,0.06571428571428571,0.25,0.25
12,0.46178120458805716,0.5015185026581704,0.46178120458805716,0.5015185026581704,0.2462483218342688,0.5009172385323286,0.9114285714285715,0.327534804019067,0.35520644281856406,0.02,0.9114285714285715,0.327534804019067,0.35520644281856406,0.02,0.06857142857142857,0.07428571428571429,0.0,0.15714285714285714,0.0,0.0,0.033128631130351166,0.08436634914903715,11.794285714285714,0.0,0.0,0.15,0.08,6,0.0695654984033538,0.0,0.5363871763604982,0.0,0.0,0.9615384615384616,0.0,0.2,0.0,0.2,0.2,0.08,0.06857142857142857,0.25,0.25
13,0.47084939627357103,0.5014122338781177,0.47084939627357103,0.5014122338781177,0.2462483218342688,0.4992963889325639,0.9057142857142857,0.32896337544763843,0.35653501424713546,0.022857142857142857,0.9057142857142857,0.32896337544763843,0.35653501424713546,0.022857142857142857,0.05714285714285714,0.06,0.0,0.18571428571428572,0.0,0.0,0.033128631130351166,0.08436634914903715,11.794285714285714,0.0,0.0,0.15,0.08,5,0.0753033851970513,0.0,0.5856594328332881,0.0,0.0,1.0,0.0,0.2,0.0,0.2,0.2,0.08,0.05714285714285714,0.25,0.25
14,0.48171159953927584,0.5013908496130107,0.48171159953927584,0.5013908496130107,0.2462483218342688,0.49845573835858037,0.9114285714285715,0.3309067575284307,0.3581726107108219,0.025714285714285714,0.9114285714285715,0.3309067575284307,0.3581726107108219,0.025714285714285714,0.08285714285714285,0.09142857142857143,0.0,0.26571428571428574,0.0,0.0,0.032836468576277957,0.08436634914903715,11.794285714285714,0.0,0.0,0.15,0.08,4,0.083884165932105,0.01405372039320025,0.6653748156051938,0.07690223892602786,0.0,0.9375,0.0,0.2,0.0,0.22485714285714287,0.2,0.08,0.08285714285714285,0.25,0.25
15,0.49088820586843507,0.5025811871452837,0.49088820586843507,0.5025811871452837,0.2462483218342688,0.4980159016078356,0.9228571428571428,0.3317534525483422,0.3589868964251076,0.025714285714285714,0.9228571428571428,0.3317534525483422,0.3589868964251076,0.025714285714285714,0.07428571428571429,0.07428571428571429,0.0,0.3028571428571429,0.0,0.0,0.032836468576277957,0.08436634914903715,11.794285714285714,0.0,0.0,0.15,0.08,4,0.08877888795958733,0.13990478651427668,0.7263530335788043,0.7551799862534223,0.0,0.9230769230769231,0.0,0.2,0.0,0.22485714285714287,0.2,0.08,0.07428571428571429,0.25,0.25
16,0.4996882073519723,0.5030014934008828,0.4996882073519723,0.5030014934008828,0.2462483218342688,0.4976985443448672,0.9028571428571428,0.3327538786946395,0.3600583249965362,0.03142857142857143,0.9028571428571428,0.3327538786946395,0.3600583249965362,0.03142857142857143,0.08285714285714285,0.08571428571428572,0.0,0.4,0.0,0.0,0.032606687006518274,0.08436634914903715,11.794285714285714,0.0,0.0,0.15,0.08,4,0.09541985351621796,0.14060782564248914,0.797540258621514,0.7705918227075738,0.0,0.9333333333333333,0.0,0.2,0.0,0.24474285714285715,0.2,0.08,0.08285714285714285,0.25,0.25
17,0.5093165435017204,0.5036360500352358,0.5093165435017204,0.5036360500352358,0.2462483218342688,0.49647977567168855,0.9228571428571428,0.33377586433976414,0.3611215942655778,0.037142857142857144,0.9228571428571428,0.33377586433976414,0.3611215942655778,0.037142857142857144,0.08,0.08571428571428572,0.0,0.4542857142857143,0.0,0.0,0.032435073733634356,0.08436634914903715,11.794285714285714,0.0,0.0,0.15,0.08,4,0.1012153830357015,0.14075013549576013,0.8673037391633693,0.7738274310228492,0.0,0.9666666666666667,0.0,0.2,0.0,0.2597942857142857,0.2,0.08,0.08,0.25,0.25
18,0.5186444060824037,0.50403999029893,0.5186444060824037,0.50403999029893,0.2462483218342688,0.49580314110956614,0.9,0.33549015005404986,0.3627930228370064,0.04285714285714286,0.9,0.33549015005404986,0.3627930228370064,0.04285714285714286,0.10571428571428572,0.10571428571428572,0.0,0.54,0.0,0.0,0.03221281295454149,0.08436634914903715,11.794285714285714,0.0,0.0,0.15,0.08,4,0.10779487754909443,0.14209621195017821,0.9556719500943875,0.8040329918878318,0.0,1.0,0.0,0.2,0.0,0.2795497142857143,0.2,0.08,0.10571428571428572,0.25,0.25
19,0.5275275514164037,0.5036038948168315,0.5275275514164037,0.5036038948168315,0.2462483218342688,0.49580630368206796,0.9142857142857143,0.33652487699344086,0.3638215942655778,0.04285714285714286,0.9142857142857143,0.33652487699344086,0.3638215942655778,0.04285714285714286,0.08,0.08571428571428572,0.0,0.66,0.005714285714285714,0.0,0.03212276529383399,0.08436634914903715,11.794285714285714,0.0,0.0,0.15,0.08,4,0.11303478061283136,0.14266651956986576,1.0222727968067855,0.8170728068875467,0.0,0.9666666666666667,0.0,0.2,0.0,0.28763977142857144,0.2,0.08,0.08,0.25,0.25
20,0.5352330729373794,0.5034514260075349,0.5352330729373794,0.5034514260075349,0.2462483218342688,0.4956791674597529,0.8714285714285714,0.3376677341362981,0.3651930228370064,0.045714285714285714,0.8714285714285714,0.3376677341362981,0.3651930228370064,0.045714285714285714,0.08571428571428572,0.08857142857142856,0.0,0.7342857142857143,0.005714285714285714,0.0,0.032032216130039724,0.08436634914903715,11.794285714285714,0.0,0.0,0.15,0.08,4,0.11738389242405292,0.14231345591515884,1.0903987694420785,0.8092424537612181,0.0,0.967741935483871,0.0,0.2,0.0,0.2958261028571429,0.2,0.08,0.08571428571428572,0.25,0.25
21,0.545955246626858,0.5042802549805648,0.545955246626858,0.5042802549805648,0.2462483218342688,0.49555039766181913,0.8657142857142858,0.3389747788313866,0.36646785746090504,0.04857142857142857,0.8657142857142858,0.3389747788313866,0.36646785746090504,0.04857142857142857,0.07428571428571429,0.08,0.0,0.8457142857142858,0.008571428571428572,0.0,0.032032216130039724,0.08436634914903715,11.794285714285714,0.0,0.0,0.15,0.08,4,0.12097463875179275,0.14482809702142263,1.148590794053237,0.8681255332467198,0.0,0.9642857142857143,0.0,0.2,0.0,0.2958261028571429,0.2,0.08,0.07428571428571429,0.25,0.25
22,0.5559402820210143,0.504681807677983,0.5559402820210143,0.504681807677983,0.2462483218342688,0.4948222992601462,0.8285714285714286,0.3405283497155016,0.3683950991549646,0.04857142857142857,0.8285714285714286,0.3405283497155016,0.3683950991549646,0.04857142857142857,0.11428571428571428,0.11714285714285715,0.0,1.0085714285714287,0.008571428571428572,0.0,0.03186646685528357,0.08436634914903715,11.794285714285714,0.0,0.0,0.15,0.08,4,0.12631219412946235,0.14482809702142263,1.2427618353150294,0.8681255332467198,0.0,0.975609756097561,0.0,0.2,0.0,0.3109465965714286,0.2,0.08,0.11428571428571428,0.25,0.25
23,0.5643468651576865,0.5048494812601194,0.5643468651576865,0.5048494812601194,0.2462483218342688,0.4941358502835416,0.8257142857142857,0.3422414847936601,0.3701522420121075,0.05142857142857143,0.8257142857142857,0.3422414847936601,0.3701522420121075,0.05142857142857143,0.09142857142857143,0.1,0.0,1.18,0.014285714285714285,0.0,0.031809485903534544,0.08436634914903715,11.794285714285714,0.0,0.0,0.15,0.08,2,0.13098191023282585,0.14417637058482624,1.3179065986087286,0.8524992736482793,0.0,0.9714285714285714,0.0,0.2,0.0,0.3161858486857143,0.2,0.08,0.09142857142857143,0.25,0.25
24,0.5750609813313375,0.5051034978011418,0.5750609813313375,0.5051034978011418,0.2462483218342688,0.493400783225984,0.8057142857142857,0.34329641971092373,0.37148578815474803,0.054285714285714284,0.8057142857142857,0.34329641971092373,0.37148578815474803,0.054285714285714284,0.08857142857142856,0.09142857142857143,0.0,1.3457142857142856,0.014285714285714285,0.0,0.03177334360075732,0.08436634914903715,11.794285714285714,0.0,0.0,0.15,0.08,1,0.13198385782451888,0.14345548873190211,1.3829770380651254,0.8354492881753136,0.0,1.0,0.0,0.2,0.0,0.31952010752000004,0.2,0.08,0.08857142857142856,0.25,0.25
25,0.5824288838250219,0.5046628487372187,0.5824288838250219,0.5046628487372187,0.2462483218342688,0.49329085082099317,0.7685714285714286,0.3441535625680666,0.37262701942252296,0.054285714285714284,0.7685714285714286,0.3441535625680666,0.37262701942252296,0.054285714285714284,0.1,0.11142857142857143,0.0,1.477142857142857,0.022857142857142857,0.0,0.03170750649865082,0.08436634914903715,11.794285714285714,0.0,0.0,0.15,0.08,1,0.13483679924611058,0.14345548873190211,1.4667460687323943,0.8354492881753136,0.0,0.9487179487179487,0.0,0.2,0.0,0.32561608601600006,0.2,0.08,0.1,0.25,0.25
26,0.5897170245395574,0.5044944005399765,0.5897170245395574,0.5044944005399765,0.2462483218342688,0.4931575610561343,0.7428571428571429,0.3444313203756766,0.3729899935016996,0.05714285714285714,0.7428571428571429,0.3444313203756766,0.3729899935016996,0.05714285714285714,0.09142857142857143,0.1,0.0,1.677142857142857,0.025714285714285714,0.0,0.031682689604963704,0.08436634914903715,11.794285714285714,0.0,0.0,0.15,0.08,1,0.13612303206772583,0.14490087495962437,1.5374111473577465,0.8698972180084482,0.0,0.9428571428571428,0.0,0.2,0.0,0.3279214402413715,0.2,0.08,0.09142857142857143,0.25,0.25
27,0.5984914328109261,0.50467633912975,0.5985290921819673,0.5047811350860961,0.2462483218342688,0.49338714614315915,0.7736389684813754,0.3442924059162829,0.37402485094918886,0.05730659025787966,0.7714285714285715,0.3446027489471052,0.37337570778741386,0.05714285714285714,0.08595988538681948,0.09142857142857143,0.002857142857142857,1.8685714285714285,0.04011461318051576,0.002857142857142857,0.03182154377124144,0.08436634914903715,11.507163323782235,0.0,0.0,0.15,0.08022922636103152,1,0.13627070262167293,0.14490087495962437,1.598091495839163,0.8698972180084482,0.0,0.96875,0.0,0.2,0.0,0.3280514379073829,0.2,0.08,0.08571428571428572,0.25,0.25
28,0.608425220637479,0.5042906527132672,0.6081984473714418,0.50462157569255,0.2462483218342688,0.49357562881103567,0.8045977011494253,0.34533170975676397,0.37490542523749604,0.05747126436781609,0.8,0.34500274894710514,0.3738899935016996,0.05714285714285714,0.09195402298850575,0.1,0.005714285714285714,1.9657142857142857,0.04597701149425287,0.002857142857142857,0.03185277412667285,0.08436634914903715,11.39655172413793,0.0,0.0,0.15,0.08045977011494253,1,0.13847492053713598,0.14490087495962437,1.6661296659223794,0.8698972180084482,0.0,0.9714285714285714,0.0,0.2,0.0,0.3299483136496886,0.2,0.08,0.09169054441260745,0.25,0.25
29,0.6169347786166827,0.504840360853393,0.61665937930505,0.5051345349087379,0.2462483218342688,0.4939414122324546,0.7471264367816092,0.3457340086073387,0.37520714937542704,0.05747126436781609,0.7428571428571429,0.3454027489471052,0.3741899935016995,0.05714285714285714,0.07183908045977011,0.08571428571428572,0.005714285714285714,2.2085714285714286,0.05747126436781609,0.0,0.03188051287571736,0.08436634914903715,11.39655172413793,0.0,0.0,0.15,0.08045977011494253,1,0.14066797450587887,0.14570253127247088,1.7185213583182177,0.8894949587776007,0.0,0.9333333333333333,0.0,0.2,0.0,0.3299483136496886,0.2,0.08,0.07183908045977011,0.25,0.25
30,0.6260848716946921,0.5045557506716176,0.6253633849233998,0.5047189520599616,0.2462483218342688,0.49427004521119067,0.7196531791907514,0.34733622586053214,0.37620044849590095,0.06069364161849711,0.7114285714285714,0.34660064995765216,0.37515358408144267,0.06,0.12427745664739884,0.12857142857142856,0.011428571428571429,2.38,0.06069364161849711,0.005714285714285714,0.03183121492191132,0.08436634914903715,11.22543352601156,0.0,0.0,0.15,0.08092485549132948,1,0.14456961324784284,0.14628731296828124,1.812722359723282,0.9039207967999998,0.0,0.9777777777777777,0.0,0.2,0.0,0.34102761643699225,0.2,0.08,0.1235632183908046,0.25,0.25
31,0.6319985267401197,0.5045879674541022,0.6312094553397368,0.5047338443909044,0.2462483218342688,0.49463509184417015,0.6965317919075145,0.34814547441544547,0.37702414791786626,0.06069364161849711,0.6885714285714286,0.3474006499576522,0.3759678697957284,0.06,0.0953757225433526,0.10857142857142857,0.011428571428571429,2.657142857142857,0.07803468208092486,0.0,0.03188876110745391,0.08436634914903715,11.22543352601156,0.0,0.0,0.15,0.08092485549132948,0,0.14473162517803217,0.14562902005992398,1.8850393411002446,0.8876502224576002,0.0,0.9736842105263158,0.0,0.2,0.0,0.34143480991259956,0.2,0.08,0.0953757225433526,0.25,0.25
32,0.6386136917363463,0.5054136865010143,0.6377490184502924,0.50548413086166,0.2462483218342688,0.4950619435937825,0.615606936416185,0.34854486897136994,0.3776114656471225,0.06069364161849711,0.6085714285714285,0.34779548000436605,0.3765484753223646,0.06,0.10982658959537572,0.12285714285714286,0.011428571428571429,2.8085714285714287,0.06936416184971098,0.0,0.03183791028391572,0.08436634914903715,11.22543352601156,0.0,0.0,0.15,0.08092485549132948,0,0.14737925276642774,0.14555587640343984,1.9701956971353827,0.8858423808639998,0.0,0.9534883720930233,0.0,0.2,0.0,0.3460958248086924,0.2,0.08,0.10982658959537572,0.25,0.25
33,0.6454844461735488,0.5048553622892389,0.6443299218519183,0.5047376488562584,0.2462483218342688,0.4955054252888347,0.6376811594202898,0.34855773316138305,0.3786354290875449,0.06086956521739131,0.6285714285714286,0.34791021106147607,0.3773627610366503,0.06,0.12753623188405797,0.13428571428571429,0.014285714285714285,2.9971428571428573,0.07246376811594203,0.002857142857142857,0.031730397236786556,0.08436634914903716,11.223188405797101,0.0,0.0,0.15,0.08115942028985507,0,0.1492420707883099,0.14636082418082813,2.065077497478389,0.9057655331200002,0.0,0.9574468085106383,0.0,0.2,0.0,0.355026948864295,0.2,0.08,0.12716763005780346,0.25,0.25
34,0.6523981790149084,0.5047996692290806,0.6508178668714679,0.5046161881749966,0.2462483218342688,0.4958125763467207,0.6133720930232558,0.3481314184137164,0.3798180214302073,0.06395348837209303,0.6028571428571429,0.34791021106147607,0.3779199038937931,0.06285714285714286,0.09883720930232558,0.10285714285714286,0.017142857142857144,3.3,0.0755813953488372,0.002857142857142857,0.03184178056976151,0.08436634914903716,11.063953488372093,0.0,0.0,0.15,0.08139534883720931,0,0.15052443186293976,0.14643470479645315,2.1266330903859645,0.9076479171200007,0.0,0.9444444444444444,0.0,0.2,0.0,0.35358677648274034,0.2,0.08,0.09855072463768116,0.25,0.25
35,0.6592183050885012,0.5058897794405588,0.6577825586794971,0.5053443292386678,0.2462483218342688,0.4961560914488039,0.6491228070175439,0.3468182381094788,0.3812268799884805,0.06432748538011696,0.6342857142857142,0.3483102110614761,0.3786622115342799,0.06285714285714286,0.08771929824561403,0.10285714285714286,0.022857142857142857,3.5228571428571427,0.09064327485380116,0.005714285714285714,0.032042291196728453,0.08436634914903715,10.871345029239766,0.0,0.0,0.15,0.07894736842105263,0,0.15311716581005363,0.147835483125,2.1869575714353875,0.9431128000000003,0.0,0.9444444444444444,0.0,0.2,0.0,0.3499043049071225,0.2,0.08,0.09011627906976744,0.25,0.25
36,0.6676101218745585,0.5067092601882558,0.664908451376639,0.5056195897892269,0.2462483218342688,0.49641428689285194,0.5764705882352941,0.3439417565609982,0.3793298521073603,0.058823529411764705,0.56,0.34859592534719036,0.37909078296285137,0.06285714285714286,0.08529411764705883,0.08285714285714285,0.02857142857142857,3.6742857142857144,0.09411764705882353,0.005714285714285714,0.03214241624347248,0.08436634914903715,10.782352941176471,0.0,0.0,0.15,0.07352941176470588,0,0.15389443712386053,0.147096305709375,2.226075562863823,0.9242505440000003,0.0,1.0,0.0,0.2,0.0,0.3453620404169261,0.2,0.08,0.0847953216374269,0.25,0.25
37,0.6754507435864476,0.5058473035332557,0.6717486826197102,0.5051272829491459,0.2462483218342688,0.49697870352222334,0.5680473372781065,0.3450789776993954,0.379033503297483,0.0621301775147929,0.5485714285714286,0.34905306820433324,0.3795002242565176,0.06571428571428571,0.07692307692307693,0.08571428571428572,0.03428571428571429,3.88,0.10946745562130178,0.005714285714285714,0.03223238711925776,0.08436634914903716,10.733727810650887,0.0,0.0,0.15,0.07988165680473373,1,0.15569728154676357,0.14702242509375,2.2672683373208327,0.9223681599999999,0.0,0.9666666666666667,0.0,0.2,0.0,0.3453620404169261,0.2,0.08,0.07647058823529412,0.25,0.25
38,0.6832229613910528,0.5054674608934824,0.6775917006320573,0.5045552077271382,0.2462483218342688,0.49727775291718146,0.5970149253731343,0.3458191329288981,0.3808246583509502,0.0626865671641791,0.5714285714285714,0.3491673539186189,0.379585938542232,0.06571428571428571,0.07462686567164178,0.08285714285714285,0.04285714285714286,4.04,0.11641791044776119,0.008571428571428572,0.032406428990490475,0.08436634914903715,10.471641791044776,0.0,0.0,0.15,0.08059701492537313,1,0.15613610122453686,0.14636082418082813,2.304780113431558,0.9057655331200002,0.0,0.9655172413793104,0.0,0.2,0.0,0.3453620404169261,0.2,0.08,0.07692307692307693,0.25,0.25
39,0.6897832339563365,0.5048208077446582,0.6837173839102253,0.5045481524519131,0.2462483218342688,0.49747089909699804,0.5748502994011976,0.3469988051113238,0.3817995363447081,0.0658682634730539,0.5485714285714286,0.34973878249004753,0.3800145099708033,0.06857142857142857,0.09580838323353294,0.1,0.045714285714285714,4.2457142857142856,0.11976047904191617,0.002857142857142857,0.03250744780964508,0.08436634914903715,10.37125748502994,0.0,0.0,0.15,0.08083832335329341,1,0.15651455333995354,0.14562902005992398,2.3586845111629273,0.8876502224576002,0.0,1.0,0.0,0.2,0.0,0.3449463487514513,0.2,0.08,0.0955223880597015,0.25,0.25
40,0.697174726686261,0.5047071480713868,0.6899194559529062,0.5043897419810603,0.2462483218342688,0.49780624738845686,0.5855855855855856,0.3478484330634479,0.3821859146919622,0.06606606606606606,0.5571428571428572,0.3500924808155578,0.3803145099708034,0.06857142857142857,0.07207207207207207,0.07428571428571429,0.04857142857142857,4.411428571428571,0.12012012012012012,0.002857142857142857,0.03258181816468603,0.08436634914903715,10.324324324324325,0.0,0.0,0.15,0.08108108108108109,1,0.1560458384303966,0.14490087495962437,2.3857965352253827,0.8698972180084482,0.0,1.0,0.0,0.2,0.0,0.3449463487514513,0.2,0.08,0.0718562874251497,0.25,0.25
41,0.7031039550510364,0.5041879107148586,0.6947030991440007,0.5038392477347525,0.2462483218342688,0.49820568006999827,0.5542168674698795,0.3485539754941539,0.3828713377942995,0.06626506024096386,0.5257142857142857,0.3500924808155578,0.38042638899541964,0.06857142857142857,0.0783132530120482,0.08285714285714285,0.05142857142857143,4.637142857142857,0.12951807228915663,0.002857142857142857,0.03261417813128658,0.08436634914903716,10.313253012048193,0.0,0.0,0.15,0.08132530120481928,1,0.1560367520953875,0.14482809702142263,2.420937747378018,0.8681255332467198,0.0,0.9655172413793104,0.0,0.2,0.0,0.3449463487514513,0.2,0.08,0.07807807807807808,0.25,0.25
42,0.7110247019542517,0.5028811944913507,0.700094734879189,0.5034171942477933,0.2462483218342688,0.4987363732020922,0.5531914893617021,0.3457856067817478,0.3804623640622522,0.06382978723404255,0.52,0.34986390938698636,0.3802549604239911,0.06857142857142857,0.06382978723404255,0.06285714285714286,0.06,4.7628571428571425,0.1337386018237082,0.008571428571428572,0.03260153333424971,0.08436634914903716,10.285714285714286,0.0,0.0,0.15,0.0790273556231003,1,0.15634213976348196,0.14482809702142263,2.4353761352876004,0.8681255332467198,0.0,0.9090909090909091,0.0,0.2,0.0,0.3449463487514513,0.2,0.08,0.06325301204819277,0.25,0.25
43,0.7196378663685671,0.502719432212158,0.7055023466668432,0.5029645878796647,0.2462483218342688,0.49872211263736993,0.5871559633027523,0.3462372665853574,0.3824174740553219,0.06422018348623854,0.5485714285714286,0.35032105224412924,0.38059781756684824,0.06857142857142857,0.0672782874617737,0.07142857142857142,0.06571428571428571,4.9314285714285715,0.14067278287461774,0.005714285714285714,0.0327509691023358,0.08436634914903715,9.877675840978593,0.0,0.0,0.15,0.07951070336391437,1,0.15729918310137633,0.14424914852302798,2.4580971840104198,0.8542709584100077,0.0,0.96,0.0,0.2,0.0,0.3449463487514513,0.2,0.08,0.06990881458966565,0.25,0.25
44,0.7276689105384554,0.5025934752052387,0.7112746083464574,0.5027506144744976,0.2462483218342688,0.49880305983669576,0.6141975308641975,0.34380245806703236,0.3806513789520417,0.06172839506172839,0.5685714285714286,0.3504167232449289,0.38076924613827684,0.06857142857142857,0.06790123456790123,0.06857142857142857,0.07428571428571429,5.065714285714286,0.13271604938271606,0.008571428571428572,0.032874125664972526,0.08436634914903715,9.864197530864198,0.0,0.0,0.15,0.07407407407407407,1,0.15734026004301235,0.14352790278041283,2.4775066689016403,0.8371855392418075,0.0,1.0,0.0,0.2,0.0,0.3449463487514513,0.2,0.08,0.0672782874617737,0.25,0.25
45,0.7339244977106553,0.5031895711935995,0.7173779670606786,0.5033495317406064,0.2462483218342688,0.499296676608496,0.5944272445820433,0.3434460595385807,0.3804173402387234,0.06191950464396285,0.5485714285714286,0.3503024375306431,0.38068353185256243,0.06857142857142857,0.06191950464396285,0.06285714285714286,0.07714285714285714,5.26,0.14241486068111456,0.002857142857142857,0.03288350598538307,0.08436634914903715,9.857585139318886,0.0,0.0,0.15,0.0804953560371517,3,0.15735241873922584,0.14417637058482624,2.4908136783807495,0.8524992736482793,0.0,0.9545454545454546,0.0,0.2,0.0,0.3449463487514513,0.2,0.08,0.06481481481481481,0.25,0.25
46,0.7389955339993011,0.5021456425079303,0.7220578091213431,0.5024646232252712,0.2462483218342688,0.4999944291863992,0.628482972136223,0.3435698985478686,0.38067700591491355,0.06191950464396285,0.58,0.35041672324492884,0.38092316617658933,0.06857142857142857,0.06811145510835913,0.06285714285714286,0.07714285714285714,5.3914285714285715,0.14860681114551083,0.0,0.03289282035661831,0.08436634914903715,9.857585139318886,0.0,0.0,0.15,0.0804953560371517,3,0.15742343455562186,0.14345548873190211,2.5038545476702776,0.8354492881753136,0.0,1.0,0.0,0.2,0.0,0.3449463487514513,0.2,0.08,0.06811145510835913,0.25,0.25
47,0.7455113190642354,0.5008518964353699,0.7280940179381424,0.5013887150400946,0.2462483218342688,0.5005257308068107,0.5527950310559007,0.34393554869347603,0.38041430194175985,0.062111801242236024,0.5085714285714286,0.350359580387786,0.3808803090337322,0.06857142857142857,0.09006211180124224,0.08857142857142856,0.08,5.605714285714286,0.15527950310559005,0.002857142857142857,0.03294704853654989,0.08436634914903715,9.832298136645962,0.0,0.0,0.15,0.08074534161490683,3,0.1589725452087536,0.14562902005992398,2.5423488852883005,0.8876502224576002,0.0,0.9354838709677419,0.0,0.2,0.0,0.3428920635212849,0.2,0.08,0.08978328173374613,0.25,0.25
48,0.7547111602033575,0.5010234628305097,0.7345833425424858,0.5010724323397018,0.2462483218342688,0.5009909160726015,0.5862068965517241,0.3444095847926444,0.38235286921074296,0.06269592476489028,0.5342857142857143,0.3502452946735003,0.3807945947480179,0.06857142857142857,0.07523510971786834,0.07428571428571429,0.08857142857142856,5.748571428571428,0.1536050156739812,0.008571428571428572,0.03315033747249461,0.08436634914903716,9.379310344827585,0.0,0.0,0.15,0.08150470219435736,2,0.15886339676842412,0.14555587640343984,2.5657876218682487,0.8858423808639998,0.0,0.9615384615384616,0.0,0.2,0.0,0.3428920635212849,0.2,0.08,0.07763975155279502,0.25,0.25
49,0.7586030287181016,0.5018009044527498,0.7382143855908384,0.5013128536690912,0.2462483218342688,0.5014941775579715,0.5425867507886435,0.34578285215975896,0.3827524231609234,0.06309148264984227,0.49142857142857144,0.35047386610207165,0.3809660233194465,0.06857142857142857,0.07886435331230283,0.08,0.09428571428571429,5.828571428571428,0.14195583596214512,0.005714285714285714,0.03348015014258872,0.08436634914903715,9.160883280757098,0.0,0.0,0.15,0.08201892744479496,2,0.16012593692743915,0.14490087495962437,2.5944718694308837,0.8698972180084482,0.0,0.9642857142857143,0.0,0.2,0.0,0.33970550034680846,0.2,0.08,0.08463949843260188,0.25,0.25
50,0.7668942114476337,0.5008545426286566,0.7441557721481837,0.500868721287066,0.2462483218342688,0.5020699074931387,0.5955414012738853,0.3486895345695905,0.3821205461980008,0.06687898089171974,0.5342857142857143,0.3507894602590543,0.38122316617658936,0.07142857142857142,0.0732484076433121,0.07142857142857142,0.10285714285714286,5.9314285714285715,0.1305732484076433,0.008571428571428572,0.033595447871457344,0.08436634914903715,9.0828025477707,0.0,0.0,0.15,0.07961783439490445,1,0.16169673581423052,0.14497401861610854,2.614011003470838,0.8717050596020486,0.0,0.96,0.0,0.2,0.0,0.33970550034680846,0.2,0.08,0.07570977917981073,0.25,0.25
51,0.772321986592894,0.5010428802514324,0.7490252618499316,0.5009869859106765,0.2462483218342688,0.5023958642564446,0.5732484076433121,0.3486895345695905,0.3824071704018225,0.06687898089171974,0.5142857142857142,0.3507894602590543,0.38148030903373226,0.07142857142857142,0.06050955414012739,0.06,0.10285714285714286,6.017142857142857,0.1305732484076433,0.0,0.03360745592051766,0.08436634914903715,9.0828025477707,0.0,0.0,0.15,0.07961783439490445,1,0.16243096642087365,0.14424914852302798,2.621730783401421,0.8542709584100077,0.0,1.0,0.0,0.2,0.0,0.33970550034680846,0.2,0.08,0.06050955414012739,0.25,0.25
52,0.7776418063428711,0.5015095636950154,0.753797900139911,0.501480494704725,0.2462483218342688,0.5026967779452162,0.554140127388535,0.34868953456959045,0.38259825320437024,0.06687898089171974,0.49714285714285716,0.35078946025905433,0.3816517376051608,0.07142857142857142,0.0732484076433121,0.06571428571428571,0.10285714285714286,6.154285714285714,0.14012738853503184,0.0,0.03360745592051766,0.08436634914903715,9.0828025477707,0.0,0.0,0.15,0.07961783439490445,1,0.16470244165456518,0.14636082418082813,2.6350104534476784,0.9057655331200002,0.0,0.9130434782608695,0.0,0.2,0.0,0.33970550034680846,0.2,0.08,0.0732484076433121,0.25,0.25
53,0.7793109345753928,0.5010946370403442,0.7549263841805611,0.501479565229769,0.2462483218342688,0.5029218302992314,0.5448717948717948,0.3487876781494699,0.38216238893299703,0.0673076923076923,0.4857142857142857,0.3509608888304829,0.3819088804623037,0.07142857142857142,0.0641025641025641,0.06285714285714286,0.10857142857142857,6.26,0.13782051282051283,0.005714285714285714,0.03363655220214461,0.08436634914903716,9.025641025641026,0.0,0.0,0.15,0.08012820512820513,0,0.1658785015891495,0.14636082418082813,2.6451673872358676,0.9057655331200002,0.0,0.9545454545454546,0.0,0.2,0.0,0.33970550034680846,0.2,0.08,0.06369426751592357,0.25,0.25
54,0.7860883023483933,0.502038830712318,0.7596299335392145,0.5018243903189227,0.2462483218342688,0.5030403908757604,0.5501618122977346,0.3495336936502083,0.382608207392594,0.06796116504854369,0.4857142857142857,0.35084660311619714,0.38208030903373225,0.07142857142857142,0.05501618122977346,0.054285714285714284,0.11714285714285715,6.354285714285714,0.12297734627831715,0.008571428571428572,0.03372146925108309,0.08436634914903715,8.964401294498382,0.0,0.0,0.15,0.08090614886731391,0,0.16576282408120374,0.14636082418082813,2.6465497537768643,0.9057655331200002,0.0,0.9473684210526315,0.0,0.2,0.0,0.33970550034680846,0.2,0.08,0.057692307692307696,0.25,0.25
55,0.7915454844755472,0.5034994268483209,0.7644478457600445,0.5030573784922338,0.2462483218342688,0.5029952951591571,0.5307443365695793,0.3495336936502083,0.3828023821498755,0.06796116504854369,0.4685714285714286,0.35084660311619714,0.38225173760516085,0.07142857142857142,0.07119741100323625,0.06285714285714286,0.11714285714285715,6.414285714285715,0.12297734627831715,0.0,0.033742094854300575,0.08436634914903715,8.964401294498382,0.0,0.0,0.15,0.08090614886731391,0,0.1652764385322263,0.14562902005992398,2.65647590155847,0.8876502224576002,0.0,1.0,0.0,0.2,0.0,0.33970550034680846,0.2,0.08,0.07119741100323625,0.25,0.25
56,0.7959039653554464,0.5040125055287549,0.7682957617368699,0.5033892041825624,0.2462483218342688,0.5031186021828913,0.5210355987055016,0.3495984185693022,0.38304510059647745,0.06796116504854369,0.46,0.35090374597334006,0.3824660233194465,0.07142857142857142,0.08737864077669903,0.08571428571428572,0.11714285714285715,6.505714285714285,0.11974110032362459,0.0,0.033763520155593606,0.08436634914903715,8.964401294498382,0.0,0.0,0.15,0.08090614886731391,0,0.16671776828158136,0.14490087495962437,2.689060669241586,0.8698972180084482,0.0,1.0,0.0,0.2,0.0,0.33797799251045646,0.2,0.08,0.08737864077669903,0.25,0.25
57,0.8008666913175395,0.5033570268258833,0.7726771398005465,0.5027430286113741,0.2462483218342688,0.503191718937046,0.5598705501618123,0.34979259332658375,0.3832744532824692,0.06796116504854369,0.4942857142857143,0.3510751745447686,0.3826685089765078,0.07142857142857142,0.10679611650485436,0.10285714285714286,0.11714285714285715,6.602857142857143,0.12297734627831715,0.0,0.03370846967867612,0.08436634914903715,8.964401294498382,0.0,0.0,0.15,0.08090614886731391,0,0.16720532366295865,0.14497401861610854,2.738136598713898,0.8717050596020486,0.0,0.9722222222222222,0.0,0.2,0.0,0.34242122895982147,0.2,0.08,0.10679611650485436,0.25,0.25
58,0.8060315642853375,0.504209438485567,0.7761045186506236,0.5032313948358994,0.2462483218342688,0.5032388333795933,0.5,0.3494313992403491,0.3820606464190866,0.06818181818181818,0.44,0.3513037459733401,0.3828399375479363,0.07142857142857142,0.08116883116883117,0.08857142857142856,0.12,6.751428571428572,0.12987012987012986,0.002857142857142857,0.03380413327929676,0.08436634914903715,8.688311688311689,0.0,0.0,0.15,0.07792207792207792,0,0.16819437138330737,0.14424914852302798,2.7719452953110477,0.8542709584100077,0.0,1.0,0.0,0.2,0.0,0.3391797016144591,0.2,0.08,0.08414239482200647,0.25,0.25
59,0.8082960812069121,0.5060113788650769,0.778173420598324,0.5046145486506554,0.2462483218342688,0.5032267557112768,0.5784313725490197,0.3512534988907635,0.3827782153845631,0.06862745098039216,0.5057142857142857,0.351560419803663,0.3830542232622221,0.07142857142857142,0.0784313725490196,0.07714285714285714,0.12571428571428572,6.734285714285714,0.13071895424836602,0.005714285714285714,0.03402531722812204,0.08436634914903716,8.627450980392156,0.0,0.0,0.15,0.08169934640522876,1,0.16775311381210514,0.14352790278041283,2.793649246547684,0.8371855392418075,0.0,1.0,0.0,0.2,0.0,0.3356944106422166,0.2,0.08,0.08116883116883117,0.25,0.25
60,0.8126698446226615,0.5052715787152205,0.780559809544058,0.5043765793899322,0.2462483218342688,0.5031849862074204,0.5756578947368421,0.35194620457232634,0.3829934746187322,0.06907894736842106,0.5,0.35178899123223434,0.38343993754793637,0.07142857142857142,0.10526315789473684,0.1,0.13142857142857142,6.862857142857143,0.13157894736842105,0.005714285714285714,0.034077027230539875,0.08436634914903715,8.519736842105264,0.0,0.0,0.15,0.07894736842105263,0,0.16829266356900618,0.14417637058482624,2.8377762616167304,0.8524992736482793,0.0,0.9714285714285714,0.0,0.2,0.0,0.3399280775333811,0.2,0.08,0.10457516339869281,0.25,0.25
61,0.8205759685078368,0.5037176674968358,0.7857469563062596,0.5030987489173158,0.2462483218342688,0.5030717350244851,0.5529801324503312,0.35153756922915763,0.3838336484000896,0.0695364238410596,0.47714285714285715,0.35184613408937726,0.38365422326222204,0.07142857142857142,0.09271523178807947,0.08285714285714285,0.13714285714285715,7.0,0.13245033112582782,0.005714285714285714,0.03416098365585613,0.08436634914903715,8.3841059602649,0.0,0.0,0.15,0.07947019867549669,0,0.16913648596544686,0.14417637058482624,2.8638778792415387,0.8524992736482793,0.0,0.9655172413793104,0.0,0.2,0.0,0.3395740409740733,0.2,0.08,0.09210526315789473,0.25,0.25
62,0.8255769405141098,0.5024976196631066,0.7892120956623307,0.5028336981626235,0.2462483218342688,0.5029800460770124,0.5466666666666666,0.353173293112272,0.3851396607334085,0.07,0.4685714285714286,0.35184613408937726,0.38384529174196674,0.07142857142857142,0.11666666666666667,0.10857142857142857,0.14285714285714285,7.045714285714285,0.13333333333333333,0.005714285714285714,0.03416319605319349,0.08436634914903716,8.34,0.0,0.0,0.15,0.08,0,0.16929751847269053,0.14345548873190211,2.9151717502281365,0.8354492881753136,0.0,1.0,0.0,0.2,0.0,0.34841419966667586,0.2,0.08,0.12251655629139073,0.25,0.25
63,0.830018907010569,0.5016856023246464,0.7928059344178384,0.5025139068451366,0.2462483218342688,0.5027595471634273,0.5083612040133779,0.35100999308923614,0.3830832716388714,0.06688963210702341,0.4342857142857143,0.35184613408937726,0.38384529174196674,0.07142857142857142,0.10702341137123746,0.10285714285714286,0.1457142857142857,7.122857142857143,0.13377926421404682,0.002857142857142857,0.034180394257424696,0.08436634914903715,8.307692307692308,0.0,0.0,0.15,0.07692307692307693,0,0.17099374516604138,0.1457764118880959,2.959725458080716,0.8913773427776011,0.0,0.9444444444444444,0.0,0.2,0.0,0.3507313597333407,0.2,0.08,0.10666666666666667,0.25,0.25
64,0.8322206662237981,0.5025516588225449,0.794780310459809,0.5032902397981331,0.2462483218342688,0.5023778102412231,0.5503355704697986,0.35150450891508694,0.3830955319580938,0.07046979865771812,0.4685714285714286,0.3522461340893772,0.3841452917419667,0.07428571428571429,0.12080536912751678,0.11142857142857143,0.14857142857142858,7.2,0.1342281879194631,0.002857142857142857,0.03413094823199303,0.08436634914903715,8.302013422818792,0.0,0.0,0.15,0.08053691275167785,1,0.17116606500806827,0.1450475298286554,3.0119595203476734,0.8735497959220491,0.0,1.0,0.0,0.2,0.0,0.3567054891244652,0.2,0.08,0.12040133779264214,0.25,0.25
65,0.8362159332980574,0.5033283078908061,0.797878608182898,0.503619929671008,0.2462483218342688,0.5022331105160437,0.543918918918919,0.35103064425579245,0.38423550431928694,0.07094594594594594,0.46,0.3522461340893772,0.3841452917419667,0.07428571428571429,0.14189189189189189,0.13142857142857142,0.15428571428571428,7.34,0.13851351351351351,0.005714285714285714,0.033971602562622015,0.08436634914903715,8.297297297297296,0.0,0.0,0.15,0.08108108108108109,1,0.17265503193860154,0.14850375,3.0831489013692917,0.9603999999999999,0.0,0.9347826086956522,0.0,0.2,0.0,0.367646270494203,0.2,0.08,0.14093959731543623,0.25,0.25
66,0.8394278954562975,0.5033987679654546,0.7999816544327897,0.5040859761870349,0.2462483218342688,0.5019999745441435,0.5525423728813559,0.3510002657589754,0.3851594603781115,0.0711864406779661,0.4657142857142857,0.3524247062229574,0.3843167203133953,0.07428571428571429,0.13898305084745763,0.13142857142857142,0.15714285714285714,7.4714285714285715,0.13898305084745763,0.002857142857142857,0.03402027809289092,0.08436634914903715,8.128813559322033,0.0,0.0,0.15,0.08135593220338982,0,0.1749882596890007,0.149325,3.1529144947704766,0.9806350496183348,0.0,0.9347826086956522,0.0,0.2,0.0,0.37668458396293,0.2,0.08,0.14189189189189189,0.25,0.25
67,0.8440033463978941,0.5043163740915283,0.8034860663080623,0.5050565965878606,0.2462483218342688,0.5018228901085934,0.5612244897959183,0.3519032329847506,0.3852129543590471,0.07142857142857142,0.4714285714285714,0.3524818490801003,0.3846167203133953,0.07428571428571429,0.12585034013605442,0.12,0.16,7.614285714285714,0.14625850340136054,0.002857142857142857,0.03400368154204693,0.08436634914903715,8.115646258503402,0.0,0.0,0.15,0.08163265306122448,0,0.1767416041048414,0.149325,3.2098562048750674,0.98,0.0,0.9523809523809523,0.0,0.2,0.0,0.3789747858144118,0.2,0.08,0.12542372881355932,0.25,0.25
68,0.8468495066733354,0.5039266579318663,0.8048177870780715,0.5053707490606012,0.2462483218342688,0.5016731298779009,0.5993150684931506,0.351662161049345,0.3853664706464683,0.07191780821917808,0.5,0.3529389919372431,0.3849650934174622,0.07428571428571429,0.1267123287671233,0.11142857142857143,0.1657142857142857,7.694285714285714,0.14383561643835616,0.005714285714285714,0.034016902318907326,0.08436634914903715,7.97945205479452,0.0,0.0,0.15,0.0821917808219178,0,0.1773003157400632,0.148578375,3.257087652206137,0.9603999999999999,0.0,1.0,0.0,0.2,0.0,0.38195533885561106,0.2,0.08,0.1292517006802721,0.25,0.25
69,0.8497281556491159,0.5042553787893919,0.8069773420743981,0.5065982707924772,0.2462483218342688,0.5017434790002916,0.5916955017301038,0.3522463319401355,0.38489024516555315,0.0726643598615917,0.48857142857142855,0.3529389919372431,0.3849650934174622,0.07428571428571429,0.09342560553633218,0.09142857142857143,0.1742857142857143,7.808571428571429,0.13494809688581316,0.008571428571428572,0.034334431057275856,0.08436634914903715,7.820069204152249,0.0,0.0,0.15,0.07958477508650519,0,0.17687038630422,0.147835483125,3.283374470590586,0.9411919999999999,0.0,1.0,0.0,0.2,0.0,0.37433139437216006,0.2,0.08,0.0958904109589041,0.25,0.25
70,0.8551734525974239,0.5042190389250969,0.8106675645944978,0.5062687372706055,0.2462483218342688,0.5018665284880645,0.5993031358885017,0.35210809763763296,0.3856719326763746,0.07317073170731707,0.49142857142857144,0.35293899193724315,0.3849650934174622,0.07428571428571429,0.11498257839721254,0.10571428571428572,0.18,8.0,0.13937282229965156,0.005714285714285714,0.03447831454758247,0.08436634914903715,7.665505226480836,0.0,0.0,0.15,0.08013937282229965,0,0.17738489436912747,0.14776123124999999,3.32342126689306,0.9242505440000003,0.0,0.972972972972973,0.0,0.2,0.0,0.3747592331447869,0.2,0.08,0.11764705882352941,0.25,0.25
71,0.8600178634664163,0.5034271230097865,0.8126985928167947,0.5054781373495224,0.2462483218342688,0.502138013615363,0.5246478873239436,0.3519101884234989,0.38554164536900304,0.07394366197183098,0.4257142857142857,0.35299613479438596,0.3850079505603193,0.07428571428571429,0.14084507042253522,0.12857142857142856,0.18857142857142858,8.151428571428571,0.1443661971830986,0.008571428571428572,0.03447302526082815,0.08436634914903715,7.570422535211268,0.0,0.0,0.15,0.08098591549295775,0,0.17835439918299614,0.14724518258437505,3.385524270126627,0.9223681599999999,0.0,0.9777777777777777,0.0,0.2,0.0,0.38370982554021976,0.2,0.08,0.14634146341463414,0.25,0.25
72,0.8626008307322296,0.5033511333912567,0.8139152110079221,0.5056970999461975,0.2462483218342688,0.5024112397746231,0.5531914893617021,0.3503242747892065,0.38688401246648607,0.08156028368794327,0.44571428571428573,0.3533389919372431,0.3852650934174622,0.08,0.11702127659574468,0.10857142857142857,0.19428571428571428,8.248571428571429,0.14184397163120568,0.005714285714285714,0.03449951687391928,0.08436634914903715,7.553191489361702,0.0,0.0,0.15,0.08156028368794327,0,0.17926163004065257,0.14865337500000003,3.4263852132955233,0.9095687171200011,0.0,0.9736842105263158,0.0,0.2,0.0,0.3828833533899223,0.2,0.08,0.11971830985915492,0.25,0.25
73,0.8672379494797477,0.5033960496046174,0.816635492079211,0.505601798170855,0.2462483218342688,0.5029252423850948,0.5266903914590747,0.3504597014571698,0.38576554679142305,0.08185053380782918,0.4228571428571429,0.3533389919372431,0.3852650934174622,0.08,0.1423487544483986,0.1457142857142857,0.19714285714285715,8.354285714285714,0.14590747330960854,0.002857142857142857,0.03442106153316238,0.08436634914903715,7.537366548042705,0.0,0.0,0.15,0.08185053380782918,0,0.1808483361226992,0.15930502667016147,3.5035717947438987,0.9820000000000004,0.0,0.9607843137254902,0.0,0.2,0.0,0.3899237039885336,0.2,0.08,0.1453900709219858,0.25,0.25
74,0.8696624988551301,0.5026909740221253,0.8190557118796138,0.5057621198181389,0.2462483218342688,0.5034184687727444,0.5323741007194245,0.3509676482936493,0.3853888476535681,0.08273381294964029,0.4228571428571429,0.3533389919372431,0.3852650934174622,0.08,0.1223021582733813,0.12285714285714286,0.2057142857142857,8.497142857142856,0.13309352517985612,0.008571428571428572,0.034605759080121305,0.08436634914903714,7.179856115107913,0.0,0.0,0.15,0.07913669064748201,0,0.1804298087278,0.15850850153681065,3.556357501706164,0.9623600000000003,0.0,1.0,0.0,0.2,0.0,0.3903731268918945,0.2,0.08,0.12811387900355872,0.25,0.25
75,0.8745836911197539,0.5041210784085493,0.8215447644899828,0.5068441440377983,0.2462483218342688,0.5038491479115103,0.5978260869565217,0.3509221952750834,0.3854437726591815,0.08333333333333333,0.4714285714285714,0.3535675633658145,0.3854365219888907,0.08,0.11231884057971014,0.09714285714285714,0.21142857142857144,8.682857142857143,0.13043478260869565,0.005714285714285714,0.034899384307483676,0.08436634914903715,6.949275362318841,0.0,0.0,0.15,0.07971014492753623,0,0.180441374684161,0.1577159590291266,3.5823732088148974,0.9431128000000003,0.0,0.9705882352941176,0.0,0.2,0.0,0.38791001230488253,0.2,0.08,0.11870503597122302,0.25,0.25
76,0.8760803767600228,0.5041088440702419,0.822725008023452,0.5064664796984781,0.2462483218342688,0.5042011946569406,0.5181159420289855,0.3510404495220594,0.38566116396352934,0.08333333333333333,0.4085714285714286,0.353660815286287,0.3856079505603193,0.08,0.10507246376811594,0.09714285714285714,0.21142857142857144,8.842857142857143,0.13768115942028986,0.0,0.03509554622622786,0.08436634914903715,6.949275362318841,0.0,0.0,0.15,0.07971014492753623,0,0.18042459638216876,0.15894227110898093,3.607868601781456,0.9470728000000013,0.0,0.9705882352941176,0.0,0.2,0.0,0.3818497489743408,0.2,0.08,0.10507246376811594,0.25,0.25
77,0.8781607158407656,0.5033044759377272,0.8243655039842664,0.5062738739725361,0.2462483218342688,0.5044336006271464,0.4673913043478261,0.3510404495220594,0.38566116396352934,0.08333333333333333,0.36857142857142855,0.353660815286287,0.3856079505603193,0.08,0.11594202898550725,0.09714285714285714,0.21142857142857144,8.991428571428571,0.14130434782608695,0.0,0.03511691475334578,0.08436634914903715,6.949275362318841,0.0,0.0,0.15,0.07971014492753623,0,0.1800076169716865,0.15814755975343603,3.6328540868886843,0.9281313440000012,0.0,1.0,0.0,0.2,0.0,0.38026240787512483,0.2,0.08,0.11594202898550725,0.25,0.25
78,0.8826863309082531,0.5023138698629467,0.8261703031849976,0.5059193260944341,0.2462483218342688,0.5046694455985447,0.5218978102189781,0.35003452031473653,0.38727093844383015,0.08394160583941605,0.4085714285714286,0.3535465295720013,0.385522236274605,0.08,0.072992700729927,0.06571428571428571,0.21714285714285714,9.108571428571429,0.13503649635036497,0.005714285714285714,0.03518890263705337,0.08436634914903715,6.795620437956204,0.0,0.0,0.15,0.08029197080291971,0,0.17985029317254234,0.15870344695466881,3.6259112908651954,0.9643600000000009,0.0,0.9565217391304348,0.0,0.2,0.0,0.38026240787512483,0.2,0.08,0.07608695652173914,0.25,0.25
79,0.8850142090290746,0.5028112597580043,0.8282717758424012,0.505898804834703,0.2462483218342688,0.5048604235867933,0.4963235294117647,0.3492205091576046,0.38738565641822165,0.08455882352941177,0.38571428571428573,0.3535465295720013,0.385522236274605,0.08,0.07720588235294118,0.06285714285714286,0.22285714285714286,9.242857142857142,0.1323529411764706,0.005714285714285714,0.035526540620322476,0.08436634914903715,6.602941176470588,0.0,0.0,0.15,0.08088235294117647,0,0.1793221845638225,0.15790992971989545,3.6162502079050345,0.9450728000000008,0.0,1.0,0.0,0.2,0.0,0.3682975175409758,0.2,0.08,0.08029197080291971,0.25,0.25
80,0.8862435405555608,0.503244005143439,0.8292271420572708,0.5068493066685702,0.2462483218342688,0.505056581111069,0.5220588235294118,0.3492205091576046,0.3876062446535157,0.08455882352941177,0.4057142857142857,0.3535465295720013,0.3856936648460336,0.08,0.07720588235294118,0.06285714285714286,0.22285714285714286,9.322857142857142,0.13970588235294118,0.0,0.03559988682790677,0.08436634914903715,6.602941176470588,0.0,0.0,0.15,0.08088235294117647,0,0.17896657792314624,0.15712038007129597,3.6067823466040774,0.9261713440000008,0.0,1.0,0.0,0.2,0.0,0.3682975175409758,0.2,0.08,0.07720588235294118,0.25,0.25
81,0.8879153784243362,0.5042302491925961,0.8305263989152903,0.5074508907205107,0.2462483218342688,0.5051668828165584,0.49264705882352944,0.34907345033407516,0.3874959505358686,0.08455882352941177,0.38285714285714284,0.3534322438577156,0.3856079505603193,0.08,0.09558823529411764,0.08571428571428572,0.22285714285714286,9.405714285714286,0.15073529411764705,0.0,0.03566898249517386,0.08436634914903715,6.602941176470588,0.0,0.0,0.15,0.08088235294117647,0,0.17907031931567335,0.15834967004593944,3.620360985386281,0.9470728000000013,0.0,0.9666666666666667,0.0,0.2,0.0,0.3633144846210159,0.2,0.08,0.09558823529411764,0.25,0.25
82,0.8886349888734868,0.5041715332375702,0.831085639035773,0.5071617717078735,0.2462483218342688,0.5053529795917147,0.49264705882352944,0.34907345033407516,0.3875816319547281,0.08455882352941177,0.38285714285714284,0.3534322438577156,0.3856745372629758,0.08,0.13602941176470587,0.10857142857142857,0.22285714285714286,9.51142857142857,0.13602941176470587,0.0,0.03555616113528684,0.08436634914903715,6.602941176470588,0.0,0.0,0.15,0.08088235294117647,0,0.17891343604152107,0.15755792169570976,3.656525194249984,0.9281313440000012,0.0,1.0,0.0,0.2,0.0,0.3714604112262245,0.2,0.08,0.13602941176470587,0.25,0.25
83,0.8914174079341131,0.5038673169763022,0.8331729629338117,0.5065103282367597,0.2462483218342688,0.5056179335176603,0.46096654275092935,0.3506091321320578,0.38700890128426224,0.08550185873605948,0.35428571428571426,0.35320367242914413,0.38550310869154725,0.08,0.11524163568773234,0.1,0.23142857142857143,9.645714285714286,0.14869888475836432,0.008571428571428572,0.03558933011387088,0.08436634914903715,6.5427509293680295,0.0,0.0,0.15,0.08178438661710037,0,0.17933301171845634,0.15811675708723116,3.6833946903649837,1.0,0.0,0.9428571428571428,0.0,0.2,0.0,0.3713595054515678,0.2,0.08,0.11397058823529412,0.25,0.25
84,0.8936156741805402,0.5047561235312394,0.8348624875632087,0.5072394749344535,0.2462483218342688,0.5057755642229873,0.4795539033457249,0.3506091321320578,0.38700890128426224,0.08550185873605948,0.36857142857142855,0.35320367242914413,0.38550310869154725,0.08,0.10037174721189591,0.08857142857142856,0.23142857142857143,9.682857142857143,0.13382899628252787,0.0,0.035677928497999285,0.08436634914903715,6.5427509293680295,0.0,0.0,0.15,0.08178438661710037,0,0.17889334665986406,0.15732617330179502,3.6982982251291125,0.98,0.0,1.0,0.0,0.2,0.0,0.36719912852482306,0.2,0.08,0.10037174721189591,0.25,0.25
85,0.8954522761177901,0.5057709699926679,0.8364879007328871,0.5080275194126931,0.2462483218342688,0.5059026741147921,0.550561797752809,0.35060749827016585,0.3865828488468789,0.08614232209737828,0.42,0.35320367242914413,0.38550310869154725,0.08,0.08614232209737828,0.06857142857142857,0.23714285714285716,9.748571428571429,0.13857677902621723,0.005714285714285714,0.03583264404850612,0.08436634914903716,6.479400749063671,0.0,0.0,0.15,0.08239700374531835,0,0.1783130227837076,0.15653954243528603,3.692903689197959,0.9603999999999999,0.0,1.0,0.0,0.2,0.0,0.360525102076364,0.2,0.08,0.08921933085501858,0.25,0.25
86,0.8982209801348966,0.5055443987087372,0.8378239521910122,0.5073895584787183,0.2462483218342688,0.5061904494907614,0.5606060606060606,0.35175953187854797,0.3856991102330691,0.08712121212121213,0.4228571428571429,0.35320367242914413,0.38550310869154725,0.08,0.08712121212121213,0.07142857142857142,0.24571428571428572,9.871428571428572,0.125,0.008571428571428572,0.03601159553063157,0.08436634914903716,6.378787878787879,0.0,0.0,0.15,0.07954545454545454,0,0.1778496005269319,0.1557568447231096,3.6904741868425717,0.9411919999999999,0.0,1.0,0.0,0.2,0.0,0.3553863737959227,0.2,0.08,0.0898876404494382,0.25,0.25
87,0.9001178586830374,0.5062238298099871,0.8392547405816098,0.5079617351093842,0.2462483218342688,0.5062721942958114,0.5454545454545454,0.3516080167270328,0.3855854738694327,0.08712121212121213,0.4114285714285714,0.35308938671485846,0.38541739440583295,0.08,0.09848484848484848,0.08571428571428572,0.24571428571428572,9.937142857142858,0.13636363636363635,0.0,0.03605971667852356,0.08436634914903716,6.378787878787879,0.0,0.0,0.15,0.07954545454545454,0,0.17787378252429722,0.22940479520026685,3.7023789888200054,0.9366669113823519,0.0,0.9666666666666667,0.0,0.2,0.0,0.3538545535821927,0.2,0.08,0.09848484848484848,0.25,0.25
88,0.9043773144274401,0.5061434555891756,0.8424675872002447,0.508033537181128,0.2462483218342688,0.506464582270808,0.5833333333333334,0.3516080167270328,0.3855854738694327,0.08712121212121213,0.44,0.35308938671485846,0.38541739440583295,0.08,0.0946969696969697,0.07142857142857142,0.24571428571428572,10.031428571428572,0.13636363636363635,0.0,0.03609324011880057,0.08436634914903716,6.378787878787879,0.0,0.0,0.15,0.07954545454545454,0,0.17735569932596149,0.22825777122426552,3.6997599804721766,0.9179335731547048,0.0,1.0,0.0,0.2,0.0,0.3514927337748451,0.2,0.08,0.0946969696969697,0.25,0.25
89,0.9066465517737519,0.505672616272106,0.8441792405128914,0.5075374163911777,0.2462483218342688,0.5067308394426447,0.6136363636363636,0.3516080167270328,0.3855854738694327,0.08712121212121213,0.46285714285714286,0.35308938671485846,0.38541739440583295,0.08,0.08333333333333333,0.06857142857142857,0.24571428571428572,10.08,0.13636363636363635,0.0,0.03616865846075015,0.08436634914903716,6.378787878787879,0.0,0.0,0.15,0.07954545454545454,0,0.17686863511504594,0.2271164823681442,3.694336209434162,0.8995749016916107,0.0,1.0,0.0,0.2,0.0,0.3461941870198761,0.2,0.08,0.08333333333333333,0.25,0.25
90,0.9081603458119435,0.5040370830578321,0.8454302075586982,0.5061067479009174,0.2462483218342688,0.5068663274328381,0.6106870229007634,0.35141432024155467,0.3850919327488487,0.08778625954198473,0.45714285714285713,0.35308938671485846,0.38541739440583295,0.08,0.11068702290076336,0.08571428571428572,0.25142857142857145,10.188571428571429,0.13358778625954199,0.005714285714285714,0.03614338246400233,0.08436634914903715,6.320610687022901,0.0,0.0,0.15,0.08015267175572519,0,0.17644114908232786,0.22598089995630347,3.706163770959764,0.8815834036577784,0.0,1.0,0.0,0.2,0.0,0.34990989507044634,0.2,0.08,0.10984848484848485,0.25,0.25
91,0.9101553050108971,0.5035270561362943,0.8469235770162007,0.5062915726309413,0.2462483218342688,0.5070930019492946,0.5687022900763359,0.35141432024155467,0.3850919327488487,0.08778625954198473,0.4257142857142857,0.35308938671485846,0.38541739440583295,0.08,0.09541984732824428,0.07714285714285714,0.25142857142857145,10.22,0.13740458015267176,0.0,0.036215964404329296,0.08436634914903715,6.320610687022901,0.0,0.0,0.15,0.08015267175572519,0,0.1759303719083448,0.22485099545652193,3.7091833526834255,0.8639517355846229,0.0,1.0,0.0,0.2,0.0,0.34855387025483037,0.2,0.08,0.09541984732824428,0.25,0.25
92,0.9119251555447567,0.5030388503791313,0.847994250617642,0.5058172061576782,0.2462483218342688,0.5072031741598169,0.5747126436781609,0.3486228042271545,0.3825060780850512,0.0842911877394636,0.42857142857142855,0.352860815286287,0.38524596583440435,0.08,0.09961685823754789,0.08285714285714285,0.2542857142857143,10.262857142857143,0.13793103448275862,0.002857142857142857,0.0362252669233205,0.08436634914903715,6.283524904214559,0.0,0.0,0.15,0.07662835249042145,0,0.17625072004880304,0.22372674047923932,3.7178568284869002,0.9919492498031048,0.0,0.9310344827586207,0.0,0.2,0.0,0.34861408857027654,0.2,0.08,0.09923664122137404,0.25,0.25
93,0.9120085354418771,0.5023014124858011,0.848056428198066,0.5055100484144496,0.2462483218342688,0.50752797929673,0.5402298850574713,0.3486228042271545,0.3825060780850512,0.0842911877394636,0.40285714285714286,0.352860815286287,0.38524596583440435,0.08,0.08045977011494253,0.06857142857142857,0.2542857142857143,10.334285714285715,0.13409961685823754,0.0,0.03633963306958767,0.08436634914903715,6.283524904214559,0.0,0.0,0.15,0.08045977011494253,0,0.17571218073427333,0.22260810677684315,3.712071120488591,0.9721102648070428,0.0,1.0,0.0,0.2,0.0,0.34302920189070396,0.2,0.08,0.08045977011494253,0.25,0.25
94,0.9122826175010192,0.5022134722566958,0.8486277332552523,0.5048504524278373,0.2462483218342688,0.5077592074336761,0.583011583011583,0.3497158903032152,0.38334765554581895,0.08494208494208494,0.43142857142857144,0.352860815286287,0.38524596583440435,0.08,0.07722007722007722,0.06571428571428571,0.26,10.391428571428571,0.13127413127413126,0.005714285714285714,0.03644062043029926,0.08436634914903716,6.231660231660232,0.0,0.0,0.15,0.08108108108108109,0,0.17520476268774482,0.22149506624295892,3.703543983793105,0.9526680595109018,0.0,1.0,0.0,0.2,0.0,0.3385612925470459,0.2,0.08,0.08045977011494253,0.25,0.25
95,0.91481314818844,0.502517339606982,0.8505003259639436,0.5051110909224875,0.2462483218342688,0.507794092432894,0.555984555984556,0.3495614501487751,0.38323182542998885,0.08494208494208494,0.4114285714285714,0.3527465295720013,0.38516025154869005,0.08,0.08108108108108109,0.06285714285714286,0.26,10.448571428571428,0.1274131274131274,0.0,0.03650600406449406,0.08436634914903716,6.231660231660232,0.0,0.0,0.15,0.08108108108108109,0,0.17510002458859183,0.24486864618987458,3.692330246974385,0.9411919999999999,0.0,0.9545454545454546,0.0,0.2,0.0,0.33517335836196105,0.2,0.08,0.08108108108108109,0.25,0.25
96,0.9195892485353453,0.5033235853798136,0.850961800867316,0.5062555109627114,0.2462483218342688,0.507848062132557,0.5803921568627451,0.34646702482966446,0.3858331869031733,0.08627450980392157,0.4228571428571429,0.3527465295720013,0.38516025154869005,0.08,0.08235294117647059,0.07428571428571429,0.2714285714285714,10.491428571428571,0.12549019607843137,0.011428571428571429,0.036594635972812574,0.08436634914903715,6.0549019607843135,0.0,0.0,0.15,0.08235294117647059,0,0.17465252517993457,0.24364430295892522,3.692769356320612,0.9223681599999999,0.0,1.0,0.0,0.2,0.0,0.3347796133304955,0.2,0.08,0.0888030888030888,0.25,0.25
97,0.9257881032907562,0.5037132361890437,0.852366456281069,0.5061531640771482,0.2462483218342688,0.5078936815941977,0.623015873015873,0.3450559116184589,0.3844915416736775,0.08333333333333333,0.44857142857142857,0.3527465295720013,0.38516025154869005,0.08,0.07539682539682539,0.06571428571428571,0.28,10.551428571428572,0.1111111111111111,0.008571428571428572,0.03694634182169881,0.08436634914903715,5.809523809523809,0.0,0.0,0.15,0.07936507936507936,0,0.17417911969689204,0.24242608144413058,3.684628254908485,0.9039207967999998,0.0,1.0,0.0,0.2,0.0,0.3325295730173376,0.2,0.08,0.08235294117647059,0.25,0.25
98,0.9293048115438217,0.5044859681871694,0.8548984862232764,0.5066865726817983,0.2462483218342688,0.5078299610277897,0.6865079365079365,0.3448971814597287,0.3843724940546299,0.08333333333333333,0.4942857142857143,0.35263224385771563,0.3850745372629758,0.08,0.06349206349206349,0.045714285714285714,0.28,10.585714285714285,0.10714285714285714,0.0,0.037045737740820234,0.08436634914903715,5.809523809523809,0.0,0.0,0.15,0.07936507936507936,0,0.17396536695555043,0.24121395103690993,3.656649975524601,0.8972581427776024,0.0,0.9375,0.0,0.2,0.0,0.3325295730173376,0.2,0.08,0.06349206349206349,0.25,0.25
99,0.9309906656977198,0.5048257527113416,0.8551891572869659,0.5082308874752417,0.2462483218342688,0.5080835947506273,0.656,0.34551962615328746,0.38591044502336236,0.084,0.4685714285714286,0.35263224385771563,0.3850745372629758,0.08,0.064,0.054285714285714284,0.2857142857142857,10.645714285714286,0.096,0.005714285714285714,0.03711981925958121,0.08436634914903715,5.728,0.0,0.0,0.15,0.08,0,0.17358054012077268,0.24000788128172537,3.637802690299823,0.8793129799220504,0.0,1.0,0.0,0.2,0.0,0.3325295730173376,0.2,0.08,0.06746031746031746,0.25,0.25
100,0.9310915006375522,0.5056059365281786,0.8552611822439891,0.5089457447762136,0.2462483218342688,0.508459626333088,0.644,0.34551962615328746,0.38591044502336236,0.084,0.46,0.35263224385771563,0.3850745372629758,0.08,0.072,0.054285714285714284,0.2857142857142857,10.705714285714286,0.1,0.0,0.03714031456588816,0.08436634914903715,5.728,0.0,0.0,0.15,0.08,0,0.17343420950009686,0.23880784187531673,3.6193323507795414,0.8617267203236093,0.0,1.0,0.0,0.2,0.0,0.3325295730173376,0.2,0.08,0.072,0.25,0.25
101,0.9342860681627436,0.50502316452599,0.8565837007867536,0.5087067067085868,0.2462483218342688,0.5088622993321794,0.5863453815261044,0.345065762736239,0.3868780567991845,0.08433734939759036,0.41714285714285715,0.3525179581434299,0.3849888229772615,0.08,0.05622489959839357,0.045714285714285714,0.2885714285714286,10.757142857142858,0.0963855421686747,0.002857142857142857,0.037198822544573816,0.08436634914903715,5.622489959839357,0.0,0.0,0.15,0.08032128514056225,0,0.17372143202988644,0.23761380266594015,3.592659989478236,0.9427072849721885,0.0,0.9375,0.0,0.2,0.0,0.3325295730173376,0.2,0.08,0.056,0.25,0.25
102,0.9344844696545043,0.5063252230696014,0.8567248492766064,0.5094761859550684,0.2462483218342688,0.5091677655407217,0.6506024096385542,0.345065762736239,0.3868780567991845,0.08433734939759036,0.46285714285714286,0.3525179581434299,0.3849888229772615,0.08,0.08032128514056225,0.06285714285714286,0.2885714285714286,10.817142857142857,0.10040160642570281,0.0,0.03729625574707153,0.08436634914903715,5.622489959839357,0.0,0.0,0.15,0.08032128514056225,0,0.1737662541554513,0.23642573365261044,3.583663932545814,0.9238531392727447,0.0,1.0,0.0,0.2,0.0,0.3301200439560388,0.2,0.08,0.08032128514056225,0.25,0.25
103,0.935115721020394,0.506637954549163,0.8571739395340536,0.5097821088037645,0.2462483218342688,0.5096065059747441,0.6144578313253012,0.345065762736239,0.3868780567991845,0.08433734939759036,0.43714285714285717,0.3525179581434299,0.3849888229772615,0.08,0.06827309236947791,0.054285714285714284,0.2885714285714286,10.842857142857143,0.09236947791164658,0.0,0.03729625574707153,0.08436634914903715,5.622489959839357,0.0,0.0,0.15,0.08032128514056225,0,0.17333281567563102,0.23524360498434738,3.566276368180612,0.9053760764872897,0.0,1.0,0.0,0.2,0.0,0.3301200439560388,0.2,0.08,0.06827309236947791,0.25,0.25
104,0.9381354514303923,0.5072669223437104,0.8581269223791991,0.5100517053092116,0.2462483218342688,0.5100264703366879,0.5991902834008097,0.3459028106600782,0.38613780413075505,0.08502024291497975,0.4228571428571429,0.3525179581434299,0.3849888229772615,0.08,0.06882591093117409,0.06,0.29428571428571426,10.891428571428571,0.09716599190283401,0.005714285714285714,0.03737506554497135,0.08436634914903719,5.473684210526316,0.0,0.0,0.15,0.08097165991902834,0,0.17283729445439572,0.23406738695942564,3.554950840817,0.8872685549575439,0.0,1.0,0.0,0.2,0.0,0.3301200439560388,0.2,0.08,0.07630522088353414,0.25,0.25
105,0.9382123734309583,0.5072884227968838,0.8581812073338841,0.510222405840175,0.2462483218342688,0.5106222369015617,0.6153846153846154,0.3457408673402402,0.38601634664087653,0.08502024291497975,0.4342857142857143,0.35240367242914417,0.3849031086915472,0.08,0.07692307692307693,0.05714285714285714,0.29428571428571426,10.922857142857143,0.08906882591093117,0.0,0.03748871105945123,0.08436634914903719,5.473684210526316,0.0,0.0,0.15,0.08097165991902834,0,0.17282982226783802,0.23289705002462852,3.5409946811435162,0.8857296491684926,0.0,0.95,0.0,0.2,0.0,0.3301200439560388,0.2,0.08,0.07692307692307693,0.25,0.25
106,0.9377757058769117,0.5075050973740259,0.8578730448028854,0.5105325597469574,0.2462483218342688,0.511300080591938,0.6396761133603239,0.3457408673402402,0.38601634664087653,0.08502024291497975,0.4514285714285714,0.35240367242914417,0.3849031086915472,0.08,0.0728744939271255,0.05714285714285714,0.29428571428571426,11.005714285714285,0.09716599190283401,0.0,0.03748871105945123,0.08436634914903719,5.473684210526316,0.0,0.0,0.15,0.08097165991902834,0,0.17233695887078457,0.23173256477450538,3.5273176446635035,0.8680150561851228,0.0,1.0,0.0,0.2,0.0,0.3301200439560388,0.2,0.08,0.0728744939271255,0.25,0.25
107,0.9398698274624665,0.5075617295087695,0.8583111259392058,0.5101063267365021,0.2462483218342688,0.5121837976213541,0.6612244897959184,0.3470973272849893,0.3864136718618898,0.08571428571428572,0.46285714285714286,0.35240367242914417,0.3849031086915472,0.08,0.07346938775510205,0.06,0.3,11.028571428571428,0.08979591836734693,0.005714285714285714,0.03754261216148285,0.08436634914903716,5.420408163265306,0.0,0.0,0.15,0.08163265306122448,0,0.17181813121928777,0.23057390195063282,3.5167712917702336,0.8506547550614204,0.0,1.0,0.0,0.2,0.0,0.3301200439560388,0.2,0.08,0.07692307692307693,0.25,0.25
108,0.9395585892289569,0.5077798106689481,0.8580932591757491,0.5105381713079798,0.2462483218342688,0.5129815720907548,0.673469387755102,0.3470973272849893,0.3864136718618898,0.08571428571428572,0.4714285714285714,0.35240367242914417,0.3849031086915472,0.08,0.07346938775510205,0.054285714285714284,0.3,11.04,0.09795918367346938,0.0,0.037557661143556624,0.08436634914903716,5.420408163265306,0.0,0.0,0.15,0.08163265306122448,0,0.17135861270604846,0.22942103244087966,3.5007215802205427,0.8336416599601919,0.0,1.0,0.0,0.2,0.0,0.3301200439560388,0.2,0.08,0.07346938775510205,0.25,0.25
109,0.9409597756547412,0.5068439330668415,0.8590740896737978,0.5096035384523637,0.2462483218342688,0.5136281122863021,0.6816326530612244,0.3470973272849893,0.3864136718618898,0.08571428571428572,0.47714285714285715,0.35240367242914417,0.3849031086915472,0.08,0.0653061224489796,0.05142857142857143,0.3,11.108571428571429,0.09387755102040816,0.0,0.037557661143556624,0.08436634914903716,5.420408163265306,0.0,0.0,0.15,0.08163265306122448,0,0.17087310535680392,0.22827392727867526,3.4821357200447034,0.816968826760988,0.0,1.0,0.0,0.2,0.0,0.3301200439560388,0.2,0.08,0.0653061224489796,0.25,0.25
110,0.9407455674078272,0.5065216521498794,0.8590934422797929,0.5093083953100024,0.2462483218342688,0.5140905131435852,0.639344262295082,0.34623082121091653,0.3872530686106675,0.0860655737704918,0.44571428571428573,0.35228938671485843,0.384817394405833,0.08,0.06967213114754098,0.05714285714285714,0.3028571428571429,11.16,0.09016393442622951,0.002857142857142857,0.037607208421307034,0.08436634914903718,5.377049180327869,0.0,0.0,0.15,0.08196721311475409,0,0.1708471684014485,0.2271325576422819,3.4696358627866664,0.830501764174382,0.0,0.95,0.0,0.2,0.0,0.3301200439560388,0.2,0.08,0.07346938775510205,0.25,0.25
111,0.9424923868604804,0.5071823602386792,0.8591353366055017,0.5098575220996341,0.2462483218342688,0.5143484901694387,0.6680497925311203,0.3483771091681061,0.38439750650062277,0.08713692946058091,0.46,0.3521751010005727,0.3847316801201186,0.08,0.06639004149377593,0.05714285714285714,0.31142857142857144,11.237142857142857,0.07883817427385892,0.008571428571428572,0.03777443553898832,0.08436634914903716,5.161825726141079,0.0,0.0,0.15,0.08298755186721991,0,0.17076436113086982,0.22599689485407048,3.4573860026737906,0.8239497642851935,0.0,0.95,0.0,0.2,0.0,0.3301200439560388,0.2,0.08,0.07377049180327869,0.25,0.25
112,0.9436166233585456,0.5075313175244387,0.8599094537370264,0.5104193149057296,0.2462483218342688,0.5146255523370281,0.6099585062240664,0.3483771091681061,0.38439750650062277,0.08713692946058091,0.42,0.3521751010005727,0.3847316801201186,0.08,0.06224066390041494,0.045714285714285714,0.31142857142857144,11.282857142857143,0.07883817427385892,0.0,0.03790141283716844,0.08436634914903716,5.161825726141079,0.0,0.0,0.15,0.07883817427385892,0,0.1705547957856989,0.2248669103798001,3.4339525683345995,0.8074707689994897,0.0,1.0,0.0,0.2,0.0,0.3301200439560388,0.2,0.08,0.06224066390041494,0.25,0.25
113,0.9458069451163703,0.5076749427496955,0.8607824472359497,0.5110053273443224,0.2462483218342688,0.5149491762904916,0.6333333333333333,0.3478722413085177,0.3853203296174612,0.0875,0.4342857142857143,0.3521751010005727,0.3847316801201186,0.08,0.058333333333333334,0.04285714285714286,0.3142857142857143,11.337142857142856,0.06666666666666667,0.002857142857142857,0.03794834648105636,0.08436634914903716,5.108333333333333,0.0,0.0,0.15,0.07916666666666666,0,0.17007316466391323,0.2237425758279011,3.4081306598250505,0.7913213536194998,0.0,1.0,0.0,0.2,0.0,0.3301200439560388,0.2,0.08,0.058091286307053944,0.25,0.25
114,0.9504414776967248,0.5068954503680199,0.8620703261096896,0.5106021182202416,0.2462483218342688,0.5152633381517888,0.6150627615062761,0.3484003321049397,0.3854961498328217,0.08786610878661087,0.42,0.3521751010005727,0.3847316801201186,0.08,0.03347280334728033,0.025714285714285714,0.3171428571428571,11.371428571428572,0.06694560669456066,0.002857142857142857,0.037990521360997134,0.08436634914903718,5.079497907949791,0.0,0.0,0.15,0.0794979079497908,0,0.16939422741202226,0.2226238629487616,3.365682332342836,0.7754949265471098,0.0,1.0,0.0,0.2,0.0,0.3301200439560388,0.2,0.08,0.03333333333333333,0.25,0.25
115,0.9524758922132689,0.5081859494000535,0.8634595405938441,0.5115530123635342,0.2462483218342688,0.5155214795718968,0.6485355648535565,0.3484003321049397,0.3854961498328217,0.08786610878661087,0.44285714285714284,0.3521751010005727,0.3847316801201186,0.08,0.06694560669456066,0.04857142857142857,0.3171428571428571,11.434285714285714,0.07112970711297072,0.0,0.03801655744565531,0.08436634914903718,5.079497907949791,0.0,0.0,0.15,0.0794979079497908,0,0.1690036848463907,0.2215107436340178,3.3469401142674076,0.7599850280161676,0.0,1.0,0.0,0.2,0.0,0.3301200439560388,0.2,0.08,0.06694560669456066,0.25,0.25
116,0.9531769618591549,0.5085050683722472,0.8639719206523874,0.5119783711632442,0.2462483218342688,0.5160993334160655,0.6596638655462185,0.3483320966556609,0.3861574765794045,0.08823529411764706,0.44857142857142857,0.3521751010005727,0.3847316801201186,0.08,0.046218487394957986,0.037142857142857144,0.32,11.5,0.07142857142857142,0.002857142857142857,0.03804806103213845,0.08436634914903718,5.033613445378151,0.0,0.0,0.15,0.07983193277310924,0,0.1684158092793016,0.2204031899158477,3.317144169124916,0.7447853274558442,0.0,1.0,0.0,0.2,0.0,0.3301200439560388,0.2,0.08,0.0502092050209205,0.25,0.25
117,0.9545799907038546,0.5088055849719508,0.8650557517219148,0.5125349192711043,0.2462483218342688,0.5166810356332389,0.6455696202531646,0.34814669118023434,0.38557987084462547,0.08860759493670886,0.43714285714285717,0.3521751010005727,0.3847316801201186,0.08,0.0379746835443038,0.03142857142857143,0.32285714285714284,11.5,0.07172995780590717,0.002857142857142857,0.03813532887171994,0.08436634914903718,4.894514767932489,0.0,0.0,0.15,0.08016877637130802,0,0.16780215880433366,0.21930117396626847,3.282229857170989,0.7298896209067274,0.0,1.0,0.0,0.2,0.0,0.3301200439560388,0.2,0.08,0.04201680672268908,0.25,0.25
118,0.9540517460018818,0.5092457816802274,0.8646980545951505,0.5119621307004444,0.2462483218342688,0.5172370426265461,0.6244725738396625,0.34814669118023434,0.38557987084462547,0.08860759493670886,0.4228571428571429,0.3521751010005727,0.3847316801201186,0.08,0.04219409282700422,0.02857142857142857,0.32285714285714284,11.51142857142857,0.07172995780590717,0.0,0.038232605285758565,0.08436634914903718,4.894514767932489,0.0,0.0,0.15,0.08016877637130802,0,0.1672482915817406,0.21820466809643713,3.2451566885989984,0.7152918284885929,0.0,1.0,0.0,0.2,0.0,0.3301200439560388,0.2,0.08,0.04219409282700422,0.25,0.25
119,0.9547189392359784,0.5090426039304408,0.8651498397279529,0.5113708869715383,0.2462483218342688,0.5177484799695143,0.6497890295358649,0.34814669118023434,0.38557987084462547,0.08860759493670886,0.44,0.3521751010005727,0.3847316801201186,0.08,0.05485232067510549,0.04,0.32285714285714284,11.58,0.06751054852320675,0.0,0.038232605285758565,0.08436634914903718,4.894514767932489,0.0,0.0,0.15,0.08016877637130802,0,0.1668113365524033,0.21711364475595493,3.220253554827018,0.7009859919188209,0.0,1.0,0.0,0.2,0.0,0.3301200439560388,0.2,0.08,0.05485232067510549,0.25,0.25
120,0.9568323348554767,0.5088453743472698,0.866580910476013,0.5108082825890718,0.2462483218342688,0.518108591518144,0.7215189873417721,0.34814669118023434,0.38557987084462547,0.08860759493670886,0.48857142857142855,0.3521751010005727,0.3847316801201186,0.08,0.046413502109704644,0.037142857142857144,0.32285714285714284,11.62,0.06751054852320675,0.0,0.038232605285758565,0.08436634914903718,4.894514767932489,0.0,0.0,0.15,0.08016877637130802,0,0.16697508448727158,0.21602807653217515,3.1929913408733346,0.6869662720804445,0.0,1.0,0.0,0.2,0.0,0.3301200439560388,0.2,0.08,0.046413502109704644,0.25,0.25
121,0.9579007304704131,0.5090398078037564,0.8673043669352702,0.5110482747440656,0.2462483218342688,0.5183517542168898,0.6540084388185654,0.34797791480892637,0.38545328856614447,0.08860759493670886,0.44285714285714284,0.352060815286287,0.3846459658344044,0.08,0.04219409282700422,0.02857142857142857,0.32285714285714284,11.697142857142858,0.07172995780590717,0.0,0.038232605285758565,0.08436634914903718,4.894514767932489,0.0,0.0,0.15,0.08016877637130802,0,0.16679720906483522,0.2149479361495143,3.1577029426272967,0.7314910836082273,0.0,0.9,0.0,0.2,0.0,0.3301200439560388,0.2,0.08,0.04219409282700422,0.25,0.25
122,0.9595103708720077,0.5076957163276687,0.8683943234357785,0.5101992308469305,0.2462483218342688,0.5184498850493713,0.6286919831223629,0.3478091384376183,0.38532670628766347,0.08860759493670886,0.4257142857142857,0.3519465295720013,0.38456025154869006,0.08,0.04219409282700422,0.03142857142857143,0.32285714285714284,11.722857142857142,0.07172995780590717,0.0,0.038232605285758565,0.08436634914903718,4.894514767932489,0.0,0.0,0.15,0.08016877637130802,0,0.16670550944808246,0.2138731964687667,3.125977455203322,0.7863181864362998,0.0,0.9090909090909091,0.0,0.2,0.0,0.3301200439560388,0.2,0.08,0.04219409282700422,0.25,0.25
123,0.959398571540196,0.5079659663224692,0.868318619316809,0.5102138898108847,0.2462483218342688,0.518505424456326,0.6497890295358649,0.3478091384376183,0.38532670628766347,0.08860759493670886,0.44,0.3519465295720013,0.38456025154869006,0.08,0.05485232067510549,0.04285714285714286,0.32285714285714284,11.742857142857142,0.06751054852320675,0.0,0.038232605285758565,0.08436634914903718,4.894514767932489,0.0,0.0,0.15,0.08016877637130802,0,0.16629912832584207,0.21280383048642287,3.1063150489563984,0.7705918227075738,0.0,1.0,0.0,0.2,0.0,0.3301200439560388,0.2,0.08,0.05485232067510549,0.25,0.25
124,0.9597113747991499,0.508095947338266,0.8683538894899883,0.5107931304449813,0.2462483218342688,0.5185837843372815,0.690677966101695,0.348994799660408,0.3859166340968083,0.08898305084745763,0.4657142857142857,0.3519465295720013,0.38456025154869006,0.08,0.05508474576271186,0.04,0.32571428571428573,11.782857142857143,0.06779661016949153,0.002857142857142857,0.038254302221583096,0.08436634914903718,4.872881355932203,0.0,0.0,0.15,0.08050847457627118,0,0.16575306125564143,0.21173981133399078,3.08418874797727,0.7551799862534223,0.0,1.0,0.0,0.2,0.0,0.3301200439560388,0.2,0.08,0.05907172995780591,0.25,0.25
125,0.9612561485437761,0.5094050954320036,0.8693955083577933,0.5114157949779807,0.2462483218342688,0.5187078599287376,0.6228813559322034,0.348994799660408,0.3859166340968083,0.08898305084745763,0.42,0.3519465295720013,0.38456025154869006,0.08,0.05508474576271186,0.04285714285714286,0.32571428571428573,11.822857142857142,0.0635593220338983,0.0,0.038261229538855634,0.08436634914903718,4.872881355932203,0.0,0.0,0.15,0.08050847457627118,0,0.1652952959493632,0.2106811122773208,3.065362115874868,0.7400763865283538,0.0,1.0,0.0,0.2,0.0,0.3301200439560388,0.2,0.08,0.05508474576271186,0.25,0.25
126,0.9624624553021278,0.5081696570916838,0.8702089037719962,0.5101394430394393,0.2462483218342688,0.5188443492375212,0.6398305084745762,0.3488253081349843,0.3857895154527406,0.08898305084745763,0.43142857142857144,0.3518322438577156,0.3844745372629758,0.08,0.046610169491525424,0.04,0.32571428571428573,11.914285714285715,0.07203389830508475,0.0,0.038261229538855634,0.08436634914903718,4.872881355932203,0.0,0.0,0.15,0.08050847457627118,0,0.16512596232675925,0.2102310851988231,3.04405487355737,0.7448319180368845,0.0,0.9285714285714286,0.0,0.2,0.0,0.3301200439560388,0.2,0.08,0.046610169491525424,0.25,0.25
127,0.9646927929123577,0.5083952518357744,0.8709521157088131,0.51080741909663,0.2462483218342688,0.5188284034450672,0.6666666666666666,0.34913371305915314,0.3870010605526598,0.08974358974358974,0.44571428571428573,0.3518322438577156,0.3844745372629758,0.08,0.05982905982905983,0.045714285714285714,0.3314285714285714,11.994285714285715,0.05982905982905983,0.005714285714285714,0.03835951925487164,0.08436634914903716,4.786324786324786,0.0,0.0,0.15,0.0811965811965812,0,0.16461433251512544,0.20917992977282898,3.0288880618005076,0.7299352796761468,0.0,1.0,0.0,0.2,0.0,0.3301200439560388,0.2,0.08,0.0635593220338983,0.25,0.25
128,0.9645870568514908,0.5096371770883168,0.8709430334043143,0.5109191415528004,0.2462483218342688,0.5188366357121339,0.6695278969957081,0.3486999512351701,0.3866604154508113,0.09012875536480687,0.44571428571428573,0.35177510100057274,0.38443168012011864,0.08,0.055793991416309016,0.04285714285714286,0.3342857142857143,12.031428571428572,0.055793991416309016,0.002857142857142857,0.03837958740316475,0.08436634914903716,4.789699570815451,0.0,0.0,0.15,0.0815450643776824,0,0.1649054037096927,0.20813403012396484,3.011167443421641,0.7706557669401245,0.0,0.8666666666666667,0.0,0.2,0.0,0.3301200439560388,0.2,0.08,0.05555555555555555,0.25,0.25
129,0.9632730976559322,0.5099593180635531,0.8699682886735094,0.5113848774538277,0.2462483218342688,0.5189204257163538,0.6681034482758621,0.3487740511912438,0.38640486414352576,0.09051724137931035,0.44285714285714284,0.3514322438577156,0.3841745372629758,0.08,0.06465517241379311,0.05142857142857143,0.33714285714285713,12.09142857142857,0.05172413793103448,0.002857142857142857,0.03839979344682512,0.08436634914903716,4.75,0.0,0.0,0.15,0.08189655172413793,0,0.1656805909768585,0.21186364076004086,3.00237266598178,0.8524992736482793,0.0,0.8333333333333334,0.0,0.2,0.0,0.3301200439560388,0.2,0.08,0.06437768240343347,0.25,0.25
130,0.9633717663492308,0.5092051107495515,0.8700336919216387,0.5115284579021738,0.2462483218342688,0.5189443470688804,0.6637931034482759,0.3486016373981404,0.38627555379869816,0.09051724137931035,0.44,0.35131795814342986,0.3840888229772616,0.08,0.03879310344827586,0.02857142857142857,0.33714285714285713,12.09142857142857,0.05603448275862069,0.0,0.03844481997348661,0.08436634914903716,4.75,0.0,0.0,0.15,0.08189655172413793,0,0.16548075945054563,0.21080432255624065,2.970896641233573,0.8617267203236093,0.0,0.9,0.0,0.2,0.0,0.3301200439560388,0.2,0.08,0.03879310344827586,0.25,0.25
131,0.9633508915870832,0.5098684872213803,0.8700198549364438,0.5118607752624755,0.2462483218342688,0.5190956103788504,0.5948275862068966,0.3482568098119334,0.38601693310904295,0.09051724137931035,0.3942857142857143,0.35108938671485845,0.383917394405833,0.08,0.0603448275862069,0.045714285714285714,0.33714285714285713,12.165714285714285,0.05172413793103448,0.0,0.03844481997348661,0.08436634914903716,4.75,0.0,0.0,0.15,0.08189655172413793,0,0.16579592708186433,0.20975030094345945,2.957192994123187,0.9603999999999999,0.0,0.875,0.0,0.2,0.0,0.3301200439560388,0.2,0.08,0.0603448275862069,0.25,0.25
132,0.9643919067775696,0.5102030427085696,0.8706135733798406,0.5119429974377686,0.2462483218342688,0.5193557058365251,0.6406926406926406,0.3470960138349682,0.38689292794964264,0.09090909090909091,0.4228571428571429,0.35108938671485845,0.383917394405833,0.08,0.047619047619047616,0.03428571428571429,0.34,12.194285714285714,0.05194805194805195,0.002857142857142857,0.038495159884963895,0.08436634914903718,4.7186147186147185,0.0,0.0,0.15,0.08225108225108226,0,0.1651383760178836,0.20870154943874217,2.932334848526438,0.9411919999999999,0.0,1.0,0.0,0.2,0.0,0.3301200439560388,0.2,0.08,0.05172413793103448,0.25,0.25
133,0.9632136249930883,0.5106330880151242,0.869835907402083,0.5128775538030924,0.2462483218342688,0.5198507493739081,0.6277056277056277,0.3470960138349682,0.38689292794964264,0.09090909090909091,0.4142857142857143,0.35108938671485845,0.383917394405833,0.08,0.025974025974025976,0.017142857142857144,0.34,12.234285714285715,0.05194805194805195,0.0,0.038495159884963895,0.08436634914903718,4.7186147186147185,0.0,0.0,0.15,0.07792207792207792,0,0.1644836848520799,0.20765804169154845,2.890831008698766,0.9223681599999999,0.0,1.0,0.0,0.2,0.0,0.3301200439560388,0.2,0.08,0.025974025974025976,0.25,0.25
134,0.9628234023201309,0.5111742075517733,0.8695783604379312,0.5133465851123867,0.2462483218342688,0.5204330023581172,0.6190476190476191,0.34692285366180803,0.3867630578197725,0.09090909090909091,0.4085714285714286,0.3509751010005728,0.38383168012011865,0.08,0.04329004329004329,0.03428571428571429,0.34,12.302857142857142,0.047619047619047616,0.0,0.038495159884963895,0.08436634914903718,4.7186147186147185,0.0,0.0,0.15,0.07792207792207792,0,0.1644316964278195,0.2066197514830907,2.867300102810505,0.905100309924994,0.0,0.9166666666666666,0.0,0.2,0.0,0.3301200439560388,0.2,0.08,0.04329004329004329,0.25,0.25
135,0.9658536359001593,0.5111211122849204,0.8705295979068969,0.5132923177551734,0.2462483218342688,0.5210655725701762,0.6391304347826087,0.3482759699649554,0.3865251935513715,0.09130434782608696,0.42,0.3509751010005728,0.38383168012011865,0.08,0.021739130434782608,0.014285714285714285,0.34285714285714286,12.314285714285715,0.04782608695652174,0.002857142857142857,0.038622747870079105,0.08436634914903718,4.608695652173913,0.0,0.0,0.15,0.0782608695652174,0,0.1637238236599661,0.20558665272567525,2.8242398150400088,0.8869983037264941,0.0,1.0,0.0,0.2,0.0,0.3301200439560388,0.2,0.08,0.021645021645021644,0.25,0.25
136,0.9650138170480876,0.5101149441430067,0.8699868340962186,0.5125559345154848,0.2462483218342688,0.5215985219663902,0.6724890829694323,0.3491289882097635,0.3871090749761385,0.09170305676855896,0.44,0.3509751010005728,0.38383168012011865,0.08,0.03056768558951965,0.025714285714285714,0.3457142857142857,12.382857142857143,0.043668122270742356,0.002857142857142857,0.03863423057357611,0.08436634914903718,4.611353711790393,0.0,0.0,0.15,0.07860262008733625,0,0.16310491882738054,0.20455871946204687,2.7934693044534944,0.8692583376519643,0.0,1.0,0.0,0.2,0.0,0.3301200439560388,0.2,0.08,0.034782608695652174,0.25,0.25
137,0.9662109004836753,0.5101624183083237,0.8707700686869316,0.5125842850806052,0.2462483218342688,0.5219938271388571,0.6550218340611353,0.3489543157206806,0.38697807060932626,0.09170305676855896,0.42857142857142855,0.35086081528628704,0.3837459658344044,0.08,0.034934497816593885,0.025714285714285714,0.3457142857142857,12.434285714285714,0.043668122270742356,0.0,0.03864965172045525,0.08436634914903718,4.611353711790393,0.0,0.0,0.15,0.07860262008733625,0,0.16288896637610079,0.2274234756729529,2.76331420407871,0.8624906085025323,0.0,0.8888888888888888,0.0,0.2,0.0,0.3301200439560388,0.2,0.08,0.034934497816593885,0.25,0.25
138,0.9676224083761579,0.5106737818499365,0.8716935981365844,0.5128675327894062,0.2462483218342688,0.5223693430680643,0.6550218340611353,0.3489543157206806,0.38697807060932626,0.09170305676855896,0.42857142857142855,0.35086081528628704,0.3837459658344044,0.08,0.043668122270742356,0.03142857142857143,0.3457142857142857,12.451428571428572,0.048034934497816595,0.0,0.03864965172045525,0.08436634914903718,4.611353711790393,0.0,0.0,0.15,0.07860262008733625,0,0.16238809368707743,0.22628635829458812,2.7394764914257075,0.8452407963324816,0.0,1.0,0.0,0.2,0.0,0.3301200439560388,0.2,0.08,0.043668122270742356,0.25,0.25
139,0.9663164779130886,0.5117761531932381,0.8708391464907478,0.5131123605947732,0.2462483218342688,0.522684627462128,0.6419213973799127,0.3489543157206806,0.38697807060932626,0.09170305676855896,0.42,0.35086081528628704,0.3837459658344044,0.08,0.043668122270742356,0.03142857142857143,0.3457142857142857,12.48,0.05240174672489083,0.0,0.03864965172045525,0.08436634914903718,4.611353711790393,0.0,0.0,0.15,0.07860262008733625,0,0.16246727895838342,0.2251549265031152,2.7161155330257647,0.828335980405832,0.0,1.0,0.0,0.2,0.0,0.3301200439560388,0.2,0.08,0.043668122270742356,0.25,0.25
140,0.9668255561200926,0.5102724757121384,0.8709410496767772,0.5124356786223628,0.2462483218342688,0.5229289176871073,0.6228070175438597,0.3497334968379907,0.3867237173349706,0.09210526315789473,0.4057142857142857,0.35086081528628704,0.3837459658344044,0.08,0.04824561403508772,0.03428571428571429,0.3485714285714286,12.528571428571428,0.05263157894736842,0.002857142857142857,0.03868714166704685,0.08436634914903718,4.578947368421052,0.0,0.0,0.15,0.07894736842105263,0,0.1618833711350201,0.2240291518705996,2.6960789366509634,0.8117692607977153,0.0,1.0,0.0,0.2,0.0,0.3301200439560388,0.2,0.08,0.05240174672489083,0.25,0.25
141,0.9673797044899936,0.5106887906900406,0.8713020377577414,0.5129067575988935,0.2462483218342688,0.5230279554349582,0.6710526315789473,0.34982121613623623,0.3867895068086547,0.09210526315789473,0.43714285714285717,0.3509179581434299,0.3837888229772615,0.08,0.03508771929824561,0.025714285714285714,0.3485714285714286,12.557142857142857,0.043859649122807015,0.0,0.038693813713542184,0.08436634914903718,4.578947368421052,0.0,0.0,0.15,0.07894736842105263,0,0.16173066927934499,0.22290900611124662,2.66787164363223,0.7955338755817609,0.0,0.8888888888888888,0.0,0.2,0.0,0.3301200439560388,0.2,0.08,0.03508771929824561,0.25,0.25
142,0.969833427004394,0.5117631498053166,0.8729004627099795,0.5134638677492603,0.2462483218342688,0.5231200172048901,0.6052631578947368,0.34982121613623623,0.3867895068086547,0.09210526315789473,0.3942857142857143,0.3509179581434299,0.3837888229772615,0.08,0.043859649122807015,0.03428571428571429,0.3485714285714286,12.565714285714286,0.043859649122807015,0.0,0.038693813713542184,0.08436634914903718,4.578947368421052,0.0,0.0,0.15,0.07894736842105263,0,0.16120744450437685,0.22179446108069037,2.6487999250453,0.7796231980701258,0.0,1.0,0.0,0.2,0.0,0.3301200439560388,0.2,0.08,0.043859649122807015,0.25,0.25
143,0.9703956421594331,0.5123154359084346,0.873266705725262,0.5139810990443184,0.2462483218342688,0.5231053961996477,0.6447368421052632,0.34982121613623623,0.3867895068086547,0.09210526315789473,0.42,0.3509179581434299,0.3837888229772615,0.08,0.04824561403508772,0.03428571428571429,0.3485714285714286,12.602857142857143,0.04824561403508772,0.0,0.038693813713542184,0.08436634914903718,4.578947368421052,0.0,0.0,0.15,0.07894736842105263,0,0.16062997871042636,0.2206854887752869,2.630109640830108,0.7640307341087232,0.0,1.0,0.0,0.2,0.0,0.3301200439560388,0.2,0.08,0.04824561403508772,0.25,0.25
144,0.9697801491038581,0.5133965872881848,0.8728657559633445,0.5149561895417615,0.2462483218342688,0.5232023252436117,0.6710526315789473,0.3496457775397451,0.3866579278612863,0.09210526315789473,0.43714285714285717,0.3508036724291442,0.3837031086915472,0.08,0.043859649122807015,0.03428571428571429,0.3485714285714286,12.625714285714286,0.05263157894736842,0.0,0.038693813713542184,0.08436634914903718,4.578947368421052,0.0,0.0,0.15,0.07894736842105263,0,0.16045540024544563,0.21958206133141048,2.6117931622992203,0.7551799862534223,0.0,0.9166666666666666,0.0,0.2,0.0,0.3301200439560388,0.2,0.08,0.043859649122807015,0.25,0.25
145,0.9681111789105075,0.5136702766057267,0.8718619948989917,0.5146940188553794,0.2462483218342688,0.5230569220683816,0.6651982378854625,0.34890559369583296,0.387805066248619,0.09251101321585903,0.43142857142857144,0.3508036724291442,0.3837031086915472,0.08,0.02643171806167401,0.022857142857142857,0.3514285714285714,12.628571428571428,0.05726872246696035,0.002857142857142857,0.03870066533777804,0.08436634914903716,4.563876651982379,0.0,0.0,0.15,0.07929515418502203,0,0.159824551815647,0.2184841510247534,2.5824144419103785,0.7400763865283538,0.0,1.0,0.0,0.2,0.0,0.3301200439560388,0.2,0.08,0.03070175438596491,0.25,0.25
146,0.9699037437231937,0.5137710802938753,0.8722259207225735,0.5144794505214626,0.2462483218342688,0.5229544474802116,0.6415929203539823,0.34995749429701434,0.38789061543851056,0.09292035398230089,0.4142857142857143,0.3508036724291442,0.3837031086915472,0.08,0.017699115044247787,0.017142857142857144,0.35428571428571426,12.634285714285713,0.048672566371681415,0.002857142857142857,0.03873767663896439,0.08436634914903716,4.530973451327434,0.0,0.0,0.15,0.07964601769911504,0,0.15916814334228305,0.21739173026962963,2.5479090102150286,0.7252748587977867,0.0,1.0,0.0,0.2,0.0,0.3301200439560388,0.2,0.08,0.01762114537444934,0.25,0.25
147,0.9693630395328227,0.5132106062247264,0.8718767803025055,0.5140785418974368,0.2462483218342688,0.5228553227241156,0.6327433628318584,0.34995749429701434,0.38789061543851056,0.09292035398230089,0.4085714285714286,0.3508036724291442,0.3837031086915472,0.08,0.03982300884955752,0.02857142857142857,0.35428571428571426,12.625714285714286,0.048672566371681415,0.0,0.038762120806872136,0.08436634914903716,4.530973451327434,0.0,0.0,0.15,0.07964601769911504,0,0.15871401976485736,0.2163047716182815,2.525522258582156,0.710769361621831,0.0,1.0,0.0,0.2,0.0,0.3301200439560388,0.2,0.08,0.03982300884955752,0.25,0.25
148,0.9699974015650319,0.5131425086872858,0.8722863969290174,0.5141726936357714,0.2462483218342688,0.522624581457755,0.6946902654867256,0.34995749429701434,0.38789061543851056,0.09292035398230089,0.44857142857142857,0.3508036724291442,0.3837031086915472,0.08,0.02654867256637168,0.022857142857142857,0.35428571428571426,12.625714285714286,0.04424778761061947,0.0,0.038762120806872136,0.08436634914903716,4.530973451327434,0.0,0.0,0.15,0.07964601769911504,0,0.15809187823746165,0.21522324776019008,2.4978689562676553,0.6965539743893944,0.0,1.0,0.0,0.2,0.0,0.3301200439560388,0.2,0.08,0.02654867256637168,0.25,0.25
149,0.9699187221797743,0.5124932011859437,0.8723215390340231,0.5132527421343476,0.2462483218342688,0.5223746713554356,0.6222222222222222,0.35105169347841086,0.38913918955867355,0.09333333333333334,0.4,0.35068938671485844,0.3836173944058329,0.08,0.022222222222222223,0.017142857142857144,0.35714285714285715,12.68,0.04,0.002857142857142857,0.03876700042088092,0.08436634914903718,4.515555555555555,0.0,0.0,0.15,0.08,0,0.15781570456056004,0.21414713152138914,2.4650544342851592,0.6951353308570327,0.0,0.8333333333333334,0.0,0.2,0.0,0.3301200439560388,0.2,0.08,0.022123893805309734,0.25,0.25
150,0.9688080171022676,0.511544078195056,0.8716075143413404,0.5134889098316758,0.2462483218342688,0.5219691612632567,0.6577777777777778,0.3508739157006331,0.3890058562253402,0.09333333333333334,0.4228571428571429,0.35057510100057276,0.3835316801201187,0.08,0.03111111111111111,0.025714285714285714,0.35714285714285715,12.682857142857143,0.04,0.0,0.03878634882481795,0.08436634914903718,4.515555555555555,0.0,0.0,0.15,0.08,0,0.15771191175204297,0.21307639586378221,2.441467631313742,0.6854891338751534,0.0,0.8888888888888888,0.0,0.2,0.0,0.3301200439560388,0.2,0.08,0.03111111111111111,0.25,0.25
151,0.9697180479704192,0.5113281853625231,0.8721925341851521,0.5133884951080917,0.2462483218342688,0.5216727328094168,0.7244444444444444,0.3508739157006331,0.3890058562253402,0.09333333333333334,0.4657142857142857,0.35057510100057276,0.3835316801201187,0.08,0.02666666666666667,0.022857142857142857,0.35714285714285715,12.702857142857143,0.04,0.0,0.03878634882481795,0.08436634914903718,4.515555555555555,0.0,0.0,0.15,0.08,0,0.15709478076471134,0.21201101388446328,2.41549542154461,0.6717793511976503,0.0,1.0,0.0,0.2,0.0,0.3301200439560388,0.2,0.08,0.02666666666666667,0.25,0.25
152,0.9684544329101293,0.5127417378682071,0.871380210217823,0.5145159919144714,0.2462483218342688,0.5213331217217922,0.6666666666666666,0.35069613792285537,0.38887252289200686,0.09333333333333334,0.42857142857142855,0.35046081528628703,0.3834459658344044,0.08,0.03111111111111111,0.025714285714285714,0.35714285714285715,12.757142857142858,0.04,0.0,0.03878634882481795,0.08436634914903718,4.515555555555555,0.0,0.0,0.15,0.08,0,0.15730930686088776,0.22385151026213024,2.3928997988280036,0.7086975619223741,0.0,0.8888888888888888,0.0,0.2,0.0,0.3301200439560388,0.2,0.08,0.03111111111111111,0.25,0.25
153,0.9702685609169521,0.5129430476362244,0.8718836507516793,0.5139564208700632,0.2462483218342688,0.5210151707345294,0.6651785714285714,0.35120626798759474,0.39001741671424767,0.09375,0.4257142857142857,0.35046081528628703,0.3834459658344044,0.08,0.026785714285714284,0.022857142857142857,0.36,12.765714285714285,0.04017857142857143,0.002857142857142857,0.038810664700565996,0.08436634914903716,4.5,0.0,0.0,0.15,0.08035714285714286,0,0.15672261746944047,0.2227322527108196,2.3678989457085864,0.6945236106839267,0.0,1.0,0.0,0.2,0.0,0.3301200439560388,0.2,0.08,0.03111111111111111,0.25,0.25
154,0.970284864793982,0.5129044446545276,0.8718940852329786,0.5138381053306932,0.2462483218342688,0.5208053819403333,0.6830357142857143,0.3510276965590233,0.3898834881428191,0.09375,0.43714285714285717,0.3503465295720013,0.3833602515486901,0.08,0.022321428571428572,0.02,0.36,12.771428571428572,0.04017857142857143,0.0,0.038810664700565996,0.08436634914903716,4.5,0.0,0.0,0.15,0.08035714285714286,0,0.1564818615249504,0.23723593356831923,2.340540966794414,0.7997809557046982,0.0,0.8571428571428571,0.0,0.2,0.0,0.3301200439560388,0.2,0.08,0.022321428571428572,0.25,0.25
155,0.9700534790014164,0.5136271946131628,0.8717459983257364,0.514393150125265,0.2462483218342688,0.520638948084939,0.6964285714285714,0.35084912513045186,0.3897495595713905,0.09375,0.44571428571428573,0.3502322438577156,0.3832745372629758,0.08,0.04017857142857143,0.03142857142857143,0.36,12.774285714285714,0.04017857142857143,0.0,0.038810664700565996,0.08436634914903716,4.5,0.0,0.0,0.15,0.08035714285714286,0,0.15649936838072445,0.23604975390047764,2.325158718887098,0.8022829858926421,0.0,0.9090909090909091,0.0,0.2,0.0,0.3301200439560388,0.2,0.08,0.04017857142857143,0.25,0.25
156,0.969849340355352,0.5142652094761397,0.8716153495922553,0.51488184324211,0.2462483218342688,0.5205794754371819,0.6964285714285714,0.35067055370188044,0.38961563099996194,0.09375,0.44571428571428573,0.3501179581434299,0.3831888229772616,0.08,0.044642857142857144,0.02857142857142857,0.36,12.82857142857143,0.044642857142857144,0.0,0.038810664700565996,0.08436634914903716,4.5,0.0,0.0,0.15,0.08035714285714286,0,0.15628830011024938,0.23486950513097524,2.3072269730807844,0.8016787534067087,0.0,0.9,0.0,0.2,0.0,0.3301200439560388,0.2,0.08,0.044642857142857144,0.25,0.25
157,0.9703586926296719,0.5143927477553893,0.87194133504782,0.5143731352104978,0.2462483218342688,0.5206085577676793,0.6830357142857143,0.35031341084473755,0.3893477738571048,0.09375,0.43714285714285717,0.3498893867148584,0.383017394405833,0.08,0.03571428571428571,0.03142857142857143,0.36,12.891428571428571,0.04017857142857143,0.0,0.038810664700565996,0.08436634914903716,4.5,0.0,0.0,0.15,0.08035714285714286,0,0.15656385860969815,0.23905444438991671,2.29251100504774,0.8383228870625772,0.0,0.8181818181818182,0.0,0.2,0.0,0.3301200439560388,0.2,0.08,0.03571428571428571,0.25,0.25
158,0.9693228656525924,0.5143806007083932,0.8712784057824892,0.5143373413554739,0.2462483218342688,0.5206379090753015,0.6517857142857143,0.35031341084473755,0.3893477738571048,0.09375,0.41714285714285715,0.3498893867148584,0.383017394405833,0.08,0.03571428571428571,0.025714285714285714,0.36,12.951428571428572,0.04017857142857143,0.0,0.038810664700565996,0.08436634914903716,4.5,0.0,0.0,0.15,0.08035714285714286,0,0.1559238964595068,0.23785917216796712,2.272375070661071,0.8215564293213257,0.0,1.0,0.0,0.2,0.0,0.3301200439560388,0.2,0.08,0.03571428571428571,0.25,0.25
159,0.96854229441728,0.5152324763205882,0.8707788401918891,0.5147695397599759,0.2462483218342688,0.5207039790839819,0.7008928571428571,0.35031341084473755,0.3893477738571048,0.09375,0.44857142857142857,0.3498893867148584,0.383017394405833,0.08,0.026785714285714284,0.022857142857142857,0.36,13.017142857142858,0.04017857142857143,0.0,0.038810664700565996,0.08436634914903716,4.5,0.0,0.0,0.15,0.08035714285714286,0,0.155258562691495,0.23666987630712727,2.2497847121049923,0.8051253007348992,0.0,1.0,0.0,0.2,0.0,0.3301200439560388,0.2,0.08,0.026785714285714284,0.25,0.25
160,0.9721959542951156,0.5164617430915742,0.8714891556475779,0.5150726774944876,0.2462483218342688,0.5208367670562202,0.6098654708520179,0.34889927990420894,0.3894382535579966,0.09417040358744394,0.38857142857142857,0.3498893867148584,0.383017394405833,0.08,0.02242152466367713,0.022857142857142857,0.3628571428571429,13.06857142857143,0.04035874439461883,0.002857142857142857,0.03895143082994519,0.08436634914903718,4.278026905829597,0.0,0.0,0.15,0.08071748878923767,0,0.15473884202089463,0.23548652692559163,2.227646160720035,0.7890227947202012,0.0,1.0,0.0,0.2,0.0,0.3301200439560388,0.2,0.08,0.026785714285714284,0.25,0.25
161,0.9732640864652703,0.5160442063428691,0.8721697084302764,0.5148051772269068,0.2462483218342688,0.5210418753761777,0.6995515695067265,0.3487199077068996,0.3893037244100146,0.09417040358744394,0.44571428571428573,0.34977510100057274,0.38293168012011863,0.08,0.013452914798206279,0.008571428571428572,0.3628571428571429,13.06857142857143,0.04035874439461883,0.0,0.039060838647667344,0.08436634914903718,4.278026905829597,0.0,0.0,0.15,0.08071748878923767,0,0.15445086209650447,0.23430909429096367,2.191664666077063,0.7863181864362998,0.0,0.6666666666666666,0.0,0.2,0.0,0.3301200439560388,0.2,0.08,0.013452914798206279,0.25,0.25
162,0.9737409177231122,0.5155701963290265,0.8724735180602728,0.5149176747087975,0.2462483218342688,0.5213358142241077,0.7130044843049327,0.3487199077068996,0.3893037244100146,0.09417040358744394,0.4542857142857143,0.34977510100057274,0.38293168012011863,0.08,0.008968609865470852,0.005714285714285714,0.3628571428571429,13.131428571428572,0.03587443946188341,0.0,0.039060838647667344,0.08436634914903718,4.278026905829597,0.0,0.0,0.15,0.08071748878923767,0,0.15373575064316478,0.23313754881950885,2.1535456584698074,0.7705918227075738,0.0,1.0,0.0,0.2,0.0,0.3301200439560388,0.2,0.08,0.008968609865470852,0.25,0.25
163,0.9732986294353544,0.5150447001573472,0.8721917172369301,0.5145975998126615,0.2462483218342688,0.5214754178412532,0.6771300448430493,0.3485405355095902,0.38916919526203253,0.09417040358744394,0.43142857142857144,0.34966081528628706,0.38284596583440444,0.08,0.02242152466367713,0.014285714285714285,0.3628571428571429,13.2,0.04484304932735426,0.0,0.039060838647667344,0.08436634914903718,4.278026905829597,0.0,0.0,0.15,0.08071748878923767,0,0.1535380726042347,0.23197186107541132,2.124760459586126,0.7771964525922738,0.0,0.8,0.0,0.2,0.0,0.3301200439560388,0.2,0.08,0.02242152466367713,0.25,0.25
164,0.9729666945295784,0.5147015019895527,0.8717733302416392,0.5148160245613346,0.2462483218342688,0.5214608181369684,0.6923076923076923,0.3499893793655542,0.38873103057601927,0.09502262443438914,0.43714285714285717,0.34966081528628706,0.38284596583440444,0.08,0.00904977375565611,0.005714285714285714,0.36857142857142855,13.214285714285714,0.03167420814479638,0.005714285714285714,0.03905715576137589,0.08436634914903718,4.271493212669683,0.0,0.0,0.15,0.08144796380090498,0,0.15279895366978494,0.23081200177003425,2.0879795361086892,0.7616525235404283,0.0,1.0,0.0,0.2,0.0,0.3301200439560388,0.2,0.08,0.008968609865470852,0.25,0.25
165,0.9723464974398252,0.5162680503333131,0.8713817200792521,0.5157202748190949,0.2462483218342688,0.5215337472276933,0.7194570135746606,0.3496273884153279,0.38845953736334965,0.09502262443438914,0.4542857142857143,0.3494322438577156,0.38267453726297584,0.08,0.03167420814479638,0.02,0.36857142857142855,13.234285714285715,0.03167420814479638,0.0,0.039073030870836835,0.08436634914903718,4.271493212669683,0.0,0.0,0.15,0.08144796380090498,0,0.1530346731871503,0.2568773589011312,2.066219945386515,0.8354492881753136,0.0,0.7142857142857143,0.0,0.2,0.0,0.3301200439560388,0.2,0.08,0.03167420814479638,0.25,0.25
166,0.9717281249079431,0.5166347912035932,0.8709821846277588,0.5157085824117951,0.2462483218342688,0.5215888582526209,0.7136363636363636,0.35093819889451316,0.3891304941077915,0.09545454545454546,0.44857142857142857,0.3494322438577156,0.38267453726297584,0.08,0.013636363636363636,0.014285714285714285,0.37142857142857144,13.285714285714286,0.02727272727272727,0.002857142857142857,0.03914197879301149,0.08436634914903716,4.236363636363636,0.0,0.0,0.15,0.08181818181818182,0,0.15235521410692884,0.2555929721066256,2.039181260764499,0.8187403024118074,0.0,1.0,0.0,0.2,0.0,0.3301200439560388,0.2,0.08,0.01809954751131222,0.25,0.25
167,0.9725307493831761,0.5171073620380352,0.8713562967820921,0.5160792359044577,0.2462483218342688,0.5215523863902981,0.6666666666666666,0.3519373566711215,0.3896718169787611,0.0958904109589041,0.41714285714285715,0.3494322438577156,0.38267453726297584,0.08,0.0136986301369863,0.011428571428571429,0.3742857142857143,13.254285714285714,0.0228310502283105,0.002857142857142857,0.039235514759838476,0.08436634914903716,4.127853881278539,0.0,0.0,0.15,0.0821917808219178,0,0.15165058089353706,0.25431500724609246,2.0098262069777806,0.8023654963635712,0.0,1.0,0.0,0.2,0.0,0.3301200439560388,0.2,0.08,0.01818181818181818,0.25,0.25
168,0.9723773224689045,0.5185527668019806,0.8712602953700196,0.5169735131301093,0.2462483218342688,0.5215893058182577,0.6164383561643836,0.3519373566711215,0.3896718169787611,0.0958904109589041,0.38571428571428573,0.3494322438577156,0.38267453726297584,0.08,0.0045662100456621,0.002857142857142857,0.3742857142857143,13.265714285714285,0.0228310502283105,0.0,0.0392912237242334,0.08436634914903716,4.127853881278539,0.0,0.0,0.15,0.0821917808219178,0,0.15094932798906935,0.253043432209862,1.972486825695368,0.7863181864362998,0.0,1.0,0.0,0.2,0.0,0.3301200439560388,0.2,0.08,0.0045662100456621,0.25,0.25
169,0.9756144355385364,0.5194719819756651,0.8721700014310425,0.5177426326423515,0.2462483218342688,0.5216482920809433,0.6972477064220184,0.3517394897891433,0.3901053650671536,0.0963302752293578,0.4342857142857143,0.3494322438577156,0.38267453726297584,0.08,0.013761467889908258,0.008571428571428572,0.37714285714285717,13.305714285714286,0.022935779816513763,0.002857142857142857,0.03936374026345717,0.08436634914903718,4.027522935779817,0.0,0.0,0.15,0.08256880733944955,0,0.150251581349124,0.25177821504881265,1.9416085177528888,0.7705918227075738,0.0,1.0,0.0,0.2,0.0,0.3301200439560388,0.2,0.08,0.0136986301369863,0.25,0.25
170,0.9749121194578357,0.519403489732954,0.8716488142555766,0.5176135755587854,0.2462483218342688,0.5217303688643569,0.7327188940092166,0.3520056689649492,0.3911272100044862,0.0967741935483871,0.4542857142857143,0.3494322438577156,0.38267453726297584,0.08,0.013824884792626729,0.008571428571428572,0.38,13.32,0.018433179723502304,0.002857142857142857,0.03944263472300442,0.08436634914903716,4.009216589861751,0.0,0.0,0.15,0.07834101382488479,0,0.1495288948709498,0.25051932397356863,1.9113477759692599,0.7551799862534223,0.0,1.0,0.0,0.2,0.0,0.3301200439560388,0.2,0.08,0.013761467889908258,0.25,0.25
171,0.9762539988589746,0.5182292201641464,0.8724807794842825,0.5170253628487972,0.2462483218342688,0.5217254590502811,0.695852534562212,0.3516370053704791,0.39085071230863366,0.0967741935483871,0.43142857142857144,0.3492036724291442,0.38250310869154724,0.08,0.027649769585253458,0.017142857142857144,0.38,13.368571428571428,0.018433179723502304,0.0,0.039448675910488104,0.08436634914903716,4.009216589861751,0.0,0.0,0.15,0.07834101382488479,0,0.1500955361108808,0.24926672735370078,1.8902636775927313,0.7698146662606791,0.0,0.6666666666666666,0.0,0.2,0.0,0.3301200439560388,0.2,0.08,0.027649769585253458,0.25,0.25
172,0.9758345329485199,0.5181067052797744,0.8722207106198007,0.5168881542608765,0.2462483218342688,0.5218129546169962,0.695852534562212,0.3516370053704791,0.39085071230863366,0.0967741935483871,0.43142857142857144,0.3492036724291442,0.38250310869154724,0.08,0.02304147465437788,0.014285714285714285,0.38,13.417142857142856,0.027649769585253458,0.0,0.039448675910488104,0.08436634914903716,4.009216589861751,0.0,0.0,0.15,0.07834101382488479,0,0.14995381243110822,0.24802039371693227,1.8667441183265912,0.7544183729354654,0.0,1.0,0.0,0.2,0.0,0.3301200439560388,0.2,0.08,0.02304147465437788,0.25,0.25
173,0.9750327470731008,0.5178194213505183,0.8717236033770408,0.516730849891691,0.2462483218342688,0.5218902950728899,0.6359447004608295,0.3516370053704791,0.39085071230863366,0.0967741935483871,0.3942857142857143,0.3492036724291442,0.38250310869154724,0.08,0.009216589861751152,0.005714285714285714,0.38,13.43142857142857,0.027649769585253458,0.0,0.039448675910488104,0.08436634914903716,4.009216589861751,0.0,0.0,0.15,0.07834101382488479,0,0.1492326147975241,0.24678029174834762,1.835123521674345,0.7393300054767562,0.0,1.0,0.0,0.2,0.0,0.3301200439560388,0.2,0.08,0.009216589861751152,0.25,0.25
174,0.9760964796488226,0.517254622381882,0.8723831175739883,0.5164664078774198,0.2462483218342688,0.5219061584336259,0.6589861751152074,0.3516370053704791,0.39085071230863366,0.0967741935483871,0.4085714285714286,0.3492036724291442,0.38250310869154724,0.08,0.0,0.0,0.38,13.465714285714286,0.027649769585253458,0.0,0.039448675910488104,0.08436634914903716,4.009216589861751,0.0,0.0,0.15,0.07834101382488479,0,0.14848645172353647,0.2455463902896059,1.7984210512408583,0.7245434053672211,0.0,0.0,0.0,0.2,0.0,0.3301200439560388,0.2,0.08,0.0,0.25,0.25
175,0.9779059079758949,0.5191713101270102,0.8735466984171842,0.5175279537446795,0.2462483218342688,0.5218459828234676,0.6990740740740741,0.35200298862776874,0.3914497113700498,0.09722222222222222,0.43142857142857144,0.34908938671485845,0.3824173944058329,0.08,0.027777777777777776,0.017142857142857144,0.38285714285714284,13.474285714285715,0.023148148148148147,0.002857142857142857,0.03947320831160153,0.08436634914903715,3.962962962962963,0.0,0.0,0.15,0.0787037037037037,0,0.14840016375063309,0.24431865833815786,1.7795954873588982,0.7562018888331404,0.0,0.8333333333333334,0.0,0.2,0.0,0.3301200439560388,0.2,0.08,0.027649769585253458,0.25,0.25
176,0.9761771219468074,0.5191282189627957,0.8724797904678044,0.5169295834911618,0.2462483218342688,0.5220597878552639,0.6944444444444444,0.35200298862776874,0.3914497113700498,0.09722222222222222,0.42857142857142855,0.34908938671485845,0.3824173944058329,0.08,0.027777777777777776,0.017142857142857144,0.38285714285714284,13.485714285714286,0.027777777777777776,0.0,0.03950789112643277,0.08436634914903715,3.962962962962963,0.0,0.0,0.15,0.0787037037037037,0,0.14774387721759422,0.24309706504646708,1.7611464347545773,0.7410778510564776,0.0,1.0,0.0,0.2,0.0,0.3301200439560388,0.2,0.08,0.027777777777777776,0.25,0.25
177,0.9750179424312978,0.5185226858804443,0.8717644111096614,0.5162259158343772,0.2462483218342688,0.5223179566537314,0.625,0.35200298862776874,0.3914497113700498,0.09722222222222222,0.38571428571428573,0.34908938671485845,0.3824173944058329,0.08,0.018518518518518517,0.011428571428571429,0.38285714285714284,13.582857142857144,0.027777777777777776,0.0,0.03950789112643277,0.08436634914903715,3.962962962962963,0.0,0.0,0.15,0.0787037037037037,0,0.1470623006886491,0.24188157972123475,1.737352077488057,0.726256294035348,0.0,1.0,0.0,0.2,0.0,0.3301200439560388,0.2,0.08,0.018518518518518517,0.25,0.25
178,0.9735390432980661,0.5189623869432903,0.8709062166837407,0.5169646712810929,0.2462483218342688,0.5224193681677005,0.6651162790697674,0.35172642316621416,0.3926027532326494,0.09767441860465116,0.4085714285714286,0.34908938671485845,0.3824173944058329,0.08,0.023255813953488372,0.014285714285714285,0.38571428571428573,13.651428571428571,0.03255813953488372,0.002857142857142857,0.039513636900009357,0.08436634914903719,3.953488372093023,0.0,0.0,0.15,0.07906976744186046,0,0.1464411320423487,0.24067217182262857,1.7168907502240103,0.7117311681546411,0.0,1.0,0.0,0.2,0.0,0.3301200439560388,0.2,0.08,0.023148148148148147,0.25,0.25
179,0.9747641876736932,0.5186626577175114,0.8716588053716259,0.5169638419485011,0.2462483218342688,0.5225528102813114,0.6511627906976745,0.35172642316621416,0.3926027532326494,0.09767441860465116,0.4,0.34908938671485845,0.3824173944058329,0.08,0.013953488372093023,0.008571428571428572,0.38571428571428573,13.631428571428572,0.027906976744186046,0.0,0.039518080576628006,0.08436634914903719,3.953488372093023,0.0,0.0,0.15,0.07906976744186046,0,0.14576606923927982,0.2394688109635154,1.6911243637909585,0.6974965447915482,0.0,1.0,0.0,0.2,0.0,0.3301200439560388,0.2,0.08,0.013953488372093023,0.25,0.25
180,0.9749257749407976,0.5185142322822783,0.8717580661214187,0.5160544879295498,0.2462483218342688,0.5226765537253746,0.6139534883720931,0.35135433014295836,0.3923236834652076,0.09767441860465116,0.37714285714285717,0.34886081528628704,0.38224596583440434,0.08,0.023255813953488372,0.014285714285714285,0.38571428571428573,13.657142857142857,0.027906976744186046,0.0,0.039518080576628006,0.08436634914903719,3.953488372093023,0.0,0.0,0.15,0.07906976744186046,0,0.14595152460736915,0.23827146690869783,1.6715875908008535,0.7102587945865646,0.0,0.6,0.0,0.2,0.0,0.3301200439560388,0.2,0.08,0.023255813953488372,0.25,0.25
181,0.9765439215233828,0.5188452799399473,0.872752070450721,0.5164285624859284,0.2462483218342688,0.5227196451016184,0.6930232558139535,0.35135433014295836,0.3923236834652076,0.09767441860465116,0.4257142857142857,0.34886081528628704,0.38224596583440434,0.08,0.009302325581395349,0.005714285714285714,0.38571428571428573,13.694285714285714,0.03255813953488372,0.0,0.039518080576628006,0.08436634914903719,3.953488372093023,0.0,0.0,0.15,0.07906976744186046,0,0.14525033841290372,0.23708010957415432,1.6438701246991225,0.6960536186948332,0.0,1.0,0.0,0.2,0.0,0.3301200439560388,0.2,0.08,0.009302325581395349,0.25,0.25
182,0.9765076844986263,0.5196749904973427,0.8727298105640849,0.5173184318688256,0.2462483218342688,0.5226900376540126,0.6511627906976745,0.35116828363133046,0.39218414858148665,0.09767441860465116,0.4,0.3487465295720013,0.3821602515486901,0.08,0.027906976744186046,0.02,0.38571428571428573,13.662857142857144,0.027906976744186046,0.0,0.039518080576628006,0.08436634914903719,3.953488372093023,0.0,0.0,0.15,0.07906976744186046,0,0.14515166100298205,0.23589470902628354,1.63099272220514,0.7012817956202836,0.0,0.8571428571428571,0.0,0.2,0.0,0.3301200439560388,0.2,0.08,0.027906976744186046,0.25,0.25
183,0.9772873296951774,0.5190981279500408,0.8732087354705376,0.5171005593706899,0.2462483218342688,0.5227234424651285,0.6465116279069767,0.35098223711970256,0.39204461369776566,0.09767441860465116,0.39714285714285713,0.3486322438577156,0.3820745372629758,0.08,0.027906976744186046,0.02,0.38571428571428573,13.68,0.027906976744186046,0.0,0.039518080576628006,0.08436634914903719,3.953488372093023,0.0,0.0,0.15,0.07906976744186046,0,0.14494018841225287,0.23901490048334845,1.6183728677610372,0.7852562093314612,0.0,0.8571428571428571,0.0,0.2,0.0,0.3301200439560388,0.2,0.08,0.027906976744186046,0.25,0.25
184,0.9754927823950126,0.5201128196153516,0.8721063707004366,0.5179316175476825,0.2462483218342688,0.5225780580041379,0.5813953488372093,0.3507961906080746,0.39190507881404474,0.09767441860465116,0.35714285714285715,0.3485179581434299,0.38198882297726156,0.08,0.027906976744186046,0.02,0.38571428571428573,13.688571428571429,0.027906976744186046,0.0,0.039518080576628006,0.08436634914903719,3.953488372093023,0.0,0.0,0.15,0.07906976744186046,0,0.1447297731844773,0.2378198259809317,1.6060054104058163,0.7802531895096618,0.0,0.8571428571428571,0.0,0.2,0.0,0.3301200439560388,0.2,0.08,0.027906976744186046,0.25,0.25
185,0.9747334960702879,0.5186874729113158,0.8716399519581055,0.5171693087725947,0.2462483218342688,0.5222330865235317,0.6,0.35061014409644675,0.3917655439303238,0.09767441860465116,0.36857142857142855,0.34840367242914416,0.38190310869154726,0.08,0.027906976744186046,0.02,0.38571428571428573,13.677142857142858,0.03255813953488372,0.0,0.039518080576628006,0.08436634914903719,3.953488372093023,0.0,0.0,0.15,0.07906976744186046,0,0.14452041003284063,0.23663072685102707,1.5938853021977002,0.8205245909853249,0.0,0.8571428571428571,0.0,0.2,0.0,0.3301200439560388,0.2,0.08,0.027906976744186046,0.25,0.25
186,0.9756542616616184,0.5181650929095949,0.8721163260323016,0.5159027160592171,0.2462483218342688,0.521930972653328,0.6308411214953271,0.35130998320873535,0.39246283141115407,0.09813084112149532,0.38571428571428573,0.34840367242914416,0.38190310869154726,0.08,0.028037383177570093,0.017142857142857144,0.38857142857142857,13.674285714285714,0.02336448598130841,0.002857142857142857,0.039500370942307746,0.08436634914903718,3.953271028037383,0.0,0.0,0.15,0.0794392523364486,0,0.1438835222683907,0.23544757321677193,1.5791504532966032,0.8041140991656185,0.0,1.0,0.0,0.2,0.0,0.3301200439560388,0.2,0.08,0.027906976744186046,0.25,0.25
187,0.9759608863656023,0.5186428344230567,0.8723038051370232,0.5162876352676133,0.2462483218342688,0.5215816389428666,0.5747663551401869,0.35093615143303436,0.39218245757937836,0.09813084112149532,0.3514285714285714,0.34817510100057275,0.38173168012011877,0.08,0.028037383177570093,0.022857142857142857,0.38857142857142857,13.685714285714285,0.02336448598130841,0.0,0.03951285367644144,0.08436634914903718,3.953271028037383,0.0,0.0,0.15,0.0794392523364486,0,0.1441069617999059,0.23427033535068806,1.570424587087814,0.8408605043180191,0.0,0.75,0.0,0.2,0.0,0.3301200439560388,0.2,0.08,0.028037383177570093,0.25,0.25
188,0.9768675621461637,0.5178805332930033,0.872858172614281,0.5155387622108301,0.2462483218342688,0.5212031181310185,0.616822429906542,0.35074923554518395,0.3920422706634905,0.09813084112149532,0.37714285714285717,0.3480608152862871,0.38164596583440435,0.08,0.028037383177570093,0.02,0.38857142857142857,13.705714285714286,0.02336448598130841,0.0,0.03951285367644144,0.08436634914903718,3.953271028037383,0.0,0.0,0.15,0.0794392523364486,0,0.14390071270519209,0.23740147274804208,1.5590160953460575,0.8367445882586406,0.0,0.8571428571428571,0.0,0.2,0.0,0.3301200439560388,0.2,0.08,0.028037383177570093,0.25,0.25
189,0.975798758715698,0.5169911134514592,0.8722046756596533,0.5151756981465894,0.2462483218342688,0.5207805937750781,0.6728971962616822,0.35074923554518395,0.3920422706634905,0.09813084112149532,0.4114285714285714,0.3480608152862871,0.38164596583440435,0.08,0.02336448598130841,0.014285714285714285,0.38857142857142857,13.708571428571428,0.02336448598130841,0.0,0.03951285367644144,0.08436634914903718,3.953271028037383,0.0,0.0,0.15,0.0794392523364486,0,0.143238351998809,0.23621446538430185,1.5421214877248504,0.8200096964934678,0.0,1.0,0.0,0.2,0.0,0.3301200439560388,0.2,0.08,0.02336448598130841,0.25,0.25
190,0.9764975708624496,0.5168712452567733,0.8726319493722386,0.5152924542005599,0.2462483218342688,0.5202831454690741,0.6869158878504673,0.35074923554518395,0.3920422706634905,0.09813084112149532,0.42,0.3480608152862871,0.38164596583440435,0.08,0.014018691588785047,0.008571428571428572,0.38857142857142857,13.74,0.028037383177570093,0.0,0.03951285367644144,0.08436634914903718,3.953271028037383,0.0,0.0,0.15,0.0794392523364486,0,0.14255073166738635,0.23503339305738033,1.5198504865417823,0.8036095025635984,0.0,1.0,0.0,0.2,0.0,0.3301200439560388,0.2,0.08,0.014018691588785047,0.25,0.25
191,0.9767403971881709,0.5161383069459379,0.871421210854476,0.514539632192667,0.2462483218342688,0.5199645309781701,0.6650943396226415,0.35004325924775265,0.39310528216742513,0.09905660377358491,0.40285714285714286,0.3480608152862871,0.38164596583440435,0.08,0.009433962264150943,0.008571428571428572,0.3942857142857143,13.791428571428572,0.014150943396226415,0.005714285714285714,0.03971476796466902,0.08436634914903718,3.5660377358490565,0.0,0.0,0.15,0.08018867924528301,0,0.14198026443762088,0.23385822609209342,1.498024905382375,0.7875373125123265,0.0,1.0,0.0,0.2,0.0,0.3301200439560388,0.2,0.08,0.014018691588785047,0.25,0.25
192,0.9760402259051212,0.5146929679805176,0.870997107105886,0.5136820274389995,0.2462483218342688,0.5196216239329058,0.7075471698113207,0.3496659007571866,0.3928222632995006,0.09905660377358491,0.42857142857142855,0.3478322438577156,0.3814745372629758,0.08,0.018867924528301886,0.011428571428571429,0.3942857142857143,13.822857142857142,0.014150943396226415,0.0,0.03994922013229647,0.08436634914903718,3.5660377358490565,0.0,0.0,0.15,0.08018867924528301,0,0.14218450597257562,0.253074515207937,1.4794929787032989,0.7847167237347998,0.0,0.5,0.0,0.2,0.0,0.3301200439560388,0.2,0.08,0.018867924528301886,0.25,0.25
193,0.9756482011189129,0.5141823176751835,0.8707680137724428,0.5136261430911224,0.2462483218342688,0.5193782326761276,0.7109004739336493,0.3503244513050213,0.391998252648938,0.0995260663507109,0.42857142857142855,0.3477179581434299,0.3813888229772616,0.08,0.02843601895734597,0.017142857142857144,0.39714285714285713,13.874285714285714,0.014218009478672985,0.002857142857142857,0.039995961220419186,0.08436634914903718,3.5355450236966823,0.0,0.0,0.15,0.08056872037914692,0,0.14198772629985562,0.2518091426318973,1.4670459762720904,0.7702590261630442,0.0,0.8333333333333334,0.0,0.2,0.0,0.3301200439560388,0.2,0.08,0.02830188679245283,0.25,0.25
194,0.9750005416254046,0.5133941148810601,0.8703775676206422,0.5130043776783507,0.2462483218342688,0.5191920861139622,0.6445497630331753,0.35013487784530567,0.3918560725541513,0.0995260663507109,0.38857142857142857,0.34760367242914414,0.3813031086915472,0.08,0.02843601895734597,0.017142857142857144,0.39714285714285713,13.894285714285715,0.014218009478672985,0.0,0.039995961220419186,0.08436634914903718,3.5355450236966823,0.0,0.0,0.15,0.08056872037914692,0,0.14176350195407061,0.25354725963160923,1.4548479138895054,0.770892165500099,0.0,0.8333333333333334,0.0,0.2,0.0,0.3301200439560388,0.2,0.08,0.02843601895734597,0.25,0.25
195,0.9744520356772363,0.5141365198092297,0.8700468968918894,0.5136070016367571,0.2462483218342688,0.5188679393356732,0.5781990521327014,0.3499453043855901,0.3917138924593645,0.0995260663507109,0.3485714285714286,0.34748938671485846,0.381217394405833,0.08,0.02843601895734597,0.017142857142857144,0.39714285714285713,13.928571428571429,0.018957345971563982,0.0,0.039995961220419186,0.08436634914903718,3.5355450236966823,0.0,0.0,0.15,0.08056872037914692,0,0.14154039873001453,0.25227952333345116,1.4428938127545723,0.8023654963635712,0.0,0.8333333333333334,0.0,0.2,0.0,0.3301200439560388,0.2,0.08,0.02843601895734597,0.25,0.25
196,0.9748056203460274,0.5144134244668508,0.8702600579350747,0.5135744116482837,0.2462483218342688,0.5187320488249647,0.6445497630331753,0.3499453043855901,0.3917138924593645,0.0995260663507109,0.38857142857142857,0.34748938671485846,0.381217394405833,0.08,0.018957345971563982,0.011428571428571429,0.39714285714285713,13.905714285714286,0.018957345971563982,0.0,0.039995961220419186,0.08436634914903718,3.5355450236966823,0.0,0.0,0.15,0.08056872037914692,0,0.14088983959350732,0.2510181257167839,1.4254645079280526,0.7863181864362998,0.0,1.0,0.0,0.2,0.0,0.3301200439560388,0.2,0.08,0.018957345971563982,0.25,0.25
197,0.9733799643139016,0.5150638115271633,0.8694005910128504,0.513459518024534,0.2462483218342688,0.5185178874864225,0.6587677725118484,0.3499453043855901,0.3917138924593645,0.0995260663507109,0.39714285714285713,0.34748938671485846,0.381217394405833,0.08,0.014218009478672985,0.008571428571428572,0.39714285714285713,13.897142857142857,0.018957345971563982,0.0,0.039995961220419186,0.08436634914903718,3.5355450236966823,0.0,0.0,0.15,0.08056872037914692,0,0.14024253325268263,0.24976303508819997,1.4055266463409202,0.7705918227075738,0.0,1.0,0.0,0.2,0.0,0.3301200439560388,0.2,0.08,0.014218009478672985,0.25,0.25
198,0.973622878795642,0.514683292193491,0.8695470337432709,0.5132415027160373,0.2462483218342688,0.5183648022394334,0.6729857819905213,0.3499453043855901,0.3917138924593645,0.0995260663507109,0.4057142857142857,0.34748938671485846,0.381217394405833,0.08,0.009478672985781991,0.005714285714285714,0.39714285714285713,13.917142857142856,0.018957345971563982,0.0,0.039995961220419186,0.08436634914903718,3.5355450236966823,0.0,0.0,0.15,0.08056872037914692,0,0.13956989201499065,0.24851421991275896,1.3831303991283874,0.7551799862534223,0.0,1.0,0.0,0.2,0.0,0.3301200439560388,0.2,0.08,0.009478672985781991,0.25,0.25
199,0.9730289366577483,0.5140900334867557,0.8691889714829979,0.5132205109686024,0.2462483218342688,0.5181849946545788,0.7061611374407583,0.34975573092587436,0.39157171236457783,0.0995260663507109,0.4257142857142857,0.34737510100057273,0.38113168012011867,0.08,0.023696682464454975,0.014285714285714285,0.39714285714285713,13.925714285714285,0.018957345971563982,0.0,0.039995961220419186,0.08436634914903718,3.5355450236966823,0.0,0.0,0.15,0.08056872037914692,0,0.13938618541205858,0.24727164881319516,1.369753505431534,0.7591793730021168,0.0,0.8,0.0,0.2,0.0,0.3301200439560388,0.2,0.08,0.023696682464454975,0.25,0.25
200,0.972618495634088,0.5159240853708009,0.8689415341801626,0.514580402840726,0.2462483218342688,0.5179592058345991,0.6540284360189573,0.3495661574661587,0.3914295322697911,0.0995260663507109,0.3942857142857143,0.347260815286287,0.3810459658344044,0.08,0.02843601895734597,0.017142857142857144,0.39714285714285713,13.917142857142856,0.018957345971563982,0.0,0.039995961220419186,0.08436634914903718,3.5355450236966823,0.0,0.0,0.15,0.08056872037914692,0,0.13917496877071253,0.24603529056912918,1.35950129246576,0.7945634242780784,0.0,0.8333333333333334,0.0,0.2,0.0,0.3301200439560388,0.2,0.08,0.02843601895734597,0.25,0.25
201,0.9724916867122315,0.516435757847044,0.8688650865158435,0.5145960837340218,0.2462483218342688,0.5179121258379303,0.6729857819905213,0.3495661574661587,0.3914295322697911,0.0995260663507109,0.4057142857142857,0.347260815286287,0.3810459658344044,0.08,0.018957345971563982,0.011428571428571429,0.39714285714285713,13.948571428571428,0.023696682464454975,0.0,0.039995961220419186,0.08436634914903718,3.5355450236966823,0.0,0.0,0.15,0.08056872037914692,0,0.13853623678400184,0.24480511411628353,1.3437398380450165,0.7786721557925167,0.0,1.0,0.0,0.2,0.0,0.3301200439560388,0.2,0.08,0.018957345971563982,0.25,0.25
202,0.971396936959087,0.5161230726396319,0.8682051088075192,0.5139877189284366,0.2462483218342688,0.5178443156519531,0.6208530805687204,0.3495661574661587,0.3914295322697911,0.0995260663507109,0.3742857142857143,0.347260815286287,0.3810459658344044,0.08,0.023696682464454975,0.014285714285714285,0.39714285714285713,13.962857142857143,0.023696682464454975,0.0,0.039995961220419186,0.08436634914903718,3.5355450236966823,0.0,0.0,0.15,0.08056872037914692,0,0.1379006984572247,0.2435810885457021,1.3311507555698303,0.7630987126766664,0.0,1.0,0.0,0.2,0.0,0.3301200439560388,0.2,0.08,0.023696682464454975,0.25,0.25
203,0.9732344556404813,0.5169397649791224,0.8693128700697312,0.514472306496392,0.2462483218342688,0.5178570158533098,0.6018957345971564,0.3493765840064431,0.3912873521750044,0.0995260663507109,0.3628571428571429,0.3471465295720013,0.38096025154869007,0.08,0.02843601895734597,0.017142857142857144,0.39714285714285713,13.93142857142857,0.023696682464454975,0.0,0.039995961220419186,0.08436634914903718,3.5355450236966823,0.0,0.0,0.15,0.08056872037914692,0,0.13769690925065284,0.24236318310297358,1.321670597601291,0.7662960081017512,0.0,0.8333333333333334,0.0,0.2,0.0,0.3301200439560388,0.2,0.08,0.02843601895734597,0.25,0.25
204,0.9718001813733386,0.5173938654845938,0.868448207582968,0.5147345684223886,0.2462483218342688,0.517775523515829,0.6445497630331753,0.3493765840064431,0.3912873521750044,0.0995260663507109,0.38857142857142857,0.3471465295720013,0.38096025154869007,0.08,0.023696682464454975,0.014285714285714285,0.39714285714285713,13.92,0.02843601895734597,0.0,0.039995961220419186,0.08436634914903718,3.5355450236966823,0.0,0.0,0.15,0.08056872037914692,0,0.13706556756154242,0.24115136718745872,1.3095228999349793,0.7509700879397162,0.0,1.0,0.0,0.2,0.0,0.3301200439560388,0.2,0.08,0.023696682464454975,0.25,0.25
205,0.9728689768400723,0.5172625597819148,0.8690925385643419,0.5144839373577568,0.2462483218342688,0.5178260721230328,0.7061611374407583,0.3493765840064431,0.3912873521750044,0.0995260663507109,0.4257142857142857,0.3471465295720013,0.38096025154869007,0.08,0.009478672985781991,0.005714285714285714,0.39714285714285713,13.948571428571428,0.03317535545023697,0.0,0.039995961220419186,0.08436634914903718,3.5355450236966823,0.0,0.0,0.15,0.08056872037914692,0,0.13640881115230616,0.23994561035152143,1.2890467276505653,0.735950686180922,0.0,1.0,0.0,0.2,0.0,0.3301200439560388,0.2,0.08,0.009478672985781991,0.25,0.25
206,0.9742011547786124,0.5169389722860779,0.8698956515501475,0.5142852137685598,0.2462483218342688,0.5178832757492418,0.6824644549763034,0.3493765840064431,0.3912873521750044,0.0995260663507109,0.4114285714285714,0.3471465295720013,0.38096025154869007,0.08,0.023696682464454975,0.014285714285714285,0.39714285714285713,13.93142857142857,0.03317535545023697,0.0,0.039995961220419186,0.08436634914903718,3.5355450236966823,0.0,0.0,0.15,0.08056872037914692,0,0.13581233852511604,0.23874588229976382,1.2775515073832684,0.7212316724573035,0.0,1.0,0.0,0.2,0.0,0.3301200439560388,0.2,0.08,0.023696682464454975,0.25,0.25
207,0.9729146351882758,0.516412548217279,0.8691200640256873,0.513349773551753,0.2462483218342688,0.5177658219978318,0.6919431279620853,0.34918701054672746,0.39114517208021765,0.0995260663507109,0.41714285714285715,0.3470322438577156,0.3808745372629759,0.08,0.02843601895734597,0.017142857142857144,0.39714285714285713,13.911428571428571,0.03317535545023697,0.0,0.039995961220419186,0.08436634914903718,3.5355450236966823,0.0,0.0,0.15,0.08056872037914692,0,0.13561899111820477,0.237552152888265,1.2691433343784602,0.7400763865283538,0.0,0.8333333333333334,0.0,0.2,0.0,0.3301200439560388,0.2,0.08,0.02843601895734597,0.25,0.25
208,0.9742253694033886,0.5169543913877063,0.8696418063549664,0.5136861720154343,0.2462483218342688,0.517795444463084,0.6761904761904762,0.3491261352924451,0.3922075031441417,0.1,0.4057142857142857,0.3470322438577156,0.3808745372629759,0.08,0.004761904761904762,0.002857142857142857,0.4,13.94,0.03333333333333333,0.002857142857142857,0.039989139020112995,0.08436634914903716,3.5238095238095237,0.0,0.0,0.15,0.08095238095238096,0,0.13496946759118514,0.23636439212382368,1.246617610548034,0.7252748587977867,0.0,1.0,0.0,0.2,0.0,0.3301200439560388,0.2,0.08,0.004739336492890996,0.25,0.25
209,0.9737811163263159,0.5165306474480863,0.8693752545087228,0.5134588649589499,0.2462483218342688,0.5177718400365373,0.719047619047619,0.3491261352924451,0.3922075031441417,0.1,0.43142857142857144,0.3470322438577156,0.3808745372629759,0.08,0.023809523809523808,0.014285714285714285,0.4,13.934285714285714,0.0380952380952381,0.0,0.04000340553966058,0.08436634914903716,3.5238095238095237,0.0,0.0,0.15,0.08095238095238096,0,0.13438019168180065,0.23518257016320457,1.2359709726227872,0.710769361621831,0.0,1.0,0.0,0.2,0.0,0.3301200439560388,0.2,0.08,0.023809523809523808,0.25,0.25
210,0.9740781601596004,0.5154140080033321,0.8695673697347761,0.5129319687455974,0.2462483218342688,0.5178470090261524,0.7416267942583732,0.3488264952622017,0.3929113894028148,0.10047846889952153,0.44285714285714284,0.3468036724291442,0.3807031086915473,0.08,0.028708133971291867,0.02,0.40285714285714286,13.968571428571428,0.03349282296650718,0.002857142857142857,0.04003024234175341,0.08436634914903715,3.5023923444976077,0.0,0.0,0.15,0.08133971291866028,0,0.13462257643767736,0.2400420773157288,1.2312515531703316,0.7122464998271222,0.0,0.7142857142857143,0.0,0.2,0.0,0.3301200439560388,0.2,0.08,0.03333333333333333,0.25,0.25
211,0.9729413668694923,0.5152571589976666,0.8689468107677598,0.5126237927757759,0.2462483218342688,0.5177385742106383,0.7596153846153846,0.34802987547028713,0.3941359020976075,0.10096153846153846,0.4514285714285714,0.34668938671485844,0.3806173944058329,0.08,0.014423076923076924,0.008571428571428572,0.4057142857142857,14.02,0.03365384615384615,0.002857142857142857,0.04001161429586513,0.08436634914903716,3.5096153846153846,0.0,0.0,0.15,0.08173076923076923,0,0.13440660641263183,0.2524388872529089,1.2151979506783535,0.7272938016901319,0.0,0.6666666666666666,0.0,0.2,0.0,0.3301200439560388,0.2,0.08,0.014354066985645933,0.25,0.25
212,0.9734146814844049,0.5164176332822352,0.8692280948817649,0.5138175051102245,0.2462483218342688,0.5175888275504886,0.7307692307692307,0.3478375677779795,0.3939916713283767,0.10096153846153846,0.4342857142857143,0.34657510100057276,0.38053168012011873,0.08,0.019230769230769232,0.011428571428571429,0.4057142857142857,14.082857142857144,0.028846153846153848,0.0,0.04001892788529271,0.08436634914903716,3.5096153846153846,0.0,0.0,0.15,0.08173076923076923,0,0.1342201448091401,0.2511766928166444,1.2023225630933578,0.7461272637697375,0.0,0.75,0.0,0.2,0.0,0.3301200439560388,0.2,0.08,0.019230769230769232,0.25,0.25
213,0.9742071131505438,0.5176720637006584,0.8696990257004992,0.5148040748203057,0.2462483218342688,0.517414122772032,0.6538461538461539,0.3478375677779795,0.3939916713283767,0.10096153846153846,0.38857142857142857,0.34657510100057276,0.38053168012011873,0.08,0.02403846153846154,0.014285714285714285,0.4057142857142857,14.097142857142858,0.028846153846153848,0.0,0.04001892788529271,0.08436634914903716,3.5096153846153846,0.0,0.0,0.15,0.08173076923076923,0,0.13363461551366584,0.24992080935256117,1.1925618261172048,0.7312047184943428,0.0,1.0,0.0,0.2,0.0,0.3301200439560388,0.2,0.08,0.02403846153846154,0.25,0.25
214,0.974261143472738,0.5182597846973361,0.869731135149117,0.5149550401300286,0.2462483218342688,0.5173258474463709,0.6826923076923077,0.34706833700874873,0.3934147482514536,0.10096153846153846,0.4057142857142857,0.3461179581434299,0.38018882297726153,0.08,0.019230769230769232,0.011428571428571429,0.4057142857142857,14.16,0.028846153846153848,0.0,0.04001892788529271,0.08436634914903716,3.5096153846153846,0.0,0.0,0.15,0.08173076923076923,0,0.1346807281503832,0.24867120530579834,1.1801391610234322,0.7704957006404188,0.0,0.0,0.0,0.2,0.0,0.3301200439560388,0.2,0.08,0.019230769230769232,0.25,0.25
215,0.973675757252979,0.5180335282149899,0.8692739091043742,0.5154250779832511,0.2462483218342688,0.5172717087689283,0.6956521739130435,0.34781325980530386,0.39445397366025653,0.10144927536231885,0.4114285714285714,0.3460036724291442,0.3801031086915472,0.08,0.028985507246376812,0.017142857142857144,0.4085714285714286,14.208571428571428,0.024154589371980676,0.002857142857142857,0.04004272081105407,0.08436634914903718,3.4879227053140096,0.0,0.0,0.15,0.0821256038647343,0,0.1345498959382027,0.24742784927926936,1.1736792349458207,0.786997044175513,0.0,0.8333333333333334,0.0,0.2,0.0,0.3301200439560388,0.2,0.08,0.028846153846153848,0.25,0.25
216,0.9753257005995987,0.5172390848467924,0.8701424103700044,0.5153443024982898,0.2462483218342688,0.5171587110273996,0.7572815533980582,0.349425108690622,0.3943657760248804,0.10194174757281553,0.44571428571428573,0.3460036724291442,0.3801031086915472,0.08,0.019417475728155338,0.014285714285714285,0.4114285714285714,14.24,0.019417475728155338,0.002857142857142857,0.04006856691647367,0.08436634914903718,3.4757281553398056,0.0,0.0,0.15,0.0825242718446602,0,0.1339342893156546,0.246190710032873,1.1644913645326185,0.7712571032920028,0.0,1.0,0.0,0.2,0.0,0.3301200439560388,0.2,0.08,0.024154589371980676,0.25,0.25
217,0.9758444141282712,0.5169077053137331,0.8704477103325946,0.5145394316276861,0.2462483218342688,0.5170266619597671,0.6941747572815534,0.3492309339333405,0.3942201449569192,0.10194174757281553,0.4085714285714286,0.34588938671485847,0.380017394405833,0.08,0.024271844660194174,0.014285714285714285,0.4114285714285714,14.26,0.019417475728155338,0.0,0.04006856691647367,0.08436634914903718,3.4757281553398056,0.0,0.0,0.15,0.07766990291262135,0,0.1337503321547906,0.2667639426481214,1.1554872515276802,0.7975179886534918,0.0,0.8,0.0,0.2,0.0,0.3301200439560388,0.2,0.08,0.024271844660194174,0.25,0.25
218,0.975663909861675,0.5172307502376737,0.8703414706785406,0.5145604711907946,0.2462483218342688,0.5166831867117797,0.6650485436893204,0.3492309339333405,0.3942201449569192,0.10194174757281553,0.3914285714285714,0.34588938671485847,0.380017394405833,0.08,0.019417475728155338,0.011428571428571429,0.4114285714285714,14.277142857142858,0.019417475728155338,0.0,0.04006856691647367,0.08436634914903718,3.4757281553398056,0.0,0.0,0.15,0.07766990291262135,0,0.1331387233511595,0.26543012293488083,1.143806077925698,0.781567628880422,0.0,1.0,0.0,0.2,0.0,0.3301200439560388,0.2,0.08,0.019417475728155338,0.25,0.25
219,0.9750030711370107,0.5170120614730804,0.8699525198863097,0.5147060753619871,0.2462483218342688,0.5162069300100663,0.7184466019417476,0.3492309339333405,0.3942201449569192,0.10194174757281553,0.4228571428571429,0.34588938671485847,0.380017394405833,0.08,0.019417475728155338,0.011428571428571429,0.4114285714285714,14.282857142857143,0.019417475728155338,0.0,0.04006856691647367,0.08436634914903718,3.4757281553398056,0.0,0.0,0.15,0.07766990291262135,0,0.13253017259154656,0.26410297232020646,1.1323585277957557,0.7659362763028135,0.0,1.0,0.0,0.2,0.0,0.3301200439560388,0.2,0.08,0.019417475728155338,0.25,0.25
220,0.9756493459452046,0.517316716570539,0.870332898773418,0.5154383033677089,0.2462483218342688,0.5156470045277349,0.7281553398058253,0.3492309339333405,0.3942201449569192,0.10194174757281553,0.42857142857142855,0.34588938671485847,0.380017394405833,0.08,0.019417475728155338,0.011428571428571429,0.4114285714285714,14.288571428571428,0.019417475728155338,0.0,0.04006856691647367,0.08436634914903718,3.4757281553398056,0.0,0.0,0.15,0.07766990291262135,0,0.13192466458573165,0.2627824574586054,1.1211399286684118,0.7506175507767572,0.0,1.0,0.0,0.2,0.0,0.3301200439560388,0.2,0.08,0.019417475728155338,0.25,0.25
221,0.9751430394443702,0.5178140587895028,0.8700349012329271,0.5161345894306238,0.2462483218342688,0.5151579260975916,0.7135922330097088,0.3492309339333405,0.3942201449569192,0.10194174757281553,0.42,0.34588938671485847,0.380017394405833,0.08,0.019417475728155338,0.011428571428571429,0.4114285714285714,14.32,0.019417475728155338,0.0,0.04006856691647367,0.08436634914903718,3.4757281553398056,0.0,0.0,0.15,0.07766990291262135,0,0.13132218411994587,0.2614685451713124,1.1101457015236151,0.735605199761222,0.0,1.0,0.0,0.2,0.0,0.3301200439560388,0.2,0.08,0.019417475728155338,0.25,0.25
222,0.973611624797417,0.5181302396355136,0.8691335543264346,0.5163160184752204,0.2462483218342688,0.5147501312432371,0.6601941747572816,0.34903675917605886,0.39407451388895803,0.10194174757281553,0.38857142857142857,0.34577510100057274,0.3799316801201186,0.08,0.024271844660194174,0.014285714285714285,0.4114285714285714,14.377142857142857,0.019417475728155338,0.0,0.04006856691647367,0.08436634914903718,3.4757281553398056,0.0,0.0,0.15,0.07766990291262135,0,0.13115128748506044,0.26049154812880304,1.102228501778857,0.7612047491102396,0.0,0.8,0.0,0.2,0.0,0.3301200439560388,0.2,0.08,0.024271844660194174,0.25,0.25
223,0.9747768973400245,0.5172454631954495,0.8698194004515121,0.514969437283311,0.2462483218342688,0.5143925530350023,0.6650485436893204,0.3488425844187773,0.39392888282099686,0.10194174757281553,0.3914285714285714,0.34566081528628706,0.3798459658344044,0.08,0.024271844660194174,0.014285714285714285,0.4114285714285714,14.388571428571428,0.019417475728155338,0.0,0.04006856691647367,0.08436634914903718,3.4757281553398056,0.0,0.0,0.15,0.07766990291262135,0,0.1309812453333494,0.259189090388159,1.0944696460289942,0.7901415090340226,0.0,0.8,0.0,0.2,0.0,0.3301200439560388,0.2,0.08,0.024271844660194174,0.25,0.25
224,0.974021817791763,0.5163858191863869,0.8693749822031067,0.5139503245650556,0.2462483218342688,0.5140147134993959,0.6553398058252428,0.3488425844187773,0.39392888282099686,0.10194174757281553,0.38571428571428573,0.34566081528628706,0.3798459658344044,0.08,0.014563106796116505,0.008571428571428572,0.4114285714285714,14.4,0.019417475728155338,0.0,0.04006856691647367,0.08436634914903718,3.4757281553398056,0.0,0.0,0.15,0.07766990291262135,0,0.13038348196382551,0.2578931449362182,1.081151681679843,0.7743386788533422,0.0,1.0,0.0,0.2,0.0,0.3301200439560388,0.2,0.08,0.014563106796116505,0.25,0.25
225,0.9735623722542842,0.5176414887880002,0.8691045656867623,0.5146277464035307,0.2462483218342688,0.5136343382541958,0.6407766990291263,0.3488425844187773,0.39392888282099686,0.10194174757281553,0.37714285714285717,0.34566081528628706,0.3798459658344044,0.08,0.009708737864077669,0.005714285714285714,0.4114285714285714,14.357142857142858,0.024271844660194174,0.0,0.04006856691647367,0.08436634914903718,3.4757281553398056,0.0,0.0,0.15,0.07766990291262135,0,0.12976013598257782,0.2566036792115371,1.0652429337605316,0.7588519052762753,0.0,1.0,0.0,0.2,0.0,0.3301200439560388,0.2,0.08,0.009708737864077669,0.25,0.25
226,0.9735315618739651,0.5187231041761502,0.869086431577203,0.515255204831622,0.2462483218342688,0.5133240843469241,0.6456310679611651,0.3486484096614958,0.3937832517530357,0.10194174757281553,0.38,0.3455465295720013,0.37976025154869003,0.08,0.024271844660194174,0.014285714285714285,0.4114285714285714,14.382857142857143,0.019417475728155338,0.0,0.04006856691647367,0.08436634914903718,3.4757281553398056,0.0,0.0,0.15,0.07766990291262135,0,0.12962547815980777,0.25760864864833527,1.0582237893710353,0.76917081995479,0.0,0.8,0.0,0.2,0.0,0.3301200439560388,0.2,0.08,0.024271844660194174,0.25,0.25
227,0.971535946575297,0.5182989790219573,0.8679118694299869,0.5155285837593104,0.2462483218342688,0.5130866436797793,0.6359223300970874,0.3484542349042143,0.3936376206850745,0.10194174757281553,0.3742857142857143,0.3454322438577156,0.37967453726297584,0.08,0.009708737864077669,0.005714285714285714,0.4114285714285714,14.43142857142857,0.024271844660194174,0.0,0.04006856691647367,0.08436634914903718,3.4757281553398056,0.0,0.0,0.15,0.07766990291262135,0,0.12943449362615161,0.25632060540509366,1.0427735992979004,0.7690223892601038,0.0,0.5,0.0,0.2,0.0,0.3301200439560388,0.2,0.08,0.009708737864077669,0.25,0.25
228,0.9714037332469045,0.5182035449072675,0.8678340524424187,0.5153757772955714,0.2462483218342688,0.512861326892169,0.6699029126213593,0.3484542349042143,0.3936376206850745,0.10194174757281553,0.3942857142857143,0.3454322438577156,0.37967453726297584,0.08,0.019417475728155338,0.011428571428571429,0.4114285714285714,14.445714285714285,0.019417475728155338,0.0,0.04006856691647367,0.08436634914903718,3.4757281553398056,0.0,0.0,0.15,0.07766990291262135,0,0.12887289258659226,0.25503900237806815,1.0333466987405135,0.7536419414749017,0.0,1.0,0.0,0.2,0.0,0.3301200439560388,0.2,0.08,0.019417475728155338,0.25,0.25
229,0.9737511305454996,0.518801870421586,0.8692156634238775,0.5159889397191554,0.2462483218342688,0.5127954636059694,0.6747572815533981,0.3484542349042143,0.3936376206850745,0.10194174757281553,0.39714285714285713,0.3454322438577156,0.37967453726297584,0.08,0.009708737864077669,0.005714285714285714,0.4114285714285714,14.42,0.019417475728155338,0.0,0.04006856691647367,0.08436634914903718,3.4757281553398056,0.0,0.0,0.15,0.07766990291262135,0,0.12825709955223075,0.2537638073661778,1.018394050479989,0.7385691026454037,0.0,1.0,0.0,0.2,0.0,0.3301200439560388,0.2,0.08,0.009708737864077669,0.25,0.25
230,0.9752169129132893,0.5187428590544192,0.8700783810460624,0.5158975228426573,0.2462483218342688,0.5126734332488639,0.6747572815533981,0.3484542349042143,0.3936376206850745,0.10194174757281553,0.39714285714285713,0.3454322438577156,0.37967453726297584,0.08,0.019417475728155338,0.011428571428571429,0.4114285714285714,14.43142857142857,0.019417475728155338,0.0,0.04006856691647367,0.08436634914903718,3.4757281553398056,0.0,0.0,0.15,0.07766990291262135,0,0.12770138548304102,0.25249498832934697,1.0094547408989607,0.7237977205924956,0.0,1.0,0.0,0.2,0.0,0.3301200439560388,0.2,0.08,0.019417475728155338,0.25,0.25
231,0.9741641613747826,0.518240637473708,0.8694587615691125,0.5155885318381317,0.2462483218342688,0.5128035525839888,0.6747572815533981,0.3484542349042143,0.3936376206850745,0.10194174757281553,0.39714285714285713,0.3454322438577156,0.37967453726297584,0.08,0.019417475728155338,0.011428571428571429,0.4114285714285714,14.482857142857142,0.019417475728155338,0.0,0.04006856691647367,0.08436634914903718,3.4757281553398056,0.0,0.0,0.15,0.07766990291262135,0,0.12712002141276868,0.2512325133877002,1.000694217509553,0.7093217661806457,0.0,1.0,0.0,0.2,0.0,0.3301200439560388,0.2,0.08,0.019417475728155338,0.25,0.25
232,0.9752694929483455,0.5181300685884794,0.8701093281524098,0.5153218738944613,0.2462483218342688,0.5128834353650334,0.6504854368932039,0.3482600601469326,0.39349198961711335,0.10194174757281553,0.38285714285714284,0.3453179581434299,0.37958882297726143,0.08,0.024271844660194174,0.014285714285714285,0.4114285714285714,14.474285714285715,0.024271844660194174,0.0,0.04006856691647367,0.08436634914903718,3.4757281553398056,0.0,0.0,0.15,0.07766990291262135,0,0.12697013559141912,0.24997635082076172,0.994966047445076,0.6951353308570327,0.0,0.8,0.0,0.2,0.0,0.3301200439560388,0.2,0.08,0.024271844660194174,0.25,0.25
233,0.9758123701001004,0.5181139374001587,0.8704288501331567,0.5149213840451947,0.2462483218342688,0.5130392049871925,0.6796116504854369,0.3480658853896511,0.39334635854915223,0.10194174757281553,0.4,0.3452036724291442,0.37950310869154724,0.08,0.024271844660194174,0.014285714285714285,0.4114285714285714,14.471428571428572,0.019417475728155338,0.0,0.04006856691647367,0.08436634914903718,3.4757281553398056,0.0,0.0,0.15,0.07766990291262135,0,0.1268209991991763,0.2487264690666579,0.989352440781889,0.6826228949016064,0.0,0.8,0.0,0.2,0.0,0.3301200439560388,0.2,0.08,0.024271844660194174,0.25,0.25
234,0.9762133036908254,0.5183721599611231,0.870664828189412,0.5153382329841644,0.2462483218342688,0.5130021179584988,0.7184466019417476,0.3480658853896511,0.39334635854915223,0.10194174757281553,0.4228571428571429,0.3452036724291442,0.37950310869154724,0.08,0.019417475728155338,0.011428571428571429,0.4114285714285714,14.497142857142856,0.019417475728155338,0.0,0.04006856691647367,0.08436634914903718,3.4757281553398056,0.0,0.0,0.15,0.07766990291262135,0,0.1262440370603233,0.24748283672132462,0.9809939633948225,0.6689704370035743,0.0,1.0,0.0,0.2,0.0,0.3301200439560388,0.2,0.08,0.019417475728155338,0.25,0.25
235,0.9753419105155106,0.5191703093449371,0.8701519510633696,0.5151787787240703,0.2462483218342688,0.5130737937712331,0.7233009708737864,0.3480658853896511,0.39334635854915223,0.10194174757281553,0.4257142857142857,0.3452036724291442,0.37950310869154724,0.08,0.019417475728155338,0.011428571428571429,0.4114285714285714,14.52,0.019417475728155338,0.0,0.04006856691647367,0.08436634914903718,3.4757281553398056,0.0,0.0,0.15,0.07766990291262135,0,0.12566995973216452,0.246245422537718,0.9728026555554975,0.6555910282635028,0.0,1.0,0.0,0.2,0.0,0.3301200439560388,0.2,0.08,0.019417475728155338,0.25,0.25
236,0.9770245484326527,0.5200695059979663,0.8711423036660306,0.516306464002317,0.2462483218342688,0.5130832919338535,0.6504854368932039,0.3478717106323695,0.39320072748119106,0.10194174757281553,0.38285714285714284,0.34508938671485845,0.3794173944058329,0.08,0.024271844660194174,0.014285714285714285,0.4114285714285714,14.56,0.019417475728155338,0.0,0.04006856691647367,0.08436634914903718,3.4757281553398056,0.0,0.0,0.15,0.07766990291262135,0,0.12552732421921797,0.24501419542502942,0.9676323167301016,0.6546144120427683,0.0,0.8,0.0,0.2,0.0,0.3301200439560388,0.2,0.08,0.024271844660194174,0.25,0.25
237,0.9762517759705691,0.5205081973012388,0.8706874718740613,0.5171095405560535,0.2462483218342688,0.513213927726578,0.6456310679611651,0.34767753587508793,0.3930550964132299,0.10194174757281553,0.38,0.3449751010005727,0.37933168012011864,0.08,0.014563106796116505,0.008571428571428572,0.4114285714285714,14.565714285714286,0.019417475728155338,0.0,0.04006856691647367,0.08436634914903718,3.4757281553398056,0.0,0.0,0.15,0.07766990291262135,0,0.12535683045526477,0.24378912444790427,0.9568510989669283,0.6508690618074573,0.0,0.6666666666666666,0.0,0.2,0.0,0.3301200439560388,0.2,0.08,0.014563106796116505,0.25,0.25
238,0.974817465496158,0.5206774006131407,0.8698432777091223,0.5168193896692992,0.2462483218342688,0.5135065037930573,0.6407766990291263,0.34767753587508793,0.3930550964132299,0.10194174757281553,0.37714285714285717,0.3449751010005727,0.37933168012011864,0.08,0.019417475728155338,0.011428571428571429,0.4114285714285714,14.548571428571428,0.019417475728155338,0.0,0.04006856691647367,0.08436634914903718,3.4757281553398056,0.0,0.0,0.15,0.07766990291262135,0,0.12481561773155984,0.24257017882566476,0.9491426484161612,0.6378516805713081,0.0,1.0,0.0,0.2,0.0,0.3301200439560388,0.2,0.08,0.019417475728155338,0.25,0.25
239,0.9758531524402785,0.5196562952051567,0.870452853453376,0.5168755504012373,0.2462483218342688,0.5138294953340357,0.6844660194174758,0.34767753587508793,0.3930550964132299,0.10194174757281553,0.40285714285714286,0.3449751010005727,0.37933168012011864,0.08,0.019417475728155338,0.011428571428571429,0.4114285714285714,14.577142857142857,0.019417475728155338,0.0,0.04006856691647367,0.08436634914903718,3.4757281553398056,0.0,0.0,0.15,0.07766990291262135,0,0.12424868250004492,0.24135732793153644,0.9415883668764092,0.625094646959882,0.0,1.0,0.0,0.2,0.0,0.3301200439560388,0.2,0.08,0.019417475728155338,0.25,0.25
240,0.9775356497590606,0.5202349557639683,0.8707716973648558,0.5179695160806447,0.2462483218342688,0.5142102506239623,0.6634146341463415,0.3478327826267793,0.39324159316885127,0.1024390243902439,0.38857142857142857,0.3449751010005727,0.37933168012011864,0.08,0.00975609756097561,0.008571428571428572,0.4142857142857143,14.611428571428572,0.014634146341463415,0.002857142857142857,0.04010366584142561,0.08436634914903718,3.4341463414634146,0.0,0.0,0.15,0.07804878048780488,0,0.12368458194468754,0.24015054129187877,0.9313280281103097,0.6125927540206844,0.0,1.0,0.0,0.2,0.0,0.3301200439560388,0.2,0.08,0.014563106796116505,0.25,0.25
241,0.9775609909573937,0.5214764587119183,0.8707865400667364,0.5185890754538909,0.2462483218342688,0.5146816868718256,0.6780487804878049,0.3478327826267793,0.39324159316885127,0.1024390243902439,0.39714285714285713,0.3449751010005727,0.37933168012011864,0.08,0.00975609756097561,0.005714285714285714,0.4142857142857143,14.622857142857143,0.01951219512195122,0.0,0.040130726438119574,0.08436634914903718,3.4341463414634146,0.0,0.0,0.15,0.07804878048780488,0,0.12312330189210696,0.23894978858541938,0.9184157532623892,0.6003408989402707,0.0,1.0,0.0,0.2,0.0,0.3301200439560388,0.2,0.08,0.00975609756097561,0.25,0.25
242,0.9764015719684568,0.5204113596473945,0.8701074518017877,0.518125099782464,0.2462483218342688,0.515330138938927,0.6439024390243903,0.34763766067555985,0.39309525170543663,0.1024390243902439,0.37714285714285717,0.34486081528628704,0.3792459658344044,0.08,0.01951219512195122,0.011428571428571429,0.4142857142857143,14.64,0.01951219512195122,0.0,0.040130726438119574,0.08436634914903718,3.4341463414634146,0.0,0.0,0.15,0.07804878048780488,0,0.12299339966836072,0.23775503964249228,0.9114760096257128,0.5883340809614652,0.0,0.75,0.0,0.2,0.0,0.3301200439560388,0.2,0.08,0.01951219512195122,0.25,0.25
243,0.9776883504449576,0.5214002638391377,0.870861136338024,0.5184760282058698,0.2462483218342688,0.5158023046241678,0.6682926829268293,0.3474425387243403,0.392948910242022,0.1024390243902439,0.3914285714285714,0.34474652957200136,0.3791602515486901,0.08,0.00975609756097561,0.005714285714285714,0.4142857142857143,14.608571428571429,0.01951219512195122,0.0,0.040130726438119574,0.08436634914903718,3.4341463414634146,0.0,0.0,0.15,0.07804878048780488,0,0.12283557552716177,0.2468559978306632,0.8989607751474842,0.6290703447158225,0.0,0.5,0.0,0.2,0.0,0.3301200439560388,0.2,0.08,0.00975609756097561,0.25,0.25
244,0.9764923624836896,0.5215335132634983,0.870160629103567,0.5187255258342924,0.2462483218342688,0.5162841691591928,0.6926829268292682,0.3474425387243403,0.392948910242022,0.1024390243902439,0.4057142857142857,0.34474652957200136,0.3791602515486901,0.08,0.014634146341463415,0.008571428571428572,0.4142857142857143,14.651428571428571,0.01951219512195122,0.0,0.040130726438119574,0.08436634914903718,3.4341463414634146,0.0,0.0,0.15,0.07804878048780488,0,0.12230696907809738,0.24562171784150988,0.8895529882159632,0.616488937821506,0.0,1.0,0.0,0.2,0.0,0.3301200439560388,0.2,0.08,0.014634146341463415,0.25,0.25
245,0.9755540047023218,0.5218056239159572,0.8696110195459088,0.518088748215195,0.2462483218342688,0.5168339391792169,0.6731707317073171,0.3474425387243403,0.392948910242022,0.1024390243902439,0.3942857142857143,0.34474652957200136,0.3791602515486901,0.08,0.014634146341463415,0.008571428571428572,0.4142857142857143,14.631428571428572,0.01951219512195122,0.0,0.040130726438119574,0.08436634914903718,3.4341463414634146,0.0,0.0,0.15,0.07804878048780488,0,0.12175257708984974,0.24439360925230233,0.8803333570230725,0.6041591590650759,0.0,1.0,0.0,0.2,0.0,0.3301200439560388,0.2,0.08,0.014634146341463415,0.25,0.25
246,0.9762599062066355,0.5213619834147412,0.8700244761412923,0.5171553852115167,0.2462483218342688,0.517349194691736,0.7365853658536585,0.3472474167731208,0.3928025687786073,0.1024390243902439,0.43142857142857144,0.3446322438577156,0.3790745372629758,0.08,0.01951219512195122,0.011428571428571429,0.4142857142857143,14.62,0.01951219512195122,0.0,0.040130726438119574,0.08436634914903718,3.4341463414634146,0.0,0.0,0.15,0.07804878048780488,0,0.1216295284901148,0.24602976169596175,0.8741552613111825,0.6192571257764249,0.0,0.75,0.0,0.2,0.0,0.3301200439560388,0.2,0.08,0.01951219512195122,0.25,0.25
247,0.9753181502813677,0.5219861974218506,0.869472876242207,0.5181630335027373,0.2462483218342688,0.5179124955392453,0.6536585365853659,0.3472474167731208,0.3928025687786073,0.1024390243902439,0.38285714285714284,0.3446322438577156,0.3790745372629758,0.08,0.014634146341463415,0.008571428571428572,0.4142857142857143,14.62,0.024390243902439025,0.0,0.040130726438119574,0.08436634914903718,3.4341463414634146,0.0,0.0,0.15,0.07804878048780488,0,0.12107852370480708,0.24479961288748192,0.8652435846563874,0.6068719832608964,0.0,1.0,0.0,0.2,0.0,0.3301200439560388,0.2,0.08,0.014634146341463415,0.25,0.25
248,0.9775745589495207,0.5219352592806654,0.8707944870335538,0.5181242283814158,0.2462483218342688,0.5183978508024881,0.6536585365853659,0.3472474167731208,0.3928025687786073,0.1024390243902439,0.38285714285714284,0.3446322438577156,0.3790745372629758,0.08,0.004878048780487805,0.002857142857142857,0.4142857142857143,14.565714285714286,0.024390243902439025,0.0,0.040130726438119574,0.08436634914903718,3.4341463414634146,0.0,0.0,0.15,0.07804878048780488,0,0.12050170251485447,0.24357561482304452,0.8507958558204025,0.5947345435956785,0.0,1.0,0.0,0.2,0.0,0.3301200439560388,0.2,0.08,0.004878048780487805,0.25,0.25
249,0.9779304410206068,0.522288752412717,0.8710029322466185,0.5183274769112487,0.2462483218342688,0.5188714712719198,0.6829268292682927,0.3472474167731208,0.3928025687786073,0.1024390243902439,0.4,0.3446322438577156,0.3790745372629758,0.08,0.00975609756097561,0.005714285714285714,0.4142857142857143,14.577142857142857,0.024390243902439025,0.0,0.040130726438119574,0.08436634914903718,3.4341463414634146,0.0,0.0,0.15,0.07804878048780488,0,0.11995619400228019,0.2423577367489293,0.8394942244182799,0.5828398527237649,0.0,1.0,0.0,0.2,0.0,0.3301200439560388,0.2,0.08,0.00975609756097561,0.25,0.25
250,0.9791667307335394,0.5224355125434638,0.8717270447927647,0.5188303221337044,0.2462483218342688,0.5191301865172783,0.7365853658536585,0.34705229482190136,0.3926562273151928,0.1024390243902439,0.43142857142857144,0.3445179581434299,0.3789888229772615,0.08,0.01951219512195122,0.011428571428571429,0.4142857142857143,14.617142857142857,0.024390243902439025,0.0,0.040130726438119574,0.08436634914903718,3.4341463414634146,0.0,0.0,0.15,0.07804878048780488,0,0.11987055588941165,0.24114594806518463,0.8341329113584859,0.575023321733304,0.0,0.75,0.0,0.2,0.0,0.3301200439560388,0.2,0.08,0.01951219512195122,0.25,0.25
251,0.978059457510975,0.5232747498916898,0.87107849904812,0.518991011573392,0.2462483218342688,0.5193641823421323,0.6634146341463415,0.34705229482190136,0.3926562273151928,0.1024390243902439,0.38857142857142857,0.3445179581434299,0.3789888229772615,0.08,0.004878048780487805,0.002857142857142857,0.4142857142857143,14.677142857142858,0.02926829268292683,0.0,0.040130726438119574,0.08436634914903718,3.4341463414634146,0.0,0.0,0.15,0.07804878048780488,0,0.11929977453853602,0.2399402183248587,0.8203073959884591,0.5635228552986379,0.0,1.0,0.0,0.2,0.0,0.3301200439560388,0.2,0.08,0.004878048780487805,0.25,0.25
252,0.9775747076992782,0.5228919632468646,0.8707945741584117,0.5186712352816876,0.2462483218342688,0.5196093284603686,0.6926829268292682,0.3468571728706818,0.39250988585177815,0.1024390243902439,0.4057142857142857,0.3444036724291442,0.3789031086915472,0.08,0.01951219512195122,0.011428571428571429,0.4142857142857143,14.697142857142858,0.024390243902439025,0.0,0.040130726438119574,0.08436634914903718,3.4341463414634146,0.0,0.0,0.15,0.07804878048780488,0,0.1192174185229862,0.23874051723323442,0.8153298194972614,0.5823050045203022,0.0,0.75,0.0,0.2,0.0,0.3301200439560388,0.2,0.08,0.01951219512195122,0.25,0.25
253,0.9761594435999439,0.5228947657072363,0.8699656337573731,0.5191554521789684,0.2462483218342688,0.5199729882145069,0.6829268292682927,0.3466620509194623,0.39236354438836346,0.1024390243902439,0.4,0.3442893867148585,0.37881739440583295,0.08,0.01951219512195122,0.011428571428571429,0.4142857142857143,14.682857142857143,0.024390243902439025,0.0,0.040130726438119574,0.08436634914903718,3.4341463414634146,0.0,0.0,0.15,0.07804878048780488,0,0.11910704571608555,0.23754681464706826,0.8104517945358873,0.6000152000474835,0.0,0.75,0.0,0.2,0.0,0.3301200439560388,0.2,0.08,0.01951219512195122,0.25,0.25
254,0.977065338881809,0.5233043575548136,0.8704962295653226,0.5190206348326513,0.2462483218342688,0.5203089419293693,0.6536585365853659,0.3466620509194623,0.39236354438836346,0.1024390243902439,0.38285714285714284,0.3442893867148585,0.37881739440583295,0.08,0.00975609756097561,0.005714285714285714,0.4142857142857143,14.645714285714286,0.024390243902439025,0.0,0.040130726438119574,0.08436634914903718,3.4341463414634146,0.0,0.0,0.15,0.07804878048780488,0,0.11854008191607655,0.2363590805738329,0.7999570443594552,0.5880148960465339,0.0,1.0,0.0,0.2,0.0,0.3301200439560388,0.2,0.08,0.00975609756097561,0.25,0.25
255,0.9817571102792314,0.5233853302072269,0.8710618589690358,0.5197781663148623,0.2462483218342688,0.5206520147860718,0.7107843137254902,0.34752243859605614,0.39314815709963197,0.10294117647058823,0.4142857142857143,0.34417510100057275,0.37873168012011865,0.08,0.014705882352941176,0.011428571428571429,0.41714285714285715,14.651428571428571,0.00980392156862745,0.002857142857142857,0.04013296321630014,0.08436634914903718,3.411764705882353,0.0,0.0,0.15,0.0784313725490196,0,0.11846152436363902,0.23549023979977501,0.7953864749008377,0.5762545981256032,0.0,0.75,0.0,0.2,0.0,0.3301200439560388,0.2,0.08,0.01951219512195122,0.25,0.25
256,0.9803831199310511,0.5226526351972217,0.8702610188803822,0.5197997230905044,0.2462483218342688,0.5209713178902203,0.6813725490196079,0.3476204778117424,0.39322168651139666,0.10294117647058823,0.39714285714285713,0.3442322438577156,0.37877453726297583,0.08,0.00980392156862745,0.005714285714285714,0.41714285714285715,14.677142857142858,0.00980392156862745,0.0,0.04015696388335146,0.08436634914903718,3.411764705882353,0.0,0.0,0.15,0.0784313725490196,0,0.11832635959896369,0.23431278860077612,0.7851930311171067,0.6383634138410176,0.0,0.5,0.0,0.2,0.0,0.3301200439560388,0.2,0.08,0.00980392156862745,0.25,0.25
257,0.9793013005664325,0.5228775336076497,0.8694213234707565,0.5192792737246241,0.2462483218342688,0.5212834552215079,0.645320197044335,0.3476493173259403,0.3940145069873374,0.10344827586206896,0.3742857142857143,0.3442322438577156,0.37877453726297583,0.08,0.0049261083743842365,0.005714285714285714,0.42,14.728571428571428,0.0049261083743842365,0.002857142857142857,0.04020451059262525,0.08436634914903716,3.3793103448275863,0.0,0.0,0.15,0.07881773399014778,0,0.1178202992295403,0.23314122465777223,0.7752034562090504,0.6255961455641972,0.0,1.0,0.0,0.2,0.0,0.3301200439560388,0.2,0.08,0.00980392156862745,0.25,0.25
258,0.9773255762050681,0.5230696144945084,0.8682754033411652,0.5194503441509153,0.2462483218342688,0.5215548925898472,0.645320197044335,0.34725522865598957,0.3937189404848743,0.10344827586206896,0.3742857142857143,0.34400367242914415,0.37860310869154723,0.08,0.014778325123152709,0.008571428571428572,0.42,14.742857142857142,0.0049261083743842365,0.0,0.04020451059262525,0.08436634914903716,3.3793103448275863,0.0,0.0,0.15,0.07881773399014778,0,0.11811691201910689,0.23197551853448337,0.7682708156562976,0.6323617092691154,0.0,0.3333333333333333,0.0,0.2,0.0,0.3301200439560388,0.2,0.08,0.014778325123152709,0.25,0.25
259,0.9759996942000868,0.5225673023883135,0.8675063917782759,0.51935276208004,0.2462483218342688,0.521913259098592,0.625615763546798,0.34725522865598957,0.3937189404848743,0.10344827586206896,0.3628571428571429,0.34400367242914415,0.37860310869154723,0.08,0.0049261083743842365,0.002857142857142857,0.42,14.717142857142857,0.0049261083743842365,0.0,0.04020451059262525,0.08436634914903716,3.3793103448275863,0.0,0.0,0.15,0.07881773399014778,0,0.11755489888758279,0.23081564094181095,0.7557625422003147,0.6197144750837331,0.0,1.0,0.0,0.2,0.0,0.3301200439560388,0.2,0.08,0.0049261083743842365,0.25,0.25
260,0.9749789394868404,0.5222967412926278,0.8669143540445933,0.5192086434996239,0.2462483218342688,0.5222792260579657,0.6551724137931034,0.34725522865598957,0.3937189404848743,0.10344827586206896,0.38,0.34400367242914415,0.37860310869154723,0.08,0.0049261083743842365,0.002857142857142857,0.42,14.74,0.0049261083743842365,0.0,0.04020451059262525,0.08436634914903716,3.3793103448275863,0.0,0.0,0.15,0.07881773399014778,0,0.11699569582171628,0.2296615627371019,0.7435044342134512,0.6073201855820585,0.0,1.0,0.0,0.2,0.0,0.3301200439560388,0.2,0.08,0.0049261083743842365,0.25,0.25
261,0.9745102033540664,0.5222828275206279,0.8666424870875842,0.5190584151556368,0.2462483218342688,0.5228164615310993,0.6798029556650246,0.34725522865598957,0.3937189404848743,0.10344827586206896,0.3942857142857143,0.34400367242914415,0.37860310869154723,0.08,0.0049261083743842365,0.002857142857142857,0.42,14.805714285714286,0.0049261083743842365,0.0,0.04020451059262525,0.08436634914903716,3.3793103448275863,0.0,0.0,0.15,0.07881773399014778,0,0.11643928877117914,0.22851325492341637,0.7314914883863252,0.5951737818704173,0.0,1.0,0.0,0.2,0.0,0.3301200439560388,0.2,0.08,0.0049261083743842365,0.25,0.25
262,0.9724457577943368,0.5225107808167846,0.865445108662941,0.5189409197294002,0.2462483218342688,0.523330466681143,0.645320197044335,0.34705818432101426,0.3935711572336428,0.10344827586206896,0.3742857142857143,0.34388938671485847,0.37851739440583293,0.08,0.009852216748768473,0.005714285714285714,0.42,14.837142857142856,0.009852216748768473,0.0,0.04020451059262525,0.08436634914903716,3.3793103448275863,0.0,0.0,0.15,0.07881773399014778,0,0.1163142351844661,0.2273706886487993,0.7225759443328842,0.604164625312704,0.0,0.5,0.0,0.2,0.0,0.3301200439560388,0.2,0.08,0.009852216748768473,0.25,0.25
263,0.9728304706089482,0.5230900509907279,0.8656682420954157,0.5192438609651182,0.2462483218342688,0.5239448006600921,0.6945812807881774,0.34686113998603885,0.3934233739824113,0.10344827586206896,0.40285714285714286,0.3437751010005728,0.3784316801201187,0.08,0.0049261083743842365,0.002857142857142857,0.42,14.742857142857142,0.0049261083743842365,0.0,0.04020451059262525,0.08436634914903716,3.3793103448275863,0.0,0.0,0.15,0.07881773399014778,0,0.11616123543711519,0.22623383520555532,0.7109815683033693,0.6024596434964352,0.0,0.0,0.0,0.2,0.0,0.3301200439560388,0.2,0.08,0.0049261083743842365,0.25,0.25
264,0.97296668747851,0.5227860306856661,0.8657472478797615,0.5197794377169908,0.2462483218342688,0.5244879021762614,0.6798029556650246,0.34666409565106343,0.3932936208779272,0.10344827586206896,0.3942857142857143,0.34366081528628706,0.37835642331951785,0.08,0.009852216748768473,0.005714285714285714,0.42,14.742857142857142,0.0049261083743842365,0.0,0.04020451059262525,0.08436634914903716,3.3793103448275863,0.0,0.0,0.15,0.07881773399014778,0,0.11606600068850104,0.22510266602952753,0.7024762226515878,0.6280854816968224,0.0,0.5,0.0,0.2,0.0,0.3301200439560388,0.2,0.08,0.009852216748768473,0.25,0.25
265,0.9744555099196508,0.5228566447243129,0.8666107648956232,0.5202011653985394,0.2462483218342688,0.5249486124235934,0.6995073891625616,0.3464670513160881,0.3932411139028686,0.10344827586206896,0.4057142857142857,0.3435465295720013,0.3783259692739839,0.08,0.009852216748768473,0.005714285714285714,0.42,14.785714285714286,0.009852216748768473,0.0,0.04020451059262525,0.08436634914903716,3.3793103448275863,0.0,0.0,0.15,0.07881773399014778,0,0.11594281354220141,0.2239771526993799,0.6941409839128416,0.6228912656309838,0.0,0.5,0.0,0.2,0.0,0.3301200439560388,0.2,0.08,0.009852216748768473,0.25,0.25
266,0.9768300945248206,0.5219544895525903,0.8679880239666217,0.5202987391668045,0.2462483218342688,0.525300607636082,0.7093596059113301,0.3464670513160881,0.3932411139028686,0.10344827586206896,0.4114285714285714,0.3435465295720013,0.3783259692739839,0.08,0.0049261083743842365,0.002857142857142857,0.42,14.765714285714285,0.009852216748768473,0.0,0.04020451059262525,0.08436634914903716,3.3793103448275863,0.0,0.0,0.15,0.07881773399014778,0,0.11539167090306181,0.222857266935883,0.6831153070917277,0.6104334403183642,0.0,1.0,0.0,0.2,0.0,0.3301200439560388,0.2,0.08,0.0049261083743842365,0.25,0.25
267,0.9761586874431379,0.521609952683143,0.8675986078592457,0.519656418159765,0.2462483218342688,0.5256697253485695,0.6847290640394089,0.3464670513160881,0.3932411139028686,0.10344827586206896,0.39714285714285713,0.3435465295720013,0.3783259692739839,0.08,0.0049261083743842365,0.002857142857142857,0.42,14.728571428571428,0.009852216748768473,0.0,0.04020451059262525,0.08436634914903716,3.3793103448275863,0.0,0.0,0.15,0.07881773399014778,0,0.11484328397711792,0.2217429806012036,0.672310143807036,0.5982247715119969,0.0,1.0,0.0,0.2,0.0,0.3301200439560388,0.2,0.08,0.0049261083743842365,0.25,0.25
268,0.9768053402394432,0.521318739537063,0.8679736664811029,0.5202443204620547,0.2462483218342688,0.5261137993924516,0.6502463054187192,0.3464670513160881,0.3932411139028686,0.10344827586206896,0.37714285714285717,0.3435465295720013,0.3783259692739839,0.08,0.0,0.0,0.42,14.757142857142858,0.009852216748768473,0.0,0.04020451059262525,0.08436634914903716,3.3793103448275863,0.0,0.0,0.15,0.07881773399014778,0,0.11426906755723233,0.22063426569819758,0.6588639409308953,0.5862602760817569,0.0,0.0,0.0,0.2,0.0,0.3301200439560388,0.2,0.08,0.0,0.25,0.25
269,0.978271151313775,0.5213030397148656,0.8688238369042152,0.5195026612409264,0.2462483218342688,0.5265236434699279,0.7192118226600985,0.3464670513160881,0.3932411139028686,0.10344827586206896,0.41714285714285715,0.3435465295720013,0.3783259692739839,0.08,0.0049261083743842365,0.002857142857142857,0.42,14.725714285714286,0.009852216748768473,0.0,0.04020451059262525,0.08436634914903716,3.3793103448275863,0.0,0.0,0.15,0.07881773399014778,0,0.11375472221944617,0.21953109436970658,0.6485438049694202,0.5745350705601218,0.0,1.0,0.0,0.2,0.0,0.3301200439560388,0.2,0.08,0.0049261083743842365,0.25,0.25
270,0.9783993973848458,0.52181609293928,0.8688982196254361,0.519775942733659,0.2462483218342688,0.5267764811267158,0.6896551724137931,0.3464670513160881,0.3932411139028686,0.10344827586206896,0.4,0.3435465295720013,0.3783259692739839,0.08,0.0049261083743842365,0.002857142857142857,0.42,14.754285714285714,0.009852216748768473,0.0,0.04020451059262525,0.08436634914903716,3.3793103448275863,0.0,0.0,0.15,0.07881773399014778,0,0.11321452003692038,0.21843343889785805,0.6384300717271746,0.5630443691489193,0.0,1.0,0.0,0.2,0.0,0.3301200439560388,0.2,0.08,0.0049261083743842365,0.25,0.25
271,0.9778671290799951,0.5225426052570689,0.8685895040086228,0.5198587960822209,0.2462483218342688,0.5269578168160449,0.6847290640394089,0.3464670513160881,0.3932411139028686,0.10344827586206896,0.39714285714285713,0.3435465295720013,0.3783259692739839,0.08,0.0049261083743842365,0.002857142857142857,0.42,14.72,0.009852216748768473,0.0,0.04020451059262525,0.08436634914903716,3.3793103448275863,0.0,0.0,0.15,0.07881773399014778,0,0.1126770188653072,0.21734127170336875,0.628518613149774,0.5517834817659408,0.0,1.0,0.0,0.2,0.0,0.3301200439560388,0.2,0.08,0.0049261083743842365,0.25,0.25
272,0.9781340818993243,0.5225531043107162,0.8687443366438338,0.5204465938149102,0.2462483218342688,0.5271506880333932,0.645320197044335,0.3462700069811127,0.3930933306516371,0.10344827586206896,0.3742857142857143,0.3434322438577156,0.3782402549882696,0.08,0.009852216748768473,0.005714285714285714,0.42,14.68,0.009852216748768473,0.0,0.04020451059262525,0.08436634914903716,3.3793103448275863,0.0,0.0,0.15,0.07881773399014778,0,0.11257077662812352,0.2162545653448519,0.6216625266010641,0.5663220881150863,0.0,0.5,0.0,0.2,0.0,0.3301200439560388,0.2,0.08,0.009852216748768473,0.25,0.25
273,0.9796445322468473,0.5228263829420402,0.8696203978453974,0.520527311259928,0.2462483218342688,0.5274780834926183,0.6206896551724138,0.3462700069811127,0.3930933306516371,0.10344827586206896,0.36,0.3434322438577156,0.3782402549882696,0.08,0.0049261083743842365,0.002857142857142857,0.42,14.677142857142858,0.009852216748768473,0.0,0.04020451059262525,0.08436634914903716,3.3793103448275863,0.0,0.0,0.15,0.07881773399014778,0,0.11203649417355434,0.2151732925181276,0.6120864189261858,0.5549956463527846,0.0,1.0,0.0,0.2,0.0,0.3301200439560388,0.2,0.08,0.0049261083743842365,0.25,0.25
274,0.9785191499247943,0.524139081422876,0.8689676760986061,0.5209097529237203,0.2462483218342688,0.5278753350087355,0.6748768472906403,0.3462700069811127,0.3930933306516371,0.10344827586206896,0.3914285714285714,0.3434322438577156,0.3782402549882696,0.08,0.0049261083743842365,0.002857142857142857,0.42,14.682857142857143,0.009852216748768473,0.0,0.04020451059262525,0.08436634914903716,3.3793103448275863,0.0,0.0,0.15,0.07881773399014778,0,0.11150488313125798,0.21409742605553697,0.6027018334048049,0.5438957334257289,0.0,1.0,0.0,0.2,0.0,0.3301200439560388,0.2,0.08,0.0049261083743842365,0.25,0.25
275,0.9783129880430991,0.5246853516610532,0.8688481022072233,0.5206086014325438,0.2462483218342688,0.5281951772183261,0.6403940886699507,0.3462700069811127,0.3930933306516371,0.10344827586206896,0.37142857142857144,0.3434322438577156,0.3782402549882696,0.08,0.0049261083743842365,0.002857142857142857,0.42,14.68,0.009852216748768473,0.0,0.04020451059262525,0.08436634914903716,3.3793103448275863,0.0,0.0,0.15,0.07881773399014778,0,0.11097593014417313,0.2130269389252593,0.5935049395938516,0.5330178187572143,0.0,1.0,0.0,0.2,0.0,0.3301200439560388,0.2,0.08,0.0049261083743842365,0.25,0.25
276,0.9801544719797437,0.524772238230996,0.869916162890477,0.5203618125711736,0.2462483218342688,0.5282322054272921,0.729064039408867,0.3462700069811127,0.3930933306516371,0.10344827586206896,0.4228571428571429,0.3434322438577156,0.3782402549882696,0.08,0.0,0.0,0.42,14.722857142857142,0.009852216748768473,0.0,0.04020451059262525,0.08436634914903716,3.3793103448275863,0.0,0.0,0.15,0.07881773399014778,0,0.11042105049345226,0.21196180423063302,0.5816348408019745,0.52235746238207,0.0,0.0,0.0,0.2,0.0,0.3301200439560388,0.2,0.08,0.0,0.25,0.25
277,0.9788997537345738,0.5267831440733993,0.8691884263082785,0.5213927368240729,0.2462483218342688,0.528205180680468,0.7389162561576355,0.3462700069811127,0.3930933306516371,0.10344827586206896,0.42857142857142855,0.3434322438577156,0.3782402549882696,0.08,0.0049261083743842365,0.002857142857142857,0.42,14.694285714285714,0.009852216748768473,0.0,0.04020451059262525,0.08436634914903716,3.3793103448275863,0.0,0.0,0.15,0.07881773399014778,0,0.10992594524098499,0.21090199520947983,0.572859286843078,0.5119103131344287,0.0,1.0,0.0,0.2,0.0,0.3301200439560388,0.2,0.08,0.0049261083743842365,0.25,0.25
278,0.9796474742453771,0.5274312576867564,0.8696221042045444,0.5218524313999954,0.2462483218342688,0.5281820455112816,0.6995073891625616,0.3462700069811127,0.3930933306516371,0.10344827586206896,0.4057142857142857,0.3434322438577156,0.3782402549882696,0.08,0.0049261083743842365,0.002857142857142857,0.42,14.662857142857144,0.0049261083743842365,0.0,0.04020451059262525,0.08436634914903716,3.3793103448275863,0.0,0.0,0.15,0.07881773399014778,0,0.1094048869433515,0.20984748523343244,0.5642592439633591,0.5016721068717401,0.0,1.0,0.0,0.2,0.0,0.3301200439560388,0.2,0.08,0.0049261083743842365,0.25,0.25
279,0.9801329848857318,0.5276083124893604,0.8699037003759502,0.5220221859749793,0.2462483218342688,0.5284066016548882,0.7931034482758621,0.3462700069811127,0.3930933306516371,0.10344827586206896,0.46,0.3434322438577156,0.3782402549882696,0.08,0.0049261083743842365,0.002857142857142857,0.42,14.677142857142858,0.0049261083743842365,0.0,0.04020451059262525,0.08436634914903716,3.3793103448275863,0.0,0.0,0.15,0.07881773399014778,0,0.10888643393720615,0.2087982478072653,0.555831201941235,0.4916386647343053,0.0,1.0,0.0,0.2,0.0,0.3301200439560388,0.2,0.08,0.0049261083743842365,0.25,0.25
280,0.9804080890480584,0.5283247537742904,0.8700632607900995,0.5230033658109632,0.2462483218342688,0.5285335750297895,0.7536945812807881,0.3462700069811127,0.3930933306516371,0.10344827586206896,0.43714285714285717,0.3434322438577156,0.3782402549882696,0.08,0.0049261083743842365,0.002857142857142857,0.42,14.711428571428572,0.0049261083743842365,0.0,0.04020451059262525,0.08436634914903716,3.3793103448275863,0.0,0.0,0.15,0.07881773399014778,0,0.10837057319609159,0.20775425656822896,0.547571720759553,0.48180589143961916,0.0,1.0,0.0,0.2,0.0,0.3301200439560388,0.2,0.08,0.0049261083743842365,0.25,0.25
281,0.9792129080543854,0.5292698142022487,0.8693700558137691,0.5236714128124119,0.2462483218342688,0.5286110516397502,0.6403940886699507,0.3460729626461373,0.3929455474004056,0.10344827586206896,0.37142857142857144,0.3433179581434299,0.3781545407025554,0.08,0.0049261083743842365,0.002857142857142857,0.42,14.751428571428571,0.0049261083743842365,0.0,0.04020451059262525,0.08436634914903716,3.3793103448275863,0.0,0.0,0.15,0.07881773399014778,0,0.10825729175868255,0.20671548528538783,0.5394774292015049,0.5385910832327736,0.0,0.0,0.0,0.2,0.0,0.3301200439560388,0.2,0.08,0.0049261083743842365,0.25,0.25
282,0.9788774574049204,0.52988494916791,0.8691754944370794,0.5238702338699011,0.2462483218342688,0.5285401919221127,0.729064039408867,0.3460729626461373,0.3929455474004056,0.10344827586206896,0.4228571428571429,0.3433179581434299,0.3781545407025554,0.08,0.0049261083743842365,0.002857142857142857,0.42,14.74,0.0049261083743842365,0.0,0.04020451059262525,0.08436634914903716,3.3793103448275863,0.0,0.0,0.15,0.07881773399014778,0,0.10777300529988912,0.20568190785896087,0.5315450234746176,0.5278192615681181,0.0,1.0,0.0,0.2,0.0,0.3301200439560388,0.2,0.08,0.0049261083743842365,0.25,0.25
283,0.9804116985012354,0.5302789416278232,0.8700653542729422,0.5235103034682108,0.2462483218342688,0.5286235676283859,0.6945812807881774,0.345875918311162,0.39279776414917417,0.10344827586206896,0.40285714285714286,0.3432036724291442,0.37806882641684103,0.08,0.009852216748768473,0.005714285714285714,0.42,14.688571428571429,0.0049261083743842365,0.0,0.04020451059262525,0.08436634914903716,3.3793103448275863,0.0,0.0,0.15,0.07881773399014778,0,0.10769128313053254,0.2080634853845047,0.5266284087194109,0.5526491318028062,0.0,0.5,0.0,0.2,0.0,0.3301200439560388,0.2,0.08,0.009852216748768473,0.25,0.25
284,0.9813107228431427,0.5303210117687464,0.8705867883912484,0.5243418032596642,0.2462483218342688,0.5287411576713104,0.7339901477832512,0.3456788739761866,0.3926499808979426,0.10344827586206896,0.4257142857142857,0.34308938671485845,0.3779831121311268,0.08,0.009852216748768473,0.005714285714285714,0.42,14.714285714285714,0.0049261083743842365,0.0,0.04020451059262525,0.08436634914903716,3.3793103448275863,0.0,0.0,0.15,0.07881773399014778,0,0.10760996957202272,0.2070231679575822,0.5218101262593083,0.547620202676833,0.0,0.5,0.0,0.2,0.0,0.3301200439560388,0.2,0.08,0.009852216748768473,0.25,0.25
285,0.9816783030769843,0.5304942368742233,0.8707999849268765,0.5245651254928069,0.2462483218342688,0.528924766490847,0.6847290640394089,0.34548182964121116,0.39250219764671107,0.10344827586206896,0.39714285714285713,0.34297510100057277,0.37789739784541243,0.08,0.009852216748768473,0.005714285714285714,0.42,14.708571428571428,0.0049261083743842365,0.0,0.04020451059262525,0.08436634914903716,3.3793103448275863,0.0,0.0,0.15,0.07881773399014778,0,0.10752906258130548,0.20598805211779425,0.5170882094484079,0.5418912621343573,0.0,0.5,0.0,0.2,0.0,0.3301200439560388,0.2,0.08,0.009852216748768473,0.25,0.25
286,0.9807054916818636,0.5309487388224517,0.8702357543177066,0.5250931218285719,0.2462483218342688,0.5292622822545964,0.6650246305418719,0.34548182964121116,0.39250219764671107,0.10344827586206896,0.38571428571428573,0.34297510100057277,0.37789739784541243,0.08,0.0049261083743842365,0.002857142857142857,0.42,14.754285714285714,0.0049261083743842365,0.0,0.04020451059262525,0.08436634914903716,3.3793103448275863,0.0,0.0,0.15,0.07881773399014778,0,0.10701998869697035,0.2049581118572053,0.5096035881165827,0.5310534368916702,0.0,1.0,0.0,0.2,0.0,0.3301200439560388,0.2,0.08,0.0049261083743842365,0.25,0.25
287,0.9809761325812438,0.5309773770672666,0.870392726039347,0.5250374823265801,0.2462483218342688,0.5296239911733102,0.7093596059113301,0.34548182964121116,0.39250219764671107,0.10344827586206896,0.4114285714285714,0.34297510100057277,0.37789739784541243,0.08,0.0049261083743842365,0.002857142857142857,0.42,14.717142857142857,0.0049261083743842365,0.0,0.04020451059262525,0.08436634914903716,3.3793103448275863,0.0,0.0,0.15,0.07881773399014778,0,0.10651346018205694,0.20393332129791927,0.5022686592113939,0.5204323681538368,0.0,1.0,0.0,0.2,0.0,0.3301200439560388,0.2,0.08,0.0049261083743842365,0.25,0.25
288,0.9798544653875945,0.5316383531391033,0.8697421590670305,0.5255516648367754,0.2462483218342688,0.530092265161532,0.7438423645320197,0.34548182964121116,0.39250219764671107,0.10344827586206896,0.43142857142857144,0.34297510100057277,0.37789739784541243,0.08,0.0,0.0,0.42,14.754285714285714,0.0049261083743842365,0.0,0.04020451059262525,0.08436634914903716,3.3793103448275863,0.0,0.0,0.15,0.07881773399014778,0,0.10598089288114666,0.2029136546914297,0.492223286027166,0.51002372079076,0.0,0.0,0.0,0.2,0.0,0.3301200439560388,0.2,0.08,0.0,0.25,0.25
289,0.9801303936442136,0.5313268116116839,0.8699021974558696,0.5252410362153597,0.2462483218342688,0.5304523064744884,0.729064039408867,0.34528478530623585,0.3923544143954796,0.10344827586206896,0.4228571428571429,0.34286081528628704,0.37781168355969824,0.08,0.009852216748768473,0.005714285714285714,0.42,14.811428571428571,0.0049261083743842365,0.0,0.04020451059262525,0.08436634914903716,3.3793103448275863,0.0,0.0,0.15,0.07881773399014778,0,0.10593655984531235,0.20189908641797252,0.48809310602090833,0.5348620182999887,0.0,0.5,0.0,0.2,0.0,0.3301200439560388,0.2,0.08,0.009852216748768473,0.25,0.25
290,0.9832774146733992,0.5316869925434015,0.8711194458158905,0.5251776629352494,0.2462483218342688,0.5309188130240049,0.6782178217821783,0.34590897750144356,0.3921279091597362,0.10396039603960396,0.3914285714285714,0.34286081528628704,0.37781168355969824,0.08,0.0,0.002857142857142857,0.4228571428571429,14.762857142857143,0.0,0.002857142857142857,0.040249459331881704,0.08436634914903716,3.3465346534653464,0.0,0.0,0.15,0.07920792079207921,0,0.10543544847465723,0.20088959098588266,0.481188386757633,0.5241647779339889,0.0,1.0,0.0,0.2,0.0,0.3301200439560388,0.2,0.08,0.0049261083743842365,0.25,0.25
291,0.980964488797207,0.531916771906368,0.8697845571673452,0.5254959283060144,0.2462483218342688,0.5313460864400393,0.7029702970297029,0.34590897750144356,0.3921279091597362,0.10396039603960396,0.4057142857142857,0.34286081528628704,0.37781168355969824,0.08,0.0,0.0,0.4228571428571429,14.82,0.0,0.0,0.040249459331881704,0.08436634914903716,3.3465346534653464,0.0,0.0,0.15,0.07920792079207921,0,0.10490827123228394,0.19988514303095326,0.47156461902248037,0.5136814823753091,0.0,0.0,0.0,0.2,0.0,0.3301200439560388,0.2,0.08,0.0,0.25,0.25
292,0.9812785116016154,0.5320127096405156,0.8699657931858894,0.5258776388895289,0.2462483218342688,0.5315783160342175,0.6683168316831684,0.34590897750144356,0.3921279091597362,0.10396039603960396,0.38571428571428573,0.34286081528628704,0.37781168355969824,0.08,0.0,0.0,0.4228571428571429,14.8,0.0,0.0,0.040249459331881704,0.08436634914903716,3.3465346534653464,0.0,0.0,0.15,0.07920792079207921,0,0.10438372987612253,0.1988857173157985,0.46213332664203066,0.503407852727803,0.0,0.0,0.0,0.2,0.0,0.3301200439560388,0.2,0.08,0.0,0.25,0.25
293,0.9799676802279262,0.5311595043852018,0.869209256221646,0.5256277112409913,0.2462483218342688,0.5318199489270345,0.6633663366336634,0.34590897750144356,0.3921279091597362,0.10396039603960396,0.38285714285714284,0.34286081528628704,0.37781168355969824,0.08,0.0,0.0,0.4228571428571429,14.834285714285715,0.0,0.0,0.040249459331881704,0.08436634914903716,3.3465346534653464,0.0,0.0,0.15,0.07920792079207921,0,0.1038618112267419,0.1978912887292195,0.45289066010919005,0.4933396956732468,0.0,0.0,0.0,0.2,0.0,0.3301200439560388,0.2,0.08,0.0,0.25,0.25
294,0.9781264257726666,0.5317598967871664,0.8681465893646105,0.5261789111924522,0.2462483218342688,0.5319497475171989,0.6831683168316832,0.34590897750144356,0.3921279091597362,0.10396039603960396,0.3942857142857143,0.34286081528628704,0.37781168355969824,0.08,0.0,0.0,0.4228571428571429,14.802857142857142,0.0,0.0,0.040249459331881704,0.08436634914903716,3.3465346534653464,0.0,0.0,0.15,0.07920792079207921,0,0.10334250217060818,0.1969018322855734,0.44383284690700625,0.4834729017597819,0.0,0.0,0.0,0.2,0.0,0.3301200439560388,0.2,0.08,0.0,0.25,0.25
295,0.9796094760784292,0.5323374251497288,0.8690025212553649,0.5265165275531396,0.2462483218342688,0.5322630559308527,0.5841584158415841,0.34531491809550297,0.3918308794567659,0.10396039603960396,0.33714285714285713,0.34251795814342995,0.37764025498826964,0.08,0.01485148514851485,0.008571428571428572,0.4228571428571429,14.86,0.0,0.0,0.040249459331881704,0.08436634914903716,3.3465346534653464,0.0,0.0,0.15,0.07920792079207921,0,0.10411150394546943,0.21574878282844517,0.44352761854029477,0.48582715266012505,0.0,0.0,0.0,0.2,0.0,0.3301200439560388,0.2,0.08,0.01485148514851485,0.25,0.25
296,0.9812352346491584,0.5330327815336198,0.8699408162018999,0.526632293588241,0.2462483218342688,0.5325737962821449,0.6138613861386139,0.34531491809550297,0.3918308794567659,0.10396039603960396,0.35428571428571426,0.34251795814342995,0.37764025498826964,0.08,0.0,0.0,0.4228571428571429,14.768571428571429,0.0,0.0,0.040249459331881704,0.08436634914903716,3.3465346534653464,0.0,0.0,0.15,0.07920792079207921,0,0.1035909464257421,0.21467003891430295,0.4346570661694888,0.47611060960692253,0.0,0.0,0.0,0.2,0.0,0.3301200439560388,0.2,0.08,0.0,0.25,0.25
297,0.9792725924167349,0.5328887910742488,0.86880809125633,0.5266048563614786,0.2462483218342688,0.5330868905154972,0.6336633663366337,0.34531491809550297,0.3918308794567659,0.10396039603960396,0.3657142857142857,0.34251795814342995,0.37764025498826964,0.08,0.0,0.0,0.4228571428571429,14.794285714285714,0.0,0.0,0.040249459331881704,0.08436634914903716,3.3465346534653464,0.0,0.0,0.15,0.07920792079207921,0,0.1030729916936134,0.21359668871973142,0.4259639248460991,0.4665883974147841,0.0,0.0,0.0,0.2,0.0,0.3301200439560388,0.2,0.08,0.0,0.25,0.25
298,0.9791132087994571,0.5319032801276597,0.8687161041400724,0.5260552649931596,0.2462483218342688,0.5337647187580108,0.6237623762376238,0.34531491809550297,0.3918308794567659,0.10396039603960396,0.36,0.34251795814342995,0.37764025498826964,0.08,0.0,0.0,0.4228571428571429,14.808571428571428,0.0,0.0,0.040249459331881704,0.08436634914903716,3.3465346534653464,0.0,0.0,0.15,0.07920792079207921,0,0.1025576267351453,0.21252870527613277,0.4174446463491771,0.4572566294664884,0.0,0.0,0.0,0.2,0.0,0.3301200439560388,0.2,0.08,0.0,0.25,0.25
299,0.9802463998328027,0.530811036882869,0.8693701172507461,0.5255716629175736,0.2462483218342688,0.5344677502169102,0.6732673267326733,0.34531491809550297,0.3918308794567659,0.10396039603960396,0.38857142857142857,0.34251795814342995,0.37764025498826964,0.08,0.0,0.0,0.4228571428571429,14.822857142857142,0.0,0.0,0.040249459331881704,0.08436634914903716,3.3465346534653464,0.0,0.0,0.15,0.07920792079207921,0,0.1020448386014696,0.2114660617497521,0.4090957534221935,0.4481114968771586,0.0,0.0,0.0,0.2,0.0,0.3301200439560388,0.2,0.08,0.0,0.25,0.25
300,0.9789474695265737,0.5291955709822161,0.8686204489025796,0.5248277247174955,0.2462483218342688,0.5351408677797714,0.6782178217821783,0.34531491809550297,0.3918308794567659,0.10396039603960396,0.3914285714285714,0.34251795814342995,0.37764025498826964,0.08,0.0,0.0,0.4228571428571429,14.765714285714285,0.0,0.0,0.040249459331881704,0.08436634914903716,3.3465346534653464,0.0,0.0,0.15,0.07920792079207921,0,0.10153461440846225,0.21040873144100336,0.4009138383537496,0.4391492669396155,0.0,0.0,0.0,0.2,0.0,0.3301200439560388,0.2,0.08,0.0,0.25,0.25
301,0.9803191770808388,0.529228814612211,0.8694121201196127,0.5254429254624493,0.2462483218342688,0.535763558474228,0.6683168316831684,0.3451168982935228,0.3916823646052808,0.10396039603960396,0.38571428571428573,0.3424036724291442,0.3775545407025553,0.08,0.0049504950495049506,0.002857142857142857,0.4228571428571429,14.808571428571428,0.0,0.0,0.040249459331881704,0.08436634914903716,3.3465346534653464,0.0,0.0,0.15,0.07920792079207921,0,0.10145551276499139,0.20935668778379835,0.3957527044438175,0.45572448633885243,0.0,0.0,0.0,0.2,0.0,0.3301200439560388,0.2,0.08,0.0049504950495049506,0.25,0.25
302,0.978965868751532,0.5292283775639618,0.8686310678838415,0.525596907845832,0.2462483218342688,0.5363374803590019,0.6089108910891089,0.3451168982935228,0.3916823646052808,0.10396039603960396,0.3514285714285714,0.3424036724291442,0.3775545407025553,0.08,0.0,0.0,0.4228571428571429,14.802857142857142,0.0,0.0,0.040249459331881704,0.08436634914903716,3.3465346534653464,0.0,0.0,0.15,0.07920792079207921,0,0.1009482352011664,0.20830990434487937,0.3878376503549411,0.44660999661207534,0.0,0.0,0.0,0.2,0.0,0.3301200439560388,0.2,0.08,0.0,0.25,0.25
303,0.9790649489743628,0.5292402427664915,0.8686882513267323,0.525894985744301,0.2462483218342688,0.5367716754485382,0.6386138613861386,0.3451168982935228,0.3916823646052808,0.10396039603960396,0.36857142857142855,0.3424036724291442,0.3775545407025553,0.08,0.0,0.0,0.4228571428571429,14.774285714285714,0.0049504950495049506,0.0,0.040249459331881704,0.08436634914903716,3.3465346534653464,0.0,0.0,0.15,0.07920792079207921,0,0.10044349402516058,0.20726835482315498,0.3800808973478423,0.4376777966798338,0.0,0.0,0.0,0.2,0.0,0.3301200439560388,0.2,0.08,0.0,0.25,0.25
304,0.9789836896658022,0.5290571841409335,0.8686413530972202,0.5255061115675648,0.2462483218342688,0.5372047037430414,0.7722772277227723,0.3451168982935228,0.3916823646052808,0.10396039603960396,0.44571428571428573,0.3424036724291442,0.3775545407025553,0.08,0.0,0.0,0.4228571428571429,14.74,0.0,0.0,0.040249459331881704,0.08436634914903716,3.3465346534653464,0.0,0.0,0.15,0.07920792079207921,0,0.09994127655503478,0.2062320130490392,0.3724792794008855,0.4289242407462371,0.0,0.0,0.0,0.2,0.0,0.3301200439560388,0.2,0.08,0.0,0.25,0.25
305,0.9788383888587965,0.5284090230543792,0.8685574937743198,0.5252405390599268,0.2462483218342688,0.5376518666645994,0.7227722772277227,0.3451168982935228,0.3916823646052808,0.10396039603960396,0.41714285714285715,0.3424036724291442,0.3775545407025553,0.08,0.0,0.0,0.4228571428571429,14.737142857142857,0.0,0.0,0.040249459331881704,0.08436634914903716,3.3465346534653464,0.0,0.0,0.15,0.07920792079207921,0,0.0994415701722596,0.205200852983794,0.36502969381286776,0.42034575593131235,0.0,0.0,0.0,0.2,0.0,0.3301200439560388,0.2,0.08,0.0,0.25,0.25
306,0.9782745525078936,0.5281919753656988,0.8682320796517986,0.5251448865714528,0.2462483218342688,0.5379309389908559,0.7425742574257426,0.3451168982935228,0.3916823646052808,0.10396039603960396,0.42857142857142855,0.3424036724291442,0.3775545407025553,0.08,0.0,0.0,0.4228571428571429,14.774285714285714,0.0049504950495049506,0.0,0.040249459331881704,0.08436634914903716,3.3465346534653464,0.0,0.0,0.15,0.07920792079207921,0,0.0989443623213983,0.20417484871887503,0.3577290999366104,0.4119388408126861,0.0,0.0,0.0,0.2,0.0,0.3301200439560388,0.2,0.08,0.0,0.25,0.25
307,0.9788591658770779,0.5290065127992645,0.8685694850820135,0.5255942597522714,0.2462483218342688,0.5381472949378668,0.7524752475247525,0.3451168982935228,0.3916823646052808,0.10396039603960396,0.4342857142857143,0.3424036724291442,0.3775545407025553,0.08,0.0,0.0,0.4228571428571429,14.765714285714285,0.0,0.0,0.040249459331881704,0.08436634914903716,3.3465346534653464,0.0,0.0,0.15,0.07920792079207921,0,0.0984496405097913,0.20315397447528066,0.3505745179378782,0.4037000639964324,0.0,0.0,0.0,0.2,0.0,0.3301200439560388,0.2,0.08,0.0,0.25,0.25
308,0.9801861388365329,0.5293929491246673,0.8693353380471847,0.526167589263576,0.2462483218342688,0.538402728131611,0.7376237623762376,0.34491887849154257,0.3915338497537956,0.10396039603960396,0.4257142857142857,0.3422893867148585,0.3774688264168411,0.08,0.0049504950495049506,0.002857142857142857,0.4228571428571429,14.734285714285715,0.0,0.0,0.040249459331881704,0.08436634914903716,3.3465346534653464,0.0,0.0,0.15,0.07920792079207921,0,0.09838596373581375,0.20213820460290424,0.34642017043626344,0.4036241446905841,0.0,0.0,0.0,0.2,0.0,0.3301200439560388,0.2,0.08,0.0049504950495049506,0.25,0.25
309,0.9812975972765278,0.5296015266235646,0.869976808346839,0.5262626916319252,0.2462483218342688,0.5385663155780542,0.693069306930693,0.34491887849154257,0.3915338497537956,0.10396039603960396,0.4,0.3422893867148585,0.3774688264168411,0.08,0.0,0.0,0.4228571428571429,14.777142857142858,0.0,0.0,0.040249459331881704,0.08436634914903716,3.3465346534653464,0.0,0.0,0.15,0.07920792079207921,0,0.09789403391713469,0.20112751357988973,0.3394917670275382,0.3955516617967724,0.0,0.0,0.0,0.2,0.0,0.3301200439560388,0.2,0.08,0.0,0.25,0.25
310,0.9805424307153576,0.5296591368885533,0.8695409693601065,0.5262607123718662,0.2462483218342688,0.5388522740044884,0.7376237623762376,0.34491887849154257,0.3915338497537956,0.10396039603960396,0.4257142857142857,0.3422893867148585,0.3774688264168411,0.08,0.0,0.0,0.4228571428571429,14.791428571428572,0.0,0.0,0.040249459331881704,0.08436634914903716,3.3465346534653464,0.0,0.0,0.15,0.07920792079207921,0,0.09740456374754904,0.20012187601199027,0.3327019316869874,0.387640628560837,0.0,0.0,0.0,0.2,0.0,0.3301200439560388,0.2,0.08,0.0,0.25,0.25
311,0.9803206964861284,0.5295638757773579,0.8694129970335226,0.5257880531004392,0.2462483218342688,0.5391377341645188,0.6683168316831684,0.34491887849154257,0.3915338497537956,0.10396039603960396,0.38571428571428573,0.3422893867148585,0.3774688264168411,0.08,0.0,0.0,0.4228571428571429,14.8,0.0,0.0,0.040249459331881704,0.08436634914903716,3.3465346534653464,0.0,0.0,0.15,0.07920792079207921,0,0.09691754092881129,0.19912126663193033,0.32604789305324766,0.3798878159896202,0.0,0.0,0.0,0.2,0.0,0.3301200439560388,0.2,0.08,0.0,0.25,0.25
312,0.9794521555831129,0.5296835480464562,0.868911724855211,0.5253448652031887,0.2462483218342688,0.53936629009575,0.6782178217821783,0.34491887849154257,0.3915338497537956,0.10396039603960396,0.3914285714285714,0.3422893867148585,0.3774688264168411,0.08,0.0,0.0,0.4228571428571429,14.728571428571428,0.0,0.0,0.040249459331881704,0.08436634914903716,3.3465346534653464,0.0,0.0,0.15,0.07920792079207921,0,0.09643295322416721,0.19812566029877068,0.3195269351921827,0.37229005966982776,0.0,0.0,0.0,0.2,0.0,0.3301200439560388,0.2,0.08,0.0,0.25,0.25
313,0.9810764537809537,0.5304165665762041,0.8698491769579648,0.5258497806844245,0.2462483218342688,0.5397386601995287,0.7277227722772277,0.34491887849154257,0.3915338497537956,0.10396039603960396,0.42,0.3422893867148585,0.3774688264168411,0.08,0.0,0.0,0.4228571428571429,14.742857142857142,0.0,0.0,0.040249459331881704,0.08436634914903716,3.3465346534653464,0.0,0.0,0.15,0.07920792079207921,0,0.0959507884580464,0.19713503199727683,0.313136396488339,0.3648442584764312,0.0,0.0,0.0,0.2,0.0,0.3301200439560388,0.2,0.08,0.0,0.25,0.25
314,0.9813033539847824,0.5298389720094956,0.8699801307898887,0.5252549350222188,0.2462483218342688,0.5403035045390842,0.6881188118811881,0.34472085868956237,0.39138533490231053,0.10396039603960396,0.39714285714285713,0.34217510100057275,0.3773831121311268,0.08,0.0049504950495049506,0.002857142857142857,0.4228571428571429,14.74,0.0,0.0,0.040249459331881704,0.08436634914903716,3.3465346534653464,0.0,0.0,0.15,0.07920792079207921,0,0.09589960594432759,0.22970149051197397,0.309730811415715,0.3649611817791524,0.0,0.0,0.0,0.2,0.0,0.3301200439560388,0.2,0.08,0.0049504950495049506,0.25,0.25
315,0.9805390001848181,0.5292051369935832,0.8695389894539092,0.5247527925095166,0.2462483218342688,0.5407604903340023,0.7128712871287128,0.34472085868956237,0.39138533490231053,0.10396039603960396,0.4114285714285714,0.34217510100057275,0.3773831121311268,0.08,0.0,0.0,0.4228571428571429,14.711428571428572,0.0,0.0,0.040249459331881704,0.08436634914903716,3.3465346534653464,0.0,0.0,0.15,0.07920792079207921,0,0.09542010791460594,0.2285529830594141,0.30353619518740077,0.3576619581435693,0.0,0.0,0.0,0.2,0.0,0.3301200439560388,0.2,0.08,0.0,0.25,0.25
316,0.9795428915272075,0.5295465260962191,0.8689640924572314,0.5244763040812622,0.2462483218342688,0.5411442223048419,0.698019801980198,0.3445228388875822,0.39133283707670347,0.10396039603960396,0.40285714285714286,0.342060815286287,0.37735281338606214,0.08,0.0049504950495049506,0.002857142857142857,0.4228571428571429,14.697142857142858,0.0,0.0,0.040249459331881704,0.08436634914903716,3.3465346534653464,0.0,0.0,0.15,0.07920792079207921,0,0.09537157880360435,0.22741021814411702,0.3003226141407956,0.3638071699327578,0.0,0.0,0.0,0.2,0.0,0.3301200439560388,0.2,0.08,0.0049504950495049506,0.25,0.25
317,0.98008833943013,0.52951110652943,0.8692788938183464,0.5237942043852013,0.2462483218342688,0.541505504358079,0.7475247524752475,0.3445228388875822,0.39133283707670347,0.10396039603960396,0.43142857142857144,0.342060815286287,0.37735281338606214,0.08,0.0,0.0,0.4228571428571429,14.757142857142858,0.0049504950495049506,0.0,0.040249459331881704,0.08436634914903716,3.3465346534653464,0.0,0.0,0.15,0.07920792079207921,0,0.09489472090958632,0.22627316705339645,0.29431616185797965,0.3565310265341026,0.0,0.0,0.0,0.2,0.0,0.3301200439560388,0.2,0.08,0.0,0.25,0.25
318,0.9797329921043532,0.5307949582860042,0.8690738076474696,0.5248453936231774,0.2462483218342688,0.5420759154021071,0.7128712871287128,0.3445228388875822,0.39133283707670347,0.10396039603960396,0.4114285714285714,0.342060815286287,0.37735281338606214,0.08,0.0,0.0,0.4228571428571429,14.78,0.0,0.0,0.040249459331881704,0.08436634914903716,3.3465346534653464,0.0,0.0,0.15,0.07920792079207921,0,0.09442024730503842,0.22514180121812946,0.2884298386208201,0.3494004060034206,0.0,0.0,0.0,0.2,0.0,0.3301200439560388,0.2,0.08,0.0,0.25,0.25
319,0.981314981100528,0.5312037598922066,0.8699868412966903,0.524906307876696,0.2462483218342688,0.5426981334917789,0.6782178217821783,0.3445228388875822,0.39133283707670347,0.10396039603960396,0.3914285714285714,0.342060815286287,0.37735281338606214,0.08,0.0,0.0,0.4228571428571429,14.805714285714286,0.0,0.0,0.040249459331881704,0.08436634914903716,3.3465346534653464,0.0,0.0,0.15,0.07920792079207921,0,0.0939481460685132,0.2240160922120388,0.28266124184840374,0.34241239788335215,0.0,0.0,0.0,0.2,0.0,0.3301200439560388,0.2,0.08,0.0,0.25,0.25
320,0.9809368870594488,0.5333359458302234,0.8697686270215534,0.525592324524589,0.2462483218342688,0.5433716847258658,0.7376237623762376,0.34412679928362183,0.3910358073737331,0.10396039603960396,0.4257142857142857,0.3418322438577156,0.37718138481463354,0.08,0.009900990099009901,0.005714285714285714,0.4228571428571429,14.84,0.0,0.0,0.040249459331881704,0.08436634914903716,3.3465346534653464,0.0,0.0,0.15,0.07920792079207921,0,0.09433554819531348,0.2304558946277365,0.2827223027257213,0.3533846590402133,0.0,0.0,0.0,0.2,0.0,0.3301200439560388,0.2,0.08,0.009900990099009901,0.25,0.25
321,0.9799150019729791,0.5332110683336483,0.8691788533430767,0.5261157231190062,0.2462483218342688,0.5441442930628414,0.6831683168316832,0.34412679928362183,0.3910358073737331,0.10396039603960396,0.3942857142857143,0.3418322438577156,0.37718138481463354,0.08,0.0,0.0,0.4228571428571429,14.902857142857142,0.0049504950495049506,0.0,0.040249459331881704,0.08436634914903716,3.3465346534653464,0.0,0.0,0.15,0.07920792079207921,0,0.09386387045433693,0.2293036151545978,0.2770678566712069,0.3463169658594091,0.0,0.0,0.0,0.2,0.0,0.3301200439560388,0.2,0.08,0.0,0.25,0.25
322,0.979263981018726,0.532837779077064,0.868803121249479,0.5264488090489371,0.2462483218342688,0.5447307932980819,0.7178217821782178,0.34412679928362183,0.3910358073737331,0.10396039603960396,0.4142857142857143,0.3418322438577156,0.37718138481463354,0.08,0.0,0.0,0.4228571428571429,14.90857142857143,0.0,0.0,0.040249459331881704,0.08436634914903716,3.3465346534653464,0.0,0.0,0.15,0.07920792079207921,0,0.09339455110206525,0.22815709707882484,0.27152649953778274,0.3393906265422209,0.0,0.0,0.0,0.2,0.0,0.3301200439560388,0.2,0.08,0.0,0.25,0.25
323,0.9792101792511854,0.5332267821766908,0.8687720699436412,0.5266496674614533,0.2462483218342688,0.5453330742674094,0.7227722772277227,0.34412679928362183,0.3910358073737331,0.10396039603960396,0.41714285714285715,0.3418322438577156,0.37718138481463354,0.08,0.0,0.0,0.4228571428571429,14.954285714285714,0.0,0.0,0.040249459331881704,0.08436634914903716,3.3465346534653464,0.0,0.0,0.15,0.07920792079207921,0,0.09292757834655492,0.22701631159343072,0.2660959695470271,0.3326028140113765,0.0,0.0,0.0,0.2,0.0,0.3301200439560388,0.2,0.08,0.0,0.25,0.25
324,0.9789989406546714,0.5326301628002927,0.8686501550965104,0.5266070213715344,0.2462483218342688,0.5459150834063561,0.7029702970297029,0.34412679928362183,0.3910358073737331,0.10396039603960396,0.4057142857142857,0.3418322438577156,0.37718138481463354,0.08,0.0,0.0,0.4228571428571429,14.985714285714286,0.0,0.0,0.040249459331881704,0.08436634914903716,3.3465346534653464,0.0,0.0,0.15,0.07920792079207921,0,0.09246294045482215,0.22588123003546356,0.26077405015608657,0.32595075773114895,0.0,0.0,0.0,0.2,0.0,0.3301200439560388,0.2,0.08,0.0,0.25,0.25
325,0.9802085165285352,0.5320686663140333,0.8693482531722833,0.5260200957959993,0.2462483218342688,0.5464684805424065,0.6633663366336634,0.34412679928362183,0.3910358073737331,0.10396039603960396,0.38285714285714284,0.3418322438577156,0.37718138481463354,0.08,0.0,0.0,0.4228571428571429,14.962857142857143,0.0,0.0,0.040249459331881704,0.08436634914903716,3.3465346534653464,0.0,0.0,0.15,0.07920792079207921,0,0.09200062575254803,0.22475182388528625,0.2555585691529648,0.31943174257652596,0.0,0.0,0.0,0.2,0.0,0.3301200439560388,0.2,0.08,0.0,0.25,0.25
326,0.9806206744695749,0.5314051453376136,0.869586127183969,0.5258145582578293,0.2462483218342688,0.5469856544049537,0.6881188118811881,0.34412679928362183,0.3910358073737331,0.10396039603960396,0.39714285714285713,0.3418322438577156,0.37718138481463354,0.08,0.0,0.0,0.4228571428571429,14.914285714285715,0.0,0.0,0.040249459331881704,0.08436634914903716,3.3465346534653464,0.0,0.0,0.15,0.07920792079207921,0,0.09154062262378529,0.2236280647658598,0.2504473977699055,0.31304310772499544,0.0,0.0,0.0,0.2,0.0,0.3301200439560388,0.2,0.08,0.0,0.25,0.25
327,0.980570259820648,0.5318086742771203,0.8695570307294455,0.5265703147411719,0.2462483218342688,0.5474562954789203,0.6485148514851485,0.34392877948164163,0.39088729252224796,0.10396039603960396,0.3742857142857143,0.34171795814342987,0.37709567052891935,0.08,0.0049504950495049506,0.002857142857142857,0.4228571428571429,14.868571428571428,0.0,0.0,0.040249459331881704,0.08436634914903716,3.3465346534653464,0.0,0.0,0.15,0.07920792079207921,0,0.09151149093923777,0.2225099244420305,0.24829559267165024,0.32941489308004884,0.0,0.0,0.0,0.2,0.0,0.3301200439560388,0.2,0.08,0.0049504950495049506,0.25,0.25
328,0.9797312242455036,0.530961112890255,0.8690727873403622,0.5262543395551605,0.2462483218342688,0.547709382328057,0.7178217821782178,0.34392877948164163,0.39088729252224796,0.10396039603960396,0.4142857142857143,0.34171795814342987,0.37709567052891935,0.08,0.0,0.0,0.4228571428571429,14.857142857142858,0.0,0.0,0.040249459331881704,0.08436634914903716,3.3465346534653464,0.0,0.0,0.15,0.07920792079207921,0,0.0910539334845416,0.22139737481982036,0.24332968081821726,0.3228265952184479,0.0,0.0,0.0,0.2,0.0,0.3301200439560388,0.2,0.08,0.0,0.25,0.25
329,0.9803112389810341,0.5320113886574888,0.869407538702011,0.526209640815101,0.2462483218342688,0.5479356169690477,0.6732673267326733,0.34392877948164163,0.39088729252224796,0.10396039603960396,0.38857142857142857,0.34171795814342987,0.37709567052891935,0.08,0.0,0.0,0.4228571428571429,14.86,0.0,0.0,0.040249459331881704,0.08436634914903716,3.3465346534653464,0.0,0.0,0.15,0.07920792079207921,0,0.09059866381711888,0.22029038794572126,0.23846308720185289,0.3163700633140789,0.0,0.0,0.0,0.2,0.0,0.3301200439560388,0.2,0.08,0.0,0.25,0.25
330,0.9795988493365382,0.5323426646655578,0.8689963881071877,0.52625658607402,0.2462483218342688,0.5480797233557446,0.6782178217821783,0.34392877948164163,0.39088729252224796,0.10396039603960396,0.3914285714285714,0.34171795814342987,0.37709567052891935,0.08,0.0,0.0,0.4228571428571429,14.831428571428571,0.0,0.0,0.040249459331881704,0.08436634914903716,3.3465346534653464,0.0,0.0,0.15,0.07920792079207921,0,0.09014567049803329,0.21918893600599265,0.23369382545781583,0.31004266204779735,0.0,0.0,0.0,0.2,0.0,0.3301200439560388,0.2,0.08,0.0,0.25,0.25
331,0.9808529039765967,0.5334916191492053,0.8697201567851647,0.5270054264122132,0.2462483218342688,0.5481527450803798,0.6881188118811881,0.34392877948164163,0.39088729252224796,0.10396039603960396,0.39714285714285713,0.34171795814342987,0.37709567052891935,0.08,0.0,0.0,0.4228571428571429,14.785714285714286,0.0,0.0,0.040249459331881704,0.08436634914903716,3.3465346534653464,0.0,0.0,0.15,0.07920792079207921,0,0.08969494214554313,0.21809299132596266,0.2290199489486595,0.3038418088068414,0.0,0.0,0.0,0.2,0.0,0.3301200439560388,0.2,0.08,0.0,0.25,0.25
332,0.9804478055036199,0.5342515266080342,0.8694863570950464,0.5264660630364963,0.2462483218342688,0.5482618237081058,0.7227722772277227,0.34392877948164163,0.39088729252224796,0.10396039603960396,0.41714285714285715,0.34171795814342987,0.37709567052891935,0.08,0.0,0.0,0.4228571428571429,14.717142857142857,0.0,0.0,0.040249459331881704,0.08436634914903716,3.3465346534653464,0.0,0.0,0.15,0.07920792079207921,0,0.08924646743481542,0.21700252636933284,0.2244395499696863,0.29776497263070456,0.0,0.0,0.0,0.2,0.0,0.3301200439560388,0.2,0.08,0.0,0.25,0.25
333,0.9814120345643498,0.5326728887010719,0.8700428550100963,0.5254461000730736,0.2462483218342688,0.5482315102481339,0.7821782178217822,0.34392877948164163,0.39088729252224796,0.10396039603960396,0.4514285714285714,0.34171795814342987,0.37709567052891935,0.08,0.0,0.0,0.4228571428571429,14.68,0.0,0.0,0.040249459331881704,0.08436634914903716,3.3465346534653464,0.0,0.0,0.15,0.07920792079207921,0,0.08880023509764134,0.21591751373748616,0.2199507589702926,0.2918096731780905,0.0,0.0,0.0,0.2,0.0,0.3301200439560388,0.2,0.08,0.0,0.25,0.25
334,0.9820881655010706,0.5335292120600995,0.8704330791507179,0.5257165270063167,0.2462483218342688,0.5480386719538496,0.7029702970297029,0.34392877948164163,0.39088729252224796,0.10396039603960396,0.4057142857142857,0.34171795814342987,0.37709567052891935,0.08,0.0,0.0,0.4228571428571429,14.691428571428572,0.0,0.0,0.040249459331881704,0.08436634914903716,3.3465346534653464,0.0,0.0,0.15,0.07920792079207921,0,0.08835623392215312,0.21483792616879874,0.21555174379088668,0.28597347971452863,0.0,0.0,0.0,0.2,0.0,0.3301200439560388,0.2,0.08,0.0,0.25,0.25
335,0.9831194795666442,0.5325697318337439,0.8710282946971347,0.5253916264538557,0.2462483218342688,0.5479870986432525,0.7376237623762376,0.34373075967966144,0.3907387776707628,0.10396039603960396,0.4257142857142857,0.3416036724291442,0.37700995624320494,0.08,0.0049504950495049506,0.002857142857142857,0.4228571428571429,14.74,0.0,0.0,0.040249459331881704,0.08436634914903716,3.3465346534653464,0.0,0.0,0.15,0.07920792079207921,0,0.08834302418111378,0.21376373653795475,0.2140978517722118,0.2830161335121662,0.0,0.0,0.0,0.2,0.0,0.3301200439560388,0.2,0.08,0.0049504950495049506,0.25,0.25
336,0.9851129546832307,0.5326431479891253,0.8721788146215645,0.5252961803690588,0.2462483218342688,0.5478695158044644,0.7029702970297029,0.3435327398776812,0.39059026281927767,0.10396039603960396,0.4057142857142857,0.34148938671485846,0.37692424195749075,0.08,0.0049504950495049506,0.002857142857142857,0.4228571428571429,14.757142857142858,0.0,0.0,0.040249459331881704,0.08436634914903716,3.3465346534653464,0.0,0.0,0.15,0.07920792079207921,0,0.08832988048877966,0.21269491785526495,0.21267303759391049,0.28951772967152334,0.0,0.0,0.0,0.2,0.0,0.3301200439560388,0.2,0.08,0.0049504950495049506,0.25,0.25
337,0.9840711028568696,0.5328451171960565,0.871577517281779,0.5251329700080225,0.2462483218342688,0.5477489063314261,0.7722772277227723,0.3435327398776812,0.39059026281927767,0.10396039603960396,0.44571428571428573,0.34148938671485846,0.37692424195749075,0.08,0.0,0.0,0.4228571428571429,14.782857142857143,0.0,0.0,0.040249459331881704,0.08436634914903716,3.3465346534653464,0.0,0.0,0.15,0.07920792079207921,0,0.08788823108633576,0.21163144326598862,0.20841957684203224,0.2837273750780928,0.0,0.0,0.0,0.2,0.0,0.3301200439560388,0.2,0.08,0.0,0.25,0.25
338,0.983856183414182,0.5334939600614244,0.8714534780605709,0.525045365052719,0.2462483218342688,0.5475697034877589,0.7178217821782178,0.3435327398776812,0.39059026281927767,0.10396039603960396,0.4142857142857143,0.34148938671485846,0.37692424195749075,0.08,0.0,0.0,0.4228571428571429,14.762857142857143,0.0,0.0,0.040249459331881704,0.08436634914903716,3.3465346534653464,0.0,0.0,0.15,0.07920792079207921,0,0.08744878993090408,0.2105732860496587,0.20425118530519154,0.278052827576531,0.0,0.0,0.0,0.2,0.0,0.3301200439560388,0.2,0.08,0.0,0.25,0.25
339,0.9847052818261535,0.5348052261510632,0.8719435291440514,0.5260214761832034,0.2462483218342688,0.5475495579375658,0.7029702970297029,0.3435327398776812,0.39059026281927767,0.10396039603960396,0.4057142857142857,0.34148938671485846,0.37692424195749075,0.08,0.0,0.0,0.4228571428571429,14.748571428571429,0.0,0.0,0.040249459331881704,0.08436634914903716,3.3465346534653464,0.0,0.0,0.15,0.07920792079207921,0,0.08701154598124956,0.2095204196194104,0.2001661615990878,0.27249177102500033,0.0,0.0,0.0,0.2,0.0,0.3301200439560388,0.2,0.08,0.0,0.25,0.25
340,0.9840160424345124,0.5347968108085293,0.8715457395523043,0.5265300742449308,0.2462483218342688,0.5476857728921245,0.7079207920792079,0.3435327398776812,0.39059026281927767,0.10396039603960396,0.4085714285714286,0.34148938671485846,0.37692424195749075,0.08,0.0,0.0,0.4228571428571429,14.782857142857143,0.0049504950495049506,0.0,0.040249459331881704,0.08436634914903716,3.3465346534653464,0.0,0.0,0.15,0.07920792079207921,0,0.08657648825134331,0.20847281752131333,0.196162838367106,0.2670419356045003,0.0,0.0,0.0,0.2,0.0,0.3301200439560388,0.2,0.08,0.0,0.25,0.25
341,0.9836078692974682,0.5350352009929412,0.8713101653417819,0.5261038441393507,0.2462483218342688,0.5478267382854611,0.6534653465346535,0.3435327398776812,0.39059026281927767,0.10396039603960396,0.37714285714285717,0.34148938671485846,0.37692424195749075,0.08,0.0,0.0,0.4228571428571429,14.802857142857142,0.0,0.0,0.040249459331881704,0.08436634914903716,3.3465346534653464,0.0,0.0,0.15,0.07920792079207921,0,0.0861436058100866,0.20743045343370678,0.1922395815997639,0.26170109689241033,0.0,0.0,0.0,0.2,0.0,0.3301200439560388,0.2,0.08,0.0,0.25,0.25
342,0.9819569076703094,0.5339772171095576,0.87035732463125,0.525242177501398,0.2462483218342688,0.5479429257360195,0.693069306930693,0.3435327398776812,0.39059026281927767,0.10396039603960396,0.4,0.34148938671485846,0.37692424195749075,0.08,0.0,0.0,0.4228571428571429,14.805714285714286,0.0,0.0,0.040249459331881704,0.08436634914903716,3.3465346534653464,0.0,0.0,0.15,0.07920792079207921,0,0.08571288778103615,0.20639330116653823,0.18839478996776865,0.2564670749545621,0.0,0.0,0.0,0.2,0.0,0.3301200439560388,0.2,0.08,0.0,0.25,0.25
343,0.9806399489874239,0.534517229478121,0.8695972513342703,0.5257704914169591,0.2462483218342688,0.547711770085378,0.6831683168316832,0.3435327398776812,0.39059026281927767,0.10396039603960396,0.3942857142857143,0.34148938671485846,0.37692424195749075,0.08,0.0,0.0,0.4228571428571429,14.805714285714286,0.0,0.0,0.040249459331881704,0.08436634914903716,3.3465346534653464,0.0,0.0,0.15,0.07920792079207921,0,0.08528432334213097,0.20536133466070555,0.1846268941684132,0.25133773345547084,0.0,0.0,0.0,0.2,0.0,0.3301200439560388,0.2,0.08,0.0,0.25,0.25
344,0.9815899038917696,0.5341210638230441,0.8701455110219213,0.524937151470984,0.2462483218342688,0.5474381071716372,0.6584158415841584,0.34333472007570104,0.3904417479677925,0.10396039603960396,0.38,0.3413751010005728,0.3768385276717764,0.08,0.0049504950495049506,0.002857142857142857,0.4228571428571429,14.871428571428572,0.0,0.0,0.040249459331881704,0.08436634914903716,3.3465346534653464,0.0,0.0,0.15,0.07920792079207921,0,0.08528647315399175,0.2185492869002468,0.1837914991421878,0.2746740810142569,0.0,0.0,0.0,0.2,0.0,0.3301200439560388,0.2,0.08,0.0049504950495049506,0.25,0.25
345,0.9815043286535485,0.5351315855909857,0.8700961218844336,0.5255222089994928,0.2462483218342688,0.5472296157200605,0.7574257425742574,0.34333472007570104,0.3904417479677925,0.10396039603960396,0.43714285714285717,0.3413751010005728,0.3768385276717764,0.08,0.0,0.0,0.4228571428571429,14.885714285714286,0.0,0.0,0.040249459331881704,0.08436634914903716,3.3465346534653464,0.0,0.0,0.15,0.07920792079207921,0,0.08486004078822179,0.21745654046574556,0.18011566915934404,0.26918059939397176,0.0,0.0,0.0,0.2,0.0,0.3301200439560388,0.2,0.08,0.0,0.25,0.25
346,0.9792456570113414,0.5349134183790425,0.8687925456795028,0.5247335616003288,0.2462483218342688,0.5472955372047247,0.6683168316831684,0.34333472007570104,0.3904417479677925,0.10396039603960396,0.38571428571428573,0.3413751010005728,0.3768385276717764,0.08,0.0,0.0,0.4228571428571429,14.905714285714286,0.0,0.0,0.040249459331881704,0.08436634914903716,3.3465346534653464,0.0,0.0,0.15,0.07920792079207921,0,0.08443574058428069,0.2163692577634168,0.1765133557761572,0.2637969874060923,0.0,0.0,0.0,0.2,0.0,0.3301200439560388,0.2,0.08,0.0,0.25,0.25
347,0.9793046492009266,0.5349680335296605,0.8688265926003492,0.5244751126622571,0.2462483218342688,0.5476749902640657,0.6485148514851485,0.34333472007570104,0.3904417479677925,0.10396039603960396,0.3742857142857143,0.3413751010005728,0.3768385276717764,0.08,0.0,0.0,0.4228571428571429,14.93142857142857,0.0,0.0,0.040249459331881704,0.08436634914903716,3.3465346534653464,0.0,0.0,0.15,0.07920792079207921,0,0.08401356188135928,0.21528741147459973,0.17298308866063405,0.25852104765797046,0.0,0.0,0.0,0.2,0.0,0.3301200439560388,0.2,0.08,0.0,0.25,0.25
348,0.9780145846114155,0.535613351046628,0.8680820410372598,0.5246250528317153,0.2462483218342688,0.5481244320449961,0.6435643564356436,0.3431367002737208,0.39029323311630737,0.10396039603960396,0.37142857142857144,0.34126081528628704,0.3767528133860622,0.08,0.0049504950495049506,0.002857142857142857,0.4228571428571429,14.96,0.0,0.0,0.040249459331881704,0.08436634914903716,3.3465346534653464,0.0,0.0,0.15,0.07920792079207921,0,0.08402206550052392,0.21421097441722672,0.1723805697445642,0.2602433012157665,0.0,0.0,0.0,0.2,0.0,0.3301200439560388,0.2,0.08,0.0049504950495049506,0.25,0.25
349,0.9798543331707938,0.534753390236265,0.8691438387772439,0.524388864202588,0.2462483218342688,0.5486424426252857,0.6831683168316832,0.3431367002737208,0.39029323311630737,0.10396039603960396,0.3942857142857143,0.34126081528628704,0.3767528133860622,0.08,0.0,0.0,0.4228571428571429,14.954285714285714,0.0,0.0,0.040249459331881704,0.08436634914903716,3.3465346534653464,0.0,0.0,0.15,0.07920792079207921,0,0.08360195517302128,0.21313991954514058,0.16893295834967295,0.25503843519145114,0.0,0.0,0.0,0.2,0.0,0.3301200439560388,0.2,0.08,0.0,0.25,0.25
350,0.9793238961703649,0.5341594579369902,0.868837700851282,0.5242811522990855,0.2462483218342688,0.5492707688135828,0.6633663366336634,0.3431367002737208,0.39029323311630737,0.10396039603960396,0.38285714285714284,0.34126081528628704,0.3767528133860622,0.08,0.0,0.0,0.4228571428571429,14.957142857142857,0.0,0.0,0.040249459331881704,0.08436634914903716,3.3465346534653464,0.0,0.0,0.15,0.07920792079207921,0,0.08318394539715618,0.21207421994741488,0.16555429918267947,0.24993766648762214,0.0,0.0,0.0,0.2,0.0,0.3301200439560388,0.2,0.08,0.0,0.25,0.25
351,0.9790240523453809,0.5333698813618517,0.8686646481294342,0.5237645268358163,0.2462483218342688,0.5498058128800914,0.6287128712871287,0.3431367002737208,0.39029323311630737,0.10396039603960396,0.3628571428571429,0.34126081528628704,0.3767528133860622,0.08,0.0,0.0,0.4228571428571429,14.928571428571429,0.0,0.0,0.040249459331881704,0.08436634914903716,3.3465346534653464,0.0,0.0,0.15,0.07920792079207921,0,0.08276802567017041,0.21101384884767782,0.16224321319902588,0.2449389131578697,0.0,0.0,0.0,0.2,0.0,0.3301200439560388,0.2,0.08,0.0,0.25,0.25
352,0.9787190473200708,0.5325716784174379,0.8684886166576838,0.5226204738415282,0.2462483218342688,0.5500592031097951,0.6782178217821783,0.3431367002737208,0.39029323311630737,0.10396039603960396,0.3914285714285714,0.34126081528628704,0.3767528133860622,0.08,0.0,0.0,0.4228571428571429,14.871428571428572,0.0,0.0,0.040249459331881704,0.08436634914903716,3.3465346534653464,0.0,0.0,0.15,0.07920792079207921,0,0.08235418554181953,0.2099587796034394,0.15899834893504533,0.24004013489471226,0.0,0.0,0.0,0.2,0.0,0.3301200439560388,0.2,0.08,0.0,0.25,0.25
353,0.9783067997835219,0.5323707333127605,0.8682506909365899,0.5223511152891414,0.2462483218342688,0.5502041378862643,0.6732673267326733,0.34293868047174064,0.3901447182648223,0.10396039603960396,0.38857142857142857,0.3411465295720013,0.3766670991003478,0.08,0.0049504950495049506,0.002857142857142857,0.4228571428571429,14.822857142857142,0.0,0.0,0.040249459331881704,0.08436634914903716,3.3465346534653464,0.0,0.0,0.15,0.07920792079207921,0,0.08237098604268188,0.2089089857054222,0.1586755248134873,0.251159799987036,0.0,0.0,0.0,0.2,0.0,0.3301200439560388,0.2,0.08,0.0049504950495049506,0.25,0.25
354,0.9766499765926636,0.5332790598174982,0.8672944672664373,0.5228517525637607,0.2462483218342688,0.5503133565762591,0.7376237623762376,0.34293868047174064,0.3901447182648223,0.10396039603960396,0.4257142857142857,0.3411465295720013,0.3766670991003478,0.08,0.0,0.0,0.4228571428571429,14.777142857142858,0.0,0.0,0.040249459331881704,0.08436634914903716,3.3465346534653464,0.0,0.0,0.15,0.07920792079207921,0,0.08195913111246847,0.2078644407768951,0.15550201431721755,0.24613660398729528,0.0,0.0,0.0,0.2,0.0,0.3301200439560388,0.2,0.08,0.0,0.25,0.25
355,0.977785576389616,0.5338738777819109,0.8679498705778212,0.5232085045960471,0.2462483218342688,0.5503777981585575,0.6732673267326733,0.34293868047174064,0.3901447182648223,0.10396039603960396,0.38857142857142857,0.3411465295720013,0.3766670991003478,0.08,0.0,0.0,0.4228571428571429,14.788571428571428,0.0,0.0,0.040249459331881704,0.08436634914903716,3.3465346534653464,0.0,0.0,0.15,0.07920792079207921,0,0.08154933545690612,0.2068251185730106,0.15239197403087318,0.24121387190754934,0.0,0.0,0.0,0.2,0.0,0.3301200439560388,0.2,0.08,0.0,0.25,0.25
356,0.9771247270071797,0.5345478723964863,0.8675684660771009,0.5238296772662463,0.2462483218342688,0.5504613824596386,0.7178217821782178,0.34293868047174064,0.3901447182648223,0.10396039603960396,0.4142857142857143,0.3411465295720013,0.3766670991003478,0.08,0.0,0.0,0.4228571428571429,14.782857142857143,0.0,0.0,0.040249459331881704,0.08436634914903716,3.3465346534653464,0.0,0.0,0.15,0.07920792079207921,0,0.08114158877962159,0.20579099298014555,0.14934413455025572,0.23638959446939836,0.0,0.0,0.0,0.2,0.0,0.3301200439560388,0.2,0.08,0.0,0.25,0.25
357,0.9751999519831246,0.5345640131163499,0.8664575959203606,0.5238178126700994,0.2462483218342688,0.5507129601501007,0.693069306930693,0.3427406606697605,0.38999620341333713,0.10396039603960396,0.4,0.3410322438577156,0.3765813848146336,0.08,0.0049504950495049506,0.002857142857142857,0.4228571428571429,14.794285714285714,0.0,0.0,0.040249459331881704,0.08436634914903716,3.3465346534653464,0.0,0.0,0.15,0.07920792079207921,0,0.08116445226429492,0.20476203801524484,0.14921439471639344,0.23546015564886494,0.0,0.0,0.0,0.2,0.0,0.3301200439560388,0.2,0.08,0.0049504950495049506,0.25,0.25
358,0.9750355047026983,0.535124982140411,0.866362686347086,0.5239973150132209,0.2462483218342688,0.551034331708566,0.7079207920792079,0.3427406606697605,0.38999620341333713,0.10396039603960396,0.4085714285714286,0.3410322438577156,0.3765813848146336,0.08,0.0,0.0,0.4228571428571429,14.8,0.0,0.0,0.040249459331881704,0.08436634914903716,3.3465346534653464,0.0,0.0,0.15,0.07920792079207921,0,0.08075863000297345,0.20373822782516862,0.14623010682206558,0.23075095253588765,0.0,0.0,0.0,0.2,0.0,0.3301200439560388,0.2,0.08,0.0,0.25,0.25
359,0.9769339960351706,0.5352851311809896,0.8674583870589699,0.524042680352185,0.2462483218342688,0.5514390855997416,0.6683168316831684,0.3427406606697605,0.38999620341333713,0.10396039603960396,0.38571428571428573,0.3410322438577156,0.3765813848146336,0.08,0.0,0.0,0.4228571428571429,14.817142857142857,0.0,0.0,0.040249459331881704,0.08436634914903716,3.3465346534653464,0.0,0.0,0.15,0.07920792079207921,0,0.08035483685295858,0.20271953668604278,0.14330550468562425,0.2261359334851699,0.0,0.0,0.0,0.2,0.0,0.3301200439560388,0.2,0.08,0.0,0.25,0.25
360,0.9776174330426479,0.5352735307664864,0.8678528278461426,0.5241419862202826,0.2462483218342688,0.5519736123563694,0.7475247524752475,0.3427406606697605,0.38999620341333713,0.10396039603960396,0.43142857142857144,0.3410322438577156,0.3765813848146336,0.08,0.0,0.0,0.4228571428571429,14.8,0.0,0.0,0.040249459331881704,0.08436634914903716,3.3465346534653464,0.0,0.0,0.15,0.07920792079207921,0,0.07995306266869377,0.20170593900261255,0.14043939459191176,0.22161321481546647,0.0,0.0,0.0,0.2,0.0,0.3301200439560388,0.2,0.08,0.0,0.25,0.25
361,0.9795723616891414,0.5356697582189334,0.8689811009506904,0.5242282349086413,0.2462483218342688,0.5523803121750483,0.698019801980198,0.3427406606697605,0.38999620341333713,0.10396039603960396,0.40285714285714286,0.3410322438577156,0.3765813848146336,0.08,0.0,0.0,0.4228571428571429,14.854285714285714,0.0,0.0,0.040249459331881704,0.08436634914903716,3.3465346534653464,0.0,0.0,0.15,0.07920792079207921,0,0.07955329735535031,0.2006974093075995,0.13763060670007354,0.21718095051915715,0.0,0.0,0.0,0.2,0.0,0.3301200439560388,0.2,0.08,0.0,0.25,0.25
362,0.9790594928148547,0.5362021380834591,0.8686851023432447,0.5244043283230861,0.2462483218342688,0.552827953697797,0.6336633663366337,0.34254264086778025,0.389847688561852,0.10396039603960396,0.3657142857142857,0.3409179581434299,0.37649567052891925,0.08,0.0049504950495049506,0.002857142857142857,0.4228571428571429,14.837142857142856,0.0,0.0,0.040249459331881704,0.08436634914903716,3.3465346534653464,0.0,0.0,0.15,0.07920792079207921,0,0.079584102297145,0.22158313374757202,0.13773513742321492,0.212837331508774,0.0,0.0,0.0,0.2,0.0,0.3301200439560388,0.2,0.08,0.0049504950495049506,0.25,0.25
363,0.978122747654111,0.5369550930449388,0.8681444665647585,0.5246730602381879,0.2462483218342688,0.5532837197908798,0.6683168316831684,0.34254264086778025,0.389847688561852,0.10396039603960396,0.38571428571428573,0.3409179581434299,0.37649567052891925,0.08,0.0,0.0,0.4228571428571429,14.837142857142856,0.0,0.0,0.040249459331881704,0.08436634914903716,3.3465346534653464,0.0,0.0,0.15,0.07920792079207921,0,0.07918618178565927,0.22047521807883416,0.13498043467475065,0.2085805848785985,0.0,0.0,0.0,0.2,0.0,0.3301200439560388,0.2,0.08,0.0,0.25,0.25
364,0.9779771464788612,0.5358380975184817,0.8680604338864714,0.524046401817538,0.2462483218342688,0.553639521966821,0.7128712871287128,0.34254264086778025,0.389847688561852,0.10396039603960396,0.4114285714285714,0.3409179581434299,0.37649567052891925,0.08,0.0,0.0,0.4228571428571429,14.834285714285715,0.0,0.0,0.040249459331881704,0.08436634914903716,3.3465346534653464,0.0,0.0,0.15,0.07920792079207921,0,0.07879025087673097,0.21937284198844,0.13228082598125562,0.20440897318102655,0.0,0.0,0.0,0.2,0.0,0.3301200439560388,0.2,0.08,0.0,0.25,0.25
365,0.9780502944987826,0.5355974871059407,0.8681026507436832,0.5236006109057356,0.2462483218342688,0.5540329448414636,0.6831683168316832,0.34254264086778025,0.389847688561852,0.10396039603960396,0.3942857142857143,0.3409179581434299,0.37649567052891925,0.08,0.0,0.0,0.4228571428571429,14.851428571428572,0.0,0.0,0.040249459331881704,0.08436634914903716,3.3465346534653464,0.0,0.0,0.15,0.07920792079207921,0,0.07839629962234732,0.21827597777849783,0.1296352094616305,0.20032079371740602,0.0,0.0,0.0,0.2,0.0,0.3301200439560388,0.2,0.08,0.0,0.25,0.25
366,0.9774587589499126,0.5365490755839236,0.8677612502269069,0.5245689936903564,0.2462483218342688,0.5542654055796505,0.698019801980198,0.34254264086778025,0.389847688561852,0.10396039603960396,0.40285714285714286,0.3409179581434299,0.37649567052891925,0.08,0.0,0.0,0.4228571428571429,14.88,0.0,0.0,0.040249459331881704,0.08436634914903716,3.3465346534653464,0.0,0.0,0.15,0.07920792079207921,0,0.07800431812423558,0.2171845978896053,0.12704250527239788,0.19631437784305789,0.0,0.0,0.0,0.2,0.0,0.3301200439560388,0.2,0.08,0.0,0.25,0.25
367,0.9783672677131522,0.5367092298663748,0.8682855895702623,0.5246907959912833,0.2462483218342688,0.5545607477209571,0.6881188118811881,0.34254264086778025,0.389847688561852,0.10396039603960396,0.39714285714285713,0.3409179581434299,0.37649567052891925,0.08,0.0,0.0,0.4228571428571429,14.84,0.0,0.0,0.040249459331881704,0.08436634914903716,3.3465346534653464,0.0,0.0,0.15,0.07920792079207921,0,0.0776142965336144,0.2160986749001573,0.12450165516694994,0.19238809028619674,0.0,0.0,0.0,0.2,0.0,0.3301200439560388,0.2,0.08,0.0,0.25,0.25
368,0.9792626854521801,0.53825306080991,0.8688023735225012,0.5254698110595203,0.2462483218342688,0.5548153520019362,0.7079207920792079,0.3419485814618397,0.3894021440073966,0.10396039603960396,0.4085714285714286,0.34057510100057276,0.37623852767177646,0.08,0.01485148514851485,0.008571428571428572,0.4228571428571429,14.877142857142857,0.0,0.0,0.040249459331881704,0.08436634914903716,3.3465346534653464,0.0,0.0,0.15,0.07920792079207921,0,0.07851193933666062,0.21830296792569723,0.1305830506350395,0.20823542194872685,0.0,0.0,0.0,0.2,0.0,0.3301200439560388,0.2,0.08,0.01485148514851485,0.25,0.25
369,0.981112645962421,0.537776063931782,0.8698700650169829,0.5253122376997488,0.2462483218342688,0.5550569151805091,0.6782178217821783,0.3419485814618397,0.3894021440073966,0.10396039603960396,0.3914285714285714,0.34057510100057276,0.37623852767177646,0.08,0.0,0.0,0.4228571428571429,14.888571428571428,0.0,0.0,0.040249459331881704,0.08436634914903716,3.3465346534653464,0.0,0.0,0.15,0.07920792079207921,0,0.07811937963997731,0.21721145308606873,0.1279713896223387,0.2040707135097523,0.0,0.0,0.0,0.2,0.0,0.3301200439560388,0.2,0.08,0.0,0.25,0.25
370,0.9805492779526276,0.5389364538890232,0.869544921194188,0.5262598184242847,0.2462483218342688,0.5553313242361054,0.698019801980198,0.34175056165985945,0.38925362915591144,0.10396039603960396,0.40285714285714286,0.3404608152862871,0.37615281338606205,0.08,0.0049504950495049506,0.002857142857142857,0.4228571428571429,14.897142857142857,0.0,0.0,0.040249459331881704,0.08436634914903716,3.3465346534653464,0.0,0.0,0.15,0.07920792079207921,0,0.07815735417034886,0.2161253958206384,0.12826910468703476,0.20439008471177367,0.0,0.0,0.0,0.2,0.0,0.3301200439560388,0.2,0.08,0.0049504950495049506,0.25,0.25
371,0.9794939562442835,0.5400962294088217,0.8689358498082292,0.5273378652118866,0.2462483218342688,0.5555184538802138,0.7326732673267327,0.34155254185787925,0.3891051143044263,0.10396039603960396,0.4228571428571429,0.34034652957200134,0.37606709910034786,0.08,0.0049504950495049506,0.002857142857142857,0.4228571428571429,14.911428571428571,0.0,0.0,0.040249459331881704,0.08436634914903716,3.3465346534653464,0.0,0.0,0.15,0.07920792079207921,0,0.07819513882806853,0.2150447688415352,0.12856086545043696,0.21653834267990343,0.0,0.0,0.0,0.2,0.0,0.3301200439560388,0.2,0.08,0.0049504950495049506,0.25,0.25
372,0.9798850278816954,0.539455007822296,0.8691615540103927,0.5270157129654627,0.2462483218342688,0.55569468941773,0.7227722772277227,0.3413545220558991,0.3889565994529411,0.10396039603960396,0.41714285714285715,0.3402322438577156,0.3759813848146335,0.08,0.0049504950495049506,0.002857142857142857,0.4228571428571429,14.9,0.0,0.0,0.040249459331881704,0.08436634914903716,3.3465346534653464,0.0,0.0,0.15,0.07920792079207921,0,0.07823273456249963,0.21396954499732754,0.12884679099857105,0.2173579794800744,0.0,0.0,0.0,0.2,0.0,0.3301200439560388,0.2,0.08,0.0049504950495049506,0.25,0.25
373,0.9798956284335187,0.5399456951252477,0.8691676720431594,0.5271257273594507,0.2462483218342688,0.5557835059297493,0.6782178217821783,0.34115650225391886,0.38880808460145594,0.10396039603960396,0.3914285714285714,0.34011795814342993,0.3758956705289193,0.08,0.0049504950495049506,0.002857142857142857,0.4228571428571429,14.905714285714286,0.0,0.0,0.040249459331881704,0.08436634914903716,3.3465346534653464,0.0,0.0,0.15,0.07920792079207921,0,0.07827014231825855,0.21592382541942276,0.12912699803574249,0.2338473670389844,0.0,0.0,0.0,0.2,0.0,0.3301200439560388,0.2,0.08,0.0049504950495049506,0.25,0.25
374,0.979086525296049,0.5397275045236292,0.868700703946677,0.5272649263755327,0.2462483218342688,0.5559294482131554,0.7178217821782178,0.34095848245193866,0.3886595697499708,0.10396039603960396,0.4142857142857143,0.3400036724291442,0.3758099562432049,0.08,0.0049504950495049506,0.002857142857142857,0.4228571428571429,14.92,0.0,0.0,0.040249459331881704,0.08436634914903716,3.3465346534653464,0.0,0.0,0.15,0.07920792079207921,0,0.07830736303523868,0.21484420629232567,0.1294016009321705,0.23446133405646197,0.0,0.0,0.0,0.2,0.0,0.3301200439560388,0.2,0.08,0.0049504950495049506,0.25,0.25
375,0.9789039188064452,0.5397895289093302,0.868595313915534,0.5277454601759802,0.2462483218342688,0.556202023369657,0.7079207920792079,0.34095848245193866,0.3886595697499708,0.10396039603960396,0.4085714285714286,0.3400036724291442,0.3758099562432049,0.08,0.0,0.0,0.4228571428571429,14.905714285714286,0.0,0.0,0.040249459331881704,0.08436634914903716,3.3465346534653464,0.0,0.0,0.15,0.07920792079207921,0,0.07791582622006249,0.21376998526086402,0.12681356891352707,0.22977210737533274,0.0,0.0,0.0,0.2,0.0,0.3301200439560388,0.2,0.08,0.0,0.25,0.25
376,0.9793082691855766,0.5390961615643729,0.8688286818486329,0.5273757027015654,0.2462483218342688,0.5564743825738003,0.6831683168316832,0.34095848245193866,0.3886595697499708,0.10396039603960396,0.3942857142857143,0.3400036724291442,0.3758099562432049,0.08,0.0,0.0,0.4228571428571429,14.90857142857143,0.0049504950495049506,0.0,0.040249459331881704,0.08436634914903716,3.3465346534653464,0.0,0.0,0.15,0.07920792079207921,0,0.07752624708896218,0.2127011353345597,0.12427729753525654,0.22517666522782606,0.0,0.0,0.0,0.2,0.0,0.3301200439560388,0.2,0.08,0.0,0.25,0.25
377,0.9793643271339838,0.540273742261725,0.8688610352931421,0.5278393525056081,0.2462483218342688,0.5567271189397144,0.6633663366336634,0.34095848245193866,0.3886595697499708,0.10396039603960396,0.38285714285714284,0.3400036724291442,0.3758099562432049,0.08,0.0,0.0,0.4228571428571429,14.874285714285714,0.0,0.0,0.040249459331881704,0.08436634914903716,3.3465346534653464,0.0,0.0,0.15,0.07920792079207921,0,0.07713861585351736,0.2116376296578869,0.1217917515845514,0.22067313192326954,0.0,0.0,0.0,0.2,0.0,0.3301200439560388,0.2,0.08,0.0,0.25,0.25
378,0.9795121061410689,0.5406795651941652,0.8689463248915169,0.5276930707658495,0.2462483218342688,0.5570366354367349,0.6633663366336634,0.34095848245193866,0.3886595697499708,0.10396039603960396,0.38285714285714284,0.3400036724291442,0.3758099562432049,0.08,0.0,0.0,0.4228571428571429,14.911428571428571,0.0049504950495049506,0.0,0.040249459331881704,0.08436634914903716,3.3465346534653464,0.0,0.0,0.15,0.07920792079207921,0,0.07675292277424979,0.21057944150959748,0.11935591655286039,0.21625966928480414,0.0,0.0,0.0,0.2,0.0,0.3301200439560388,0.2,0.08,0.0,0.25,0.25
379,0.9822922980852505,0.5402043395961725,0.8705508928135873,0.5271948229224656,0.2462483218342688,0.5572439373582594,0.7178217821782178,0.34036442304599807,0.38821402519551534,0.10396039603960396,0.4142857142857143,0.339660815286287,0.3755528133860621,0.08,0.01485148514851485,0.008571428571428572,0.4228571428571429,14.877142857142857,0.0,0.0,0.040249459331881704,0.08436634914903716,3.3465346534653464,0.0,0.0,0.15,0.07920792079207921,0,0.07765487244609282,0.21301290947681153,0.12554022679323174,0.24245057873682696,0.0,0.0,0.0,0.2,0.0,0.3301200439560388,0.2,0.08,0.01485148514851485,0.25,0.25
380,0.9822917218550601,0.5408400124379118,0.870550560246449,0.527599035961451,0.2462483218342688,0.557465814678178,0.6485148514851485,0.34036442304599807,0.38821402519551534,0.10396039603960396,0.3742857142857143,0.339660815286287,0.3755528133860621,0.08,0.0,0.0,0.4228571428571429,14.891428571428571,0.0,0.0,0.040249459331881704,0.08436634914903716,3.3465346534653464,0.0,0.0,0.15,0.07920792079207921,0,0.07726659808386234,0.21194784492942745,0.12302942225736709,0.23760156716209044,0.0,0.0,0.0,0.2,0.0,0.3301200439560388,0.2,0.08,0.0,0.25,0.25
381,0.9817926082826287,0.539721679119334,0.8702625004132171,0.5267320043872119,0.2462483218342688,0.5576430658858755,0.7376237623762376,0.34016640324401787,0.3880655103440302,0.10396039603960396,0.4257142857142857,0.33954652957200127,0.37546709910034787,0.08,0.0049504950495049506,0.002857142857142857,0.4228571428571429,14.891428571428571,0.0,0.0,0.040249459331881704,0.08436634914903716,3.3465346534653464,0.0,0.0,0.15,0.07920792079207921,0,0.07730883652201447,0.21554676910423168,0.12342597666936261,0.23284953581884862,0.0,0.0,0.0,0.2,0.0,0.3301200439560388,0.2,0.08,0.0049504950495049506,0.25,0.25
382,0.979864272081357,0.5402515153808476,0.8691495749484833,0.5272466179595022,0.2462483218342688,0.5576217590250689,0.6435643564356436,0.3399683834420376,0.38791699549254505,0.10396039603960396,0.37142857142857144,0.3394322438577156,0.37538138481463357,0.08,0.0049504950495049506,0.002857142857142857,0.4228571428571429,14.9,0.0,0.0,0.040249459331881704,0.08436634914903716,3.3465346534653464,0.0,0.0,0.15,0.07920792079207921,0,0.07735086376797583,0.22298059181915358,0.12381459999311821,0.2648284396333898,0.0,0.0,0.0,0.2,0.0,0.3301200439560388,0.2,0.08,0.0049504950495049506,0.25,0.25
383,0.9789739671667094,0.5403613953192831,0.8686357418263153,0.5273779397338701,0.2462483218342688,0.557667334847302,0.5693069306930693,0.3399683834420376,0.38791699549254505,0.10396039603960396,0.32857142857142857,0.3394322438577156,0.37538138481463357,0.08,0.0,0.0,0.4228571428571429,14.942857142857143,0.0,0.0,0.040249459331881704,0.08436634914903716,3.3465346534653464,0.0,0.0,0.15,0.07920792079207921,0,0.07696410944913594,0.2218656888600578,0.12133830799325586,0.259531870840722,0.0,0.0,0.0,0.2,0.0,0.3301200439560388,0.2,0.08,0.0,0.25,0.25
384,0.9794262606786819,0.5412992889060121,0.868896779796082,0.5276944873466883,0.2462483218342688,0.557672932095025,0.6485148514851485,0.3399683834420376,0.38791699549254505,0.10396039603960396,0.3742857142857143,0.3394322438577156,0.37538138481463357,0.08,0.0,0.0,0.4228571428571429,14.982857142857142,0.0,0.0,0.040249459331881704,0.08436634914903716,3.3465346534653464,0.0,0.0,0.15,0.07920792079207921,0,0.07657928890189027,0.22075636041575755,0.11891154183339073,0.2543412334239075,0.0,0.0,0.0,0.2,0.0,0.3301200439560388,0.2,0.08,0.0,0.25,0.25
385,0.978812329787343,0.5416271703025647,0.8685424539673667,0.5282486619643502,0.2462483218342688,0.5577426385166833,0.6336633663366337,0.3399683834420376,0.38791699549254505,0.10396039603960396,0.3657142857142857,0.3394322438577156,0.37538138481463357,0.08,0.0,0.0,0.4228571428571429,14.982857142857142,0.0,0.0,0.040249459331881704,0.08436634914903716,3.3465346534653464,0.0,0.0,0.15,0.07920792079207921,0,0.07619639245738082,0.21965257861367876,0.1165333109967229,0.2492544087554294,0.0,0.0,0.0,0.2,0.0,0.3301200439560388,0.2,0.08,0.0,0.25,0.25
386,0.9817671700708672,0.5416954679113523,0.8702478189310007,0.529330192839333,0.2462483218342688,0.5579357474392349,0.599009900990099,0.3397703636400574,0.3877684806410599,0.10396039603960396,0.3457142857142857,0.3393179581434299,0.3752956705289193,0.08,0.0049504950495049506,0.002857142857142857,0.4228571428571429,14.954285714285714,0.0,0.0,0.040249459331881704,0.08436634914903716,3.3465346534653464,0.0,0.0,0.15,0.07920792079207921,0,0.07624398192366534,0.21855431572061038,0.1170597876339313,0.2555367740956615,0.0,0.0,0.0,0.2,0.0,0.3301200439560388,0.2,0.08,0.0049504950495049506,0.25,0.25
387,0.9807563514912154,0.5424588456584006,0.8696644322078874,0.5295802703084347,0.2462483218342688,0.5581720995675772,0.599009900990099,0.3397703636400574,0.3877684806410599,0.10396039603960396,0.3457142857142857,0.3393179581434299,0.3752956705289193,0.08,0.0,0.0,0.4228571428571429,14.965714285714286,0.0,0.0,0.040249459331881704,0.08436634914903716,3.3465346534653464,0.0,0.0,0.15,0.07920792079207921,0,0.07586276201404701,0.2174615441420073,0.11471859188125268,0.2504260386137483,0.0,0.0,0.0,0.2,0.0,0.3301200439560388,0.2,0.08,0.0,0.25,0.25
388,0.980639933328914,0.5413231608732237,0.8695972422970732,0.529303551768265,0.2462483218342688,0.5581506637668887,0.6831683168316832,0.3395723438380772,0.38761996578957475,0.10396039603960396,0.3942857142857143,0.33920367242914423,0.37520995624320497,0.08,0.0049504950495049506,0.002857142857142857,0.4228571428571429,14.934285714285714,0.0,0.0,0.040249459331881704,0.08436634914903716,3.3465346534653464,0.0,0.0,0.15,0.07920792079207921,0,0.0759120196325482,0.21637423642129727,0.11528136290077047,0.2545667928039215,0.0,0.0,0.0,0.2,0.0,0.3301200439560388,0.2,0.08,0.0049504950495049506,0.25,0.25
389,0.9806886886366987,0.5425460434056981,0.8696253810747089,0.5299736990283969,0.2462483218342688,0.5581117093868346,0.6782178217821783,0.3395723438380772,0.38761996578957475,0.10396039603960396,0.3914285714285714,0.33920367242914423,0.37520995624320497,0.08,0.0,0.0,0.4228571428571429,14.882857142857143,0.0,0.0,0.040249459331881704,0.08436634914903716,3.3465346534653464,0.0,0.0,0.15,0.07920792079207921,0,0.07553245953438546,0.2152923652391908,0.11297573564275508,0.24947545694784312,0.0,0.0,0.0,0.2,0.0,0.3301200439560388,0.2,0.08,0.0,0.25,0.25
390,0.9802620031362892,0.5419864376295095,0.8693791225859011,0.5296466852788742,0.2462483218342688,0.5579976269120189,0.6881188118811881,0.3395723438380772,0.38761996578957475,0.10396039603960396,0.39714285714285713,0.33920367242914423,0.37520995624320497,0.08,0.0,0.0,0.4228571428571429,14.885714285714286,0.0,0.0,0.040249459331881704,0.08436634914903716,3.3465346534653464,0.0,0.0,0.15,0.07920792079207921,0,0.07515479723671353,0.21421590341299485,0.11071622092989998,0.24448594780888624,0.0,0.0,0.0,0.2,0.0,0.3301200439560388,0.2,0.08,0.0,0.25,0.25
391,0.9814057577009867,0.5414801349518958,0.870039232363241,0.5292971251056681,0.2462483218342688,0.55798361014674,0.6584158415841584,0.3395723438380772,0.38761996578957475,0.10396039603960396,0.38,0.33920367242914423,0.37520995624320497,0.08,0.0,0.0,0.4228571428571429,14.805714285714286,0.0,0.0,0.040249459331881704,0.08436634914903716,3.3465346534653464,0.0,0.0,0.15,0.07920792079207921,0,0.07477902325052997,0.21314482389592984,0.10850189651130196,0.23959622885270854,0.0,0.0,0.0,0.2,0.0,0.3301200439560388,0.2,0.08,0.0,0.25,0.25
392,0.981069447925273,0.5424013914132608,0.8698451335784005,0.5303714597872617,0.2462483218342688,0.5579480144255089,0.6881188118811881,0.3395723438380772,0.38761996578957475,0.10396039603960396,0.39714285714285713,0.33920367242914423,0.37520995624320497,0.08,0.0,0.0,0.4228571428571429,14.785714285714286,0.0,0.0,0.040249459331881704,0.08436634914903716,3.3465346534653464,0.0,0.0,0.15,0.07920792079207921,0,0.07440512813427731,0.2120790997764502,0.10633185858107591,0.23480430427565435,0.0,0.0,0.0,0.2,0.0,0.3301200439560388,0.2,0.08,0.0,0.25,0.25
393,0.9808112390912873,0.5427057827919429,0.8696961101942144,0.5312537658075087,0.2462483218342688,0.557997584327769,0.6683168316831684,0.3393743240360971,0.38747145093808955,0.10396039603960396,0.38571428571428573,0.3390893867148585,0.3751242419574908,0.08,0.0049504950495049506,0.002857142857142857,0.4228571428571429,14.714285714285714,0.0,0.0,0.040249459331881704,0.08436634914903716,3.3465346534653464,0.0,0.0,0.15,0.07920792079207921,0,0.07446167392217735,0.21101870427756797,0.10706236426659727,0.24041995504066668,0.0,0.0,0.0,0.2,0.0,0.3301200439560388,0.2,0.08,0.0049504950495049506,0.25,0.25
394,0.9809042057807124,0.5420227910009661,0.8697497652549682,0.5305963357461853,0.2462483218342688,0.5579020188072918,0.698019801980198,0.3391763042341169,0.38747145093808955,0.10396039603960396,0.40285714285714286,0.33897510100057276,0.3751242419574908,0.08,0.0049504950495049506,0.002857142857142857,0.4228571428571429,14.734285714285715,0.0,0.0,0.040249459331881704,0.08436634914903716,3.3465346534653464,0.0,0.0,0.15,0.07920792079207921,0,0.0745179369811379,0.22066678651935057,0.10777825983840815,0.2577285277311377,0.0,0.0,0.0,0.2,0.0,0.3301200439560388,0.2,0.08,0.0049504950495049506,0.25,0.25
395,0.9810586713377919,0.5433249496515039,0.8698389139479115,0.5313306144247504,0.2462483218342688,0.5578375486933959,0.7376237623762376,0.3391763042341169,0.38747145093808955,0.10396039603960396,0.4257142857142857,0.33897510100057276,0.3751242419574908,0.08,0.0,0.0,0.4228571428571429,14.822857142857142,0.0049504950495049506,0.0,0.040249459331881704,0.08436634914903716,3.3465346534653464,0.0,0.0,0.15,0.07920792079207921,0,0.0741453472962322,0.21956345258675383,0.10562269464164,0.25257395717651493,0.0,0.0,0.0,0.2,0.0,0.3301200439560388,0.2,0.08,0.0,0.25,0.25
396,0.9801432571860084,0.5435666059328972,0.8693105892088819,0.5309773993799163,0.2462483218342688,0.55786342146815,0.693069306930693,0.3391763042341169,0.38747145093808955,0.10396039603960396,0.4,0.33897510100057276,0.3751242419574908,0.08,0.0,0.0,0.4228571428571429,14.82,0.0,0.0,0.040249459331881704,0.08436634914903716,3.3465346534653464,0.0,0.0,0.15,0.07920792079207921,0,0.07377462055975105,0.21846563532382005,0.1035102407488072,0.24752247803298463,0.0,0.0,0.0,0.2,0.0,0.3301200439560388,0.2,0.08,0.0,0.25,0.25
397,0.9813498848357913,0.5430284864677928,0.8700542266907173,0.5303674476991878,0.2462483218342688,0.5578626564672969,0.6766169154228856,0.33925314979667887,0.3872075027277914,0.1044776119402985,0.38857142857142857,0.33897510100057276,0.3751242419574908,0.08,0.0,0.0,0.4257142857142857,14.84,0.0,0.002857142857142857,0.040289920396554574,0.08436634914903716,3.3233830845771144,0.0,0.0,0.15,0.07960199004975124,0,0.07340574745695229,0.21737330714720093,0.10144003593383107,0.24257202847232492,0.0,0.0,0.0,0.2,0.0,0.3301200439560388,0.2,0.08,0.0,0.25,0.25
398,0.9817091371023987,0.543201415342416,0.8702605401352548,0.5307886268579974,0.2462483218342688,0.5580763872443849,0.6666666666666666,0.33925314979667887,0.3872075027277914,0.1044776119402985,0.38285714285714284,0.33897510100057276,0.3751242419574908,0.08,0.0,0.0,0.4257142857142857,14.894285714285715,0.0,0.0,0.040289920396554574,0.08436634914903716,3.3233830845771144,0.0,0.0,0.15,0.07960199004975124,0,0.07303871871966752,0.21628644061146496,0.09941123521515442,0.23772058790287842,0.0,0.0,0.0,0.2,0.0,0.3301200439560388,0.2,0.08,0.0,0.25,0.25
399,0.9821613197264403,0.5427240701516227,0.87052022215649,0.5303351058463496,0.2462483218342688,0.558288211840592,0.6666666666666666,0.33905414482155444,0.3870582489964482,0.1044776119402985,0.38285714285714284,0.33886081528628703,0.3750385276717764,0.08,0.004975124378109453,0.002857142857142857,0.4257142857142857,14.902857142857142,0.004975124378109453,0.0,0.040289920396554574,0.08436634914903716,3.3233830845771144,0.0,0.0,0.15,0.07960199004975124,0,0.07310209655464062,0.21520500840840764,0.10028015336799419,0.23678138537252488,0.0,0.0,0.0,0.2,0.0,0.3301200439560388,0.2,0.08,0.004975124378109453,0.25,0.25
400,0.9810154944736947,0.542273026907022,0.8698621910827704,0.5296021414558976,0.2462483218342688,0.5583835360117738,0.7014925373134329,0.33905414482155444,0.3870582489964482,0.1044776119402985,0.40285714285714286,0.33886081528628703,0.3750385276717764,0.08,0.0,0.0,0.4257142857142857,14.882857142857143,0.0,0.0,0.040289920396554574,0.08436634914903716,3.3233830845771144,0.0,0.0,0.15,0.07960199004975124,0,0.0727365860718674,0.2141289833663656,0.09827455030063431,0.23204575766507438,0.0,0.0,0.0,0.2,0.0,0.3301200439560388,0.2,0.08,0.0,0.25,0.25
401,0.9806766150885996,0.541874388391368,0.8696675774930442,0.5289136278848149,0.2462483218342688,0.5585765313250535,0.681592039800995,0.33905414482155444,0.3870582489964482,0.1044776119402985,0.3914285714285714,0.33886081528628703,0.3750385276717764,0.08,0.0,0.0,0.4257142857142857,14.877142857142857,0.0,0.0,0.040289920396554574,0.08436634914903716,3.3233830845771144,0.0,0.0,0.15,0.07960199004975124,0,0.07237290314150807,0.21305833844953376,0.09630905929462164,0.2274048425117729,0.0,0.0,0.0,0.2,0.0,0.3301200439560388,0.2,0.08,0.0,0.25,0.25
402,0.9821282775066716,0.5430817139186844,0.8705012464817086,0.5291138650323453,0.2462483218342688,0.5586606311850277,0.6915422885572139,0.33905414482155444,0.3870582489964482,0.1044776119402985,0.39714285714285713,0.33886081528628703,0.3750385276717764,0.08,0.0,0.0,0.4257142857142857,14.817142857142857,0.004975124378109453,0.0,0.040289920396554574,0.08436634914903716,3.3233830845771144,0.0,0.0,0.15,0.07960199004975124,0,0.07201103862580054,0.21199304675728609,0.0943828781087292,0.22285674566153743,0.0,0.0,0.0,0.2,0.0,0.3301200439560388,0.2,0.08,0.0,0.25,0.25
403,0.9818734578144832,0.5420977578274634,0.870354907172766,0.5283847208165042,0.2462483218342688,0.5587872368274854,0.7263681592039801,0.3388551398464301,0.3869089952651049,0.1044776119402985,0.41714285714285715,0.3387465295720013,0.3749528133860622,0.08,0.004975124378109453,0.002857142857142857,0.4257142857142857,14.814285714285715,0.0,0.0,0.040289920396554574,0.08436634914903716,3.3233830845771144,0.0,0.0,0.15,0.07960199004975124,0,0.07207955486124296,0.21093308152349965,0.09535236340369746,0.22047155922051642,0.0,0.0,0.0,0.2,0.0,0.3301200439560388,0.2,0.08,0.004975124378109453,0.25,0.25
404,0.9812504873285015,0.5413188949428502,0.869997144122245,0.5277580277277675,0.2462483218342688,0.5588381618177711,0.6865671641791045,0.3388551398464301,0.3869089952651049,0.1044776119402985,0.3942857142857143,0.3387465295720013,0.3749528133860622,0.08,0.0,0.0,0.4257142857142857,14.808571428571428,0.0,0.0,0.040289920396554574,0.08436634914903716,3.3233830845771144,0.0,0.0,0.15,0.07960199004975124,0,0.07171915708693674,0.20987841611588218,0.09344531613562351,0.2160621280361061,0.0,0.0,0.0,0.2,0.0,0.3301200439560388,0.2,0.08,0.0,0.25,0.25
405,0.98018214096816,0.5416427649013958,0.869383608069592,0.528011569136182,0.2462483218342688,0.5587825739140085,0.7064676616915423,0.3386561348713057,0.38675974153376164,0.1044776119402985,0.4057142857142857,0.3386322438577156,0.3748670991003478,0.08,0.004975124378109453,0.002857142857142857,0.4257142857142857,14.785714285714286,0.0,0.0,0.040289920396554574,0.08436634914903716,3.3233830845771144,0.0,0.0,0.15,0.07960199004975124,0,0.0717891327300735,0.20882902403530276,0.09443355267005388,0.211740885475384,0.0,0.0,0.0,0.2,0.0,0.3301200439560388,0.2,0.08,0.004975124378109453,0.25,0.25
406,0.9802466983181897,0.539072622310601,0.869420682433466,0.526498015231118,0.2462483218342688,0.5586196957156915,0.7114427860696517,0.3386561348713057,0.38675974153376164,0.1044776119402985,0.4085714285714286,0.3386322438577156,0.3748670991003478,0.08,0.0,0.0,0.4257142857142857,14.82,0.0,0.0,0.040289920396554574,0.08436634914903716,3.3233830845771144,0.0,0.0,0.15,0.07960199004975124,0,0.07143018706642312,0.20778487891512626,0.0925448816166528,0.20750606776587632,0.0,0.0,0.0,0.2,0.0,0.3301200439560388,0.2,0.08,0.0,0.25,0.25
407,0.981189057683118,0.5388546037797275,0.8699618659544678,0.5256932962163526,0.2462483218342688,0.5583268822017723,0.7412935323383084,0.3386561348713057,0.38675974153376164,0.1044776119402985,0.4257142857142857,0.3386322438577156,0.3748670991003478,0.08,0.0,0.0,0.4257142857142857,14.782857142857143,0.0,0.0,0.040289920396554574,0.08436634914903716,3.3233830845771144,0.0,0.0,0.15,0.07960199004975124,0,0.071073036131091,0.20674595452055064,0.09069398398431976,0.2033559464105588,0.0,0.0,0.0,0.2,0.0,0.3301200439560388,0.2,0.08,0.0,0.25,0.25
408,0.9819407265747302,0.5395600987231465,0.8703935386607937,0.5255294981882096,0.2462483218342688,0.5580889054511866,0.7412935323383084,0.3386561348713057,0.38675974153376164,0.1044776119402985,0.4257142857142857,0.3386322438577156,0.3748670991003478,0.08,0.0,0.0,0.4257142857142857,14.805714285714286,0.0,0.0,0.040289920396554574,0.08436634914903716,3.3233830845771144,0.0,0.0,0.15,0.07960199004975124,0,0.07071767095043555,0.20571222474794787,0.08888010430463335,0.1992888274823476,0.0,0.0,0.0,0.2,0.0,0.3301200439560388,0.2,0.08,0.0,0.25,0.25
409,0.9804711320876675,0.5405430694313239,0.8695495715410805,0.5261497217565926,0.2462483218342688,0.5578042332791677,0.6965174129353234,0.3386561348713057,0.38675974153376164,0.1044776119402985,0.4,0.3386322438577156,0.3748670991003478,0.08,0.0,0.0,0.4257142857142857,14.797142857142857,0.0,0.0,0.040289920396554574,0.08436634914903716,3.3233830845771144,0.0,0.0,0.15,0.07960199004975124,0,0.07036408259568337,0.20468366362420815,0.08710250221854068,0.19530305093270064,0.0,0.0,0.0,0.2,0.0,0.3301200439560388,0.2,0.08,0.0,0.25,0.25
410,0.9813645275750631,0.541118977800894,0.8700626358066991,0.5267033792024766,0.2462483218342688,0.5574892762902329,0.7064676616915423,0.3386561348713057,0.38675974153376164,0.1044776119402985,0.4057142857142857,0.3386322438577156,0.3748670991003478,0.08,0.0,0.0,0.4257142857142857,14.76,0.0,0.0,0.040289920396554574,0.08436634914903716,3.3233830845771144,0.0,0.0,0.15,0.07960199004975124,0,0.07001226218270495,0.20366024530608712,0.08536045217416986,0.19139698991404663,0.0,0.0,0.0,0.2,0.0,0.3301200439560388,0.2,0.08,0.0,0.25,0.25
411,0.9804675256400461,0.5403018528104193,0.8695475004097323,0.5265465565978783,0.2462483218342688,0.5571963524816311,0.6766169154228856,0.3386561348713057,0.38675974153376164,0.1044776119402985,0.38857142857142857,0.3386322438577156,0.3748670991003478,0.08,0.0,0.0,0.4257142857142857,14.837142857142856,0.0,0.0,0.040289920396554574,0.08436634914903716,3.3233830845771144,0.0,0.0,0.15,0.07960199004975124,0,0.06966220087179142,0.20264194407955666,0.08365324313068648,0.1875690501157657,0.0,0.0,0.0,0.2,0.0,0.3301200439560388,0.2,0.08,0.0,0.25,0.25
412,0.9794708755395773,0.540758567830667,0.8689751384948915,0.5269113167945969,0.2462483218342688,0.5570129667841577,0.7064676616915423,0.33825812492105695,0.386461234071075,0.1044776119402985,0.4057142857142857,0.33840367242914415,0.37469567052891933,0.08,0.009950248756218905,0.005714285714285714,0.4257142857142857,14.845714285714285,0.0,0.0,0.040289920396554574,0.08436634914903716,3.3233830845771144,0.0,0.0,0.15,0.07960199004975124,0,0.07017103272457534,0.21676118173649317,0.08769446398235844,0.19466728908444822,0.0,0.0,0.0,0.2,0.0,0.3301200439560388,0.2,0.08,0.009950248756218905,0.25,0.25
413,0.9808636353123514,0.5413808116199219,0.8697749805358275,0.5274672024581479,0.2462483218342688,0.5569889053030834,0.681592039800995,0.33805911994593263,0.38631198033973174,0.1044776119402985,0.3914285714285714,0.3382893867148584,0.37460995624320503,0.08,0.004975124378109453,0.002857142857142857,0.4257142857142857,14.848571428571429,0.0,0.0,0.040289920396554574,0.08436634914903716,3.3233830845771144,0.0,0.0,0.15,0.07960199004975124,0,0.07024874898952388,0.21567737582781069,0.08879771755985413,0.21623731977855468,0.0,0.0,0.0,0.2,0.0,0.3301200439560388,0.2,0.08,0.004975124378109453,0.25,0.25
414,0.981500468536793,0.5410807084338551,0.8701407047590068,0.5272544428015256,0.2462483218342688,0.557227812528918,0.6766169154228856,0.3378601149708082,0.3861627266083885,0.1044776119402985,0.38857142857142857,0.33817510100057274,0.37452424195749073,0.08,0.004975124378109453,0.002857142857142857,0.4257142857142857,14.877142857142857,0.0,0.0,0.040289920396554574,0.08436634914903716,3.3233830845771144,0.0,0.0,0.15,0.07960199004975124,0,0.07032607667314769,0.21459898894867163,0.08987890606579992,0.24489491765096533,0.0,0.0,0.0,0.2,0.0,0.3301200439560388,0.2,0.08,0.004975124378109453,0.25,0.25
415,0.9813703825071229,0.5423087373648885,0.8700659982105391,0.5278866353171261,0.2462483218342688,0.5575217304300493,0.6965174129353234,0.3378601149708082,0.3861627266083885,0.1044776119402985,0.4,0.33817510100057274,0.37452424195749073,0.08,0.0,0.0,0.4257142857142857,14.88,0.004975124378109453,0.0,0.040289920396554574,0.08436634914903716,3.3233830845771144,0.0,0.0,0.15,0.07960199004975124,0,0.06997444628978194,0.2135259940039283,0.08808132794448392,0.239997019297946,0.0,0.0,0.0,0.2,0.0,0.3301200439560388,0.2,0.08,0.0,0.25,0.25
416,0.9800588754078323,0.5417628121681951,0.8693128184192322,0.5275365953776049,0.2462483218342688,0.5580126712196659,0.6766169154228856,0.3378601149708082,0.3861627266083885,0.1044776119402985,0.38857142857142857,0.33817510100057274,0.37452424195749073,0.08,0.0,0.0,0.4257142857142857,14.894285714285715,0.0,0.0,0.040289920396554574,0.08436634914903716,3.3233830845771144,0.0,0.0,0.15,0.07960199004975124,0,0.06962457405833304,0.21245836403390864,0.08631970138559424,0.2351970789119871,0.0,0.0,0.0,0.2,0.0,0.3301200439560388,0.2,0.08,0.0,0.25,0.25
417,0.9789950129283564,0.5421060912899359,0.8687018573953047,0.5272986458446157,0.2462483218342688,0.5583709094424241,0.6716417910447762,0.3378601149708082,0.3861627266083885,0.1044776119402985,0.38571428571428573,0.33817510100057274,0.37452424195749073,0.08,0.0,0.0,0.4257142857142857,14.917142857142856,0.0,0.0,0.040289920396554574,0.08436634914903716,3.3233830845771144,0.0,0.0,0.15,0.07960199004975124,0,0.06927645118804138,0.2113960722137391,0.08459330735788236,0.23049313733374735,0.0,0.0,0.0,0.2,0.0,0.3301200439560388,0.2,0.08,0.0,0.25,0.25
418,0.9783737184989727,0.5422183722660583,0.8683450568801446,0.5272840965469303,0.2462483218342688,0.5586294181280588,0.7064676616915423,0.33766110999568383,0.38601347287704524,0.1044776119402985,0.4057142857142857,0.33806081528628706,0.37443852767177643,0.08,0.004975124378109453,0.002857142857142857,0.4257142857142857,14.902857142857142,0.0,0.0,0.040289920396554574,0.08436634914903716,3.3233830845771144,0.0,0.0,0.15,0.07960199004975124,0,0.0693586403606726,0.2103390918526704,0.08575858406786756,0.22588327458707239,0.0,0.0,0.0,0.2,0.0,0.3301200439560388,0.2,0.08,0.004975124378109453,0.25,0.25
419,0.9778167633397805,0.5422616264290917,0.8680252054887225,0.5276848796088687,0.2462483218342688,0.5588328328132337,0.681592039800995,0.33766110999568383,0.38601347287704524,0.1044776119402985,0.3914285714285714,0.33806081528628706,0.37443852767177643,0.08,0.0,0.0,0.4257142857142857,14.9,0.0,0.0,0.040289920396554574,0.08436634914903716,3.3233830845771144,0.0,0.0,0.15,0.07960199004975124,0,0.06901184715886924,0.20928739639340704,0.0840434123865102,0.22136560909533096,0.0,0.0,0.0,0.2,0.0,0.3301200439560388,0.2,0.08,0.0,0.25,0.25
420,0.9773439221169311,0.5431152165165907,0.8677536595293147,0.5280707029656614,0.2462483218342688,0.5590771758934807,0.6318407960199005,0.33766110999568383,0.38601347287704524,0.1044776119402985,0.3628571428571429,0.33806081528628706,0.37443852767177643,0.08,0.0,0.0,0.4257142857142857,14.882857142857143,0.0,0.0,0.040289920396554574,0.08436634914903716,3.3233830845771144,0.0,0.0,0.15,0.07960199004975124,0,0.06866678792307489,0.20824095941144,0.08236254413878,0.2169382969134243,0.0,0.0,0.0,0.2,0.0,0.3301200439560388,0.2,0.08,0.0,0.25,0.25
421,0.9761116663086026,0.5447272859912528,0.8670459926222458,0.5287009406157531,0.2462483218342688,0.5592332294354547,0.6368159203980099,0.33766110999568383,0.38601347287704524,0.1044776119402985,0.3657142857142857,0.33806081528628706,0.37443852767177643,0.08,0.0,0.0,0.4257142857142857,14.894285714285715,0.0,0.0,0.040289920396554574,0.08436634914903716,3.3233830845771144,0.0,0.0,0.15,0.07960199004975124,0,0.06832345398345953,0.20719975461438278,0.0807152932560044,0.21259953097515583,0.0,0.0,0.0,0.2,0.0,0.3301200439560388,0.2,0.08,0.0,0.25,0.25
422,0.9760362778586313,0.5460653555681025,0.8670026981124056,0.5286925698276738,0.2462483218342688,0.5593747714717008,0.5870646766169154,0.3372631000454351,0.3857149654143587,0.1044776119402985,0.33714285714285713,0.3378322438577156,0.3742670991003479,0.08,0.009950248756218905,0.005714285714285714,0.4257142857142857,14.925714285714285,0.0,0.0,0.040289920396554574,0.08436634914903716,3.3233830845771144,0.0,0.0,0.15,0.07960199004975124,0,0.06883897957068506,0.2061637558413109,0.08481527310517004,0.21535626394187268,0.0,0.0,0.0,0.2,0.0,0.3301200439560388,0.2,0.08,0.009950248756218905,0.25,0.25
423,0.9776776418393673,0.5464383788559454,0.8679453099984851,0.5289546877630354,0.2462483218342688,0.5597370476527209,0.6268656716417911,0.3372631000454351,0.3857149654143587,0.1044776119402985,0.36,0.3378322438577156,0.3742670991003479,0.08,0.0,0.0,0.4257142857142857,14.914285714285715,0.0,0.0,0.040289920396554574,0.08436634914903716,3.3233830845771144,0.0,0.0,0.15,0.07960199004975124,0,0.06849478467283165,0.20513293706210434,0.08311896764306662,0.21104913866303524,0.0,0.0,0.0,0.2,0.0,0.3301200439560388,0.2,0.08,0.0,0.25,0.25
424,0.9777825727028162,0.5464288497426594,0.8680055702943515,0.5290433229590159,0.2462483218342688,0.5599729114082368,0.7064676616915423,0.3372631000454351,0.3857149654143587,0.1044776119402985,0.4057142857142857,0.3378322438577156,0.3742670991003479,0.08,0.0,0.0,0.4257142857142857,14.914285714285715,0.004975124378109453,0.0,0.040289920396554574,0.08436634914903716,3.3233830845771144,0.0,0.0,0.15,0.07960199004975124,0,0.0681523107494675,0.20410727237679382,0.08145658829020529,0.20682815588977452,0.0,0.0,0.0,0.2,0.0,0.3301200439560388,0.2,0.08,0.0,0.25,0.25
425,0.9789136945181123,0.5468188357066482,0.868655157393993,0.5296613427179208,0.2462483218342688,0.5600947319196566,0.6467661691542289,0.33706409507031065,0.3855657116830154,0.1044776119402985,0.37142857142857144,0.3377179581434299,0.3741813848146336,0.08,0.004975124378109453,0.002857142857142857,0.4257142857142857,14.928571428571429,0.004975124378109453,0.0,0.040289920396554574,0.08436634914903716,3.3233830845771144,0.0,0.0,0.15,0.07960199004975124,0,0.06824012062429158,0.2068709893786587,0.08268459938154403,0.21246140749095105,0.0,0.0,0.0,0.2,0.0,0.3301200439560388,0.2,0.08,0.004975124378109453,0.25,0.25
426,0.9790897845662746,0.5467790743063549,0.8687562833930805,0.5302904153453425,0.2462483218342688,0.5602221484629184,0.6467661691542289,0.33686509009518634,0.38541645795167206,0.1044776119402985,0.37142857142857144,0.3376036724291442,0.3740956705289193,0.08,0.004975124378109453,0.002857142857142857,0.4257142857142857,14.897142857142857,0.004975124378109453,0.0,0.040289920396554574,0.08436634914903716,3.3233830845771144,0.0,0.0,0.15,0.07960199004975124,0,0.06832749144974154,0.2058366344317654,0.08388805025105601,0.22110655706351734,0.0,0.0,0.0,0.2,0.0,0.3301200439560388,0.2,0.08,0.004975124378109453,0.25,0.25
427,0.9808187286910538,0.5479657306808862,0.8697491913047395,0.5305144455980388,0.2462483218342688,0.5601828884292323,0.6716417910447762,0.33686509009518634,0.38541645795167206,0.1044776119402985,0.38571428571428573,0.3376036724291442,0.3740956705289193,0.08,0.0,0.0,0.4257142857142857,14.937142857142858,0.0,0.0,0.040289920396554574,0.08436634914903716,3.3233830845771144,0.0,0.0,0.15,0.07960199004975124,0,0.06798585399249284,0.2048074512596066,0.08221028924603488,0.216684425922247,0.0,0.0,0.0,0.2,0.0,0.3301200439560388,0.2,0.08,0.0,0.25,0.25
428,0.9789283981228952,0.5479717268299561,0.8686636014641684,0.5305039117447228,0.2462483218342688,0.5603109259829994,0.6716417910447762,0.3366660851200619,0.3852672042203288,0.1044776119402985,0.38571428571428573,0.33748938671485845,0.374009956243205,0.08,0.004975124378109453,0.002857142857142857,0.4257142857142857,14.965714285714286,0.0,0.0,0.040289920396554574,0.08436634914903716,3.3233830845771144,0.0,0.0,0.15,0.07960199004975124,0,0.06807449615110181,0.22102312901223242,0.08342322631825705,0.21730902319667172,0.0,0.0,0.0,0.2,0.0,0.3301200439560388,0.2,0.08,0.004975124378109453,0.25,0.25
429,0.9807715815111323,0.5490697304649683,0.8697221153528416,0.5309154228387254,0.2462483218342688,0.5602857419964324,0.6716417910447762,0.3366660851200619,0.3852672042203288,0.1044776119402985,0.38571428571428573,0.33748938671485845,0.374009956243205,0.08,0.0,0.0,0.4257142857142857,14.905714285714286,0.004975124378109453,0.0,0.040289920396554574,0.08436634914903716,3.3233830845771144,0.0,0.0,0.15,0.07960199004975124,0,0.0677341236703463,0.21991801336717126,0.08175476179189191,0.21296284273273827,0.0,0.0,0.0,0.2,0.0,0.3301200439560388,0.2,0.08,0.0,0.25,0.25
430,0.9806999000381954,0.5499590994309196,0.8696809497069551,0.5319608176635118,0.2462483218342688,0.5602419303477353,0.681592039800995,0.3366660851200619,0.3852672042203288,0.1044776119402985,0.3914285714285714,0.33748938671485845,0.374009956243205,0.08,0.0,0.0,0.4257142857142857,14.922857142857143,0.0,0.0,0.040289920396554574,0.08436634914903716,3.3233830845771144,0.0,0.0,0.15,0.07960199004975124,0,0.06739545305199457,0.2188184233003354,0.08011966655605407,0.20870358587808352,0.0,0.0,0.0,0.2,0.0,0.3301200439560388,0.2,0.08,0.0,0.25,0.25
431,0.979399267266613,0.5499912647943591,0.8689340148867035,0.5318336206522288,0.2462483218342688,0.5600345644260655,0.6865671641791045,0.3364670801449375,0.3851179504889855,0.1044776119402985,0.3942857142857143,0.3373751010005727,0.37392424195749074,0.08,0.004975124378109453,0.002857142857142857,0.4257142857142857,14.911428571428571,0.0,0.0,0.040289920396554574,0.08436634914903716,3.3233830845771144,0.0,0.0,0.15,0.07960199004975124,0,0.06748704721530603,0.21772433118383372,0.08137441608207584,0.20765843805982076,0.0,0.0,0.0,0.2,0.0,0.3301200439560388,0.2,0.08,0.004975124378109453,0.25,0.25
432,0.9777518687467779,0.5500464092369557,0.8679879374510269,0.5318109089015641,0.2462483218342688,0.5596599511526958,0.6616915422885572,0.33626807516981316,0.3849686967576422,0.1044776119402985,0.38,0.33726081528628704,0.37383852767177644,0.08,0.004975124378109453,0.002857142857142857,0.4257142857142857,14.928571428571429,0.0,0.0,0.040289920396554574,0.08436634914903716,3.3233830845771144,0.0,0.0,0.15,0.07960199004975124,0,0.06757818340780092,0.22062603630656658,0.08260407061757719,0.20350526929862436,0.0,0.0,0.0,0.2,0.0,0.3301200439560388,0.2,0.08,0.004975124378109453,0.25,0.25
433,0.9767501883752985,0.5492678665419417,0.8674126867234057,0.531719525144329,0.2462483218342688,0.5592372247942775,0.5920398009950248,0.33626807516981316,0.3849686967576422,0.1044776119402985,0.34,0.33726081528628704,0.37383852767177644,0.08,0.0,0.0,0.4257142857142857,14.902857142857142,0.0,0.0,0.040289920396554574,0.08436634914903716,3.3233830845771144,0.0,0.0,0.15,0.07960199004975124,0,0.0672402924907619,0.21952290612503372,0.08095198920522563,0.19943516391265184,0.0,0.0,0.0,0.2,0.0,0.3301200439560388,0.2,0.08,0.0,0.25,0.25
434,0.9774170570630103,0.5489135938030595,0.8677956598840632,0.531304223156854,0.2462483218342688,0.5588163969219329,0.6666666666666666,0.33626807516981316,0.3849686967576422,0.1044776119402985,0.38285714285714284,0.33726081528628704,0.37383852767177644,0.08,0.0,0.0,0.4257142857142857,14.905714285714286,0.009950248756218905,0.0,0.040289920396554574,0.08436634914903716,3.3233830845771144,0.0,0.0,0.15,0.07960199004975124,0,0.0669040910283081,0.21842529159440857,0.07933294942112112,0.19544646063439883,0.0,0.0,0.0,0.2,0.0,0.3301200439560388,0.2,0.08,0.0,0.25,0.25
435,0.977281694883909,0.549244252799725,0.8677179233183506,0.5312186448541003,0.2462483218342688,0.5582684841750448,0.6417910447761194,0.33626807516981316,0.3849686967576422,0.1044776119402985,0.36857142857142855,0.33726081528628704,0.37383852767177644,0.08,0.0,0.0,0.4257142857142857,14.914285714285715,0.004975124378109453,0.0,0.040289920396554574,0.08436634914903716,3.3233830845771144,0.0,0.0,0.15,0.07960199004975124,0,0.06656957057316656,0.21733316513643652,0.07774629043269869,0.19153753142171084,0.0,0.0,0.0,0.2,0.0,0.3301200439560388,0.2,0.08,0.0,0.25,0.25
436,0.9773644791249586,0.5493437943021545,0.8677654651253534,0.5312847503401,0.2462483218342688,0.5577928932692415,0.6169154228855721,0.33626807516981316,0.3849686967576422,0.1044776119402985,0.35428571428571426,0.33726081528628704,0.37383852767177644,0.08,0.0,0.0,0.4257142857142857,14.857142857142858,0.004975124378109453,0.0,0.040289920396554574,0.08436634914903716,3.3233830845771144,0.0,0.0,0.15,0.07960199004975124,0,0.06623672272030072,0.21624649931075435,0.07619136462404472,0.18770678079327663,0.0,0.0,0.0,0.2,0.0,0.3301200439560388,0.2,0.08,0.0,0.25,0.25
437,0.9768173588463525,0.5501409180807502,0.8674512617653538,0.5315644126121,0.2462483218342688,0.5575183890029319,0.6517412935323383,0.33626807516981316,0.3849686967576422,0.1044776119402985,0.3742857142857143,0.33726081528628704,0.37383852767177644,0.08,0.0,0.0,0.4257142857142857,14.848571428571429,0.0,0.0,0.040289920396554574,0.08436634914903716,3.3233830845771144,0.0,0.0,0.15,0.07960199004975124,0,0.06590553910669923,0.21516526681420056,0.07466753733156382,0.1839526451774111,0.0,0.0,0.0,0.2,0.0,0.3301200439560388,0.2,0.08,0.0,0.25,0.25
438,0.9766216287424231,0.5508708636256792,0.8673388567628116,0.5321580649608011,0.2462483218342688,0.5573656498700363,0.6368159203980099,0.33626807516981316,0.3849686967576422,0.1044776119402985,0.3657142857142857,0.33726081528628704,0.37383852767177644,0.08,0.0,0.0,0.4257142857142857,14.82,0.004975124378109453,0.0,0.040289920396554574,0.08436634914903716,3.3233830845771144,0.0,0.0,0.15,0.07960199004975124,0,0.06557601141116573,0.21408944048012957,0.07317418658493255,0.1802735922738629,0.0,0.0,0.0,0.2,0.0,0.3301200439560388,0.2,0.08,0.0,0.25,0.25
439,0.9763740633773167,0.5510468837684114,0.8671966835102791,0.5326817368975922,0.2462483218342688,0.5574434452685568,0.5970149253731343,0.33626807516981316,0.3849686967576422,0.1044776119402985,0.34285714285714286,0.33726081528628704,0.37383852767177644,0.08,0.0,0.0,0.4257142857142857,14.837142857142856,0.0,0.0,0.040289920396554574,0.08436634914903716,3.3233830845771144,0.0,0.0,0.15,0.07960199004975124,0,0.06524813135410991,0.2130189932777289,0.07171070285323389,0.17666812042838562,0.0,0.0,0.0,0.2,0.0,0.3301200439560388,0.2,0.08,0.0,0.25,0.25
440,0.9775139639179838,0.5522265618617482,0.8678513121064907,0.53335980332892,0.2462483218342688,0.5576756006704955,0.6467661691542289,0.3360690701946888,0.38481944302629895,0.1044776119402985,0.37142857142857144,0.3371465295720013,0.37375281338606214,0.08,0.004975124378109453,0.002857142857142857,0.4257142857142857,14.822857142857142,0.004975124378109453,0.0,0.040289920396554574,0.08436634914903716,3.3233830845771144,0.0,0.0,0.15,0.07960199004975124,0,0.06535046212591078,0.21714908883186856,0.07313363165331208,0.1731347580198179,0.0,0.0,0.0,0.2,0.0,0.3301200439560388,0.2,0.08,0.004975124378109453,0.25,0.25
441,0.9770456995560348,0.5525964499403706,0.8675823945729142,0.5336680771507623,0.2462483218342688,0.558062062513007,0.6467661691542289,0.3358700652195644,0.38467018929495567,0.1044776119402985,0.37142857142857144,0.3370322438577156,0.37366709910034784,0.08,0.004975124378109453,0.002857142857142857,0.4257142857142857,14.848571428571429,0.004975124378109453,0.0,0.040289920396554574,0.08436634914903716,3.3233830845771144,0.0,0.0,0.15,0.07960199004975124,0,0.06545228124385265,0.21606334338770922,0.07452810187738869,0.16967206285942155,0.0,0.0,0.0,0.2,0.0,0.3301200439560388,0.2,0.08,0.004975124378109453,0.25,0.25
442,0.9785349873256218,0.5523860273842202,0.8684376712634486,0.533793709031275,0.2462483218342688,0.5583786134522692,0.5970149253731343,0.33547205526931567,0.38437168183226905,0.1044776119402985,0.34285714285714286,0.33680367242914416,0.3734956705289193,0.08,0.009950248756218905,0.005714285714285714,0.4257142857142857,14.82,0.004975124378109453,0.0,0.040289920396554574,0.08436634914903716,3.3233830845771144,0.0,0.0,0.15,0.07960199004975124,0,0.06598216269477623,0.21498302667077068,0.07875182555412663,0.1729173000394577,0.0,0.0,0.0,0.2,0.0,0.3301200439560388,0.2,0.08,0.009950248756218905,0.25,0.25
443,0.9785220302742408,0.5517736085443568,0.8684302302139411,0.5332786238897927,0.2462483218342688,0.5587149954772536,0.7164179104477612,0.3352730502941913,0.3842224281009258,0.1044776119402985,0.4114285714285714,0.33668938671485843,0.373409956243205,0.08,0.004975124378109453,0.002857142857142857,0.4257142857142857,14.742857142857142,0.004975124378109453,0.0,0.040289920396554574,0.08436634914903716,3.3233830845771144,0.0,0.0,0.15,0.07960199004975124,0,0.06608082330987379,0.23664631525476615,0.08003393190018694,0.16945895403866856,0.0,0.0,0.0,0.2,0.0,0.3301200439560388,0.2,0.08,0.004975124378109453,0.25,0.25
444,0.9788819236457881,0.5512447234774197,0.868636911835887,0.5329723358657396,0.2462483218342688,0.5591009640384749,0.7263681592039801,0.3352730502941913,0.3842224281009258,0.1044776119402985,0.41714285714285715,0.33668938671485843,0.373409956243205,0.08,0.0,0.0,0.4257142857142857,14.714285714285714,0.004975124378109453,0.0,0.040289920396554574,0.08436634914903716,3.3233830845771144,0.0,0.0,0.15,0.07960199004975124,0,0.06575041919332442,0.2354630836784923,0.07843325326218321,0.1660697749578952,0.0,0.0,0.0,0.2,0.0,0.3301200439560388,0.2,0.08,0.0,0.25,0.25
445,0.9781267518032299,0.5507781907508311,0.8682032274348749,0.5332033153192687,0.2462483218342688,0.5594093967363835,0.6716417910447762,0.3352730502941913,0.3842224281009258,0.1044776119402985,0.38571428571428573,0.33668938671485843,0.373409956243205,0.08,0.0,0.0,0.4257142857142857,14.731428571428571,0.004975124378109453,0.0,0.040289920396554574,0.08436634914903716,3.3233830845771144,0.0,0.0,0.15,0.07960199004975124,0,0.0654216670973578,0.23428576826009986,0.07686458819693955,0.1627483794587373,0.0,0.0,0.0,0.2,0.0,0.3301200439560388,0.2,0.08,0.0,0.25,0.25
446,0.9779608690019936,0.5505105074987365,0.8681079633118793,0.5336856652150989,0.2462483218342688,0.5596865992728363,0.7164179104477612,0.3352730502941913,0.3842224281009258,0.1044776119402985,0.4114285714285714,0.33668938671485843,0.373409956243205,0.08,0.0,0.0,0.4257142857142857,14.691428571428572,0.004975124378109453,0.0,0.040289920396554574,0.08436634914903716,3.3233830845771144,0.0,0.0,0.15,0.07960199004975124,0,0.06509455876187101,0.23311433941879936,0.07532729643300076,0.15949341186956253,0.0,0.0,0.0,0.2,0.0,0.3301200439560388,0.2,0.08,0.0,0.25,0.25
447,0.9772417641706943,0.5494016348981172,0.86769499168019,0.5331328672364046,0.2462483218342688,0.559818777777731,0.746268656716418,0.3352730502941913,0.3842224281009258,0.1044776119402985,0.42857142857142855,0.33668938671485843,0.373409956243205,0.08,0.0,0.0,0.4257142857142857,14.711428571428572,0.004975124378109453,0.0,0.040289920396554574,0.08436634914903716,3.3233830845771144,0.0,0.0,0.15,0.07960199004975124,0,0.06476908596806165,0.23194876772170536,0.07382075050434074,0.15630354363217128,0.0,0.0,0.0,0.2,0.0,0.3301200439560388,0.2,0.08,0.0,0.25,0.25
448,0.9776018281120312,0.5503946360864667,0.8679017712579291,0.5337249462175016,0.2462483218342688,0.5598547214649411,0.7562189054726368,0.3350740453190669,0.3840731743695825,0.1044776119402985,0.4342857142857143,0.33657510100057275,0.3733242419574907,0.08,0.004975124378109453,0.002857142857142857,0.4257142857142857,14.662857142857144,0.009950248756218905,0.0,0.040289920396554574,0.08436634914903716,3.3233830845771144,0.0,0.0,0.15,0.07960199004975124,0,0.06487381196679277,0.23297870016732244,0.07520147835139677,0.1593456810135082,0.0,0.0,0.0,0.2,0.0,0.3301200439560388,0.2,0.08,0.004975124378109453,0.25,0.25
449,0.9783167421130362,0.5511900645418532,0.8683123361556493,0.5345147018836663,0.2462483218342688,0.5598952215684362,0.736318407960199,0.3350740453190669,0.3840731743695825,0.1044776119402985,0.4228571428571429,0.33657510100057275,0.3733242419574907,0.08,0.0,0.0,0.4257142857142857,14.705714285714286,0.0,0.0,0.040289920396554574,0.08436634914903716,3.3233830845771144,0.0,0.0,0.15,0.07960199004975124,0,0.06454944290695881,0.23181380666648582,0.07369744878436885,0.15615876739323803,0.0,0.0,0.0,0.2,0.0,0.3301200439560388,0.2,0.08,0.0,0.25,0.25
