t,mean_x,mean_y,mean_x_all,mean_y_all,mean_L,y0,mean_epc,mean_r,mean_b,fund_prevalence,mean_epc_all,mean_r_all,mean_b_all,fund_prevalence_all,punish_rate,mean_punished,exit_rate,mean_exit_intent,exit_attempt_rate,exit_success_rate,p_opp_mean,stay_value,mean_degree_active,threat,A,budget,enforcer_frac,n_cadre_fallback,cap_mean,cap_p90,service_mean,service_p90,monopoly_on,enforcer_punish_share_step,alpha_punish_revalue,delta_outside_degrade,mu_membership_reward,current_delta,eta_delta_drift,punish_floor,punish_intensity_step,pi_reward,lam_punish
0,0.351840345025693,0.49463362562810176,0.351840345025693,0.49463362562810176,0.24869350175742913,0.5,0.0,0.32834350315332206,0.32129225930544175,0.008571428571428572,0.0,0.32834350315332206,0.32129225930544175,0.008571428571428572,0.0,0.0,0.0,0.0,0.0,0.0,0.5,0.0,11.794285714285714,0.0,0.0,0.0,0.0,0,0.0,0.0,0.0,0.0,0.0,0.0,0.0,0.1,0.0,0.1,0.05,0.08,0.0,0.25,0.25
1,0.3614004609234986,0.49390555999924485,0.3614004609234986,0.49390555999924485,0.24869350175742913,0.5012651751254091,0.6657142857142857,0.3293149317247506,0.3220208307340132,0.008571428571428572,0.6657142857142857,0.3293149317247506,0.3220208307340132,0.008571428571428572,0.025714285714285714,0.025714285714285714,0.0,0.02857142857142857,0.0,0.0,0.03446367979646564,0.13196634914903713,11.794285714285714,0.0,0.0,0.15,0.08,28,0.0038571428571428576,0.0,0.025714285714285714,0.0,0.0,1.0,0.0,0.1,0.0,0.1,0.05,0.08,0.025714285714285714,0.25,0.25
2,0.3714096208816833,0.49330849562467594,0.3714096208816833,0.49330849562467594,0.24869350175742913,0.5022765541251655,0.88,0.33005778886760784,0.32257797359115603,0.008571428571428572,0.88,0.33005778886760784,0.32257797359115603,0.008571428571428572,0.02,0.02,0.0,0.014285714285714285,0.0,0.0,0.03446367979646564,0.13196634914903713,11.794285714285714,0.0,0.0,0.15,0.08,25,0.006837857142857143,0.0,0.045200000000000004,0.0,0.0,0.8571428571428571,0.0,0.1,0.0,0.1,0.05,0.08,0.02,0.25,0.25
3,0.38226155867272293,0.49338272512543185,0.38226155867272293,0.49338272512543185,0.24869350175742913,0.5033454165311341,0.9457142857142857,0.33074350315332207,0.3230922593054418,0.011428571428571429,0.9457142857142857,0.33074350315332207,0.3230922593054418,0.011428571428571429,0.017142857142857144,0.017142857142857144,0.0,0.02,0.0,0.0,0.03446367979646564,0.13196634914903713,11.794285714285714,0.0,0.0,0.15,0.08,22,0.00937509642857143,0.0,0.06143885714285714,0.0,0.0,1.0,0.0,0.1,0.0,0.1,0.05,0.08,0.017142857142857144,0.25,0.25
4,0.3906784689606703,0.49255938570962843,0.3906784689606703,0.49255938570962843,0.24869350175742913,0.50271850799123,0.9342857142857143,0.3320577888676078,0.3240779735911561,0.014285714285714285,0.9342857142857143,0.3320577888676078,0.3240779735911561,0.014285714285714285,0.03142857142857143,0.03428571428571429,0.0,0.037142857142857144,0.0,0.0,0.03446367979646564,0.13196634914903713,11.794285714285714,0.0,0.0,0.15,0.08,22,0.01447107808928571,0.0,0.0944957942857143,0.0,0.0,0.8333333333333334,0.0,0.1,0.0,0.1,0.05,0.08,0.03142857142857143,0.25,0.25
5,0.39919181070608,0.493813223750408,0.39919181070608,0.493813223750408,0.24869350175742913,0.5009469224584501,0.8828571428571429,0.33286126588402004,0.3247208307340132,0.017142857142857144,0.8828571428571429,0.33286126588402004,0.3247208307340132,0.017142857142857144,0.022857142857142857,0.022857142857142857,0.0,0.03428571428571429,0.0,0.0,0.03446367979646564,0.13196634914903713,11.794285714285714,0.0,0.0,0.15,0.08,20,0.017827294127410714,0.0,0.11546302125714285,0.0,0.0,0.875,0.0,0.1,0.0,0.1,0.05,0.08,0.022857142857142857,0.25,0.25
6,0.40969152789486907,0.49331316739453207,0.40969152789486907,0.49331316739453207,0.24869350175742913,0.5006135133479955,0.8857142857142857,0.33337555159830573,0.32523511644829894,0.017142857142857144,0.8857142857142857,0.33337555159830573,0.32523511644829894,0.017142857142857144,0.02,0.02,0.0,0.017142857142857144,0.0,0.0,0.03446367979646564,0.13196634914903713,11.794285714285714,0.0,0.0,0.15,0.08,20,0.02073815765677366,0.0,0.133153760832,0.0,0.0,1.0,0.0,0.1,0.0,0.1,0.05,0.08,0.02,0.25,0.25
7,0.4194957355655572,0.49395415825812183,0.4194957355655572,0.49395415825812183,0.24869350175742913,0.5001933606683111,0.9142857142857143,0.33360412302687714,0.3254065450197275,0.017142857142857144,0.9142857142857143,0.33360412302687714,0.3254065450197275,0.017142857142857144,0.005714285714285714,0.005714285714285714,0.0,0.02,0.0,0.0,0.03446367979646564,0.13196634914903713,11.794285714285714,0.0,0.0,0.15,0.08,19,0.02149160972563265,0.0,0.13620497132964568,0.0,0.0,1.0,0.0,0.1,0.0,0.1,0.05,0.08,0.005714285714285714,0.25,0.25
8,0.4293262327677501,0.493997515863077,0.4293262327677501,0.493997515863077,0.24869350175742913,0.49951807425980405,0.9285714285714286,0.33440412302687716,0.3260065450197275,0.017142857142857144,0.9285714285714286,0.33440412302687716,0.3260065450197275,0.017142857142857144,0.02,0.02,0.0,0.03142857142857143,0.0,0.0,0.03446367979646564,0.13196634914903713,11.794285714285714,0.0,0.0,0.15,0.08,17,0.024384151677004487,0.0,0.1534808719030528,0.0,0.0,0.7142857142857143,0.0,0.1,0.0,0.1,0.05,0.08,0.02,0.25,0.25
9,0.43868635268120704,0.49472690750355747,0.43868635268120704,0.49472690750355747,0.24869350175742913,0.4990630382378573,0.8971428571428571,0.3349755515983057,0.3264351164482989,0.017142857142857144,0.8971428571428571,0.3349755515983057,0.3264351164482989,0.017142857142857144,0.014285714285714285,0.014285714285714285,0.0,0.014285714285714285,0.0,0.0,0.03446367979646564,0.13196634914903713,11.794285714285714,0.0,0.0,0.15,0.08,17,0.026405088061476605,0.0,0.16469696875070602,0.0,0.0,1.0,0.0,0.1,0.0,0.1,0.05,0.08,0.014285714285714285,0.25,0.25
10,0.44811492923413004,0.49442731831562997,0.44811492923413004,0.49442731831562997,0.24869350175742913,0.4984308277133233,0.9085714285714286,0.33617555159830576,0.3273351164482989,0.017142857142857144,0.9085714285714286,0.33617555159830576,0.3273351164482989,0.017142857142857144,0.03142857142857143,0.03428571428571429,0.0,0.017142857142857144,0.0,0.0,0.03446367979646564,0.13196634914903713,11.794285714285714,0.0,0.0,0.15,0.08,17,0.031415919764026363,0.0,0.1956887436614062,0.0,0.0,0.8333333333333334,0.0,0.1,0.0,0.1,0.05,0.08,0.03142857142857143,0.25,0.25
11,0.4575065392544164,0.4949847374447801,0.4575065392544164,0.4949847374447801,0.24869350175742913,0.49784505947746616,0.9114285714285715,0.3372528979876254,0.3281494021625846,0.02,0.9114285714285715,0.3372528979876254,0.3281494021625846,0.02,0.03142857142857143,0.03142857142857143,0.0,0.011428571428571429,0.0,0.0,0.03446367979646564,0.13196634914903713,11.794285714285714,0.0,0.0,0.15,0.08,14,0.035973125879491946,0.0,0.22320354021674949,0.0,0.0,0.8181818181818182,0.0,0.1,0.0,0.1,0.05,0.08,0.03142857142857143,0.25,0.25
12,0.46677380023250536,0.4951535194938156,0.46677380023250536,0.4951535194938156,0.24869350175742913,0.4969546764266435,0.9085714285714286,0.33771004084476824,0.32857797359115604,0.02,0.9085714285714286,0.33771004084476824,0.32857797359115604,0.02,0.014285714285714285,0.014285714285714285,0.0,0.02,0.0,0.0,0.03446367979646564,0.13196634914903713,11.794285714285714,0.0,0.0,0.15,0.08,12,0.03793611739295163,0.0,0.23302518369812877,0.0,0.0,0.8,0.0,0.1,0.0,0.1,0.05,0.08,0.014285714285714285,0.25,0.25
13,0.47618267627773253,0.49540434306982095,0.47618267627773253,0.49540434306982095,0.24869350175742913,0.4963322905887169,0.9228571428571428,0.33839575513048253,0.3292636878768703,0.02,0.9228571428571428,0.33839575513048253,0.3292636878768703,0.02,0.02,0.022857142857142857,0.0,0.008571428571428572,0.0,0.0,0.03446367979646564,0.13196634914903713,11.794285714285714,0.0,0.0,0.15,0.08,11,0.04107022513691691,0.0,0.251221822881309,0.0,0.0,1.0,0.0,0.1,0.0,0.1,0.05,0.08,0.02,0.25,0.25
14,0.4855122193014218,0.4960875159395515,0.4855122193014218,0.4960875159395515,0.24869350175742913,0.4954374244736856,0.9085714285714286,0.3395386122733397,0.33029225930544176,0.022857142857142857,0.9085714285714286,0.3395386122733397,0.33029225930544176,0.022857142857142857,0.03142857142857143,0.03428571428571429,0.0,0.011428571428571429,0.0,0.0,0.03446367979646564,0.13196634914903713,11.794285714285714,0.0,0.0,0.15,0.08,10,0.04560773115408947,0.0,0.2804831007093972,0.0,0.0,1.0,0.0,0.1,0.0,0.1,0.05,0.08,0.03142857142857143,0.25,0.25
15,0.49602310521191184,0.4958651217315398,0.49602310521191184,0.4958651217315398,0.24869350175742913,0.4955025681956361,0.9171428571428571,0.34013242182661785,0.3309351164482989,0.025714285714285714,0.9171428571428571,0.34013242182661785,0.3309351164482989,0.025714285714285714,0.025714285714285714,0.025714285714285714,0.0,0.002857142857142857,0.0,0.0,0.03446367979646564,0.13196634914903713,11.794285714285714,0.0,0.0,0.15,0.08,7,0.049236835355461875,0.0,0.30058772440949494,0.0,0.0,0.8888888888888888,0.0,0.1,0.0,0.1,0.05,0.08,0.025714285714285714,0.25,0.25
16,0.5047050147100508,0.49573541936750953,0.5047050147100508,0.49573541936750953,0.24869350175742913,0.4954613078526267,0.9057142857142857,0.3414467075409036,0.33214983976839735,0.02857142857142857,0.9057142857142857,0.3414467075409036,0.33214983976839735,0.02857142857142857,0.04285714285714286,0.04285714285714286,0.0,0.005714285714285714,0.0,0.0,0.03446367979646564,0.13196634914903713,11.794285714285714,0.0,0.0,0.15,0.08,5,0.05419050832154171,0.0,0.3374331127784479,0.0,0.0,1.0,0.0,0.1,0.0,0.1,0.05,0.08,0.04285714285714286,0.25,0.25
17,0.5125659064631003,0.49592439406401645,0.5125659064631003,0.49592439406401645,0.24869350175742913,0.495283691787223,0.9257142857142857,0.3420181361123321,0.33266412548268304,0.03142857142857143,0.9257142857142857,0.3420181361123321,0.33266412548268304,0.03142857142857143,0.017142857142857144,0.017142857142857144,0.0,0.008571428571428572,0.0,0.0,0.03446367979646564,0.13196634914903713,11.794285714285714,0.0,0.0,0.15,0.08,4,0.05647225162314265,0.0,0.34782730766573605,0.0,0.0,1.0,0.0,0.1,0.0,0.1,0.05,0.08,0.017142857142857144,0.25,0.25
18,0.5222040931944171,0.4962301099052879,0.5222040931944171,0.4962301099052879,0.24869350175742913,0.49422518891522604,0.9257142857142857,0.34264670754090354,0.3332212683398258,0.03142857142857143,0.9257142857142857,0.34264670754090354,0.3332212683398258,0.03142857142857143,0.02,0.02,0.0,0.008571428571428572,0.0,0.0,0.03446367979646564,0.13196634914903713,11.794285714285714,0.0,0.0,0.15,0.08,3,0.05878989036502694,0.0,0.3608707615124213,0.0,0.0,1.0,0.0,0.1,0.0,0.1,0.05,0.08,0.02,0.25,0.25
19,0.5304732041147401,0.4965386543670773,0.5304732041147401,0.4965386543670773,0.24869350175742913,0.4929215364770313,0.92,0.34414461341147184,0.33446412548268295,0.03142857142857143,0.92,0.34414461341147184,0.33446412548268295,0.03142857142857143,0.045714285714285714,0.045714285714285714,0.0,0.008571428571428572,0.0,0.0,0.03446367979646564,0.13196634914903713,11.794285714285714,0.0,0.0,0.15,0.08,3,0.06493626221977149,0.13788625776011418,0.39936763199645864,0.7122464998271222,0.0,0.875,0.0,0.1,0.0,0.1,0.05,0.08,0.045714285714285714,0.25,0.25
20,0.5405284521446823,0.49667250566656346,0.5405284521446823,0.49667250566656346,0.24869350175742913,0.49167946872789525,0.9114285714285715,0.34505889912575755,0.33532126833982584,0.03142857142857143,0.9114285714285715,0.34505889912575755,0.33532126833982584,0.03142857142857143,0.025714285714285714,0.02857142857142857,0.0,0.014285714285714285,0.0,0.0,0.03446367979646564,0.13196634914903713,11.794285714285714,0.0,0.0,0.15,0.08,2,0.06889729519438692,0.13843966859613538,0.419951707927958,0.7237977205924956,0.0,0.9,0.0,0.1,0.0,0.1,0.05,0.08,0.025714285714285714,0.25,0.25
21,0.5484841634065519,0.49696317573417664,0.5484841634065519,0.49696317573417664,0.24869350175742913,0.49031589406699205,0.9,0.3462588991257575,0.33622126833982585,0.03142857142857143,0.9,0.3462588991257575,0.33622126833982585,0.03142857142857143,0.037142857142857144,0.037142857142857144,0.0,0.014285714285714285,0.0,0.0,0.03446367979646564,0.13196634914903713,11.794285714285714,0.0,0.0,0.15,0.08,0,0.07333764853128638,0.13823937518482593,0.44869553091225595,0.7200968702513383,0.0,0.9230769230769231,0.0,0.1,0.0,0.1,0.05,0.08,0.037142857142857144,0.25,0.25
22,0.5586820730545429,0.4974754053885588,0.5586820730545429,0.4974754053885588,0.24869350175742913,0.48896571020928997,0.8914285714285715,0.34665889912575754,0.3365212683398258,0.03142857142857143,0.8914285714285715,0.34665889912575754,0.3365212683398258,0.03142857142857143,0.011428571428571429,0.011428571428571429,0.0,0.002857142857142857,0.0,0.0,0.03446367979646564,0.13196634914903713,11.794285714285714,0.0,0.0,0.15,0.08,0,0.07468524600291564,0.14195318697201642,0.45115019172258225,0.8007313507497957,0.0,0.75,0.0,0.1,0.0,0.1,0.05,0.08,0.011428571428571429,0.25,0.25
23,0.569635417702947,0.4972211332623859,0.569635417702947,0.4972211332623859,0.24869350175742913,0.4877574183848615,0.8971428571428571,0.3473446134114718,0.3373320928369282,0.03142857142857143,0.8971428571428571,0.3473446134114718,0.3373320928369282,0.03142857142857143,0.03142857142857143,0.03428571428571429,0.0,0.011428571428571429,0.0,0.0,0.03446367979646564,0.13196634914903713,11.794285714285714,0.0,0.0,0.15,0.08,0,0.07756725546934749,0.14124342103715634,0.47641290217384485,0.7847167237347998,0.0,1.0,0.0,0.1,0.0,0.1,0.05,0.08,0.03142857142857143,0.25,0.25
24,0.5770949988936906,0.49698774395067014,0.5770949988936906,0.49698774395067014,0.24869350175742913,0.4867579774137384,0.9142857142857143,0.34810973078034774,0.3381035214083568,0.03428571428571429,0.9142857142857143,0.34810973078034774,0.3381035214083568,0.03428571428571429,0.02857142857142857,0.03142857142857143,0.0,0.005714285714285714,0.0,0.0,0.03446367979646564,0.13196634914903713,11.794285714285714,0.0,0.0,0.15,0.08,0,0.08026253683406738,0.14053720393197056,0.4983132155589394,0.7690223892601038,0.0,1.0,0.0,0.1,0.0,0.1,0.05,0.08,0.02857142857142857,0.25,0.25
25,0.5864342125000502,0.4960543250922719,0.5864342125000502,0.4960543250922719,0.24869350175742913,0.48580144233113554,0.9171428571428571,0.34949725780677465,0.3393892356940711,0.03428571428571429,0.9171428571428571,0.34949725780677465,0.3393892356940711,0.03428571428571429,0.054285714285714284,0.054285714285714284,0.0,0.022857142857142857,0.0,0.0,0.03446367979646564,0.13196634914903713,11.794285714285714,0.0,0.0,0.15,0.08,0,0.08548517935787203,0.1398345179123107,0.5426326655334749,0.7536419414749017,0.0,1.0,0.0,0.1,0.0,0.1,0.05,0.08,0.054285714285714284,0.25,0.25
26,0.5959769962638561,0.49517389653324456,0.5959769962638561,0.49517389653324456,0.24869350175742913,0.48490346905241544,0.9057142857142857,0.35016596560283,0.3402892356940711,0.037142857142857144,0.9057142857142857,0.35016596560283,0.3402892356940711,0.037142857142857144,0.037142857142857144,0.04,0.0,0.025714285714285714,0.0,0.0,0.03446367979646564,0.13196634914903713,11.794285714285714,0.0,0.0,0.15,0.08,0,0.08885576130038625,0.13913534532274913,0.5717800122228054,0.7385691026454037,0.0,1.0,0.0,0.1,0.0,0.1,0.05,0.08,0.037142857142857144,0.25,0.25
27,0.6050924939767026,0.4952052417242669,0.6050924939767026,0.4952052417242669,0.24869350175742913,0.4840372749826856,0.9028571428571428,0.3511945370314014,0.34114087024564704,0.04,0.9028571428571428,0.3511945370314014,0.34114087024564704,0.04,0.04,0.04285714285714286,0.0,0.011428571428571429,0.0,0.0,0.03446367979646564,0.13196634914903713,11.794285714285714,0.0,0.0,0.15,0.08,0,0.09152576820817002,0.13843966859613538,0.6032015548354922,0.7237977205924956,0.0,1.0,0.0,0.1,0.0,0.1,0.05,0.08,0.04,0.25,0.25
28,0.6144179464403143,0.49551430912062977,0.6144179464403143,0.49551430912062977,0.24869350175742913,0.4829038210921257,0.9114285714285715,0.3522245751215552,0.3421260264575608,0.04285714285714286,0.9114285714285715,0.3522245751215552,0.3421260264575608,0.04285714285714286,0.04,0.04,0.0,0.025714285714285714,0.0,0.0,0.03446367979646564,0.13196634914903713,11.794285714285714,0.0,0.0,0.15,0.08,0,0.09432456865284344,0.1377474702531547,0.6311375237387822,0.7093217661806457,0.0,1.0,0.0,0.1,0.0,0.1,0.05,0.08,0.04,0.25,0.25
29,0.6238662915500398,0.49540406563766176,0.6238662915500398,0.49540406563766176,0.24869350175742913,0.48223172975294487,0.8914285714285715,0.35298874223169474,0.343068883600418,0.045714285714285714,0.8914285714285715,0.35298874223169474,0.343068883600418,0.045714285714285714,0.04,0.04285714285714286,0.0,0.03428571428571429,0.0,0.0,0.03446367979646564,0.13196634914903713,11.794285714285714,0.0,0.0,0.15,0.08,0,0.0978243743810078,0.13795617501907034,0.6613719161211494,0.7137537837100723,0.0,0.8666666666666667,0.0,0.1,0.0,0.1,0.05,0.08,0.04,0.25,0.25
30,0.6313421222931318,0.49416179531654386,0.6313421222931318,0.49416179531654386,0.24869350175742913,0.48198502130519116,0.8628571428571429,0.35384588508883763,0.34384031217184646,0.04857142857142857,0.8628571428571429,0.35384588508883763,0.34384031217184646,0.04857142857142857,0.04,0.04,0.0,0.04857142857142857,0.0,0.0,0.03446367979646564,0.13196634914903713,11.794285714285714,0.0,0.0,0.15,0.08,0,0.1017918246519599,0.13941712948767593,0.6881444777987265,0.7447853274558442,0.0,0.9285714285714286,0.0,0.1,0.0,0.1,0.05,0.08,0.04,0.25,0.25
31,0.6394505897089559,0.4949476833752872,0.6394505897089559,0.4949476833752872,0.24869350175742913,0.4821520819173287,0.9114285714285715,0.35495589376314335,0.3451260264575608,0.04857142857142857,0.9114285714285715,0.35495589376314335,0.3451260264575608,0.04857142857142857,0.045714285714285714,0.04857142857142857,0.0,0.03428571428571429,0.0,0.0,0.03446367979646564,0.13196634914903713,11.794285714285714,0.0,0.0,0.15,0.08,0,0.10600084470220787,0.13872004384023753,0.7229530168141804,0.7298896209067274,0.0,1.0,0.0,0.1,0.0,0.1,0.05,0.08,0.045714285714285714,0.25,0.25
32,0.6460733781906196,0.4944320874581986,0.6460733781906196,0.4944320874581986,0.24869350175742913,0.482428806370675,0.9085714285714286,0.3554970592870639,0.3461545978861322,0.05142857142857143,0.9085714285714286,0.3554970592870639,0.3461545978861322,0.05142857142857143,0.04857142857142857,0.04857142857142857,0.0,0.03428571428571429,0.0,0.0,0.03446367979646564,0.13196634914903713,11.794285714285714,0.0,0.0,0.15,0.08,0,0.10878412762155398,0.13802644362103636,0.7570653850493253,0.7152918284885929,0.0,1.0,0.0,0.1,0.0,0.1,0.05,0.08,0.04857142857142857,0.25,0.25
33,0.6548100547564273,0.4954545977033089,0.6548100547564273,0.4954545977033089,0.24869350175742913,0.48236897994905664,0.8942857142857142,0.356823178563374,0.34737050484200327,0.054285714285714284,0.8942857142857142,0.356823178563374,0.34737050484200327,0.054285714285714284,0.07142857142857142,0.07142857142857142,0.0,0.02857142857142857,0.0,0.0,0.03446367979646564,0.13196634914903713,11.794285714285714,0.0,0.0,0.15,0.08,0,0.11282035186433971,0.13733631140293118,0.8133526487769103,0.7009859919188209,0.0,1.0,0.0,0.1,0.0,0.1,0.05,0.08,0.07142857142857142,0.25,0.25
34,0.6626829908210374,0.49556563497109496,0.6626829908210374,0.49556563497109496,0.24869350175742913,0.48267229775961296,0.9371428571428572,0.35740358062944355,0.34818333733762424,0.06,0.9371428571428572,0.35740358062944355,0.34818333733762424,0.06,0.045714285714285714,0.05142857142857143,0.0,0.03428571428571429,0.0,0.0,0.03446367979646564,0.13196634914903713,11.794285714285714,0.0,0.0,0.15,0.08,0,0.11552349679684475,0.1392052625817053,0.8485141672299436,0.7400763865283538,0.0,0.9444444444444444,0.0,0.1,0.0,0.1,0.05,0.08,0.045714285714285714,0.25,0.25
35,0.6736058967908058,0.4952132706667764,0.6736058967908058,0.4952132706667764,0.24869350175742913,0.48279191544162914,0.9371428571428572,0.3578636398416174,0.3491798791245945,0.06285714285714286,0.9371428571428572,0.3578636398416174,0.3491798791245945,0.06285714285714286,0.06285714285714286,0.06285714285714286,0.0,0.03428571428571429,0.0,0.0,0.03446367979646564,0.13196634914903713,11.794285714285714,0.0,0.0,0.15,0.08,0,0.11797316788071766,0.1392052625817053,0.8944010267424876,0.7400763865283538,0.0,0.9545454545454546,0.0,0.1,0.0,0.1,0.05,0.08,0.06285714285714286,0.25,0.25
36,0.6822743763126671,0.49409530044564265,0.6822743763126671,0.49409530044564265,0.24869350175742913,0.4830545359265736,0.9314285714285714,0.35854935412733163,0.3499513076960231,0.06285714285714286,0.9314285714285714,0.35854935412733163,0.3499513076960231,0.06285714285714286,0.054285714285714284,0.05714285714285714,0.0,0.025714285714285714,0.0,0.0,0.03446367979646564,0.13196634914903713,11.794285714285714,0.0,0.0,0.15,0.08,0,0.120725853324213,0.1392052625817053,0.9336558633504949,0.7400763865283538,0.0,0.95,0.0,0.1,0.0,0.1,0.05,0.08,0.054285714285714284,0.25,0.25
37,0.6915498330764542,0.49409217069702466,0.6915498330764542,0.49409217069702466,0.24869350175742913,0.4830862891531723,0.8971428571428571,0.3597636452458231,0.35106024432941096,0.06285714285714286,0.8971428571428571,0.3597636452458231,0.35106024432941096,0.06285714285714286,0.05714285714285714,0.06571428571428571,0.0,0.04285714285714286,0.0,0.0,0.03446367979646564,0.13196634914903713,11.794285714285714,0.0,0.0,0.15,0.08,0,0.12557908120044906,0.13850923626879677,0.9806970317977708,0.7252748587977867,0.0,1.0,0.0,0.1,0.0,0.1,0.05,0.08,0.05714285714285714,0.25,0.25
38,0.7009978796464204,0.49336686718586187,0.7009978796464204,0.49336686718586187,0.24869350175742913,0.4830805738502735,0.9028571428571428,0.3601636452458231,0.3514888157579824,0.06571428571428571,0.9028571428571428,0.3601636452458231,0.3514888157579824,0.06571428571428571,0.04,0.04,0.0,0.037142857142857144,0.0,0.0,0.03446367979646564,0.13196634914903713,11.794285714285714,0.0,0.0,0.15,0.08,0,0.12660747222301824,0.1378166900874528,1.0010830911618154,0.710769361621831,0.0,1.0,0.0,0.1,0.0,0.1,0.05,0.08,0.04,0.25,0.25
39,0.7116610614482906,0.4930980201227531,0.7116610614482906,0.4930980201227531,0.24869350175742913,0.48302404991987447,0.8857142857142857,0.3609636452458231,0.3527316729008396,0.06857142857142857,0.8857142857142857,0.3609636452458231,0.3527316729008396,0.06857142857142857,0.06571428571428571,0.07428571428571429,0.0,0.037142857142857144,0.0,0.0,0.03446367979646564,0.13196634914903713,11.794285714285714,0.0,0.0,0.15,0.08,0,0.12958912248183505,0.13712760663701554,1.0553471436242932,0.6965539743893944,0.0,1.0,0.0,0.1,0.0,0.1,0.05,0.08,0.06571428571428571,0.25,0.25
40,0.7211306012937165,0.4926244713666071,0.7211306012937165,0.4926244713666071,0.24869350175742913,0.483076207764113,0.9257142857142857,0.36202473447260364,0.353926498631644,0.06857142857142857,0.9257142857142857,0.36202473447260364,0.353926498631644,0.06857142857142857,0.06,0.06571428571428571,0.0,0.05142857142857143,0.0,0.0,0.03446367979646564,0.13196634914903713,11.794285714285714,0.0,0.0,0.15,0.08,0,0.13242471643235434,0.13644196860383045,1.099954486466093,0.6826228949016064,0.0,1.0,0.0,0.1,0.0,0.1,0.05,0.08,0.06,0.25,0.25
41,0.730075222804977,0.4927229792984174,0.730075222804977,0.4927229792984174,0.24869350175742913,0.48298793162611675,0.9428571428571428,0.36300256993890667,0.35534078434592975,0.06857142857142857,0.9428571428571428,0.36300256993890667,0.35534078434592975,0.06857142857142857,0.08,0.08571428571428572,0.0,0.08,0.0,0.0,0.03430995879024744,0.13196634914903713,11.794285714285714,0.0,0.0,0.15,0.08,0,0.13653288141804973,0.14124342103715634,1.163669682451057,0.7847167237347998,0.0,0.9333333333333333,0.0,0.1,0.0,0.112,0.05,0.08,0.08,0.25,0.25
42,0.7392498248427599,0.49246822673959983,0.7392498248427599,0.49246822673959983,0.24869350175742913,0.48294009464101373,0.9142857142857143,0.3632834117323345,0.3562843836625223,0.06857142857142857,0.9142857142857143,0.3632834117323345,0.3562843836625223,0.06857142857142857,0.06,0.06571428571428571,0.0,0.09428571428571429,0.0,0.0,0.03430995879024744,0.13196634914903713,11.794285714285714,0.0,0.0,0.15,0.08,0,0.1368358138108575,0.14053720393197056,1.2061105745163214,0.7690223892601038,0.0,1.0,0.0,0.1,0.0,0.112,0.05,0.08,0.06,0.25,0.25
43,0.748394812416103,0.49227334940092465,0.748394812416103,0.49227334940092465,0.24869350175742913,0.48284074385193354,0.8857142857142857,0.3638548403037631,0.35722724080537943,0.06857142857142857,0.8857142857142857,0.3638548403037631,0.35722724080537943,0.06857142857142857,0.06571428571428571,0.08,0.0,0.10285714285714286,0.0,0.0,0.03430995879024744,0.13196634914903713,11.794285714285714,0.0,0.0,0.15,0.08,0,0.13883649259894607,0.1398345179123107,1.2619883630259952,0.7536419414749017,0.0,1.0,0.0,0.1,0.0,0.112,0.05,0.08,0.06571428571428571,0.25,0.25
44,0.7548592078398948,0.49278827626907706,0.7548592078398948,0.49278827626907706,0.24869350175742913,0.48271506080428894,0.86,0.3641976974466202,0.3580415265196652,0.07142857142857142,0.86,0.3641976974466202,0.3580415265196652,0.07142857142857142,0.07714285714285714,0.08285714285714285,0.0,0.12571428571428572,0.0,0.0,0.03430995879024744,0.13196634914903713,11.794285714285714,0.0,0.0,0.15,0.08,0,0.13999816942166562,0.13913534532274913,1.319605738622618,0.7385691026454037,0.0,1.0,0.0,0.1,0.0,0.112,0.05,0.08,0.07714285714285714,0.25,0.25
45,0.7620993747925315,0.4931601912348343,0.7620993747925315,0.4931601912348343,0.24869350175742913,0.4825562204918832,0.9028571428571428,0.36459769744662024,0.35904905749164273,0.07142857142857142,0.9028571428571428,0.36459769744662024,0.35904905749164273,0.07142857142857142,0.08285714285714285,0.09142857142857143,0.0,0.15714285714285714,0.0,0.0,0.03415976931822317,0.13196634914903713,11.794285714285714,0.0,0.0,0.15,0.08,0,0.1414978928602716,0.13843966859613538,1.384642195278737,0.7237977205924956,0.0,1.0,0.0,0.1,0.0,0.12382857142857143,0.05,0.08,0.08285714285714285,0.25,0.25
46,0.7710000398000866,0.493496219708996,0.7710000398000866,0.493496219708996,0.24869350175742913,0.4825223266598719,0.9057142857142857,0.36545484030376313,0.35972544865159284,0.07142857142857142,0.9057142857142857,0.36545484030376313,0.35972544865159284,0.07142857142857142,0.06,0.07142857142857142,0.0,0.17714285714285713,0.0,0.0,0.03415976931822317,0.13196634914903713,11.794285714285714,0.0,0.0,0.15,0.08,0,0.14399089261573927,0.1377474702531547,1.4283779228017337,0.7093217661806457,0.0,1.0,0.0,0.1,0.0,0.12382857142857143,0.05,0.08,0.06,0.25,0.25
47,0.7778466999032405,0.49325536558764327,0.7778466999032405,0.49325536558764327,0.24869350175742913,0.4825419906920621,0.9057142857142857,0.365720591004577,0.36034617750234826,0.07142857142857142,0.9057142857142857,0.365720591004577,0.36034617750234826,0.07142857142857142,0.07428571428571429,0.08,0.0,0.21714285714285714,0.002857142857142857,0.0,0.03415976931822317,0.13196634914903713,11.794285714285714,0.0,0.0,0.15,0.08,0,0.14472708172408916,0.13705873290188894,1.4798103643456988,0.6951353308570327,0.0,1.0,0.0,0.1,0.0,0.12382857142857143,0.05,0.08,0.07428571428571429,0.25,0.25
48,0.7819207735153243,0.4930107085353821,0.7819207735153243,0.4930107085353821,0.24869350175742913,0.4826020430664406,0.9342857142857143,0.36617773386171987,0.3609033203594911,0.07142857142857142,0.9342857142857143,0.36617773386171987,0.3609033203594911,0.07142857142857142,0.06571428571428571,0.07142857142857142,0.0,0.24857142857142858,0.005714285714285714,0.0,0.03415976931822317,0.13196634914903713,11.794285714285714,0.0,0.0,0.15,0.08,0,0.1457429849264601,0.1363734392373795,1.5216427284873564,0.6812326242398921,0.0,1.0,0.0,0.1,0.0,0.12382857142857143,0.05,0.08,0.06571428571428571,0.25,0.25
49,0.7907211242365544,0.492577488523823,0.7907211242365544,0.492577488523823,0.24869350175742913,0.4826792730101327,0.8971428571428571,0.366520591004577,0.3614272727804567,0.07142857142857142,0.8971428571428571,0.366520591004577,0.3614272727804567,0.07142857142857142,0.05142857142857143,0.05714285714285714,0.0,0.23142857142857143,0.002857142857142857,0.0,0.03415976931822317,0.13196634914903713,11.794285714285714,0.0,0.0,0.15,0.08,0,0.14667112714468494,0.13664962984591653,1.5483527310604663,0.6869662720804445,0.0,0.9,0.0,0.1,0.0,0.12382857142857143,0.05,0.08,0.05142857142857143,0.25,0.25
50,0.798650946893657,0.4924588385838416,0.798650946893657,0.4924588385838416,0.24869350175742913,0.48274093751207037,0.86,0.367720591004577,0.3626505839122859,0.07142857142857142,0.86,0.367720591004577,0.3626505839122859,0.07142857142857142,0.08571428571428572,0.11142857142857143,0.0,0.26857142857142857,0.002857142857142857,0.0,0.03401293808681738,0.13196634914903713,11.794285714285714,0.0,0.0,0.15,0.08,0,0.15133606007681866,0.1392052625817053,1.6288142478678285,0.7400763865283538,0.0,0.9487179487179487,0.0,0.1,0.0,0.1354942857142857,0.05,0.08,0.08571428571428572,0.25,0.25
51,0.8057644568781164,0.49182712419835883,0.8057644568781164,0.49182712419835883,0.24869350175742913,0.4827975597930232,0.8771428571428571,0.3681777338617199,0.3632009326208643,0.07142857142857142,0.8771428571428571,0.3681777338617199,0.3632009326208643,0.07142857142857142,0.07428571428571429,0.08857142857142856,0.0,0.28,0.002857142857142857,0.0,0.03401293808681738,0.13196634914903713,11.794285714285714,0.0,0.0,0.15,0.08,0,0.152035666205006,0.13850923626879677,1.6848093914819005,0.7252748587977867,0.0,1.0,0.0,0.1,0.0,0.1354942857142857,0.05,0.08,0.07428571428571429,0.25,0.25
52,0.8127851369401844,0.49177329726699187,0.8127851369401844,0.49177329726699187,0.24869350175742913,0.48282609192404896,0.8685714285714285,0.36892781510333034,0.3636445578768836,0.07142857142857142,0.8685714285714285,0.36892781510333034,0.3636445578768836,0.07142857142857142,0.09428571428571429,0.10571428571428572,0.0,0.32857142857142857,0.005714285714285714,0.0,0.033858656219415244,0.13196634914903713,11.794285714285714,0.0,0.0,0.15,0.08,0,0.15332242552484152,0.1378166900874528,1.7568274893665479,0.710769361621831,0.0,1.0,0.0,0.1,0.0,0.14786242857142856,0.05,0.08,0.09428571428571429,0.25,0.25
53,0.8199251230912407,0.4912698444985314,0.8199251230912407,0.4912698444985314,0.24869350175742913,0.48296461139147506,0.8828571428571429,0.369042100817616,0.3636445578768836,0.07142857142857142,0.8828571428571429,0.369042100817616,0.3636445578768836,0.07142857142857142,0.06857142857142857,0.08,0.0,0.34285714285714286,0.011428571428571429,0.0,0.033858656219415244,0.13196634914903713,11.794285714285714,0.0,0.0,0.15,0.08,0,0.15332496409366372,0.13712760663701554,1.8016909395792169,0.6965539743893944,0.0,1.0,0.0,0.1,0.0,0.14786242857142856,0.05,0.08,0.06857142857142857,0.25,0.25
54,0.8265435047833027,0.4906650782984993,0.8262700368241093,0.49075093529489533,0.24869350175742913,0.4829722053132339,0.8911174785100286,0.36954708484782933,0.36450625109028534,0.07449856733524356,0.8885714285714286,0.36929948763391046,0.3639017007340265,0.07428571428571429,0.06876790830945559,0.08571428571428572,0.002857142857142857,0.3628571428571429,0.011461318051575931,0.002857142857142857,0.03391499649085185,0.1319663491490371,11.71919770773639,0.0,0.0,0.15,0.08022922636103152,0,0.1539293392731954,0.13644196860383045,1.8513714065019187,0.6826228949016064,0.0,1.0,0.0,0.1,0.0,0.14786242857142856,0.05,0.08,0.07142857142857142,0.25,0.25
55,0.8320046652013092,0.4909256577265962,0.8317155939266357,0.49105860271813606,0.24869350175742913,0.48273289820361065,0.8796561604584527,0.36971900461860296,0.36463519091836555,0.07449856733524356,0.8771428571428571,0.369470916205339,0.3640302721625979,0.07428571428571429,0.06017191977077364,0.07142857142857142,0.002857142857142857,0.4,0.011461318051575931,0.0,0.03393625443714965,0.1319663491490371,11.71919770773639,0.0,0.0,0.15,0.08022922636103152,0,0.15458740757682943,0.1367195471048727,1.8857725498004516,0.6884735559633947,0.0,0.96,0.0,0.1,0.0,0.14786242857142856,0.05,0.08,0.06017191977077364,0.25,0.25
56,0.8386690937032605,0.490392043420913,0.8383609812042957,0.49055192157079286,0.24869350175742913,0.48262489541556114,0.8968481375358166,0.3702347639309239,0.36502201040260623,0.07736389684813753,0.8942857142857142,0.3699852019196247,0.3644159864483122,0.07714285714285714,0.08882521489971347,0.11142857142857143,0.002857142857142857,0.44857142857142857,0.011461318051575931,0.0,0.03380044362891045,0.1319663491490371,11.71919770773639,0.0,0.0,0.15,0.08022922636103152,0,0.15682166677192544,0.13970462049261662,1.959485670233014,0.7515247457055382,0.0,0.9487179487179487,0.0,0.1,0.0,0.15879308937781417,0.05,0.08,0.08882521489971347,0.25,0.25
57,0.8427659719311549,0.49058499976893993,0.8424461540658246,0.4907078808168587,0.24869350175742913,0.4825022131767099,0.8653295128939829,0.37034937711143967,0.3652798900587667,0.07736389684813753,0.8628571428571429,0.37009948763391043,0.36467312930545503,0.07714285714285714,0.08882521489971347,0.09428571428571429,0.002857142857142857,0.46,0.011461318051575931,0.0,0.03367244960150013,0.1319663491490371,11.71919770773639,0.0,0.0,0.15,0.08022922636103152,0,0.15689284843449441,0.13900609739015352,2.0145816711140676,0.7364942507914275,0.0,1.0,0.0,0.1,0.0,0.16917721714388048,0.05,0.08,0.08882521489971347,0.25,0.25
58,0.8480712787594084,0.4906657421237303,0.8477363028745686,0.490813054604953,0.24869350175742913,0.48251696227082186,0.8538681948424068,0.37063591006272906,0.3654947897722337,0.07736389684813753,0.8514285714285714,0.3703852019196247,0.36488741501974076,0.07714285714285714,0.07163323782234957,0.08571428571428572,0.002857142857142857,0.5142857142857142,0.017191977077363897,0.0,0.03367244960150013,0.1319663491490371,11.71919770773639,0.0,0.0,0.15,0.08022922636103152,0,0.15742266990660764,0.14345548873190211,2.060004323406072,0.8354492881753136,0.0,0.9333333333333333,0.0,0.1,0.0,0.16917721714388048,0.05,0.08,0.07163323782234957,0.25,0.25
59,0.8531218481532254,0.49151134098493804,0.8527724420701179,0.4915931885163077,0.24869350175742913,0.48242925124895725,0.8739255014326648,0.37120897596530783,0.3659245891991678,0.07736389684813753,0.8714285714285714,0.37095663049105326,0.3653159864483122,0.07714285714285714,0.08595988538681948,0.10285714285714286,0.002857142857142857,0.5314285714285715,0.02005730659025788,0.0,0.033557015143781815,0.1319663491490371,11.71919770773639,0.0,0.0,0.15,0.08022922636103152,0,0.15817769941421747,0.1427382112882426,2.1216613797950936,0.8187403024118074,0.0,1.0,0.0,0.1,0.0,0.1786123390947094,0.05,0.08,0.08595988538681948,0.25,0.25
60,0.8592115139702965,0.49132444036426015,0.8588447088419974,0.49140247109520846,0.24869350175742913,0.4823959144283398,0.8739255014326648,0.37172473527762884,0.3663114086834085,0.07736389684813753,0.8714285714285714,0.371470916205339,0.36570170073402647,0.07714285714285714,0.07449856733524356,0.08285714285714285,0.002857142857142857,0.5657142857142857,0.022922636103151862,0.0,0.033557015143781815,0.1319663491490371,11.71919770773639,0.0,0.0,0.15,0.08022922636103152,0,0.15911961729865517,0.14636082418082813,2.1620852950563343,0.9057655331200002,0.0,0.9310344827586207,0.0,0.1,0.0,0.1786123390947094,0.05,0.08,0.07449856733524356,0.25,0.25
61,0.8648368627435175,0.49100384228793126,0.8649972646366958,0.4905664998536277,0.24869350175742913,0.48239921511027745,0.8904899135446686,0.3723848325920177,0.3670878389301557,0.07780979827089338,0.8828571428571429,0.37164234477676755,0.36583027216259795,0.07714285714285714,0.08357348703170028,0.10285714285714286,0.008571428571428572,0.5885714285714285,0.01440922190201729,0.005714285714285714,0.033469138248243345,0.1319663491490371,11.671469740634006,0.0,0.0,0.15,0.08069164265129683,0,0.1597803056407333,0.14562902005992398,2.221700732012351,0.8876502224576002,0.0,1.0,0.0,0.1,0.0,0.18757570494799683,0.05,0.08,0.08595988538681948,0.25,0.25
62,0.870694529717517,0.490542631037639,0.8708047230366326,0.49013334413324383,0.24869350175742913,0.4823096462488167,0.8501440922190202,0.37261538014245005,0.36734720492439205,0.08069164265129683,0.8428571428571429,0.37187091620533896,0.36608741501974074,0.08,0.06628242074927954,0.08,0.008571428571428572,0.6571428571428571,0.01729106628242075,0.0,0.033489447714304635,0.1319663491490371,11.671469740634006,0.0,0.0,0.15,0.08069164265129683,0,0.16040798338040466,0.14490087495962437,2.2572667173721035,0.8698972180084482,0.0,1.0,0.0,0.1,0.0,0.18757570494799683,0.05,0.08,0.06628242074927954,0.25,0.25
63,0.8732940780397164,0.49008597044436875,0.8733819895160702,0.4897399208869755,0.24869350175742913,0.4824618154033721,0.8097982708933718,0.3733070227937469,0.3680388475756888,0.08069164265129683,0.8028571428571428,0.37255663049105325,0.3667731293054551,0.08,0.0893371757925072,0.11142857142857143,0.008571428571428572,0.7085714285714285,0.020172910662824207,0.0,0.03338028285670003,0.1319663491490371,11.671469740634006,0.0,0.0,0.15,0.08069164265129683,0,0.16066305938043185,0.14417637058482624,2.3235499544532328,0.8524992736482793,0.0,1.0,0.0,0.1,0.0,0.19659749606947308,0.05,0.08,0.0893371757925072,0.25,0.25
64,0.8783779026075342,0.4892918495211304,0.8784222384447353,0.4889631913413856,0.24869350175742913,0.482624833178687,0.8760806916426513,0.37418792799100314,0.3688826613050094,0.08069164265129683,0.8685714285714285,0.37342998507233305,0.3676097103456671,0.08,0.08069164265129683,0.1,0.008571428571428572,0.7457142857142857,0.023054755043227664,0.0,0.033292807589558354,0.1319663491490371,11.671469740634006,0.0,0.0,0.15,0.08069164265129683,0,0.16274289550138685,0.14570253127247088,2.377078955364168,0.8894949587776007,0.0,0.9142857142857143,0.0,0.1,0.0,0.20387136766369396,0.05,0.08,0.08069164265129683,0.25,0.25
65,0.8825325782003081,0.4892504138736794,0.8825413025324282,0.48888618921971183,0.24869350175742913,0.48264782908007003,0.8443804034582133,0.3745337493166516,0.3691591226620816,0.08069164265129683,0.8371428571428572,0.3737728422151902,0.3678838020339644,0.08,0.06340057636887608,0.08857142857142856,0.008571428571428572,0.7828571428571428,0.023054755043227664,0.0,0.033292807589558354,0.1319663491490371,11.671469740634006,0.0,0.0,0.15,0.08069164265129683,0,0.16395604173459422,0.14497401861610854,2.418108804828313,0.8717050596020486,0.0,1.0,0.0,0.1,0.0,0.20387136766369396,0.05,0.08,0.06340057636887608,0.25,0.25
66,0.8873871544717692,0.4893438885280592,0.8873542681501342,0.48902347806013813,0.24869350175742913,0.48268029563718473,0.8443804034582133,0.3746490230918677,0.3692455779934937,0.08069164265129683,0.8371428571428572,0.3738871279294759,0.3679695163196787,0.08,0.08357348703170028,0.10571428571428572,0.008571428571428572,0.82,0.023054755043227664,0.0,0.03320499392069069,0.1319663491490371,11.671469740634006,0.0,0.0,0.15,0.08069164265129683,0,0.16430654866877836,0.14555587640343984,2.4754609144460327,0.8858423808639998,0.0,0.972972972972973,0.0,0.1,0.0,0.2112138223352643,0.05,0.08,0.08357348703170028,0.25,0.25
67,0.8907643428993903,0.49020218952855155,0.8897258903693595,0.49002921712085856,0.24869350175742913,0.48261802180889507,0.869942196531792,0.3745550883936543,0.37012063576848847,0.08092485549132948,0.86,0.3742871279294759,0.36826951631967875,0.08,0.09248554913294797,0.11428571428571428,0.011428571428571429,0.8857142857142857,0.02023121387283237,0.002857142857142857,0.03325571833774405,0.1319663491490371,11.38728323699422,0.0,0.0,0.15,0.08092485549132948,0,0.16542659092186307,0.14512141044428042,2.5402374104428262,0.8754321799220495,0.0,0.975,0.0,0.1,0.0,0.2199182609014982,0.05,0.08,0.09510086455331412,0.25,0.25
68,0.8957752338375048,0.48900510856237683,0.8946795139824667,0.4889205368428838,0.24869350175742913,0.48262206317378287,0.8352601156069365,0.3749503855908792,0.37042410397658093,0.08092485549132948,0.8257142857142857,0.37467790744444673,0.3685695163196787,0.08,0.10115606936416185,0.10857142857142857,0.011428571428571429,0.9314285714285714,0.02601156069364162,0.0,0.03316410917540395,0.1319663491490371,11.38728323699422,0.0,0.0,0.15,0.08092485549132948,0,0.16665460510653946,0.14702242509375,2.5980040908053983,0.9223681599999999,0.0,0.9736842105263158,0.0,0.1,0.0,0.22909575826104758,0.05,0.08,0.10115606936416185,0.25,0.25
69,0.8969915593868514,0.4891947596793425,0.8958819386683922,0.48915226290930136,0.24869350175742913,0.48248939105529937,0.861271676300578,0.37529720640012776,0.37090098258929766,0.08092485549132948,0.8514285714285714,0.3750207645873039,0.3690409448911073,0.08,0.1069364161849711,0.12285714285714286,0.011428571428571429,0.9685714285714285,0.02601156069364162,0.0,0.03305043154365745,0.1319663491490371,11.38728323699422,0.0,0.0,0.15,0.08092485549132948,0,0.1677919042238639,0.14628731296828124,2.6689011518464336,0.9039207967999998,0.0,0.9767441860465116,0.0,0.1,0.0,0.23868143277574086,0.05,0.08,0.1069364161849711,0.25,0.25
70,0.9013341833779726,0.4896169802811306,0.9001749326710436,0.48946290945447296,0.24869350175742913,0.4822109733505645,0.8323699421965318,0.37529720640012776,0.37090098258929766,0.08092485549132948,0.8228571428571428,0.3750207645873039,0.3690409448911073,0.08,0.06647398843930635,0.08285714285714285,0.011428571428571429,1.002857142857143,0.028901734104046242,0.0,0.03305043154365745,0.1319663491490371,11.38728323699422,0.0,0.0,0.15,0.08092485549132948,0,0.1676370911277446,0.14555587640343984,2.6983802716666476,0.8858423808639998,0.0,1.0,0.0,0.1,0.0,0.23868143277574086,0.05,0.08,0.06647398843930635,0.25,0.25
71,0.9060755333584023,0.4890306453829839,0.9048620957945538,0.48884924845273986,0.24869350175742913,0.48200636372114575,0.8092485549132948,0.37529720640012776,0.371117745595078,0.08092485549132948,0.8,0.3750207645873039,0.36925523060539295,0.08,0.0838150289017341,0.10285714285714286,0.011428571428571429,1.0714285714285714,0.028901734104046242,0.0,0.03298395311911943,0.1319663491490371,11.38728323699422,0.0,0.0,0.15,0.08092485549132948,0,0.16759762067210587,0.14482809702142263,2.747269809090457,0.8681255332467198,0.0,1.0,0.0,0.1,0.0,0.24431961547221392,0.05,0.08,0.0838150289017341,0.25,0.25
72,0.9094722912708968,0.4892112517817673,0.9082200336166201,0.48913255825080504,0.24869350175742913,0.481921449364754,0.7861271676300579,0.3754128133365439,0.3712282194409817,0.08092485549132948,0.7771428571428571,0.37513505030158967,0.3693644418930578,0.08,0.07514450867052024,0.08571428571428572,0.011428571428571429,1.1228571428571428,0.028901734104046242,0.0,0.03298395311911943,0.1319663491490371,11.38728323699422,0.0,0.0,0.15,0.08092485549132948,0,0.1677307754258882,0.14410395653631553,2.778038698622934,0.8507630225817854,0.0,1.0,0.0,0.1,0.0,0.24431961547221392,0.05,0.08,0.07514450867052024,0.25,0.25
73,0.9122382853773225,0.4891482018126492,0.9109544163618294,0.48902694579988293,0.24869350175742913,0.48172868551359876,0.815028901734104,0.37586837729705114,0.3715750402502303,0.0838150289017341,0.8057142857142857,0.37558540781683386,0.3697072990359149,0.08285714285714285,0.10115606936416185,0.13714285714285715,0.011428571428571429,1.1742857142857144,0.031791907514450865,0.0,0.03289061274377879,0.1319663491490371,11.38728323699422,0.0,0.0,0.15,0.08092485549132948,0,0.16903267247423373,0.14352790278041283,2.859620781793332,0.8371855392418075,0.0,0.9791666666666666,0.0,0.1,0.0,0.2522770451032275,0.05,0.08,0.10115606936416185,0.25,0.25
74,0.91339353606393,0.4886027102433283,0.9120964641834471,0.4885433470015008,0.24869350175742913,0.4812088375371872,0.8034682080924855,0.37667762585196435,0.3721819766664153,0.08670520231213873,0.7942857142857143,0.3763854078168339,0.37030729903591497,0.08571428571428572,0.08959537572254335,0.10571428571428572,0.011428571428571429,1.2485714285714287,0.031791907514450865,0.0,0.03282263806748984,0.1319663491490371,11.38728323699422,0.0,0.0,0.15,0.08092485549132948,0,0.16973520741026302,0.14432229217951215,2.9081426518717515,0.8552702177221839,0.0,0.972972972972973,0.0,0.1,0.0,0.2581024992064476,0.05,0.08,0.08959537572254335,0.25,0.25
75,0.9165630234369226,0.48929424269124444,0.9153215844245538,0.489145248723356,0.24869350175742913,0.48054925050675246,0.8057971014492754,0.3771133509260986,0.37311075812124767,0.08695652173913043,0.7942857142857143,0.3763854078168339,0.3705010276116771,0.08571428571428572,0.10434782608695652,0.12285714285714286,0.014285714285714285,1.2942857142857143,0.02608695652173913,0.002857142857142857,0.032771634861458655,0.1319663491490371,11.350724637681159,0.0,0.0,0.15,0.08115942028985507,0,0.16977081780178313,0.14360068071861457,2.9728369416914586,0.8381648133677403,0.0,1.0,0.0,0.1,0.0,0.2658043106623102,0.05,0.08,0.10404624277456648,0.25,0.25
76,0.9195545700428416,0.4899398861105289,0.9182703946503882,0.48970349583918094,0.24869350175742913,0.4800459463975428,0.7971014492753623,0.37722929295508406,0.37319771464298673,0.08695652173913043,0.7857142857142857,0.37649969353111956,0.3705867418973914,0.08571428571428572,0.11014492753623188,0.13428571428571429,0.014285714285714285,1.3685714285714285,0.034782608695652174,0.0,0.03268101018817171,0.1319663491490371,11.350724637681159,0.0,0.0,0.15,0.08115942028985507,0,0.17009296371277421,0.14534528731928048,3.0476659171433442,0.8611364714390042,0.0,0.9787234042553191,0.0,0.1,0.0,0.27403583425962946,0.05,0.08,0.11014492753623188,0.25,0.25
77,0.9228016782849491,0.48909531922161675,0.9214711156318942,0.4888154047096014,0.24869350175742913,0.47958037831143535,0.8376811594202899,0.37722929295508406,0.37319771464298673,0.08695652173913043,0.8257142857142857,0.37649969353111956,0.3705867418973914,0.08571428571428572,0.08985507246376812,0.11714285714285715,0.014285714285714285,1.417142857142857,0.04057971014492753,0.0,0.032626017478324186,0.1319663491490371,11.350724637681159,0.0,0.0,0.15,0.08115942028985507,0,0.16992807032278176,0.1446185608826841,3.1038554559433345,0.8439137420102242,0.0,1.0,0.0,0.1,0.0,0.2788123034162132,0.05,0.08,0.08985507246376812,0.25,0.25
78,0.9237464119626285,0.48907968877353614,0.9224023531141784,0.4887266860894803,0.24869350175742913,0.47926444469116275,0.8289855072463768,0.37722929295508406,0.37319771464298673,0.08695652173913043,0.8171428571428572,0.37649969353111956,0.3705867418973914,0.08571428571428572,0.0927536231884058,0.12,0.014285714285714285,1.4628571428571429,0.04057971014492753,0.0,0.03256898174296193,0.1319663491490371,11.350724637681159,0.0,0.0,0.15,0.08115942028985507,0,0.16970657354259644,0.14389546807827067,3.161778346824467,0.8270354671700197,0.0,1.0,0.0,0.1,0.0,0.2837847317236634,0.05,0.08,0.0927536231884058,0.25,0.25
79,0.9258870111401075,0.4903937607723133,0.9245123723034074,0.4901131206094387,0.24869350175742913,0.4788463177948521,0.7913043478260869,0.37746117701305504,0.373371627686465,0.08695652173913043,0.78,0.37672826495969103,0.37075817046882,0.08571428571428572,0.1072463768115942,0.12571428571428572,0.014285714285714285,1.542857142857143,0.04057971014492753,0.0,0.03249022095424858,0.1319663491490371,11.350724637681159,0.0,0.0,0.15,0.08115942028985507,0,0.16979847708561563,0.1431759907378793,3.2242570656022638,0.8104947578266193,0.0,1.0,0.0,0.1,0.0,0.29068245165921935,0.05,0.08,0.1072463768115942,0.25,0.25
80,0.9281200531734131,0.4898081830027071,0.9267135137362372,0.4895726790153321,0.24869350175742913,0.4787059691968114,0.7739130434782608,0.3777909456271487,0.37380641029516065,0.08695652173913043,0.7628571428571429,0.37705332259358326,0.3711867418973913,0.08571428571428572,0.13333333333333333,0.14285714285714285,0.014285714285714285,1.6314285714285715,0.0463768115942029,0.0,0.032371510609956446,0.1319663491490371,11.350724637681159,0.0,0.0,0.15,0.08115942028985507,0,0.1698327846467232,0.14246011078418988,3.3026290671473615,0.7942848626700869,0.0,1.0,0.0,0.1,0.0,0.3011483290762584,0.05,0.08,0.13333333333333333,0.25,0.25
81,0.9307564530253167,0.4897637389633419,0.9293122507331135,0.48949723038150655,0.24869350175742913,0.4785441166457852,0.8231884057971014,0.3779068876561343,0.3740672798603781,0.08695652173913043,0.8114285714285714,0.37716760830786905,0.37144388475453427,0.08571428571428572,0.1072463768115942,0.12857142857142856,0.014285714285714285,1.6914285714285715,0.0463768115942029,0.0,0.032303552011216076,0.1319663491490371,11.350724637681159,0.0,0.0,0.15,0.08115942028985507,0,0.17009733572348956,0.1466585816714532,3.3651479143758425,0.7966371310413225,0.0,0.9777777777777777,0.0,0.1,0.0,0.3071778691441846,0.05,0.08,0.1072463768115942,0.25,0.25
82,0.9333947467156104,0.4899896493157964,0.9319128545135462,0.4897355303601618,0.24869350175742913,0.4785046780706327,0.8260869565217391,0.37802282968511974,0.3744585842082041,0.08695652173913043,0.8142857142857143,0.3772818940221547,0.3718295990402484,0.08571428571428572,0.11594202898550725,0.13714285714285715,0.014285714285714285,1.7514285714285713,0.04927536231884058,0.0,0.032224687414261294,0.1319663491490371,11.350724637681159,0.0,0.0,0.15,0.08115942028985507,0,0.17044613475915785,0.149325,3.4349878132311824,0.8868416401761761,0.0,0.9791666666666666,0.0,0.1,0.0,0.31421028003480145,0.05,0.08,0.11594202898550725,0.25,0.25
83,0.9366868399981672,0.4900708956721821,0.9351579178920663,0.48993962157007453,0.24869350175742913,0.4785375728943577,0.7797101449275362,0.37802282968511974,0.3746324972516824,0.08695652173913043,0.7685714285714286,0.3772818940221547,0.372001027611677,0.08571428571428572,0.11884057971014493,0.14,0.014285714285714285,1.8114285714285714,0.04927536231884058,0.0,0.03214532395567435,0.1319663491490371,11.350724637681159,0.0,0.0,0.15,0.08115942028985507,0,0.1705067640817906,0.148578375,3.5062880569665595,0.8691048073726526,0.0,1.0,0.0,0.1,0.0,0.3213258529895831,0.05,0.08,0.11884057971014493,0.25,0.25
84,0.9381970426580118,0.48976154053184884,0.9367068449482446,0.48966192826176974,0.24869350175742913,0.478499756544687,0.7877906976744186,0.3784587860477525,0.3756863676819692,0.0872093023255814,0.7742857142857142,0.37739617973644046,0.37225817046881987,0.08571428571428572,0.10174418604651163,0.12857142857142856,0.017142857142857144,1.88,0.04941860465116279,0.002857142857142857,0.032175345688638536,0.1319663491490371,11.267441860465116,0.0,0.0,0.15,0.08139534883720931,0,0.1707968016899531,0.14865337500000003,3.564733724398656,0.868443118114334,0.0,0.9777777777777777,0.0,0.1,0.0,0.3254769516444518,0.05,0.08,0.10144927536231885,0.25,0.25
85,0.9398783946392841,0.49029136581862126,0.938359373752695,0.49011306255934917,0.24869350175742913,0.4783963278912066,0.7994186046511628,0.3785750651175199,0.37590439093778316,0.0872093023255814,0.7857142857142857,0.37751046545072614,0.3724724561831056,0.08571428571428572,0.11046511627906977,0.15428571428571428,0.017142857142857144,1.9657142857142857,0.04941860465116279,0.0,0.032124659191430927,0.1319663491490371,11.267441860465116,0.0,0.0,0.15,0.08139534883720931,0,0.1711995319672176,0.149325,3.647724764196398,0.9242505440000003,0.0,0.9814814814814815,0.0,0.1,0.0,0.3307728715040897,0.05,0.08,0.11046511627906977,0.25,0.25
86,0.9405908387768139,0.49087902881988743,0.9390596045621531,0.4906180518504525,0.24869350175742913,0.47825902265360665,0.8226744186046512,0.3786332046524037,0.37603520489127157,0.0872093023255814,0.8085714285714286,0.37756760830786895,0.37260102761167707,0.08571428571428572,0.10174418604651163,0.12285714285714286,0.017142857142857144,2.0228571428571427,0.04941860465116279,0.0,0.03208336330938695,0.1319663491490371,11.267441860465116,0.0,0.0,0.15,0.08139534883720931,0,0.17151453502166722,0.148578375,3.6976274117696124,0.9261118184878903,0.0,0.9767441860465116,0.0,0.1,0.0,0.33449585583586194,0.05,0.08,0.10174418604651163,0.25,0.25
87,0.9431530420343607,0.49040071672221497,0.9415776474853802,0.49022734350705655,0.24869350175742913,0.47804823337460156,0.7667638483965015,0.3790782597401556,0.37672215024823114,0.08746355685131195,0.7514285714285714,0.37756760830786895,0.3727724561831056,0.08571428571428572,0.09912536443148688,0.13428571428571429,0.02,2.085714285714286,0.052478134110787174,0.002857142857142857,0.032047954964341256,0.13196634914903713,11.259475218658892,0.0,0.0,0.15,0.08163265306122448,0,0.1713422480608446,0.147835483125,3.7579605778199343,0.9075895821181325,0.0,1.0,0.0,0.1,0.0,0.33759664443941767,0.05,0.08,0.09883720930232558,0.25,0.25
88,0.9446648100133973,0.4895803860242204,0.9422858261834112,0.48955988165973047,0.24869350175742913,0.4778852791539652,0.750733137829912,0.38000386554659144,0.37837725690234775,0.08797653958944282,0.7314285714285714,0.3776247511650118,0.3730160022154595,0.08571428571428572,0.0967741935483871,0.12285714285714286,0.025714285714285714,2.145714285714286,0.04985337243401759,0.005714285714285714,0.032204983401200885,0.1319663491490371,10.944281524926685,0.0,0.0,0.15,0.07917888563049853,0,0.17165625110625463,0.147096305709375,3.8056585091206787,0.8894377904757698,0.0,0.9767441860465116,0.0,0.1,0.0,0.34102293466642636,0.05,0.08,0.10204081632653061,0.25,0.25
89,0.9461127122661029,0.48938228854249766,0.9438080484844203,0.4894932004739629,0.24869350175742913,0.4776435363503213,0.8029411764705883,0.38054055303906165,0.3787258229054633,0.08823529411764706,0.78,0.37768189402215474,0.3730588593583166,0.08571428571428572,0.11176470588235295,0.12571428571428572,0.02857142857142857,2.2142857142857144,0.05588235294117647,0.002857142857142857,0.03222408306280311,0.1319663491490371,10.882352941176471,0.0,0.0,0.15,0.07941176470588235,0,0.171997113422152,0.14732018258437507,3.8552596246525512,0.9034165723778519,0.0,0.9772727272727273,0.0,0.1,0.0,0.3461272131530464,0.05,0.08,0.11436950146627566,0.25,0.25
90,0.9469517008773797,0.48988252596182247,0.9446866968545766,0.4897410182590746,0.24869350175742913,0.4775656759489104,0.8230088495575221,0.379870710295287,0.37837073745645783,0.08849557522123894,0.7971428571428572,0.3777390368792976,0.3731017165011738,0.08571428571428572,0.10029498525073746,0.11142857142857143,0.03142857142857143,2.2485714285714287,0.05604719764011799,0.002857142857142857,0.03223090073746697,0.1319663491490371,10.831858407079647,0.0,0.0,0.15,0.07964601769911504,0,0.17222212856932692,0.149325,3.8895830035880707,0.8876502224576002,0.0,0.9743589743589743,0.0,0.1,0.0,0.3488208524953941,0.05,0.08,0.1,0.25,0.25
91,0.9480784978849232,0.4886424303017832,0.9457780802418828,0.48846788975363925,0.24869350175742913,0.47746723429667653,0.8082595870206489,0.3799297073454345,0.3784149852440684,0.08849557522123894,0.7828571428571428,0.3777961797364404,0.373144573644031,0.08571428571428572,0.10914454277286136,0.13714285714285715,0.03142857142857143,2.3314285714285714,0.061946902654867256,0.0,0.03220874960088261,0.1319663491490371,10.831858407079647,0.0,0.0,0.15,0.07964601769911504,0,0.17273059292290885,0.149325,3.948934200659166,0.8917542311679837,0.0,0.9791666666666666,0.0,0.1,0.0,0.3527514912865536,0.05,0.08,0.10914454277286136,0.25,0.25
92,0.947266146980557,0.48923406607792813,0.9449912603659397,0.4890111154815889,0.24869350175742913,0.47750143724102295,0.8023598820058997,0.3800477014457295,0.37850348081928964,0.08849557522123894,0.7771428571428571,0.37791046545072615,0.37323028792974516,0.08571428571428572,0.11799410029498525,0.12857142857142856,0.03142857142857143,2.38,0.061946902654867256,0.0,0.032152249480657584,0.1319663491490371,10.831858407079647,0.0,0.0,0.15,0.07964601769911504,0,0.1729236549582943,0.1564718543877569,3.9985269452174115,0.9275746996031745,0.0,0.9777777777777777,0.0,0.1,0.0,0.3578130317664737,0.05,0.08,0.11799410029498525,0.25,0.25
93,0.9478822776204815,0.4891744247798605,0.9455880269000377,0.48898383437606824,0.24869350175742913,0.4776161636638806,0.799410029498525,0.3800477014457295,0.37850348081928964,0.08849557522123894,0.7742857142857142,0.37791046545072615,0.37323028792974516,0.08571428571428572,0.10619469026548672,0.12571428571428572,0.03142857142857143,2.462857142857143,0.058997050147492625,0.0,0.032118437203472114,0.1319663491490371,10.831858407079647,0.0,0.0,0.15,0.07964601769911504,0,0.17297132596564568,0.15568949511581812,4.044270692027348,0.909023205611111,0.0,1.0,0.0,0.1,0.0,0.36085158371797305,0.05,0.08,0.10619469026548672,0.25,0.25
94,0.9500661158207151,0.48965542944705776,0.9477032301854071,0.4891424310633903,0.24869350175742913,0.477670694196767,0.8289085545722714,0.3800477014457295,0.37850348081928964,0.08849557522123894,0.8028571428571428,0.37791046545072615,0.37323028792974516,0.08571428571428572,0.12684365781710916,0.13428571428571429,0.03142857142857143,2.5342857142857143,0.058997050147492625,0.0,0.03205208084503822,0.1319663491490371,10.831858407079647,0.0,0.0,0.15,0.07964601769911504,0,0.1729343264786746,0.154911047640239,4.097670992472516,0.8908427414988888,0.0,1.0,0.0,0.1,0.0,0.3668355532046408,0.05,0.08,0.12684365781710916,0.25,0.25
95,0.9516303487735676,0.4899035074138496,0.9492183015311697,0.4894273893295658,0.24869350175742913,0.477752778117547,0.775811209439528,0.3800477014457295,0.37850348081928964,0.08849557522123894,0.7514285714285714,0.37791046545072615,0.37323028792974516,0.08571428571428572,0.12389380530973451,0.14,0.03142857142857143,2.642857142857143,0.058997050147492625,0.0,0.03199420095010988,0.1319663491490371,10.831858407079647,0.0,0.0,0.15,0.07964601769911504,0,0.17272636913199552,0.1541364924020378,4.1557175726230655,0.873025886668911,0.0,1.0,0.0,0.1,0.0,0.37207784634086893,0.05,0.08,0.12389380530973451,0.25,0.25
96,0.9518720301250153,0.4886313091009191,0.9494523871830006,0.4881691409078975,0.24869350175742913,0.477879182443567,0.7787610619469026,0.3801656955460245,0.3785919763945109,0.08849557522123894,0.7542857142857143,0.3780247511650118,0.3733160022154596,0.08571428571428572,0.12094395280235988,0.14857142857142858,0.03142857142857143,2.6714285714285713,0.058997050147492625,0.0,0.031944289879486984,0.1319663491490371,10.831858407079647,0.0,0.0,0.15,0.07964601769911504,0,0.17360459442919265,0.2181900251591933,4.221174649742033,0.8872065604518429,0.0,0.9615384615384616,0.0,0.1,0.0,0.3766155469441795,0.05,0.08,0.12094395280235988,0.25,0.25
97,0.9529141104040687,0.48744826088169174,0.9504577348187013,0.48702299622909084,0.24869350175742913,0.47805892058255667,0.7869822485207101,0.379938528729599,0.37803619201775907,0.08875739644970414,0.76,0.3780247511650118,0.3733160022154596,0.08571428571428572,0.08284023668639054,0.10285714285714286,0.03428571428571429,2.7457142857142856,0.05621301775147929,0.002857142857142857,0.031994831398751984,0.1319663491490371,10.792899408284024,0.0,0.0,0.15,0.07988165680473373,0,0.1733648571713324,0.21709907503339732,4.239608299604336,0.869462429242806,0.0,1.0,0.0,0.1,0.0,0.37561662800405016,0.05,0.08,0.0855457227138643,0.25,0.25
98,0.9539316838558359,0.48708612196641127,0.9514404200378366,0.48642254021549125,0.24869350175742913,0.47798096130374695,0.7662721893491125,0.38005687192486526,0.37812494941420877,0.08875739644970414,0.74,0.37813903687929756,0.37340171650117376,0.08571428571428572,0.10355029585798817,0.12571428571428572,0.03428571428571429,2.8257142857142856,0.05621301775147929,0.0,0.031975543707128344,0.1319663491490371,10.792899408284024,0.0,0.0,0.15,0.07988165680473373,0,0.17412574717119006,0.21601357965823034,4.280530419326534,0.87735297992205,0.0,0.9545454545454546,0.0,0.1,0.0,0.3773683409825459,0.05,0.08,0.10355029585798817,0.25,0.25
99,0.9555265221242529,0.48716740253643587,0.9529805781370507,0.48648349932941576,0.24869350175742913,0.4778728573268862,0.7781065088757396,0.38005687192486526,0.37812494941420877,0.08875739644970414,0.7514285714285714,0.37813903687929756,0.37340171650117376,0.08571428571428572,0.09467455621301775,0.11428571428571428,0.03428571428571429,2.894285714285714,0.05917159763313609,0.0,0.03197188265451625,0.1319663491490371,10.792899408284024,0.0,0.0,0.15,0.07988165680473373,0,0.17394026129247697,0.2149335117599392,4.3092055252257175,0.8598059203236089,0.0,1.0,0.0,0.1,0.0,0.37770110736537127,0.05,0.08,0.09467455621301775,0.25,0.25
100,0.9551652387355849,0.48638401632817735,0.9523072011394769,0.48590376715655753,0.24869350175742913,0.47773552270276043,0.8189910979228486,0.38036086766378613,0.3788952634853625,0.08902077151335312,0.7885714285714286,0.37813903687929756,0.37340171650117376,0.08571428571428572,0.10089020771513353,0.12,0.037142857142857144,2.98,0.06231454005934718,0.002857142857142857,0.03197922798161735,0.1319663491490371,10.741839762611276,0.0,0.0,0.15,0.08011869436201781,0,0.1738117099681753,0.2138588442011395,4.3430214147212025,0.8426098019171367,0.0,1.0,0.0,0.1,0.0,0.3789048093935524,0.05,0.08,0.10059171597633136,0.25,0.25
101,0.9566444003261936,0.4867385676150446,0.9537314224424344,0.48636282816655513,0.24869350175742913,0.477496499385039,0.7537091988130564,0.38042021484479493,0.37893977387111927,0.08902077151335312,0.7257142857142858,0.37819617973644043,0.3734445736440309,0.08571428571428572,0.12462908011869436,0.13714285714285715,0.037142857142857144,3.057142857142857,0.05934718100890208,0.0,0.03195306077467538,0.1319663491490371,10.741839762611276,0.0,0.0,0.15,0.08011869436201781,0,0.17436865641476298,0.2127895499801338,4.393303843569636,0.9076479171200007,0.0,0.9791666666666666,0.0,0.1,0.0,0.38365393094167893,0.05,0.08,0.12462908011869436,0.25,0.25
102,0.9579639901405469,0.4857290361441569,0.9546307169774055,0.485536190275807,0.24869350175742913,0.47729726225335656,0.7351190476190477,0.3800913199849923,0.3794882044455502,0.08928571428571429,0.7057142857142857,0.37819617973644043,0.3734445736440309,0.08571428571428572,0.10416666666666667,0.12,0.04,3.137142857142857,0.06547619047619048,0.002857142857142857,0.032010826848646715,0.1319663491490371,10.523809523809524,0.0,0.0,0.15,0.08035714285714286,0,0.17418195598983202,0.21172560223023312,4.425437766698243,0.8894949587776007,0.0,1.0,0.0,0.1,0.0,0.38549497326699855,0.05,0.08,0.10682492581602374,0.25,0.25
103,0.9591380810150805,0.48635435261642,0.9557578442169578,0.4862945823644626,0.24869350175742913,0.47712093883499573,0.7619047619047619,0.3800913199849923,0.3794882044455502,0.08928571428571429,0.7314285714285714,0.37819617973644043,0.3734445736440309,0.08571428571428572,0.125,0.14857142857142858,0.04,3.2342857142857144,0.0625,0.0,0.031998474676403856,0.1319663491490371,10.523809523809524,0.0,0.0,0.15,0.08035714285714286,0,0.17416733192416858,0.21066697421908195,4.4855004399357075,0.8717050596020486,0.0,1.0,0.0,0.1,0.0,0.3899702246036486,0.05,0.08,0.125,0.25,0.25
104,0.9600744628768427,0.48708231948600134,0.9560793187556137,0.48628763463343083,0.24869350175742913,0.4769582384594577,0.8053892215568862,0.3807487927935558,0.3796767756595702,0.08982035928143713,0.7685714285714286,0.3783676083078689,0.3735731450726023,0.08571428571428572,0.09880239520958084,0.13142857142857142,0.045714285714285714,3.322857142857143,0.059880239520958084,0.005714285714285714,0.03204809283858261,0.13196634914903713,10.25748502994012,0.0,0.0,0.15,0.08083832335329341,0,0.17481021026454777,0.20961363934798655,4.527219002565564,0.8913773427776011,0.0,0.9565217391304348,0.0,0.1,0.0,0.3910967133734662,0.05,0.08,0.10416666666666667,0.25,0.25
105,0.9597178452458143,0.4862401686845572,0.9558100965346678,0.4859190682174446,0.24869350175742913,0.4767522336257257,0.7717717717717718,0.3807304370728216,0.37903972948198994,0.09009009009009009,0.7342857142857143,0.3783676083078689,0.3735731450726023,0.08571428571428572,0.1021021021021021,0.14285714285714285,0.04857142857142857,3.4057142857142857,0.06006006006006006,0.002857142857142857,0.03224257858341134,0.1319663491490371,10.066066066066066,0.0,0.0,0.15,0.08108108108108109,0,0.17479201707036784,0.2085655711512466,4.579531765371396,0.8735497959220491,0.0,1.0,0.0,0.1,0.0,0.39226044057904436,0.05,0.08,0.10479041916167664,0.25,0.25
106,0.956911602560794,0.48689583325756286,0.9531401570657769,0.4867351419521453,0.24869350175742913,0.4765333708955904,0.7777777777777778,0.3807304370728216,0.37903972948198994,0.09009009009009009,0.74,0.3783676083078689,0.3735731450726023,0.08571428571428572,0.0990990990990991,0.13142857142857142,0.04857142857142857,3.4885714285714284,0.06006006006006006,0.0,0.032312154159668205,0.1319663491490371,10.066066066066066,0.0,0.0,0.15,0.08108108108108109,0,0.17463191412787316,0.2075227432954904,4.619369701492538,0.856078800003608,0.0,1.0,0.0,0.1,0.0,0.39251228341495703,0.05,0.08,0.0990990990990991,0.25,0.25
107,0.9590124422779499,0.48679816749136906,0.954626991148463,0.4866835835290817,0.24869350175742913,0.4764434667149353,0.7710843373493976,0.38080768279868293,0.380290731644071,0.09036144578313253,0.7314285714285714,0.3787104654507261,0.3738302879297452,0.08571428571428572,0.12349397590361445,0.14857142857142858,0.05142857142857143,3.5342857142857143,0.060240963855421686,0.002857142857142857,0.03230271509942876,0.1319663491490371,9.987951807228916,0.0,0.0,0.15,0.08132530120481928,0,0.17590032741437667,0.21718768239145106,4.675553736034117,0.9465283971106229,0.0,0.9423076923076923,0.0,0.1,0.0,0.3968055881631281,0.05,0.08,0.12612612612612611,0.25,0.25
108,0.9601007517724747,0.4863133054822381,0.9556593304404125,0.48618161951065253,0.24869350175742913,0.4762555735511144,0.7469879518072289,0.3809281647263938,0.3803810930898541,0.09036144578313253,0.7085714285714285,0.37882475116501185,0.3739160022154595,0.08571428571428572,0.12048192771084337,0.14,0.05142857142857143,3.611428571428571,0.060240963855421686,0.0,0.032293238075459696,0.1319663491490371,9.987951807228916,0.0,0.0,0.15,0.08132530120481928,0,0.1761916829201619,0.22676691168335056,4.722042661313434,0.9751983665156837,0.0,0.9795918367346939,0.0,0.1,0.0,0.4000375979115982,0.05,0.08,0.12048192771084337,0.25,0.25
109,0.962016949161234,0.4861830730662894,0.9574769805348926,0.486212456529176,0.24869350175742913,0.47611471954628365,0.7680722891566265,0.3811088876179601,0.38051663525852886,0.09036144578313253,0.7285714285714285,0.37899617973644045,0.374044573644031,0.08571428571428572,0.13253012048192772,0.14857142857142858,0.05142857142857143,3.682857142857143,0.06325301204819277,0.0,0.03223837327847631,0.1319663491490371,9.987951807228916,0.0,0.0,0.15,0.08132530120481928,0,0.17696715307698965,0.22563307712493383,4.776173236658594,0.9643600000000009,0.0,0.9615384615384616,0.0,0.1,0.0,0.4049152360883075,0.05,0.08,0.13253012048192772,0.25,0.25
110,0.9626188323603858,0.48612757145623137,0.9578570522320378,0.4861309162589338,0.24869350175742913,0.4757992075291064,0.7885196374622356,0.3802635096469942,0.3806968305157751,0.09063444108761329,0.7457142857142857,0.37899617973644045,0.374044573644031,0.08571428571428572,0.11782477341389729,0.14285714285714285,0.054285714285714284,3.762857142857143,0.06646525679758308,0.002857142857142857,0.032232706075088026,0.1319663491490371,9.90332326283988,0.0,0.0,0.15,0.08157099697885196,0,0.17685317445446183,0.22450491173930914,4.823506914782565,0.9450728000000008,0.0,1.0,0.0,0.1,0.0,0.4077417634405186,0.05,0.08,0.12048192771084337,0.25,0.25
111,0.9637487297977171,0.4858646740949751,0.9589256123799139,0.48605606665414053,0.24869350175742913,0.47556360323180485,0.7643504531722054,0.3802635096469942,0.3806968305157751,0.09063444108761329,0.7228571428571429,0.37899617973644045,0.374044573644031,0.08571428571428572,0.1148036253776435,0.12,0.054285714285714284,3.8485714285714288,0.06646525679758308,0.0,0.032262428433433306,0.1319663491490371,9.90332326283988,0.0,0.0,0.15,0.07854984894259819,0,0.1766540514393324,0.22338238718061257,4.847036776486913,0.9261713440000008,0.0,1.0,0.0,0.1,0.0,0.4095752190751392,0.05,0.08,0.1148036253776435,0.25,0.25
112,0.9654713085049724,0.486824983422984,0.9606090691706516,0.48726994417775227,0.24869350175742913,0.47544725145874445,0.7424242424242424,0.38067927734150797,0.38032947930722655,0.09090909090909091,0.7,0.37911046545072613,0.3741302879297452,0.08571428571428572,0.11515151515151516,0.14285714285714285,0.05714285714285714,3.914285714285714,0.06666666666666667,0.002857142857142857,0.03225562673952245,0.1319663491490371,9.878787878787879,0.0,0.0,0.15,0.07878787878787878,0,0.17697006689642147,0.22542163130270695,4.892953183814317,0.9411919999999999,0.0,0.98,0.0,0.1,0.0,0.41177017413346684,0.05,0.08,0.11782477341389729,0.25,0.25
113,0.9660502022979642,0.48646064151491347,0.9611548833183295,0.4868573830385625,0.24869350175742913,0.47542301168069795,0.7575757575757576,0.38073988340211407,0.3803749338526811,0.09090909090909091,0.7142857142857143,0.37916760830786905,0.37417314507260235,0.08571428571428572,0.10909090909090909,0.12285714285714286,0.05714285714285714,3.9914285714285715,0.0696969696969697,0.0,0.03225334509030689,0.1319663491490371,9.878787878787879,0.0,0.0,0.15,0.07878787878787878,0,0.1771987887047965,0.24715885486013825,4.917951262995174,0.9285088750907806,0.0,0.9767441860465116,0.0,0.1,0.0,0.41254530179042986,0.05,0.08,0.10909090909090909,0.25,0.25
114,0.9663047356357094,0.48537783111405125,0.9613948718939178,0.4856339600385713,0.24869350175742913,0.47542500694565576,0.7636363636363637,0.38073988340211407,0.3803749338526811,0.09090909090909091,0.72,0.37916760830786905,0.37417314507260235,0.08571428571428572,0.11212121212121212,0.11714285714285715,0.05714285714285714,4.065714285714286,0.0696969696969697,0.0,0.03223996611603938,0.1319663491490371,9.878787878787879,0.0,0.0,0.15,0.07878787878787878,0,0.17708308118984392,0.24592306058583757,4.936735094878127,0.909938697588965,0.0,1.0,0.0,0.1,0.0,0.4137362185190902,0.05,0.08,0.11212121212121212,0.25,0.25
115,0.9659303003338567,0.48568789515073824,0.9610723120310781,0.48604206495515206,0.24869350175742913,0.47547558185320465,0.8054711246200608,0.38139968784084827,0.3795188370993471,0.0911854103343465,0.7571428571428571,0.37928189402215473,0.37425885935831665,0.08571428571428572,0.11854103343465046,0.1457142857142857,0.06,4.148571428571429,0.0668693009118541,0.002857142857142857,0.0322436825795799,0.1319663491490371,9.829787234042554,0.0,0.0,0.15,0.0790273556231003,0,0.1774540943553233,0.2506426776745096,4.9837146786948505,0.948859384600011,0.0,0.9803921568627451,0.0,0.1,0.0,0.41623122577495386,0.05,0.08,0.12121212121212122,0.25,0.25
116,0.96577030594527,0.48452181328393673,0.9605298160867823,0.4848904116571563,0.24869350175742913,0.4756873591439574,0.7439024390243902,0.3813883337418098,0.38044684348307073,0.09146341463414634,0.6971428571428572,0.37928189402215473,0.37425885935831665,0.08571428571428572,0.10365853658536585,0.12571428571428572,0.06285714285714286,4.231428571428571,0.06707317073170732,0.002857142857142857,0.03234894692513584,0.1319663491490371,9.524390243902438,0.0,0.0,0.15,0.07926829268292683,0,0.17716639602640383,0.24938946428613704,5.009754670835239,0.9298821969080108,0.0,1.0,0.0,0.1,0.0,0.41637711129471683,0.05,0.08,0.10638297872340426,0.25,0.25
117,0.9657270333599799,0.48371205976636455,0.9601738568126679,0.48384921211099846,0.24869350175742913,0.4758484012141677,0.7737003058103975,0.38190414423967056,0.3800880594675676,0.09174311926605505,0.7228571428571429,0.3793390368792976,0.3743017165011738,0.08571428571428572,0.10397553516819572,0.11142857142857143,0.06571428571428571,4.317142857142857,0.06422018348623854,0.002857142857142857,0.03251359624676284,0.13196634914903713,9.357798165137615,0.0,0.0,0.15,0.07951070336391437,0,0.1774792790462718,0.2563159314024447,5.020988148847106,0.9492252996804281,0.0,0.9743589743589743,0.0,0.1,0.0,0.4165643532909566,0.05,0.08,0.10670731707317073,0.25,0.25
118,0.9663420456149989,0.48472515644878367,0.9607484539766428,0.48481669006028916,0.24869350175742913,0.47579215647668244,0.7737003058103975,0.3820264683986919,0.3801798025868336,0.09174311926605505,0.7228571428571429,0.3794533225935832,0.374387430786888,0.08571428571428572,0.1162079510703364,0.13142857142857142,0.06571428571428571,4.405714285714286,0.07033639143730887,0.0,0.032549424778245496,0.13196634914903713,9.357798165137615,0.0,0.0,0.15,0.07951070336391437,0,0.17776259693675472,0.2642143728632107,5.051996957298735,0.9721414692749135,0.0,0.9782608695652174,0.0,0.1,0.0,0.41816732828695924,0.05,0.08,0.1162079510703364,0.25,0.25
119,0.9658685666250719,0.4849394514292558,0.9603060893203396,0.4851413100362793,0.24869350175742913,0.47576652777117173,0.7492354740061162,0.38208763047820266,0.38022567414646663,0.09174311926605505,0.7,0.3795104654507262,0.3744302879297452,0.08571428571428572,0.10703363914373089,0.12571428571428572,0.06571428571428571,4.482857142857143,0.07033639143730887,0.0,0.032547741335916675,0.13196634914903713,9.357798165137615,0.0,0.0,0.15,0.07951070336391437,0,0.1780440710949281,0.2628933009988947,5.076671303867046,1.0088342379543105,0.0,0.9772727272727273,0.0,0.1,0.0,0.41831400774417093,0.05,0.08,0.10703363914373089,0.25,0.25
120,0.9669327693877743,0.4844113670506178,0.960562295355607,0.4848078960417092,0.24869350175742913,0.4757433237447061,0.7846153846153846,0.3831357512865379,0.38194781494356056,0.09230769230769231,0.7285714285714285,0.37968189402215474,0.3745588593583166,0.08571428571428572,0.11384615384615385,0.13714285714285715,0.07142857142857142,4.5685714285714285,0.06461538461538462,0.005714285714285714,0.03269305499760671,0.13196634914903713,9.101538461538462,0.0,0.0,0.15,0.08,0,0.17880999431088204,0.2697927110515748,5.112280734932562,1.0747265033387743,0.0,0.9583333333333334,0.0,0.1,0.0,0.41982950001751285,0.05,0.08,0.1162079510703364,0.25,0.25
121,0.9666132205123795,0.48399168144188864,0.960265571399883,0.4845408034876155,0.24869350175742913,0.47561577647726505,0.7815384615384615,0.3831972897480764,0.38199396878971437,0.09230769230769231,0.7257142857142858,0.37973903687929755,0.3746017165011738,0.08571428571428572,0.14153846153846153,0.15714285714285714,0.07142857142857142,4.637142857142857,0.06461538461538462,0.0,0.03263513778967451,0.13196634914903713,9.101538461538462,0.0,0.0,0.15,0.08,0,0.17908665933932763,0.26844374749631694,5.167177977376768,1.0532319732719988,0.0,0.9818181818181818,0.0,0.1,0.0,0.42506879424740646,0.05,0.08,0.14153846153846153,0.25,0.25
122,0.9678043941610742,0.48398113084062233,0.9613716612165282,0.4842688354312058,0.24869350175742913,0.4754334615682883,0.7446153846153846,0.3831972897480764,0.38199396878971437,0.09230769230769231,0.6914285714285714,0.37973903687929755,0.3746017165011738,0.08571428571428572,0.12923076923076923,0.14285714285714285,0.07142857142857142,4.728571428571429,0.07384615384615385,0.0,0.03259901020164668,0.13196634914903713,9.101538461538462,0.0,0.0,0.15,0.08,0,0.17904751247120243,0.26710152875883536,5.206691560686376,1.0321673338065587,0.0,1.0,0.0,0.1,0.0,0.42819996991965154,0.05,0.08,0.12923076923076923,0.25,0.25
123,0.968466523764862,0.4833385941634411,0.9614980511808238,0.48364239769956074,0.24869350175742913,0.4751787140788536,0.7654320987654321,0.38270970470987287,0.381766207778344,0.09259259259259259,0.7085714285714285,0.3798533225935833,0.3746874307868881,0.08571428571428572,0.12654320987654322,0.12571428571428572,0.07428571428571429,4.8,0.07098765432098765,0.002857142857142857,0.032614134199185664,0.1319663491490371,9.049382716049383,0.0,0.0,0.15,0.08024691358024691,0,0.17915213205170355,0.26576602111504116,5.228272015186933,1.0115239871304273,0.0,0.9772727272727273,0.0,0.1,0.0,0.4307130483467459,0.05,0.08,0.12615384615384614,0.25,0.25
124,0.9693618454140092,0.48291590626725206,0.9623122114720553,0.48316374211043417,0.24869350175742913,0.4748918040168391,0.7987616099071208,0.3830089862074913,0.382624814323276,0.09287925696594428,0.7371428571428571,0.38002475116501194,0.37481600221545947,0.08571428571428572,0.13622291021671826,0.14857142857142858,0.07714285714285714,4.885714285714286,0.07430340557275542,0.002857142857142857,0.032629657292543246,0.1319663491490371,8.990712074303406,0.0,0.0,0.15,0.0804953560371517,0,0.1799127999628736,0.26443719100946594,5.272278003454624,1.014356985989374,0.0,0.9615384615384616,0.0,0.1,0.0,0.4350107292627419,0.05,0.08,0.1388888888888889,0.25,0.25
125,0.9711051008485284,0.4825188447834835,0.9630566897970506,0.48283371087904325,0.24869350175742913,0.47457420216204405,0.822429906542056,0.3835001310623565,0.38307927936882413,0.09345794392523364,0.7542857142857143,0.3801390368792976,0.37490171650117377,0.08571428571428572,0.11838006230529595,0.13142857142857142,0.08285714285714285,4.974285714285714,0.06853582554517133,0.005714285714285714,0.03267673204829326,0.1319663491490371,8.909657320872274,0.0,0.0,0.15,0.08099688473520249,0,0.18012695096305922,0.26311500505441865,5.298261014814101,1.012069846269586,0.0,0.9782608695652174,0.0,0.1,0.0,0.4368360441927937,0.05,0.08,0.1238390092879257,0.25,0.25
126,0.9698967584943187,0.4827031225817316,0.9619484672379037,0.4829501273995848,0.24869350175742913,0.47428819319042886,0.778816199376947,0.3835001310623565,0.38307927936882413,0.09345794392523364,0.7142857142857143,0.3801390368792976,0.37490171650117377,0.08571428571428572,0.11526479750778816,0.12571428571428572,0.08285714285714285,5.051428571428572,0.07165109034267912,0.0,0.03268942936380198,0.1319663491490371,8.909657320872274,0.0,0.0,0.15,0.08099688473520249,0,0.1799394619189582,0.2617994300291465,5.318010080232106,0.9918284493441942,0.0,1.0,0.0,0.1,0.0,0.43728396160932226,0.05,0.08,0.11526479750778816,0.25,0.25
127,0.9700225348957048,0.4825681423956409,0.9619971497045559,0.48247208932332425,0.24869350175742913,0.4740597187375737,0.83125,0.38303432843882756,0.38390719375531834,0.09375,0.76,0.3801390368792976,0.37490171650117377,0.08571428571428572,0.109375,0.12571428571428572,0.08571428571428572,5.131428571428572,0.06875,0.002857142857142857,0.03271847551623935,0.1319663491490371,8.875,0.0,0.0,0.15,0.08125,0,0.17989548032364913,0.2604904328790008,5.337364164341749,0.9719918803573103,0.0,1.0,0.0,0.1,0.0,0.4372421934353982,0.05,0.08,0.11214953271028037,0.25,0.25
128,0.9697306294870621,0.48249561793747714,0.9617302647595112,0.48250002455910235,0.24869350175742913,0.4738218685470188,0.821875,0.38303432843882756,0.38390719375531834,0.09375,0.7514285714285714,0.3801390368792976,0.37490171650117377,0.08571428571428572,0.121875,0.12857142857142856,0.08571428571428572,5.208571428571428,0.06875,0.0,0.03271234682636295,0.1319663491490371,8.875,0.0,0.0,0.15,0.08125,0,0.17979543149345945,0.2591879807146058,5.359188309626344,0.9525520427501641,0.0,1.0,0.0,0.1,0.0,0.4386613337636283,0.05,0.08,0.121875,0.25,0.25
129,0.9706475104697432,0.48226102065099924,0.9625685559436767,0.4823365953235998,0.24869350175742913,0.47362482017578855,0.796875,0.38303432843882756,0.38390719375531834,0.09375,0.7285714285714285,0.3801390368792976,0.37490171650117377,0.08571428571428572,0.13125,0.14285714285714285,0.08571428571428572,5.3028571428571425,0.075,0.0,0.032680391739990176,0.1319663491490371,8.875,0.0,0.0,0.15,0.08125,0,0.17958188290742072,0.2578920408110328,5.394861686290958,0.9335010018951608,0.0,1.0,0.0,0.1,0.0,0.4414157670754469,0.05,0.08,0.13125,0.25,0.25
130,0.9702751472300445,0.4818231991946906,0.962228109553095,0.48181911563472307,0.24869350175742913,0.47341115216896396,0.790625,0.38303432843882756,0.38390719375531834,0.09375,0.7228571428571429,0.3801390368792976,0.37490171650117377,0.08571428571428572,0.10625,0.12857142857142856,0.08571428571428572,5.397142857142857,0.075,0.0,0.032693531197412064,0.1319663491490371,8.875,0.0,0.0,0.15,0.08125,0,0.17936925920716934,0.2566025806069776,5.4155358811365675,0.9148309818572575,0.0,1.0,0.0,0.1,0.0,0.44028247872167453,0.05,0.08,0.10625,0.25,0.25
131,0.9684828499780167,0.48069369759487435,0.9602747624834053,0.48092732476905425,0.24869350175742913,0.4732687013334425,0.7358490566037735,0.3835843101319277,0.3852189909735129,0.09433962264150944,0.6685714285714286,0.3802533225935833,0.37498743078688807,0.08571428571428572,0.11949685534591195,0.1457142857142857,0.09142857142857143,5.462857142857143,0.06918238993710692,0.005714285714285714,0.03268756729914861,0.13196634914903713,8.861635220125786,0.0,0.0,0.15,0.08176100628930817,0,0.17978569933970495,0.25531956770394276,5.452939449228122,0.9934859749825911,0.0,0.9803921568627451,0.0,0.1,0.0,0.4415496047855908,0.05,0.08,0.121875,0.25,0.25
132,0.9680329786023076,0.4804218499886788,0.959866022204904,0.48066840594572446,0.24869350175742913,0.4730863181627786,0.7610062893081762,0.3835843101319277,0.3852189909735129,0.09433962264150944,0.6914285714285714,0.3802533225935833,0.37498743078688807,0.08571428571428572,0.1069182389937107,0.11142857142857143,0.09142857142857143,5.54,0.06918238993710692,0.0,0.03270070673966403,0.13196634914903713,8.861635220125786,0.0,0.0,0.15,0.07861635220125786,0,0.17937248512872067,0.254042969865423,5.455309231672131,0.9736162554829393,0.0,1.0,0.0,0.1,0.0,0.4405098603953679,0.05,0.08,0.1069182389937107,0.25,0.25
133,0.9697690554829655,0.48073757999420896,0.9612070894476189,0.4810562350245972,0.24869350175742913,0.47296282007002804,0.7531645569620253,0.3838416820857587,0.38541434629625704,0.0949367088607595,0.68,0.3803104654507261,0.37503028792974524,0.08571428571428572,0.12658227848101267,0.14857142857142858,0.09714285714285714,5.622857142857143,0.06645569620253164,0.005714285714285714,0.032803680272737945,0.1319663491490371,8.626582278481013,0.0,0.0,0.15,0.07911392405063292,0,0.17984562341736282,0.2527727550160959,5.494774475610117,0.9618436125720051,0.0,0.9807692307692307,0.0,0.1,0.0,0.4428239900171089,0.05,0.08,0.1289308176100629,0.25,0.25
134,0.9694105692936033,0.48049897477146053,0.9608834276309377,0.4807038214327648,0.24869350175742913,0.4728087576681278,0.7563291139240507,0.3839049732249992,0.3854618146506874,0.0949367088607595,0.6828571428571428,0.380367608307869,0.37507314507260237,0.08571428571428572,0.11708860759493671,0.13142857142857142,0.09714285714285714,5.7,0.06329113924050633,0.0,0.03287444816016663,0.1319663491490371,8.626582278481013,0.0,0.0,0.15,0.07911392405063292,0,0.18003196672884741,0.2515088912410154,5.516307557526486,0.9450728000000008,0.0,0.9782608695652174,0.0,0.1,0.0,0.443246081655494,0.05,0.08,0.11708860759493671,0.25,0.25
135,0.9704934100087953,0.47973924393346723,0.9618610781052254,0.4800614351528705,0.24869350175742913,0.4727027730335788,0.7626582278481012,0.3840315555034802,0.3855567513595482,0.0981012658227848,0.6885714285714286,0.3804818940221547,0.37515885935831667,0.08857142857142856,0.14556962025316456,0.15142857142857144,0.09714285714285714,5.774285714285714,0.06962025316455696,0.0,0.0328196767074683,0.1319663491490371,8.626582278481013,0.0,0.0,0.15,0.07911392405063292,0,0.1803028068952032,0.2502513467848103,5.557409977804528,0.9628833568637499,0.0,0.9811320754716981,0.0,0.1,0.0,0.447919220610694,0.05,0.08,0.14556962025316456,0.25,0.25
136,0.9715764726568882,0.48020721971121166,0.9625427688222242,0.48044938709312207,0.24869350175742913,0.4724635683109741,0.7619047619047619,0.38520035571158345,0.384825509600417,0.09841269841269841,0.6857142857142857,0.38059617973644044,0.3752445736440309,0.08857142857142856,0.12063492063492064,0.13142857142857142,0.1,5.84,0.06984126984126984,0.002857142857142857,0.03283897849827076,0.1319663491490371,8.571428571428571,0.0,0.0,0.15,0.07936507936507936,0,0.1804581500035843,0.24900009005088627,5.577690349677008,0.9669760075382708,0.0,0.9782608695652174,0.0,0.1,0.0,0.4490359178080074,0.05,0.08,0.12341772151898735,0.25,0.25
137,0.9704393796970598,0.47955304800873166,0.9615193851583789,0.47995365502961007,0.24869350175742913,0.47220922190972453,0.7904761904761904,0.38520035571158345,0.384825509600417,0.09841269841269841,0.7114285714285714,0.38059617973644044,0.3752445736440309,0.08857142857142856,0.08888888888888889,0.09714285714285714,0.1,5.934285714285714,0.06984126984126984,0.0,0.03291634211301715,0.1319663491490371,8.571428571428571,0.0,0.0,0.15,0.07936507936507936,0,0.18018371639642353,0.24775508960063186,5.5632793998263255,0.9476364873875054,0.0,1.0,0.0,0.1,0.0,0.44491745525094034,0.05,0.08,0.08888888888888889,0.25,0.25
138,0.9713082468385106,0.4792280645581009,0.9613374292023464,0.47940950357370404,0.24869350175742913,0.47196633620725986,0.7961783439490446,0.3860963610351334,0.38363577672412197,0.09872611464968153,0.7142857142857143,0.3807104654507262,0.3753302879297452,0.08857142857142856,0.09554140127388536,0.11714285714285715,0.10285714285714286,6.011428571428572,0.0732484076433121,0.002857142857142857,0.03300014084606598,0.1319663491490371,8.286624203821656,0.0,0.0,0.15,0.07961783439490445,0,0.18045336924301283,0.24651631415262867,5.5691566689726555,0.9431128000000003,0.0,0.975609756097561,0.0,0.1,0.0,0.4419572967741076,0.05,0.08,0.09523809523809523,0.25,0.25
139,0.9707615651684052,0.47885898561029616,0.9608469776468807,0.47915482399798454,0.24869350175742913,0.47170052080293634,0.7866242038216561,0.3862237495701652,0.3837313181253959,0.09872611464968153,0.7057142857142857,0.38082475116501185,0.3754160022154595,0.08857142857142856,0.11146496815286625,0.12285714285714286,0.10285714285714286,6.1,0.0732484076433121,0.0,0.03314451569189215,0.1319663491490371,8.286624203821656,0.0,0.0,0.15,0.07961783439490445,0,0.1807498181110835,0.24528373258186553,5.580630678450346,0.9433725149557932,0.0,0.9767441860465116,0.0,0.1,0.0,0.44157917715833217,0.05,0.08,0.11146496815286625,0.25,0.25
140,0.9707504706415877,0.4782173807187082,0.9608370242713928,0.4787153377420496,0.24869350175742913,0.47153799725595325,0.7802547770700637,0.3862237495701652,0.3837313181253959,0.09872611464968153,0.7,0.38082475116501185,0.3754160022154595,0.08857142857142856,0.10191082802547771,0.11142857142857143,0.10285714285714286,6.191428571428571,0.0732484076433121,0.0,0.033165958528980605,0.1319663491490371,8.286624203821656,0.0,0.0,0.15,0.07961783439490445,0,0.18050278330624236,0.24405731391895621,5.58044663630991,0.9245050646566773,0.0,1.0,0.0,0.1,0.0,0.4397868425042372,0.05,0.08,0.10191082802547771,0.25,0.25
141,0.9711170957228619,0.47863429992613526,0.961142087648439,0.47908291610426074,0.24869350175742913,0.4712348639943289,0.8083067092651757,0.38597846486487214,0.38315949671706234,0.09904153354632587,0.7228571428571429,0.38082475116501185,0.3754160022154595,0.08857142857142856,0.11501597444089456,0.12571428571428572,0.10571428571428572,6.271428571428571,0.07348242811501597,0.002857142857142857,0.033187460974930874,0.1319663491490371,8.255591054313099,0.0,0.0,0.15,0.07987220447284345,0,0.18037041367542545,0.2428370273493614,5.594551989297997,0.9060149633635437,0.0,1.0,0.0,0.1,0.0,0.4404726596146942,0.05,0.08,0.1178343949044586,0.25,0.25
142,0.9710727623913992,0.48019620407038005,0.9611024409834451,0.4804383067714223,0.24869350175742913,0.4708777578936445,0.7699680511182109,0.38597846486487214,0.38315949671706234,0.09904153354632587,0.6885714285714286,0.38082475116501185,0.3754160022154595,0.08857142857142856,0.11501597444089456,0.11714285714285715,0.10571428571428572,6.368571428571428,0.07667731629392971,0.0,0.03318668446680994,0.1319663491490371,8.255591054313099,0.0,0.0,0.15,0.07987220447284345,0,0.1800965616070483,0.2416228422126146,5.5998038066548945,0.8878946640962728,0.0,1.0,0.0,0.1,0.0,0.44070142280009367,0.05,0.08,0.11501597444089456,0.25,0.25
143,0.9699835595752097,0.47955237493748504,0.9601283824649671,0.48011425201270574,0.24869350175742913,0.4706184360472082,0.7603833865814696,0.3862340559191853,0.3833511900077972,0.09904153354632587,0.68,0.3810533225935833,0.3755874307868881,0.08857142857142856,0.10543130990415335,0.11142857142857143,0.10571428571428572,6.448571428571428,0.07667731629392971,0.0,0.03320132057731979,0.1319663491490371,8.255591054313099,0.0,0.0,0.15,0.07987220447284345,0,0.18073779379901306,0.24041472800155153,5.599236301950368,0.926554912418173,0.0,0.9487179487179487,0.0,0.1,0.0,0.439481048145712,0.05,0.08,0.10543130990415335,0.25,0.25
144,0.969396209421641,0.48024049928864304,0.9596031236133473,0.4806854084375714,0.24869350175742913,0.47033812642261014,0.7635782747603834,0.38636185144634183,0.3834470366531646,0.09904153354632587,0.6828571428571428,0.381167608307869,0.37567314507260235,0.08857142857142856,0.09904153354632587,0.10571428571428572,0.10571428571428572,6.522857142857143,0.07667731629392971,0.0,0.03322675226956066,0.1319663491490371,8.255591054313099,0.0,0.0,0.15,0.07987220447284345,0,0.1808335334014466,0.24360228354503466,5.592965861625647,0.9461410358879944,0.0,0.972972972972973,0.0,0.1,0.0,0.4373632257703753,0.05,0.08,0.09904153354632587,0.25,0.25
145,0.96938808039263,0.4800083500299382,0.9595958539388316,0.4804693704124822,0.24869350175742913,0.4700417076644732,0.7635782747603834,0.38636185144634183,0.3834470366531646,0.09904153354632587,0.6828571428571428,0.381167608307869,0.37567314507260235,0.08857142857142856,0.11182108626198083,0.12857142857142856,0.10571428571428572,6.6257142857142854,0.07987220447284345,0.0,0.033227894012553695,0.1319663491490371,8.255591054313099,0.0,0.0,0.15,0.07987220447284345,0,0.18075636716301077,0.2423842721273095,5.609677972964562,0.9272182151702344,0.0,1.0,0.0,0.1,0.0,0.4372682274211536,0.05,0.08,0.11182108626198083,0.25,0.25
146,0.9692319546278236,0.48065742921148813,0.9595441415987966,0.4808544387836267,0.24869350175742913,0.4697076394501301,0.7532051282051282,0.3869898989633771,0.3837081938228783,0.09935897435897435,0.6714285714285714,0.381167608307869,0.37567314507260235,0.08857142857142856,0.09935897435897435,0.11714285714285715,0.10857142857142857,6.677142857142857,0.08012820512820513,0.002857142857142857,0.03334358682807982,0.1319663491490371,8.102564102564102,0.0,0.0,0.15,0.08012820512820513,0,0.18045229961290998,0.24117235076667295,5.614627270648127,0.9086738508668297,0.0,1.0,0.0,0.1,0.0,0.4357402793088819,0.05,0.08,0.10223642172523961,0.25,0.25
147,0.9679884221860772,0.47958823057412264,0.9584356212507255,0.4797304669786136,0.24869350175742913,0.46948908464818623,0.7788461538461539,0.3869898989633771,0.3837081938228783,0.09935897435897435,0.6942857142857143,0.381167608307869,0.37567314507260235,0.08857142857142856,0.09294871794871795,0.10571428571428572,0.10857142857142857,6.7457142857142856,0.08012820512820513,0.0,0.033400718092288284,0.1319663491490371,8.102564102564102,0.0,0.0,0.15,0.08012820512820513,0,0.1801770452398633,0.23996648901283962,5.6080490109494505,0.8905003738494932,0.0,1.0,0.0,0.1,0.0,0.4328955730357455,0.05,0.08,0.09294871794871795,0.25,0.25
148,0.9676724275140335,0.47876401158156145,0.9582462990644636,0.47948345469819353,0.24869350175742913,0.46921569295373994,0.7652733118971061,0.38784053950586617,0.38352027778352277,0.09967845659163987,0.68,0.381167608307869,0.37567314507260235,0.08857142857142856,0.08038585209003216,0.08571428571428572,0.11142857142857143,6.817142857142857,0.08360128617363344,0.002857142857142857,0.033472615036073336,0.13196634914903713,8.038585209003216,0.0,0.0,0.15,0.08038585209003216,0,0.18012932846046692,0.2387666565677754,5.581602316444747,0.8726903663725033,0.0,1.0,0.0,0.1,0.0,0.42875079438395824,0.05,0.08,0.08333333333333333,0.25,0.25
149,0.9686906962607131,0.47770920437078934,0.9586021514276548,0.4789221709515791,0.24869350175742913,0.46908376925610523,0.7580645161290323,0.38799332426428235,0.3839621105697985,0.1,0.6714285714285714,0.381167608307869,0.37567314507260235,0.08857142857142856,0.1,0.11428571428571428,0.11428571428571428,6.897142857142857,0.08064516129032258,0.002857142857142857,0.03356464700130361,0.13196634914903713,7.941935483870968,0.0,0.0,0.15,0.08064516129032258,0,0.18002668894318244,0.23757282328493654,5.584255984401566,0.8552365590450531,0.0,1.0,0.0,0.1,0.0,0.4277473382660465,0.05,0.08,0.10289389067524116,0.25,0.25
150,0.9690549262989924,0.4770162213941335,0.9588576522772978,0.4785211945346328,0.24869350175742913,0.4689696987032103,0.7572815533980582,0.3880244559514776,0.3848346297980707,0.10032362459546926,0.6685714285714286,0.381167608307869,0.37567314507260235,0.08857142857142856,0.10032362459546926,0.12,0.11714285714285715,6.974285714285714,0.07766990291262135,0.002857142857142857,0.03363329074584815,0.13196634914903713,7.935275080906149,0.0,0.0,0.15,0.08090614886731391,0,0.1799244204806273,0.23638495916851185,5.592570864713535,0.8381318278641521,0.0,1.0,0.0,0.1,0.0,0.4268438423204861,0.05,0.08,0.1032258064516129,0.25,0.25
151,0.9687342855511927,0.4773503539709862,0.9585745723028121,0.47872285800801145,0.24869350175742913,0.4687603260674914,0.7766990291262136,0.3880891808705714,0.3848831734873911,0.10032362459546926,0.6857142857142857,0.38122475116501187,0.3757160022154595,0.08857142857142856,0.11326860841423948,0.11714285714285715,0.11714285714285715,7.045714285714285,0.07766990291262135,0.0,0.03363141740870134,0.13196634914903713,7.935275080906149,0.0,0.0,0.15,0.08090614886731391,0,0.18016679909250985,0.24201855599181074,5.597862304562121,0.8326768962591755,0.0,0.975609756097561,0.0,0.1,0.0,0.42749194146659775,0.05,0.08,0.11326860841423948,0.25,0.25
152,0.9700956931825936,0.47711741975845645,0.9596627918119675,0.4788769453517672,0.24869350175742913,0.4686657120779291,0.75,0.38907743445063914,0.3848224460207679,0.10064935064935066,0.66,0.3812818940221548,0.37575885935831665,0.08857142857142856,0.10064935064935066,0.10857142857142857,0.12,7.1257142857142854,0.07467532467532467,0.002857142857142857,0.03364054032160861,0.1319663491490371,7.922077922077922,0.0,0.0,0.15,0.08116883116883117,0,0.18037939438276157,0.24080846321185168,5.594476487042307,0.8337477621301497,0.0,0.9736842105263158,0.0,0.1,0.0,0.4266513249757921,0.05,0.08,0.10355987055016182,0.25,0.25
153,0.9712324029658056,0.477553711165404,0.9603424249375307,0.4791076767421074,0.24869350175742913,0.468603754419659,0.7882736156351792,0.3897343195362059,0.38432103206989804,0.10097719869706841,0.6914285714285714,0.38139617973644035,0.37584457364403095,0.08857142857142856,0.10097719869706841,0.10857142857142857,0.12285714285714286,7.211428571428572,0.07166123778501629,0.002857142857142857,0.033715442778131155,0.1319663491490371,7.856677524429967,0.0,0.0,0.15,0.08143322475570032,0,0.18107635526799065,0.2450020289173657,5.591158385872889,0.8196478443361671,0.0,0.9473684210526315,0.0,0.1,0.0,0.42541616132440513,0.05,0.08,0.10064935064935066,0.25,0.25
154,0.9724618125915894,0.47802645313521097,0.9602177208592635,0.47924194965894434,0.24869350175742913,0.46853994001245364,0.7934426229508197,0.39132819423485304,0.3845786176615464,0.10163934426229508,0.6914285714285714,0.3814533225935833,0.37588743078688813,0.08857142857142856,0.10491803278688525,0.11714285714285715,0.12857142857142856,7.277142857142858,0.06885245901639345,0.005714285714285714,0.03384608985532098,0.1319663491490371,7.534426229508196,0.0,0.0,0.15,0.08196721311475409,0,0.18137025920593638,0.24377701877277885,5.596478075298289,0.8413083840125527,0.0,0.975609756097561,0.0,0.1,0.0,0.42575773110834775,0.05,0.08,0.11074918566775244,0.25,0.25
155,0.9719547954301978,0.4777094277142315,0.9597758916186223,0.47920992654114897,0.24869350175742913,0.46858908682314737,0.7901639344262295,0.39132819423485304,0.3845786176615464,0.10163934426229508,0.6885714285714286,0.3814533225935833,0.37588743078688813,0.08857142857142856,0.10163934426229508,0.11714285714285715,0.12857142857142856,7.331428571428572,0.07213114754098361,0.0,0.033950268465453314,0.1319663491490371,7.534426229508196,0.0,0.0,0.15,0.07868852459016394,0,0.18114855148133527,0.24255813367891496,5.60169137093518,0.8244822163323017,0.0,1.0,0.0,0.1,0.0,0.42471574619227465,0.05,0.08,0.10163934426229508,0.25,0.25
156,0.9716407267363659,0.47858963869214916,0.9594496972734172,0.48019469390046743,0.24869350175742913,0.46871272008796105,0.7960526315789473,0.3921014191500644,0.3845257633221441,0.10197368421052631,0.6914285714285714,0.38151046545072614,0.37593028792974525,0.08857142857142856,0.08552631578947369,0.09142857142857143,0.13142857142857142,7.394285714285714,0.06907894736842106,0.002857142857142857,0.034068387616623716,0.13196634914903713,7.4605263157894735,0.0,0.0,0.15,0.07894736842105263,0,0.1813278094382143,0.2413453430105204,5.581086114945048,0.9406590186903777,0.0,0.96875,0.0,0.1,0.0,0.4212668441285626,0.05,0.08,0.08524590163934426,0.25,0.25
157,0.9729989831987031,0.47883218470252514,0.9606294400292756,0.48028246371776534,0.24869350175742913,0.46898451319731255,0.8157894736842105,0.3921014191500644,0.3845257633221441,0.10197368421052631,0.7085714285714285,0.38151046545072614,0.37593028792974525,0.08857142857142856,0.10526315789473684,0.11714285714285715,0.13142857142857142,7.44,0.07236842105263158,0.0,0.03407727268303151,0.13196634914903713,7.4605263157894735,0.0,0.0,0.15,0.07894736842105263,0,0.18107774181959466,0.24013861629546782,5.586607249789004,0.9218458383165701,0.0,1.0,0.0,0.1,0.0,0.42099297560634497,0.05,0.08,0.10526315789473684,0.25,0.25
158,0.9728391721627737,0.4775360667981157,0.9604906327294971,0.4794200428665643,0.24869350175742913,0.4693814506600054,0.7993421052631579,0.3921014191500644,0.3845257633221441,0.10197368421052631,0.6942857142857143,0.38151046545072614,0.37593028792974525,0.08857142857142856,0.09539473684210527,0.10285714285714286,0.13142857142857142,7.505714285714285,0.07236842105263158,0.0,0.03409936222480834,0.13196634914903713,7.4605263157894735,0.0,0.0,0.15,0.07894736842105263,0,0.1808573538247824,0.23893792321399046,5.577732247650366,0.9034089215502387,0.0,1.0,0.0,0.1,0.0,0.4192525373523435,0.05,0.08,0.09539473684210527,0.25,0.25
159,0.9718279207425763,0.47737181289661695,0.9596122886388111,0.4794470336825629,0.24869350175742913,0.4696835326956619,0.7796052631578947,0.39223299809743284,0.38462444753267044,0.10197368421052631,0.6771428571428572,0.38162475116501193,0.37601600221545955,0.08857142857142856,0.11513157894736842,0.11428571428571428,0.13142857142857142,7.562857142857143,0.07236842105263158,0.0,0.03408276975143474,0.13196634914903713,7.4605263157894735,0.0,0.0,0.15,0.07894736842105263,0,0.18118049705565847,0.2702221096780066,5.5804633169830735,0.8876502224576002,0.0,0.975,0.0,0.1,0.0,0.4205596473268316,0.05,0.08,0.11513157894736842,0.25,0.25
160,0.9724307462838564,0.47676866955205005,0.96013588568038,0.4788414189841179,0.24869350175742913,0.47000656364876847,0.7861842105263158,0.3923645770448012,0.3847231317431968,0.10197368421052631,0.6828571428571428,0.38173903687929756,0.3761017165011738,0.08857142857142856,0.10855263157894737,0.11428571428571428,0.13142857142857142,7.62,0.07236842105263158,0.0,0.034079535794551495,0.13196634914903713,7.4605263157894735,0.0,0.0,0.15,0.07894736842105263,0,0.1813600231418088,0.2823179381538621,5.5831397649291254,0.8894949587776007,0.0,0.975,0.0,0.1,0.0,0.4208145596973321,0.05,0.08,0.10855263157894737,0.25,0.25
161,0.9733369724913039,0.4769572135402988,0.9606370239162156,0.4787186837765572,0.24869350175742913,0.47032179809779745,0.8151815181518152,0.3926700615444793,0.38480008391340836,0.10231023102310231,0.7057142857142857,0.3817961797364405,0.3761445736440309,0.08857142857142856,0.10231023102310231,0.10571428571428572,0.13428571428571429,7.671428571428572,0.06930693069306931,0.002857142857142857,0.034190862328212536,0.13196634914903713,7.313531353135313,0.0,0.0,0.15,0.07920792079207921,0,0.1814816515975283,0.28090634846309276,5.57719125534483,0.9110304053516074,0.0,0.972972972972973,0.0,0.1,0.0,0.420563305396676,0.05,0.08,0.10526315789473684,0.25,0.25
162,0.9726494226215849,0.4771559820181456,0.9600418021718591,0.4790012468017646,0.24869350175742913,0.4706177894022306,0.759075907590759,0.3926700615444793,0.38480008391340836,0.10231023102310231,0.6571428571428571,0.3817961797364405,0.3761445736440309,0.08857142857142856,0.10891089108910891,0.10285714285714286,0.13428571428571429,7.734285714285714,0.06930693069306931,0.0,0.03421202886228221,0.13196634914903713,7.313531353135313,0.0,0.0,0.15,0.07920792079207921,0,0.18123038762525492,0.27950181672077734,5.568504573095075,0.8928097972445752,0.0,1.0,0.0,0.1,0.0,0.42087177379020857,0.05,0.08,0.10891089108910891,0.25,0.25
163,0.9737100662088448,0.4771319925354809,0.9607652239614676,0.47920895304559685,0.24869350175742913,0.4708355734319106,0.8079470198675497,0.3921515789257674,0.3853683830977495,0.10264900662251655,0.6971428571428572,0.3817961797364405,0.3761445736440309,0.08857142857142856,0.10927152317880795,0.12285714285714286,0.13714285714285715,7.785714285714286,0.06622516556291391,0.002857142857142857,0.03420030676856014,0.13196634914903713,7.304635761589404,0.0,0.0,0.15,0.07947019867549669,0,0.18106623640141437,0.2781043076371734,5.579991624490316,0.8749536012996837,0.0,1.0,0.0,0.1,0.0,0.42165986826901497,0.05,0.08,0.11221122112211221,0.25,0.25
164,0.9733896877972259,0.4773442098866245,0.960397083714091,0.4796109457454125,0.24869350175742913,0.4710512911716099,0.8172757475083057,0.39300352995384724,0.38454305772501934,0.10299003322259136,0.7028571428571428,0.381967608307869,0.3762731450726024,0.08857142857142856,0.10963455149501661,0.12285714285714286,0.14,7.845714285714286,0.06312292358803986,0.002857142857142857,0.03422424473475768,0.13196634914903713,7.262458471760797,0.0,0.0,0.15,0.07973421926910298,0,0.18210319164797872,0.2840861465726191,5.591248934857653,0.9496905113031059,0.0,0.9302325581395349,0.0,0.1,0.0,0.4224642920741073,0.05,0.08,0.11258278145695365,0.25,0.25
165,0.9745094524274549,0.47900405983601996,0.9613600812960881,0.4809596063193803,0.24869350175742913,0.4713390956619109,0.8205980066445183,0.39300352995384724,0.38454305772501934,0.10299003322259136,0.7057142857142857,0.381967608307869,0.3762731450726024,0.08857142857142856,0.09302325581395349,0.09714285714285714,0.14,7.897142857142857,0.06312292358803986,0.0,0.034279228868037,0.13196634914903713,7.262458471760797,0.0,0.0,0.15,0.07973421926910298,0,0.1818208185468817,0.282665715839756,5.576566813303358,0.9306967010770437,0.0,1.0,0.0,0.1,0.0,0.42029456584249497,0.05,0.08,0.09302325581395349,0.25,0.25
166,0.9759605512194437,0.47897443069502693,0.9619786208001638,0.4805739328720751,0.24869350175742913,0.47171887055489253,0.8333333333333334,0.39296625254682616,0.3851404261898711,0.10333333333333333,0.7142857142857143,0.3820818940221547,0.3763588593583167,0.08857142857142856,0.08666666666666667,0.08857142857142856,0.14285714285714285,7.962857142857143,0.06,0.002857142857142857,0.034347370715980374,0.13196634914903713,7.1866666666666665,0.0,0.0,0.15,0.08,0,0.18188271445414728,0.291316103910416,5.553606905608718,0.9894233841167035,0.0,0.967741935483871,0.0,0.1,0.0,0.4177349870520313,0.05,0.08,0.08970099667774087,0.25,0.25
167,0.9770918323242284,0.4800487267051542,0.9627501419809937,0.4814445091373677,0.24869350175742913,0.47211599415885364,0.7953020134228188,0.39428043329058404,0.3835620051343631,0.1040268456375839,0.6771428571428572,0.3820818940221547,0.3763588593583167,0.08857142857142856,0.1040268456375839,0.11142857142857143,0.14857142857142858,8.017142857142858,0.053691275167785234,0.005714285714285714,0.03437427378682779,0.1319663491490371,7.174496644295302,0.0,0.0,0.15,0.08053691275167785,0,0.18180073016759085,0.2898595233908639,5.553963338925115,0.9696349164343694,0.0,1.0,0.0,0.1,0.0,0.41834823769942975,0.05,0.08,0.11,0.25,0.25
168,0.9769594951750531,0.4790335411485986,0.9619551082138059,0.48091030828690867,0.24869350175742913,0.47261517707709344,0.7972972972972973,0.39482086750740525,0.38318402845308225,0.10472972972972973,0.6742857142857143,0.3821961797364404,0.3764445736440309,0.08857142857142856,0.10472972972972973,0.11142857142857143,0.15428571428571428,8.057142857142857,0.05067567567567568,0.005714285714285714,0.03463092622969267,0.13196634914903713,6.831081081081081,0.0,0.0,0.15,0.08108108108108109,0,0.18214546639212728,0.2884102257739096,5.554312643575184,0.9854238887486563,0.0,0.9743589743589743,0.0,0.1,0.0,0.41904156406949183,0.05,0.08,0.11073825503355705,0.25,0.25
169,0.9774747728949665,0.47851983284479355,0.9623665203497278,0.48011262419637823,0.24869350175742913,0.4731042083332986,0.8135593220338984,0.39502422522562675,0.3831195563741588,0.10508474576271186,0.6857142857142857,0.3821961797364404,0.3764445736440309,0.08857142857142856,0.0847457627118644,0.08285714285714285,0.15714285714285714,8.102857142857143,0.04745762711864407,0.002857142857142857,0.034730057210321665,0.13196634914903713,6.827118644067797,0.0,0.0,0.15,0.08135593220338982,0,0.18209173906016662,0.28696817464504004,5.526083533560823,0.9657154109736832,0.0,0.9655172413793104,0.0,0.1,0.0,0.41575840478493614,0.05,0.08,0.08445945945945946,0.25,0.25
170,0.9765209725280815,0.4776072828118916,0.9614143491657929,0.4795282612235098,0.24869350175742913,0.4734489738376023,0.8231292517006803,0.39389732550211615,0.38234468977742625,0.1054421768707483,0.6914285714285714,0.3821961797364404,0.3764445736440309,0.08857142857142856,0.07482993197278912,0.07428571428571429,0.16,8.157142857142857,0.047619047619047616,0.002857142857142857,0.03477273605800882,0.13196634914903713,6.795918367346939,0.0,0.0,0.15,0.08163265306122448,0,0.1817805660791515,0.28553333377181483,5.489847577175321,0.9464011027542095,0.0,1.0,0.0,0.1,0.0,0.41575840478493614,0.05,0.08,0.07796610169491526,0.25,0.25
171,0.9774459107142679,0.47782788261280956,0.9620976015222918,0.4802908749191435,0.24869350175742913,0.4736032078301909,0.8054607508532423,0.39367602191338275,0.3832779817041769,0.10580204778156997,0.6742857142857143,0.38225332259358324,0.376487430786888,0.08857142857142856,0.09897610921501707,0.1,0.16285714285714287,8.202857142857143,0.04436860068259386,0.002857142857142857,0.034816503156310206,0.13196634914903713,6.750853242320819,0.0,0.0,0.15,0.08191126279863481,0,0.18204123895947005,0.28410566710295576,5.480050625631814,0.9443131302308548,0.0,0.9714285714285714,0.0,0.1,0.0,0.41527660699466895,0.05,0.08,0.10204081632653061,0.25,0.25
172,0.9767058792119255,0.47708762415401457,0.9614450816681626,0.4798774310973515,0.24869350175742913,0.4738151807328505,0.8287671232876712,0.3945403077467499,0.38369734332683475,0.10616438356164383,0.6914285714285714,0.38225332259358324,0.376487430786888,0.08857142857142856,0.08561643835616438,0.08857142857142856,0.1657142857142857,8.265714285714285,0.0410958904109589,0.002857142857142857,0.034945386472203986,0.13196634914903713,6.636986301369863,0.0,0.0,0.15,0.07876712328767123,0,0.18158803276467267,0.282685138767441,5.459021041690606,0.9254268676262377,0.0,1.0,0.0,0.1,0.0,0.41282335684971366,0.05,0.08,0.08873720136518772,0.25,0.25
173,0.9763624239879104,0.4780547128979761,0.9611585418812699,0.4806473743576593,0.24869350175742913,0.47386509088122486,0.8424657534246576,0.3946088008974349,0.38374871318984843,0.10616438356164383,0.7028571428571428,0.38231046545072617,0.3765302879297452,0.08857142857142856,0.08904109589041095,0.08285714285714285,0.1657142857142857,8.308571428571428,0.0410958904109589,0.0,0.035003289514921515,0.13196634914903713,6.636986301369863,0.0,0.0,0.15,0.07876712328767123,0,0.18179266759727788,0.28127171307360377,5.432697763713937,0.9405065183834133,0.0,0.9655172413793104,0.0,0.1,0.0,0.41053835339078965,0.05,0.08,0.08904109589041095,0.25,0.25
174,0.9763873485816416,0.47820041688240905,0.9611793361137543,0.4805894529586477,0.24869350175742913,0.47376980056313756,0.8253424657534246,0.3946772940481198,0.3838000830528622,0.10616438356164383,0.6885714285714286,0.38236760830786903,0.37657314507260237,0.08857142857142856,0.08904109589041095,0.08285714285714285,0.1657142857142857,8.345714285714285,0.0410958904109589,0.0,0.035032401890237354,0.13196634914903713,6.636986301369863,0.0,0.0,0.15,0.07876712328767123,0,0.18194027568786292,0.27986535450823574,5.406900951296801,0.9820000000000004,0.0,0.9655172413793104,0.0,0.1,0.0,0.4083676001048118,0.05,0.08,0.08904109589041095,0.25,0.25
175,0.9760446795668408,0.4790252410428995,0.9608934522499778,0.48136023092110625,0.24869350175742913,0.4736741904045443,0.8082191780821918,0.3946772940481198,0.3838000830528622,0.10616438356164383,0.6742857142857143,0.38236760830786903,0.37657314507260237,0.08857142857142856,0.0958904109589041,0.08857142857142856,0.1657142857142857,8.382857142857143,0.04452054794520548,0.0,0.03504629659709106,0.13196634914903713,6.636986301369863,0.0,0.0,0.15,0.07876712328767123,0,0.18148771716656648,0.27846602773569457,5.387334360842293,0.9623600000000003,0.0,1.0,0.0,0.1,0.0,0.40733278174340687,0.05,0.08,0.0958904109589041,0.25,0.25
176,0.97648891594235,0.47934794433633354,0.9611771660438132,0.48161550941614123,0.24869350175742913,0.47343977493654715,0.8384879725085911,0.39518577735417404,0.3839771452681559,0.10652920962199312,0.6971428571428572,0.38236760830786903,0.37657314507260237,0.08857142857142856,0.10652920962199312,0.10285714285714286,0.16857142857142857,8.434285714285714,0.044673539518900345,0.002857142857142857,0.035075205342477815,0.1319663491490371,6.59106529209622,0.0,0.0,0.15,0.07903780068728522,0,0.18146342999146578,0.2770736975970161,5.382444816482591,0.9431128000000003,0.0,1.0,0.0,0.1,0.0,0.4084044988206201,0.05,0.08,0.1095890410958904,0.25,0.25
177,0.9762007835428851,0.47834028603348216,0.960937604534544,0.4806915322304209,0.24869350175742913,0.4732372999384011,0.8281786941580757,0.39525450587651084,0.38402869165990844,0.10652920962199312,0.6885714285714286,0.38242475116501184,0.3766160022154595,0.08857142857142856,0.08934707903780069,0.08857142857142856,0.16857142857142857,8.48,0.044673539518900345,0.0,0.035107322289839135,0.1319663491490371,6.59106529209622,0.0,0.0,0.15,0.07903780068728522,0,0.1814418271272227,0.275688329109031,5.363367348724367,0.9482872970757781,0.0,0.967741935483871,0.0,0.1,0.0,0.4063863357352592,0.05,0.08,0.08934707903780069,0.25,0.25
178,0.9767383910827467,0.4782753729216867,0.959944405186256,0.4804716903401374,0.24869350175742913,0.47294482781565655,0.8344827586206897,0.39532062167425913,0.3847263031742858,0.10689655172413794,0.6914285714285714,0.3824818940221547,0.37665885935831656,0.08857142857142856,0.08275862068965517,0.07142857142857142,0.17142857142857143,8.522857142857143,0.041379310344827586,0.002857142857142857,0.035225057410917665,0.1319663491490371,6.413793103448276,0.0,0.0,0.15,0.07931034482758621,0,0.18147690370587233,0.27430988746348584,5.327528573178451,0.9927118642083492,0.0,0.96,0.0,0.1,0.0,0.40395361688664055,0.05,0.08,0.0859106529209622,0.25,0.25
179,0.9775107507052886,0.477986030322389,0.9605843603020763,0.48023518697035467,0.24869350175742913,0.47254945362069506,0.7965517241379311,0.39532062167425913,0.3847263031742858,0.10689655172413794,0.66,0.3824818940221547,0.37665885935831656,0.08857142857142856,0.09310344827586207,0.08285714285714285,0.17142857142857143,8.571428571428571,0.041379310344827586,0.0,0.035310169115923516,0.1319663491490371,6.413793103448276,0.0,0.0,0.15,0.07931034482758621,0,0.18125394847305729,0.2729383380261684,5.303835144572024,0.9728576269241823,0.0,1.0,0.0,0.1,0.0,0.40272145328368786,0.05,0.08,0.09310344827586207,0.25,0.25
180,0.9770976727346369,0.4774476741729954,0.960242095697822,0.4798101662545449,0.24869350175742913,0.4721774034595431,0.7551724137931034,0.39538958719150047,0.3847780273122168,0.10689655172413794,0.6257142857142857,0.38253903687929763,0.37670171650117373,0.08857142857142856,0.09655172413793103,0.08571428571428572,0.17142857142857143,8.634285714285713,0.04482758620689655,0.0,0.035319080159776,0.1319663491490371,6.413793103448276,0.0,0.0,0.15,0.07931034482758621,0,0.18126153587354912,0.27157364633603753,5.28347272739487,0.9643600000000009,0.0,0.9666666666666667,0.0,0.1,0.0,0.40206813924019313,0.05,0.08,0.09655172413793103,0.25,0.25
181,0.9758226274281273,0.4788563736084337,0.9591856295867143,0.48100463769607343,0.24869350175742913,0.47182911218206536,0.8310344827586207,0.39545855270874186,0.38482975145014786,0.10689655172413794,0.6885714285714286,0.38259617973644044,0.37674457364403097,0.08857142857142856,0.09310344827586207,0.08857142857142856,0.17142857142857143,8.688571428571429,0.04482758620689655,0.0,0.03533461100891541,0.1319663491490371,6.413793103448276,0.0,0.0,0.15,0.07931034482758621,0,0.1812692281941814,0.2702157781043574,5.2663747014184015,0.9820000000000004,0.0,0.967741935483871,0.0,0.1,0.0,0.4009302495195628,0.05,0.08,0.09310344827586207,0.25,0.25
182,0.9760091345394655,0.47865044869694495,0.9590019276883053,0.48084590526742466,0.24869350175742913,0.4715160957302556,0.8512110726643599,0.3958530664283033,0.3858509308617075,0.10726643598615918,0.7028571428571428,0.3826533225935833,0.37678743078688803,0.08857142857142856,0.08304498269896193,0.09142857142857143,0.1742857142857143,8.734285714285715,0.04152249134948097,0.002857142857142857,0.035389959251029786,0.1319663491490371,6.373702422145329,0.0,0.0,0.15,0.07958477508650519,0,0.1816173177603533,0.26886469921383555,5.252475778818605,0.9835271183000326,0.0,0.96875,0.0,0.1,0.0,0.39881477152634326,0.05,0.08,0.08620689655172414,0.25,0.25
183,0.9768549448399543,0.4783014250146808,0.9597003253364229,0.48016061141585,0.24869350175742913,0.4711699373875313,0.8477508650519031,0.3958530664283033,0.3858509308617075,0.10726643598615918,0.7,0.3826533225935833,0.37678743078688803,0.08857142857142856,0.08996539792387544,0.08571428571428572,0.1742857142857143,8.768571428571429,0.04498269896193772,0.0,0.03543385025568865,0.1319663491490371,6.373702422145329,0.0,0.0,0.15,0.07958477508650519,0,0.1813080911679801,0.2675203757177664,5.233140548956518,0.9638565759340318,0.0,1.0,0.0,0.1,0.0,0.3973688426386074,0.05,0.08,0.08996539792387544,0.25,0.25
184,0.9766810058540333,0.4787578467840909,0.9595567014309053,0.4808822882321524,0.24869350175742913,0.47085335769466896,0.8200692041522492,0.3960606788850508,0.38600664020426806,0.10726643598615918,0.6771428571428572,0.3828247511650119,0.3769160022154595,0.08857142857142856,0.08650519031141868,0.08285714285714285,0.1742857142857143,8.811428571428571,0.04844290657439446,0.0,0.035459852441630815,0.1319663491490371,6.373702422145329,0.0,0.0,0.15,0.07958477508650519,0,0.18182955071214021,0.28537364635494455,5.21133488083453,0.9890746896885084,0.0,0.9310344827586207,0.0,0.1,0.0,0.39547617905338983,0.05,0.08,0.08650519031141868,0.25,0.25
185,0.9750976101493459,0.4781630323028532,0.9580078706421359,0.48081543462044435,0.24869350175742913,0.4704779455052691,0.7804878048780488,0.3972162849048987,0.387366035090056,0.10801393728222997,0.64,0.3828247511650119,0.3769160022154595,0.08857142857142856,0.09059233449477352,0.09142857142857143,0.18,8.865714285714287,0.041811846689895474,0.005714285714285714,0.0355640041033412,0.13196634914903713,6.285714285714286,0.0,0.0,0.15,0.08013937282229965,0,0.18157697438715095,0.2839467781231698,5.198536754646411,0.9692931958947383,0.0,1.0,0.0,0.1,0.0,0.3952352420730387,0.05,0.08,0.09688581314878893,0.25,0.25
186,0.9771904922369556,0.4789480605932866,0.9596350158613005,0.481683286108547,0.24869350175742913,0.47023442971838453,0.8146853146853147,0.3980238328752822,0.3883922809091447,0.10839160839160839,0.6657142857142857,0.3828247511650119,0.3769160022154595,0.08857142857142856,0.08741258741258741,0.07714285714285714,0.18285714285714286,8.914285714285715,0.038461538461538464,0.002857142857142857,0.035651940958991435,0.13196634914903713,6.230769230769231,0.0,0.0,0.15,0.08041958041958042,0,0.18109766094378665,0.282527044232554,5.171708876696339,0.9499073319768435,0.0,1.0,0.0,0.1,0.0,0.39406233014360276,0.05,0.08,0.09059233449477352,0.25,0.25
187,0.9773696654603554,0.4785403184955195,0.9597814259809929,0.48138076563399546,0.24869350175742913,0.47014105346454815,0.8181818181818182,0.3980238328752822,0.3883922809091447,0.10839160839160839,0.6685714285714286,0.3828247511650119,0.3769160022154595,0.08857142857142856,0.0979020979020979,0.08285714285714285,0.18285714285714286,8.965714285714286,0.04195804195804196,0.0,0.03565218828537417,0.13196634914903713,6.230769230769231,0.0,0.0,0.15,0.08041958041958042,0,0.18121974478192485,0.28111440901139123,5.151131842019555,0.9309091853373067,0.0,0.9655172413793104,0.0,0.1,0.0,0.3940445283217373,0.05,0.08,0.0979020979020979,0.25,0.25
188,0.9768595085271904,0.47848473201204034,0.9593645548870354,0.481432349973307,0.24869350175742913,0.47000375581992276,0.8076923076923077,0.3980238328752822,0.3883922809091447,0.10839160839160839,0.66,0.3828247511650119,0.3769160022154595,0.08857142857142856,0.06643356643356643,0.06285714285714286,0.18285714285714286,9.008571428571429,0.04195804195804196,0.0,0.03565218828537417,0.13196634914903713,6.230769230769231,0.0,0.0,0.15,0.08041958041958042,0,0.1807989317723009,0.2797088369663343,5.110966348036308,0.9122910016305605,0.0,1.0,0.0,0.1,0.0,0.3940445283217373,0.05,0.08,0.06643356643356643,0.25,0.25
189,0.9755358220685197,0.4790918241205487,0.9582829139522357,0.48214643969302795,0.24869350175742913,0.4698318042658734,0.7937062937062938,0.3983035531550025,0.3886020711189349,0.11188811188811189,0.6485714285714286,0.3830533225935834,0.3770874307868881,0.09142857142857143,0.08041958041958042,0.06857142857142857,0.18285714285714286,9.065714285714286,0.045454545454545456,0.0,0.035688892745126814,0.13196634914903713,6.230769230769231,0.0,0.0,0.15,0.08041958041958042,0,0.18177950997058226,0.2857570346668319,5.077318449647009,0.9450791765920296,0.0,0.875,0.0,0.1,0.0,0.3914052389685875,0.05,0.08,0.08041958041958042,0.25,0.25
190,0.9757560806507165,0.47815427532380433,0.9584628966794022,0.48167524108863324,0.24869350175742913,0.4698208372640795,0.8076923076923077,0.3983035531550025,0.3886020711189349,0.11188811188811189,0.66,0.3830533225935834,0.3770874307868881,0.09142857142857143,0.0944055944055944,0.08571428571428572,0.18285714285714286,9.108571428571429,0.04895104895104895,0.0,0.035694592972627726,0.13196634914903713,6.230769230769231,0.0,0.0,0.15,0.08041958041958042,0,0.18149832742072938,0.2843282494934977,5.061486366368355,0.9261775930601889,0.0,1.0,0.0,0.1,0.0,0.39099581618099727,0.05,0.08,0.0944055944055944,0.25,0.25
191,0.9757993705012338,0.4774507365039838,0.9583230830101865,0.48117901521231027,0.24869350175742913,0.4698786873746394,0.7894736842105263,0.39817485154955296,0.38936556048000953,0.11228070175438597,0.6428571428571429,0.3830533225935834,0.3770874307868881,0.09142857142857143,0.10175438596491228,0.09714285714285714,0.18571428571428572,9.151428571428571,0.0456140350877193,0.002857142857142857,0.03571606048279568,0.13196634914903713,6.189473684210526,0.0,0.0,0.15,0.08070175438596491,0,0.18124683863719715,0.2829066082460302,5.057399496183844,0.9076540411989851,0.0,1.0,0.0,0.1,0.0,0.3916558155817376,0.05,0.08,0.10139860139860139,0.25,0.25
192,0.9777053153365792,0.47750101807582773,0.957752068700804,0.4811587027691891,0.24869350175742913,0.4699629459031791,0.7711267605633803,0.3980243087227379,0.3887837942564829,0.11267605633802817,0.6257142857142857,0.38316760830786906,0.3771731450726023,0.09142857142857143,0.06690140845070422,0.06571428571428571,0.18857142857142858,9.191428571428572,0.04929577464788732,0.002857142857142857,0.03590640238153393,0.13196634914903713,5.957746478873239,0.0,0.0,0.15,0.08098591549295775,0,0.18116903301543974,0.28998186937869797,5.021965791974453,0.9029903250288973,0.0,0.9565217391304348,0.0,0.1,0.0,0.3916558155817376,0.05,0.08,0.07017543859649122,0.25,0.25
193,0.9794123605924565,0.47698948602402236,0.9591259083155166,0.4806535163770245,0.24869350175742913,0.4699806917852002,0.8303886925795053,0.39893590887002545,0.3892550964274669,0.11307420494699646,0.6714285714285714,0.38316760830786906,0.3771731450726023,0.09142857142857143,0.09187279151943463,0.07714285714285714,0.19142857142857142,9.237142857142857,0.045936395759717315,0.002857142857142857,0.03599492541976567,0.1319663491490371,5.879858657243816,0.0,0.0,0.15,0.0812720848056537,0,0.18080533070750537,0.2885319600318045,4.998669333277821,0.8849305185283194,0.0,1.0,0.0,0.1,0.0,0.39133358818293246,0.05,0.08,0.09507042253521127,0.25,0.25
194,0.9809011154866776,0.47638484813544785,0.9603296729871295,0.48029155375303595,0.24869350175742913,0.47008859915798706,0.833922261484099,0.39893590887002545,0.3892550964274669,0.11307420494699646,0.6742857142857143,0.38316760830786906,0.3771731450726023,0.09142857142857143,0.08833922261484099,0.07428571428571429,0.19142857142857142,9.282857142857143,0.045936395759717315,0.0,0.03603988293147327,0.1319663491490371,5.879858657243816,0.0,0.0,0.15,0.0812720848056537,0,0.18038673262539645,0.2870893002316455,4.97298166089798,0.867231908157753,0.0,1.0,0.0,0.1,0.0,0.39001779216601196,0.05,0.08,0.08833922261484099,0.25,0.25
195,0.9804408481434843,0.47617160965583805,0.9599575139639189,0.48029767977819016,0.24869350175742913,0.47010499355092666,0.8197879858657244,0.39893590887002545,0.3892550964274669,0.11307420494699646,0.6628571428571428,0.38316760830786906,0.3771731450726023,0.09142857142857143,0.0812720848056537,0.06857142857142857,0.19142857142857142,9.331428571428571,0.04946996466431095,0.0,0.03607269144624248,0.1319663491490371,5.879858657243816,0.0,0.0,0.15,0.0812720848056537,0,0.18056780965514443,0.28565385373048724,4.942093456251449,0.849887269994598,0.0,0.9583333333333334,0.0,0.1,0.0,0.3877077152785594,0.05,0.08,0.0812720848056537,0.25,0.25
196,0.9790289502320901,0.47574369650702003,0.9586885764959643,0.4800350083327927,0.24869350175742913,0.4700634272870692,0.7978723404255319,0.3994821761614823,0.39011762247974086,0.11347517730496454,0.6428571428571429,0.38316760830786906,0.3771731450726023,0.09142857142857143,0.08865248226950355,0.07428571428571429,0.19428571428571428,9.368571428571428,0.04964539007092199,0.002857142857142857,0.03615082552637418,0.1319663491490371,5.773049645390071,0.0,0.0,0.15,0.08156028368794327,0,0.18032040274615443,0.2842255844618348,4.917537301412133,0.832889524594706,0.0,1.0,0.0,0.1,0.0,0.3871032482425466,0.05,0.08,0.09187279151943463,0.25,0.25
197,0.9790927196033081,0.4746399807449669,0.9587399563893454,0.4793319159956934,0.24869350175742913,0.47006906503939044,0.8120567375886525,0.3994821761614823,0.39011762247974086,0.11347517730496454,0.6542857142857142,0.38316760830786906,0.3771731450726023,0.09142857142857143,0.0673758865248227,0.054285714285714284,0.19428571428571428,9.394285714285715,0.04609929078014184,0.0,0.03619598874664011,0.1319663491490371,5.773049645390071,0.0,0.0,0.15,0.08156028368794327,0,0.1798470864467094,0.28280445653952563,4.8734722696696045,0.8162317341028118,0.0,1.0,0.0,0.1,0.0,0.3871032482425466,0.05,0.08,0.0673758865248227,0.25,0.25
198,0.9804911912092393,0.4748796390393544,0.9598667249404099,0.4797401169069602,0.24869350175742913,0.4701334530420038,0.8120567375886525,0.3996240201331135,0.39022400545846425,0.11347517730496454,0.6542857142857142,0.38328189402215473,0.37725885935831666,0.09142857142857143,0.08865248226950355,0.07142857142857142,0.19428571428571428,9.44,0.04609929078014184,0.0,0.036211123465392514,0.1319663491490371,5.773049645390071,0.0,0.0,0.15,0.08156028368794327,0,0.17994699458590438,0.281390434256828,4.847431395704784,0.8211834837826115,0.0,0.96,0.0,0.1,0.0,0.3860459581708448,0.05,0.08,0.08865248226950355,0.25,0.25
199,0.9806103863116153,0.47569145643385075,0.9599627621371817,0.4801758250143041,0.24869350175742913,0.4701327332495935,0.7907801418439716,0.3998367860905603,0.3903835799265494,0.11347517730496454,0.6371428571428571,0.38345332259358333,0.3773874307868881,0.09142857142857143,0.09574468085106383,0.07714285714285714,0.19428571428571428,9.477142857142857,0.05319148936170213,0.0,0.0362102728047964,0.1319663491490371,5.773049645390071,0.0,0.0,0.15,0.08156028368794327,0,0.1803899738986892,0.27998348208554386,4.827625624933546,0.8624313936496598,0.0,0.9259259259259259,0.0,0.1,0.0,0.3861053623899621,0.05,0.08,0.09574468085106383,0.25,0.25
200,0.9806323674477591,0.4760362651700237,0.9597713292904491,0.4803726338272517,0.24869350175742913,0.4703401799099377,0.8,0.40067605330866296,0.3920151663677699,0.11428571428571428,0.64,0.38345332259358333,0.3773874307868881,0.09142857142857143,0.08571428571428572,0.07428571428571429,0.2,9.52,0.04285714285714286,0.005714285714285714,0.036280091990434554,0.13196634914903713,5.7214285714285715,0.0,0.0,0.15,0.08214285714285714,0,0.18008546754715993,0.27858356467511614,4.805358826720589,0.8451827657766666,0.0,1.0,0.0,0.1,0.0,0.3850979666108896,0.05,0.08,0.08865248226950355,0.25,0.25
201,0.9808147062500766,0.47441717466260647,0.9599270593449204,0.4792862573011522,0.24869350175742913,0.47056211049539887,0.8129496402877698,0.4000582980321279,0.3931901427834164,0.11510791366906475,0.6457142857142857,0.38345332259358333,0.3773874307868881,0.09142857142857143,0.07913669064748201,0.06857142857142857,0.2057142857142857,9.554285714285715,0.039568345323741004,0.005714285714285714,0.03641073154800465,0.13196634914903713,5.532374100719425,0.0,0.0,0.15,0.07913669064748201,0,0.18021176162015626,0.2771906468517406,4.7778230787576055,0.8282791104611332,0.0,0.9583333333333334,0.0,0.1,0.0,0.3831644968517737,0.05,0.08,0.08214285714285714,0.25,0.25
202,0.9803124055007639,0.474224420300042,0.9595280890354664,0.47865063557460236,0.24869350175742913,0.47069751724905073,0.8309352517985612,0.4000582980321279,0.3931901427834164,0.11510791366906475,0.66,0.38345332259358333,0.3773874307868881,0.09142857142857143,0.10071942446043165,0.08,0.2057142857142857,9.58,0.039568345323741004,0.0,0.036490515580072914,0.13196634914903713,5.532374100719425,0.0,0.0,0.15,0.07913669064748201,0,0.18004987125885843,0.27580469361748183,4.762266617182453,0.8117135282519106,0.0,1.0,0.0,0.1,0.0,0.38411418567824973,0.05,0.08,0.10071942446043165,0.25,0.25
203,0.9806499862334959,0.47340942775113193,0.9597962245888935,0.47800523514601584,0.24869350175742913,0.4707330513587914,0.8525179856115108,0.4000582980321279,0.3931901427834164,0.11510791366906475,0.6771428571428572,0.38345332259358333,0.3773874307868881,0.09142857142857143,0.09352517985611511,0.07428571428571429,0.2057142857142857,9.62,0.04316546762589928,0.0,0.03649308709148903,0.13196634914903713,5.532374100719425,0.0,0.0,0.15,0.07913669064748201,0,0.17966362190256413,0.27442567014939445,4.741306999124519,0.7954792576868723,0.0,1.0,0.0,0.1,0.0,0.38393725337275453,0.05,0.08,0.09352517985611511,0.25,0.25
204,0.9805365661268673,0.47352019868454587,0.9597061366184857,0.4779055376208115,0.24869350175742913,0.4708021925670306,0.8273381294964028,0.4002021829242142,0.39329805645248117,0.11510791366906475,0.6571428571428571,0.38356760830786907,0.3774731450726024,0.09142857142857143,0.08273381294964029,0.06571428571428571,0.2057142857142857,9.665714285714285,0.04316546762589928,0.0,0.03651907470966692,0.13196634914903713,5.532374100719425,0.0,0.0,0.15,0.07913669064748201,0,0.17956501807876563,0.2730535417986475,4.712195144856314,0.8876502224576002,0.0,0.9565217391304348,0.0,0.1,0.0,0.3821504626465628,0.05,0.08,0.08273381294964029,0.25,0.25
205,0.9802495659934398,0.47417975686768976,0.959478176512506,0.47815366367338924,0.24869350175742913,0.4708925537222123,0.8093525179856115,0.4002021829242142,0.39329805645248117,0.11510791366906475,0.6428571428571429,0.38356760830786907,0.3774731450726024,0.09142857142857143,0.06474820143884892,0.05142857142857143,0.2057142857142857,9.691428571428572,0.039568345323741004,0.0,0.03651907470966692,0.13196634914903713,5.532374100719425,0.0,0.0,0.15,0.07913669064748201,0,0.1791523358455146,0.27168827408965424,4.669379813387759,0.8698972180084482,0.0,1.0,0.0,0.1,0.0,0.3821504626465628,0.05,0.08,0.06474820143884892,0.25,0.25
206,0.9810497995611444,0.4735413233426972,0.9601218029932722,0.4773519211262428,0.24869350175742913,0.47110049239237406,0.8267148014440433,0.39960545933675223,0.3937239451627763,0.11552346570397112,0.6542857142857142,0.38356760830786907,0.3774731450726024,0.09142857142857143,0.05415162454873646,0.045714285714285714,0.20857142857142857,9.728571428571428,0.039711191335740074,0.002857142857142857,0.0365569588163445,0.13196634914903713,5.465703971119134,0.0,0.0,0.15,0.07942238267148015,0,0.17848514559485848,0.27032983271920596,4.621706502834289,0.8524992736482793,0.0,1.0,0.0,0.1,0.0,0.3821504626465628,0.05,0.08,0.05755395683453238,0.25,0.25
207,0.980293552506881,0.4745441402280062,0.9595232874674693,0.4778667323702059,0.24869350175742913,0.47117541018089326,0.8375451263537906,0.3998220658349472,0.39388640003642245,0.11552346570397112,0.6628571428571428,0.38373903687929767,0.37760171650117375,0.09142857142857143,0.07581227436823104,0.06,0.20857142857142857,9.765714285714285,0.039711191335740074,0.0,0.03660976335593636,0.13196634914903713,5.465703971119134,0.0,0.0,0.15,0.07942238267148015,0,0.17930146544940143,0.26897818355560993,4.589272372777604,0.8549017543966787,0.0,0.9047619047619048,0.0,0.1,0.0,0.3821504626465628,0.05,0.08,0.07581227436823104,0.25,0.25
208,0.9804320016084577,0.47545268409569813,0.9596328600421455,0.47861633210650945,0.24869350175742913,0.4712889792143305,0.8375451263537906,0.3998220658349472,0.39388640003642245,0.11552346570397112,0.6628571428571428,0.38373903687929767,0.37760171650117375,0.09142857142857143,0.07942238267148015,0.06285714285714286,0.20857142857142857,9.794285714285714,0.039711191335740074,0.0,0.03660976335593636,0.13196634914903713,5.465703971119134,0.0,0.0,0.15,0.07942238267148015,0,0.17903153383286868,0.26763329263783187,4.560344068179194,0.8378037193087451,0.0,1.0,0.0,0.1,0.0,0.3821504626465628,0.05,0.08,0.07942238267148015,0.25,0.25
209,0.9806353836362965,0.4744037542265785,0.9597938223898924,0.47786608668405817,0.24869350175742913,0.47144252186333097,0.851985559566787,0.3998220658349472,0.39388640003642245,0.11552346570397112,0.6742857142857143,0.38373903687929767,0.37760171650117375,0.09142857142857143,0.06859205776173286,0.054285714285714284,0.20857142857142857,9.831428571428571,0.039711191335740074,0.0,0.03660976335593636,0.13196634914903713,5.465703971119134,0.0,0.0,0.15,0.07942238267148015,0,0.1787052475388114,0.2662951261746427,4.523422901101324,0.8210476449225702,0.0,1.0,0.0,0.1,0.0,0.3821504626465628,0.05,0.08,0.06859205776173286,0.25,0.25
210,0.9808147797838586,0.47434890028210497,0.9599358016266774,0.4776626861029977,0.24869350175742913,0.471450565057139,0.8158844765342961,0.3998220658349472,0.39388640003642245,0.11552346570397112,0.6457142857142857,0.38373903687929767,0.37760171650117375,0.09142857142857143,0.08303249097472924,0.06571428571428571,0.20857142857142857,9.865714285714287,0.039711191335740074,0.0,0.036633943118371814,0.13196634914903713,5.465703971119134,0.0,0.0,0.15,0.07942238267148015,0,0.17835372201540306,0.2649636505437695,4.498668728793583,0.8046266920241187,0.0,1.0,0.0,0.1,0.0,0.38049781316044406,0.05,0.08,0.08303249097472924,0.25,0.25
211,0.9804777291559869,0.47440017799000905,0.9596690501297617,0.47704114857817415,0.24869350175742913,0.47141414346180305,0.8086642599277978,0.3999664701670772,0.39399470328551994,0.11552346570397112,0.64,0.38385332259358335,0.37768743078688805,0.09142857142857143,0.08303249097472924,0.06571428571428571,0.20857142857142857,9.911428571428571,0.039711191335740074,0.0,0.03665694089344559,0.13196634914903713,5.465703971119134,0.0,0.0,0.15,0.07942238267148015,0,0.17846038554461177,0.2636388322910507,4.474409639931998,0.8248772469494481,0.0,0.9565217391304348,0.0,0.1,0.0,0.37892779614863126,0.05,0.08,0.08303249097472924,0.25,0.25
212,0.9805110063295918,0.47393287869712164,0.9596953866357288,0.47678736630169244,0.24869350175742913,0.47135851117616984,0.8231046931407943,0.4001108744992072,0.39410300653461744,0.11552346570397112,0.6514285714285715,0.383967608307869,0.37777314507260235,0.09142857142857143,0.07942238267148015,0.06571428571428571,0.20857142857142857,9.94,0.04332129963898917,0.0,0.03665694089344559,0.13196634914903713,5.465703971119134,0.0,0.0,0.15,0.07942238267148015,0,0.17851036933117442,0.27874534558793623,4.450635732847643,0.8283843207968863,0.0,0.9565217391304348,0.0,0.1,0.0,0.37892779614863126,0.05,0.08,0.07942238267148015,0.25,0.25
213,0.9790262207674438,0.4739552801872345,0.9578373409779696,0.4769234113577947,0.24869350175742913,0.4712265440933525,0.8181818181818182,0.40189824907140337,0.39498786904909144,0.11636363636363636,0.6428571428571429,0.38419617973644044,0.3779445736440309,0.09142857142857143,0.08,0.06571428571428571,0.21428571428571427,9.997142857142856,0.03636363636363636,0.005714285714285714,0.03669658456036865,0.13196634914903713,5.425454545454546,0.0,0.0,0.15,0.08,0,0.17893124677023284,0.27735161885999654,4.427337303904976,0.8858423808639998,0.0,0.9130434782608695,0.0,0.1,0.0,0.37892779614863126,0.05,0.08,0.07942238267148015,0.25,0.25
214,0.980850538534508,0.47349541232814135,0.95867297926055,0.4768509656692856,0.24869350175742913,0.47126550876910867,0.8388278388278388,0.4037959990878744,0.3942435196162897,0.11721611721611722,0.6542857142857142,0.38419617973644044,0.3779445736440309,0.09142857142857143,0.08058608058608059,0.06571428571428571,0.22,10.028571428571428,0.029304029304029304,0.005714285714285714,0.03682453829202173,0.1319663491490371,5.2967032967032965,0.0,0.0,0.15,0.08058608058608059,0,0.17863403334006014,0.27596486076569654,4.4045048435411625,0.8681255332467198,0.0,1.0,0.0,0.1,0.0,0.3775268608866542,0.05,0.08,0.08363636363636363,0.25,0.25
215,0.9795535230649919,0.4728876523166558,0.9576613071943273,0.4765388244703567,0.24869350175742913,0.47134131878024255,0.8388278388278388,0.4039425192343945,0.39435340972617977,0.12087912087912088,0.6542857142857142,0.3843104654507262,0.3780302879297452,0.09428571428571429,0.08058608058608059,0.06285714285714286,0.22,10.065714285714286,0.03296703296703297,0.0,0.03690745377011739,0.1319663491490371,5.2967032967032965,0.0,0.0,0.15,0.08058608058608059,0,0.17862572174478844,0.28361540971986915,4.379271889527482,0.8575769363970343,0.0,0.9545454545454546,0.0,0.1,0.0,0.3757384299302336,0.05,0.08,0.08058608058608059,0.25,0.25
216,0.9787532427969506,0.4727142243708724,0.9570977936058352,0.47643342345276535,0.24869350175742913,0.47150770896138616,0.8529411764705882,0.403738720327978,0.3946399524788864,0.1213235294117647,0.6628571428571428,0.3843104654507262,0.3780302879297452,0.09428571428571429,0.08088235294117647,0.06571428571428571,0.22285714285714286,10.077142857142857,0.029411764705882353,0.002857142857142857,0.03692798791109192,0.13196634914903713,5.294117647058823,0.0,0.0,0.15,0.08088235294117647,0,0.17833102527535022,0.2821973326712698,4.357400737451218,0.8404253976690935,0.0,1.0,0.0,0.1,0.0,0.3745888710710846,0.05,0.08,0.08424908424908426,0.25,0.25
217,0.9794591074271707,0.4722178539867853,0.9574926750451144,0.4762416670419785,0.24869350175742913,0.4716158246269372,0.8523985239852399,0.4040064568869416,0.3945556110910207,0.12177121771217712,0.66,0.3843104654507262,0.3780302879297452,0.09428571428571429,0.05166051660516605,0.04285714285714286,0.2257142857142857,10.125714285714286,0.033210332103321034,0.002857142857142857,0.03692884170318135,0.13196634914903713,5.284132841328414,0.0,0.0,0.15,0.08118081180811808,0,0.1777249415775449,0.2807863460079134,4.313109865559336,0.8236168897157117,0.0,1.0,0.0,0.1,0.0,0.3745888710710846,0.05,0.08,0.05514705882352941,0.25,0.25
218,0.9807702296191252,0.4720186022941401,0.958507858228028,0.4756982959742205,0.24869350175742913,0.4717088121322194,0.8708487084870848,0.4040064568869416,0.3945556110910207,0.12177121771217712,0.6742857142857143,0.3843104654507262,0.3780302879297452,0.09428571428571429,0.06642066420664207,0.05142857142857143,0.2257142857142857,10.145714285714286,0.03690036900369004,0.0,0.03694656167119164,0.13196634914903713,5.284132841328414,0.0,0.0,0.15,0.08118081180811808,0,0.17749146329465715,0.27938241427787386,4.278276239676721,0.8071445519213974,0.0,1.0,0.0,0.1,0.0,0.3745888710710846,0.05,0.08,0.06642066420664207,0.25,0.25
219,0.9813680143712752,0.4721968612386932,0.9583797125946973,0.47600283853856323,0.24869350175742913,0.47181283755791775,0.828996282527881,0.4034409848522581,0.39462489592319,0.12267657992565056,0.6371428571428571,0.3843104654507262,0.3780302879297452,0.09428571428571429,0.08550185873605948,0.07142857142857142,0.23142857142857143,10.177142857142858,0.02973977695167286,0.005714285714285714,0.036953767138765525,0.1319663491490371,5.241635687732342,0.0,0.0,0.15,0.08178438661710037,0,0.17734387806757662,0.27798550220648455,4.2641392863117575,0.7910016608829695,0.0,1.0,0.0,0.1,0.0,0.3746970658939141,0.05,0.08,0.09225092250922509,0.25,0.25
220,0.9824385865985402,0.471949589120065,0.9589338623728476,0.4755924558534023,0.24869350175742913,0.47188222237143024,0.8582089552238806,0.40377858002364575,0.3950691237282567,0.12313432835820895,0.6571428571428571,0.3844247511650119,0.3781160022154595,0.09428571428571429,0.06343283582089553,0.05142857142857143,0.2342857142857143,10.2,0.026119402985074626,0.002857142857142857,0.036997678438493636,0.13196634914903713,5.231343283582089,0.0,0.0,0.15,0.08208955223880597,0,0.17719987296295306,0.2765955746954521,4.2302850720140945,0.8309280721939521,0.0,0.9444444444444444,0.0,0.1,0.0,0.3746970658939141,0.05,0.08,0.06691449814126393,0.25,0.25
221,0.9818908134238273,0.47054747774498273,0.9585144246276387,0.4744290919124415,0.24869350175742913,0.4719367388863984,0.8992537313432836,0.40377858002364575,0.3950691237282567,0.12313432835820895,0.6885714285714286,0.3844247511650119,0.3781160022154595,0.09428571428571429,0.055970149253731345,0.04285714285714286,0.2342857142857143,10.228571428571428,0.026119402985074626,0.0,0.03701262844525225,0.13196634914903713,5.231343283582089,0.0,0.0,0.15,0.07835820895522388,0,0.1767701600267097,0.2752125968219748,4.188536513430955,0.8143095107500731,0.0,1.0,0.0,0.1,0.0,0.3746970658939141,0.05,0.08,0.055970149253731345,0.25,0.25
222,0.9812259670625153,0.4700067344457552,0.9580053422709771,0.4747332701803157,0.24869350175742913,0.4717822476634638,0.8805970149253731,0.40385320688931736,0.39512509387751044,0.12313432835820895,0.6742857142857143,0.38448189402215477,0.37815885935831667,0.09428571428571429,0.07462686567164178,0.05714285714285714,0.2342857142857143,10.262857142857143,0.026119402985074626,0.0,0.03701262844525225,0.13196634914903713,5.231343283582089,0.0,0.0,0.15,0.07835820895522388,0,0.17697045422657615,0.27383653383786494,4.161908640305193,0.8040329918878318,0.0,0.95,0.0,0.1,0.0,0.3746970658939141,0.05,0.08,0.07462686567164178,0.25,0.25
223,0.9813866562395382,0.4684891710395228,0.9581283842693832,0.4732933359541492,0.24869350175742913,0.47160822181787254,0.8432835820895522,0.40385320688931736,0.39512509387751044,0.12313432835820895,0.6457142857142857,0.38448189402215477,0.37815885935831667,0.09428571428571429,0.06716417910447761,0.05142857142857143,0.2342857142857143,10.3,0.029850746268656716,0.0,0.03701262844525225,0.13196634914903713,5.231343283582089,0.0,0.0,0.15,0.07835820895522388,0,0.17642803124115755,0.2724673511686756,4.130099038927661,0.7879523320500753,0.0,1.0,0.0,0.1,0.0,0.3746970658939141,0.05,0.08,0.06716417910447761,0.25,0.25
224,0.9815968605233466,0.4683410125908249,0.9582893406924137,0.47282158284940723,0.24869350175742913,0.47124446090275923,0.8507462686567164,0.40385320688931736,0.39512509387751044,0.12313432835820895,0.6514285714285715,0.38448189402215477,0.37815885935831667,0.09428571428571429,0.06716417910447761,0.05142857142857143,0.2342857142857143,10.32,0.029850746268656716,0.0,0.03701262844525225,0.13196634914903713,5.231343283582089,0.0,0.0,0.15,0.07835820895522388,0,0.1759454625135232,0.27110501441283225,4.098925629577678,0.7721932854090737,0.0,1.0,0.0,0.1,0.0,0.3746970658939141,0.05,0.08,0.06716417910447761,0.25,0.25
225,0.9812988412713688,0.4691183054622029,0.9580611430937561,0.47337479260082105,0.24869350175742913,0.47096946587720345,0.8731343283582089,0.4040770874863323,0.39529300432527165,0.12313432835820895,0.6685714285714286,0.38465332259358337,0.3782874307868881,0.09428571428571429,0.10074626865671642,0.07714285714285714,0.2342857142857143,10.354285714285714,0.029850746268656716,0.0,0.036992091519905256,0.13196634914903713,5.231343283582089,0.0,0.0,0.15,0.07835820895522388,0,0.17660532371534834,0.2697494893407681,4.094089974128982,0.7861808639536834,0.0,0.9259259259259259,0.0,0.1,0.0,0.3760741528977259,0.05,0.08,0.10074626865671642,0.25,0.25
226,0.981950566373476,0.4691552129137213,0.9585601783147983,0.4731267306226123,0.24869350175742913,0.47068739311111457,0.8656716417910447,0.4042263412176756,0.3954049446237791,0.12313432835820895,0.6628571428571428,0.38476760830786905,0.37837314507260233,0.09428571428571429,0.08208955223880597,0.06285714285714286,0.2342857142857143,10.38,0.029850746268656716,0.0,0.037014317362741175,0.13196634914903713,5.231343283582089,0.0,0.0,0.15,0.07835820895522388,0,0.17655072566820018,0.2684007418940642,4.075065317503545,0.7854504144930158,0.0,0.9545454545454546,0.0,0.1,0.0,0.3745838780886605,0.05,0.08,0.08208955223880597,0.25,0.25
227,0.9813706026357012,0.4688293782402395,0.958116091795588,0.4730257953568119,0.24869350175742913,0.4704197856447745,0.8544776119402985,0.4042263412176756,0.3954049446237791,0.12313432835820895,0.6542857142857142,0.38476760830786905,0.37837314507260233,0.09428571428571429,0.08582089552238806,0.06571428571428571,0.2342857142857143,10.414285714285715,0.03731343283582089,0.0,0.037027095438344204,0.13196634914903713,5.231343283582089,0.0,0.0,0.15,0.07835820895522388,0,0.1760962577541449,0.2670587381845939,4.0592782968677605,0.7697414062031555,0.0,1.0,0.0,0.1,0.0,0.3737278185125857,0.05,0.08,0.08582089552238806,0.25,0.25
228,0.9808669824524089,0.46854902438572865,0.9576987210985538,0.4730116275481781,0.24869350175742913,0.4700992109196693,0.8614232209737828,0.4055891929494077,0.39463196168664705,0.12359550561797752,0.6571428571428571,0.38476760830786905,0.37837314507260233,0.09428571428571429,0.0749063670411985,0.06,0.23714285714285716,10.445714285714285,0.033707865168539325,0.002857142857142857,0.03706176025138101,0.13196634914903713,5.191011235955056,0.0,0.0,0.15,0.07865168539325842,0,0.1758133621261955,0.26572344449367097,4.038092730930405,0.7543465780790923,0.0,1.0,0.0,0.1,0.0,0.3737278185125857,0.05,0.08,0.07835820895522388,0.25,0.25
229,0.9817922280468039,0.4681718673767587,0.9579664288086123,0.4729498592776098,0.24869350175742913,0.46973328689616056,0.8383458646616542,0.4043539603851191,0.395010477274954,0.12406015037593984,0.6371428571428571,0.38482475116501186,0.3784160022154595,0.09428571428571429,0.06390977443609022,0.05142857142857143,0.24,10.477142857142857,0.03383458646616541,0.002857142857142857,0.037047814938527004,0.1319663491490371,5.195488721804511,0.0,0.0,0.15,0.07894736842105263,0,0.17567686674413596,0.2660919477973762,4.008759447740367,0.7677493385473364,0.0,0.9444444444444444,0.0,0.1,0.0,0.3737278185125857,0.05,0.08,0.06741573033707865,0.25,0.25
230,0.9806720493763976,0.4700326854490646,0.9571150930191034,0.474321031363836,0.24869350175742913,0.469404207434815,0.8308270676691729,0.4046547122648183,0.39523604118472844,0.12406015037593984,0.6314285714285715,0.3850533225935832,0.3785874307868881,0.09428571428571429,0.07518796992481203,0.06,0.24,10.514285714285714,0.03383458646616541,0.0,0.03706062939155916,0.1319663491490371,5.195488721804511,0.0,0.0,0.15,0.07894736842105263,0,0.17639027619812456,0.2840744695556437,3.9885842587855604,0.856078800003608,0.0,0.9047619047619048,0.0,0.1,0.0,0.3737278185125857,0.05,0.08,0.07518796992481203,0.25,0.25
231,0.9819419219180333,0.4700849334422291,0.9580801961507466,0.47454399791027363,0.24869350175742913,0.46913781295848356,0.8345864661654135,0.4046547122648183,0.39523604118472844,0.12406015037593984,0.6342857142857142,0.3850533225935832,0.3785874307868881,0.09428571428571429,0.08646616541353383,0.06571428571428571,0.24,10.554285714285715,0.03383458646616541,0.0,0.03707134839199271,0.1319663491490371,5.195488721804511,0.0,0.0,0.15,0.07894736842105263,0,0.17616375553141966,0.2826540972078655,3.9745268593241354,0.8389572240035359,0.0,1.0,0.0,0.1,0.0,0.3730113523989865,0.05,0.08,0.08646616541353383,0.25,0.25
232,0.9800244510788456,0.47054983886585544,0.9566229183129638,0.47461855157865734,0.24869350175742913,0.46888948419383775,0.8383458646616542,0.4046547122648183,0.39523604118472844,0.12406015037593984,0.6371428571428571,0.3850533225935832,0.3785874307868881,0.09428571428571429,0.06766917293233082,0.05142857142857143,0.24,10.597142857142858,0.041353383458646614,0.0,0.03707134839199271,0.1319663491490371,5.195488721804511,0.0,0.0,0.15,0.07894736842105263,0,0.17565351103590543,0.28124082672182615,3.9464648935662234,0.8221780795234651,0.0,1.0,0.0,0.1,0.0,0.3730113523989865,0.05,0.08,0.06766917293233082,0.25,0.25
233,0.9800369694895552,0.4702829130156399,0.9566324323051033,0.47418630295431075,0.24869350175742913,0.46869869500802913,0.8045112781954887,0.4046547122648183,0.39523604118472844,0.12406015037593984,0.6114285714285714,0.3850533225935832,0.3785874307868881,0.09428571428571429,0.06766917293233082,0.05142857142857143,0.24,10.642857142857142,0.041353383458646614,0.0,0.03707134839199271,0.1319663491490371,5.195488721804511,0.0,0.0,0.15,0.07894736842105263,0,0.17523181490929732,0.27983462258821706,3.91896416712347,0.8057345179329959,0.0,1.0,0.0,0.1,0.0,0.3730113523989865,0.05,0.08,0.06766917293233082,0.25,0.25
234,0.9801906019634808,0.469698132774763,0.9567491929852867,0.4735583127508528,0.24869350175742913,0.4685643239282547,0.8233082706766918,0.4046547122648183,0.39523604118472844,0.12406015037593984,0.6257142857142857,0.3850533225935832,0.3785874307868881,0.09428571428571429,0.06015037593984962,0.045714285714285714,0.24,10.68,0.045112781954887216,0.0,0.03707134839199271,0.1319663491490371,5.195488721804511,0.0,0.0,0.15,0.07894736842105263,0,0.17481137368832225,0.27843544947527593,3.886299169495287,0.7896198275743359,0.0,1.0,0.0,0.1,0.0,0.3730113523989865,0.05,0.08,0.06015037593984962,0.25,0.25
235,0.9813842433477112,0.46928621719784935,0.9576563604373018,0.4733534090519085,0.24869350175742913,0.46847736074845053,0.8383458646616542,0.40472990023474315,0.395292432162172,0.12406015037593984,0.6371428571428571,0.38511046545072614,0.37863028792974524,0.09428571428571429,0.08270676691729323,0.06571428571428571,0.24,10.742857142857142,0.04887218045112782,0.0,0.03708998129639037,0.1319663491490371,5.195488721804511,0.0,0.0,0.15,0.07894736842105263,0,0.17487846680204136,0.27704327222789954,3.874287471819667,0.8170728068875467,0.0,0.9565217391304348,0.0,0.1,0.0,0.37176679981663113,0.05,0.08,0.08270676691729323,0.25,0.25
236,0.9791705820174639,0.46948003691547885,0.955743016456794,0.4728413783160987,0.24869350175742913,0.46844074338294256,0.7773584905660378,0.404845108406169,0.39598284829218633,0.12452830188679245,0.5885714285714285,0.38516760830786895,0.3786731450726024,0.09428571428571429,0.10566037735849057,0.08571428571428572,0.24285714285714285,10.805714285714286,0.045283018867924525,0.002857142857142857,0.037057807688675705,0.1319663491490371,5.169811320754717,0.0,0.0,0.15,0.07924528301886792,0,0.17528440207617155,0.27565805586676007,3.8825160080975585,0.8023654963635712,0.0,0.9666666666666667,0.0,0.1,0.0,0.37453184328444616,0.05,0.08,0.10902255639097744,0.25,0.25
237,0.9800077100118402,0.46998123500185474,0.9563768419382501,0.4733960995699672,0.24869350175742913,0.4682959101494402,0.8301886792452831,0.404845108406169,0.39598284829218633,0.12452830188679245,0.6285714285714286,0.38516760830786895,0.3786731450726024,0.09428571428571429,0.08679245283018867,0.06571428571428571,0.24285714285714285,10.86,0.045283018867924525,0.0,0.037085807254769114,0.1319663491490371,5.169811320754717,0.0,0.0,0.15,0.07924528301886792,0,0.17483640863721925,0.2742797655874263,3.8705799736498934,0.7863181864362998,0.0,1.0,0.0,0.1,0.0,0.37382411904475216,0.05,0.08,0.08679245283018867,0.25,0.25
238,0.980443446831599,0.47058539486693163,0.956706756958925,0.47400228043804404,0.24869350175742913,0.4682199667400961,0.8037735849056604,0.4051469951986218,0.39620926338652596,0.12452830188679245,0.6085714285714285,0.38539617973644047,0.3788445736440309,0.09428571428571429,0.09433962264150944,0.07142857142857142,0.24285714285714285,10.894285714285715,0.045283018867924525,0.0,0.03707892338530956,0.1319663491490371,5.169811320754717,0.0,0.0,0.15,0.07924528301886792,0,0.1761046551654617,0.27290836675948915,3.8645969456054665,0.9726299880257638,0.0,0.84,0.0,0.1,0.0,0.37428385648874096,0.05,0.08,0.09433962264150944,0.25,0.25
239,0.9786448754374409,0.47014825010872574,0.9553455527801568,0.47452656729137865,0.24869350175742913,0.4680202742154658,0.7954545454545454,0.4046081211026397,0.3961920531136681,0.125,0.6,0.38539617973644047,0.3788445736440309,0.09428571428571429,0.06818181818181818,0.054285714285714284,0.24571428571428572,10.951428571428572,0.045454545454545456,0.002857142857142857,0.03708946002130766,0.1319663491490371,5.143939393939394,0.0,0.0,0.15,0.07954545454545454,0,0.17568070331820584,0.2715438249256917,3.841590720979072,0.9531773882652486,0.0,1.0,0.0,0.1,0.0,0.37428385648874096,0.05,0.08,0.07169811320754717,0.25,0.25
240,0.9793787243820543,0.47123272064665245,0.9558695188414786,0.47498219771916167,0.24869350175742913,0.46783192109093835,0.8517110266159695,0.4058103071503915,0.39613915021246815,0.12547528517110265,0.64,0.3854533225935833,0.3788874307868881,0.09428571428571429,0.09125475285171103,0.06857142857142857,0.24857142857142858,11.0,0.04182509505703422,0.002857142857142857,0.0371255185832429,0.13196634914903713,5.133079847908745,0.0,0.0,0.15,0.07984790874524715,0,0.1756875855159005,0.2701861058010633,3.8333303351309183,0.9603999999999999,0.0,0.9583333333333334,0.0,0.1,0.0,0.37420602730066754,0.05,0.08,0.09090909090909091,0.25,0.25
241,0.980046993203639,0.4708259668260274,0.9563716751274124,0.4746197748395015,0.24869350175742913,0.4676988630770435,0.8288973384030418,0.4058103071503915,0.39613915021246815,0.12547528517110265,0.6228571428571429,0.3854533225935833,0.3788874307868881,0.09428571428571429,0.08365019011406843,0.06285714285714286,0.24857142857142858,11.04,0.049429657794676805,0.0,0.03714297309906888,0.13196634914903713,5.133079847908745,0.0,0.0,0.15,0.07984790874524715,0,0.17526571973117813,0.26883517527205797,3.819520871285443,0.9411919999999999,0.0,1.0,0.0,0.1,0.0,0.37304325445274444,0.05,0.08,0.08365019011406843,0.25,0.25
242,0.9803540230259257,0.4713683007137106,0.9565956726767568,0.47511726786721153,0.24869350175742913,0.46740358252988057,0.8396946564885496,0.4059545314484511,0.3960840075060237,0.12595419847328243,0.6285714285714286,0.3854533225935833,0.3788874307868881,0.09428571428571429,0.06870229007633588,0.05142857142857143,0.25142857142857145,11.085714285714285,0.04961832061068702,0.002857142857142857,0.0372040676287318,0.1319663491490371,5.038167938931298,0.0,0.0,0.15,0.08015267175572519,0,0.17470353398966512,0.26749099939569765,3.7945590252883057,0.9223681599999999,0.0,1.0,0.0,0.1,0.0,0.37304325445274444,0.05,0.08,0.06844106463878327,0.25,0.25
243,0.9796562909386219,0.4727523662087136,0.9559320724517966,0.4762890345831471,0.24869350175742913,0.46723244417084014,0.823076923076923,0.40429972566701106,0.39676459638970984,0.12692307692307692,0.6114285714285714,0.3854533225935833,0.3788874307868881,0.09428571428571429,0.08076923076923077,0.06571428571428571,0.2571428571428571,11.125714285714286,0.04230769230769231,0.005714285714285714,0.03729220248077741,0.13196634914903713,5.015384615384615,0.0,0.0,0.15,0.08076923076923077,0,0.17451387703043106,0.2661535443987192,3.7843821304968253,0.9039207967999998,0.0,1.0,0.0,0.1,0.0,0.37255903066140494,0.05,0.08,0.08778625954198473,0.25,0.25
244,0.9804583324547647,0.47237037860190906,0.9565278747209313,0.47623389054652876,0.24869350175742913,0.467224154341749,0.8307692307692308,0.40429972566701106,0.39676459638970984,0.12692307692307692,0.6171428571428571,0.3854533225935833,0.3788874307868881,0.09428571428571429,0.07307692307692308,0.054285714285714284,0.2571428571428571,11.18,0.046153846153846156,0.0,0.037300850213774446,0.13196634914903713,5.015384615384615,0.0,0.0,0.15,0.08076923076923077,0,0.17434617732005392,0.26482277667672555,3.7629802021726033,0.8858423808639998,0.0,1.0,0.0,0.1,0.0,0.37255903066140494,0.05,0.08,0.07307692307692308,0.25,0.25
245,0.9818570256366623,0.4733206457360293,0.9575669039417696,0.47637669746781586,0.24869350175742913,0.467143745127561,0.823076923076923,0.4043766487439341,0.3968222886974021,0.12692307692307692,0.6114285714285714,0.38551046545072615,0.3789302879297452,0.09428571428571429,0.06923076923076923,0.05142857142857143,0.2571428571428571,11.231428571428571,0.046153846153846156,0.0,0.037300850213774446,0.13196634914903713,5.015384615384615,0.0,0.0,0.15,0.08076923076923077,0,0.17427416071916793,0.26349866279334194,3.7391491695577224,0.8681255332467198,0.0,0.9444444444444444,0.0,0.1,0.0,0.37255903066140494,0.05,0.08,0.06923076923076923,0.25,0.25
246,0.9800389821332041,0.47296286758651435,0.9562163573392005,0.4758527347485832,0.24869350175742913,0.4671194189909099,0.8153846153846154,0.4043766487439341,0.3968222886974021,0.12692307692307692,0.6057142857142858,0.38551046545072615,0.3789302879297452,0.09428571428571429,0.06153846153846154,0.045714285714285714,0.2571428571428571,11.274285714285714,0.05,0.0,0.037300850213774446,0.13196634914903713,5.015384615384615,0.0,0.0,0.15,0.08076923076923077,0,0.17380207634414352,0.26218116947937525,3.710080471880854,0.8507630225817854,0.0,1.0,0.0,0.1,0.0,0.37255903066140494,0.05,0.08,0.06153846153846154,0.25,0.25
247,0.980700602531515,0.4728839891685473,0.9567078467779458,0.47589030709681523,0.24869350175742913,0.4670606652096987,0.8192307692307692,0.4043766487439341,0.3968222886974021,0.12692307692307692,0.6085714285714285,0.38551046545072615,0.3789302879297452,0.09428571428571429,0.08076923076923077,0.06,0.2571428571428571,11.325714285714286,0.05,0.0,0.03732375438894303,0.13196634914903713,5.015384615384615,0.0,0.0,0.15,0.08076923076923077,0,0.17344621024813708,0.26087026363197835,3.695878862443237,0.8337477621301497,0.0,1.0,0.0,0.1,0.0,0.3710464637437193,0.05,0.08,0.08076923076923077,0.25,0.25
248,0.9817655039874111,0.4728498978292775,0.9572758270966342,0.4761901564092933,0.24869350175742913,0.4670037131025891,0.8532818532818532,0.4048920884213014,0.3961541047358311,0.1274131274131274,0.6314285714285715,0.38551046545072615,0.3789302879297452,0.09428571428571429,0.06177606177606178,0.04857142857142857,0.26,11.382857142857143,0.04633204633204633,0.002857142857142857,0.037321856862846677,0.13196634914903713,5.003861003861004,0.0,0.0,0.15,0.08108108108108109,0,0.17294983705403927,0.2595659123138185,3.6705327137658,0.8170728068875467,0.0,1.0,0.0,0.1,0.0,0.3710464637437193,0.05,0.08,0.06538461538461539,0.25,0.25
249,0.9817483682765548,0.47220891768383816,0.9572631466706004,0.47562586753056596,0.24869350175742913,0.46689463074617055,0.8223938223938224,0.4050465285757416,0.3962699348516613,0.1274131274131274,0.6085714285714285,0.3856247511650119,0.3790160022154595,0.09428571428571429,0.07722007722007722,0.05714285714285714,0.26,11.43142857142857,0.05019305019305019,0.0,0.037340313029558994,0.13196634914903713,5.003861003861004,0.0,0.0,0.15,0.08108108108108109,0,0.1730835200080548,0.25826808275224944,3.6542649166333416,0.8007313507497957,0.0,0.95,0.0,0.1,0.0,0.3710464637437193,0.05,0.08,0.07722007722007722,0.25,0.25
250,0.9837215457228594,0.4726747968193678,0.9584646793406338,0.4762394603385219,0.24869350175742913,0.46676344407499765,0.8527131782945736,0.4039548062065616,0.39703082565248393,0.12790697674418605,0.6285714285714286,0.3856247511650119,0.3790160022154595,0.09428571428571429,0.06589147286821706,0.05142857142857143,0.26285714285714284,11.465714285714286,0.046511627906976744,0.002857142857142857,0.03732730689676473,0.1319663491490371,5.0,0.0,0.0,0.15,0.08139534883720931,0,0.1726175316937288,0.25697674233848816,3.6326081897292464,0.7847167237347998,0.0,1.0,0.0,0.1,0.0,0.3710464637437193,0.05,0.08,0.0694980694980695,0.25,0.25
251,0.9826008994704425,0.471861948860777,0.9576386029602807,0.4758215619195817,0.24869350175742913,0.46655988375998686,0.8217054263565892,0.4041098449662516,0.3971471047222514,0.12790697674418605,0.6057142857142858,0.38573903687929756,0.37910171650117375,0.09428571428571429,0.08139534883720931,0.06,0.26285714285714284,11.48857142857143,0.046511627906976744,0.0,0.037361161521024935,0.1319663491490371,5.0,0.0,0.0,0.15,0.08139534883720931,0,0.17302698621002927,0.25569185862679567,3.6199560259346604,0.7721932854090737,0.0,0.9523809523809523,0.0,0.1,0.0,0.3697034428821147,0.05,0.08,0.08139534883720931,0.25,0.25
252,0.9834809391685627,0.47127287043386323,0.958057545792604,0.47570344891033284,0.24869350175742913,0.466380689520162,0.8326848249027238,0.40485718343276744,0.3983438192294106,0.12840466926070038,0.6114285714285714,0.38585332259358324,0.37918743078688805,0.09428571428571429,0.0622568093385214,0.04857142857142857,0.26571428571428574,11.528571428571428,0.042801556420233464,0.002857142857142857,0.03735473279505729,0.1319663491490371,4.988326848249027,0.0,0.0,0.15,0.08171206225680934,0,0.17296128056469337,0.25796597666994703,3.596128333987396,0.7930576046859937,0.0,0.9411764705882353,0.0,0.1,0.0,0.3697034428821147,0.05,0.08,0.06589147286821706,0.25,0.25
253,0.9829283224018339,0.4717674865097975,0.9575194101852994,0.47617544346385005,0.24869350175742913,0.46602028296824266,0.78515625,0.40598152228172557,0.3994948719060242,0.12890625,0.5742857142857143,0.385967608307869,0.37927314507260235,0.09428571428571429,0.08203125,0.06285714285714286,0.26857142857142857,11.571428571428571,0.0390625,0.002857142857142857,0.03739605578040063,0.1319663491490371,4.9609375,0.0,0.0,0.15,0.08203125,0,0.1730671884475842,0.25667614678659734,3.58706291016479,0.8514546183657746,0.0,0.9545454545454546,0.0,0.1,0.0,0.369058737664079,0.05,0.08,0.08560311284046693,0.25,0.25
254,0.9823117567125992,0.47093748400019064,0.9570684364240305,0.47542257996133497,0.24869350175742913,0.46563871360110537,0.83203125,0.40598152228172557,0.3994948719060242,0.12890625,0.6085714285714285,0.385967608307869,0.37927314507260235,0.09428571428571429,0.05078125,0.037142857142857144,0.26857142857142857,11.6,0.0390625,0.0,0.03742109929936361,0.1319663491490371,4.9609375,0.0,0.0,0.15,0.078125,0,0.17251599536248913,0.25539276605266437,3.552464509104353,0.8344255259984591,0.0,1.0,0.0,0.1,0.0,0.369058737664079,0.05,0.08,0.05078125,0.25,0.25
255,0.9817360148954843,0.4713399827467998,0.9566473224092267,0.4757250094938231,0.24869350175742913,0.46514758586976446,0.80078125,0.40598152228172557,0.3994948719060242,0.12890625,0.5857142857142857,0.385967608307869,0.37927314507260235,0.09428571428571429,0.0625,0.045714285714285714,0.26857142857142857,11.622857142857143,0.0390625,0.0,0.03742109929936361,0.1319663491490371,4.9609375,0.0,0.0,0.15,0.078125,0,0.17219498966781954,0.25411580222240104,3.527129504636551,0.8177370154784899,0.0,1.0,0.0,0.1,0.0,0.369058737664079,0.05,0.08,0.0625,0.25,0.25
256,0.9831986928889701,0.4718586742127573,0.9576229460998228,0.47596051989761057,0.24869350175742913,0.4646351819793773,0.792156862745098,0.40699402379643146,0.4000385443171102,0.12941176470588237,0.5771428571428572,0.385967608307869,0.37927314507260235,0.09428571428571429,0.07058823529411765,0.054285714285714284,0.2714285714285714,11.657142857142857,0.03529411764705882,0.002857142857142857,0.03745394628699754,0.13196634914903713,4.91764705882353,0.0,0.0,0.15,0.0784313725490196,0,0.1716483004337662,0.25284522321128905,3.5108726288295347,0.8013822751689201,0.0,1.0,0.0,0.1,0.0,0.369058737664079,0.05,0.08,0.07421875,0.25,0.25
257,0.9817011659874388,0.4721677365716444,0.9565013088850771,0.47641781682773154,0.24869350175742913,0.4640649348064213,0.8385826771653543,0.4071418508241998,0.40069204930310093,0.12992125984251968,0.6085714285714285,0.385967608307869,0.37927314507260235,0.09428571428571429,0.04330708661417323,0.03428571428571429,0.2742857142857143,11.694285714285714,0.031496062992125984,0.002857142857142857,0.03748040807672021,0.13196634914903713,4.897637795275591,0.0,0.0,0.15,0.07874015748031496,0,0.17126942961465008,0.2515809970952326,3.474940890538658,0.7853546296655417,0.0,1.0,0.0,0.1,0.0,0.369058737664079,0.05,0.08,0.047058823529411764,0.25,0.25
258,0.9826420785767657,0.47293097598727657,0.9571841425927603,0.47721239052674014,0.24869350175742913,0.4633610737962422,0.8346456692913385,0.4071418508241998,0.40069204930310093,0.12992125984251968,0.6057142857142858,0.385967608307869,0.37927314507260235,0.09428571428571429,0.05905511811023622,0.04285714285714286,0.2742857142857143,11.711428571428572,0.031496062992125984,0.0,0.03749833178334228,0.13196634914903713,4.897637795275591,0.0,0.0,0.15,0.07874015748031496,0,0.17086936889514825,0.2503230921097564,3.448299215585027,0.7696475370722309,0.0,1.0,0.0,0.1,0.0,0.369058737664079,0.05,0.08,0.05905511811023622,0.25,0.25
259,0.9819727686117091,0.4733443913333773,0.9566984147895478,0.47740595154555643,0.24869350175742913,0.46278208383677233,0.8543307086614174,0.40722059098168006,0.40075110442121115,0.12992125984251968,0.62,0.38602475116501184,0.37931600221545947,0.09428571428571429,0.05511811023622047,0.04,0.2742857142857143,11.751428571428571,0.031496062992125984,0.0,0.03749833178334228,0.13196634914903713,4.897637795275591,0.0,0.0,0.15,0.07874015748031496,0,0.171011329122226,0.24907147664920762,3.4193332312733262,0.767651387336872,0.0,0.9285714285714286,0.0,0.1,0.0,0.369058737664079,0.05,0.08,0.05511811023622047,0.25,0.25
260,0.9812318720934958,0.47200101269713174,0.9561607356020444,0.4765450125635596,0.24869350175742913,0.4623544801917396,0.8464566929133859,0.40722059098168006,0.40075110442121115,0.12992125984251968,0.6142857142857143,0.38602475116501184,0.37931600221545947,0.09428571428571429,0.051181102362204724,0.037142857142857144,0.2742857142857143,11.771428571428572,0.03543307086614173,0.0,0.03749833178334228,0.13196634914903713,4.897637795275591,0.0,0.0,0.15,0.07874015748031496,0,0.17061156531591842,0.24782611926596157,3.388089423790717,0.7522983595901346,0.0,1.0,0.0,0.1,0.0,0.369058737664079,0.05,0.08,0.051181102362204724,0.25,0.25
261,0.9800693410235256,0.47226996363289997,0.9553170701969803,0.476508044093226,0.24869350175742913,0.4619304166429899,0.8464566929133859,0.40722059098168006,0.40075110442121115,0.12992125984251968,0.6142857142857143,0.38602475116501184,0.37931600221545947,0.09428571428571429,0.05511811023622047,0.04,0.2742857142857143,11.794285714285714,0.03543307086614173,0.0,0.03749833178334228,0.13196634914903713,4.897637795275591,0.0,0.0,0.15,0.07874015748031496,0,0.17015793606076743,0.24658698866963177,3.3603276353149027,0.7372523923983318,0.0,1.0,0.0,0.1,0.0,0.369058737664079,0.05,0.08,0.05511811023622047,0.25,0.25
262,0.981600153200221,0.47209516701657583,0.9564280024623536,0.47662636702507793,0.24869350175742913,0.46149128500576264,0.8464566929133859,0.40722059098168006,0.40075110442121115,0.12992125984251968,0.6142857142857143,0.38602475116501184,0.37931600221545947,0.09428571428571429,0.06692913385826772,0.04857142857142857,0.2742857142857143,11.822857142857142,0.03543307086614173,0.0,0.03749833178334228,0.13196634914903713,4.897637795275591,0.0,0.0,0.15,0.07874015748031496,0,0.16976314923403502,0.2453540537262836,3.3416925111800335,0.7225073445503652,0.0,1.0,0.0,0.1,0.0,0.369058737664079,0.05,0.08,0.06692913385826772,0.25,0.25
263,0.9819632687991192,0.4721842963908818,0.9566915206398396,0.47623228688836605,0.24869350175742913,0.4611175128799274,0.8661417322834646,0.40722059098168006,0.40075110442121115,0.12992125984251968,0.6285714285714286,0.38602475116501184,0.37931600221545947,0.09428571428571429,0.04330708661417323,0.03142857142857143,0.2742857142857143,11.845714285714285,0.03543307086614173,0.0,0.03749833178334228,0.13196634914903713,4.897637795275591,0.0,0.0,0.15,0.07874015748031496,0,0.16925661991643626,0.2441272834576522,3.306287232385004,0.7080571976593578,0.0,1.0,0.0,0.1,0.0,0.369058737664079,0.05,0.08,0.04330708661417323,0.25,0.25
264,0.9815655815539668,0.47246365768705095,0.9563428116728032,0.4765388018822731,0.24869350175742913,0.4607851164593108,0.83399209486166,0.40727200199909136,0.40170707899180386,0.13043478260869565,0.6028571428571429,0.38602475116501184,0.37931600221545947,0.09428571428571429,0.043478260869565216,0.03428571428571429,0.27714285714285714,11.874285714285714,0.03162055335968379,0.002857142857142857,0.0375462905089963,0.1319663491490371,4.861660079051384,0.0,0.0,0.15,0.07905138339920949,0,0.16883805181685407,0.24290664704036394,3.2744472020230178,0.6938960537061707,0.0,1.0,0.0,0.1,0.0,0.369058737664079,0.05,0.08,0.047244094488188976,0.25,0.25
265,0.9821639121849983,0.4720741030490498,0.9565639411862341,0.4758467898474407,0.24869350175742913,0.46044099983715125,0.8333333333333334,0.4080382984165557,0.40064420828501685,0.13095238095238096,0.6,0.38613903687929757,0.3794017165011738,0.09428571428571429,0.05555555555555555,0.04,0.28,11.902857142857142,0.027777777777777776,0.002857142857142857,0.03756610147443178,0.1319663491490371,4.841269841269841,0.0,0.0,0.15,0.07936507936507936,0,0.16879314798634124,0.24169211380516212,3.2489582579825576,0.7482218338654819,0.0,0.9285714285714286,0.0,0.1,0.0,0.369058737664079,0.05,0.08,0.05533596837944664,0.25,0.25
266,0.9786410304197742,0.4715868677966902,0.9540274663152728,0.4754587844334248,0.24869350175742913,0.46015871096389405,0.8214285714285714,0.4080382984165557,0.40064420828501685,0.13095238095238096,0.5914285714285714,0.38613903687929757,0.3794017165011738,0.09428571428571429,0.05952380952380952,0.045714285714285714,0.28,11.942857142857143,0.027777777777777776,0.0,0.037578412954400064,0.1319663491490371,4.841269841269841,0.0,0.0,0.15,0.07936507936507936,0,0.16834846867498096,0.2404836532361363,3.2296933785371924,0.7332573971881723,0.0,1.0,0.0,0.1,0.0,0.369058737664079,0.05,0.08,0.05952380952380952,0.25,0.25
267,0.9798858132748415,0.4723939559282683,0.9549237099709211,0.4756165907138408,0.24869350175742913,0.45983411218002046,0.8214285714285714,0.4080382984165557,0.40064420828501685,0.13095238095238096,0.5914285714285714,0.38613903687929757,0.3794017165011738,0.09428571428571429,0.07936507936507936,0.05714285714285714,0.28,11.974285714285715,0.027777777777777776,0.0,0.037578412954400064,0.1319663491490371,4.841269841269841,0.0,0.0,0.15,0.07936507936507936,0,0.16793472704589177,0.23928123496995563,3.2222423681093058,0.7185922492444088,0.0,1.0,0.0,0.1,0.0,0.369058737664079,0.05,0.08,0.07936507936507936,0.25,0.25
268,0.9795553606029437,0.4739008337124888,0.9546857840471548,0.4765031427999669,0.24869350175742913,0.45953955817888015,0.8373015873015873,0.4080382984165557,0.40064420828501685,0.13095238095238096,0.6028571428571429,0.38613903687929757,0.3794017165011738,0.09428571428571429,0.05555555555555555,0.04,0.28,12.0,0.027777777777777776,0.0,0.037578412954400064,0.1319663491490371,4.841269841269841,0.0,0.0,0.15,0.07936507936507936,0,0.16738033983923375,0.23808482879510584,3.1977975207471196,0.7042204042595207,0.0,1.0,0.0,0.1,0.0,0.369058737664079,0.05,0.08,0.05555555555555555,0.25,0.25
269,0.9802980722178812,0.4732811101256672,0.9552205364099098,0.47599203496620895,0.24869350175742913,0.4593924132292808,0.8531746031746031,0.40819702857528584,0.4007632559040645,0.13095238095238096,0.6142857142857143,0.3862533225935833,0.379487430786888,0.09428571428571429,0.04365079365079365,0.03142857142857143,0.28,12.028571428571428,0.027777777777777776,0.0,0.037578412954400064,0.1319663491490371,4.841269841269841,0.0,0.0,0.15,0.07936507936507936,0,0.1672572952828947,0.23941206355802502,3.1652701417607485,0.7346909842416828,0.0,0.9090909090909091,0.0,0.1,0.0,0.369058737664079,0.05,0.08,0.04365079365079365,0.25,0.25
270,0.9796864065514027,0.47325039340536124,0.9547801371300453,0.47581501008186733,0.24869350175742913,0.4592029581123216,0.8134920634920635,0.40819702857528584,0.4007632559040645,0.13095238095238096,0.5857142857142857,0.3862533225935833,0.379487430786888,0.09428571428571429,0.06746031746031746,0.04857142857142857,0.28,12.048571428571428,0.027777777777777776,0.0,0.037578412954400064,0.1319663491490371,4.841269841269841,0.0,0.0,0.15,0.07936507936507936,0,0.16716031018158728,0.2382150032402349,3.150536167496962,0.7199971645568491,0.0,1.0,0.0,0.1,0.0,0.369058737664079,0.05,0.08,0.06746031746031746,0.25,0.25
271,0.9799830239363361,0.47336940317944826,0.9549937016471972,0.47592127130441764,0.24869350175742913,0.4591808204042019,0.8492063492063492,0.40819702857528584,0.4007632559040645,0.13095238095238096,0.6114285714285714,0.3862533225935833,0.379487430786888,0.09428571428571429,0.06349206349206349,0.045714285714285714,0.28,12.09142857142857,0.027777777777777776,0.0,0.037578412954400064,0.1319663491490371,4.841269841269841,0.0,0.0,0.15,0.07936507936507936,0,0.16661022291639366,0.23702392822403373,3.133239729861308,0.7055972212657121,0.0,1.0,0.0,0.1,0.0,0.369058737664079,0.05,0.08,0.06349206349206349,0.25,0.25
272,0.9781156991350072,0.4733377075187271,0.9536492277902406,0.4760582128862484,0.24869350175742913,0.45924773882353526,0.8253968253968254,0.40819702857528584,0.4007632559040645,0.13095238095238096,0.5942857142857143,0.3862533225935833,0.379487430786888,0.09428571428571429,0.06349206349206349,0.045714285714285714,0.28,12.122857142857143,0.027777777777777776,0.0,0.037578412954400064,0.1319663491490371,4.841269841269841,0.0,0.0,0.15,0.07936507936507936,0,0.16614831465895452,0.23583880858291356,3.116289220978368,0.691485276840398,0.0,1.0,0.0,0.1,0.0,0.369058737664079,0.05,0.08,0.06349206349206349,0.25,0.25
273,0.97669386479651,0.474136191112556,0.9526255070665226,0.4767999504393447,0.24869350175742913,0.4592850994565019,0.8095238095238095,0.408355758734016,0.4008823035231121,0.13095238095238096,0.5828571428571429,0.386367608307869,0.3795731450726024,0.09428571428571429,0.03571428571428571,0.02857142857142857,0.28,12.162857142857144,0.027777777777777776,0.0,0.037578412954400064,0.1319663491490371,4.841269841269841,0.0,0.0,0.15,0.07936507936507936,0,0.16597428808565975,0.234659614539999,3.0825348651302296,0.6789019389861579,0.0,0.9,0.0,0.1,0.0,0.369058737664079,0.05,0.08,0.03571428571428571,0.25,0.25
274,0.9791327920807856,0.47454457031681,0.954271013062931,0.47720163310017644,0.24869350175742913,0.45935699599277446,0.8565737051792829,0.40952050150360775,0.40100734775924296,0.13147410358565736,0.6142857142857143,0.386367608307869,0.3795731450726024,0.09428571428571429,0.05179282868525897,0.04,0.28285714285714286,12.182857142857143,0.027888446215139442,0.002857142857142857,0.03757763389345039,0.13196634914903713,4.836653386454183,0.0,0.0,0.15,0.0796812749003984,0,0.16600056021666001,0.233486316467299,3.0608841678276244,0.6653239002064347,0.0,0.9285714285714286,0.0,0.1,0.0,0.369058737664079,0.05,0.08,0.05555555555555555,0.25,0.25
275,0.9777797647724913,0.47570424117398236,0.9532625677732018,0.4776920530969797,0.24869350175742913,0.45952153407719865,0.84,0.4101935425911206,0.40229116258603936,0.132,0.6,0.386367608307869,0.3795731450726024,0.09428571428571429,0.06,0.04285714285714286,0.2857142857142857,12.217142857142857,0.024,0.002857142857142857,0.03759249429120842,0.13196634914903713,4.816,0.0,0.0,0.15,0.08,0,0.16545598598700528,0.23231888488496252,3.0425236273282152,0.652017422202306,0.0,1.0,0.0,0.1,0.0,0.369058737664079,0.05,0.08,0.05976095617529881,0.25,0.25
276,0.9757245774890234,0.475030314262731,0.9517945768564391,0.4772766275142255,0.24869350175742913,0.4598588035723937,0.788,0.41035354259112056,0.4024111625860394,0.132,0.5628571428571428,0.38648189402215477,0.3796588593583166,0.09428571428571429,0.072,0.05142857142857143,0.2857142857142857,12.248571428571429,0.024,0.0,0.03760943539639201,0.13196634914903713,4.816,0.0,0.0,0.15,0.08,0,0.1659968737895875,0.2349075706748142,3.0331017262102216,0.6449598138619418,0.0,0.9444444444444444,0.0,0.1,0.0,0.369058737664079,0.05,0.08,0.072,0.25,0.25
277,0.9760365672993302,0.47414487835001934,0.9520174267209437,0.4763055841257097,0.24869350175742913,0.46023100880986184,0.768,0.4104335425911206,0.4024711625860394,0.132,0.5485714285714286,0.3865390368792976,0.37970171650117374,0.09428571428571429,0.056,0.04,0.2857142857142857,12.282857142857143,0.028,0.0,0.03760943539639201,0.13196634914903713,4.816,0.0,0.0,0.15,0.08,0,0.16589060435771047,0.23373303282144012,3.012439691686017,0.6513067958183985,0.0,0.9285714285714286,0.0,0.1,0.0,0.369058737664079,0.05,0.08,0.056,0.25,0.25
278,0.9766690726698919,0.4730574811893263,0.952469216271345,0.4755695587533806,0.24869350175742913,0.4606614297823707,0.852,0.4104335425911206,0.4024711625860394,0.132,0.6085714285714285,0.3865390368792976,0.37970171650117374,0.09428571428571429,0.068,0.05142857142857143,0.2857142857142857,12.32,0.032,0.0,0.03760943539639201,0.13196634914903713,4.816,0.0,0.0,0.15,0.08,0,0.16540372276449333,0.2325643676573329,3.0036194692808684,0.6382806599020304,0.0,1.0,0.0,0.1,0.0,0.369058737664079,0.05,0.08,0.068,0.25,0.25
279,0.9774447887466424,0.47281568460498724,0.9530232991833096,0.4755169390173379,0.24869350175742913,0.46103041241110865,0.848,0.4106735425911206,0.4026511625860394,0.132,0.6057142857142858,0.3867104654507261,0.37983028792974516,0.09428571428571429,0.068,0.05142857142857143,0.2857142857142857,12.348571428571429,0.04,0.0,0.03760943539639201,0.13196634914903713,4.816,0.0,0.0,0.15,0.08,0,0.16580442128995657,0.23846188842451502,2.994975651323822,0.676211368727077,0.0,0.8888888888888888,0.0,0.1,0.0,0.369058737664079,0.05,0.08,0.068,0.25,0.25
280,0.9776540817598186,0.47204190306674815,0.9531727941927212,0.47544266755891434,0.24869350175742913,0.46129784976904575,0.808,0.4108335425911206,0.4027711625860394,0.132,0.5771428571428572,0.3868247511650119,0.37991600221545946,0.09428571428571429,0.052,0.037142857142857144,0.2857142857142857,12.382857142857143,0.04,0.0,0.03760943539639201,0.13196634914903713,4.816,0.0,0.0,0.15,0.08,0,0.16582858179164717,0.23726957898239243,2.9722189954402034,0.7515247457055382,0.0,0.9230769230769231,0.0,0.1,0.0,0.369058737664079,0.05,0.08,0.052,0.25,0.25
281,0.9781406074651126,0.47216383550831326,0.9535203125536457,0.4755271636987366,0.24869350175742913,0.4615620057392696,0.828,0.41099354259112064,0.4028911625860394,0.132,0.5914285714285714,0.38693903687929754,0.38000171650117376,0.09428571428571429,0.056,0.04,0.2857142857142857,12.40857142857143,0.044,0.0,0.03760943539639201,0.13196634914903713,4.816,0.0,0.0,0.15,0.08,0,0.16576987030768892,0.23949676330624067,2.9527746155313985,0.8597467001780953,0.0,0.9285714285714286,0.0,0.1,0.0,0.369058737664079,0.05,0.08,0.056,0.25,0.25
282,0.9793579231045324,0.4715388490900592,0.9543898237246597,0.4748720102920411,0.24869350175742913,0.46172510917077275,0.824,0.41099354259112064,0.4028911625860394,0.132,0.5885714285714285,0.38693903687929754,0.38000171650117376,0.09428571428571429,0.06,0.04285714285714286,0.2857142857142857,12.445714285714285,0.044,0.0,0.03760943539639201,0.13196634914903713,4.816,0.0,0.0,0.15,0.08,0,0.1654820252382933,0.2382992794897095,2.9365762660779136,0.8425517661745334,0.0,1.0,0.0,0.1,0.0,0.369058737664079,0.05,0.08,0.06,0.25,0.25
283,0.977830249243351,0.46959049954213683,0.9532986281095303,0.4739368952297403,0.24869350175742913,0.46190013501004595,0.816,0.41099354259112064,0.4028911625860394,0.132,0.5828571428571429,0.38693903687929754,0.38000171650117376,0.09428571428571429,0.06,0.04285714285714286,0.2857142857142857,12.491428571428571,0.044,0.0,0.03760943539639201,0.13196634914903713,4.816,0.0,0.0,0.15,0.08,0,0.16496847296924474,0.23710778309226094,2.920701883613498,0.8257007308510427,0.0,1.0,0.0,0.1,0.0,0.369058737664079,0.05,0.08,0.06,0.25,0.25
284,0.977266640631641,0.4680937377427589,0.9527254420900766,0.47300917026507916,0.24869350175742913,0.4619549182633537,0.8393574297188755,0.4108571129022987,0.40244466663252143,0.13253012048192772,0.5971428571428572,0.38705332259358327,0.38008743078688806,0.09428571428571429,0.060240963855421686,0.045714285714285714,0.2885714285714286,12.51142857142857,0.040160642570281124,0.002857142857142857,0.03761013980526538,0.1319663491490371,4.795180722891566,0.0,0.0,0.15,0.08032128514056225,0,0.16494305989011282,0.23592224417679963,2.9080021316555142,0.8871485847128342,0.0,0.9375,0.0,0.1,0.0,0.369058737664079,0.05,0.08,0.064,0.25,0.25
285,0.9781246707559648,0.4669496350852564,0.9533358692356666,0.4725978004051409,0.24869350175742913,0.462013422806668,0.8554216867469879,0.4108571129022987,0.40244466663252143,0.13253012048192772,0.6085714285714285,0.38705332259358327,0.38008743078688806,0.09428571428571429,0.03614457831325301,0.025714285714285714,0.2885714285714286,12.542857142857143,0.040160642570281124,0.0,0.037632794781784065,0.1319663491490371,4.795180722891566,0.0,0.0,0.15,0.08032128514056225,0,0.16470697563134906,0.23474263295591563,2.875556374736689,0.8694056130185775,0.0,1.0,0.0,0.1,0.0,0.369058737664079,0.05,0.08,0.03614457831325301,0.25,0.25
286,0.9790457679008162,0.4668385604051222,0.9536584750819148,0.4731821944314687,0.24869350175742913,0.46202499365477534,0.8266129032258065,0.40954327275474645,0.4039681334637344,0.13306451612903225,0.5857142857142857,0.387167608307869,0.38017314507260236,0.09428571428571429,0.03225806451612903,0.022857142857142857,0.2914285714285714,12.571428571428571,0.036290322580645164,0.002857142857142857,0.037645519799208535,0.1319663491490371,4.774193548387097,0.0,0.0,0.15,0.08064516129032258,0,0.16451172646747803,0.23356891979113606,2.840902390099098,0.8695452590029346,0.0,0.875,0.0,0.1,0.0,0.369058737664079,0.05,0.08,0.0321285140562249,0.25,0.25
287,0.9783017755035452,0.46645746949500855,0.9531313033261344,0.4733178557072785,0.24869350175742913,0.46205373918270254,0.7903225806451613,0.40954327275474645,0.4039681334637344,0.13306451612903225,0.56,0.387167608307869,0.38017314507260236,0.09428571428571429,0.05241935483870968,0.037142857142857144,0.2914285714285714,12.602857142857143,0.036290322580645164,0.0,0.03766335902976087,0.1319663491490371,4.774193548387097,0.0,0.0,0.15,0.08064516129032258,0,0.16422917852801566,0.23240107519218037,2.8212271994399734,0.8521543538228759,0.0,1.0,0.0,0.1,0.0,0.369058737664079,0.05,0.08,0.05241935483870968,0.25,0.25
288,0.9798255597933022,0.46665036230836127,0.9542686545948956,0.4732286259203974,0.24869350175742913,0.4620193305110528,0.7773279352226721,0.41048959847734245,0.40368630086121754,0.13360323886639677,0.5485714285714286,0.387167608307869,0.38017314507260236,0.09428571428571429,0.044534412955465584,0.03142857142857143,0.29428571428571426,12.631428571428572,0.032388663967611336,0.002857142857142857,0.037657376359382884,0.13196634914903713,4.769230769230769,0.0,0.0,0.15,0.08097165991902834,0,0.16372103620323267,0.23123906981621947,2.796231226879746,0.8351112667464183,0.0,1.0,0.0,0.1,0.0,0.369058737664079,0.05,0.08,0.04435483870967742,0.25,0.25
289,0.9787535290008694,0.46603088326866476,0.9535304414602365,0.47301186043852045,0.24869350175742913,0.4619527321524607,0.8414634146341463,0.41029188962901286,0.4046935717705824,0.13414634146341464,0.5914285714285714,0.387167608307869,0.38017314507260236,0.09428571428571429,0.06097560975609756,0.04285714285714286,0.29714285714285715,12.648571428571428,0.032520325203252036,0.002857142857142857,0.037695045252773514,0.13196634914903713,4.7560975609756095,0.0,0.0,0.15,0.08130081300813008,0,0.16372915243294867,0.23008287446713838,2.7831637451992934,0.81840904141149,0.0,0.9333333333333333,0.0,0.1,0.0,0.369058737664079,0.05,0.08,0.06072874493927125,0.25,0.25
290,0.9777969999697608,0.46602834809581617,0.9528581381983716,0.4724243836193523,0.24869350175742913,0.46188965626503975,0.8089430894308943,0.41029188962901286,0.4046935717705824,0.13414634146341464,0.5685714285714286,0.387167608307869,0.38017314507260236,0.09428571428571429,0.02032520325203252,0.014285714285714285,0.29714285714285715,12.657142857142857,0.028455284552845527,0.0,0.037695045252773514,0.13196634914903713,4.7560975609756095,0.0,0.0,0.15,0.08130081300813008,0,0.16325052092081965,0.2289324600948027,2.741786184581022,0.8020408605832601,0.0,1.0,0.0,0.1,0.0,0.369058737664079,0.05,0.08,0.02032520325203252,0.25,0.25
291,0.9794676985954012,0.46471616379216385,0.9540324006609645,0.4704969483981988,0.24869350175742913,0.46184216346250967,0.8414634146341463,0.4104544912550291,0.4048155229900946,0.13414634146341464,0.5914285714285714,0.3872818940221547,0.3802588593583166,0.09428571428571429,0.056910569105691054,0.04,0.29714285714285715,12.668571428571429,0.028455284552845527,0.0,0.037695045252773514,0.13196634914903713,4.7560975609756095,0.0,0.0,0.15,0.08130081300813008,0,0.1633186983162155,0.22778779779432867,2.7269504608894013,0.7860000433715949,0.0,0.9285714285714286,0.0,0.1,0.0,0.369058737664079,0.05,0.08,0.056910569105691054,0.25,0.25
292,0.9782638593393078,0.4644563689994614,0.9531862736409672,0.4700796126156546,0.24869350175742913,0.461701252424469,0.8252032520325203,0.4104544912550291,0.4048155229900946,0.13414634146341464,0.58,0.3872818940221547,0.3802588593583166,0.09428571428571429,0.04878048780487805,0.03428571428571429,0.29714285714285715,12.691428571428572,0.028455284552845527,0.0,0.037695045252773514,0.13196634914903713,4.7560975609756095,0.0,0.0,0.15,0.08130081300813008,0,0.16335753767820588,0.22664885880535704,2.7066971659573276,0.7702800425041629,0.0,0.9166666666666666,0.0,0.1,0.0,0.369058737664079,0.05,0.08,0.04878048780487805,0.25,0.25
293,0.9782791154064177,0.4646207026004477,0.9531969964767076,0.47026709725586757,0.24869350175742913,0.46157376434402786,0.8170731707317073,0.4104544912550291,0.4048155229900946,0.13414634146341464,0.5742857142857143,0.3872818940221547,0.3802588593583166,0.09428571428571429,0.052845528455284556,0.037142857142857144,0.29714285714285715,12.717142857142857,0.032520325203252036,0.0,0.037695045252773514,0.13196634914903713,4.7560975609756095,0.0,0.0,0.15,0.08130081300813008,0,0.16322617856124344,0.22551561451133026,2.689706079781038,0.7548744416540797,0.0,1.0,0.0,0.1,0.0,0.369058737664079,0.05,0.08,0.052845528455284556,0.25,0.25
294,0.9773244255013166,0.4635927401504986,0.9525259858576937,0.46939667151406933,0.24869350175742913,0.46159058203618747,0.8658536585365854,0.41077969450706164,0.405059425429119,0.13414634146341464,0.6085714285714285,0.38751046545072615,0.3804302879297452,0.09428571428571429,0.07317073170731707,0.05142857142857143,0.29714285714285715,12.74,0.028455284552845527,0.0,0.037695045252773514,0.13196634914903713,4.7560975609756095,0.0,0.0,0.15,0.08130081300813008,0,0.1644950483827229,0.23381915351321692,2.687340529613989,0.7599850280161676,0.0,0.8888888888888888,0.0,0.1,0.0,0.369058737664079,0.05,0.08,0.07317073170731707,0.25,0.25
295,0.9772699345651609,0.46393665127103983,0.9524876865139955,0.4698094558946041,0.24869350175742913,0.46166321332068877,0.8373983739837398,0.41077969450706164,0.405059425429119,0.13414634146341464,0.5885714285714285,0.38751046545072615,0.3804302879297452,0.09428571428571429,0.036585365853658534,0.025714285714285714,0.29714285714285715,12.762857142857143,0.036585365853658534,0.0,0.037695045252773514,0.13196634914903713,4.7560975609756095,0.0,0.0,0.15,0.08130081300813008,0,0.1638724302836665,0.2326500577456508,2.6593080047359945,0.7447853274558442,0.0,1.0,0.0,0.1,0.0,0.369058737664079,0.05,0.08,0.036585365853658534,0.25,0.25
296,0.9757184188238803,0.463279340121496,0.9513971925929813,0.4694336698027704,0.24869350175742913,0.4618134753509221,0.8130081300813008,0.41077969450706164,0.405059425429119,0.13414634146341464,0.5714285714285714,0.38751046545072615,0.3804302879297452,0.09428571428571429,0.052845528455284556,0.037142857142857144,0.29714285714285715,12.78,0.032520325203252036,0.0,0.037695045252773514,0.13196634914903713,4.7560975609756095,0.0,0.0,0.15,0.08130081300813008,0,0.16390912800599802,0.23148680745692257,2.6432647017841315,0.7298896209067274,0.0,1.0,0.0,0.1,0.0,0.369058737664079,0.05,0.08,0.052845528455284556,0.25,0.25
297,0.9759819410020707,0.4643076084069858,0.9515824110382238,0.4699061393901656,0.24869350175742913,0.46209042235870346,0.8333333333333334,0.4108609953200698,0.4051204010388751,0.13414634146341464,0.5857142857142857,0.387567608307869,0.3804731450726024,0.09428571428571429,0.09349593495934959,0.06857142857142857,0.29714285714285715,12.811428571428571,0.036585365853658534,0.0,0.03768623647411114,0.13196634914903713,4.7560975609756095,0.0,0.0,0.15,0.08130081300813008,0,0.16411531159821793,0.23032937341963794,2.658970836319878,0.7722821591215484,0.0,0.9583333333333334,0.0,0.1,0.0,0.36963019102477745,0.05,0.08,0.09349593495934959,0.25,0.25
298,0.9776503730090046,0.4648526916517077,0.9527550803916687,0.47053662276809516,0.24869350175742913,0.4623687995021889,0.7845528455284553,0.4108609953200698,0.4051204010388751,0.13414634146341464,0.5514285714285714,0.387567608307869,0.3804731450726024,0.09428571428571429,0.06097560975609756,0.04285714285714286,0.29714285714285715,12.837142857142856,0.032520325203252036,0.0,0.03768623647411114,0.13196634914903713,4.7560975609756095,0.0,0.0,0.15,0.08130081300813008,0,0.16363716432594114,0.22917772655253976,2.648648562450623,0.7568365159391174,0.0,1.0,0.0,0.1,0.0,0.36963019102477745,0.05,0.08,0.06097560975609756,0.25,0.25
299,0.9772612416720312,0.46508968681719165,0.9524815766519673,0.47042909462766486,0.24869350175742913,0.46264097433248885,0.7764227642276422,0.4108609953200698,0.4051204010388751,0.13414634146341464,0.5457142857142857,0.387567608307869,0.3804731450726024,0.09428571428571429,0.052845528455284556,0.037142857142857144,0.29714285714285715,12.871428571428572,0.036585365853658534,0.0,0.03768623647411114,0.13196634914903713,4.7560975609756095,0.0,0.0,0.15,0.08130081300813008,0,0.16307583564716857,0.22803183791977705,2.632818448344467,0.7416997856203351,0.0,1.0,0.0,0.1,0.0,0.36963019102477745,0.05,0.08,0.052845528455284556,0.25,0.25
300,0.9766896066882114,0.46520010791793337,0.9520797989204824,0.4708145381173839,0.24869350175742913,0.46292127653773923,0.8130081300813008,0.41094229613307787,0.40518137664863124,0.13414634146341464,0.5714285714285714,0.3876247511650118,0.3805160022154595,0.09428571428571429,0.06097560975609756,0.04285714285714286,0.29714285714285715,12.90857142857143,0.04065040650406504,0.0,0.03768623647411114,0.13196634914903713,4.7560975609756095,0.0,0.0,0.15,0.08130081300813008,0,0.16314517146893273,0.22689167873017815,2.6230192222347206,0.7580345572411713,0.0,0.9333333333333333,0.0,0.1,0.0,0.36963019102477745,0.05,0.08,0.06097560975609756,0.25,0.25
301,0.9781892354904127,0.4662723236933071,0.953133823735744,0.47146518891996136,0.24869350175742913,0.46311665751973524,0.7764227642276422,0.41102359694608603,0.40524235225838734,0.13414634146341464,0.5457142857142857,0.3876818940221547,0.3805588593583166,0.09428571428571429,0.08130081300813008,0.05714285714285714,0.29714285714285715,12.934285714285714,0.04065040650406504,0.0,0.03770607084062567,0.13196634914903713,4.7560975609756095,0.0,0.0,0.15,0.08130081300813008,0,0.16307173204015948,0.22575722033652726,2.6277016949328833,0.7763127258685367,0.0,0.95,0.0,0.1,0.0,0.3683438034247581,0.05,0.08,0.08130081300813008,0.25,0.25
302,0.9786416416583246,0.4668997215874179,0.9534518006423335,0.47227046723930505,0.24869350175742913,0.4635056561559717,0.7398373983739838,0.41118619857210226,0.40536430347789953,0.13414634146341464,0.52,0.3877961797364404,0.380644573644031,0.09428571428571429,0.044715447154471545,0.03142857142857143,0.29714285714285715,12.96,0.04065040650406504,0.0,0.03770607084062567,0.13196634914903713,4.7560975609756095,0.0,0.0,0.15,0.08130081300813008,0,0.1628563733799587,0.22462843423484463,2.6065762324627975,0.7882709200196749,0.0,0.9090909090909091,0.0,0.1,0.0,0.3683438034247581,0.05,0.08,0.044715447154471545,0.25,0.25
303,0.9778161438384358,0.4672267468996685,0.9528715936032118,0.4724445620771762,0.24869350175742913,0.4637931859541391,0.7926829268292683,0.41118619857210226,0.40536430347789953,0.13414634146341464,0.5571428571428572,0.3877961797364404,0.380644573644031,0.09428571428571429,0.08536585365853659,0.06,0.29714285714285715,13.0,0.044715447154471545,0.0,0.03771551831257384,0.13196634914903713,4.7560975609756095,0.0,0.0,0.15,0.08130081300813008,0,0.1624128065130589,0.22350529206367042,2.6144447078135413,0.7725055016192813,0.0,1.0,0.0,0.1,0.0,0.36773149130230065,0.05,0.08,0.08536585365853659,0.25,0.25
304,0.9783209193690433,0.46775279277470255,0.9532263786904387,0.472768020823474,0.24869350175742913,0.4641428137689735,0.8130081300813008,0.41118619857210226,0.40536430347789953,0.13414634146341464,0.5714285714285714,0.3877961797364404,0.380644573644031,0.09428571428571429,0.06097560975609756,0.04285714285714286,0.29714285714285715,13.028571428571428,0.044715447154471545,0.0,0.03771551831257384,0.13196634914903713,4.7560975609756095,0.0,0.0,0.15,0.08130081300813008,0,0.16211021365649111,0.22238776560335205,2.6050129565144133,0.7570553915868957,0.0,1.0,0.0,0.1,0.0,0.36773149130230065,0.05,0.08,0.06097560975609756,0.25,0.25
305,0.9782822246950946,0.4681023321315441,0.9531991818624633,0.47328595477593566,0.24869350175742913,0.46452893671011297,0.8170731707317073,0.41118619857210226,0.40536430347789953,0.13414634146341464,0.5742857142857143,0.3877961797364404,0.380644573644031,0.09428571428571429,0.06910569105691057,0.04857142857142857,0.29714285714285715,13.057142857142857,0.044715447154471545,0.0,0.03771551831257384,0.13196634914903713,4.7560975609756095,0.0,0.0,0.15,0.08130081300813008,0,0.16167066258820864,0.2212758267753353,2.6014841259555532,0.7419142837551578,0.0,1.0,0.0,0.1,0.0,0.36773149130230065,0.05,0.08,0.06910569105691057,0.25,0.25
306,0.9779093063398451,0.4677849259550999,0.9526465297797069,0.47334577430889574,0.24869350175742913,0.46489439513488917,0.8285714285714286,0.4119754371786499,0.40460613821547103,0.1346938775510204,0.58,0.3877961797364404,0.380644573644031,0.09428571428571429,0.06938775510204082,0.05142857142857143,0.3,13.074285714285715,0.044897959183673466,0.002857142857142857,0.03781082742933485,0.1319663491490371,4.661224489795918,0.0,0.0,0.15,0.08163265306122448,0,0.16151420552574905,0.2201694476414586,2.6008830148650137,0.7270759980800546,0.0,1.0,0.0,0.1,0.0,0.36773149130230065,0.05,0.08,0.06910569105691057,0.25,0.25
307,0.977221399885102,0.4677675681004392,0.9521649952613869,0.47344300457873656,0.24869350175742913,0.4652494671524414,0.7795918367346939,0.41213870248477236,0.4047285871950629,0.1346938775510204,0.5457142857142857,0.38791046545072616,0.38073028792974517,0.09428571428571429,0.0653061224489796,0.045714285714285714,0.3,13.097142857142858,0.044897959183673466,0.0,0.037841032952606865,0.1319663491490371,4.661224489795918,0.0,0.0,0.15,0.08163265306122448,0,0.16144920592669174,0.2190686004032513,2.594579640281999,0.7903092635354992,0.0,0.9375,0.0,0.1,0.0,0.36773149130230065,0.05,0.08,0.0653061224489796,0.25,0.25
308,0.9810406091502375,0.46796666197790737,0.9530709379974694,0.4726250685618236,0.24869350175742913,0.4654860448839018,0.8189300411522634,0.4125490289411365,0.4057642220992047,0.13580246913580246,0.5685714285714286,0.38793200722130416,0.38081600221545947,0.09428571428571429,0.05761316872427984,0.045714285714285714,0.3057142857142857,13.131428571428572,0.03292181069958848,0.005714285714285714,0.03790092862934887,0.1319663491490371,4.600823045267489,0.0,0.0,0.15,0.0823045267489712,0,0.16135610275420115,0.21797325740123505,2.5884023331906447,0.7745030782647893,0.0,0.9375,0.0,0.1,0.0,0.36773149130230065,0.05,0.08,0.0653061224489796,0.25,0.25
309,0.9803845279322695,0.46810871904176166,0.952615430180423,0.47264804115682035,0.24869350175742913,0.4655958394915512,0.8024691358024691,0.41287824704813236,0.40601113567945163,0.13580246913580246,0.5571428571428572,0.3881605786498756,0.38098743078688807,0.09428571428571429,0.0823045267489712,0.05714285714285714,0.3057142857142857,13.16,0.03292181069958848,0.0,0.03796002087546563,0.1319663491490371,4.600823045267489,0.0,0.0,0.15,0.07818930041152264,0,0.16220589438328728,0.25436455799687113,2.593777143669689,0.8201436794598962,0.0,0.85,0.0,0.1,0.0,0.3666905957495313,0.05,0.08,0.0823045267489712,0.25,0.25
310,0.9806515711286579,0.46898733030625883,0.952569245009359,0.4733553826149942,0.24869350175742913,0.46578044235297145,0.8677685950413223,0.4130170911956867,0.4057487854020534,0.13636363636363635,0.6,0.3881605786498756,0.38098743078688807,0.09428571428571429,0.045454545454545456,0.03428571428571429,0.30857142857142855,13.188571428571429,0.028925619834710745,0.002857142857142857,0.0379777719439746,0.1319663491490371,4.578512396694215,0.0,0.0,0.15,0.07851239669421488,0,0.16162343633994228,0.25309273520688674,2.5761873150820094,0.8037408058706983,0.0,1.0,0.0,0.1,0.0,0.3666905957495313,0.05,0.08,0.04938271604938271,0.25,0.25
311,0.9818585610370941,0.46866902506439984,0.9534037923174777,0.4731342923773925,0.24869350175742913,0.46594309538798523,0.8347107438016529,0.4130997358237859,0.40581076887312784,0.13636363636363635,0.5771428571428572,0.3882177215070184,0.38103028792974525,0.09428571428571429,0.05371900826446281,0.04285714285714286,0.30857142857142855,13.208571428571428,0.028925619834710745,0.0,0.037990520265372946,0.1319663491490371,4.578512396694215,0.0,0.0,0.15,0.07851239669421488,0,0.16158532628326042,0.2518272715308523,2.567520711637512,0.8118379449778922,0.0,0.9333333333333333,0.0,0.1,0.0,0.3666905957495313,0.05,0.08,0.05371900826446281,0.25,0.25
312,0.9829524308626051,0.46856066237544686,0.9538196415271318,0.47319150058275067,0.24869350175742913,0.46598256336426985,0.8257261410788381,0.413937895619229,0.4046369170572274,0.13692946058091288,0.5685714285714286,0.3882177215070184,0.38103028792974525,0.09428571428571429,0.03734439834024896,0.02857142857142857,0.31142857142857144,13.24,0.029045643153526972,0.002857142857142857,0.037985120764505775,0.13196634914903707,4.572614107883817,0.0,0.0,0.15,0.07883817427385892,0,0.16125384075519053,0.2505681351731981,2.54474172597619,0.7956011860783343,0.0,1.0,0.0,0.1,0.0,0.3666905957495313,0.05,0.08,0.04132231404958678,0.25,0.25
313,0.9825151934733355,0.46810643377589906,0.9535185723533774,0.4724577538800952,0.24869350175742913,0.4660466359349459,0.8215767634854771,0.413937895619229,0.4046369170572274,0.13692946058091288,0.5657142857142857,0.3882177215070184,0.38103028792974525,0.09428571428571429,0.058091286307053944,0.04,0.31142857142857144,13.262857142857143,0.024896265560165973,0.0,0.03799843239012241,0.13196634914903707,4.572614107883817,0.0,0.0,0.15,0.07883817427385892,0,0.16101459999464612,0.2493152944973321,2.5338468914566663,0.7796891623567677,0.0,1.0,0.0,0.1,0.0,0.3666905957495313,0.05,0.08,0.058091286307053944,0.25,0.25
314,0.981007952950974,0.467630250698274,0.9524807295936943,0.47236501768762756,0.24869350175742913,0.4659765392504568,0.8215767634854771,0.4141038707229634,0.4047613983850282,0.13692946058091288,0.5657142857142857,0.3883320072213041,0.3811160022154595,0.09428571428571429,0.058091286307053944,0.04,0.31142857142857144,13.288571428571428,0.024896265560165973,0.0,0.03799843239012241,0.13196634914903707,4.572614107883817,0.0,0.0,0.15,0.07883817427385892,0,0.16098009985181572,0.25405572292199463,2.523169953627533,0.7863070855483788,0.0,0.9285714285714286,0.0,0.1,0.0,0.3666905957495313,0.05,0.08,0.058091286307053944,0.25,0.25
315,0.9790151724282343,0.4673719222964889,0.9511106353149544,0.47262948652766196,0.24869350175742913,0.4658658637161739,0.8541666666666666,0.4152779467668473,0.4048611866541884,0.1375,0.5857142857142857,0.3885034357927327,0.3812445736440309,0.09428571428571429,0.05,0.037142857142857144,0.3142857142857143,13.302857142857142,0.025,0.002857142857142857,0.03802443516071288,0.1319663491490371,4.533333333333333,0.0,0.0,0.15,0.07916666666666666,0,0.16137434363827094,0.27193159855635196,2.5098494116978394,0.8542709584100077,0.0,0.8461538461538461,0.0,0.1,0.0,0.3666905957495313,0.05,0.08,0.04979253112033195,0.25,0.25
316,0.9783798813355034,0.46708610081448987,0.9506750071370818,0.47269660382756473,0.24869350175742913,0.4656484543438901,0.8916666666666667,0.4152779467668473,0.4048611866541884,0.1375,0.6114285714285714,0.3885034357927327,0.3812445736440309,0.09428571428571429,0.029166666666666667,0.02,0.3142857142857143,13.317142857142857,0.025,0.0,0.038046072370713675,0.1319663491490371,4.533333333333333,0.0,0.0,0.15,0.07916666666666666,0,0.1607957576343653,0.27057194056357026,2.4796524234638824,0.8371855392418075,0.0,1.0,0.0,0.1,0.0,0.3666905957495313,0.05,0.08,0.029166666666666667,0.25,0.25
317,0.9785154607791904,0.4674775952456299,0.9507679758984672,0.4727647354871488,0.24869350175742913,0.4655376139430423,0.8291666666666667,0.4152779467668473,0.40498618665418834,0.1375,0.5685714285714286,0.3885034357927327,0.3813302879297452,0.09428571428571429,0.05416666666666667,0.037142857142857144,0.3142857142857143,13.334285714285715,0.029166666666666667,0.0,0.038046072370713675,0.1319663491490371,4.533333333333333,0.0,0.0,0.15,0.07916666666666666,0,0.1607056359890506,0.26921908086075236,2.467202232137462,0.8204418284569713,0.0,0.9230769230769231,0.0,0.1,0.0,0.3666905957495313,0.05,0.08,0.05416666666666667,0.25,0.25
318,0.9780478556757555,0.4673485404986055,0.950447332398969,0.47244703340249916,0.24869350175742913,0.4653738595191435,0.8125,0.4153612801001806,0.40504868665418836,0.1375,0.5571428571428572,0.3885605786498756,0.3813731450726024,0.09428571428571429,0.0625,0.04285714285714286,0.3142857142857143,13.345714285714285,0.029166666666666667,0.0,0.038046072370713675,0.1319663491490371,4.533333333333333,0.0,0.0,0.15,0.07916666666666666,0,0.16092403162922286,0.2678729854564486,2.4607153303518556,0.8371855392418075,0.0,0.9333333333333333,0.0,0.1,0.0,0.3666905957495313,0.05,0.08,0.0625,0.25,0.25
319,0.9794260127809437,0.466779846934351,0.951451137234581,0.47186712099364797,0.24869350175742913,0.4652157014883973,0.7824267782426778,0.41637611417739995,0.40610058141953653,0.13807531380753138,0.5342857142857143,0.3885605786498756,0.3813731450726024,0.09428571428571429,0.04184100418410042,0.03428571428571429,0.3171428571428571,13.36,0.02510460251046025,0.002857142857142857,0.038150350856933066,0.13196634914903713,4.460251046025105,0.0,0.0,0.15,0.0794979079497908,0,0.16071571498546952,0.26653362052916635,2.4457867380305327,0.8204418284569713,0.0,1.0,0.0,0.1,0.0,0.3666905957495313,0.05,0.08,0.04583333333333333,0.25,0.25
320,0.9822027634405671,0.4669524682865285,0.9533472612564382,0.4714866430187023,0.24869350175742913,0.4650936138106247,0.8075313807531381,0.41637611417739995,0.40610058141953653,0.13807531380753138,0.5514285714285714,0.3885605786498756,0.3813731450726024,0.09428571428571429,0.0502092050209205,0.03428571428571429,0.3171428571428571,13.36,0.02510460251046025,0.0,0.038150350856933066,0.13196634914903713,4.460251046025105,0.0,0.0,0.15,0.0794979079497908,0,0.16016913641054217,0.26520095242652053,2.4311567175556363,0.8040329918878318,0.0,1.0,0.0,0.1,0.0,0.3666905957495313,0.05,0.08,0.0502092050209205,0.25,0.25
321,0.9830462154409858,0.46680260488090003,0.9539232184795813,0.4715908885636607,0.24869350175742913,0.465080617862563,0.8117154811715481,0.4165434781941363,0.40622610443208884,0.13807531380753138,0.5542857142857143,0.3886748643641613,0.3814588593583167,0.09428571428571429,0.058577405857740586,0.04,0.3171428571428571,13.377142857142857,0.02510460251046025,0.0,0.038150350856933066,0.13196634914903713,4.460251046025105,0.0,0.0,0.15,0.0794979079497908,0,0.16016757715706087,0.2638749476643879,2.422533583204524,0.8250111348297725,0.0,0.9285714285714286,0.0,0.1,0.0,0.3666905957495313,0.05,0.08,0.058577405857740586,0.25,0.25
322,0.9819885814709927,0.46630255289559563,0.9532010055686432,0.47105059627654927,0.24869350175742913,0.46491761615084104,0.8368200836820083,0.4165434781941363,0.40622610443208884,0.13807531380753138,0.5714285714285714,0.3886748643641613,0.3814588593583167,0.09428571428571429,0.03765690376569038,0.025714285714285714,0.3171428571428571,13.388571428571428,0.02510460251046025,0.0,0.038150350856933066,0.13196634914903713,4.460251046025105,0.0,0.0,0.15,0.0794979079497908,0,0.15959516784270417,0.26255557292606596,2.3997971972547187,0.808510912133177,0.0,1.0,0.0,0.1,0.0,0.3666905957495313,0.05,0.08,0.03765690376569038,0.25,0.25
323,0.9818598791033175,0.4660176197037532,0.9531131202375734,0.47086851539040164,0.24869350175742913,0.4647656647842932,0.8661087866108786,0.4165434781941363,0.40622610443208884,0.13807531380753138,0.5914285714285714,0.3886748643641613,0.3814588593583167,0.09428571428571429,0.029288702928870293,0.02,0.3171428571428571,13.397142857142857,0.02510460251046025,0.0,0.038150350856933066,0.13196634914903713,4.460251046025105,0.0,0.0,0.15,0.0794979079497908,0,0.15894004914634777,0.26124279506143566,2.3718012533096244,0.7923406938905135,0.0,1.0,0.0,0.1,0.0,0.3666905957495313,0.05,0.08,0.029288702928870293,0.25,0.25
324,0.9821663723001985,0.4649717516701069,0.9533224113063008,0.47012396379336807,0.24869350175742913,0.46469745722909955,0.8451882845188284,0.4167945242192409,0.40641438895091725,0.13807531380753138,0.5771428571428572,0.38884629293558987,0.38158743078688806,0.09428571428571429,0.0502092050209205,0.03428571428571429,0.3171428571428571,13.411428571428571,0.02510460251046025,0.0,0.038150350856933066,0.13196634914903713,4.460251046025105,0.0,0.0,0.15,0.0794979079497908,0,0.15951322384358024,0.27815064737990897,2.3586509425291458,0.8918600502066424,0.0,0.8333333333333334,0.0,0.1,0.0,0.3666905957495313,0.05,0.08,0.0502092050209205,0.25,0.25
325,0.983350168871871,0.4654185259737761,0.9541307752509572,0.470615160589199,0.24869350175742913,0.46458469385127976,0.8535564853556485,0.4167945242192409,0.40641438895091725,0.13807531380753138,0.5828571428571429,0.38884629293558987,0.38158743078688806,0.09428571428571429,0.03765690376569038,0.025714285714285714,0.3171428571428571,13.428571428571429,0.02510460251046025,0.0,0.038150350856933066,0.13196634914903713,4.460251046025105,0.0,0.0,0.15,0.0794979079497908,0,0.15891551486721944,0.27675989414300944,2.3371922093928488,0.8740228492025095,0.0,1.0,0.0,0.1,0.0,0.3666905957495313,0.05,0.08,0.03765690376569038,0.25,0.25
326,0.9811709155475773,0.4643565607950895,0.9526426565523679,0.470248499816709,0.24869350175742913,0.464489310277278,0.8326359832635983,0.4167945242192409,0.40641438895091725,0.13807531380753138,0.5685714285714286,0.38884629293558987,0.38158743078688806,0.09428571428571429,0.03765690376569038,0.025714285714285714,0.3171428571428571,13.448571428571428,0.02510460251046025,0.0,0.038150350856933066,0.13196634914903713,4.460251046025105,0.0,0.0,0.15,0.0794979079497908,0,0.15846223013218694,0.27537609467229435,2.3161626509192774,0.8565423922184593,0.0,1.0,0.0,0.1,0.0,0.3666905957495313,0.05,0.08,0.03765690376569038,0.25,0.25
327,0.9791083367307746,0.4644742722665818,0.9512342098746084,0.47006921527120477,0.24869350175742913,0.46423535554726586,0.8702928870292888,0.41696188823597735,0.40653991196346956,0.13807531380753138,0.5942857142857143,0.38896057864987554,0.38167314507260236,0.09428571428571429,0.058577405857740586,0.04,0.3171428571428571,13.462857142857143,0.02510460251046025,0.0,0.038150350856933066,0.13196634914903713,4.460251046025105,0.0,0.0,0.15,0.0794979079497908,0,0.15866707253154386,0.27399921419893286,2.309839397900892,0.8936492005773231,0.0,0.9285714285714286,0.0,0.1,0.0,0.3666905957495313,0.05,0.08,0.058577405857740586,0.25,0.25
328,0.9784819813467469,0.46443872314413104,0.9508064986266582,0.4703356009002157,0.24869350175742913,0.46389950076233094,0.8326359832635983,0.41712925225271374,0.40666543497602187,0.13807531380753138,0.5685714285714286,0.3890748643641613,0.38175885935831666,0.09428571428571429,0.04184100418410042,0.02857142857142857,0.3171428571428571,13.477142857142857,0.02510460251046025,0.0,0.038150350856933066,0.13196634914903713,4.460251046025105,0.0,0.0,0.15,0.0794979079497908,0,0.15853073716888616,0.2726292181279382,2.292214038514303,0.9063419947789638,0.0,0.9,0.0,0.1,0.0,0.3666905957495313,0.05,0.08,0.04184100418410042,0.25,0.25
329,0.9806973645077026,0.46436491775048716,0.9523192888422821,0.46972131131369443,0.24869350175742913,0.46348558485093455,0.8577405857740585,0.41712925225271374,0.40666543497602187,0.13807531380753138,0.5857142857142857,0.3890748643641613,0.38175885935831666,0.09428571428571429,0.03765690376569038,0.025714285714285714,0.3171428571428571,13.48,0.02510460251046025,0.0,0.038150350856933066,0.13196634914903713,4.460251046025105,0.0,0.0,0.15,0.0794979079497908,0,0.15821940894832495,0.2712660720372985,2.2720840434583027,0.8882151548833845,0.0,1.0,0.0,0.1,0.0,0.3666905957495313,0.05,0.08,0.03765690376569038,0.25,0.25
330,0.9809087653979773,0.4641540839117787,0.9524636454502124,0.46952990324932603,0.24869350175742913,0.46305439472527743,0.8661087866108786,0.41712925225271374,0.40666543497602187,0.13807531380753138,0.5914285714285714,0.3890748643641613,0.38175885935831666,0.09428571428571429,0.04602510460251046,0.03142857142857143,0.3171428571428571,13.491428571428571,0.02510460251046025,0.0,0.038150350856933066,0.13196634914903713,4.460251046025105,0.0,0.0,0.15,0.0794979079497908,0,0.15779888404644044,0.269909741677112,2.258070934017708,0.8704508517857169,0.0,1.0,0.0,0.1,0.0,0.3666905957495313,0.05,0.08,0.04602510460251046,0.25,0.25
331,0.980923595030429,0.4639055555359661,0.9524737719706582,0.46938004204839573,0.24869350175742913,0.46267759834946764,0.891213389121339,0.41712925225271374,0.40666543497602187,0.13807531380753138,0.6085714285714285,0.3890748643641613,0.38175885935831666,0.09428571428571429,0.03765690376569038,0.025714285714285714,0.3171428571428571,13.505714285714285,0.02510460251046025,0.0,0.038150350856933066,0.13196634914903713,4.460251046025105,0.0,0.0,0.15,0.0794979079497908,0,0.1572097467690654,0.26856019296872646,2.2386238010516393,0.8530418347500025,0.0,1.0,0.0,0.1,0.0,0.3666905957495313,0.05,0.08,0.03765690376569038,0.25,0.25
332,0.9814905755360146,0.4636482569304066,0.9526910225750294,0.4691658182757581,0.24869350175742913,0.4622759130437012,0.8445378151260504,0.41774271577512073,0.4077598300179596,0.13865546218487396,0.5742857142857143,0.3890748643641613,0.38175885935831666,0.09428571428571429,0.0546218487394958,0.04,0.32,13.52,0.02100840336134454,0.002857142857142857,0.0381456510619581,0.13196634914903713,4.46218487394958,0.0,0.0,0.15,0.07983193277310924,0,0.1569931308887915,0.2672173920038828,2.2338513250306065,0.8359809980550025,0.0,1.0,0.0,0.1,0.0,0.3666905957495313,0.05,0.08,0.058577405857740586,0.25,0.25
333,0.9820398905048371,0.4629238154396554,0.9530383931531882,0.4681063306259981,0.24869350175742913,0.4617390019814293,0.8396624472573839,0.41741170540646316,0.40744733937148925,0.13924050632911392,0.5685714285714286,0.3890748643641613,0.38175885935831666,0.09428571428571429,0.02109704641350211,0.017142857142857144,0.32285714285714284,13.534285714285714,0.016877637130801686,0.002857142857142857,0.03816929996988315,0.1319663491490371,4.447257383966245,0.0,0.0,0.15,0.08016877637130802,0,0.1563510223772047,0.2658813050438634,2.2063171556728514,0.8192613780939023,0.0,1.0,0.0,0.1,0.0,0.3666905957495313,0.05,0.08,0.025210084033613446,0.25,0.25
334,0.9815815453974617,0.46298423296153063,0.9527280280376226,0.4678626998060059,0.24869350175742913,0.4612504024827629,0.8396624472573839,0.41741170540646316,0.40744733937148925,0.13924050632911392,0.5685714285714286,0.3890748643641613,0.38175885935831666,0.09428571428571429,0.0379746835443038,0.025714285714285714,0.32285714285714284,13.548571428571428,0.016877637130801686,0.0,0.03816929996988315,0.1319663491490371,4.447257383966245,0.0,0.0,0.15,0.08016877637130802,0,0.15628298155103296,0.2645518985186441,2.1879050982736796,0.8028761505320243,0.0,1.0,0.0,0.1,0.0,0.3666905957495313,0.05,0.08,0.0379746835443038,0.25,0.25
335,0.9819672657830382,0.4632029615220784,0.9529892158415701,0.4683182501567996,0.24869350175742913,0.46086894587318067,0.8734177215189873,0.4176648699634252,0.4076372127892108,0.13924050632911392,0.5914285714285714,0.3892462929355898,0.381887430786888,0.09428571428571429,0.03375527426160337,0.022857142857142857,0.32285714285714284,13.548571428571428,0.016877637130801686,0.0,0.03816929996988315,0.1319663491490371,4.447257383966245,0.0,0.0,0.15,0.08016877637130802,0,0.15644442378613493,0.2632291390260509,2.1670041391653494,0.8602944478209514,0.0,0.75,0.0,0.1,0.0,0.3666905957495313,0.05,0.08,0.03375527426160337,0.25,0.25
336,0.9829536245379114,0.46441137561048074,0.9536571216270128,0.46949429523448566,0.24869350175742913,0.46043239487732485,0.890295358649789,0.4176648699634252,0.4076372127892108,0.13924050632911392,0.6028571428571429,0.3892462929355898,0.381887430786888,0.09428571428571429,0.029535864978902954,0.02,0.32285714285714284,13.562857142857142,0.016877637130801686,0.0,0.03816929996988315,0.1319663491490371,4.447257383966245,0.0,0.0,0.15,0.08016877637130802,0,0.15603206237791853,0.2619129933309206,2.143664056382042,0.8430885588645324,0.0,1.0,0.0,0.1,0.0,0.3666905957495313,0.05,0.08,0.029535864978902954,0.25,0.25
337,0.9825120397002861,0.46431773248585173,0.9533581056083923,0.4691642171873848,0.24869350175742913,0.46004619192415136,0.869198312236287,0.4176648699634252,0.4076372127892108,0.13924050632911392,0.5885714285714285,0.3892462929355898,0.381887430786888,0.09428571428571429,0.0379746835443038,0.025714285714285714,0.32285714285714284,13.56857142857143,0.016877637130801686,0.0,0.03816929996988315,0.1319663491490371,4.447257383966245,0.0,0.0,0.15,0.08016877637130802,0,0.15564849908426046,0.26060342836426603,2.1265050609686873,0.8262267876872417,0.0,1.0,0.0,0.1,0.0,0.3666905957495313,0.05,0.08,0.0379746835443038,0.25,0.25
338,0.9823507189723323,0.464952809960913,0.9532488684297492,0.46965656325715516,0.24869350175742913,0.4597197459862864,0.8396624472573839,0.41800242270604115,0.4078903773461728,0.13924050632911392,0.5685714285714286,0.3894748643641613,0.3820588593583166,0.09428571428571429,0.046413502109704644,0.03142857142857143,0.32285714285714284,13.56857142857143,0.016877637130801686,0.0,0.03816929996988315,0.1319663491490371,4.447257383966245,0.0,0.0,0.15,0.08016877637130802,0,0.15598397158883914,0.2593004112224447,2.115403531177885,0.8323707185524624,0.0,0.8181818181818182,0.0,0.1,0.0,0.3666905957495313,0.05,0.08,0.046413502109704644,0.25,0.25
339,0.9816795382999032,0.46581271702724053,0.9527943832315616,0.4699580910944554,0.24869350175742913,0.4593967267185616,0.890295358649789,0.41800242270604115,0.4078903773461728,0.13924050632911392,0.6028571428571429,0.3894748643641613,0.3820588593583166,0.09428571428571429,0.02531645569620253,0.017142857142857144,0.32285714285714284,13.574285714285715,0.016877637130801686,0.0,0.03816929996988315,0.1319663491490371,4.447257383966245,0.0,0.0,0.15,0.08016877637130802,0,0.15548763739171628,0.2580039091663325,2.090238317697184,0.815723304181413,0.0,1.0,0.0,0.1,0.0,0.3666905957495313,0.05,0.08,0.02531645569620253,0.25,0.25
340,0.9810916316312455,0.4666730666916884,0.9523962864302133,0.47066367209096566,0.24869350175742913,0.4590356692627238,0.8438818565400844,0.4181711990773493,0.4080169596246538,0.13924050632911392,0.5714285714285714,0.38958915007844697,0.382144573644031,0.09428571428571429,0.03375527426160337,0.022857142857142857,0.32285714285714284,13.582857142857144,0.016877637130801686,0.0,0.03816929996988315,0.1319663491490371,4.447257383966245,0.0,0.0,0.15,0.08016877637130802,0,0.15579534277618629,0.25671388962050085,2.0712906942003837,0.8797417182346144,0.0,0.75,0.0,0.1,0.0,0.3666905957495313,0.05,0.08,0.03375527426160337,0.25,0.25
341,0.9819855336047638,0.4663478033213289,0.9530015857665671,0.4704808728627523,0.24869350175742913,0.45880171366521927,0.869198312236287,0.41833997544865725,0.40814354190313473,0.13924050632911392,0.5885714285714285,0.38970343579273276,0.38223028792974517,0.09428571428571429,0.046413502109704644,0.03142857142857143,0.32285714285714284,13.59142857142857,0.016877637130801686,0.0,0.03816929996988315,0.1319663491490371,4.447257383966245,0.0,0.0,0.15,0.08016877637130802,0,0.15592569438116,0.25947976595024363,2.061293451744947,0.8897095946966146,0.0,0.9090909090909091,0.0,0.1,0.0,0.3666905957495313,0.05,0.08,0.046413502109704644,0.25,0.25
342,0.9815554485874182,0.46573136669874904,0.9524977377987784,0.47014827329555015,0.24869350175742913,0.45849893645277706,0.8728813559322034,0.41817552391638324,0.4082420514960814,0.13983050847457626,0.5885714285714285,0.38970343579273276,0.38223028792974517,0.09428571428571429,0.025423728813559324,0.017142857142857144,0.32571428571428573,13.605714285714285,0.012711864406779662,0.002857142857142857,0.03821847586498701,0.1319663491490371,4.389830508474576,0.0,0.0,0.15,0.08050847457627118,0,0.15558118025557155,0.2581823671204924,2.037210439852905,0.8719154028026823,0.0,1.0,0.0,0.1,0.0,0.3666905957495313,0.05,0.08,0.02531645569620253,0.25,0.25
343,0.9823447104926359,0.46521076583414817,0.9523535633330465,0.4698327235062064,0.24869350175742913,0.45825638594636026,0.8638297872340426,0.4181816019405582,0.4093712278880055,0.14042553191489363,0.58,0.38970343579273276,0.38223028792974517,0.09428571428571429,0.029787234042553193,0.022857142857142857,0.32857142857142857,13.605714285714285,0.00851063829787234,0.002857142857142857,0.03828269052382562,0.1319663491490371,4.357446808510638,0.0,0.0,0.15,0.08085106382978724,0,0.1552568713725252,0.25689145528489,2.01932337391299,0.8544770947466286,0.0,1.0,0.0,0.1,0.0,0.3666905957495313,0.05,0.08,0.03389830508474576,0.25,0.25
344,0.9820851406211308,0.46465065476252004,0.952179280705036,0.4692136180293838,0.24869350175742913,0.4579114511411322,0.9106382978723404,0.41835181470651567,0.4094988874624736,0.14042553191489363,0.6114285714285714,0.38981772150701843,0.38231600221545947,0.09428571428571429,0.04680851063829787,0.03142857142857143,0.32857142857142857,13.611428571428572,0.00851063829787234,0.0,0.038302121119187904,0.1319663491490371,4.357446808510638,0.0,0.0,0.15,0.08085106382978724,0,0.15530716628353755,0.26193697840106295,2.0103654778633016,0.8717153404974448,0.0,0.9090909090909091,0.0,0.1,0.0,0.3666905957495313,0.05,0.08,0.04680851063829787,0.25,0.25
345,0.9826113125477859,0.46511207964038764,0.9525325675700757,0.4696773988157092,0.24869350175742913,0.4577290964333866,0.8808510638297873,0.41835181470651567,0.4094988874624736,0.14042553191489363,0.5914285714285714,0.38981772150701843,0.38231600221545947,0.09428571428571429,0.05106382978723404,0.03428571428571429,0.32857142857142857,13.628571428571428,0.00851063829787234,0.0,0.038302121119187904,0.1319663491490371,4.357446808510638,0.0,0.0,0.15,0.08085106382978724,0,0.15498535471642347,0.2606272935090576,2.0044438825917497,0.8542810336874959,0.0,1.0,0.0,0.1,0.0,0.3666905957495313,0.05,0.08,0.05106382978723404,0.25,0.25
346,0.9828625581512025,0.4648563322886528,0.9527012610466555,0.469437913184734,0.24869350175742913,0.4575875133715241,0.8595744680851064,0.41835181470651567,0.4094988874624736,0.14042553191489363,0.5771428571428572,0.38981772150701843,0.38231600221545947,0.09428571428571429,0.03829787234042553,0.025714285714285714,0.32857142857142857,13.64,0.00851063829787234,0.0,0.038302121119187904,0.1319663491490371,4.357446808510638,0.0,0.0,0.15,0.08085106382978724,0,0.15458085794284135,0.2593241570415123,1.9900692906542006,0.837195413013746,0.0,1.0,0.0,0.1,0.0,0.3666905957495313,0.05,0.08,0.03829787234042553,0.25,0.25
347,0.9832858800424686,0.46401303719446496,0.9529854914593628,0.4690445952071284,0.24869350175742913,0.4573660049272345,0.8553191489361702,0.41835181470651567,0.4094988874624736,0.14042553191489363,0.5742857142857143,0.38981772150701843,0.38231600221545947,0.09428571428571429,0.02553191489361702,0.02,0.32857142857142857,13.651428571428571,0.00851063829787234,0.0,0.038302121119187904,0.1319663491490371,4.357446808510638,0.0,0.0,0.15,0.08085106382978724,0,0.1540076679388414,0.25802753625630476,1.9702679048411165,0.8204515047534711,0.0,1.0,0.0,0.1,0.0,0.3666905957495313,0.05,0.08,0.02553191489361702,0.25,0.25
348,0.9833362783663606,0.46473512108422443,0.953019330333976,0.4695561100031547,0.24869350175742913,0.4569898857430932,0.8680851063829788,0.41852202747247313,0.4096265470369417,0.14042553191489363,0.5828571428571429,0.38993200722130417,0.38240171650117377,0.09428571428571429,0.02553191489361702,0.017142857142857144,0.32857142857142857,13.66,0.00851063829787234,0.0,0.038302121119187904,0.1319663491490371,4.357446808510638,0.0,0.0,0.15,0.08085106382978724,0,0.15386577245629005,0.2567373985750232,1.948005403887151,0.8209978625909243,0.0,0.8333333333333334,0.0,0.1,0.0,0.3666905957495313,0.05,0.08,0.02553191489361702,0.25,0.25
349,0.9819135706020177,0.46510125542840663,0.952064083692203,0.4689980945812662,0.24869350175742913,0.4567113285099984,0.8340425531914893,0.41852202747247313,0.4096265470369417,0.14042553191489363,0.56,0.38993200722130417,0.38240171650117377,0.09428571428571429,0.0425531914893617,0.02857142857142857,0.32857142857142857,13.677142857142858,0.00851063829787234,0.0,0.038302121119187904,0.1319663491490371,4.357446808510638,0.0,0.0,0.15,0.08085106382978724,0,0.15358001930472287,0.2554537115821481,1.9376167243808369,0.8045779053391058,0.0,1.0,0.0,0.1,0.0,0.3666905957495313,0.05,0.08,0.0425531914893617,0.25,0.25
350,0.983177494544533,0.46500375396840704,0.9529127183393203,0.46874230680638,0.24869350175742913,0.4563163411755522,0.8212765957446808,0.41852202747247313,0.4096265470369417,0.14042553191489363,0.5514285714285714,0.38993200722130417,0.38240171650117377,0.09428571428571429,0.03829787234042553,0.025714285714285714,0.32857142857142857,13.685714285714285,0.01276595744680851,0.0,0.038302121119187904,0.1319663491490371,4.357446808510638,0.0,0.0,0.15,0.08085106382978724,0,0.15309726277962787,0.2541764430242373,1.924578675607506,0.7884863472323237,0.0,1.0,0.0,0.1,0.0,0.3666905957495313,0.05,0.08,0.03829787234042553,0.25,0.25
351,0.9828565363353238,0.4642559898630986,0.9526972178274227,0.4682057582810835,0.24869350175742913,0.45596407942314104,0.8382978723404255,0.41852202747247313,0.4096265470369417,0.14042553191489363,0.5628571428571428,0.38993200722130417,0.38240171650117377,0.09428571428571429,0.0425531914893617,0.02857142857142857,0.32857142857142857,13.702857142857143,0.01276595744680851,0.0,0.038302121119187904,0.1319663491490371,4.357446808510638,0.0,0.0,0.15,0.08085106382978724,0,0.1526452064657297,0.25290556080911614,1.9146585306667838,0.7727166202876772,0.0,1.0,0.0,0.1,0.0,0.3666905957495313,0.05,0.08,0.0425531914893617,0.25,0.25
352,0.9817474685925789,0.46506406508716436,0.9519525580572941,0.46892984034765084,0.24869350175742913,0.4556756742618452,0.8595744680851064,0.41852202747247313,0.4096265470369417,0.14042553191489363,0.5771428571428572,0.38993200722130417,0.38240171650117377,0.09428571428571429,0.04680851063829787,0.03142857142857143,0.32857142857142857,13.708571428571428,0.01276595744680851,0.0,0.038302121119187904,0.1319663491490371,4.357446808510638,0.0,0.0,0.15,0.08085106382978724,0,0.15242030661296999,0.25164103300507057,1.9077939314820196,0.7572622878819236,0.0,1.0,0.0,0.1,0.0,0.3666905957495313,0.05,0.08,0.04680851063829787,0.25,0.25
353,0.9811703073841028,0.465195418369575,0.9515650355316029,0.4692988636491965,0.24869350175742913,0.4555591741921681,0.8723404255319149,0.41852202747247313,0.4096265470369417,0.14042553191489363,0.5857142857142857,0.38993200722130417,0.38240171650117377,0.09428571428571429,0.02553191489361702,0.017142857142857144,0.32857142857142857,13.717142857142857,0.01276595744680851,0.0,0.038302121119187904,0.1319663491490371,4.357446808510638,0.0,0.0,0.15,0.08085106382978724,0,0.1518010622227623,0.2503828278400452,1.8867809099952364,0.7421170421242852,0.0,1.0,0.0,0.1,0.0,0.3666905957495313,0.05,0.08,0.02553191489361702,0.25,0.25
354,0.9821287202865895,0.46535575912500143,0.9522085413375583,0.46935437346535147,0.24869350175742913,0.4553975539327918,0.8723404255319149,0.41852202747247313,0.4096265470369417,0.14042553191489363,0.5857142857142857,0.38993200722130417,0.38240171650117377,0.09428571428571429,0.04680851063829787,0.037142857142857144,0.32857142857142857,13.734285714285715,0.01276595744680851,0.0,0.038302121119187904,0.1319663491490371,4.357446808510638,0.0,0.0,0.15,0.08085106382978724,0,0.15149706475095204,0.24913091370084497,1.8861881489381886,0.7272747012817995,0.0,1.0,0.0,0.1,0.0,0.3666905957495313,0.05,0.08,0.04680851063829787,0.25,0.25
355,0.9832573915030283,0.46544661242496965,0.9526673096293039,0.4695560890542313,0.24869350175742913,0.45524477578168426,0.8717948717948718,0.4187092205031934,0.4103269663446363,0.14102564102564102,0.5828571428571429,0.38993200722130417,0.38240171650117377,0.09428571428571429,0.04700854700854701,0.03428571428571429,0.3314285714285714,13.74,0.008547008547008548,0.002857142857142857,0.03829886944884556,0.1319663491490371,4.35042735042735,0.0,0.0,0.15,0.0811965811965812,0,0.15128001655221515,0.24788525913234075,1.8827501002451394,0.7127292072561635,0.0,1.0,0.0,0.1,0.0,0.3666905957495313,0.05,0.08,0.05106382978723404,0.25,0.25
356,0.9843467068716826,0.46424554188608697,0.95339559476149,0.4687243201616994,0.24869350175742913,0.4551999836139109,0.8205128205128205,0.4187092205031934,0.4103269663446363,0.14102564102564102,0.5485714285714286,0.38993200722130417,0.38240171650117377,0.09428571428571429,0.038461538461538464,0.025714285714285714,0.3314285714285714,13.751428571428571,0.008547008547008548,0.0,0.03831063716807199,0.1319663491490371,4.35042735042735,0.0,0.0,0.15,0.0811965811965812,0,0.15072347361231123,0.24664583283667904,1.870809383954522,0.6984746231110401,0.0,1.0,0.0,0.1,0.0,0.3666905957495313,0.05,0.08,0.038461538461538464,0.25,0.25
357,0.9842324916445171,0.46442652373632975,0.9533192337238994,0.4689845858186394,0.24869350175742913,0.45511355114501706,0.8547008547008547,0.4187092205031934,0.4103269663446363,0.14102564102564102,0.5714285714285714,0.38993200722130417,0.38240171650117377,0.09428571428571429,0.042735042735042736,0.03142857142857143,0.3314285714285714,13.762857142857143,0.01282051282051282,0.0,0.03831063716807199,0.1319663491490371,4.35042735042735,0.0,0.0,0.15,0.0811965811965812,0,0.15031214195853537,0.24541260367249565,1.864821767704003,0.6845051306488193,0.0,1.0,0.0,0.1,0.0,0.3666905957495313,0.05,0.08,0.042735042735042736,0.25,0.25
358,0.9833212819154191,0.46475251861630296,0.9527100249335883,0.46949366727481956,0.24869350175742913,0.4549797126847097,0.8504273504273504,0.4187092205031934,0.4103269663446363,0.14102564102564102,0.5685714285714286,0.38993200722130417,0.38240171650117377,0.09428571428571429,0.03418803418803419,0.022857142857142857,0.3314285714285714,13.771428571428572,0.01282051282051282,0.0,0.03831063716807199,0.1319663491490371,4.35042735042735,0.0,0.0,0.15,0.0811965811965812,0,0.1499022983880284,0.24418554065413317,1.850382475207066,0.6708150280358429,0.0,1.0,0.0,0.1,0.0,0.3666905957495313,0.05,0.08,0.03418803418803419,0.25,0.25
359,0.9827925965341283,0.46485248276020796,0.9523839247771557,0.46918704859930765,0.24869350175742913,0.4548145311351716,0.8626609442060086,0.418656752701764,0.41171621392975266,0.14163090128755365,0.5742857142857143,0.38993200722130417,0.38240171650117377,0.09428571428571429,0.02145922746781116,0.017142857142857144,0.3342857142857143,13.777142857142858,0.008583690987124463,0.002857142857142857,0.03833514990342127,0.13196634914903707,4.309012875536481,0.0,0.0,0.15,0.0815450643776824,0,0.14935250118180254,0.2429646129508625,1.8305176828457816,0.6573987274751261,0.0,1.0,0.0,0.1,0.0,0.3666905957495313,0.05,0.08,0.02564102564102564,0.25,0.25
360,0.9845458743692788,0.46510563284113815,0.9535511068788418,0.4696890367157964,0.24869350175742913,0.45465625327732906,0.8583690987124464,0.418656752701764,0.41171621392975266,0.14163090128755365,0.5714285714285714,0.38993200722130417,0.38240171650117377,0.09428571428571429,0.034334763948497854,0.022857142857142857,0.3342857142857143,13.788571428571428,0.008583690987124463,0.0,0.038359495772111715,0.13196634914903707,4.309012875536481,0.0,0.0,0.15,0.0815450643776824,0,0.14891902581875072,0.24174978988610818,1.8167644720460085,0.6442507529256235,0.0,1.0,0.0,0.1,0.0,0.3666905957495313,0.05,0.08,0.034334763948497854,0.25,0.25
361,0.9832774618608825,0.4647962920360442,0.9527067065518235,0.4697337739794541,0.24869350175742913,0.4545396491030553,0.8626609442060086,0.418656752701764,0.41171621392975266,0.14163090128755365,0.5742857142857143,0.38993200722130417,0.38240171650117377,0.09428571428571429,0.012875536480686695,0.011428571428571429,0.3342857142857143,13.797142857142857,0.008583690987124463,0.0,0.038359495772111715,0.13196634914903707,4.309012875536481,0.0,0.0,0.15,0.0815450643776824,0,0.1483171449753712,0.24054104093667764,1.7918577540336602,0.631365737867111,0.0,1.0,0.0,0.1,0.0,0.3666905957495313,0.05,0.08,0.012875536480686695,0.25,0.25
362,0.9828907978471336,0.4643646849951257,0.9524492987940993,0.46930212146861167,0.24869350175742913,0.4544843675887953,0.8669527896995708,0.418656752701764,0.41171621392975266,0.14163090128755365,0.5771428571428572,0.38993200722130417,0.38240171650117377,0.09428571428571429,0.04291845493562232,0.02857142857142857,0.3342857142857143,13.808571428571428,0.012875536480686695,0.0,0.038359495772111715,0.13196634914903707,4.309012875536481,0.0,0.0,0.15,0.0815450643776824,0,0.14811528281120864,0.23933833573199426,1.7845920275244154,0.6187384231097688,0.0,1.0,0.0,0.1,0.0,0.3666905957495313,0.05,0.08,0.04291845493562232,0.25,0.25
363,0.9817285961326828,0.4638474684564766,0.9516756045099077,0.46896180517393304,0.24869350175742913,0.45432732841497625,0.8454935622317596,0.418656752701764,0.41171621392975266,0.14163090128755365,0.5628571428571428,0.38993200722130417,0.38240171650117377,0.09428571428571429,0.030042918454935622,0.022857142857142857,0.3342857142857143,13.817142857142857,0.012875536480686695,0.0,0.038359495772111715,0.13196634914903707,4.309012875536481,0.0,0.0,0.15,0.0815450643776824,0,0.14760270711143833,0.23814164405333427,1.7717573298310698,0.6063636546475734,0.0,1.0,0.0,0.1,0.0,0.3666905957495313,0.05,0.08,0.030042918454935622,0.25,0.25
364,0.9826107380021942,0.463229585746041,0.9522628589544684,0.46888917414571113,0.24869350175742913,0.4539985392594843,0.8626609442060086,0.419000100341249,0.41197372465936644,0.14163090128755365,0.5742857142857143,0.3901605786498755,0.38257314507260237,0.09428571428571429,0.04291845493562232,0.02857142857142857,0.3342857142857143,13.822857142857142,0.012875536480686695,0.0,0.038359495772111715,0.13196634914903707,4.309012875536481,0.0,0.0,0.15,0.0815450643776824,0,0.14797840857588113,0.253119134034465,1.764893611805877,0.6230902534769661,0.0,0.8,0.0,0.1,0.0,0.3666905957495313,0.05,0.08,0.04291845493562232,0.25,0.25
365,0.9830214853142598,0.4634224814111224,0.952536299307929,0.468283245581767,0.24869350175742913,0.4537250494619952,0.8583690987124464,0.419000100341249,0.41197372465936644,0.14163090128755365,0.5714285714285714,0.3901605786498755,0.38257314507260237,0.09428571428571429,0.04291845493562232,0.02857142857142857,0.3342857142857143,13.82857142857143,0.012875536480686695,0.0,0.038359495772111715,0.13196634914903707,4.309012875536481,0.0,0.0,0.15,0.0815450643776824,0,0.14752337510443028,0.25185353836429264,1.758167168141188,0.6106284484074267,0.0,1.0,0.0,0.1,0.0,0.3666905957495313,0.05,0.08,0.04291845493562232,0.25,0.25
366,0.9828000510892715,0.46252058141771524,0.9523888873810084,0.46729294957418666,0.24869350175742913,0.4535013397243571,0.8154506437768241,0.4190859372511202,0.41203810234176985,0.14163090128755365,0.5428571428571428,0.3902177215070185,0.38261600221545955,0.09428571428571429,0.03862660944206009,0.02857142857142857,0.3342857142857143,13.834285714285715,0.012875536480686695,0.0,0.038359495772111715,0.13196634914903707,4.309012875536481,0.0,0.0,0.15,0.0815450643776824,0,0.1476967753147295,0.2505942706724712,1.7515752533497926,0.6118496136329361,0.0,0.9,0.0,0.1,0.0,0.3666905957495313,0.05,0.08,0.03862660944206009,0.25,0.25
367,0.9810806491472311,0.4621242243431687,0.9512442569453073,0.46635354230991655,0.24869350175742913,0.4533328023273985,0.8369098712446352,0.4191717741609915,0.4121024800241733,0.14163090128755365,0.5571428571428572,0.3902748643641613,0.3826588593583166,0.09428571428571429,0.04291845493562232,0.02857142857142857,0.3342857142857143,13.84,0.012875536480686695,0.0,0.038359495772111715,0.13196634914903707,4.309012875536481,0.0,0.0,0.15,0.0815450643776824,0,0.14772858000601297,0.2575858604627028,1.7451151768542252,0.5996126213602774,0.0,0.9,0.0,0.1,0.0,0.3666905957495313,0.05,0.08,0.04291845493562232,0.25,0.25
368,0.9811862857860221,0.4630212179506009,0.9513145807648451,0.4671115320669607,0.24869350175742913,0.45308597785689864,0.8626609442060086,0.4191717741609915,0.4121024800241733,0.14163090128755365,0.5742857142857143,0.3902748643641613,0.3826588593583166,0.09428571428571429,0.04721030042918455,0.03142857142857143,0.3342857142857143,13.851428571428572,0.012875536480686695,0.0,0.038359495772111715,0.13196634914903707,4.309012875536481,0.0,0.0,0.15,0.0815450643776824,0,0.14730379424884008,0.2562979311603893,1.7416414447457123,0.5876203689330718,0.0,1.0,0.0,0.1,0.0,0.3666905957495313,0.05,0.08,0.04721030042918455,0.25,0.25
369,0.9812821136285089,0.4631349365836129,0.9513783747285577,0.46747326865843036,0.24869350175742913,0.4529396177987166,0.8369098712446352,0.4191717741609915,0.4121024800241733,0.14163090128755365,0.5571428571428572,0.3902748643641613,0.3826588593583166,0.09428571428571429,0.034334763948497854,0.025714285714285714,0.3342857142857143,13.862857142857143,0.012875536480686695,0.0,0.038359495772111715,0.13196634914903707,4.309012875536481,0.0,0.0,0.15,0.0815450643776824,0,0.14676713242045297,0.25501644150458735,1.7325229015650836,0.5758679615544103,0.0,1.0,0.0,0.1,0.0,0.3666905957495313,0.05,0.08,0.034334763948497854,0.25,0.25
370,0.9793570790853035,0.46190714660966714,0.9500968517326526,0.46651413771822847,0.24869350175742913,0.45274245698965204,0.8454935622317596,0.4191717741609915,0.4121024800241733,0.14163090128755365,0.5628571428571428,0.3902748643641613,0.3826588593583166,0.09428571428571429,0.03862660944206009,0.025714285714285714,0.3342857142857143,13.877142857142857,0.012875536480686695,0.0,0.038359495772111715,0.13196634914903707,4.309012875536481,0.0,0.0,0.15,0.0815450643776824,0,0.14651673316908287,0.25374135929706443,1.7235867292480676,0.5643506023233221,0.0,1.0,0.0,0.1,0.0,0.3666905957495313,0.05,0.08,0.03862660944206009,0.25,0.25
371,0.9779821358720114,0.46244737840579236,0.9491815323935181,0.46672573632876313,0.24869350175742913,0.4524613533958079,0.9012875536480687,0.419343447980734,0.41223123538898016,0.14163090128755365,0.6,0.390389150078447,0.3827445736440309,0.09428571428571429,0.04291845493562232,0.02857142857142857,0.3342857142857143,13.885714285714286,0.017167381974248927,0.0,0.038359495772111715,0.13196634914903707,4.309012875536481,0.0,0.0,0.15,0.0815450643776824,0,0.1463840066460946,0.2524726525005791,1.7176864232345348,0.5564190031662162,0.0,0.9,0.0,0.1,0.0,0.3666905957495313,0.05,0.08,0.04291845493562232,0.25,0.25
372,0.977888907422833,0.46316371379600213,0.9491194688830649,0.46742595223711925,0.24869350175742913,0.4520256184397752,0.8540772532188842,0.4195151218004764,0.41235999075378704,0.14163090128755365,0.5685714285714286,0.39050343579273267,0.3828302879297452,0.09428571428571429,0.034334763948497854,0.022857142857142857,0.3342857142857143,13.891428571428571,0.017167381974248927,0.0,0.038359495772111715,0.13196634914903707,4.309012875536481,0.0,0.0,0.15,0.0815450643776824,0,0.14630865875572127,0.2512102892380762,1.7061898376269873,0.5639911208233314,0.0,0.875,0.0,0.1,0.0,0.3666905957495313,0.05,0.08,0.034334763948497854,0.25,0.25
373,0.9787104539233269,0.46303518110879566,0.9495519545626132,0.4676585669104095,0.24869350175742913,0.4517652084664997,0.8620689655172413,0.41796623898069335,0.4125885477342097,0.14224137931034483,0.5714285714285714,0.3905605786498756,0.38287314507260234,0.09428571428571429,0.03879310344827586,0.025714285714285714,0.33714285714285713,13.905714285714286,0.01293103448275862,0.002857142857142857,0.038383074922918085,0.1319663491490371,4.2844827586206895,0.0,0.0,0.15,0.08189655172413793,0,0.1463756904583712,0.2499542377918858,1.697780326588733,0.6028145896477451,0.0,0.8888888888888888,0.0,0.1,0.0,0.3666905957495313,0.05,0.08,0.03862660944206009,0.25,0.25
374,0.9812304089732796,0.4644368569595921,0.9504267114619116,0.4686816690556856,0.24869350175742913,0.4514648669335016,0.8782608695652174,0.4185993410998077,0.4147013430503563,0.14347826086956522,0.5771428571428572,0.3905605786498756,0.38287314507260234,0.09428571428571429,0.043478260869565216,0.02857142857142857,0.34285714285714286,13.90857142857143,0.004347826086956522,0.005714285714285714,0.03844638483828433,0.1319663491490371,4.208695652173913,0.0,0.0,0.15,0.08260869565217391,0,0.1459001005739365,0.24870446660292636,1.6923961486283867,0.5907582978547903,0.0,1.0,0.0,0.1,0.0,0.3666905957495313,0.05,0.08,0.04310344827586207,0.25,0.25
375,0.9814555304476189,0.4638530683574864,0.9505746484307631,0.4682037958757975,0.24869350175742913,0.45130431517599945,0.8347826086956521,0.4185993410998077,0.4147013430503563,0.14347826086956522,0.5485714285714286,0.3905605786498756,0.38287314507260234,0.09428571428571429,0.02608695652173913,0.02,0.34285714285714286,13.92,0.004347826086956522,0.0,0.038476208470658954,0.1319663491490371,4.208695652173913,0.0,0.0,0.15,0.0782608695652174,0,0.1454267457817811,0.24746094426991172,1.6785482256558193,0.5789431318976944,0.0,1.0,0.0,0.1,0.0,0.3666905957495313,0.05,0.08,0.02608695652173913,0.25,0.25
376,0.981855029165218,0.4621129734013825,0.9508371761594709,0.4673888831749927,0.24869350175742913,0.45118757067520543,0.8260869565217391,0.4187732541432859,0.414831777832965,0.14347826086956522,0.5428571428571428,0.3906748643641613,0.3829588593583166,0.09428571428571429,0.05217391304347826,0.03428571428571429,0.34285714285714286,13.93142857142857,0.004347826086956522,0.0,0.038476208470658954,0.1319663491490371,4.208695652173913,0.0,0.0,0.15,0.0782608695652174,0,0.14549804419215792,0.24919391902183471,1.679262975428417,0.6534557761068693,0.0,0.9166666666666666,0.0,0.1,0.0,0.3666905957495313,0.05,0.08,0.05217391304347826,0.25,0.25
377,0.9821875215154581,0.46137911547889404,0.9510556711324859,0.46710439557283456,0.24869350175742913,0.4509647814674271,0.8521739130434782,0.4187732541432859,0.414831777832965,0.14347826086956522,0.56,0.3906748643641613,0.3829588593583166,0.09428571428571429,0.034782608695652174,0.022857142857142857,0.34285714285714286,13.94,0.004347826086956522,0.0,0.038476208470658954,0.1319663491490371,4.208695652173913,0.0,0.0,0.15,0.0782608695652174,0,0.14488483968548285,0.24794794942672554,1.6685348587769915,0.6403866605847319,0.0,1.0,0.0,0.1,0.0,0.3666905957495313,0.05,0.08,0.034782608695652174,0.25,0.25
378,0.9834027955384638,0.46131203898332807,0.9518542797761753,0.46716254980048283,0.24869350175742913,0.450636852500179,0.8478260869565217,0.4187732541432859,0.414831777832965,0.14347826086956522,0.5571428571428572,0.3906748643641613,0.3829588593583166,0.09428571428571429,0.02608695652173913,0.017142857142857144,0.34285714285714286,13.942857142857143,0.004347826086956522,0.0,0.038476208470658954,0.1319663491490371,4.208695652173913,0.0,0.0,0.15,0.0782608695652174,0,0.14427470120134114,0.2467082096795919,1.6523070187443087,0.6275789273730373,0.0,1.0,0.0,0.1,0.0,0.3666905957495313,0.05,0.08,0.02608695652173913,0.25,0.25
379,0.9832613235130286,0.4612107354619964,0.9517613124451753,0.4674349500395301,0.24869350175742913,0.450235379807705,0.8565217391304348,0.4187732541432859,0.414831777832965,0.14347826086956522,0.5628571428571428,0.3906748643641613,0.3829588593583166,0.09428571428571429,0.021739130434782608,0.014285714285714285,0.34285714285714286,13.942857142857143,0.004347826086956522,0.0,0.038476208470658954,0.1319663491490371,4.208695652173913,0.0,0.0,0.15,0.0782608695652174,0,0.14400453295829124,0.24547466863119394,1.6335465926551367,0.6150273488255765,0.0,1.0,0.0,0.1,0.0,0.3666905957495313,0.05,0.08,0.021739130434782608,0.25,0.25
380,0.983747980562998,0.4600604633521773,0.9520811156494409,0.46616257722183596,0.24869350175742913,0.44986058675045126,0.9043478260869565,0.4189471671867641,0.4149622126155737,0.14347826086956522,0.5942857142857143,0.39078915007844706,0.3830445736440309,0.09428571428571429,0.030434782608695653,0.022857142857142857,0.34285714285714286,13.954285714285714,0.004347826086956522,0.0,0.038476208470658954,0.1319663491490371,4.208695652173913,0.0,0.0,0.15,0.0782608695652174,0,0.14382736743635693,0.24424729528803799,1.6237328036591767,0.7267821426807369,0.0,0.875,0.0,0.1,0.0,0.3666905957495313,0.05,0.08,0.030434782608695653,0.25,0.25
381,0.9821638544303947,0.45870972870607035,0.9510401184765871,0.4653108814247991,0.24869350175742913,0.4495369049562679,0.8956521739130435,0.41912108023024247,0.4150926473981824,0.14347826086956522,0.5885714285714285,0.39090343579273273,0.3831302879297452,0.09428571428571429,0.04782608695652174,0.03142857142857143,0.34285714285714286,13.962857142857143,0.008695652173913044,0.0,0.038476208470658954,0.1319663491490371,4.208695652173913,0.0,0.0,0.15,0.0782608695652174,0,0.14393480986705015,0.25097993830135984,1.6226867190145646,0.7459120964782505,0.0,0.9090909090909091,0.0,0.1,0.0,0.3666905957495313,0.05,0.08,0.04782608695652174,0.25,0.25
382,0.9844852897231506,0.45727595650338715,0.952565633097541,0.46452081357367464,0.24869350175742913,0.4491762663985219,0.8956521739130435,0.41920803675198154,0.4151578647894867,0.14347826086956522,0.5885714285714285,0.3909605786498756,0.38317314507260236,0.09428571428571429,0.043478260869565216,0.02857142857142857,0.34285714285714286,13.974285714285715,0.008695652173913044,0.0,0.038476208470658954,0.1319663491490371,4.208695652173913,0.0,0.0,0.15,0.0782608695652174,0,0.14392729290710765,0.254379927515725,1.618804413205702,0.7963362366829516,0.0,0.9,0.0,0.1,0.0,0.3666905957495313,0.05,0.08,0.043478260869565216,0.25,0.25
383,0.982657970432831,0.4583822117291861,0.9513648232781883,0.4651549616777735,0.24869350175742913,0.4489750473219538,0.908695652173913,0.41920803675198154,0.4151578647894867,0.14347826086956522,0.5971428571428572,0.3909605786498756,0.38317314507260236,0.09428571428571429,0.0391304347826087,0.025714285714285714,0.34285714285714286,13.974285714285715,0.008695652173913044,0.0,0.038476208470658954,0.1319663491490371,4.208695652173913,0.0,0.0,0.15,0.0782608695652174,0,0.14363100170910034,0.2531080278781464,1.6121426106558738,0.7804095119492926,0.0,1.0,0.0,0.1,0.0,0.3666905957495313,0.05,0.08,0.0391304347826087,0.25,0.25
384,0.9820396250212646,0.457927547177362,0.9509584820077304,0.4650317918900194,0.24869350175742913,0.448786182684235,0.8782608695652174,0.4193819497954599,0.4152882995720954,0.14347826086956522,0.5771428571428572,0.3910748643641613,0.3832588593583166,0.09428571428571429,0.034782608695652174,0.022857142857142857,0.34285714285714286,13.98857142857143,0.008695652173913044,0.0,0.038476208470658954,0.1319663491490371,4.208695652173913,0.0,0.0,0.15,0.0782608695652174,0,0.1439977052719834,0.25380450279459815,1.6027569012998992,0.7712828566508936,0.0,0.75,0.0,0.1,0.0,0.3666905957495313,0.05,0.08,0.034782608695652174,0.25,0.25
385,0.9803000212229435,0.45831414210870236,0.9498153137974049,0.46461239697947476,0.24869350175742913,0.44842548230422047,0.8347826086956521,0.4193819497954599,0.4152882995720954,0.14347826086956522,0.5485714285714286,0.3910748643641613,0.3832588593583166,0.09428571428571429,0.05217391304347826,0.03428571428571429,0.34285714285714286,14.002857142857144,0.008695652173913044,0.0,0.038476208470658954,0.1319663491490371,4.208695652173913,0.0,0.0,0.15,0.0782608695652174,0,0.1438138017143905,0.25253548028062517,1.6049874775596153,0.7558571995178758,0.0,1.0,0.0,0.1,0.0,0.3666905957495313,0.05,0.08,0.05217391304347826,0.25,0.25
386,0.9802127560311417,0.45720956488686504,0.9497579680999352,0.4637792225865321,0.24869350175742913,0.4480771703427968,0.8956521739130435,0.4193819497954599,0.4152882995720954,0.14347826086956522,0.5885714285714285,0.3910748643641613,0.3832588593583166,0.09428571428571429,0.06086956521739131,0.04,0.34285714285714286,14.02,0.008695652173913044,0.0,0.038476208470658954,0.1319663491490371,4.208695652173913,0.0,0.0,0.15,0.0782608695652174,0,0.1436865643925989,0.25127280287922205,1.6128877280084228,0.7407400555275183,0.0,1.0,0.0,0.1,0.0,0.3666905957495313,0.05,0.08,0.06086956521739131,0.25,0.25
387,0.9802086450546308,0.45714491184387224,0.949755266601085,0.4637806962061219,0.24869350175742913,0.44773565360497763,0.8565217391304348,0.4193819497954599,0.4152882995720954,0.14347826086956522,0.5628571428571428,0.3910748643641613,0.3832588593583166,0.09428571428571429,0.02608695652173913,0.017142857142857144,0.34285714285714286,14.037142857142857,0.008695652173913044,0.0,0.038476208470658954,0.1319663491490371,4.208695652173913,0.0,0.0,0.15,0.0782608695652174,0,0.14322385298136805,0.25001643886482594,1.5977728305911116,0.7259252544169679,0.0,1.0,0.0,0.1,0.0,0.3666905957495313,0.05,0.08,0.02608695652173913,0.25,0.25
388,0.9805307340845406,0.4568880051221254,0.9499669251064545,0.46347598572386584,0.24869350175742913,0.4474744223246625,0.8521739130434782,0.4193819497954599,0.4152882995720954,0.14347826086956522,0.56,0.3910748643641613,0.3832588593583166,0.09428571428571429,0.043478260869565216,0.02857142857142857,0.34285714285714286,14.048571428571428,0.008695652173913044,0.0,0.038476208470658954,0.1319663491490371,4.208695652173913,0.0,0.0,0.15,0.0782608695652174,0,0.14276430514503266,0.24876635667050181,1.5943888025507178,0.7114067493286286,0.0,1.0,0.0,0.1,0.0,0.3666905957495313,0.05,0.08,0.043478260869565216,0.25,0.25
389,0.9799611783072998,0.4564262563490294,0.9495926455956963,0.4635332685303214,0.24869350175742913,0.4472107290122676,0.8260869565217391,0.4193819497954599,0.4152882995720954,0.14347826086956522,0.5428571428571428,0.3910748643641613,0.3832588593583166,0.09428571428571429,0.0391304347826087,0.025714285714285714,0.34285714285714286,14.065714285714286,0.008695652173913044,0.0,0.038476208470658954,0.1319663491490371,4.208695652173913,0.0,0.0,0.15,0.0782608695652174,0,0.14233562719073603,0.2475225248871493,1.5882153122139893,0.697178614342056,0.0,1.0,0.0,0.1,0.0,0.3666905957495313,0.05,0.08,0.0391304347826087,0.25,0.25
390,0.9808335937524763,0.4567345546918527,0.950165947173955,0.4635401373297281,0.24869350175742913,0.44701893138747256,0.8565217391304348,0.4193819497954599,0.4152882995720954,0.14347826086956522,0.5628571428571428,0.3910748643641613,0.3832588593583166,0.09428571428571429,0.05217391304347826,0.03428571428571429,0.34285714285714286,14.082857142857144,0.013043478260869565,0.0,0.038476208470658954,0.1319663491490371,4.208695652173913,0.0,0.0,0.15,0.0782608695652174,0,0.14207810757274655,0.24628491226271354,1.590736720255424,0.6832350420552148,0.0,1.0,0.0,0.1,0.0,0.3666905957495313,0.05,0.08,0.05217391304347826,0.25,0.25
391,0.9816293541033868,0.45704737345034396,0.9506888754045534,0.46343313398864944,0.24869350175742913,0.4469030474198121,0.8652173913043478,0.4195558628389381,0.41541873435470406,0.14347826086956522,0.5685714285714286,0.391189150078447,0.38334457364403096,0.09428571428571429,0.04782608695652174,0.03142857142857143,0.34285714285714286,14.102857142857143,0.013043478260869565,0.0,0.038476208470658954,0.1319663491490371,4.208695652173913,0.0,0.0,0.15,0.0782608695652174,0,0.14253814845988283,0.24505348770139998,1.5903505572788867,0.7000367193847086,0.0,0.8181818181818182,0.0,0.1,0.0,0.3666905957495313,0.05,0.08,0.04782608695652174,0.25,0.25
392,0.9828779661962621,0.45569957661476207,0.9515093919227285,0.46201639395060623,0.24869350175742913,0.4468691984073475,0.8434782608695652,0.41990368892589464,0.4156796039199215,0.14347826086956522,0.5542857142857143,0.3914177215070185,0.3835160022154595,0.09428571428571429,0.04782608695652174,0.03142857142857143,0.34285714285714286,14.117142857142857,0.013043478260869565,0.0,0.038476208470658954,0.1319663491490371,4.208695652173913,0.0,0.0,0.15,0.0782608695652174,0,0.142853886289012,0.24382822026289297,1.5899721175618804,0.777221491544636,0.0,0.8181818181818182,0.0,0.1,0.0,0.3666905957495313,0.05,0.08,0.04782608695652174,0.25,0.25
393,0.9835968034992303,0.4557169246014786,0.951981770721822,0.4625876097633729,0.24869350175742913,0.44677724150242654,0.8478260869565217,0.41990368892589464,0.4156796039199215,0.14347826086956522,0.5571428571428572,0.3914177215070185,0.3835160022154595,0.09428571428571429,0.017391304347826087,0.011428571428571429,0.34285714285714286,14.128571428571428,0.013043478260869565,0.0,0.038476208470658954,0.1319663491490371,4.208695652173913,0.0,0.0,0.15,0.0782608695652174,0,0.14228204614328122,0.2426090791615785,1.5696012466392144,0.7616770617137434,0.0,1.0,0.0,0.1,0.0,0.3666905957495313,0.05,0.08,0.017391304347826087,0.25,0.25
394,0.9834295908168306,0.4552379173296006,0.9518718881019593,0.4623274704483386,0.24869350175742913,0.44673005756512585,0.8173913043478261,0.41999064544763376,0.41574482131122587,0.14347826086956522,0.5371428571428571,0.39147486436416135,0.38355885935831663,0.09428571428571429,0.030434782608695653,0.02,0.34285714285714286,14.148571428571428,0.017391304347826087,0.0,0.038476208470658954,0.1319663491490371,4.208695652173913,0.0,0.0,0.15,0.0782608695652174,0,0.14228392305542192,0.24139603376577062,1.5582092217064298,0.7910874387517134,0.0,0.8571428571428571,0.0,0.1,0.0,0.3666905957495313,0.05,0.08,0.030434782608695653,0.25,0.25
395,0.982487481006515,0.45427348664591055,0.9512527873694662,0.461797400184406,0.24869350175742913,0.44660937122773214,0.8347826086956521,0.41999064544763376,0.41574482131122587,0.14347826086956522,0.5485714285714286,0.39147486436416135,0.38355885935831663,0.09428571428571429,0.043478260869565216,0.02857142857142857,0.34285714285714286,14.157142857142857,0.017391304347826087,0.0,0.038476208470658954,0.1319663491490371,4.208695652173913,0.0,0.0,0.15,0.0782608695652174,0,0.1418573620115734,0.24018905359694176,1.5556164658437297,0.775265689976679,0.0,1.0,0.0,0.1,0.0,0.3666905957495313,0.05,0.08,0.043478260869565216,0.25,0.25
396,0.9826214683821574,0.4539045556615689,0.9513408362163168,0.46088941826605623,0.24869350175742913,0.4463995970625991,0.8521739130434782,0.420164558491112,0.4158752560938345,0.14347826086956522,0.56,0.39158915007844697,0.38364457364403093,0.09428571428571429,0.04782608695652174,0.03142857142857143,0.34285714285714286,14.177142857142858,0.017391304347826087,0.0,0.038476208470658954,0.1319663491490371,4.208695652173913,0.0,0.0,0.15,0.0782608695652174,0,0.1418332187729441,0.25094350534862825,1.5559327079554266,0.7849098270381595,0.0,0.9090909090909091,0.0,0.1,0.0,0.3666905957495313,0.05,0.08,0.04782608695652174,0.25,0.25
397,0.9819030741666144,0.45473616919793725,0.9508687485889602,0.46193434332994654,0.24869350175742913,0.4461596457805746,0.8173913043478261,0.420164558491112,0.4158752560938345,0.14347826086956522,0.5371428571428571,0.39158915007844697,0.38364457364403093,0.09428571428571429,0.04782608695652174,0.03142857142857143,0.34285714285714286,14.191428571428572,0.017391304347826087,0.0,0.038476208470658954,0.1319663491490371,4.208695652173913,0.0,0.0,0.15,0.0782608695652174,0,0.14143620976847215,0.24968878782188508,1.5562426252248893,0.7692116304973963,0.0,1.0,0.0,0.1,0.0,0.3666905957495313,0.05,0.08,0.04782608695652174,0.25,0.25
398,0.9816599249667369,0.4553190068148349,0.9507089648290405,0.46221328295738634,0.24869350175742913,0.44592489179826356,0.8217391304347826,0.420164558491112,0.4158752560938345,0.14347826086956522,0.54,0.39158915007844697,0.38364457364403093,0.09428571428571429,0.043478260869565216,0.02857142857142857,0.34285714285714286,14.208571428571428,0.017391304347826087,0.0,0.038476208470658954,0.1319663491490371,4.208695652173913,0.0,0.0,0.15,0.0782608695652174,0,0.14112394541472945,0.24844034388277567,1.5536892012918202,0.7538273978874483,0.0,1.0,0.0,0.1,0.0,0.3666905957495313,0.05,0.08,0.043478260869565216,0.25,0.25
399,0.9827248121427546,0.4544273197495757,0.951408747830424,0.4618023547955176,0.24869350175742913,0.445731382173557,0.8304347826086956,0.420164558491112,0.4158752560938345,0.14347826086956522,0.5457142857142857,0.39158915007844697,0.38364457364403093,0.09428571428571429,0.034782608695652174,0.022857142857142857,0.34285714285714286,14.228571428571428,0.02608695652173913,0.0,0.038476208470658954,0.1319663491490371,4.208695652173913,0.0,0.0,0.15,0.0782608695652174,0,0.1405326114019415,0.2471981421633618,1.545472560123127,0.7387508499296994,0.0,1.0,0.0,0.1,0.0,0.3666905957495313,0.05,0.08,0.034782608695652174,0.25,0.25
400,0.9836676508524983,0.4554117205566788,0.9520283275539698,0.4624938511494307,0.24869350175742913,0.4455661645733275,0.8347826086956521,0.4203384715345903,0.41600569087644323,0.14782608695652175,0.5485714285714286,0.39170343579273276,0.38373028792974523,0.09714285714285714,0.043478260869565216,0.03142857142857143,0.34285714285714286,14.242857142857142,0.02608695652173913,0.0,0.038476208470658954,0.1319663491490371,4.208695652173913,0.0,0.0,0.15,0.0782608695652174,0,0.14054352048778895,0.245962151452545,1.5459916803492355,0.7570842875347681,0.0,0.9090909090909091,0.0,0.1,0.0,0.3666905957495313,0.05,0.08,0.043478260869565216,0.25,0.25
401,0.9829066299195153,0.4551646174899254,0.9515282280837235,0.46238485930045053,0.24869350175742913,0.44563172383589617,0.8304347826086956,0.42051238457806855,0.41613612565905195,0.14782608695652175,0.5457142857142857,0.39181772150701843,0.3838160022154594,0.09714285714285714,0.04782608695652174,0.03142857142857143,0.34285714285714286,14.26,0.02608695652173913,0.0,0.038476208470658954,0.1319663491490371,4.208695652173913,0.0,0.0,0.15,0.0782608695652174,0,0.14058209572465358,0.24473234069528227,1.5465004181708222,0.7640822136919396,0.0,0.9090909090909091,0.0,0.1,0.0,0.3666905957495313,0.05,0.08,0.04782608695652174,0.25,0.25
402,0.9823093267906131,0.45591779310616265,0.9511357145990165,0.4632181408542131,0.24869350175742913,0.4458733268638963,0.8565217391304348,0.42068629762154675,0.4162665604416606,0.14782608695652175,0.5628571428571428,0.3919320072213041,0.3839017165011738,0.09714285714285714,0.05217391304347826,0.03428571428571429,0.34285714285714286,14.28,0.02608695652173913,0.0,0.038476208470658954,0.1319663491490371,4.208695652173913,0.0,0.0,0.15,0.0782608695652174,0,0.14064763869283325,0.24350867899180587,1.54985612409312,0.7634932079837783,0.0,0.9166666666666666,0.0,0.1,0.0,0.3666905957495313,0.05,0.08,0.05217391304347826,0.25,0.25
403,0.9832162650646721,0.45623237483817797,0.9517317026076837,0.46340526651032143,0.24869350175742913,0.4462624959112754,0.8391304347826087,0.42068629762154675,0.4162665604416606,0.14782608695652175,0.5514285714285714,0.3919320072213041,0.3839017165011738,0.09714285714285714,0.0391304347826087,0.025714285714285714,0.34285714285714286,14.297142857142857,0.02608695652173913,0.0,0.038476208470658954,0.1319663491490371,4.208695652173913,0.0,0.0,0.15,0.0782608695652174,0,0.1405029426741382,0.2422911355968468,1.544573287325543,0.7482233438241027,0.0,1.0,0.0,0.1,0.0,0.3666905957495313,0.05,0.08,0.0391304347826087,0.25,0.25
404,0.9828949047792442,0.4563589159899059,0.9515205229915454,0.46345738231384837,0.24869350175742913,0.446799971262403,0.8565217391304348,0.42068629762154675,0.4162665604416606,0.14782608695652175,0.5628571428571428,0.3919320072213041,0.3839017165011738,0.09714285714285714,0.02608695652173913,0.017142857142857144,0.34285714285714286,14.314285714285715,0.02608695652173913,0.0,0.038476208470658954,0.1319663491490371,4.208695652173913,0.0,0.0,0.15,0.0782608695652174,0,0.13997157081791037,0.2410796799188626,1.5308246787218898,0.7332588769476207,0.0,1.0,0.0,0.1,0.0,0.3666905957495313,0.05,0.08,0.02608695652173913,0.25,0.25
405,0.9829606128683617,0.4560862267637853,0.9515637025929654,0.4635318305218956,0.24869350175742913,0.44743907753830714,0.8478260869565217,0.42086021066502505,0.4163969952242693,0.14782608695652175,0.5571428571428572,0.3920462929355899,0.383987430786888,0.09714285714285714,0.013043478260869565,0.008571428571428572,0.34285714285714286,14.331428571428571,0.02608695652173913,0.0,0.038476208470658954,0.1319663491490371,4.208695652173913,0.0,0.0,0.15,0.0782608695652174,0,0.13972885582096367,0.25437612852684205,1.50877961371888,0.7222772862038263,0.0,0.6666666666666666,0.0,0.1,0.0,0.3666905957495313,0.05,0.08,0.013043478260869565,0.25,0.25
406,0.9843057557703773,0.45541852209552586,0.9524476536428613,0.46327068554510314,0.24869350175742913,0.44809203941908765,0.8391304347826087,0.42094716718676417,0.4164622126155737,0.14782608695652175,0.5514285714285714,0.3921034357927327,0.3840302879297452,0.09714285714285714,0.05217391304347826,0.03428571428571429,0.34285714285714286,14.354285714285714,0.02608695652173913,0.0,0.038476208470658954,0.1319663491490371,4.208695652173913,0.0,0.0,0.15,0.0782608695652174,0,0.1399412272026802,0.2531042478842078,1.512889735730217,0.7385691026454037,0.0,0.9166666666666666,0.0,0.1,0.0,0.3666905957495313,0.05,0.08,0.05217391304347826,0.25,0.25
407,0.9854469072100399,0.4556209816577592,0.9531975531603541,0.46299281689153554,0.24869350175742913,0.4486976161186159,0.8304347826086956,0.42094716718676417,0.4164622126155737,0.14782608695652175,0.5457142857142857,0.3921034357927327,0.3840302879297452,0.09714285714285714,0.030434782608695653,0.02,0.34285714285714286,14.365714285714287,0.02608695652173913,0.0,0.038476208470658954,0.1319663491490371,4.208695652173913,0.0,0.0,0.15,0.0782608695652174,0,0.1394406667773811,0.2518387266447868,1.5026319410156124,0.7237977205924956,0.0,1.0,0.0,0.1,0.0,0.3666905957495313,0.05,0.08,0.030434782608695653,0.25,0.25
408,0.9840993019149308,0.45486417655211203,0.9520904371652023,0.4627576187736201,0.24869350175742913,0.4492319831527246,0.851528384279476,0.42138352945834,0.41750616438750027,0.14847161572052403,0.5571428571428572,0.3921034357927327,0.3840302879297452,0.09714285714285714,0.021834061135371178,0.017142857142857144,0.3457142857142857,14.38,0.021834061135371178,0.002857142857142857,0.03848111275283434,0.13196634914903707,4.192139737991266,0.0,0.0,0.15,0.07860262008733625,0,0.1392180937698953,0.2505795330115629,1.4897221593381573,0.7093217661806457,0.0,1.0,0.0,0.1,0.0,0.3666905957495313,0.05,0.08,0.02608695652173913,0.25,0.25
409,0.9827935013781126,0.4545166961406933,0.9512360705282554,0.46230020628844193,0.24869350175742913,0.44962321460233545,0.7947598253275109,0.42138352945834,0.41750616438750027,0.14847161572052403,0.52,0.3921034357927327,0.3840302879297452,0.09714285714285714,0.043668122270742356,0.02857142857142857,0.3457142857142857,14.4,0.021834061135371178,0.0,0.03849912859979852,0.13196634914903707,4.192139737991266,0.0,0.0,0.15,0.07860262008733625,0,0.1390607396583136,0.24932663534650507,1.4884991447228229,0.6951353308570327,0.0,1.0,0.0,0.1,0.0,0.3666905957495313,0.05,0.08,0.043668122270742356,0.25,0.25
410,0.9846946776119168,0.4540375719024355,0.9524799829783732,0.46219993568065426,0.24869350175742913,0.449841030732132,0.8646288209606987,0.42147086570288145,0.4175716665709064,0.14847161572052403,0.5657142857142857,0.3921605786498756,0.3840731450726024,0.09714285714285714,0.034934497816593885,0.025714285714285714,0.3457142857142857,14.40857142857143,0.021834061135371178,0.0,0.03849912859979852,0.13196634914903707,4.192139737991266,0.0,0.0,0.15,0.07860262008733625,0,0.1389938645314506,0.27645621986198543,1.484443447542652,0.6817703088174876,0.0,0.8888888888888888,0.0,0.1,0.0,0.3666905957495313,0.05,0.08,0.034934497816593885,0.25,0.25
411,0.9830800917630764,0.45390573817722185,0.9514235825229889,0.46186852993786964,0.24869350175742913,0.45004727771248954,0.834061135371179,0.42147086570288145,0.4175716665709064,0.14847161572052403,0.5457142857142857,0.3921605786498756,0.3840731450726024,0.09714285714285714,0.026200873362445413,0.017142857142857144,0.3457142857142857,14.425714285714285,0.021834061135371178,0.0,0.03849912859979852,0.13196634914903707,4.192139737991266,0.0,0.0,0.15,0.07860262008733625,0,0.13877601474914508,0.2750739387626755,1.4718974357346561,0.6681349026411378,0.0,1.0,0.0,0.1,0.0,0.3666905957495313,0.05,0.08,0.026200873362445413,0.25,0.25
412,0.9810289366193604,0.45427026042890695,0.9500815410146718,0.4623924176043256,0.24869350175742913,0.4502638434609522,0.8253275109170306,0.42147086570288145,0.4175716665709064,0.14847161572052403,0.54,0.3921605786498756,0.3840731450726024,0.09714285714285714,0.056768558951965066,0.037142857142857144,0.3457142857142857,14.445714285714285,0.021834061135371178,0.0,0.03849912859979852,0.13196634914903707,4.192139737991266,0.0,0.0,0.15,0.07860262008733625,0,0.13850814890764926,0.2736985690688621,1.4796023441628203,0.654772204588315,0.0,1.0,0.0,0.1,0.0,0.3666905957495313,0.05,0.08,0.056768558951965066,0.25,0.25
413,0.9800841648670768,0.4541255773052356,0.949463390353892,0.4621801829876982,0.24869350175742913,0.45052721241096144,0.8384279475982532,0.42147086570288145,0.4175716665709064,0.14847161572052403,0.5485714285714286,0.3921605786498756,0.3840731450726024,0.09714285714285714,0.034934497816593885,0.022857142857142857,0.3457142857142857,14.454285714285714,0.021834061135371178,0.0,0.03849912859979852,0.13196634914903707,4.192139737991266,0.0,0.0,0.15,0.07860262008733625,0,0.13801518030596818,0.2723300762235178,1.4728674401367066,0.6416767604965488,0.0,1.0,0.0,0.1,0.0,0.3666905957495313,0.05,0.08,0.034934497816593885,0.25,0.25
414,0.9833556643646173,0.4548146007742257,0.9513240608491648,0.4625057883312289,0.24869350175742913,0.4507130016483435,0.8771929824561403,0.41915816984548127,0.41640550430424533,0.14473684210526316,0.5714285714285714,0.3921605786498756,0.3840731450726024,0.09714285714285714,0.013157894736842105,0.008571428571428572,0.3485714285714286,14.465714285714286,0.017543859649122806,0.002857142857142857,0.03857229619456487,0.1319663491490371,4.140350877192983,0.0,0.0,0.15,0.07894736842105263,0,0.13741067583300975,0.2709684258424002,1.451981519905401,0.6288432252866177,0.0,1.0,0.0,0.1,0.0,0.3666905957495313,0.05,0.08,0.013100436681222707,0.25,0.25
415,0.9836004050519401,0.4557085110486154,0.9513392016686796,0.4632836301556251,0.24869350175742913,0.45089269198732357,0.8810572687224669,0.42080422722144567,0.4166667650491804,0.14537444933920704,0.5714285714285714,0.3921605786498756,0.3840731450726024,0.09714285714285714,0.048458149779735685,0.03428571428571429,0.3514285714285714,14.477142857142857,0.013215859030837005,0.002857142857142857,0.038659429656891856,0.1319663491490371,4.061674008810573,0.0,0.0,0.15,0.07929515418502203,0,0.13731978311109463,0.2696135837131882,1.4572276037930074,0.6162663607808854,0.0,1.0,0.0,0.1,0.0,0.3666905957495313,0.05,0.08,0.05263157894736842,0.25,0.25
416,0.9837516010350672,0.4556215767855612,0.9511406270533468,0.46313063168688196,0.24869350175742913,0.45102183901493,0.9244444444444444,0.4225487753246966,0.416015478053078,0.14666666666666667,0.5942857142857143,0.39227486436416126,0.38415885935831656,0.09714285714285714,0.03111111111111111,0.025714285714285714,0.35714285714285715,14.491428571428571,0.0044444444444444444,0.005714285714285714,0.038741035616456275,0.13196634914903707,4.0,0.0,0.0,0.15,0.08,0,0.13726090133482485,0.26826551579462227,1.4537973374314326,0.6089830245292535,0.0,0.8888888888888888,0.0,0.1,0.0,0.3666905957495313,0.05,0.08,0.039647577092511016,0.25,0.25
417,0.9842895306091031,0.4541753690448857,0.95148643892237,0.461465567701343,0.24869350175742913,0.4511256150815438,0.8622222222222222,0.4225487753246966,0.416015478053078,0.14666666666666667,0.5542857142857143,0.39227486436416126,0.38415885935831656,0.09714285714285714,0.035555555555555556,0.022857142857142857,0.35714285714285715,14.5,0.0044444444444444444,0.0,0.038771014681959794,0.13196634914903707,4.0,0.0,0.0,0.15,0.08,0,0.13677431111386504,0.2669241882156491,1.447578533539947,0.5968033640386684,0.0,1.0,0.0,0.1,0.0,0.3666905957495313,0.05,0.08,0.035555555555555556,0.25,0.25
418,0.985321643923976,0.45358943647390154,0.9521499403390739,0.4609378941163459,0.24869350175742913,0.45116098427343343,0.8888888888888888,0.4225487753246966,0.416015478053078,0.14666666666666667,0.5714285714285714,0.39227486436416126,0.38415885935831656,0.09714285714285714,0.02666666666666667,0.017142857142857144,0.35714285714285715,14.508571428571429,0.0044444444444444444,0.0,0.038771014681959794,0.13196634914903707,4.0,0.0,0.0,0.15,0.08,0,0.13637430454045643,0.2655895672745709,1.435769820012005,0.5848672967578951,0.0,1.0,0.0,0.1,0.0,0.3666905957495313,0.05,0.08,0.02666666666666667,0.25,0.25
419,0.9848630236480378,0.4532821142460955,0.951855113018828,0.4607248411165542,0.24869350175742913,0.45129679682045043,0.8622222222222222,0.4225487753246966,0.416015478053078,0.14666666666666667,0.5542857142857143,0.39227486436416126,0.38415885935831656,0.09714285714285714,0.022222222222222223,0.014285714285714285,0.35714285714285715,14.517142857142858,0.0044444444444444444,0.0,0.038771014681959794,0.13196634914903707,4.0,0.0,0.0,0.15,0.08,0,0.13592000729989698,0.26426161943819804,1.4213401378974793,0.5731699508227371,0.0,1.0,0.0,0.1,0.0,0.3666905957495313,0.05,0.08,0.022222222222222223,0.25,0.25
420,0.9856125874819084,0.4524387062739681,0.9523369754834591,0.4597400042974098,0.24869350175742913,0.45142017672828577,0.8622222222222222,0.42272655310247437,0.4161488113864113,0.14666666666666667,0.5542857142857143,0.39238915007844705,0.3842445736440309,0.09714285714285714,0.035555555555555556,0.022857142857142857,0.35714285714285715,14.52,0.0044444444444444444,0.0,0.038771014681959794,0.13196634914903707,4.0,0.0,0.0,0.15,0.08,0,0.13626023966446354,0.26294031134100704,1.4157704779966727,0.5699616247144964,0.0,0.875,0.0,0.1,0.0,0.3666905957495313,0.05,0.08,0.035555555555555556,0.25,0.25
421,0.9838050616084458,0.4526392354140664,0.9511749945648046,0.45924562638888317,0.24869350175742913,0.4514622980026228,0.8444444444444444,0.42281544199136323,0.41621547805307796,0.14666666666666667,0.5428571428571428,0.39244629293558986,0.38428743078688804,0.09714285714285714,0.044444444444444446,0.02857142857142857,0.35714285714285715,14.528571428571428,0.0044444444444444444,0.0,0.038771014681959794,0.13196634914903707,4.0,0.0,0.0,0.15,0.08,0,0.13623579560899837,0.261625609784302,1.4160264970081675,0.5779197153997793,0.0,0.9,0.0,0.1,0.0,0.3666905957495313,0.05,0.08,0.044444444444444446,0.25,0.25
422,0.9854227456858972,0.45185692939770505,0.9522149343288805,0.4584992156300651,0.24869350175742913,0.4514597639248993,0.8222222222222222,0.42281544199136323,0.41621547805307796,0.14666666666666667,0.5285714285714286,0.39244629293558986,0.38428743078688804,0.09714285714285714,0.035555555555555556,0.022857142857142857,0.35714285714285715,14.537142857142857,0.0044444444444444444,0.0,0.038771014681959794,0.13196634914903707,4.0,0.0,0.0,0.15,0.08,0,0.13581147377381053,0.2603174817353805,1.4105631099251472,0.5663613210917836,0.0,1.0,0.0,0.1,0.0,0.3666905957495313,0.05,0.08,0.035555555555555556,0.25,0.25
423,0.9853033064326225,0.45168011344168474,0.9521381519517752,0.45839811777558354,0.24869350175742913,0.4514475971933899,0.8488888888888889,0.42281544199136323,0.41621547805307796,0.14666666666666667,0.5457142857142857,0.39244629293558986,0.38428743078688804,0.09714285714285714,0.03111111111111111,0.02,0.35714285714285715,14.54,0.0044444444444444444,0.0,0.038771014681959794,0.13196634914903707,4.0,0.0,0.0,0.15,0.08,0,0.1354713132987961,0.2590158943267036,1.4023518477266443,0.5550340946699479,0.0,1.0,0.0,0.1,0.0,0.3666905957495313,0.05,0.08,0.03111111111111111,0.25,0.25
424,0.9846516158034864,0.4519170681508797,0.9517192079759021,0.4584758368478625,0.24869350175742913,0.45139812874159346,0.7955555555555556,0.42281544199136323,0.41621547805307796,0.14666666666666667,0.5114285714285715,0.39244629293558986,0.38428743078688804,0.09714285714285714,0.04888888888888889,0.03142857142857143,0.35714285714285715,14.548571428571428,0.0044444444444444444,0.0,0.038771014681959794,0.13196634914903707,4.0,0.0,0.0,0.15,0.08,0,0.13524854239312348,0.2577208148550701,1.4057333822006826,0.5439334127765489,0.0,1.0,0.0,0.1,0.0,0.3666905957495313,0.05,0.08,0.04888888888888889,0.25,0.25
425,0.98520092446474,0.4500637269845505,0.9520723349724222,0.45737933840584283,0.24869350175742913,0.4512629730132953,0.8177777777777778,0.42281544199136323,0.41621547805307796,0.14666666666666667,0.5257142857142857,0.39244629293558986,0.38428743078688804,0.09714285714285714,0.02666666666666667,0.017142857142857144,0.35714285714285715,14.557142857142857,0.0044444444444444444,0.0,0.038771014681959794,0.13196634914903707,4.0,0.0,0.0,0.15,0.08,0,0.13465801396687213,0.2564322107807947,1.3947615716995259,0.533054744521018,0.0,1.0,0.0,0.1,0.0,0.3666905957495313,0.05,0.08,0.02666666666666667,0.25,0.25
426,0.9833787543789791,0.4499947504907236,0.9509009399172903,0.4573491102989474,0.24869350175742913,0.45107750082275827,0.8444444444444444,0.42281544199136323,0.41621547805307796,0.14666666666666667,0.5428571428571428,0.39244629293558986,0.38428743078688804,0.09714285714285714,0.03111111111111111,0.022857142857142857,0.35714285714285715,14.56857142857143,0.008888888888888889,0.0,0.038771014681959794,0.13196634914903707,4.0,0.0,0.0,0.15,0.08,0,0.13446801745062706,0.2551500497268907,1.3897234831226781,0.5223936496305975,0.0,1.0,0.0,0.1,0.0,0.3666905957495313,0.05,0.08,0.03111111111111111,0.25,0.25
427,0.9823793196024624,0.44953980559641055,0.9502584461323866,0.45773850095440544,0.24869350175742913,0.4507922924417831,0.8577777777777778,0.42281544199136323,0.41621547805307796,0.14666666666666667,0.5514285714285714,0.39244629293558986,0.38428743078688804,0.09714285714285714,0.03111111111111111,0.02,0.35714285714285715,14.574285714285715,0.008888888888888889,0.0,0.038771014681959794,0.13196634914903707,4.0,0.0,0.0,0.15,0.08,0,0.13399553450623106,0.25387429947825624,1.381929013460225,0.5119457766379856,0.0,1.0,0.0,0.1,0.0,0.3666905957495313,0.05,0.08,0.03111111111111111,0.25,0.25
428,0.981271776428407,0.45020857935483555,0.9495464540919225,0.4581764240546225,0.24869350175742913,0.4503931520166693,0.8488888888888889,0.42290433088025214,0.4162821447197446,0.14666666666666667,0.5457142857142857,0.3925034357927327,0.38433028792974516,0.09714285714285714,0.04888888888888889,0.03142857142857143,0.35714285714285715,14.585714285714285,0.013333333333333334,0.0,0.038771014681959794,0.13196634914903707,4.0,0.0,0.0,0.15,0.08,0,0.1340674168301285,0.2557785437589725,1.3857190046195917,0.5171091630269595,0.0,0.9090909090909091,0.0,0.1,0.0,0.3666905957495313,0.05,0.08,0.04888888888888889,0.25,0.25
429,0.9816915983590033,0.4499043545544202,0.9498163396187345,0.4577328398252306,0.24869350175742913,0.4499466382105926,0.8355555555555556,0.42290433088025214,0.4162821447197446,0.14666666666666667,0.5371428571428571,0.3925034357927327,0.38433028792974516,0.09714285714285714,0.035555555555555556,0.022857142857142857,0.35714285714285715,14.597142857142858,0.013333333333333334,0.0,0.038771014681959794,0.13196634914903707,4.0,0.0,0.0,0.15,0.08,0,0.13362479688526355,0.25449965104017763,1.3808617673843426,0.5067669797664204,0.0,1.0,0.0,0.1,0.0,0.3666905957495313,0.05,0.08,0.035555555555555556,0.25,0.25
430,0.9797369689899424,0.4493550381962559,0.9485597921671953,0.4574328014949632,0.24869350175742913,0.4495359162265058,0.8355555555555556,0.4230821086580299,0.416415478053078,0.14666666666666667,0.5371428571428571,0.3926177215070184,0.3844160022154595,0.09714285714285714,0.05333333333333334,0.03428571428571429,0.35714285714285715,14.605714285714285,0.013333333333333334,0.0,0.038771014681959794,0.13196634914903707,4.0,0.0,0.0,0.15,0.08,0,0.1337836764686944,0.2532271527849767,1.38753024632237,0.5064385266717703,0.0,0.9166666666666666,0.0,0.1,0.0,0.3666905957495313,0.05,0.08,0.05333333333333334,0.25,0.25
431,0.9791752399728314,0.45033898497158464,0.9481986806561953,0.4586121291039619,0.24869350175742913,0.4490042104761314,0.8488888888888889,0.4230821086580299,0.416415478053078,0.14666666666666667,0.5457142857142857,0.3926177215070184,0.3844160022154595,0.09714285714285714,0.04,0.025714285714285714,0.35714285714285715,14.614285714285714,0.013333333333333334,0.0,0.038771014681959794,0.13196634914903707,4.0,0.0,0.0,0.15,0.08,0,0.13337133022920805,0.25196101702105184,1.3854939271102082,0.4963097561383348,0.0,1.0,0.0,0.1,0.0,0.3666905957495313,0.05,0.08,0.04,0.25,0.25
432,0.9794423843608644,0.4497259481425499,0.9483704163342165,0.4580515590437665,0.24869350175742913,0.4485861683421375,0.88,0.4230821086580299,0.416415478053078,0.14666666666666667,0.5657142857142857,0.3926177215070184,0.3844160022154595,0.09714285714285714,0.02666666666666667,0.017142857142857144,0.35714285714285715,14.62,0.013333333333333334,0.0,0.038771014681959794,0.13196634914903707,4.0,0.0,0.0,0.15,0.08,0,0.1327901878637763,0.2507012119359466,1.3749269057108615,0.48638356101556807,0.0,1.0,0.0,0.1,0.0,0.3666905957495313,0.05,0.08,0.02666666666666667,0.25,0.25
433,0.9796042714280145,0.44832264317206655,0.9484744865916701,0.4570010060079724,0.24869350175742913,0.4481683959717993,0.8666666666666667,0.42334877532469656,0.4166154780530779,0.14666666666666667,0.5571428571428572,0.392789150078447,0.38454457364403094,0.09714285714285714,0.02666666666666667,0.017142857142857144,0.35714285714285715,14.625714285714286,0.013333333333333334,0.0,0.038771014681959794,0.13196634914903707,4.0,0.0,0.0,0.15,0.08,0,0.1331539540637431,0.24944770587626688,1.364571224739501,0.49061569562215224,0.0,0.6666666666666666,0.0,0.1,0.0,0.3666905957495313,0.05,0.08,0.02666666666666667,0.25,0.25
434,0.9795536952411839,0.44686584931642465,0.9484419733287075,0.4563432509040904,0.24869350175742913,0.4478045701201998,0.8533333333333334,0.42334877532469656,0.4166154780530779,0.14666666666666667,0.5485714285714286,0.392789150078447,0.38454457364403094,0.09714285714285714,0.03111111111111111,0.02,0.35714285714285715,14.637142857142857,0.013333333333333334,0.0,0.038771014681959794,0.13196634914903707,4.0,0.0,0.0,0.15,0.08,0,0.1328010450041387,0.24820046734688556,1.357279800244711,0.48080338170970915,0.0,1.0,0.0,0.1,0.0,0.3666905957495313,0.05,0.08,0.03111111111111111,0.25,0.25
435,0.9774668710101496,0.4471260564338365,0.9471004434658998,0.4567977368092372,0.24869350175742913,0.44728030945828556,0.7955555555555556,0.42334877532469656,0.4166154780530779,0.14666666666666667,0.5114285714285715,0.392789150078447,0.38454457364403094,0.09714285714285714,0.02666666666666667,0.017142857142857144,0.35714285714285715,14.648571428571428,0.013333333333333334,0.0,0.038771014681959794,0.13196634914903707,4.0,0.0,0.0,0.15,0.08,0,0.1322513254934037,0.24695946501015112,1.3472770613826741,0.47118731407551495,0.0,1.0,0.0,0.1,0.0,0.3666905957495313,0.05,0.08,0.02666666666666667,0.25,0.25
436,0.9782581042690582,0.44691946643803115,0.9473727909225457,0.45660027780994905,0.24869350175742913,0.446824279055274,0.8660714285714286,0.4245654109354198,0.4165814604499683,0.14732142857142858,0.5542857142857143,0.39284629293558987,0.3845874307868881,0.09714285714285714,0.026785714285714284,0.02,0.36,14.657142857142857,0.008928571428571428,0.002857142857142857,0.038793211986911665,0.1319663491490371,3.9732142857142856,0.0,0.0,0.15,0.08035714285714286,0,0.13227365452675807,0.2542973659786074,1.3403315201550206,0.4617635677940047,0.0,0.8571428571428571,0.0,0.1,0.0,0.3666905957495313,0.05,0.08,0.03111111111111111,0.25,0.25
437,0.9799297359899549,0.44639976875926485,0.9484426352239198,0.45649777816641013,0.24869350175742913,0.4463297829039252,0.8705357142857143,0.4245654109354198,0.4165814604499683,0.14732142857142858,0.5571428571428572,0.39284629293558987,0.3845874307868881,0.09714285714285714,0.008928571428571428,0.005714285714285714,0.36,14.668571428571429,0.008928571428571428,0.0,0.03880850450961807,0.1319663491490371,3.9732142857142856,0.0,0.0,0.15,0.08035714285714286,0,0.1316694291112671,0.2530258791487143,1.319239175466206,0.4525282964381246,0.0,1.0,0.0,0.1,0.0,0.3666905957495313,0.05,0.08,0.008928571428571428,0.25,0.25
438,0.9807675120322449,0.4462347061824545,0.9489788118909853,0.45643686020460483,0.24869350175742913,0.4458278428409962,0.8705357142857143,0.4245654109354198,0.4165814604499683,0.14732142857142858,0.5571428571428572,0.39284629293558987,0.3845874307868881,0.09714285714285714,0.013392857142857142,0.008571428571428572,0.36,14.668571428571429,0.008928571428571428,0.0,0.03880850450961807,0.1319663491490371,3.9732142857142856,0.0,0.0,0.15,0.08035714285714286,0,0.13123808909072862,0.2517607497529708,1.3014258205283102,0.44347773050936207,0.0,1.0,0.0,0.1,0.0,0.3666905957495313,0.05,0.08,0.013392857142857142,0.25,0.25
439,0.9807497135932816,0.44533617258034425,0.9486707295591883,0.45611613862317313,0.24869350175742913,0.445447643872232,0.8609865470852018,0.4255034054318095,0.41745502017042174,0.14798206278026907,0.5485714285714286,0.39284629293558987,0.3845874307868881,0.09714285714285714,0.026905829596412557,0.02,0.3628571428571429,14.668571428571429,0.004484304932735426,0.002857142857142857,0.038822698504164796,0.1319663491490371,3.9641255605381165,0.0,0.0,0.15,0.08071748878923767,0,0.13106208837843317,0.25050194600420594,1.295397304117744,0.43460817589917483,0.0,1.0,0.0,0.1,0.0,0.3666905957495313,0.05,0.08,0.03125,0.25,0.25
440,0.9814794745309448,0.4460340557655418,0.9491356915280422,0.4561641552709336,0.24869350175742913,0.4450436379400765,0.8654708520179372,0.4255034054318095,0.41745502017042174,0.14798206278026907,0.5514285714285714,0.39284629293558987,0.3845874307868881,0.09714285714285714,0.02242152466367713,0.014285714285714285,0.3628571428571429,14.67142857142857,0.004484304932735426,0.0,0.038829340190854184,0.1319663491490371,3.9641255605381165,0.0,0.0,0.15,0.08071748878923767,0,0.13088584461380143,0.2492494362741849,1.2837750723211032,0.4259160123811913,0.0,1.0,0.0,0.1,0.0,0.3666905957495313,0.05,0.08,0.02242152466367713,0.25,0.25
441,0.983900236351312,0.44709066043660495,0.9506780626307333,0.456376906144413,0.24869350175742913,0.44471531746937326,0.8968609865470852,0.42568277762911894,0.4175895493184038,0.14798206278026907,0.5714285714285714,0.3929605786498756,0.3846731450726023,0.09714285714285714,0.013452914798206279,0.008571428571428572,0.3628571428571429,14.677142857142858,0.004484304932735426,0.0,0.038829340190854184,0.1319663491490371,3.9641255605381165,0.0,0.0,0.15,0.08071748878923767,0,0.1307171296764467,0.27510060318590646,1.26667099944611,0.4393806263332563,0.0,0.6666666666666666,0.0,0.1,0.0,0.3666905957495313,0.05,0.08,0.013452914798206279,0.25,0.25
442,0.9816636341984871,0.4475985174016797,0.9492530275447907,0.4570503799371896,0.24869350175742913,0.44442196563754666,0.8609865470852018,0.4258621498264284,0.4177240784663859,0.15246636771300448,0.5485714285714286,0.39307486436416134,0.38475885935831666,0.1,0.02242152466367713,0.014285714285714285,0.3628571428571429,14.682857142857143,0.004484304932735426,0.0,0.038829340190854184,0.1319663491490371,3.9641255605381165,0.0,0.0,0.15,0.08071748878923767,0,0.13077654617092158,0.2737251001699769,1.2556232937429022,0.4376777966798338,0.0,0.8,0.0,0.1,0.0,0.3666905957495313,0.05,0.08,0.02242152466367713,0.25,0.25
443,0.9838242144513809,0.44799076429976536,0.9506296258202058,0.45790430689151734,0.24869350175742913,0.44452827931881034,0.8430493273542601,0.4258621498264284,0.4177240784663859,0.15246636771300448,0.5371428571428571,0.39307486436416134,0.38475885935831666,0.1,0.02242152466367713,0.014285714285714285,0.3628571428571429,14.691428571428572,0.004484304932735426,0.0,0.038829340190854184,0.1319663491490371,3.9641255605381165,0.0,0.0,0.15,0.08071748878923767,0,0.13026509272578127,0.27235647466912705,1.2447965421537583,0.4289242407462371,0.0,1.0,0.0,0.1,0.0,0.3666905957495313,0.05,0.08,0.02242152466367713,0.25,0.25
444,0.9842636028375327,0.4477153170711536,0.9509095789919537,0.4576308113189828,0.24869350175742913,0.44441640864092463,0.8161434977578476,0.4258621498264284,0.4177240784663859,0.15246636771300448,0.52,0.39307486436416134,0.38475885935831666,0.1,0.02242152466367713,0.014285714285714285,0.3628571428571429,14.694285714285714,0.004484304932735426,0.0,0.038829340190854184,0.1319663491490371,3.9641255605381165,0.0,0.0,0.15,0.08071748878923767,0,0.12978462511929523,0.27099469229578144,1.2341863255963974,0.42034575593131235,0.0,1.0,0.0,0.1,0.0,0.3666905957495313,0.05,0.08,0.02242152466367713,0.25,0.25
445,0.98338757448578,0.4472114250176419,0.9503514237849799,0.45720518069604754,0.24869350175742913,0.4442441613440322,0.8968609865470852,0.425951835925083,0.4177913430403769,0.15246636771300448,0.5714285714285714,0.39313200722130415,0.3848017165011738,0.1,0.026905829596412557,0.017142857142857144,0.3628571428571429,14.697142857142858,0.004484304932735426,0.0,0.038829340190854184,0.1319663491490371,3.9641255605381165,0.0,0.0,0.15,0.08071748878923767,0,0.12973541627941304,0.2696397188343025,1.2266454562273268,0.4299269332505975,0.0,0.8333333333333334,0.0,0.1,0.0,0.3666905957495313,0.05,0.08,0.026905829596412557,0.25,0.25
446,0.9828524221982302,0.44613536497228773,0.9497410239655161,0.45629954445038745,0.24869350175742913,0.4441657844493362,0.8873873873873874,0.4264761787959809,0.41762296347660743,0.15315315315315314,0.5628571428571428,0.39313200722130415,0.3848017165011738,0.1,0.02252252252252252,0.017142857142857144,0.3657142857142857,14.705714285714286,0.0,0.002857142857142857,0.03883654388605044,0.1319663491490371,3.963963963963964,0.0,0.0,0.15,0.08108108108108109,0,0.12934175343026588,0.26829152024013103,1.219255404245637,0.4213283945855855,0.0,1.0,0.0,0.1,0.0,0.3666905957495313,0.05,0.08,0.026905829596412557,0.25,0.25
447,0.9836451914067345,0.4463420570254855,0.950243866149196,0.45677853121341183,0.24869350175742913,0.44390539398164747,0.8918918918918919,0.4264761787959809,0.41762296347660743,0.15315315315315314,0.5657142857142857,0.39313200722130415,0.3848017165011738,0.1,0.013513513513513514,0.008571428571428572,0.3657142857142857,14.711428571428572,0.0,0.0,0.03883654388605044,0.1319663491490371,3.963963963963964,0.0,0.0,0.15,0.08108108108108109,0,0.1291154477784663,0.26695006263893034,1.203441724732153,0.4129018266938738,0.0,1.0,0.0,0.1,0.0,0.3666905957495313,0.05,0.08,0.013513513513513514,0.25,0.25
448,0.9851749010610753,0.44716203248501113,0.9512141391299493,0.4575436055873597,0.24869350175742913,0.4436896689631088,0.8558558558558559,0.42665635897616105,0.4177580986117426,0.15315315315315314,0.5428571428571428,0.3932462929355898,0.3848874307868881,0.1,0.02252252252252252,0.014285714285714285,0.3657142857142857,14.711428571428572,0.0,0.0,0.03883654388605044,0.1319663491490371,3.963963963963964,0.0,0.0,0.15,0.08108108108108109,0,0.12906958482528827,0.26561531232573576,1.193658604523224,0.49417395566130373,0.0,0.8,0.0,0.1,0.0,0.3666905957495313,0.05,0.08,0.02252252252252252,0.25,0.25
449,0.9854635355037258,0.44723548788405887,0.9513972158335732,0.45754119821802663,0.24869350175742913,0.4435158447794528,0.8243243243243243,0.42665635897616105,0.4177580986117426,0.15315315315315314,0.5228571428571429,0.3932462929355898,0.3848874307868881,0.1,0.018018018018018018,0.014285714285714285,0.3657142857142857,14.717142857142857,0.0,0.0,0.03883654388605044,0.1319663491490371,3.963963963963964,0.0,0.0,0.15,0.08108108108108109,0,0.12867840463367905,0.26428723576410706,1.184071146718474,0.48429047654807766,0.0,1.0,0.0,0.1,0.0,0.3666905957495313,0.05,0.08,0.018018018018018018,0.25,0.25
