t,mean_x,mean_y,mean_x_all,mean_y_all,mean_L,y0,mean_epc,mean_r,mean_b,fund_prevalence,mean_epc_all,mean_r_all,mean_b_all,fund_prevalence_all,punish_rate,mean_punished,exit_rate,mean_exit_intent,exit_attempt_rate,exit_success_rate,p_opp_mean,stay_value,mean_degree_active,threat,A,budget,enforcer_frac,n_cadre_fallback,cap_mean,cap_p90,service_mean,service_p90,monopoly_on,enforcer_punish_share_step,alpha_punish_revalue,delta_outside_degrade,mu_membership_reward,current_delta,eta_delta_drift,punish_floor,punish_intensity_step,pi_reward,lam_punish
0,0.34286512188196766,0.5016855391492695,0.34286512188196766,0.5016855391492695,0.26040296497001675,0.5,0.0,0.3236653427463646,0.33374013127775004,0.008571428571428572,0.0,0.3236653427463646,0.33374013127775004,0.008571428571428572,0.0,0.0,0.0,0.0,0.0,0.0,0.5,0.0,11.794285714285714,0.0,0.0,0.0,0.0,0,0.0,0.0,0.0,0.0,0.0,0.0,0.0,0.1,0.0,0.1,0.3,0.08,0.0,0.5,0.25
1,0.35092051799879265,0.5024117718350033,0.35092051799879265,0.5024117718350033,0.26040296497001675,0.501208215688591,0.6085714285714285,0.32457962846065036,0.3344258455634643,0.008571428571428572,0.6085714285714285,0.32457962846065036,0.3344258455634643,0.008571428571428572,0.022857142857142857,0.022857142857142857,0.0,0.02857142857142857,0.0,0.0,0.031183701878309215,0.13196634914903713,11.794285714285714,0.0,0.0,0.15,0.08,28,0.0034285714285714284,0.0,0.022857142857142857,0.0,0.0,1.0,0.0,0.1,0.0,0.1,0.3,0.08,0.022857142857142857,0.5,0.25
2,0.3589157373537584,0.5025450085684083,0.3589157373537584,0.5025450085684083,0.26040296497001675,0.5024617200829252,0.8885714285714286,0.3250367713177932,0.3347687027063215,0.008571428571428572,0.8885714285714286,0.3250367713177932,0.3347687027063215,0.008571428571428572,0.011428571428571429,0.011428571428571429,0.0,0.025714285714285714,0.0,0.0,0.031183701878309215,0.13196634914903713,11.794285714285714,0.0,0.0,0.15,0.08,25,0.0051257142857142855,0.0,0.03382857142857143,0.0,0.0,1.0,0.0,0.1,0.0,0.1,0.3,0.08,0.011428571428571429,0.5,0.25
3,0.36918573876309624,0.5028356796409709,0.36918573876309624,0.5028356796409709,0.26040296497001675,0.5040567387934937,0.92,0.32595105703207894,0.3354544169920357,0.008571428571428572,0.92,0.32595105703207894,0.3354544169920357,0.008571428571428572,0.025714285714285714,0.025714285714285714,0.0,0.011428571428571429,0.0,0.0,0.031183701878309215,0.13196634914903713,11.794285714285714,0.0,0.0,0.15,0.08,24,0.00895722857142857,0.0,0.05886628571428572,0.0,0.0,1.0,0.0,0.1,0.0,0.1,0.3,0.08,0.025714285714285714,0.5,0.25
4,0.37944630758754727,0.5022975097707472,0.37944630758754727,0.5022975097707472,0.26040296497001675,0.5053845277228463,0.9285714285714286,0.3267684935928813,0.3362258455634643,0.008571428571428572,0.9285714285714286,0.3267684935928813,0.3362258455634643,0.008571428571428572,0.02857142857142857,0.02857142857142857,0.0,0.025714285714285714,0.0,0.0,0.031183701878309215,0.13196634914903713,11.794285714285714,0.0,0.0,0.15,0.08,23,0.013198156714285713,0.0,0.08626038857142856,0.0,0.0,0.9,0.0,0.1,0.0,0.1,0.3,0.08,0.02857142857142857,0.5,0.25
5,0.38953525775052933,0.5019815788039812,0.38953525775052933,0.5019815788039812,0.26040296497001675,0.5067371971619794,0.9285714285714286,0.326882779307167,0.33639727413489284,0.008571428571428572,0.9285714285714286,0.326882779307167,0.33639727413489284,0.008571428571428572,0.005714285714285714,0.005714285714285714,0.0,0.02,0.0,0.0,0.031183701878309215,0.13196634914903713,11.794285714285714,0.0,0.0,0.15,0.08,22,0.013989308787857141,0.0,0.0902494665142857,0.0,0.0,1.0,0.0,0.1,0.0,0.1,0.3,0.08,0.005714285714285714,0.5,0.25
6,0.40069369457589465,0.5019389994779897,0.40069369457589465,0.5019389994779897,0.26040296497001675,0.5084262197385954,0.9114285714285715,0.3271113507357385,0.33665441699203574,0.011428571428571429,0.9114285714285715,0.3271113507357385,0.33665441699203574,0.011428571428571429,0.008571428571428572,0.008571428571428572,0.0,0.008571428571428572,0.0,0.0,0.031183701878309215,0.13196634914903713,11.794285714285714,0.0,0.0,0.15,0.08,22,0.015205076529632142,0.0,0.09701590575542857,0.0,0.0,1.0,0.0,0.1,0.0,0.1,0.3,0.08,0.008571428571428572,0.5,0.25
7,0.4092119431012763,0.5010372859479116,0.4092119431012763,0.5010372859479116,0.26040296497001675,0.5096866236477161,0.9371428571428572,0.32791135073573846,0.33725441699203573,0.014285714285714285,0.9371428571428572,0.32791135073573846,0.33725441699203573,0.014285714285714285,0.022857142857142857,0.022857142857142857,0.0,0.025714285714285714,0.0,0.0,0.031183701878309215,0.13196634914903713,11.794285714285714,0.0,0.0,0.15,0.08,22,0.018557622575555408,0.0,0.11793273049746286,0.0,0.0,0.875,0.0,0.1,0.0,0.1,0.3,0.08,0.022857142857142857,0.5,0.25
8,0.41842732739633,0.501368579904733,0.41842732739633,0.501368579904733,0.26040296497001675,0.5103654421022288,0.9285714285714286,0.32876849359288135,0.3379986484448249,0.017142857142857144,0.9285714285714286,0.32876849359288135,0.3379986484448249,0.017142857142857144,0.02857142857142857,0.03142857142857143,0.0,0.02857142857142857,0.0,0.0,0.031183701878309215,0.13196634914903713,11.794285714285714,0.0,0.0,0.15,0.08,21,0.023179120176963344,0.0,0.147002647316085,0.0,0.0,1.0,0.0,0.1,0.0,0.1,0.3,0.08,0.02857142857142857,0.5,0.25
9,0.42721397960591606,0.5014391626314486,0.42721397960591606,0.5014391626314486,0.26040296497001675,0.509276098570792,0.9085714285714286,0.32979706502145273,0.3387700770162535,0.017142857142857144,0.9085714285714286,0.32979706502145273,0.3387700770162535,0.017142857142857144,0.025714285714285714,0.025714285714285714,0.0,0.011428571428571429,0.0,0.0,0.031183701878309215,0.13196634914903713,11.794285714285714,0.0,0.0,0.15,0.08,19,0.026920367433221383,0.0,0.169776880084049,0.0,0.0,1.0,0.0,0.1,0.0,0.1,0.3,0.08,0.025714285714285714,0.5,0.25
10,0.43635170982940313,0.5012691232326268,0.43635170982940313,0.5012691232326268,0.26040296497001675,0.5082815777670426,0.9428571428571428,0.3302542078785956,0.33911293415911065,0.017142857142857144,0.9428571428571428,0.3302542078785956,0.33911293415911065,0.017142857142857144,0.017142857142857144,0.017142857142857144,0.0,0.008571428571428572,0.0,0.0,0.031183701878309215,0.13196634914903713,11.794285714285714,0.0,0.0,0.15,0.08,15,0.02935719416748385,0.0,0.1835241996252252,0.0,0.0,1.0,0.0,0.1,0.0,0.1,0.3,0.08,0.017142857142857144,0.5,0.25
11,0.44519990218332145,0.5014937753136889,0.44519990218332145,0.5014937753136889,0.26040296497001675,0.507504265582657,0.94,0.33128277930716704,0.3398843627305392,0.017142857142857144,0.94,0.33128277930716704,0.3398843627305392,0.017142857142857144,0.03142857142857143,0.03142857142857143,0.0,0.008571428571428572,0.0,0.0,0.031183701878309215,0.13196634914903713,11.794285714285714,0.0,0.0,0.15,0.08,13,0.03336437753123047,0.0,0.21128228706129212,0.0,0.0,1.0,0.0,0.1,0.0,0.1,0.3,0.08,0.03142857142857143,0.5,0.25
12,0.4563748343285281,0.5037390306981531,0.4563748343285281,0.5037390306981531,0.26040296497001675,0.5068430795195155,0.8857142857142857,0.33188799611856756,0.3403986484448249,0.02,0.8857142857142857,0.33188799611856756,0.3403986484448249,0.02,0.022857142857142857,0.022857142857142857,0.0,0.022857142857142857,0.0,0.0,0.031183701878309215,0.13196634914903713,11.794285714285714,0.0,0.0,0.15,0.08,12,0.036226127072145745,0.0,0.2299137841772091,0.0,0.0,1.0,0.0,0.1,0.0,0.1,0.3,0.08,0.022857142857142857,0.5,0.25
13,0.46723021611234766,0.5039780409640415,0.46723021611234766,0.5039780409640415,0.26040296497001675,0.5067949808615331,0.8857142857142857,0.3326308532614247,0.34095579130196774,0.022857142857142857,0.8857142857142857,0.3326308532614247,0.34095579130196774,0.022857142857142857,0.02,0.022857142857142857,0.0,0.022857142857142857,0.0,0.0,0.031183701878309215,0.13196634914903713,11.794285714285714,0.0,0.0,0.15,0.08,11,0.03907356786535645,0.0,0.24817265135080777,0.0,0.0,1.0,0.0,0.1,0.0,0.1,0.3,0.08,0.02,0.5,0.25
14,0.4745587695630994,0.5032550503181645,0.4745587695630994,0.5032550503181645,0.26040296497001675,0.507537889857626,0.9057142857142857,0.3333570056688466,0.3416843627305392,0.022857142857142857,0.9057142857142857,0.3333570056688466,0.3416843627305392,0.022857142857142857,0.025714285714285714,0.025714285714285714,0.0,0.017142857142857144,0.0,0.0,0.031183701878309215,0.13196634914903713,11.794285714285714,0.0,0.0,0.15,0.08,10,0.042735342883172524,0.0,0.26892348403807737,0.0,0.0,1.0,0.0,0.1,0.0,0.1,0.3,0.08,0.025714285714285714,0.5,0.25
15,0.48324387405240177,0.5039494417753186,0.48324387405240177,0.5039494417753186,0.26040296497001675,0.5081536213355934,0.9142857142857143,0.33438557709741795,0.34271293415911064,0.022857142857142857,0.9142857142857143,0.33438557709741795,0.34271293415911064,0.022857142857142857,0.037142857142857144,0.037142857142857144,0.0,0.014285714285714285,0.0,0.0,0.031183701878309215,0.13196634914903713,11.794285714285714,0.0,0.0,0.15,0.08,10,0.047508365157322104,0.0,0.3006878715001729,0.0,0.0,0.9230769230769231,0.0,0.1,0.0,0.1,0.3,0.08,0.037142857142857144,0.5,0.25
16,0.49440996669138426,0.5040616307641576,0.49440996669138426,0.5040616307641576,0.26040296497001675,0.5088683859884693,0.9057142857142857,0.33504848531745574,0.3434513347150424,0.022857142857142857,0.9057142857142857,0.33504848531745574,0.3434513347150424,0.022857142857142857,0.03142857142857143,0.03142857142857143,0.0,0.005714285714285714,0.0,0.0,0.031183701878309215,0.13196634914903713,11.794285714285714,0.0,0.0,0.15,0.08,10,0.051241824045821206,0.0,0.3261026854987409,0.0,0.0,0.9090909090909091,0.0,0.1,0.0,0.1,0.3,0.08,0.03142857142857143,0.5,0.25
17,0.5045603814518304,0.5043910869413645,0.5045603814518304,0.5043910869413645,0.26040296497001675,0.5094586070417377,0.8771428571428571,0.3355056281745985,0.34387990614361386,0.022857142857142857,0.8771428571428571,0.3355056281745985,0.34387990614361386,0.022857142857142857,0.02,0.022857142857142857,0.0,0.011428571428571429,0.0,0.0,0.031183701878309215,0.13196634914903713,11.794285714285714,0.0,0.0,0.15,0.08,8,0.054014186354163524,0.0,0.3424377746459089,0.0,0.0,1.0,0.0,0.1,0.0,0.1,0.3,0.08,0.02,0.5,0.25
18,0.5133025260207819,0.5049878060019849,0.5133025260207819,0.5049878060019849,0.26040296497001675,0.5098581020204104,0.9057142857142857,0.33619134246031285,0.344303115888306,0.022857142857142857,0.9057142857142857,0.33619134246031285,0.344303115888306,0.022857142857142857,0.03142857142857143,0.03142857142857143,0.0,0.017142857142857144,0.0,0.0,0.031183701878309215,0.13196634914903713,11.794285714285714,0.0,0.0,0.15,0.08,7,0.05741536009378202,0.0,0.36701759058156214,0.0,0.0,1.0,0.0,0.1,0.0,0.1,0.3,0.08,0.03142857142857143,0.5,0.25
19,0.5206365983261294,0.5049320915193953,0.5206365983261294,0.5049320915193953,0.26040296497001675,0.5098650166035088,0.8914285714285715,0.33746320118716006,0.34541740160259166,0.025714285714285714,0.8914285714285715,0.33746320118716006,0.34541740160259166,0.025714285714285714,0.05714285714285714,0.06,0.0,0.017142857142857144,0.0,0.0,0.031183701878309215,0.13196634914903713,11.794285714285714,0.0,0.0,0.15,0.08,7,0.06329928400759882,0.0,0.4196772387699309,0.0,0.0,1.0,0.0,0.1,0.0,0.1,0.3,0.08,0.05714285714285714,0.5,0.25
20,0.5313221547098376,0.5054722159734909,0.5313221547098376,0.5054722159734909,0.26040296497001675,0.5097719477528849,0.9142857142857143,0.338107833352924,0.34610311588830595,0.025714285714285714,0.9142857142857143,0.338107833352924,0.34610311588830595,0.025714285714285714,0.04,0.04,0.0,0.03428571428571429,0.0,0.0,0.031183701878309215,0.13196634914903713,11.794285714285714,0.0,0.0,0.15,0.08,7,0.06580993756972155,0.0,0.4512836939945323,0.0,0.0,0.9285714285714286,0.0,0.1,0.0,0.1,0.3,0.08,0.04,0.5,0.25
21,0.5389665893106121,0.5046806362481636,0.5389665893106121,0.5046806362481636,0.26040296497001675,0.5095906383383303,0.9285714285714286,0.33856497621006687,0.34670311588830593,0.025714285714285714,0.9285714285714286,0.33856497621006687,0.34670311588830593,0.025714285714285714,0.02,0.022857142857142857,0.0,0.025714285714285714,0.0,0.0,0.031183701878309215,0.13196634914903713,11.794285714285714,0.0,0.0,0.15,0.08,7,0.06839138459096711,0.0,0.46511516297178446,0.0,0.0,1.0,0.0,0.1,0.0,0.1,0.3,0.08,0.02,0.5,0.25
22,0.5473423256107839,0.5048949177466686,0.5473423256107839,0.5048949177466686,0.26040296497001675,0.5094367224462716,0.9028571428571428,0.3394229675390301,0.34773168731687737,0.02857142857142857,0.9028571428571428,0.3394229675390301,0.34773168731687737,0.02857142857142857,0.045714285714285714,0.04857142857142857,0.0,0.022857142857142857,0.0,0.0,0.031183701878309215,0.13196634914903713,11.794285714285714,0.0,0.0,0.15,0.08,7,0.07244969622299073,0.0,0.5043842882837775,0.0,0.0,1.0,0.0,0.1,0.0,0.1,0.3,0.08,0.045714285714285714,0.5,0.25
23,0.5575321743353688,0.5047252928733106,0.5575321743353688,0.5047252928733106,0.26040296497001675,0.5085371281891483,0.8942857142857142,0.3401658246818872,0.3484602587454488,0.03142857142857143,0.8942857142857142,0.3401658246818872,0.3484602587454488,0.03142857142857143,0.04,0.04,0.0,0.03428571428571429,0.0,0.0,0.031183701878309215,0.13196634914903713,11.794285714285714,0.0,0.0,0.15,0.08,7,0.07525844845616149,0.0,0.5342966025181017,0.0,0.0,1.0,0.0,0.1,0.0,0.1,0.3,0.08,0.04,0.5,0.25
24,0.5671124745836379,0.5048250894768858,0.5671124745836379,0.5048250894768858,0.26040296497001675,0.5076662785949398,0.9,0.341080110396173,0.3496174016025917,0.03428571428571429,0.9,0.341080110396173,0.3496174016025917,0.03428571428571429,0.045714285714285714,0.045714285714285714,0.0,0.022857142857142857,0.0,0.0,0.031183701878309215,0.13196634914903713,11.794285714285714,0.0,0.0,0.15,0.08,7,0.07939544478173782,0.0,0.5693249561820254,0.0,0.0,1.0,0.0,0.1,0.0,0.1,0.3,0.08,0.045714285714285714,0.5,0.25
25,0.5767231843846037,0.5035040428017505,0.5767231843846037,0.5035040428017505,0.26040296497001675,0.5071022272600548,0.92,0.3419372532533158,0.350645786743354,0.037142857142857144,0.92,0.3419372532533158,0.350645786743354,0.037142857142857144,0.05142857142857143,0.05142857142857143,0.0,0.037142857142857144,0.0,0.0,0.031183701878309215,0.13196634914903713,11.794285714285714,0.0,0.0,0.15,0.08,6,0.08339194494704893,0.0,0.6093670284869563,0.0,0.0,0.9444444444444444,0.0,0.1,0.0,0.1,0.3,0.08,0.05142857142857143,0.5,0.25
26,0.5864632115506039,0.5045057507877393,0.5864632115506039,0.5045057507877393,0.26040296497001675,0.5064798014007595,0.9342857142857143,0.3426229675390301,0.3513592311267663,0.037142857142857144,0.9342857142857143,0.3426229675390301,0.3513592311267663,0.037142857142857144,0.02857142857142857,0.02857142857142857,0.0,0.045714285714285714,0.0,0.0,0.031183701878309215,0.13196634914903713,11.794285714285714,0.0,0.0,0.15,0.08,6,0.08566055665088512,0.0,0.6257511164886458,0.0,0.0,0.7,0.0,0.1,0.0,0.1,0.3,0.08,0.02857142857142857,0.5,0.25
27,0.5968939498565765,0.5040949351294034,0.5968939498565765,0.5040949351294034,0.26040296497001675,0.5059168767119372,0.9342857142857143,0.34290868182474443,0.3520020882696235,0.037142857142857144,0.9342857142857143,0.34290868182474443,0.3520020882696235,0.037142857142857144,0.04285714285714286,0.04285714285714286,0.0,0.04,0.0,0.0,0.031183701878309215,0.13196634914903713,11.794285714285714,0.0,0.0,0.15,0.08,6,0.0868596838676307,0.0,0.6560932370160157,0.0,0.0,0.8666666666666667,0.0,0.1,0.0,0.1,0.3,0.08,0.04285714285714286,0.5,0.25
28,0.6069659198083344,0.5036494937704331,0.6069659198083344,0.5036494937704331,0.26040296497001675,0.5054410924556951,0.9,0.34382296753903013,0.35285923112676637,0.04,0.9,0.34382296753903013,0.35285923112676637,0.04,0.04,0.04285714285714286,0.0,0.045714285714285714,0.0,0.0,0.031183701878309215,0.13196634914903713,11.794285714285714,0.0,0.0,0.15,0.08,6,0.09011052901972111,0.0,0.6858285151328383,0.0,0.0,1.0,0.0,0.1,0.0,0.1,0.3,0.08,0.04,0.5,0.25
29,0.6176696319871811,0.5039769131399429,0.6176696319871811,0.5039769131399429,0.26040296497001675,0.5056539448794712,0.9257142857142857,0.34468111259320866,0.3537163739839092,0.04,0.9257142857142857,0.34468111259320866,0.3537163739839092,0.04,0.04,0.04,0.0,0.04857142857142857,0.0,0.0,0.031183701878309215,0.13196634914903713,11.794285714285714,0.0,0.0,0.15,0.08,6,0.09363126208890822,0.0,0.7121119448301815,0.0,0.0,1.0,0.0,0.1,0.0,0.1,0.3,0.08,0.04,0.5,0.25
30,0.6272636029220745,0.5030720011421692,0.6272636029220745,0.5030720011421692,0.26040296497001675,0.5060375296142187,0.9314285714285714,0.34548111259320863,0.3545735168410521,0.04,0.9314285714285714,0.34548111259320863,0.3545735168410521,0.04,0.04,0.04285714285714286,0.0,0.06,0.0,0.0,0.031183701878309215,0.13196634914903713,11.794285714285714,0.0,0.0,0.15,0.08,6,0.09665370344927465,0.0,0.7407268487907207,0.0,0.0,1.0,0.0,0.1,0.0,0.1,0.3,0.08,0.04,0.5,0.25
31,0.6365063467275831,0.5023212805420836,0.6365063467275831,0.5023212805420836,0.26040296497001675,0.5061176118190154,0.8828571428571429,0.3461668268789229,0.3553439226760926,0.04,0.8828571428571429,0.3461668268789229,0.3553439226760926,0.04,0.054285714285714284,0.05714285714285714,0.0,0.07142857142857142,0.0,0.0,0.031183701878309215,0.13196634914903713,11.794285714285714,0.0,0.0,0.15,0.08,4,0.09927218483109922,0.0,0.7830551689577633,0.0,0.0,0.95,0.0,0.1,0.0,0.1,0.3,0.08,0.054285714285714284,0.5,0.25
32,0.6450259502548157,0.5025995494286545,0.6450259502548157,0.5025995494286545,0.26040296497001675,0.5059404204648357,0.8885714285714286,0.3475981408195814,0.35654392267609253,0.04285714285714286,0.8885714285714286,0.3475981408195814,0.35654392267609253,0.04285714285714286,0.06857142857142857,0.07142857142857142,0.0,0.06857142857142857,0.0,0.0,0.031183701878309215,0.13196634914903713,11.794285714285714,0.0,0.0,0.15,0.08,3,0.10508925533194372,0.13712760663701554,0.8388226370071795,0.6965539743893944,0.0,0.88,0.0,0.1,0.0,0.1,0.3,0.08,0.06857142857142857,0.5,0.25
33,0.6544849195665924,0.5026194750102079,0.6544849195665924,0.5026194750102079,0.26040296497001675,0.5059700143552892,0.9171428571428571,0.3481124265338671,0.3571439226760925,0.04285714285714286,0.9171428571428571,0.3481124265338671,0.3571439226760925,0.04285714285714286,0.04285714285714286,0.045714285714285714,0.0,0.08857142857142856,0.0,0.0,0.031183701878309215,0.13196634914903713,11.794285714285714,0.0,0.0,0.15,0.08,3,0.10656352334099828,0.13644196860383045,0.8677604699813217,0.6826228949016064,0.0,1.0,0.0,0.1,0.0,0.1,0.3,0.08,0.04285714285714286,0.5,0.25
34,0.6624810580495682,0.5026217653879483,0.6624810580495682,0.5026217653879483,0.26040296497001675,0.5061414584777753,0.9057142857142857,0.34925528367672426,0.3582582083903783,0.04857142857142857,0.9057142857142857,0.34925528367672426,0.3582582083903783,0.04857142857142857,0.05714285714285714,0.05714285714285714,0.0,0.11142857142857143,0.0,0.0,0.031183701878309215,0.13196634914903713,11.794285714285714,0.0,0.0,0.15,0.08,2,0.10898806737967728,0.13575975876081128,0.9075481177245522,0.6689704370035743,0.0,1.0,0.0,0.1,0.0,0.1,0.3,0.08,0.05714285714285714,0.5,0.25
35,0.6722608916020576,0.5027661888687195,0.6722608916020576,0.5027661888687195,0.26040296497001675,0.5063318921243388,0.9085714285714286,0.35033766136903693,0.3593296369618068,0.04857142857142857,0.9085714285714286,0.35033766136903693,0.3593296369618068,0.04857142857142857,0.045714285714285714,0.04857142857142857,0.0,0.10857142857142857,0.0,0.0,0.031183701878309215,0.13196634914903713,11.794285714285714,0.0,0.0,0.15,0.08,1,0.11266727288625018,0.13948846274746088,0.9379685839414899,0.7464194730696198,0.0,0.8823529411764706,0.0,0.1,0.0,0.1,0.3,0.08,0.045714285714285714,0.5,0.25
36,0.6810169344431096,0.5022727942353455,0.6810169344431096,0.5022727942353455,0.26040296497001675,0.5064837615313306,0.9028571428571428,0.3511215085682033,0.3603689119334495,0.04857142857142857,0.9028571428571428,0.3511215085682033,0.3603689119334495,0.04857142857142857,0.06571428571428571,0.07142857142857142,0.0,0.13714285714285715,0.0,0.0,0.031183701878309215,0.13196634914903713,11.794285714285714,0.0,0.0,0.15,0.08,0,0.11552937188680235,0.14310211012225427,0.9906377836912316,0.8276023421987944,0.0,0.92,0.0,0.1,0.0,0.1,0.3,0.08,0.06571428571428571,0.5,0.25
37,0.6905837015189447,0.5021171089951183,0.6905837015189447,0.5021171089951183,0.26040296497001675,0.50675594633147,0.9057142857142857,0.3521500799967747,0.36126891193344945,0.05142857142857143,0.9057142857142857,0.3521500799967747,0.36126891193344945,0.05142857142857143,0.04857142857142857,0.05714285714285714,0.0,0.1657142857142857,0.0,0.0,0.031183701878309215,0.13196634914903713,11.794285714285714,0.0,0.0,0.15,0.08,0,0.1190944393130826,0.142386599571643,1.0279678851602643,0.8110502953548185,0.0,1.0,0.0,0.1,0.0,0.1,0.3,0.08,0.04857142857142857,0.5,0.25
38,0.6979329340169681,0.5021625017086981,0.6979329340169681,0.5021625017086981,0.26040296497001675,0.5068065035042065,0.9114285714285715,0.3528249723374138,0.3621689119334495,0.054285714285714284,0.9114285714285715,0.3528249723374138,0.3621689119334495,0.054285714285714284,0.05142857142857143,0.06,0.0,0.15714285714285714,0.0,0.0,0.031183701878309215,0.13196634914903713,11.794285714285714,0.0,0.0,0.15,0.08,0,0.12189825354508863,0.14555587640343984,1.0674085274570584,0.8858423808639998,0.0,0.9523809523809523,0.0,0.1,0.0,0.1,0.3,0.08,0.05142857142857143,0.5,0.25
39,0.7072311981996396,0.5023315210911274,0.7072311981996396,0.5023315210911274,0.26040296497001675,0.5064974772631554,0.8857142857142857,0.3534535437659852,0.36298436833519165,0.054285714285714284,0.8857142857142857,0.3534535437659852,0.36298436833519165,0.054285714285714284,0.06,0.06571428571428571,0.0,0.19142857142857142,0.0,0.0,0.031183701878309215,0.13196634914903713,11.794285714285714,0.0,0.0,0.15,0.08,0,0.12420247727736321,0.14482809702142263,1.1117746426222033,0.8681255332467198,0.0,1.0,0.0,0.1,0.0,0.1,0.3,0.08,0.06,0.5,0.25
40,0.7157124225427375,0.5011192919244962,0.7157124225427375,0.5011192919244962,0.26040296497001675,0.506343640325743,0.8971428571428571,0.354063718818268,0.3636272254780488,0.054285714285714284,0.8971428571428571,0.354063718818268,0.3636272254780488,0.054285714285714284,0.05714285714285714,0.06285714285714286,0.0,0.20857142857142857,0.0,0.0,0.031183701878309215,0.13196634914903713,11.794285714285714,0.0,0.0,0.15,0.08,0,0.1266694847582701,0.14432229217951215,1.1523962926269018,0.856078800003608,0.0,0.9090909090909091,0.0,0.1,0.0,0.1,0.3,0.08,0.05714285714285714,0.5,0.25
41,0.7237221848005905,0.5022084618967291,0.7237221848005905,0.5022084618967291,0.26040296497001675,0.5060623263991674,0.8742857142857143,0.35506933951529407,0.3649185917016165,0.06,0.8742857142857143,0.35506933951529407,0.3649185917016165,0.06,0.08571428571428572,0.09142857142857143,0.0,0.23714285714285716,0.0,0.0,0.01982529422138825,0.13196634914903713,11.794285714285714,0.0,0.0,0.15,0.08,0,0.13068982022685374,0.14562902005992398,1.2207769382029352,0.8876502224576002,0.0,0.96875,0.0,0.1,0.0,0.37,0.3,0.08,0.08571428571428572,0.5,0.25
42,0.7298224813593506,0.5019760741353981,0.7298224813593506,0.5019760741353981,0.26040296497001675,0.5054810498557134,0.8771428571428571,0.35535505380100835,0.36521859170161647,0.06,0.8771428571428571,0.35535505380100835,0.36521859170161647,0.06,0.05142857142857143,0.05142857142857143,0.0,0.2542857142857143,0.002857142857142857,0.0,0.01982529422138825,0.13196634914903713,11.794285714285714,0.0,0.0,0.15,0.08,0,0.1308353739792909,0.14555587640343984,1.247789970867448,0.8858423808639998,0.0,0.9444444444444444,0.0,0.1,0.0,0.37,0.3,0.08,0.05142857142857143,0.5,0.25
43,0.7367681542935065,0.5029293716832964,0.7367681542935065,0.5029293716832964,0.26040296497001675,0.5049423721353751,0.8714285714285714,0.3567264823724369,0.36639055430634193,0.06,0.8714285714285714,0.3567264823724369,0.36639055430634193,0.06,0.07428571428571429,0.08,0.0,0.2885714285714286,0.005714285714285714,0.0,0.01982529422138825,0.13196634914903713,11.794285714285714,0.0,0.0,0.15,0.08,0,0.1348947685379659,0.14497401861610854,1.3028341714500988,0.8717050596020486,0.0,0.9642857142857143,0.0,0.1,0.0,0.37,0.3,0.08,0.07428571428571429,0.5,0.25
44,0.7435931907499834,0.5024858033213541,0.7435931907499834,0.5024858033213541,0.26040296497001675,0.50449389178836,0.8714285714285714,0.3574121966581512,0.36691320626934393,0.06,0.8714285714285714,0.3574121966581512,0.36691320626934393,0.06,0.08,0.08571428571428572,0.0,0.31142857142857144,0.005714285714285714,0.0,0.013057055619251964,0.13196634914903713,11.794285714285714,0.0,0.0,0.15,0.08,0,0.13684800969527605,0.14570253127247088,1.3624917737353828,0.8894949587776007,0.0,0.9666666666666667,0.0,0.1,0.0,0.5589999999999999,0.3,0.08,0.08,0.5,0.25
45,0.751639511273518,0.5041109993828724,0.751639511273518,0.5041109993828724,0.26040296497001675,0.5041962085014391,0.9085714285714286,0.35815505380100837,0.36759892055505816,0.06,0.9085714285714286,0.35815505380100837,0.36759892055505816,0.06,0.06285714285714286,0.07428571428571429,0.0,0.3514285714285714,0.005714285714285714,0.0,0.013057055619251964,0.13196634914903713,11.794285714285714,0.0,0.0,0.15,0.08,0,0.1389097387291494,0.14628731296828124,1.4095276525463896,0.9039207967999998,0.0,0.9615384615384616,0.0,0.1,0.0,0.5589999999999999,0.3,0.08,0.06285714285714286,0.5,0.25
46,0.7585770812746234,0.5045333660653553,0.7585770812746234,0.5045333660653553,0.26040296497001675,0.504203466657743,0.8114285714285714,0.35941219665815116,0.36845606341220105,0.06,0.8114285714285714,0.35941219665815116,0.36845606341220105,0.06,0.08571428571428572,0.1,0.0,0.3914285714285714,0.008571428571428572,0.0,0.008786882691873358,0.13196634914903713,11.794285714285714,0.0,0.0,0.15,0.08,0,0.14275548430337867,0.14562902005992398,1.4813370994954618,0.8876502224576002,0.0,0.9714285714285714,0.0,0.1,0.0,0.6912999999999999,0.3,0.08,0.08571428571428572,0.5,0.25
47,0.7658209096306616,0.5046751802663699,0.7658209096306616,0.5046751802663699,0.26040296497001675,0.5042389623868785,0.8657142857142858,0.3604589728953804,0.36918463484077246,0.06285714285714286,0.8657142857142858,0.3604589728953804,0.36918463484077246,0.06285714285714286,0.08,0.09142857142857143,0.0,0.44571428571428573,0.011428571428571429,0.0,0.005993244774094014,0.13196634914903713,11.794285714285714,0.0,0.0,0.15,0.08,0,0.14517211744197056,0.14490087495962437,1.5431389289341235,0.8698972180084482,0.0,1.0,0.0,0.1,0.0,0.7839099999999999,0.3,0.08,0.08,0.5,0.25
48,0.7718630665539682,0.5046553262545406,0.7718630665539682,0.5046553262545406,0.26040296497001675,0.5041427668236133,0.86,0.3609504105959504,0.36958311959747486,0.06285714285714286,0.86,0.3609504105959504,0.36958311959747486,0.06285714285714286,0.08571428571428572,0.08571428571428572,0.0,0.4742857142857143,0.017142857142857144,0.0,0.004123027425087982,0.13196634914903713,11.794285714285714,0.0,0.0,0.15,0.08,0,0.14633040327976066,0.14417637058482624,1.597990436069727,0.8524992736482793,0.0,1.0,0.0,0.1,0.0,0.848737,0.3,0.08,0.08571428571428572,0.5,0.25
49,0.778688406705361,0.5052961929338257,0.778688406705361,0.5052961929338257,0.26040296497001675,0.5042181745184248,0.86,0.3623491566172547,0.37078311959747484,0.06571428571428571,0.86,0.3623491566172547,0.37078311959747484,0.06571428571428571,0.11142857142857143,0.12571428571428572,0.0,0.5371428571428571,0.02,0.0,0.002852347983811025,0.13196634914903713,11.794285714285714,0.0,0.0,0.15,0.08,0,0.1503628763520816,0.14345548873190211,1.691744913062618,0.8354492881753136,0.0,1.0,0.0,0.1,0.0,0.8941159,0.3,0.08,0.11142857142857143,0.5,0.25
50,0.7871859740394367,0.5043943039385501,0.7871859740394367,0.5043943039385501,0.26040296497001675,0.5043039756705431,0.8171428571428572,0.3635125110196454,0.3719133185789791,0.06857142857142857,0.8171428571428572,0.3635125110196454,0.3719133185789791,0.06857142857142857,0.10571428571428572,0.12571428571428572,0.0,0.5942857142857143,0.02,0.0,0.001980636522583691,0.13196634914903713,11.794285714285714,0.0,0.0,0.15,0.08,0,0.15332449125603548,0.1427382112882426,1.7836243005156514,0.8187403024118074,0.0,1.0,0.0,0.1,0.0,0.9258811299999999,0.3,0.08,0.10571428571428572,0.5,0.25
51,0.7935820309145053,0.5037799535335521,0.7932393960038767,0.5038383934382092,0.26040296497001675,0.5044789134552132,0.8137535816618912,0.3643388753583932,0.37176607974989906,0.06876790830945559,0.8114285714285714,0.36364606369051977,0.37204189000755045,0.06857142857142857,0.07736389684813753,0.08857142857142856,0.002857142857142857,0.6314285714285715,0.022922636103151862,0.002857142857142857,0.001981628818565089,0.1319663491490371,11.736389684813753,0.0,0.0,0.15,0.08022922636103152,0,0.1530148687997553,0.14202452023180137,1.836523243076767,0.8023654963635712,0.0,1.0,0.0,0.1,0.0,0.9258811299999999,0.3,0.08,0.07714285714285714,0.5,0.25
52,0.7998074696453118,0.5036901798448833,0.7994470477668809,0.5037295069947332,0.26040296497001675,0.5046835177112741,0.8653295128939829,0.3646827148999405,0.3722818390622199,0.06876790830945559,0.8628571428571429,0.36398892083337697,0.3725561757218362,0.06857142857142857,0.0659025787965616,0.06857142857142857,0.002857142857142857,0.68,0.025787965616045846,0.0,0.0019830241407464513,0.1319663491490371,11.736389684813753,0.0,0.0,0.15,0.08022922636103152,0,0.1541062230271851,0.14202452023180137,1.8683642067866602,0.8023654963635712,0.0,0.9583333333333334,0.0,0.1,0.0,0.9258811299999999,0.3,0.08,0.0659025787965616,0.5,0.25
53,0.8037684143813054,0.5038769173726484,0.8033966755179147,0.5039710313766141,0.26040296497001675,0.5048286060629583,0.8595988538681948,0.3657142335245823,0.3734908681359364,0.07163323782234957,0.8571428571428571,0.3650174922619484,0.3737617504267705,0.07142857142857142,0.08882521489971347,0.09714285714285714,0.002857142857142857,0.7171428571428572,0.02865329512893983,0.0,0.0013804225354763174,0.1319663491490371,11.736389684813753,0.0,0.0,0.15,0.08022922636103152,0,0.15627581219411138,0.14202452023180137,1.9281397797937838,0.8023654963635712,0.0,0.9705882352941176,0.0,0.1,0.0,0.9481167909999999,0.3,0.08,0.08882521489971347,0.5,0.25
54,0.8116206589413709,0.5035018713982111,0.8112264850935227,0.5036050108110468,0.26040296497001675,0.5049371074304063,0.828080229226361,0.3668516126177238,0.37465132658865846,0.07163323782234957,0.8257142857142857,0.366151621700538,0.3749188932839134,0.07142857142857142,0.1174785100286533,0.14,0.002857142857142857,0.7742857142857142,0.034383954154727794,0.0,0.000962586951387988,0.1319663491490371,11.736389684813753,0.0,0.0,0.15,0.08022922636103152,0,0.1588468227312339,0.14131439763064235,2.029576984197908,0.7863181864362998,0.0,1.0,0.0,0.1,0.0,0.9636817537,0.3,0.08,0.1174785100286533,0.5,0.25
55,0.8182779714985635,0.5029291423002112,0.8178647767576948,0.5030415154225673,0.26040296497001675,0.5050095238701673,0.8137535816618912,0.36720675046443263,0.3749743610381166,0.07163323782234957,0.8114285714285714,0.3665057448676849,0.37524100477780165,0.07142857142857142,0.08022922636103152,0.09142857142857143,0.002857142857142857,0.8028571428571428,0.034383954154727794,0.0,0.000672014371311525,0.1319663491490371,11.736389684813753,0.0,0.0,0.15,0.08022922636103152,0,0.15905187504614918,0.14131439763064235,2.0804140159425217,0.7863181864362998,0.0,0.96875,0.0,0.1,0.0,0.97457722759,0.3,0.08,0.08022922636103152,0.5,0.25
56,0.8257349367425797,0.5028274262759697,0.8253004363867282,0.5029282389167299,0.26040296497001675,0.5049889576612736,0.836676217765043,0.3674359768254642,0.3754959545179178,0.07163323782234957,0.8342857142857143,0.36673431629625625,0.37576110799051776,0.07142857142857142,0.08595988538681948,0.11142857142857143,0.002857142857142857,0.8457142857142858,0.034383954154727794,0.0,0.0004695368654195173,0.1319663491490371,11.736389684813753,0.0,0.0,0.15,0.08022922636103152,0,0.15971304424234697,0.14060782564248914,2.1502343070522425,0.7705918227075738,0.0,1.0,0.0,0.1,0.0,0.982204059313,0.3,0.08,0.08595988538681948,0.5,0.25
57,0.8315584221081312,0.501726619955814,0.8311072832226638,0.5018082059417577,0.26040296497001675,0.5048373060547292,0.8223495702005731,0.36783712295726934,0.3761406536583189,0.07163323782234957,0.82,0.36713431629625626,0.3764039651333749,0.07142857142857142,0.10315186246418338,0.12857142857142856,0.002857142857142857,0.9142857142857143,0.03724928366762178,0.0,0.0003282503581486105,0.1319663491490371,11.736389684813753,0.0,0.0,0.15,0.08022922636103152,0,0.16048490830684956,0.13990478651427668,2.2358010494826264,0.7551799862534223,0.0,1.0,0.0,0.1,0.0,0.9875428415191,0.3,0.08,0.10315186246418338,0.5,0.25
58,0.8384789896286933,0.50139070937011,0.838008077693167,0.5015200127330732,0.26040296497001675,0.5046404272632514,0.833810888252149,0.3681809624988166,0.37690357706785327,0.07163323782234957,0.8314285714285714,0.3674771734391134,0.3771647087617391,0.07142857142857142,0.11461318051575932,0.13428571428571429,0.002857142857142857,0.9942857142857143,0.04011461318051576,0.0,0.0002295676073868728,0.1319663491490371,11.736389684813753,0.0,0.0,0.15,0.08022922636103152,0,0.16150806588676173,0.13990478651427668,2.325370742778688,0.7551799862534223,0.0,0.9574468085106383,0.0,0.1,0.0,0.99127998906337,0.3,0.08,0.11461318051575932,0.5,0.25
59,0.844136436905865,0.5014300779881538,0.8436493608352612,0.5015400293466384,0.26040296497001675,0.5045771413824965,0.8510028653295129,0.3684674954501061,0.3774489181732535,0.07163323782234957,0.8485714285714285,0.3677628877248277,0.3777084917496954,0.07142857142857142,0.12320916905444126,0.13714285714285715,0.002857142857142857,1.042857142857143,0.04297994269340974,0.0,0.00016059586249985453,0.1319663491490371,11.736389684813753,0.0,0.0,0.15,0.08022922636103152,0,0.1622432398430422,0.14096629324091586,2.4160061850659713,0.7789327036587677,0.0,0.9583333333333334,0.0,0.1,0.0,0.993895992344359,0.3,0.08,0.12320916905444126,0.5,0.25
60,0.8488939980013956,0.5008609029128812,0.8483933288990902,0.5009374015756572,0.26040296497001675,0.5046640238361587,0.828080229226361,0.368925948172169,0.37800765742826786,0.07163323782234957,0.8257142857142857,0.3682200305819705,0.3782656346068383,0.07142857142857142,0.11461318051575932,0.12571428571428572,0.002857142857142857,1.1257142857142857,0.04297994269340974,0.0,0.0001123674837718668,0.1319663491490371,11.736389684813753,0.0,0.0,0.15,0.08022922636103152,0,0.1641463093581127,0.1465835816714532,2.4934003470789374,0.9115287171200016,0.0,0.9318181818181818,0.0,0.1,0.0,0.9957271946410513,0.3,0.08,0.11461318051575932,0.5,0.25
61,0.8542765031873053,0.5009843766124362,0.8537604554987543,0.5010842237847858,0.26040296497001675,0.5049498117293544,0.8452722063037249,0.36900216482720527,0.37826409094129615,0.07163323782234957,0.8428571428571429,0.3682960294751351,0.3785213354526865,0.07142857142857142,0.10028653295128939,0.11428571428571428,0.002857142857142857,1.16,0.045845272206303724,0.0,7.863295798523608e-05,0.1319663491490371,11.736389684813753,0.0,0.0,0.15,0.08022922636103152,0,0.16403900709703642,0.1458506637630959,2.557818054423073,0.8932981427776016,0.0,1.0,0.0,0.1,0.0,0.9970090362487359,0.3,0.08,0.10028653295128939,0.5,0.25
62,0.8611226350162411,0.501665779751255,0.8605870269510362,0.5017566043883187,0.26040296497001675,0.5051015059682488,0.8108882521489972,0.36968984391029974,0.37893305293605223,0.07449856733524356,0.8085714285714286,0.3689817437608494,0.3791883861274575,0.07428571428571429,0.10028653295128939,0.11428571428571428,0.002857142857142857,1.2228571428571429,0.04871060171919771,0.0,5.5031184423027795e-05,0.1319663491490371,11.736389684813753,0.0,0.0,0.15,0.08022922636103152,0,0.1654153396904816,0.14512141044428042,2.6209474076203256,0.8754321799220495,0.0,1.0,0.0,0.1,0.0,0.9979063253741152,0.3,0.08,0.10028653295128939,0.5,0.25
63,0.8652307469618271,0.5022284177470161,0.8646834014339206,0.502265341389428,0.26040296497001675,0.5052835861012132,0.8080229226361032,0.3702056032226207,0.3793198724202929,0.07736389684813753,0.8057142857142857,0.3694960294751351,0.37957410041317174,0.07714285714285714,0.11174785100286533,0.14,0.002857142857142857,1.3085714285714285,0.045845272206303724,0.0,3.85160087664474e-05,0.1319663491490371,11.736389684813753,0.0,0.0,0.15,0.08022922636103152,0,0.166425639344626,0.14776123124999999,2.708528459467919,0.9411919999999999,0.0,0.9591836734693877,0.0,0.1,0.0,0.9985344277618806,0.3,0.08,0.11174785100286533,0.5,0.25
64,0.8720788144305257,0.5026018141817077,0.8715119029955658,0.5026575534546428,0.26040296497001675,0.5053045804327401,0.8452722063037249,0.37037752299339427,0.3794488122483732,0.07736389684813753,0.8428571428571429,0.36966745804656365,0.3797026718417432,0.07714285714285714,0.09169054441260745,0.10285714285714286,0.002857142857142857,1.3571428571428572,0.04871060171919771,0.0,2.695835550930958e-05,0.1319663491490371,11.736389684813753,0.0,0.0,0.15,0.08022922636103152,0,0.16665036829076005,0.14702242509375,2.7572150331357035,0.9223681599999999,0.0,0.9722222222222222,0.0,0.1,0.0,0.9989740994333164,0.3,0.08,0.09169054441260745,0.5,0.25
65,0.8754884165850955,0.5026543199559984,0.8749117634296938,0.5027295067742268,0.26040296497001675,0.5052698777826313,0.7936962750716332,0.3704921361739101,0.37953477213375997,0.07736389684813753,0.7914285714285715,0.36978174376084944,0.3797883861274574,0.07714285714285714,0.1174785100286533,0.13428571428571429,0.002857142857142857,1.4228571428571428,0.04871060171919771,0.0,1.8869452506716456e-05,0.1319663491490371,11.736389684813753,0.0,0.0,0.15,0.08022922636103152,0,0.16701611716359197,0.14628731296828124,2.836356446758704,0.9039207967999998,0.0,1.0,0.0,0.1,0.0,0.9992818696033214,0.3,0.08,0.1174785100286533,0.5,0.25
66,0.8800067795491884,0.5038525448845597,0.8794172167853178,0.5039456304222084,0.26040296497001675,0.5052605042967352,0.833810888252149,0.37089328230571517,0.3798356317326138,0.07736389684813753,0.8314285714285714,0.3701817437608494,0.3800883861274575,0.07714285714285714,0.10315186246418338,0.11714285714285715,0.002857142857142857,1.4857142857142858,0.04871060171919771,0.0,1.320793270019606e-05,0.1319663491490371,11.736389684813753,0.0,0.0,0.15,0.08022922636103152,0,0.167808751577774,0.1457764118880959,2.8967721749663866,0.8913773427776011,0.0,0.975609756097561,0.0,0.1,0.0,0.999497308722325,0.3,0.08,0.10315186246418338,0.5,0.25
67,0.8843812065999352,0.503058072334503,0.8837791454730626,0.5031299865280554,0.26040296497001675,0.5052879143484249,0.8051575931232091,0.37089328230571517,0.3798356317326138,0.07736389684813753,0.8028571428571428,0.3701817437608494,0.3800883861274575,0.07714285714285714,0.08595988538681948,0.09428571428571429,0.002857142857142857,1.5514285714285714,0.054441260744985676,0.0,9.245217757235895e-06,0.1319663491490371,11.736389684813753,0.0,0.0,0.15,0.08022922636103152,0,0.16756899424845653,0.1450475298286554,2.9331224457527734,0.8735497959220491,0.0,1.0,0.0,0.1,0.0,0.9996481161056275,0.3,0.08,0.08595988538681948,0.5,0.25
68,0.8894239396434245,0.5022928791165412,0.888807470707856,0.5023488538739203,0.26040296497001675,0.5052396019940866,0.8194842406876791,0.37118644714108473,0.38009351138877423,0.07736389684813753,0.8171428571428572,0.3704740709824036,0.38034552898460033,0.07714285714285714,0.09455587392550144,0.09714285714285714,0.002857142857142857,1.6114285714285714,0.06017191977077364,0.0,6.4714882333980155e-06,0.1319663491490371,11.736389684813753,0.0,0.0,0.15,0.08022922636103152,0,0.16752986427721428,0.14432229217951215,2.9716028539805746,0.856078800003608,0.0,1.0,0.0,0.1,0.0,0.9997536812739393,0.3,0.08,0.09455587392550144,0.5,0.25
69,0.8915854956493425,0.5017378235125257,0.8909628508394717,0.5018110558845787,0.26040296497001675,0.50522703830218,0.8252148997134671,0.37170972320313367,0.3806092707010951,0.08022922636103152,0.8228571428571428,0.3709958519699895,0.3808598146988861,0.08,0.11174785100286533,0.12285714285714286,0.002857142857142857,1.6942857142857144,0.06017191977077364,0.0,4.5299613133404645e-06,0.1319663491490371,11.736389684813753,0.0,0.0,0.15,0.08022922636103152,0,0.1690915013843996,0.14562902005992398,3.035027939758107,0.8876502224576002,0.0,0.9534883720930233,0.0,0.1,0.0,0.9998275768917575,0.3,0.08,0.11174785100286533,0.5,0.25
70,0.8955859916977907,0.5018264685153735,0.8949519168992099,0.501833762313813,0.26040296497001675,0.505310243825936,0.7936962750716332,0.37170972320313367,0.38095311024264245,0.08022922636103152,0.7914285714285715,0.3709958519699895,0.3812026718417431,0.08,0.10601719197707736,0.12857142857142856,0.002857142857142857,1.7742857142857142,0.06017191977077364,0.0,3.1709335009893993e-06,0.1319663491490371,11.736389684813753,0.0,0.0,0.15,0.08022922636103152,0,0.16898804459176334,0.14490087495962437,3.1028988095343726,0.8698972180084482,0.0,1.0,0.0,0.1,0.0,0.9998793038242303,0.3,0.08,0.10601719197707736,0.5,0.25
71,0.89928676174196,0.5014017683923584,0.8986421133146817,0.5014249465468138,0.26040296497001675,0.5054251298851739,0.828080229226361,0.3718243363836495,0.3812109898988029,0.08022922636103152,0.8257142857142857,0.37111013768427525,0.38145981469888607,0.08,0.08595988538681948,0.1,0.002857142857142857,1.8657142857142857,0.06017191977077364,0.0,2.2196341364464377e-06,0.1319663491490371,11.736389684813753,0.0,0.0,0.15,0.08022922636103152,0,0.16919868292239382,0.14417637058482624,3.140840833343685,0.8524992736482793,0.0,1.0,0.0,0.1,0.0,0.9999155126769612,0.3,0.08,0.08595988538681948,0.5,0.25
72,0.9004478615417347,0.5008793758629916,0.8997998956864569,0.5008717765115547,0.26040296497001675,0.5055993921804609,0.8022922636103151,0.3718816429739073,0.38142588961227003,0.08022922636103152,0.8,0.3711672805414181,0.3816741004131718,0.08,0.10315186246418338,0.11714285714285715,0.002857142857142857,1.9485714285714286,0.06017191977077364,0.0,1.5537344317874142e-06,0.1319663491490371,11.736389684813753,0.0,0.0,0.15,0.08022922636103152,0,0.1697211266327997,0.14446968400768406,3.1951668738196686,0.8567202464749616,0.0,0.975609756097561,0.0,0.1,0.0,0.9999408588738729,0.3,0.08,0.10315186246418338,0.5,0.25
73,0.9028167510422177,0.5005652166943994,0.9021620169312242,0.5005618624900006,0.26040296497001675,0.5056918585829997,0.8194842406876791,0.37211086933493887,0.3817697291538173,0.08022922636103152,0.8171428571428572,0.3713958519699896,0.38201695755602894,0.08,0.09455587392550144,0.12,0.002857142857142857,2.0428571428571427,0.06017191977077364,0.0,1.0876094651137784e-06,0.1319663491490371,11.736389684813753,0.0,0.0,0.15,0.08022922636103152,0,0.17044295028534998,0.14702242509375,3.251263536343275,0.8951525166549376,0.0,0.9761904761904762,0.0,0.1,0.0,0.999958601211711,0.3,0.08,0.09455587392550144,0.5,0.25
74,0.9050097805652718,0.5006210007606628,0.9043487806556411,0.5005748048619445,0.26040296497001675,0.5058072386117803,0.7822349570200573,0.37234009569597043,0.38219952858075135,0.08022922636103152,0.78,0.37162442339856105,0.38244552898460027,0.08,0.12320916905444126,0.13142857142857142,0.002857142857142857,2.117142857142857,0.06017191977077364,0.0,7.613243534127974e-07,0.1319663491490371,11.736389684813753,0.0,0.0,0.15,0.08022922636103152,0,0.17130387910535183,0.14650895667145317,3.3176668370449813,0.9039207967999998,0.0,0.9782608695652174,0.0,0.1,0.0,0.9999710208481977,0.3,0.08,0.12320916905444126,0.5,0.25
75,0.9083226827372533,0.501044563417206,0.9076522173928455,0.5009980923359622,0.26040296497001675,0.5059756092315217,0.7994269340974212,0.3724547088764862,0.3825433681222986,0.08022922636103152,0.7971428571428572,0.37173870911284673,0.38278838612745747,0.08,0.09169054441260745,0.10571428571428572,0.002857142857142857,2.1942857142857144,0.06303724928366762,0.0,5.329259340375136e-07,0.1319663491490371,11.736389684813753,0.0,0.0,0.15,0.08022922636103152,0,0.17161807470982504,0.1457764118880959,3.3570277860183673,0.8858423808639998,0.0,1.0,0.0,0.1,0.0,0.9999797145937384,0.3,0.08,0.09169054441260745,0.5,0.25
76,0.9118325593345512,0.5003485419348181,0.9111520657712939,0.5003081764766933,0.26040296497001675,0.5061088441935281,0.7564469914040115,0.3724547088764862,0.3828622494228879,0.08022922636103152,0.7542857142857143,0.37173870911284673,0.38310635633861645,0.08,0.10028653295128939,0.11428571428571428,0.002857142857142857,2.297142857142857,0.06303724928366762,0.0,3.730476082862767e-07,0.1319663491490371,11.736389684813753,0.0,0.0,0.15,0.08022922636103152,0,0.17135969862199021,0.1450475298286554,3.4041729445837143,0.8681255332467198,0.0,1.0,0.0,0.1,0.0,0.9999858002156169,0.3,0.08,0.10028653295128939,0.5,0.25
77,0.9140780821842432,0.5013060172145911,0.9133911728414156,0.5012804186931866,0.26040296497001675,0.5062125707879654,0.7564469914040115,0.3727985484180334,0.38317199804375046,0.08022922636103152,0.7542857142857143,0.3720815662557038,0.38341521996341943,0.08,0.1346704871060172,0.15428571428571428,0.002857142857142857,2.402857142857143,0.0659025787965616,0.0,2.611330584872943e-07,0.1319663491490371,11.736389684813753,0.0,0.0,0.15,0.08022922636103152,0,0.17267290155745169,0.14432229217951215,3.490375199977754,0.8507630225817854,0.0,1.0,0.0,0.1,0.0,0.9999900601509318,0.3,0.08,0.1346704871060172,0.5,0.25
78,0.915230077144016,0.5015323939944617,0.9145398763870175,0.5014849225324477,0.26040296497001675,0.506295247877551,0.7564469914040115,0.3727985484180334,0.38317199804375046,0.08022922636103152,0.7542857142857143,0.3720815662557038,0.38341521996341943,0.08,0.1174785100286533,0.13428571428571429,0.002857142857142857,2.5,0.06876790830945559,0.0,1.8279300995737113e-07,0.1319663491490371,11.736389684813753,0.0,0.0,0.15,0.08022922636103152,0,0.17255168062109297,0.14360068071861457,3.554853410263913,0.8337477621301497,0.0,1.0,0.0,0.1,0.0,0.9999930421056523,0.3,0.08,0.1174785100286533,0.5,0.25
79,0.917968589004864,0.5018892010884025,0.917270563928263,0.5018458235800589,0.26040296497001675,0.5063882273378388,0.7765042979942693,0.3729131615985492,0.3832579579291373,0.08022922636103152,0.7742857142857142,0.3721958519699896,0.38350093424913373,0.08,0.09169054441260745,0.10571428571428572,0.002857142857142857,2.5742857142857143,0.0659025787965616,0.0,1.279550427884094e-07,0.1319663491490371,11.736389684813753,0.0,0.0,0.15,0.08022922636103152,0,0.17271720793227324,0.14490087495962437,3.5894706277729203,0.8221780795234651,0.0,0.972972972972973,0.0,0.1,0.0,0.9999951294739566,0.3,0.08,0.09169054441260745,0.5,0.25
80,0.9209886498018683,0.5019321304798611,0.9202819959801332,0.5018634502326735,0.26040296497001675,0.5065565197960517,0.7535816618911175,0.37314238795958066,0.38342987769991094,0.08022922636103152,0.7514285714285714,0.37242442339856097,0.38367236282056233,0.08,0.09455587392550144,0.11714285714285715,0.002857142857142857,2.6685714285714286,0.06876790830945559,0.0,8.956849850418741e-08,0.1319663491490371,11.736389684813753,0.0,0.0,0.15,0.08022922636103152,0,0.17326652034306939,0.14417637058482624,3.6348240723603196,0.8057345179329959,0.0,1.0,0.0,0.1,0.0,0.9999965906317696,0.3,0.08,0.09455587392550144,0.5,0.25
81,0.9242361347439004,0.5023801958672841,0.9235202023937594,0.5022440157813697,0.26040296497001675,0.5067812577764351,0.7679083094555874,0.37314238795958066,0.38342987769991094,0.08022922636103152,0.7657142857142857,0.37242442339856097,0.38367236282056233,0.08,0.10028653295128939,0.13714285714285715,0.002857142857142857,2.7457142857142856,0.07449856733524356,0.0,6.269793354358704e-08,0.1319663491490371,11.736389684813753,0.0,0.0,0.15,0.08022922636103152,0,0.17331261845563975,0.14345548873190211,3.6992704480559704,0.7896198275743359,0.0,1.0,0.0,0.1,0.0,0.9999976134422387,0.3,0.08,0.10028653295128939,0.5,0.25
82,0.9279367165877939,0.5028036969344148,0.9272102111466701,0.5026511568425971,0.26040296497001675,0.5070248879689441,0.8051575931232091,0.37342892091087015,0.383644777413378,0.08022922636103152,0.8028571428571428,0.3727101376842753,0.383886648534848,0.08,0.10601719197707736,0.12285714285714286,0.002857142857142857,2.8485714285714288,0.08022922636103152,0.0,4.3888545928777206e-08,0.1319663491490371,11.736389684813753,0.0,0.0,0.15,0.08022922636103152,0,0.1735596275062187,0.14345548873190211,3.748142181951993,0.8187403024118074,0.0,0.9767441860465116,0.0,0.1,0.0,0.9999983294095671,0.3,0.08,0.10601719197707736,0.5,0.25
83,0.9303142627793864,0.5029912060981405,0.929580964349144,0.5028362067670851,0.26040296497001675,0.5073238621057325,0.7621776504297995,0.37351852517914075,0.3837307372987648,0.08022922636103152,0.76,0.3727994859403509,0.3839723628205623,0.08,0.12607449856733524,0.15714285714285714,0.002857142857142857,2.9485714285714284,0.0830945558739255,0.0,3.072197844905857e-08,0.1319663491490371,11.736389684813753,0.0,0.0,0.15,0.08022922636103152,0,0.17366183079725905,0.1427382112882426,3.8303221954558104,0.8023654963635712,0.0,1.0,0.0,0.1,0.0,0.999998830586697,0.3,0.08,0.12607449856733524,0.5,0.25
84,0.9337514059521598,0.5019502026524013,0.9330082871128523,0.5017841533887206,0.26040296497001675,0.5076799655325405,0.7363896848137536,0.3735758317693986,0.3839341923385727,0.08022922636103152,0.7342857142857143,0.3728566287974937,0.3841752365602564,0.08,0.12320916905444126,0.15142857142857144,0.002857142857142857,3.06,0.0830945558739255,0.0,2.1505383102256477e-08,0.1319663491490371,11.736389684813753,0.0,0.0,0.15,0.08022922636103152,0,0.17399309378612987,0.1430285989097074,3.905144322975266,0.8023654963635712,0.0,0.9811320754716981,0.0,0.1,0.0,0.9999991814106879,0.3,0.08,0.12320916905444126,0.5,0.25
85,0.935955004513536,0.5029034268916771,0.9352055896783387,0.5027522978612375,0.26040296497001675,0.5077462345983023,0.7478510028653295,0.3735758317693986,0.3839341923385727,0.08022922636103152,0.7457142857142857,0.3728566287974937,0.3841752365602564,0.08,0.1174785100286533,0.1457142857142857,0.002857142857142857,3.1485714285714286,0.08595988538681948,0.0,1.5053767282062917e-08,0.1319663491490371,11.736389684813753,0.0,0.0,0.15,0.08022922636103152,0,0.17383712831719925,0.14231345591515884,3.9727557222300462,0.7863181864362998,0.0,1.0,0.0,0.1,0.0,0.9999994269874816,0.3,0.08,0.1174785100286533,0.5,0.25
86,0.9361960070674227,0.5026660188763434,0.9354459036535,0.5025196739926536,0.26040296497001675,0.5078515432385727,0.7564469914040115,0.3736331383596565,0.38397717228126604,0.08022922636103152,0.7542857142857143,0.3729137716546365,0.3842180937031136,0.08,0.11174785100286533,0.13714285714285715,0.002857142857142857,3.26,0.08882521489971347,0.0,1.0537636661277645e-08,0.1319663491490371,11.736389684813753,0.0,0.0,0.15,0.08022922636103152,0,0.17413879981847039,0.1450475298286554,4.030443464928302,0.7880278169960566,0.0,0.9791666666666666,0.0,0.1,0.0,0.9999995988912371,0.3,0.08,0.11174785100286533,0.5,0.25
87,0.9371294646774312,0.5031182576570788,0.9363766942417656,0.5029717705352001,0.26040296497001675,0.5080355612640812,0.7535816618911175,0.373862364720688,0.3841490920520397,0.08022922636103152,0.7514285714285714,0.373142343083208,0.3843895222745421,0.08,0.12320916905444126,0.14285714285714285,0.002857142857142857,3.3685714285714288,0.08882521489971347,0.0,7.376345449601596e-09,0.1319663491490371,11.736389684813753,0.0,0.0,0.15,0.08022922636103152,0,0.17486767724794947,0.14798510812500004,4.092691738486879,0.856078800003608,0.0,0.96,0.0,0.1,0.0,0.999999719223866,0.3,0.08,0.12320916905444126,0.5,0.25
88,0.9388177764012284,0.5034903046502816,0.9380601822177806,0.5033822112235806,0.26040296497001675,0.5082984397738105,0.7421203438395415,0.3742062042622353,0.38440697170820015,0.08022922636103152,0.74,0.37348520022606524,0.384646665131685,0.08,0.12893982808022922,0.15714285714285714,0.002857142857142857,3.4371428571428573,0.08882521489971347,0.0,5.163441711666024e-09,0.1319663491490371,11.736389684813753,0.0,0.0,0.15,0.08022922636103152,0,0.17613505457599543,0.15,4.167980760859999,0.98,0.0,0.9454545454545454,0.0,0.1,0.0,0.9999998034567061,0.3,0.08,0.12893982808022922,0.5,0.25
89,0.9396854164979926,0.5037845192203391,0.9389253433428398,0.503652999916836,0.26040296497001675,0.5087164085503421,0.7822349570200573,0.37443543062326684,0.3845788914789738,0.08022922636103152,0.78,0.3737137716546366,0.38481809370311354,0.08,0.12607449856733524,0.14857142857142858,0.002857142857142857,3.545714285714286,0.08882521489971347,0.0,3.614409146954635e-09,0.1319663491490371,11.736389684813753,0.0,0.0,0.15,0.08022922636103152,0,0.1768825221602583,0.15765873185166548,4.233192574214227,0.98,0.0,0.9615384615384616,0.0,0.1,0.0,0.9999998624196943,0.3,0.08,0.12607449856733524,0.5,0.25
90,0.9395751937668629,0.5039892686363995,0.9388154355337991,0.5038410188687884,0.26040296497001675,0.5090792372978823,0.7392550143266475,0.3747219635745562,0.38479379119244084,0.08022922636103152,0.7371428571428571,0.3739994859403509,0.38503237941739926,0.08,0.12034383954154727,0.14,0.002857142857142857,3.6514285714285712,0.08882521489971347,0.0,2.53008637806624e-09,0.1319663491490371,11.736389684813753,0.0,0.0,0.15,0.08022922636103152,0,0.177969109549457,0.15754543819240716,4.288528722729942,1.0,0.0,0.9387755102040817,0.0,0.1,0.0,0.999999903693786,0.3,0.08,0.12034383954154727,0.5,0.25
91,0.9407269850219168,0.5041421977455598,0.9399639359566956,0.5040445306748407,0.26040296497001675,0.5095120194048235,0.7163323782234957,0.3747219635745562,0.38479379119244084,0.08022922636103152,0.7142857142857143,0.3739994859403509,0.38503237941739926,0.08,0.10888252148997135,0.12571428571428572,0.002857142857142857,3.7485714285714287,0.08882521489971347,0.0,1.7710604514754586e-09,0.1319663491490371,11.736389684813753,0.0,0.0,0.15,0.08022922636103152,0,0.1777644068588526,0.15675771100144512,4.328472433989629,0.98,0.0,1.0,0.0,0.1,0.0,0.9999999325856502,0.3,0.08,0.10888252148997135,0.5,0.25
92,0.942364121455145,0.504376156255644,0.9415963948572575,0.504306288044422,0.26040296497001675,0.5097660179485032,0.7392550143266475,0.3748365767550719,0.3848797510778276,0.08022922636103152,0.7371428571428571,0.37411377165463655,0.3851180937031135,0.08,0.10888252148997135,0.13714285714285715,0.002857142857142857,3.854285714285714,0.09169054441260745,0.0,1.2397423108828396e-09,0.1319663491490371,11.736389684813753,0.0,0.0,0.15,0.08022922636103152,0,0.17813144339598688,0.15597392244643787,4.379045842452694,0.9603999999999999,0.0,1.0,0.0,0.1,0.0,0.9999999528099551,0.3,0.08,0.10888252148997135,0.5,0.25
93,0.9446492681416839,0.5034594631068966,0.9438750125532634,0.5033434635329208,0.26040296497001675,0.5099064734701579,0.7593123209169055,0.3749511899355878,0.38496571096321447,0.08022922636103152,0.7571428571428571,0.37422805736892234,0.3852038079888278,0.08,0.1346704871060172,0.15428571428571428,0.002857142857142857,3.9457142857142857,0.09455587392550144,0.0,8.678196149574117e-10,0.1319663491490371,11.736389684813753,0.0,0.0,0.15,0.08022922636103152,0,0.1784113583218641,0.15720894470920566,4.445750639889354,0.9411919999999999,0.0,0.9814814814814815,0.0,0.1,0.0,0.9999999669669686,0.3,0.08,0.1346704871060172,0.5,0.25
94,0.9444696302634161,0.503403247011605,0.9436958879260763,0.5032819340313992,0.26040296497001675,0.5099201420250284,0.7392550143266475,0.3751231097063613,0.38509465079129473,0.08022922636103152,0.7371428571428571,0.3743994859403509,0.3853323794173993,0.08,0.14040114613180515,0.16857142857142857,0.002857142857142857,4.054285714285714,0.09742120343839542,0.0,6.074737284402486e-10,0.1319663491490371,11.736389684813753,0.0,0.0,0.15,0.08022922636103152,0,0.1792607329552548,0.1570978999856596,4.5254070556629955,0.9490880645443072,0.0,0.9661016949152542,0.0,0.1,0.0,0.999999976876878,0.3,0.08,0.14040114613180515,0.5,0.25
95,0.9446271164184248,0.502755709768236,0.9438529241206421,0.5026362022512969,0.26040296497001675,0.5099231321836977,0.7191977077363897,0.3751231097063613,0.38509465079129473,0.08022922636103152,0.7171428571428572,0.3743994859403509,0.3853323794173993,0.08,0.0830945558739255,0.09714285714285714,0.002857142857142857,4.134285714285714,0.09455587392550144,0.0,4.2523160949100964e-10,0.1319663491490371,11.736389684813753,0.0,0.0,0.15,0.08022922636103152,0,0.17893557214762135,0.1563124104857313,4.532041771692592,0.930106303253421,0.0,1.0,0.0,0.1,0.0,0.9999999838138146,0.3,0.08,0.0830945558739255,0.5,0.25
96,0.9483255032576828,0.5028572338632731,0.9475407441403594,0.5028090500655589,0.26040296497001675,0.5096869492786953,0.7650429799426934,0.3753523360673929,0.38526657056206837,0.08022922636103152,0.7628571428571429,0.3746280573689223,0.3855038079888279,0.08,0.10601719197707736,0.12571428571428572,0.002857142857142857,4.222857142857142,0.10028653295128939,0.0,2.9766212658804764e-10,0.1319663491490371,11.736389684813753,0.0,0.0,0.15,0.08022922636103152,0,0.17961160857259753,0.1568774734333026,4.567115221973027,0.9294593989917864,0.0,0.9772727272727273,0.0,0.1,0.0,0.9999999886696702,0.3,0.08,0.10601719197707736,0.5,0.25
97,0.9490260779747353,0.502706315334271,0.9482393172153631,0.5026346388413625,0.26040296497001675,0.5095675584157249,0.7564469914040115,0.3753523360673929,0.38526657056206837,0.08022922636103152,0.7542857142857143,0.3746280573689223,0.3855038079888279,0.08,0.14040114613180515,0.16857142857142857,0.002857142857142857,4.348571428571429,0.09742120343839542,0.0,2.0836348960812094e-10,0.1319663491490371,11.736389684813753,0.0,0.0,0.15,0.08022922636103152,0,0.17968227336903814,0.1560930860661361,4.644344346104994,0.9108702110119506,0.0,1.0,0.0,0.1,0.0,0.9999999920687691,0.3,0.08,0.14040114613180515,0.5,0.25
98,0.9505081585158189,0.5027995527044887,0.9497171632406152,0.5026851259381762,0.26040296497001675,0.5093029282630207,0.7507163323782235,0.37558156242842433,0.38543849033284205,0.08022922636103152,0.7485714285714286,0.37485662879749365,0.38567523656025643,0.08,0.12034383954154727,0.14285714285714285,0.002857142857142857,4.411428571428571,0.10315186246418338,0.0,1.458544429339607e-10,0.1319663491490371,11.736389684813753,0.0,0.0,0.15,0.08022922636103152,0,0.1807550048593358,0.2171644936044187,4.694314602040037,0.9223681599999999,0.0,0.96,0.0,0.1,0.0,0.9999999944481384,0.3,0.08,0.12034383954154727,0.5,0.25
99,0.9513431926823036,0.5026779168902339,0.9505498115951956,0.5024862225123045,0.26040296497001675,0.5090701670780418,0.7535816618911175,0.3758107887894559,0.3856104101036156,0.0830945558739255,0.7514285714285714,0.3750852002260651,0.38584666513168503,0.08285714285714285,0.14613180515759314,0.19142857142857142,0.002857142857142857,4.514285714285714,0.10028653295128939,0.0,1.0209811059624893e-10,0.1319663491490371,11.736389684813753,0.0,0.0,0.15,0.08022922636103152,0,0.18192158876480669,0.21607867113639662,4.791856881427808,0.9076479171200007,0.0,0.9850746268656716,0.0,0.1,0.0,0.9999999961136968,0.3,0.08,0.14613180515759314,0.5,0.25
100,0.9532212683411857,0.503511072298068,0.9524225213236236,0.5033275908441587,0.26040296497001675,0.5089086341357162,0.7106017191977078,0.3763265481017768,0.3859972295878563,0.0830945558739255,0.7085714285714285,0.37559948594035086,0.3862323794173993,0.08285714285714285,0.166189111747851,0.19714285714285715,0.002857142857142857,4.611428571428571,0.10315186246418338,0.0,7.146867768902111e-11,0.1319663491490371,11.736389684813753,0.0,0.0,0.15,0.08022922636103152,0,0.18261198082098265,0.21499827778071462,4.893162600942109,0.9261713440000008,0.0,0.9710144927536232,0.0,0.1,0.0,0.9999999972795878,0.3,0.08,0.166189111747851,0.5,0.25
101,0.9532668981400004,0.5037995135926391,0.9524680207515845,0.5036206632415051,0.26040296497001675,0.508896709063504,0.7335243553008596,0.3765557744628083,0.38616914935863,0.0830945558739255,0.7314285714285714,0.37582805736892233,0.38640380798882784,0.08285714285714285,0.12034383954154727,0.13428571428571429,0.002857142857142857,4.6971428571428575,0.10028653295128939,0.0,5.002807291415528e-11,0.1319663491490371,11.736389684813753,0.0,0.0,0.15,0.08022922636103152,0,0.18241292091687777,0.21392328639181105,4.92958506320898,0.9076479171200007,0.0,1.0,0.0,0.1,0.0,0.9999999980957115,0.3,0.08,0.12034383954154727,0.5,0.25
102,0.9556435031249707,0.5041238791378497,0.954837835436598,0.503951619691585,0.26040296497001675,0.5088895958440143,0.7277936962750716,0.3765557744628083,0.38616914935863,0.0830945558739255,0.7257142857142858,0.37582805736892233,0.38640380798882784,0.08285714285714285,0.09169054441260745,0.12285714285714286,0.002857142857142857,4.78,0.10315186246418338,0.0,3.5019650451761904e-11,0.1319663491490371,11.736389684813753,0.0,0.0,0.15,0.08022922636103152,0,0.18227157059800764,0.212853669959852,4.953850504801943,0.8894949587776007,0.0,1.0,0.0,0.1,0.0,0.9999999986669981,0.3,0.08,0.09169054441260745,0.5,0.25
103,0.9560281435686994,0.5041900606775286,0.9552213769076304,0.5040121186694568,0.26040296497001675,0.5087743304536569,0.7535816618911175,0.37661324538850527,0.38634106912940364,0.0830945558739255,0.7514285714285714,0.3758853640919744,0.38657523656025644,0.08285714285714285,0.12607449856733524,0.14857142857142858,0.002857142857142857,4.9,0.10601719197707736,0.0,2.451375589721699e-11,0.1319663491490371,11.736389684813753,0.0,0.0,0.15,0.08022922636103152,0,0.18221649845930332,0.21178940161005275,5.003344923277334,0.8717050596020486,0.0,1.0,0.0,0.1,0.0,0.9999999990668986,0.3,0.08,0.12607449856733524,0.5,0.25
104,0.9567433010614562,0.50417476337818,0.9559344910932652,0.5039702059146144,0.26040296497001675,0.5086048772946665,0.7478510028653295,0.37661324538850527,0.38634106912940364,0.0830945558739255,0.7457142857142857,0.3758853640919744,0.38657523656025644,0.08285714285714285,0.10028653295128939,0.12,0.002857142857142857,4.974285714285714,0.10601719197707736,0.0,1.715962912689762e-11,0.1319663491490371,11.736389684813753,0.0,0.0,0.15,0.08022922636103152,0,0.18190513025272106,0.21073045460200246,5.023278024811787,0.8542709584100077,0.0,1.0,0.0,0.1,0.0,0.999999999346829,0.3,0.08,0.10028653295128939,0.5,0.25
105,0.9576072218892039,0.5031800698054416,0.9567959435757903,0.5029844627946255,0.26040296497001675,0.5085764227639074,0.7134670487106017,0.376727858569021,0.38651298890017727,0.08595988538681948,0.7114285714285714,0.37599964980626016,0.38674666513168504,0.08571428571428572,0.12893982808022922,0.1457142857142857,0.002857142857142857,5.08,0.10888252148997135,0.0,1.2011741263271721e-11,0.1319663491490371,11.736389684813753,0.0,0.0,0.15,0.08022922636103152,0,0.1822800338871718,0.20967680232899247,5.068526750029837,0.8371855392418075,0.0,0.9803921568627451,0.0,0.1,0.0,0.9999999995427803,0.3,0.08,0.12893982808022922,0.5,0.25
106,0.9580840004971444,0.5032383137414079,0.9572713599591368,0.5030481020222708,0.26040296497001675,0.5085177647509169,0.7249283667621776,0.3769570849300526,0.38677086855633763,0.08595988538681948,0.7228571428571429,0.37622822123483163,0.3870038079888278,0.08571428571428572,0.10888252148997135,0.12571428571428572,0.002857142857142857,5.18,0.10888252148997135,0.0,8.40821800900408e-12,0.1319663491490371,11.736389684813753,0.0,0.0,0.15,0.08022922636103152,0,0.18336792014630734,0.20862841831734752,5.092870500743525,0.8931301942989001,0.0,0.9318181818181818,0.0,0.1,0.0,0.9999999996799462,0.3,0.08,0.10888252148997135,0.5,0.25
107,0.9579114061340404,0.503623686588926,0.9570992587227846,0.503446284231566,0.26040296497001675,0.508471362254234,0.7421203438395415,0.3771290047008262,0.3870717281551916,0.08595988538681948,0.74,0.3763996498062601,0.38730380798882785,0.08571428571428572,0.12893982808022922,0.16285714285714287,0.002857142857142857,5.291428571428572,0.10888252148997135,0.0,5.885753772845702e-12,0.1319663491490371,11.736389684813753,0.0,0.0,0.15,0.08022922636103152,0,0.18462108197414723,0.20758527622576076,5.153870233585797,0.98,0.0,0.9473684210526315,0.0,0.1,0.0,0.9999999997759623,0.3,0.08,0.12893982808022922,0.5,0.25
108,0.9589266040695545,0.5034919040278365,0.9581115560927687,0.5032593225754826,0.26040296497001675,0.5082704236852946,0.7163323782234957,0.3771290047008262,0.3870717281551916,0.08595988538681948,0.7142857142857143,0.3763996498062601,0.38730380798882785,0.08571428571428572,0.1174785100286533,0.12857142857142856,0.002857142857142857,5.388571428571429,0.10888252148997135,0.0,4.120026474246804e-12,0.1319663491490371,11.736389684813753,0.0,0.0,0.15,0.08022922636103152,0,0.18452399079652637,0.20654734984463194,5.179364257485511,0.9603999999999999,0.0,1.0,0.0,0.1,0.0,0.9999999998431737,0.3,0.08,0.1174785100286533,0.5,0.25
109,0.9608941089418714,0.5036793470382966,0.9600734395225933,0.5034974394833531,0.26040296497001675,0.5080059773320974,0.6819484240687679,0.37718631129108415,0.3872006679832718,0.08595988538681948,0.68,0.376456792663403,0.38743237941739933,0.08571428571428572,0.11174785100286533,0.13428571428571429,0.002857142857142857,5.5,0.10888252148997135,0.0,2.8840179486008338e-12,0.1319663491490371,11.736389684813753,0.0,0.0,0.15,0.08022922636103152,0,0.18480051441397236,0.20551461309540878,5.210062686621514,0.9431128000000003,0.0,0.9787234042553191,0.0,0.1,0.0,0.9999999998902216,0.3,0.08,0.11174785100286533,0.5,0.25
110,0.962194523316877,0.5030007868500881,0.961370138427956,0.5028447301962542,0.26040296497001675,0.5077812596647777,0.6819484240687679,0.37718631129108415,0.3872006679832718,0.08595988538681948,0.68,0.376456792663403,0.38743237941739933,0.08571428571428572,0.10888252148997135,0.12857142857142856,0.002857142857142857,5.58,0.11461318051575932,0.0,2.0188119806652836e-12,0.1319663491490371,11.736389684813753,0.0,0.0,0.15,0.08022922636103152,0,0.18467522755618818,0.20448704002993173,5.234432861460513,0.9242505440000003,0.0,1.0,0.0,0.1,0.0,0.9999999999231551,0.3,0.08,0.10888252148997135,0.5,0.25
111,0.9608348506577117,0.503264048919409,0.9600143505478166,0.5031525769749017,0.26040296497001675,0.5074202058789367,0.7077363896848138,0.377243617881342,0.3873561309978582,0.08595988538681948,0.7057142857142857,0.37651393552054585,0.387587398251944,0.08571428571428572,0.14040114613180515,0.15428571428571428,0.002857142857142857,5.694285714285714,0.11174785100286533,0.0,1.4131686781275315e-12,0.1319663491490371,11.736389684813753,0.0,0.0,0.15,0.08022922636103152,0,0.18503685141840728,0.20346460482978207,5.284029918517016,0.9223681599999999,0.0,0.9814814814814815,0.0,0.1,0.0,0.9999999999462086,0.3,0.08,0.14040114613180515,0.5,0.25
112,0.9611620171268851,0.5035337213728067,0.9603405822556498,0.5034723281477447,0.26040296497001675,0.506990823881174,0.7363896848137536,0.3774728442423735,0.38752805076863184,0.08595988538681948,0.7342857142857143,0.37674250694911726,0.3877588268233726,0.08571428571428572,0.13753581661891118,0.15428571428571428,0.002857142857142857,5.805714285714286,0.1174785100286533,0.0,9.892180746854363e-13,0.1319663491490371,11.736389684813753,0.0,0.0,0.15,0.08022922636103152,0,0.18579538928633305,0.20244728180563318,5.332635034432391,0.9076479171200007,0.0,0.9629629629629629,0.0,0.1,0.0,0.999999999962346,0.3,0.08,0.13753581661891118,0.5,0.25
113,0.9614153229727574,0.5043771729505564,0.9605931643705339,0.5042637441227651,0.26040296497001675,0.5067199536667273,0.7249283667621776,0.37775937719366287,0.38774295048209895,0.08595988538681948,0.7228571428571429,0.3770282212348316,0.38797311253765837,0.08571428571428572,0.1346704871060172,0.15142857142857144,0.002857142857142857,5.894285714285714,0.1174785100286533,0.0,6.924529439475871e-13,0.1319663491490371,11.736389684813753,0.0,0.0,0.15,0.08022922636103152,0,0.1869514123399014,0.201435045396605,5.377410905172313,0.98,0.0,0.9433962264150944,0.0,0.1,0.0,0.9999999999736422,0.3,0.08,0.1346704871060172,0.5,0.25
114,0.9624328510524832,0.5038025525395441,0.9616077852271746,0.5036545039522319,0.26040296497001675,0.506401274417619,0.7306590257879656,0.37775937719366287,0.38774295048209895,0.08595988538681948,0.7285714285714285,0.3770282212348316,0.38797311253765837,0.08571428571428572,0.09742120343839542,0.11714285714285715,0.002857142857142857,5.997142857142857,0.1174785100286533,0.0,4.847170607623901e-13,0.1319663491490371,11.736389684813753,0.0,0.0,0.15,0.08022922636103152,0,0.1867300845639162,0.200427870169622,5.387005544211725,0.9603999999999999,0.0,1.0,0.0,0.1,0.0,0.9999999999815495,0.3,0.08,0.09742120343839542,0.5,0.25
115,0.960984944470507,0.5043915572839904,0.9601640155211469,0.5042431127992802,0.26040296497001675,0.5059599940522519,0.7163323782234957,0.37787399037417874,0.3878289103674857,0.08595988538681948,0.7142857142857143,0.37714250694911733,0.3880588268233726,0.08571428571428572,0.09455587392550144,0.10857142857142857,0.002857142857142857,6.097142857142857,0.1174785100286533,0.0,3.3930223420288353e-13,0.1319663491490371,11.736389684813753,0.0,0.0,0.15,0.08022922636103152,0,0.1869381491410966,0.19942573081877388,5.387836861898918,0.9431128000000003,0.0,0.9736842105263158,0.0,0.1,0.0,0.9999999999870847,0.3,0.08,0.09455587392550144,0.5,0.25
116,0.9621138180209785,0.5046922297418486,0.9612896637186171,0.5044830606656764,0.26040296497001675,0.5056043947864153,0.7134670487106017,0.3782751365059838,0.38812976996633963,0.08595988538681948,0.7114285714285714,0.3775425069491173,0.3883588268233726,0.08571428571428572,0.12607449856733524,0.14857142857142858,0.002857142857142857,6.228571428571429,0.1174785100286533,0.0,2.3751243895078256e-13,0.1319663491490371,11.736389684813753,0.0,0.0,0.15,0.08022922636103152,0,0.18851645910967685,0.2050552215537674,5.428651553232369,0.9450728000000008,0.0,0.9230769230769231,0.0,0.1,0.0,0.9999999999909592,0.3,0.08,0.12607449856733524,0.5,0.25
117,0.9618847807711329,0.5044141568159581,0.9610612808609141,0.5042514045932107,0.26040296497001675,0.5053465704791861,0.7220630372492837,0.37833244309624176,0.388172749909033,0.08595988538681948,0.72,0.37759964980626015,0.3884016839662297,0.08571428571428572,0.11461318051575932,0.13142857142857142,0.002857142857142857,6.34,0.1174785100286533,0.0,1.6625754058679248e-13,0.1319663491490371,11.736389684813753,0.0,0.0,0.15,0.08022922636103152,0,0.18877230895341418,0.20402994544599856,5.451507093596293,0.9623600000000003,0.0,0.9782608695652174,0.0,0.1,0.0,0.9999999999936715,0.3,0.08,0.11461318051575932,0.5,0.25
118,0.9615953042715064,0.5043341148248752,0.9607726314370006,0.5041184808598993,0.26040296497001675,0.5049182774161237,0.7220630372492837,0.37844705627675745,0.3882587097944198,0.08595988538681948,0.72,0.37771393552054583,0.388487398251944,0.08571428571428572,0.12320916905444126,0.15428571428571428,0.002857142857142857,6.442857142857143,0.1174785100286533,0.0,1.1637911173205466e-13,0.1319663491490371,11.736389684813753,0.0,0.0,0.15,0.08022922636103152,0,0.1891698774086471,0.20300979571876857,5.49676266601008,0.9603999999999999,0.0,0.9814814814814815,0.0,0.1,0.0,0.9999999999955701,0.3,0.08,0.12320916905444126,0.5,0.25
119,0.9618828169803261,0.5043618240296102,0.9610593226809381,0.5040957293323359,0.26040296497001675,0.5044591793564693,0.6532951289398281,0.37844705627675745,0.3882587097944198,0.08595988538681948,0.6514285714285715,0.37771393552054583,0.388487398251944,0.08571428571428572,0.12893982808022922,0.14285714285714285,0.002857142857142857,6.554285714285714,0.1174785100286533,0.0,8.146625322139748e-14,0.1319663491490371,11.736389684813753,0.0,0.0,0.15,0.08022922636103152,0,0.18910718085733602,0.20199474674017473,5.529684555547021,0.9411919999999999,0.0,1.0,0.0,0.1,0.0,0.999999999996899,0.3,0.08,0.12893982808022922,0.5,0.25
120,0.9628106111673495,0.5050683460348084,0.9619844660274273,0.5047984126526994,0.26040296497001675,0.5039489469364011,0.6991404011461319,0.37867628263778896,0.3884306295651935,0.08595988538681948,0.6971428571428572,0.3779425069491173,0.3886588268233726,0.08571428571428572,0.1174785100286533,0.14,0.002857142857142857,6.642857142857143,0.1174785100286533,0.0,5.702725226395073e-14,0.1319663491490371,11.736389684813753,0.0,0.0,0.15,0.08022922636103152,0,0.1897610735244779,0.20098477300647385,5.559090864436082,0.9242505440000003,0.0,0.9591836734693877,0.0,0.1,0.0,0.9999999999978293,0.3,0.08,0.1174785100286533,0.5,0.25
121,0.9619432691101975,0.5048095537654796,0.9611196020904383,0.504606376432895,0.26040296497001675,0.5036873783986482,0.7277936962750716,0.3787908958183048,0.38851658945058026,0.08595988538681948,0.7257142857142858,0.378056792663403,0.38874454110908685,0.08571428571428572,0.12893982808022922,0.15142857142857144,0.002857142857142857,6.751428571428572,0.1174785100286533,0.0,3.9917909906112286e-14,0.1319663491490371,11.736389684813753,0.0,0.0,0.15,0.08022922636103152,0,0.19006841172828404,0.21704471905212516,5.599337618575931,0.9076479171200007,0.0,0.9811320754716981,0.0,0.1,0.0,0.9999999999984805,0.3,0.08,0.12893982808022922,0.5,0.25
122,0.9629362482637464,0.5047401709763346,0.9621097441606914,0.5045505550007449,0.26040296497001675,0.5033683224652126,0.7421203438395415,0.3788482024085626,0.38855956939327363,0.08595988538681948,0.74,0.3781139355205458,0.38878739825194397,0.08571428571428572,0.1318051575931232,0.15428571428571428,0.002857142857142857,6.871428571428571,0.1174785100286533,0.0,2.7941953594952054e-14,0.1319663491490371,11.736389684813753,0.0,0.0,0.15,0.08022922636103152,0,0.19043092966607125,0.21595949545686455,5.641636580490127,0.9261713440000008,0.0,0.9814814814814815,0.0,0.1,0.0,0.9999999999989364,0.3,0.08,0.1318051575931232,0.5,0.25
123,0.963049438075352,0.5048080121730972,0.9622226105728353,0.5046059371812345,0.26040296497001675,0.502983922866173,0.7363896848137536,0.37896281558907835,0.3886455292786605,0.08595988538681948,0.7342857142857143,0.3782282212348316,0.3888731125376583,0.08571428571428572,0.10888252148997135,0.13428571428571429,0.002857142857142857,6.968571428571429,0.12034383954154727,0.0,1.9559367516464942e-14,0.1319663491490371,11.736389684813753,0.0,0.0,0.15,0.08022922636103152,0,0.19053548930345512,0.21487969797958023,5.6630895631660385,0.9076479171200007,0.0,0.9787234042553191,0.0,0.1,0.0,0.9999999999992555,0.3,0.08,0.10888252148997135,0.5,0.25
124,0.963495238149155,0.5049800137364283,0.9626671369321418,0.5047619749860949,0.26040296497001675,0.5026494472652456,0.7363896848137536,0.37907742876959416,0.3887314891640473,0.08595988538681948,0.7342857142857143,0.37834250694911736,0.38895882682337257,0.08571428571428572,0.11174785100286533,0.12,0.002857142857142857,7.074285714285714,0.12320916905444126,0.0,1.3690973922201235e-14,0.1319663491490371,11.736389684813753,0.0,0.0,0.15,0.08022922636103152,0,0.19072466971408075,0.21380529948968233,5.6698277719027175,0.9261713440000008,0.0,0.9761904761904762,0.0,0.1,0.0,0.9999999999994789,0.3,0.08,0.11174785100286533,0.5,0.25
125,0.9633666253373496,0.5047557843577497,0.9625388915855131,0.5045436467049951,0.26040296497001675,0.502326485176183,0.6848137535816619,0.37919204195010986,0.3888174490494341,0.08595988538681948,0.6828571428571428,0.378456792663403,0.3890445411090869,0.08571428571428572,0.1489971346704871,0.17142857142857143,0.002857142857142857,7.185714285714286,0.12320916905444126,0.0,9.584265084863991e-15,0.1319663491490371,11.736389684813753,0.0,0.0,0.15,0.08022922636103152,0,0.19134004922265319,0.2127362729922339,5.727859787893235,0.9450728000000008,0.0,0.9833333333333333,0.0,0.1,0.0,0.9999999999996352,0.3,0.08,0.1489971346704871,0.5,0.25
126,0.9636093081319669,0.504121889048452,0.9627808810007171,0.5039297530373568,0.26040296497001675,0.5018665828461846,0.7106017191977078,0.37919204195010986,0.3888174490494341,0.08595988538681948,0.7085714285714285,0.378456792663403,0.3890445411090869,0.08571428571428572,0.1174785100286533,0.13714285714285715,0.002857142857142857,7.282857142857143,0.12607449856733524,0.0,6.708402220081131e-15,0.1319663491490371,11.736389684813753,0.0,0.0,0.15,0.08022922636103152,0,0.19106892040511136,0.21167259162727275,5.750445449278228,0.9261713440000008,0.0,1.0,0.0,0.1,0.0,0.9999999999997446,0.3,0.08,0.1174785100286533,0.5,0.25
127,0.9628849394433864,0.5041116982603691,0.9620585819369609,0.5039187807005537,0.26040296497001675,0.5014094173058152,0.7249283667621776,0.37936396172088355,0.3889463888775143,0.08595988538681948,0.7228571428571429,0.37862822123483153,0.3891731125376583,0.08571428571428572,0.1346704871060172,0.16,0.002857142857142857,7.388571428571429,0.12320916905444126,0.0,4.695881554056705e-15,0.1319663491490371,11.736389684813753,0.0,0.0,0.15,0.08022922636103152,0,0.1917701472316572,0.21308895456421414,5.795436540292662,0.9643600000000009,0.0,0.9642857142857143,0.0,0.1,0.0,0.9999999999998213,0.3,0.08,0.1346704871060172,0.5,0.25
128,0.9636457716133509,0.5038239127041143,0.9628172403007258,0.5036414566388316,0.26040296497001675,0.5009692716519564,0.6905444126074498,0.37947857490139925,0.3890323487629012,0.08595988538681948,0.6885714285714286,0.3787425069491173,0.3892588268233726,0.08571428571428572,0.10315186246418338,0.12857142857142856,0.002857142857142857,7.46,0.12320916905444126,0.0,3.2871170878396517e-15,0.1319663491490371,11.736389684813753,0.0,0.0,0.15,0.08022922636103152,0,0.19195329720978463,0.2120235097913931,5.8080992380582375,0.9820000000000004,0.0,0.9777777777777777,0.0,0.1,0.0,0.9999999999998749,0.3,0.08,0.10315186246418338,0.5,0.25
129,0.9628916274769661,0.5033991178284364,0.9620652508618733,0.5032382774513039,0.26040296497001675,0.5004021838889969,0.6819484240687679,0.379593188081915,0.38911830864828795,0.08595988538681948,0.68,0.378856792663403,0.3893445411090869,0.08571428571428572,0.11461318051575932,0.15142857142857144,0.002857142857142857,7.542857142857143,0.12607449856733524,0.0,2.301273631149478e-15,0.1319663491490371,11.736389684813753,0.0,0.0,0.15,0.08022922636103152,0,0.19216438786659287,0.2109633922424361,5.843365824725644,0.9820000000000004,0.0,0.9811320754716981,0.0,0.1,0.0,0.9999999999999124,0.3,0.08,0.11461318051575932,0.5,0.25
130,0.9629397224769853,0.502681820493607,0.9621132084476068,0.5025150584901543,0.26040296497001675,0.49972754470296943,0.7249283667621776,0.3797078012624308,0.38920426853367485,0.08595988538681948,0.7228571428571429,0.3789710783776887,0.3894302553948012,0.08571428571428572,0.1346704871060172,0.15428571428571428,0.002857142857142857,7.637142857142857,0.12607449856733524,0.0,1.6100165328193963e-15,0.1319663491490371,11.736389684813753,0.0,0.0,0.15,0.08022922636103152,0,0.19251671021297423,0.22005231945209247,5.880784222516846,0.9992452138906363,0.0,0.9814814814814815,0.0,0.1,0.0,0.9999999999999387,0.3,0.08,0.1346704871060172,0.5,0.25
131,0.9619060229397647,0.503646374379907,0.9610824623376354,0.5034778341106283,0.26040296497001675,0.49914200081405075,0.6848137535816619,0.37982241444294657,0.3892902284190616,0.08595988538681948,0.6828571428571428,0.37908536409197446,0.3895159696805155,0.08571428571428572,0.1174785100286533,0.14285714285714285,0.002857142857142857,7.722857142857142,0.12607449856733524,0.0,1.125844894326602e-15,0.1319663491490371,11.736389684813753,0.0,0.0,0.15,0.08022922636103152,0,0.19258269809048073,0.21895205785483202,5.90602568092365,1.0149003096128226,0.0,0.98,0.0,0.1,0.0,0.9999999999999571,0.3,0.08,0.1174785100286533,0.5,0.25
132,0.963498340010712,0.5042553007195386,0.9626702299312371,0.504110745776291,0.26040296497001675,0.4987988046667815,0.7335243553008596,0.3799943342137202,0.3894191682471419,0.08595988538681948,0.7314285714285714,0.37925679266340295,0.38964454110908686,0.08571428571428572,0.13753581661891118,0.15428571428571428,0.002857142857142857,7.822857142857143,0.12607449856733524,0.0,7.875080867051337e-16,0.1319663491490371,11.736389684813753,0.0,0.0,0.15,0.08022922636103152,0,0.1934175067250462,0.24666785678434208,5.942190881590893,1.1441005968924127,0.0,0.9629629629629629,0.0,0.1,0.0,0.99999999999997,0.3,0.08,0.13753581661891118,0.5,0.25
133,0.9641440363533753,0.5044389992897034,0.9633140814272071,0.5043246572561312,0.26040296497001675,0.49846025093751833,0.6905444126074498,0.38022356057475165,0.38959108801791553,0.08595988538681948,0.6885714285714286,0.3794853640919744,0.38981596968051546,0.08571428571428572,0.1346704871060172,0.16,0.002857142857142857,7.922857142857143,0.12607449856733524,0.0,5.512556606935921e-16,0.1319663491490371,11.736389684813753,0.0,0.0,0.15,0.08022922636103152,0,0.19424757699509942,0.2657499549683488,5.983347063959074,1.2811263515386195,0.0,0.9642857142857143,0.0,0.1,0.0,0.999999999999979,0.3,0.08,0.1346704871060172,0.5,0.25
134,0.9637195639084978,0.5042453749838116,0.9628908217607435,0.5041475310440025,0.26040296497001675,0.49825951244866534,0.6790830945558739,0.38022356057475165,0.38959108801791553,0.08595988538681948,0.6771428571428572,0.3794853640919744,0.38981596968051546,0.08571428571428572,0.11461318051575932,0.13714285714285715,0.002857142857142857,8.02,0.12893982808022922,0.0,3.850039535002862e-16,0.1319663491490371,11.736389684813753,0.0,0.0,0.15,0.08022922636103152,0,0.1939331962529811,0.2644212051935071,6.0008229798227495,1.2555038245078471,0.0,1.0,0.0,0.1,0.0,0.9999999999999853,0.3,0.08,0.11461318051575932,0.5,0.25
135,0.9629589601079512,0.5037113587934492,0.9621323911139128,0.5036543804116675,0.26040296497001675,0.4980911652184676,0.6905444126074498,0.38022356057475165,0.38959108801791553,0.08595988538681948,0.6885714285714286,0.3794853640919744,0.38981596968051546,0.08571428571428572,0.10315186246418338,0.13142857142857142,0.002857142857142857,8.114285714285714,0.12320916905444126,0.0,2.6833608880322943e-16,0.1319663491490371,11.736389684813753,0.0,0.0,0.15,0.08022922636103152,0,0.1938478174145733,0.26309909916753954,6.0122350916548655,1.23039374801769,0.0,1.0,0.0,0.1,0.0,0.9999999999999898,0.3,0.08,0.10315186246418338,0.5,0.25
136,0.9632127934858251,0.5036622097966436,0.9623854992535642,0.503604106977057,0.26040296497001675,0.4977577626614748,0.6790830945558739,0.38022356057475165,0.38959108801791553,0.08595988538681948,0.6771428571428572,0.3794853640919744,0.38981596968051546,0.08571428571428572,0.12607449856733524,0.16285714285714287,0.002857142857142857,8.2,0.12607449856733524,0.0,1.8666858351528989e-16,0.1319663491490371,11.736389684813753,0.0,0.0,0.15,0.08022922636103152,0,0.19376329332750047,0.2617836036717019,6.05484753267891,1.2057858730573363,0.0,1.0,0.0,0.1,0.0,0.9999999999999929,0.3,0.08,0.12607449856733524,0.5,0.25
137,0.9618015985041889,0.5023626571920606,0.96097833625759,0.5023941321335957,0.26040296497001675,0.49763145450772345,0.7134670487106017,0.38022356057475165,0.38959108801791553,0.08595988538681948,0.7114285714285714,0.3794853640919744,0.38981596968051546,0.08571428571428572,0.12034383954154727,0.13428571428571429,0.002857142857142857,8.311428571428571,0.12607449856733524,0.0,1.3125134778418814e-16,0.1319663491490371,11.736389684813753,0.0,0.0,0.15,0.08022922636103152,0,0.19347990543229152,0.26047468565334336,6.068036296311047,1.1816701555961895,0.0,1.0,0.0,0.1,0.0,0.999999999999995,0.3,0.08,0.12034383954154727,0.5,0.25
138,0.961032808735684,0.5029131635112443,0.9602117430312807,0.5029365679444533,0.26040296497001675,0.49765683947581874,0.7106017191977078,0.3802808671650096,0.3896340679606089,0.08595988538681948,0.7085714285714285,0.37954250694911723,0.38985882682337253,0.08571428571428572,0.12034383954154727,0.14857142857142858,0.002857142857142857,8.414285714285715,0.12893982808022922,0.0,9.333429175764487e-17,0.1319663491490371,11.736389684813753,0.0,0.0,0.15,0.08022922636103152,0,0.19371193447655863,0.2690845459415613,6.095246998956256,1.1738620499682342,0.0,0.9807692307692307,0.0,0.1,0.0,0.9999999999999964,0.3,0.08,0.12034383954154727,0.5,0.25
139,0.962404118727717,0.5023397317505061,0.961579134994765,0.5023623759157287,0.26040296497001675,0.4976209364479238,0.7392550143266475,0.3802808671650096,0.3896340679606089,0.08595988538681948,0.7371428571428571,0.37954250694911723,0.38985882682337253,0.08571428571428572,0.14326647564469913,0.17142857142857143,0.002857142857142857,8.522857142857143,0.12607449856733524,0.0,6.416732558338082e-17,0.1319663491490371,11.736389684813753,0.0,0.0,0.15,0.08022922636103152,0,0.19362780622917586,0.26773912321185345,6.144770630405701,1.1503848089688695,0.0,1.0,0.0,0.1,0.0,0.9999999999999976,0.3,0.08,0.14326647564469913,0.5,0.25
140,0.9640229239562896,0.5016256227408958,0.9631933150655415,0.5016600545597315,0.26040296497001675,0.49752981722547696,0.7478510028653295,0.38051009352604115,0.38980598773138253,0.08595988538681948,0.7457142857142857,0.3797710783776887,0.39003025539480113,0.08571428571428572,0.08882521489971347,0.10571428571428572,0.002857142857142857,8.62,0.12320916905444126,0.0,4.375044926139602e-17,0.1319663491490371,11.736389684813753,0.0,0.0,0.15,0.08022922636103152,0,0.1941443843373157,0.2664004275957942,6.1275895035118735,1.1273771127894923,0.0,0.9459459459459459,0.0,0.1,0.0,0.9999999999999983,0.3,0.08,0.08882521489971347,0.5,0.25
141,0.963986529363497,0.5015088305015004,0.9631570244572999,0.5014999552978201,0.26040296497001675,0.49746990932903207,0.7134670487106017,0.38079662647733054,0.39002088744484953,0.08595988538681948,0.7114285714285714,0.380056792663403,0.3902445411090868,0.08571428571428572,0.1174785100286533,0.16,0.002857142857142857,8.705714285714286,0.12320916905444126,0.0,2.9166966174264e-17,0.1319663491490371,11.736389684813753,0.0,0.0,0.15,0.08022922636103152,0,0.19542923455848624,0.2690340665610133,6.165037713441634,1.208706157561476,0.0,0.9464285714285714,0.0,0.1,0.0,0.9999999999999989,0.3,0.08,0.1174785100286533,0.5,0.25
142,0.9651911098162697,0.5006659429026326,0.9643581632516359,0.5006983496632853,0.26040296497001675,0.4974398697747193,0.7134670487106017,0.38079662647733054,0.39002088744484953,0.08595988538681948,0.7114285714285714,0.380056792663403,0.3902445411090868,0.08571428571428572,0.1174785100286533,0.1457142857142857,0.002857142857142857,8.802857142857142,0.12320916905444126,0.0,2.0416876321984802e-17,0.1319663491490371,11.736389684813753,0.0,0.0,0.15,0.08022922636103152,0,0.19522294624283668,0.26768889622820824,6.187451244887089,1.1845320344102463,0.0,1.0,0.0,0.1,0.0,0.9999999999999992,0.3,0.08,0.1174785100286533,0.5,0.25
143,0.9632003346238783,0.5002226434035663,0.962373075988366,0.5002895715091168,0.26040296497001675,0.497342806860209,0.6819484240687679,0.38091123965784623,0.39010684733023643,0.08595988538681948,0.68,0.38017107837768876,0.39033025539480115,0.08571428571428572,0.1489971346704871,0.18,0.002857142857142857,8.891428571428571,0.12320916905444126,0.0,1.4583483087131998e-17,0.1319663491490371,11.736389684813753,0.0,0.0,0.15,0.08022922636103152,0,0.1955885472259082,0.2663504517470672,6.243702219989346,1.1608413937220414,0.0,0.9841269841269841,0.0,0.1,0.0,0.9999999999999994,0.3,0.08,0.1489971346704871,0.5,0.25
144,0.9626855494078347,0.49990519200066846,0.9618597615872251,0.4999393253012254,0.26040296497001675,0.497244723443124,0.66189111747851,0.381025852838362,0.3901928072156232,0.08595988538681948,0.66,0.38028536409197433,0.3904159696805154,0.08571428571428572,0.14326647564469913,0.1742857142857143,0.002857142857142857,8.991428571428571,0.12320916905444126,0.0,1.16667864697056e-17,0.1319663491490371,11.736389684813753,0.0,0.0,0.15,0.08022922636103152,0,0.19581031877549296,0.26501869948833184,6.293113889875274,1.1376245658476007,0.0,0.9836065573770492,0.0,0.1,0.0,0.9999999999999996,0.3,0.08,0.14326647564469913,0.5,0.25
145,0.9624589453064984,0.49992377211722683,0.9616338049261786,0.49990144866247566,0.26040296497001675,0.4970673732838493,0.6876790830945558,0.38125507919939355,0.39036472698639685,0.08595988538681948,0.6857142857142857,0.3805139355205458,0.39058739825194394,0.08571428571428572,0.15472779369627507,0.18,0.002857142857142857,9.1,0.12320916905444126,0.0,8.750089852279198e-18,0.1319663491490371,11.736389684813753,0.0,0.0,0.15,0.08022922636103152,0,0.19648812432447263,0.2697342913122784,6.347251612077768,1.133091081002041,0.0,0.9682539682539683,0.0,0.1,0.0,0.9999999999999997,0.3,0.08,0.15472779369627507,0.5,0.25
146,0.9620389760829828,0.5002001432853487,0.9612150356147302,0.5002093008479226,0.26040296497001675,0.4969410306886285,0.664756446991404,0.3813696923799093,0.3904506868717837,0.08595988538681948,0.6628571428571428,0.3806282212348315,0.39067311253765835,0.08571428571428572,0.1489971346704871,0.18,0.002857142857142857,9.182857142857143,0.12320916905444126,0.0,5.8333932348528e-18,0.1319663491490371,11.736389684813753,0.0,0.0,0.15,0.08022922636103152,0,0.19670525584570742,0.26838561985571696,6.400306579836212,1.110429259382,0.0,0.9841269841269841,0.0,0.1,0.0,0.9999999999999998,0.3,0.08,0.1489971346704871,0.5,0.25
147,0.9616924787716565,0.500368642045047,0.9608695282957218,0.5004115301189456,0.26040296497001675,0.4967928946812619,0.6876790830945558,0.3813696923799093,0.3904506868717837,0.08595988538681948,0.6857142857142857,0.3806282212348315,0.39067311253765835,0.08571428571428572,0.12034383954154727,0.15428571428571428,0.002857142857142857,9.311428571428571,0.12607449856733524,0.0,2.9166966174264e-18,0.1319663491490371,11.736389684813753,0.0,0.0,0.15,0.08022922636103152,0,0.19649258742362172,0.2670436917564384,6.4265861625252025,1.08822067419436,0.0,1.0,0.0,0.1,0.0,0.9999999999999999,0.3,0.08,0.12034383954154727,0.5,0.25
148,0.9609716286828738,0.5002928709063987,0.9601507377786214,0.5003120368166168,0.26040296497001675,0.49662752619196193,0.7048710601719198,0.381484305560425,0.3905366467571705,0.08595988538681948,0.7028571428571428,0.38074250694911727,0.39075882682337254,0.08571428571428572,0.14326647564469913,0.18285714285714286,0.002857142857142857,9.4,0.12607449856733524,0.0,2.9166966174264e-18,0.1319663491490371,11.736389684813753,0.0,0.0,0.15,0.08022922636103152,0,0.19685212520078932,0.27782906020715264,6.48091158213184,1.0976795398653585,0.0,0.984375,0.0,0.1,0.0,0.9999999999999999,0.3,0.08,0.14326647564469913,0.5,0.25
149,0.9614391350433241,0.5009233079133653,0.9606169084066133,0.5009303880471477,0.26040296497001675,0.49662891126939757,0.6991404011461319,0.38159891874094076,0.3906226066425573,0.08595988538681948,0.6971428571428572,0.38085679266340294,0.3908445411090869,0.08571428571428572,0.14040114613180515,0.16285714285714287,0.002857142857142857,9.528571428571428,0.12320916905444126,0.0,2.9166966174264e-18,0.1319663491490371,11.736389684813753,0.0,0.0,0.15,0.08022922636103152,0,0.19706772171764256,0.27643991490611686,6.514150493346346,1.0757259490680515,0.0,0.9824561403508771,0.0,0.1,0.0,0.9999999999999999,0.3,0.08,0.14040114613180515,0.5,0.25
150,0.9622490148094999,0.5000589516172189,0.9614244742305998,0.5000151335716443,0.26040296497001675,0.49667892283455234,0.7134670487106017,0.38159891874094076,0.3906226066425573,0.08595988538681948,0.7114285714285714,0.38085679266340294,0.3908445411090869,0.08571428571428572,0.11461318051575932,0.14857142857142858,0.002857142857142857,9.634285714285713,0.12607449856733524,0.0,2.9166966174264e-18,0.1319663491490371,11.736389684813753,0.0,0.0,0.15,0.08022922636103152,0,0.1967678116804829,0.2750577153315863,6.532438912050849,1.0542114300866903,0.0,1.0,0.0,0.1,0.0,0.9999999999999999,0.3,0.08,0.11461318051575932,0.5,0.25
151,0.9622566279529159,0.4999531547008899,0.9614320656221775,0.4999414076144894,0.26040296497001675,0.49668210143546365,0.7020057306590258,0.38165622533119864,0.39066558658525075,0.08595988538681948,0.7,0.38091393552054587,0.390887398251944,0.08571428571428572,0.12607449856733524,0.1457142857142857,0.002857142857142857,9.714285714285714,0.12607449856733524,0.0,2.9166966174264e-18,0.1319663491490371,11.736389684813753,0.0,0.0,0.15,0.08022922636103152,0,0.19701182976493758,0.2736824267549284,6.5475044195241185,1.0582905698809293,0.0,0.9803921568627451,0.0,0.1,0.0,0.9999999999999999,0.3,0.08,0.12607449856733524,0.5,0.25
152,0.961319882777686,0.5006753601757955,0.960497996861734,0.5006472839629645,0.26040296497001675,0.4967059820743817,0.7191977077363897,0.3817708385117145,0.3907515464706375,0.08595988538681948,0.7171428571428572,0.38102822123483154,0.3909731125376583,0.08571428571428572,0.11174785100286533,0.13428571428571429,0.002857142857142857,9.834285714285715,0.12607449856733524,0.0,2.9166966174264e-18,0.1319663491490371,11.736389684813753,0.0,0.0,0.15,0.08022922636103152,0,0.19756905633039862,0.27231401462115373,6.550840045419349,1.1059023352961346,0.0,0.9574468085106383,0.0,0.1,0.0,0.9999999999999999,0.3,0.08,0.11174785100286533,0.5,0.25
153,0.9636530381552321,0.5006721023567119,0.9628244860810585,0.5006866071859817,0.26040296497001675,0.4967977135687123,0.7277936962750716,0.3818854516922302,0.3908375063560243,0.08595988538681948,0.7257142857142858,0.3811425069491172,0.39105882682337256,0.08571428571428572,0.14040114613180515,0.1657142857142857,0.002857142857142857,9.937142857142858,0.12893982808022922,0.0,2.9166966174264e-18,0.1319663491490371,11.736389684813753,0.0,0.0,0.15,0.08022922636103152,0,0.19800792818803237,0.27262134624608225,6.585537530225248,1.124163977886284,0.0,0.9827586206896551,0.0,0.1,0.0,0.9999999999999999,0.3,0.08,0.14040114613180515,0.5,0.25
154,0.962950704184119,0.5013008481891327,0.9621241587784346,0.5012804062652224,0.26040296497001675,0.49690859922040664,0.6905444126074498,0.3818854516922302,0.3908375063560243,0.08595988538681948,0.6885714285714286,0.3811425069491172,0.39105882682337256,0.08571428571428572,0.1174785100286533,0.1457142857142857,0.002857142857142857,10.062857142857142,0.12607449856733524,0.0,2.9166966174264e-18,0.1319663491490371,11.736389684813753,0.0,0.0,0.15,0.08022922636103152,0,0.1977033171185208,0.27125823951485184,6.599541065335028,1.101680698328558,0.0,1.0,0.0,0.1,0.0,0.9999999999999999,0.3,0.08,0.1174785100286533,0.5,0.25
155,0.9621634799699336,0.5013999862697457,0.9613391837762895,0.5013989683796396,0.26040296497001675,0.49708604616332824,0.7106017191977078,0.38200006487274596,0.39092346624141117,0.08595988538681948,0.7085714285714285,0.381256792663403,0.39114454110908686,0.08571428571428572,0.14040114613180515,0.16,0.002857142857142857,10.148571428571428,0.12893982808022922,0.0,2.9166966174264e-18,0.1319663491490371,11.736389684813753,0.0,0.0,0.15,0.08022922636103152,0,0.1980280869614996,0.27349072846407196,6.627550244028328,1.289193394412546,0.0,0.9821428571428571,0.0,0.1,0.0,0.9999999999999999,0.3,0.08,0.14040114613180515,0.5,0.25
156,0.9627239351068845,0.5017232434249368,0.9618980376128492,0.5017089806215307,0.26040296497001675,0.49730643373444283,0.7048710601719198,0.38200006487274596,0.39092346624141117,0.08595988538681948,0.7028571428571428,0.381256792663403,0.39114454110908686,0.08571428571428572,0.12034383954154727,0.14285714285714285,0.002857142857142857,10.231428571428571,0.1318051575931232,0.0,2.9166966174264e-18,0.1319663491490371,11.736389684813753,0.0,0.0,0.15,0.08022922636103152,0,0.19775151866954924,0.2721232748217516,6.637856382004904,1.263409526524295,0.0,1.0,0.0,0.1,0.0,0.9999999999999999,0.3,0.08,0.12034383954154727,0.5,0.25
157,0.9626568571087466,0.5025590881702396,0.9618311512661345,0.5025435403694849,0.26040296497001675,0.49759547790718783,0.7163323782234957,0.38200006487274596,0.39092346624141117,0.08595988538681948,0.7142857142857143,0.381256792663403,0.39114454110908686,0.08571428571428572,0.14326647564469913,0.1742857142857143,0.002857142857142857,10.342857142857143,0.1346704871060172,0.0,2.9166966174264e-18,0.1319663491490371,11.736389684813753,0.0,0.0,0.15,0.08022922636103152,0,0.19767604679048723,0.27076265844764286,6.6793849686505204,1.2381413359938092,0.0,1.0,0.0,0.1,0.0,0.9999999999999999,0.3,0.08,0.14326647564469913,0.5,0.25
158,0.9633069483772799,0.5022845831990707,0.9624793851310434,0.5022932893730089,0.26040296497001675,0.4979056166434317,0.7163323782234957,0.3821146780532617,0.39100942612679795,0.08595988538681948,0.7142857142857143,0.3813710783776887,0.39123025539480116,0.08571428571428572,0.1346704871060172,0.15428571428571428,0.002857142857142857,10.411428571428571,0.1346704871060172,0.0,2.9166966174264e-18,0.1319663491490371,11.736389684813753,0.0,0.0,0.15,0.08022922636103152,0,0.19788723798510618,0.26940884515540464,6.700082983563224,1.2168602072246055,0.0,0.9814814814814815,0.0,0.1,0.0,0.9999999999999999,0.3,0.08,0.1346704871060172,0.5,0.25
159,0.9613143974944556,0.503017468882272,0.9604925272507416,0.5030584011604963,0.26040296497001675,0.49821199611988065,0.7048710601719198,0.3822292912337775,0.3910953860121848,0.08595988538681948,0.7028571428571428,0.38148536409197437,0.39131596968051535,0.08571428571428572,0.1489971346704871,0.18,0.002857142857142857,10.514285714285714,0.13753581661891118,0.0,2.9166966174264e-18,0.1319663491490371,11.736389684813753,0.0,0.0,0.15,0.08022922636103152,0,0.19818294465232353,0.2680618009296276,6.74608132389196,1.1925230030801133,0.0,0.9841269841269841,0.0,0.1,0.0,0.9999999999999999,0.3,0.08,0.1489971346704871,0.5,0.25
160,0.9611745353459612,0.5032047732706659,0.9603530647083857,0.5032625657532961,0.26040296497001675,0.4986346517288112,0.6934097421203438,0.3822292912337775,0.3910953860121848,0.08595988538681948,0.6914285714285714,0.38148536409197437,0.39131596968051535,0.08571428571428572,0.1346704871060172,0.16285714285714287,0.002857142857142857,10.597142857142858,0.1346704871060172,0.0,2.9166966174264e-18,0.1319663491490371,11.736389684813753,0.0,0.0,0.15,0.08022922636103152,0,0.1979631727862048,0.26672149192497946,6.774016840271262,1.168672543018511,0.0,1.0,0.0,0.1,0.0,0.9999999999999999,0.3,0.08,0.1346704871060172,0.5,0.25
161,0.9605424966475467,0.5032348776199247,0.9597228318348237,0.5032627560844529,0.26040296497001675,0.49918873912914496,0.7048710601719198,0.38240121100455116,0.391224325840265,0.08595988538681948,0.7028571428571428,0.38165679266340297,0.39144454110908683,0.08571428571428572,0.16332378223495703,0.18857142857142858,0.002857142857142857,10.711428571428572,0.13753581661891118,0.0,2.9166966174264e-18,0.1319663491490371,11.736389684813753,0.0,0.0,0.15,0.08022922636103152,0,0.1986586426365595,0.27562448397205447,6.827107932037266,1.1548642175269137,0.0,0.9696969696969697,0.0,0.1,0.0,0.9999999999999999,0.3,0.08,0.16332378223495703,0.5,0.25
162,0.960510083168998,0.5026107576159253,0.959690510966214,0.5026498400874917,0.26040296497001675,0.4996626367370761,0.6905444126074498,0.38240121100455116,0.391224325840265,0.08595988538681948,0.6885714285714286,0.38165679266340297,0.39144454110908683,0.08571428571428572,0.10601719197707736,0.13428571428571429,0.002857142857142857,10.794285714285714,0.13753581661891118,0.0,2.9166966174264e-18,0.1319663491490371,11.736389684813753,0.0,0.0,0.15,0.08022922636103152,0,0.1982936351376624,0.2742463615521942,6.824851487682236,1.1317669331763756,0.0,1.0,0.0,0.1,0.0,0.9999999999999999,0.3,0.08,0.10601719197707736,0.5,0.25
163,0.9605817045843498,0.5027324327144428,0.9597619277489504,0.5027996428602249,0.26040296497001675,0.5000631741666707,0.7191977077363897,0.3825158241850669,0.3913102857256518,0.08595988538681948,0.7171428571428572,0.38177107837768876,0.39153025539480113,0.08571428571428572,0.11461318051575932,0.14285714285714285,0.002857142857142857,10.885714285714286,0.13753581661891118,0.0,2.9166966174264e-18,0.1319663491490371,11.736389684813753,0.0,0.0,0.15,0.08022922636103152,0,0.1985014526762598,0.27287512974443323,6.831211600785734,1.109131594512848,0.0,0.98,0.0,0.1,0.0,0.9999999999999999,0.3,0.08,0.11461318051575932,0.5,0.25
164,0.9608336079359461,0.5024090134102763,0.9600131113766851,0.502424851289006,0.26040296497001675,0.5001915494288629,0.6762177650429799,0.3825158241850669,0.3913102857256518,0.08595988538681948,0.6742857142857143,0.38177107837768876,0.39153025539480113,0.08571428571428572,0.1174785100286533,0.12857142857142856,0.002857142857142857,11.01142857142857,0.1318051575931232,0.0,2.9166966174264e-18,0.1319663491490371,11.736389684813753,0.0,0.0,0.15,0.08022922636103152,0,0.1982790896985928,0.27151075409571107,6.8231587973414465,1.086948962622591,0.0,1.0,0.0,0.1,0.0,0.9999999999999999,0.3,0.08,0.1174785100286533,0.5,0.25
165,0.9609929852547778,0.5027841057391895,0.9601720333317485,0.5028345640233943,0.26040296497001675,0.5003128040800706,0.7106017191977078,0.3825158241850669,0.3913102857256518,0.08595988538681948,0.7085714285714285,0.38177107837768876,0.39153025539480113,0.08571428571428572,0.12034383954154727,0.15428571428571428,0.002857142857142857,11.114285714285714,0.1346704871060172,0.0,2.9166966174264e-18,0.1319663491490371,11.736389684813753,0.0,0.0,0.15,0.08022922636103152,0,0.1981154085358141,0.2701532003252325,6.840981335680333,1.0652099833701392,0.0,1.0,0.0,0.1,0.0,0.9999999999999999,0.3,0.08,0.12034383954154727,0.5,0.25
166,0.9601109957914296,0.5034290316715933,0.9592925638382954,0.5034921290076837,0.26040296497001675,0.5005362963091292,0.7220630372492837,0.38268774395584054,0.39143922555373206,0.08595988538681948,0.72,0.3819425069491173,0.39165882682337255,0.08571428571428572,0.14040114613180515,0.15428571428571428,0.002857142857142857,11.182857142857143,0.1346704871060172,0.0,2.9166966174264e-18,0.1319663491490371,11.736389684813753,0.0,0.0,0.15,0.08022922636103152,0,0.198695546493135,0.26880243432360634,6.85844742325244,1.0439057837027363,0.0,0.9629629629629629,0.0,0.1,0.0,0.9999999999999999,0.3,0.08,0.14040114613180515,0.5,0.25
167,0.9616828085429383,0.5031274781370771,0.9608598856962285,0.5032089416905406,0.26040296497001675,0.5006343493482212,0.670487106017192,0.3827450505460984,0.39148220549642554,0.08595988538681948,0.6685714285714286,0.3819996498062601,0.39170168396622973,0.08571428571428572,0.13753581661891118,0.1457142857142857,0.002857142857142857,11.28,0.1346704871060172,0.0,2.9166966174264e-18,0.1319663491490371,11.736389684813753,0.0,0.0,0.15,0.08022922636103152,0,0.19912736942149065,0.2674584221519883,6.8669927605016765,1.0230276680286814,0.0,0.9803921568627451,0.0,0.1,0.0,0.9999999999999999,0.3,0.08,0.13753581661891118,0.5,0.25
168,0.9621860765897283,0.502725362239057,0.9613617158343134,0.5028343811402026,0.26040296497001675,0.5006613768556217,0.7191977077363897,0.3827450505460984,0.39148220549642554,0.08595988538681948,0.7171428571428572,0.3819996498062601,0.39170168396622973,0.08571428571428572,0.12034383954154727,0.15142857142857144,0.002857142857142857,11.402857142857142,0.12893982808022922,0.0,2.9166966174264e-18,0.1319663491490371,11.736389684813753,0.0,0.0,0.15,0.08022922636103152,0,0.19887416114581177,0.26612113004122834,6.881081476720215,1.0025671146681077,0.0,1.0,0.0,0.1,0.0,0.9999999999999999,0.3,0.08,0.12034383954154727,0.5,0.25
169,0.9616285617654177,0.5031810466218016,0.9608057939095007,0.5032997178135086,0.26040296497001675,0.5007096027803026,0.6991404011461319,0.3828023571363563,0.3915251854391189,0.08595988538681948,0.6971428571428572,0.38205679266340303,0.3917445411090869,0.08571428571428572,0.12893982808022922,0.16285714285714287,0.002857142857142857,11.517142857142858,0.1318051575931232,0.0,2.9166966174264e-18,0.1319663491490371,11.736389684813753,0.0,0.0,0.15,0.08022922636103152,0,0.19913579176865417,0.29752850916507173,6.906316990042953,1.0053870604971413,0.0,0.9824561403508771,0.0,0.1,0.0,0.9999999999999999,0.3,0.08,0.12893982808022922,0.5,0.25
170,0.9624946164276365,0.5027457286861184,0.9616693741298277,0.5028998687878338,0.26040296497001675,0.5008069400608268,0.6590257879656161,0.3828596637266143,0.3915681653818124,0.08595988538681948,0.6571428571428571,0.3821139355205459,0.39178739825194403,0.08571428571428572,0.14040114613180515,0.15714285714285714,0.002857142857142857,11.577142857142857,0.1318051575931232,0.0,2.9166966174264e-18,0.1319663491490371,11.736389684813753,0.0,0.0,0.15,0.08022922636103152,0,0.19945339923838232,0.29604086661924633,6.925333507384949,1.005917026846196,0.0,0.9818181818181818,0.0,0.1,0.0,0.9999999999999999,0.3,0.08,0.14040114613180515,0.5,0.25
171,0.9633277510310645,0.5035903028051637,0.9625001283486745,0.5037464025931038,0.26040296497001675,0.500886823571571,0.66189111747851,0.38308889008764574,0.3917400851525859,0.08595988538681948,0.66,0.38234250694911726,0.3919588268233726,0.08571428571428572,0.1318051575931232,0.15714285714285714,0.002857142857142857,11.677142857142858,0.1318051575931232,0.0,2.9166966174264e-18,0.1319663491490371,11.736389684813753,0.0,0.0,0.15,0.08022922636103152,0,0.20054141795647615,0.2945606622861501,6.943969694380108,1.0037986863092718,0.0,0.9454545454545454,0.0,0.1,0.0,0.9999999999999999,0.3,0.08,0.1318051575931232,0.5,0.25
172,0.9637662232682412,0.5042736782559054,0.9629373478080308,0.5043859578543806,0.26040296497001675,0.5011008024165344,0.6819484240687679,0.38320350326816155,0.39182604503797275,0.08595988538681948,0.68,0.38245679266340304,0.3920445411090869,0.08571428571428572,0.1174785100286533,0.13428571428571429,0.002857142857142857,11.757142857142858,0.12893982808022922,0.0,2.9166966174264e-18,0.1319663491490371,11.736389684813753,0.0,0.0,0.15,0.08022922636103152,0,0.20070971086669373,0.29308785897471934,6.939376014778221,1.018051089637626,0.0,0.9787234042553191,0.0,0.1,0.0,0.9999999999999999,0.3,0.08,0.1174785100286533,0.5,0.25
173,0.962524956261191,0.5040305883862518,0.9616996272781434,0.5041247345326018,0.26040296497001675,0.5014434480513343,0.6876790830945558,0.38320350326816155,0.39182604503797275,0.08595988538681948,0.6857142857142857,0.38245679266340304,0.3920445411090869,0.08571428571428572,0.12893982808022922,0.1457142857142857,0.002857142857142857,11.848571428571429,0.1346704871060172,0.0,2.9166966174264e-18,0.1319663491490371,11.736389684813753,0.0,0.0,0.15,0.08022922636103152,0,0.20047701945521745,0.2916224196798457,6.946302780196941,0.9976900678448735,0.0,1.0,0.0,0.1,0.0,0.9999999999999999,0.3,0.08,0.12893982808022922,0.5,0.25
174,0.9631887497725551,0.504923883954807,0.9623615242366179,0.5050272917073889,0.26040296497001675,0.5017817619428496,0.7048710601719198,0.3833181164486772,0.3919120049233596,0.08595988538681948,0.7028571428571428,0.3825710783776887,0.3921302553948012,0.08571428571428572,0.13753581661891118,0.1742857142857143,0.002857142857142857,11.974285714285715,0.1346704871060172,0.0,2.9166966174264e-18,0.1319663491490371,11.736389684813753,0.0,0.0,0.15,0.08022922636103152,0,0.20087363507222708,0.2901643075814465,6.981662438878717,0.9863724520433605,0.0,0.9836065573770492,0.0,0.1,0.0,0.9999999999999999,0.3,0.08,0.13753581661891118,0.5,0.25
175,0.963160520387378,0.5039256130759956,0.962333375506827,0.5040309414089612,0.26040296497001675,0.5021912855121765,0.7106017191977078,0.3833181164486772,0.3919120049233596,0.08595988538681948,0.7085714285714285,0.3825710783776887,0.3921302553948012,0.08571428571428572,0.08882521489971347,0.09714285714285714,0.002857142857142857,12.077142857142857,0.1318051575931232,0.0,2.9166966174264e-18,0.1319663491490371,11.736389684813753,0.0,0.0,0.15,0.08022922636103152,0,0.20035498118258016,0.2887134860435393,6.939172047244,0.9666450030024933,0.0,1.0,0.0,0.1,0.0,0.9999999999999999,0.3,0.08,0.08882521489971347,0.5,0.25
176,0.9644892089580022,0.5029223973996134,0.9636582678243923,0.5029919548775761,0.26040296497001675,0.5024527367617762,0.6962750716332379,0.3833754230389351,0.391954984866053,0.08595988538681948,0.6942857142857143,0.38262822123483164,0.39217311253765824,0.08571428571428572,0.12607449856733524,0.14285714285714285,0.002857142857142857,12.2,0.1318051575931232,0.0,2.9166966174264e-18,0.1319663491490371,11.736389684813753,0.0,0.0,0.15,0.08022922636103152,0,0.20069492056238158,0.2872699186133216,6.9432457491562625,0.9643600000000009,0.0,0.98,0.0,0.1,0.0,0.9999999999999999,0.3,0.08,0.12607449856733524,0.5,0.25
177,0.9638348047817346,0.503476536582058,0.9630057333743425,0.5034972307177579,0.26040296497001675,0.5027653955478417,0.7134670487106017,0.3834900362194509,0.39204094475143986,0.08595988538681948,0.7114285714285714,0.3827425069491173,0.39225882682337265,0.08571428571428572,0.14040114613180515,0.1657142857142857,0.002857142857142857,12.297142857142857,0.1318051575931232,0.0,2.9166966174264e-18,0.1319663491490371,11.736389684813753,0.0,0.0,0.15,0.08022922636103152,0,0.2009190188167125,0.285833569020255,6.970095119887423,0.9814965759340315,0.0,0.9827586206896551,0.0,0.1,0.0,0.9999999999999999,0.3,0.08,0.14040114613180515,0.5,0.25
178,0.9635049028089936,0.5031960654588751,0.9626767739786666,0.5032301834598366,0.26040296497001675,0.503188319662668,0.7106017191977078,0.3834900362194509,0.39204094475143986,0.08595988538681948,0.7085714285714285,0.3827425069491173,0.39225882682337265,0.08571428571428572,0.14326647564469913,0.17714285714285713,0.002857142857142857,12.402857142857142,0.1318051575931232,0.0,2.9166966174264e-18,0.1319663491490371,11.736389684813753,0.0,0.0,0.15,0.08022922636103152,0,0.2008274265762004,0.2844044011751537,7.007836074632531,0.9618666444153509,0.0,1.0,0.0,0.1,0.0,0.9999999999999999,0.3,0.08,0.14326647564469913,0.5,0.25
179,0.9639420310684946,0.5027288157601869,0.9631126533002833,0.5027420452844104,0.26040296497001675,0.5034702557047183,0.6962750716332379,0.3836046493999667,0.39212690463682665,0.08595988538681948,0.6942857142857143,0.382856792663403,0.39234454110908684,0.08571428571428572,0.1489971346704871,0.18285714285714286,0.002857142857142857,12.514285714285714,0.1318051575931232,0.0,2.9166966174264e-18,0.1319663491490371,11.736389684813753,0.0,0.0,0.15,0.08022922636103152,0,0.20096600372903367,0.28298237916927793,7.050536495997024,0.9560486037433921,0.0,0.984375,0.0,0.1,0.0,0.9999999999999999,0.3,0.08,0.1489971346704871,0.5,0.25
180,0.9632676651570409,0.5026948518342147,0.9624402141485767,0.5027703267803065,0.26040296497001675,0.5037727425572945,0.6991404011461319,0.3837192625804824,0.3922128645222135,0.08595988538681948,0.6971428571428572,0.38297107837768873,0.3924302553948012,0.08571428571428572,0.1174785100286533,0.14285714285714285,0.002857142857142857,12.625714285714286,0.1318051575931232,0.0,2.9166966174264e-18,0.1319663491490371,11.736389684813753,0.0,0.0,0.15,0.08022922636103152,0,0.20107503085324566,0.28156746727343157,7.052382908934226,0.9427683658709233,0.0,0.98,0.0,0.1,0.0,0.9999999999999999,0.3,0.08,0.1174785100286533,0.5,0.25
181,0.9631254606002135,0.5023057687559518,0.962298415890483,0.5023748038823777,0.26040296497001675,0.5040436712841555,0.7277936962750716,0.3838911823512561,0.3923418043502937,0.08595988538681948,0.7257142857142858,0.3831425069491173,0.3925588268233726,0.08571428571428572,0.1318051575931232,0.16,0.002857142857142857,12.72,0.1346704871060172,0.0,2.9166966174264e-18,0.1319663491490371,11.736389684813753,0.0,0.0,0.15,0.08022922636103152,0,0.201838948538283,0.28380672546661295,7.071335250755541,0.9623600000000003,0.0,0.9642857142857143,0.0,0.1,0.0,0.9999999999999999,0.3,0.08,0.1318051575931232,0.5,0.25
182,0.9621457152297693,0.5026178546716144,0.9613214697925258,0.5027376862122818,0.26040296497001675,0.504292673779902,0.670487106017192,0.3840631021220297,0.39247074417837396,0.08595988538681948,0.6685714285714286,0.3833139355205459,0.392687398251944,0.08571428571428572,0.12607449856733524,0.15428571428571428,0.002857142857142857,12.831428571428571,0.1318051575931232,0.0,2.9166966174264e-18,0.1319663491490371,11.736389684813753,0.0,0.0,0.15,0.08022922636103152,0,0.20251446879559157,0.2823876918392799,7.084194260026146,0.9759503454130404,0.0,0.9629629629629629,0.0,0.1,0.0,0.9999999999999999,0.3,0.08,0.12607449856733524,0.5,0.25
183,0.9615942266696258,0.5028209581663421,0.9607715569139827,0.5029743837378751,0.26040296497001675,0.5045525188282818,0.6962750716332379,0.38429232848306116,0.3926426639491476,0.08595988538681948,0.6942857142857143,0.38354250694911735,0.3928588268233726,0.08571428571428572,0.12893982808022922,0.14857142857142858,0.002857142857142857,12.948571428571428,0.1346704871060172,0.0,2.9166966174264e-18,0.1319663491490371,11.736389684813753,0.0,0.0,0.15,0.08022922636103152,0,0.20307303930875645,0.2809757533800835,7.09108180339705,0.9863032875248248,0.0,0.9615384615384616,0.0,0.1,0.0,0.9999999999999999,0.3,0.08,0.12893982808022922,0.5,0.25
184,0.9627153164033022,0.5028671554032449,0.9618894435341343,0.5030145385134323,0.26040296497001675,0.5047815554151276,0.6762177650429799,0.38429232848306116,0.3926426639491476,0.08595988538681948,0.6742857142857143,0.38354250694911735,0.3928588268233726,0.08571428571428572,0.1346704871060172,0.16285714285714287,0.002857142857142857,13.06,0.14040114613180515,0.0,2.9166966174264e-18,0.1319663491490371,11.736389684813753,0.0,0.0,0.15,0.08022922636103152,0,0.20279996054078417,0.2795708746131831,7.1121173101862505,0.9665772217743281,0.0,1.0,0.0,0.1,0.0,0.9999999999999999,0.3,0.08,0.1346704871060172,0.5,0.25
185,0.9623691741424075,0.5025594928620162,0.9615442902511278,0.5026700570179113,0.26040296497001675,0.5048457210192363,0.664756446991404,0.38429232848306116,0.3926426639491476,0.08595988538681948,0.6628571428571428,0.38354250694911735,0.3928588268233726,0.08571428571428572,0.14613180515759314,0.16285714285714287,0.002857142857142857,13.16,0.14040114613180515,0.0,2.9166966174264e-18,0.1319663491490371,11.736389684813753,0.0,0.0,0.15,0.08022922636103152,0,0.2025566757380802,0.2781730202401172,7.132732106839669,0.9472456773388416,0.0,1.0,0.0,0.1,0.0,0.9999999999999999,0.3,0.08,0.14613180515759314,0.5,0.25
186,0.9618573198598369,0.5031150341459447,0.9610338984093645,0.5032332565740101,0.26040296497001675,0.504882063432859,0.6762177650429799,0.3846361680246085,0.392900543605308,0.08595988538681948,0.6742857142857143,0.3838853640919745,0.3931159696805154,0.08571428571428572,0.11461318051575932,0.15142857142857144,0.002857142857142857,13.271428571428572,0.13753581661891118,0.0,2.9166966174264e-18,0.1319663491490371,11.736389684813753,0.0,0.0,0.15,0.08022922636103152,0,0.20376919232371124,0.28669968556682196,7.141506036131446,1.0224053611628054,0.0,0.9433962264150944,0.0,0.1,0.0,0.9999999999999999,0.3,0.08,0.11461318051575932,0.5,0.25
187,0.9615732689580759,0.5040764493419085,0.9607506590816087,0.5042031968801767,0.26040296497001675,0.504923892614065,0.673352435530086,0.3846361680246085,0.392900543605308,0.08595988538681948,0.6714285714285714,0.3838853640919745,0.3931159696805154,0.08571428571428572,0.1174785100286533,0.14,0.002857142857142857,13.377142857142857,0.13753581661891118,0.0,2.9166966174264e-18,0.1319663491490371,11.736389684813753,0.0,0.0,0.15,0.08022922636103152,0,0.20354948921923552,0.2852661871389879,7.138675915408819,1.0019572539395494,0.0,1.0,0.0,0.1,0.0,0.9999999999999999,0.3,0.08,0.1174785100286533,0.5,0.25
188,0.9610995925369454,0.5035404242994893,0.9602783360216814,0.5036422301193475,0.26040296497001675,0.5050728098256032,0.6876790830945558,0.3846361680246085,0.392900543605308,0.08595988538681948,0.6857142857142857,0.3838853640919745,0.3931159696805154,0.08571428571428572,0.12320916905444126,0.15714285714285714,0.002857142857142857,13.497142857142856,0.13753581661891118,0.0,2.9166966174264e-18,0.1319663491490371,11.736389684813753,0.0,0.0,0.15,0.08022922636103152,0,0.20338802748742507,0.2838398562032929,7.153045254243499,0.9819181088607584,0.0,1.0,0.0,0.1,0.0,0.9999999999999999,0.3,0.08,0.12320916905444126,0.5,0.25
189,0.961271218050765,0.5029746936217578,0.96044947117689,0.5030920437653016,0.26040296497001675,0.5051927203274086,0.6762177650429799,0.38469347461486636,0.3929435235480014,0.08595988538681948,0.6742857142857143,0.3839425069491173,0.39315882682337255,0.08571428571428572,0.12607449856733524,0.15714285714285714,0.002857142857142857,13.62,0.13753581661891118,0.0,2.9166966174264e-18,0.1319663491490371,11.736389684813753,0.0,0.0,0.15,0.08022922636103152,0,0.2035705159214165,0.28242065692227647,7.167127206301487,1.0320384984637494,0.0,0.9818181818181818,0.0,0.1,0.0,0.9999999999999999,0.3,0.08,0.12607449856733524,0.5,0.25
190,0.9620624727533253,0.5040498777026872,0.9612384651517287,0.5041709669776616,0.26040296497001675,0.505265062648314,0.6790830945558739,0.3847507812051242,0.3929865034906948,0.08595988538681948,0.6771428571428572,0.38399964980626017,0.39320168396622973,0.08571428571428572,0.12893982808022922,0.14857142857142858,0.002857142857142857,13.728571428571428,0.13753581661891118,0.0,2.9166966174264e-18,0.1319663491490371,11.736389684813753,0.0,0.0,0.15,0.08022922636103152,0,0.20378052048466658,0.28870833989952843,7.1723560907468835,1.1299419553229513,0.0,0.9807692307692307,0.0,0.1,0.0,0.9999999999999999,0.3,0.08,0.12893982808022922,0.5,0.25
191,0.9620143908469041,0.505255453963312,0.9611905206221831,0.5054142284993507,0.26040296497001675,0.5053847092395192,0.673352435530086,0.3848080877953821,0.3930294834333883,0.08595988538681948,0.6714285714285714,0.38405679266340303,0.39324454110908685,0.08571428571428572,0.12320916905444126,0.14285714285714285,0.002857142857142857,13.84,0.13753581661891118,0.0,2.9166966174264e-18,0.1319663491490371,11.736389684813753,0.0,0.0,0.15,0.08022922636103152,0,0.20387547502510042,0.28726479820003076,7.171766111789091,1.1073431162164924,0.0,0.98,0.0,0.1,0.0,0.9999999999999999,0.3,0.08,0.12320916905444126,0.5,0.25
192,0.9612827031100217,0.5066217843077255,0.9604609234216916,0.5067908489201373,0.26040296497001675,0.505655445312893,0.6361031518624641,0.3848080877953821,0.3930294834333883,0.08595988538681948,0.6342857142857142,0.38405679266340303,0.39324454110908685,0.08571428571428572,0.11461318051575932,0.14,0.002857142857142857,13.928571428571429,0.14040114613180515,0.0,2.9166966174264e-18,0.1319663491490371,11.736389684813753,0.0,0.0,0.15,0.08022922636103152,0,0.20362638407854627,0.28582847420903057,7.168330789553308,1.0851962538921625,0.0,1.0,0.0,0.1,0.0,0.9999999999999999,0.3,0.08,0.11461318051575932,0.5,0.25
193,0.9621816786705512,0.5073102818482086,0.9613573304806197,0.5075111080408801,0.26040296497001675,0.5060349613807017,0.670487106017192,0.38486539438564005,0.39307246337608165,0.08595988538681948,0.6685714285714286,0.38411393552054585,0.3932873982519439,0.08571428571428572,0.11174785100286533,0.14285714285714285,0.002857142857142857,14.048571428571428,0.14040114613180515,0.0,2.9166966174264e-18,0.1319663491490371,11.736389684813753,0.0,0.0,0.15,0.08022922636103152,0,0.2038361093010107,0.28439933183798544,7.167821316619384,1.0634923288143194,0.0,0.98,0.0,0.1,0.0,0.9999999999999999,0.3,0.08,0.11174785100286533,0.5,0.25
194,0.9603569406705832,0.5068860283501477,0.9595378060177945,0.507062681439952,0.26040296497001675,0.5063135107078374,0.6848137535816619,0.38486539438564005,0.39307246337608165,0.08595988538681948,0.6828571428571428,0.38411393552054585,0.3932873982519439,0.08571428571428572,0.1174785100286533,0.16,0.002857142857142857,14.154285714285715,0.13753581661891118,0.0,2.9166966174264e-18,0.1319663491490371,11.736389684813753,0.0,0.0,0.15,0.08022922636103152,0,0.20364435875450568,0.2829773351787955,7.184464890286997,1.042222482238033,0.0,1.0,0.0,0.1,0.0,0.9999999999999999,0.3,0.08,0.1174785100286533,0.5,0.25
195,0.9597377621006516,0.506525434726241,0.9589203965294911,0.5067192734102376,0.26040296497001675,0.5066070199230285,0.6991404011461319,0.38486539438564005,0.39307246337608165,0.08595988538681948,0.6971428571428572,0.38411393552054585,0.3932873982519439,0.08571428571428572,0.1518624641833811,0.1657142857142857,0.002857142857142857,14.288571428571428,0.14040114613180515,0.0,2.9166966174264e-18,0.1319663491490371,11.736389684813753,0.0,0.0,0.15,0.08022922636103152,0,0.20356629405012588,0.2815624485029015,7.206489878195542,1.0213780325932722,0.0,1.0,0.0,0.1,0.0,0.9999999999999999,0.3,0.08,0.1518624641833811,0.5,0.25
196,0.9601926172731425,0.5057342300058861,0.9593739521157749,0.5059300952860493,0.26040296497001675,0.5069163005036749,0.7020057306590258,0.38486539438564005,0.39307246337608165,0.08595988538681948,0.7,0.38411393552054585,0.3932873982519439,0.08571428571428572,0.12607449856733524,0.15142857142857144,0.002857142857142857,14.414285714285715,0.13753581661891118,0.0,2.9166966174264e-18,0.1319663491490371,11.736389684813753,0.0,0.0,0.15,0.08022922636103152,0,0.20337646257987527,0.280154636260387,7.213788652060202,1.0009504719414068,0.0,1.0,0.0,0.1,0.0,0.9999999999999999,0.3,0.08,0.12607449856733524,0.5,0.25
197,0.9598179614548455,0.5061616491683183,0.9590003667426734,0.5063725120076596,0.26040296497001675,0.5071883604203722,0.7134670487106017,0.38492270097589787,0.39311544331877507,0.08595988538681948,0.7114285714285714,0.38417107837768877,0.3933302553948012,0.08571428571428572,0.11461318051575932,0.13142857142857142,0.002857142857142857,14.537142857142857,0.14040114613180515,0.0,2.9166966174264e-18,0.1319663491490371,11.736389684813753,0.0,0.0,0.15,0.08022922636103152,0,0.2034448659812616,0.27875386307908506,7.20094145044757,1.0330224862058206,0.0,0.9782608695652174,0.0,0.1,0.0,0.9999999999999999,0.3,0.08,0.11461318051575932,0.5,0.25
198,0.9597721923085072,0.5062866672583166,0.9589547283653242,0.5064852629085718,0.26040296497001675,0.5074808967915254,0.6446991404011462,0.38492270097589787,0.39311544331877507,0.08595988538681948,0.6428571428571429,0.38417107837768877,0.3933302553948012,0.08571428571428572,0.12893982808022922,0.15142857142857144,0.002857142857142857,14.674285714285714,0.13753581661891118,0.0,2.9166966174264e-18,0.1319663491490371,11.736389684813753,0.0,0.0,0.15,0.08022922636103152,0,0.20325535593706962,0.27736009376368964,7.20835119286719,1.012362036481704,0.0,1.0,0.0,0.1,0.0,0.9999999999999999,0.3,0.08,0.12893982808022922,0.5,0.25
199,0.9590966552817495,0.5056365383984346,0.9582811214443573,0.5057932950993305,0.26040296497001675,0.507695592685049,0.6848137535816619,0.3850373141564137,0.3932014032041619,0.08595988538681948,0.6828571428571428,0.38428536409197445,0.3934159696805154,0.08571428571428572,0.10315186246418338,0.12571428571428572,0.002857142857142857,14.771428571428572,0.13753581661891118,0.0,2.9166966174264e-18,0.1319663491490371,11.736389684813753,0.0,0.0,0.15,0.08022922636103152,0,0.20343779487166996,0.2759732932948712,7.189898454724132,1.0120931363031251,0.0,0.9772727272727273,0.0,0.1,0.0,0.9999999999999999,0.3,0.08,0.10315186246418338,0.5,0.25
200,0.958623461581229,0.506627375124638,0.9578092797258384,0.5068207754649902,0.26040296497001675,0.5079962816353721,0.6962750716332379,0.3850373141564137,0.3932014032041619,0.08595988538681948,0.6942857142857143,0.38428536409197445,0.3934159696805154,0.08571428571428572,0.13753581661891118,0.16285714285714287,0.002857142857142857,14.911428571428571,0.13753581661891118,0.0,2.9166966174264e-18,0.1319663491490371,11.736389684813753,0.0,0.0,0.15,0.08022922636103152,0,0.20333389161159732,0.2745934268283968,7.208957628486791,0.9918512735770627,0.0,1.0,0.0,0.1,0.0,0.9999999999999999,0.3,0.08,0.13753581661891118,0.5,0.25
201,0.958943811948392,0.5066073004218729,0.958128714806238,0.5068166629943278,0.26040296497001675,0.5081798245044697,0.7020057306590258,0.3850373141564137,0.3932014032041619,0.08595988538681948,0.7,0.38428536409197445,0.3934159696805154,0.08571428571428572,0.15759312320916904,0.17142857142857143,0.002857142857142857,15.048571428571428,0.14326647564469913,0.0,2.9166966174264e-18,0.1319663491490371,11.736389684813753,0.0,0.0,0.15,0.08022922636103152,0,0.20314508001068218,0.27322045969425485,7.236207047345627,0.9720142481055214,0.0,1.0,0.0,0.1,0.0,0.9999999999999999,0.3,0.08,0.15759312320916904,0.5,0.25
202,0.9589544983617014,0.5061350097585156,0.958139370686938,0.5063308654865107,0.26040296497001675,0.5083488288264763,0.673352435530086,0.3850373141564137,0.3932014032041619,0.08595988538681948,0.6714285714285714,0.38428536409197445,0.3934159696805154,0.08571428571428572,0.12893982808022922,0.16,0.002857142857142857,15.174285714285714,0.14326647564469913,0.0,2.9166966174264e-18,0.1319663491490371,11.736389684813753,0.0,0.0,0.15,0.08022922636103152,0,0.20284335461062877,0.27185435739578356,7.251482906398715,0.952573963143411,0.0,1.0,0.0,0.1,0.0,0.9999999999999999,0.3,0.08,0.12893982808022922,0.5,0.25
203,0.9590914402448659,0.5060401094569542,0.9582759213075792,0.5062243270014619,0.26040296497001675,0.5084317594717573,0.6991404011461319,0.3850373141564137,0.3932014032041619,0.08595988538681948,0.6971428571428572,0.38428536409197445,0.3934159696805154,0.08571428571428572,0.14613180515759314,0.17714285714285713,0.002857142857142857,15.297142857142857,0.14040114613180515,0.0,2.9166966174264e-18,0.1319663491490371,11.736389684813753,0.0,0.0,0.15,0.08022922636103152,0,0.20274242426614705,0.27049508560880464,7.283596105413596,0.9335224838805427,0.0,1.0,0.0,0.1,0.0,0.9999999999999999,0.3,0.08,0.14613180515759314,0.5,0.25
204,0.9581873501875741,0.506641065927947,0.9573744143647368,0.5068353284504756,0.26040296497001675,0.5085141729051874,0.6790830945558739,0.3850373141564137,0.3932014032041619,0.08595988538681948,0.6771428571428572,0.38428536409197445,0.3934159696805154,0.08571428571428572,0.12034383954154727,0.1457142857142857,0.002857142857142857,15.417142857142856,0.14040114613180515,0.0,2.9166966174264e-18,0.1319663491490371,11.736389684813753,0.0,0.0,0.15,0.08022922636103152,0,0.2023855692876735,0.26914261018076063,7.2836384690196105,0.9148520342029319,0.0,1.0,0.0,0.1,0.0,0.9999999999999999,0.3,0.08,0.12034383954154727,0.5,0.25
205,0.9572503333271465,0.5064411261074309,0.956440074695339,0.5065855493321364,0.26040296497001675,0.508578958219826,0.6934097421203438,0.3851519273369294,0.39328736308954876,0.08595988538681948,0.6914285714285714,0.38439964980626024,0.3935016839662298,0.08571428571428572,0.1346704871060172,0.16857142857142857,0.002857142857142857,15.525714285714285,0.14040114613180515,0.0,2.9166966174264e-18,0.1319663491490371,11.736389684813753,0.0,0.0,0.15,0.08022922636103152,0,0.2026300700126637,0.2677968971298568,7.306537128210647,0.8965549935188731,0.0,0.9830508474576272,0.0,0.1,0.0,0.9999999999999999,0.3,0.08,0.1346704871060172,0.5,0.25
206,0.9584161265152333,0.5059167981586121,0.9576025370457457,0.5060594547409961,0.26040296497001675,0.5085599737281481,0.6762177650429799,0.3851519273369294,0.39328736308954876,0.08595988538681948,0.6742857142857143,0.38439964980626024,0.3935016839662298,0.08571428571428572,0.13753581661891118,0.15714285714285714,0.002857142857142857,15.634285714285713,0.14040114613180515,0.0,2.9166966174264e-18,0.1319663491490371,11.736389684813753,0.0,0.0,0.15,0.08022922636103152,0,0.2024444925197432,0.26645791264420754,7.31754924278929,0.8786238936484957,0.0,1.0,0.0,0.1,0.0,0.9999999999999999,0.3,0.08,0.13753581661891118,0.5,0.25
207,0.9596097365602246,0.5063336071142371,0.9587927367763227,0.5064636981885522,0.26040296497001675,0.5084901190256077,0.6848137535816619,0.38532384710770307,0.3934163029176289,0.08595988538681948,0.6828571428571428,0.3845710783776888,0.3936302553948011,0.08571428571428572,0.1346704871060172,0.15714285714285714,0.002857142857142857,15.757142857142858,0.14040114613180515,0.0,2.9166966174264e-18,0.1319663491490371,11.736389684813753,0.0,0.0,0.15,0.08022922636103152,0,0.20305998505714448,0.26512562308098647,7.328341115076362,0.9003622556541353,0.0,0.9636363636363636,0.0,0.1,0.0,0.9999999999999999,0.3,0.08,0.1346704871060172,0.5,0.25
208,0.9592015516429925,0.5081651773445348,0.9583857181017115,0.5083468627578039,0.26040296497001675,0.5084074038244436,0.66189111747851,0.38532384710770307,0.3934163029176289,0.08595988538681948,0.66,0.3845710783776888,0.3936302553948011,0.08571428571428572,0.12320916905444126,0.15142857142857144,0.002857142857142857,15.882857142857143,0.14040114613180515,0.0,2.9166966174264e-18,0.1319663491490371,11.736389684813753,0.0,0.0,0.15,0.08022922636103152,0,0.20278697084614447,0.26379999496558154,7.333202864203407,0.8823550105410526,0.0,1.0,0.0,0.1,0.0,0.9999999999999999,0.3,0.08,0.12320916905444126,0.5,0.25
209,0.9595352321281572,0.5082134191631265,0.9587184452140611,0.508437620383552,0.26040296497001675,0.5085577205546997,0.6446991404011462,0.38532384710770307,0.3934163029176289,0.08595988538681948,0.6428571428571429,0.3845710783776888,0.3936302553948011,0.08571428571428572,0.12034383954154727,0.14,0.002857142857142857,16.005714285714287,0.14613180515759314,0.0,2.9166966174264e-18,0.1319663491490371,11.736389684813753,0.0,0.0,0.15,0.08022922636103152,0,0.20257175170619948,0.2624809949907536,7.326538806919338,0.8647079103302315,0.0,1.0,0.0,0.1,0.0,0.9999999999999999,0.3,0.08,0.12034383954154727,0.5,0.25
210,0.9593971151400962,0.5080533368104978,0.9585807228459657,0.5082419739012619,0.26040296497001675,0.508802517539721,0.664756446991404,0.3855530734687346,0.3935882226884026,0.08595988538681948,0.6628571428571428,0.3847996498062602,0.39380168396622967,0.08571428571428572,0.1489971346704871,0.17142857142857143,0.002857142857142857,16.13142857142857,0.14613180515759314,0.0,2.9166966174264e-18,0.1319663491490371,11.736389684813753,0.0,0.0,0.15,0.08022922636103152,0,0.20327217937623995,0.2611685900157999,7.351436602209524,0.8945698618188896,0.0,0.9666666666666667,0.0,0.1,0.0,0.9999999999999999,0.3,0.08,0.1489971346704871,0.5,0.25
211,0.9584792985602677,0.5080383307953288,0.9576655285992228,0.5082390456537802,0.26040296497001675,0.5089072255774125,0.6790830945558739,0.38561038005899245,0.393631202631096,0.08595988538681948,0.6771428571428572,0.38485679266340306,0.39384454110908695,0.08571428571428572,0.12320916905444126,0.13142857142857142,0.002857142857142857,16.242857142857144,0.14613180515759314,0.0,2.9166966174264e-18,0.1319663491490371,11.736389684813753,0.0,0.0,0.15,0.08022922636103152,0,0.20325581847935872,0.2624503311780917,7.335836441593902,0.9281313440000012,0.0,0.9782608695652174,0.0,0.1,0.0,0.9999999999999999,0.3,0.08,0.12320916905444126,0.5,0.25
212,0.9579637959501611,0.508728663542052,0.9571514988537163,0.5088988219406047,0.26040296497001675,0.5089669012713872,0.664756446991404,0.38561038005899245,0.393631202631096,0.08595988538681948,0.6628571428571428,0.38485679266340306,0.39384454110908695,0.08571428571428572,0.12320916905444126,0.14,0.002857142857142857,16.385714285714286,0.14613180515759314,0.0,2.9166966174264e-18,0.1319663491490371,11.736389684813753,0.0,0.0,0.15,0.08022922636103152,0,0.20309497152624764,0.26113807952220125,7.329119712762026,0.9095687171200011,0.0,1.0,0.0,0.1,0.0,0.9999999999999999,0.3,0.08,0.12320916905444126,0.5,0.25
213,0.9588989511987077,0.5091498567918548,0.9580839822301244,0.5092976134798963,0.26040296497001675,0.5092487083758659,0.6905444126074498,0.38572499323950826,0.39371716251648287,0.08595988538681948,0.6885714285714286,0.38497107837768874,0.39393025539480114,0.08571428571428572,0.166189111747851,0.19428571428571428,0.002857142857142857,16.52,0.14326647564469913,0.0,2.9166966174264e-18,0.1319663491490371,11.736389684813753,0.0,0.0,0.15,0.08022922636103152,0,0.20361922164720567,0.2598323891245902,7.376823032792498,0.8913773427776011,0.0,0.9852941176470589,0.0,0.1,0.0,0.9999999999999999,0.3,0.08,0.166189111747851,0.5,0.25
214,0.959014520110981,0.5095678894672709,0.9581992209455056,0.5097285545768805,0.26040296497001675,0.5094064852942435,0.664756446991404,0.38583960642002396,0.39380312240186965,0.08595988538681948,0.6628571428571428,0.3850853640919745,0.39401596968051533,0.08571428571428572,0.1318051575931232,0.16285714285714287,0.002857142857142857,16.634285714285713,0.14040114613180515,0.0,2.9166966174264e-18,0.1319663491490371,11.736389684813753,0.0,0.0,0.15,0.08022922636103152,0,0.20371526839611248,0.2585332271789673,7.392143714993791,0.9250563969670295,0.0,0.9824561403508771,0.0,0.1,0.0,0.9999999999999999,0.3,0.08,0.1318051575931232,0.5,0.25
215,0.9584364194996512,0.5100723275911726,0.9576227720502078,0.5102024642716434,0.26040296497001675,0.5096161143930534,0.670487106017192,0.3859542196005397,0.3938890822872565,0.08595988538681948,0.6685714285714286,0.3851996498062602,0.39410168396622974,0.08571428571428572,0.10601719197707736,0.12571428571428572,0.002857142857142857,16.731428571428573,0.14040114613180515,0.0,2.9166966174264e-18,0.1319663491490371,11.736389684813753,0.0,0.0,0.15,0.08022922636103152,0,0.2038105491969891,0.25724056104307247,7.370015126408202,0.9352389671691962,0.0,0.9772727272727273,0.0,0.1,0.0,0.9999999999999999,0.3,0.08,0.10601719197707736,0.5,0.25
216,0.9587712302422656,0.5106181467626852,0.9579566261907008,0.5107291002736798,0.26040296497001675,0.5098661879108393,0.673352435530086,0.38606883278105547,0.39397504217264334,0.08595988538681948,0.6714285714285714,0.38531393552054594,0.39418739825194393,0.08571428571428572,0.1346704871060172,0.17142857142857143,0.002857142857142857,16.84285714285714,0.14040114613180515,0.0,2.9166966174264e-18,0.1319663491490371,11.736389684813753,0.0,0.0,0.15,0.08022922636103152,0,0.20413335430814697,0.2559543582378571,7.39404339530861,0.9623600000000003,0.0,0.9833333333333333,0.0,0.1,0.0,0.9999999999999999,0.3,0.08,0.1346704871060172,0.5,0.25
217,0.9561789805711096,0.5108468865095958,0.9553717829471764,0.5109483997873023,0.26040296497001675,0.510118905637982,0.6561604584527221,0.38606883278105547,0.39397504217264334,0.08595988538681948,0.6542857142857142,0.38531393552054594,0.39418739825194393,0.08571428571428572,0.12607449856733524,0.13428571428571429,0.002857142857142857,16.97714285714286,0.14040114613180515,0.0,2.9166966174264e-18,0.1319663491490371,11.736389684813753,0.0,0.0,0.15,0.08022922636103152,0,0.20379797396517768,0.2546745864466678,7.3804482416881525,0.9431128000000003,0.0,1.0,0.0,0.1,0.0,0.9999999999999999,0.3,0.08,0.12607449856733524,0.5,0.25
218,0.957035729527023,0.511810693114402,0.9562260840489301,0.5118781125678661,0.26040296497001675,0.5103531822782906,0.6590257879656161,0.3861834459615713,0.39406100205803013,0.08595988538681948,0.6571428571428571,0.3854282212348316,0.3942731125376583,0.08571428571428572,0.12893982808022922,0.14857142857142858,0.002857142857142857,17.06,0.14326647564469913,0.0,2.9166966174264e-18,0.1319663491490371,11.736389684813753,0.0,0.0,0.15,0.08022922636103152,0,0.2039772769346554,0.2534012135144345,7.381410705425816,0.9449804037453562,0.0,0.9807692307692307,0.0,0.1,0.0,0.9999999999999999,0.3,0.08,0.12893982808022922,0.5,0.25
219,0.9583127101689984,0.512052101882059,0.9574994161747858,0.5121295593195023,0.26040296497001675,0.5105851287867812,0.6532951289398281,0.3861834459615713,0.39406100205803013,0.08595988538681948,0.6514285714285715,0.3854282212348316,0.3942731125376583,0.08571428571428572,0.11461318051575932,0.13428571428571429,0.002857142857142857,17.16857142857143,0.14613180515759314,0.0,2.9166966174264e-18,0.1319663491490371,11.736389684813753,0.0,0.0,0.15,0.08022922636103152,0,0.2037558212642678,0.2521342074468623,7.368068205603014,0.926080795670449,0.0,1.0,0.0,0.1,0.0,0.9999999999999999,0.3,0.08,0.11461318051575932,0.5,0.25
220,0.9584444159106718,0.5116219266847306,0.9576307456143398,0.5117169178828579,0.26040296497001675,0.5107416034951863,0.6246418338108882,0.3861834459615713,0.39406100205803013,0.08595988538681948,0.6228571428571429,0.3854282212348316,0.3942731125376583,0.08571428571428572,0.12893982808022922,0.15142857142857144,0.002857142857142857,17.268571428571427,0.14326647564469913,0.0,2.9166966174264e-18,0.1319663491490371,11.736389684813753,0.0,0.0,0.15,0.08022922636103152,0,0.20364975787223216,0.25087353640962806,7.3721354129195245,0.9075591797570399,0.0,1.0,0.0,0.1,0.0,0.9999999999999999,0.3,0.08,0.12893982808022922,0.5,0.25
221,0.9587137547571016,0.5125997900923471,0.9578993149212087,0.512692371196977,0.26040296497001675,0.5110000511145236,0.6962750716332379,0.3861834459615713,0.39406100205803013,0.08595988538681948,0.6942857142857143,0.3854282212348316,0.3942731125376583,0.08571428571428572,0.12034383954154727,0.14285714285714285,0.002857142857142857,17.36,0.14613180515759314,0.0,2.9166966174264e-18,0.1319663491490371,11.736389684813753,0.0,0.0,0.15,0.08022922636103152,0,0.20340222408287104,0.24961916872757992,7.367549847518278,0.8894079961618991,0.0,1.0,0.0,0.1,0.0,0.9999999999999999,0.3,0.08,0.12034383954154727,0.5,0.25
222,0.9585111236853594,0.5122293541895728,0.9576972627953855,0.5123463072903806,0.26040296497001675,0.5111332458333907,0.6905444126074498,0.3865272855031185,0.3943188817141906,0.08595988538681948,0.6885714285714286,0.38577107837768876,0.3945302553948011,0.08571428571428572,0.12607449856733524,0.15428571428571428,0.002857142857142857,17.497142857142858,0.14613180515759314,0.0,2.9166966174264e-18,0.1319663491490371,11.736389684813753,0.0,0.0,0.15,0.08022922636103152,0,0.2045267858195995,0.2550147136005737,7.374484564853627,0.9242583219969212,0.0,0.9444444444444444,0.0,0.1,0.0,0.9999999999999999,0.3,0.08,0.12607449856733524,0.5,0.25
223,0.9587624620944639,0.5114924061705342,0.9579478830947499,0.5116314681277034,0.26040296497001675,0.511227370629285,0.6762177650429799,0.3866418986836343,0.39440484159957745,0.08595988538681948,0.6742857142857143,0.38588536409197444,0.39461596968051543,0.08571428571428572,0.1318051575931232,0.16,0.002857142857142857,17.617142857142856,0.14326647564469913,0.0,2.9166966174264e-18,0.1319663491490371,11.736389684813753,0.0,0.0,0.15,0.08022922636103152,0,0.20467486617621578,0.2537396400325708,7.386994873556553,0.9173017353621821,0.0,0.9821428571428571,0.0,0.1,0.0,0.9999999999999999,0.3,0.08,0.1318051575931232,0.5,0.25
224,0.9582777776676856,0.510631090730536,0.9574645834806195,0.5107798144877483,0.26040296497001675,0.5112427788880525,0.6934097421203438,0.38675651186415005,0.3944908014849642,0.08595988538681948,0.6914285714285714,0.3859996498062602,0.3947016839662297,0.08571428571428572,0.12607449856733524,0.14285714285714285,0.002857142857142857,17.697142857142858,0.14040114613180515,0.0,2.9166966174264e-18,0.1319663491490371,11.736389684813753,0.0,0.0,0.15,0.08022922636103152,0,0.20525092041676332,0.262482172322783,7.3821121189425645,0.9644273144152827,0.0,0.96,0.0,0.1,0.0,0.9999999999999999,0.3,0.08,0.12607449856733524,0.5,0.25
225,0.957947795878956,0.5106861913720702,0.9571355444970006,0.5108059242395936,0.26040296497001675,0.5112783610601921,0.6848137535816619,0.3868138184544079,0.39453378142765755,0.08882521489971347,0.6828571428571428,0.38605679266340304,0.39474454110908686,0.08857142857142856,0.1489971346704871,0.15714285714285714,0.002857142857142857,17.8,0.14040114613180515,0.0,2.9166966174264e-18,0.1319663491490371,11.736389684813753,0.0,0.0,0.15,0.08022922636103152,0,0.2055090958146795,0.2611697614611691,7.39161273370657,0.9836413269621531,0.0,0.9818181818181818,0.0,0.1,0.0,0.9999999999999999,0.3,0.08,0.1489971346704871,0.5,0.25
226,0.9577722923042007,0.5094411129208521,0.9569605423610301,0.509523997838936,0.26040296497001675,0.5113590896562368,0.7048710601719198,0.3869284316349237,0.39461974131304445,0.08882521489971347,0.7028571428571428,0.3861710783776887,0.39483025539480116,0.08857142857142856,0.15472779369627507,0.17142857142857143,0.002857142857142857,17.911428571428573,0.14040114613180515,0.0,2.9166966174264e-18,0.1319663491490371,11.736389684813753,0.0,0.0,0.15,0.08022922636103152,0,0.20582298176060607,0.2798891865593388,7.41520905046101,0.99631443069558,0.0,0.9833333333333333,0.0,0.1,0.0,0.9999999999999999,0.3,0.08,0.15472779369627507,0.5,0.25
227,0.960000531515153,0.509332617175539,0.959182415174237,0.5093814208137547,0.26040296497001675,0.511333774483708,0.6934097421203438,0.3869857382251815,0.3946627212557378,0.08882521489971347,0.6914285714285714,0.3862282212348316,0.3948731125376582,0.08857142857142856,0.1174785100286533,0.14,0.002857142857142857,18.034285714285716,0.14040114613180515,0.0,2.9166966174264e-18,0.1319663491490371,11.736389684813753,0.0,0.0,0.15,0.08022922636103152,0,0.2059077239946602,0.2964961433502633,7.4069048694517905,1.039732950725968,0.0,0.9795918367346939,0.0,0.1,0.0,0.9999999999999999,0.3,0.08,0.1174785100286533,0.5,0.25
228,0.9599869994816683,0.5088385758037075,0.9591689218037052,0.5088932275589668,0.26040296497001675,0.5112407542310231,0.7134670487106017,0.3869857382251815,0.3946627212557378,0.08882521489971347,0.7114285714285714,0.3862282212348316,0.3948731125376582,0.08857142857142856,0.1174785100286533,0.13714285714285715,0.002857142857142857,18.134285714285713,0.14040114613180515,0.0,2.9166966174264e-18,0.1319663491490371,11.736389684813753,0.0,0.0,0.15,0.08022922636103152,0,0.20564904251754404,0.295013662633512,7.395909629205612,1.0189382917114485,0.0,1.0,0.0,0.1,0.0,0.9999999999999999,0.3,0.08,0.1174785100286533,0.5,0.25
229,0.9601249114639204,0.5085894804180788,0.9593064397517223,0.5086591253794996,0.26040296497001675,0.5111213058537545,0.6991404011461319,0.3872149645862131,0.39483464102651145,0.08882521489971347,0.6971428571428572,0.386456792663403,0.3950445411090868,0.08857142857142856,0.14040114613180515,0.16857142857142857,0.002857142857142857,18.251428571428573,0.14040114613180515,0.0,2.9166966174264e-18,0.1319663491490371,11.736389684813753,0.0,0.0,0.15,0.08022922636103152,0,0.206419228019242,0.2935385943203444,7.416562865192929,1.0875770435844752,0.0,0.9661016949152542,0.0,0.1,0.0,0.9999999999999999,0.3,0.08,0.14040114613180515,0.5,0.25
230,0.9602573013375016,0.5081577083004148,0.9594384513685217,0.5082476547539156,0.26040296497001675,0.5109081663924935,0.6876790830945558,0.3873295777667288,0.3949206009118982,0.08882521489971347,0.6857142857142857,0.3865710783776888,0.3951302553948011,0.08857142857142856,0.1489971346704871,0.17714285714285713,0.002857142857142857,18.39142857142857,0.14040114613180515,0.0,2.9166966174264e-18,0.1319663491490371,11.736389684813753,0.0,0.0,0.15,0.08022922636103152,0,0.20661541759343155,0.2920709013487427,7.445374465031925,1.0658255027127856,0.0,0.9838709677419355,0.0,0.1,0.0,0.9999999999999999,0.3,0.08,0.1489971346704871,0.5,0.25
231,0.9599576783036955,0.5085434215799979,0.9591396844005263,0.5086340530211857,0.26040296497001675,0.5108208523580077,0.6762177650429799,0.3873295777667288,0.3949206009118982,0.08882521489971347,0.6742857142857143,0.3865710783776888,0.3951302553948011,0.08857142857142856,0.1489971346704871,0.16857142857142857,0.002857142857142857,18.5,0.14040114613180515,0.0,2.9166966174264e-18,0.1319663491490371,11.736389684813753,0.0,0.0,0.15,0.08022922636103152,0,0.20632462693403583,0.290610546841999,7.465038404302716,1.0445089926585298,0.0,1.0,0.0,0.1,0.0,0.9999999999999999,0.3,0.08,0.1489971346704871,0.5,0.25
232,0.9599668923821777,0.5088285066185879,0.9591488721530702,0.5088762081664585,0.26040296497001675,0.5108161686753937,0.7134670487106017,0.3873295777667288,0.3949206009118982,0.08882521489971347,0.7114285714285714,0.3865710783776888,0.3951302553948011,0.08857142857142856,0.10601719197707736,0.12,0.002857142857142857,18.588571428571427,0.14040114613180515,0.0,2.9166966174264e-18,0.1319663491490371,11.736389684813753,0.0,0.0,0.15,0.08022922636103152,0,0.20589271808507995,0.28915749410778896,7.43573763621666,1.0236188128053592,0.0,1.0,0.0,0.1,0.0,0.9999999999999999,0.3,0.08,0.10601719197707736,0.5,0.25
233,0.9596273375988765,0.5087790733296248,0.9588102875262926,0.5088073513967218,0.26040296497001675,0.5108030551398421,0.7048710601719198,0.3873295777667288,0.3949206009118982,0.08882521489971347,0.7028571428571428,0.3865710783776888,0.3951302553948011,0.08857142857142856,0.14326647564469913,0.1742857142857143,0.002857142857142857,18.705714285714286,0.14040114613180515,0.0,2.9166966174264e-18,0.1319663491490371,11.736389684813753,0.0,0.0,0.15,0.08022922636103152,0,0.2059468280660831,0.28771170663725004,7.461308597778043,1.003146436549252,0.0,1.0,0.0,0.1,0.0,0.9999999999999999,0.3,0.08,0.14326647564469913,0.5,0.25
234,0.9588577603819182,0.5090823451006784,0.9580429091013827,0.5091500151947028,0.26040296497001675,0.5107396214487755,0.6991404011461319,0.3873295777667288,0.3949206009118982,0.08882521489971347,0.6971428571428572,0.3865710783776888,0.3951302553948011,0.08857142857142856,0.12607449856733524,0.15428571428571428,0.002857142857142857,18.84,0.14040114613180515,0.0,2.9166966174264e-18,0.1319663491490371,11.736389684813753,0.0,0.0,0.15,0.08022922636103152,0,0.20565966535432414,0.28627314810406373,7.466368140108196,0.9830835078182668,0.0,1.0,0.0,0.1,0.0,0.9999999999999999,0.3,0.08,0.12607449856733524,0.5,0.25
235,0.9598205541313231,0.5089359344462309,0.9590029520115038,0.5090064758225284,0.26040296497001675,0.5105742827094393,0.7106017191977078,0.3873295777667288,0.3949206009118982,0.08882521489971347,0.7085714285714285,0.3865710783776888,0.3951302553948011,0.08857142857142856,0.1318051575931232,0.15428571428571428,0.002857142857142857,18.974285714285713,0.14040114613180515,0.0,2.9166966174264e-18,0.1319663491490371,11.736389684813753,0.0,0.0,0.15,0.08022922636103152,0,0.20537379559898106,0.2848417823635434,7.4713264915917454,0.9634218376619015,0.0,1.0,0.0,0.1,0.0,0.9999999999999999,0.3,0.08,0.1318051575931232,0.5,0.25
236,0.9612749011403232,0.5095007816118291,0.9604531437433351,0.5095674921380432,0.26040296497001675,0.510474484798298,0.6848137535816619,0.3873868843569867,0.39496358085459166,0.08882521489971347,0.6828571428571428,0.3866282212348316,0.3951731125376583,0.08857142857142856,0.12893982808022922,0.15714285714285714,0.002857142857142857,19.085714285714285,0.14040114613180515,0.0,2.9166966174264e-18,0.1319663491490371,11.736389684813753,0.0,0.0,0.15,0.08022922636103152,0,0.20554621304955756,0.2834175734517257,7.479042818902768,0.9677037389583988,0.0,0.9818181818181818,0.0,0.1,0.0,0.9999999999999999,0.3,0.08,0.12893982808022922,0.5,0.25
237,0.9607800742985406,0.5093897380277703,0.9599597306925289,0.5094581886904782,0.26040296497001675,0.5106330405334742,0.6876790830945558,0.3873868843569867,0.39496358085459166,0.08882521489971347,0.6857142857142857,0.3866282212348316,0.3951731125376583,0.08857142857142856,0.14326647564469913,0.16857142857142857,0.002857142857142857,19.208571428571428,0.14040114613180515,0.0,2.9166966174264e-18,0.1319663491490371,11.736389684813753,0.0,0.0,0.15,0.08022922636103152,0,0.2053746262700241,0.28200048558446705,7.498033391096141,0.9483496641792308,0.0,1.0,0.0,0.1,0.0,0.9999999999999999,0.3,0.08,0.14326647564469913,0.5,0.25
238,0.9597646852371842,0.5098292310166976,0.9589472427427764,0.5099254081651073,0.26040296497001675,0.5108182541899152,0.6819484240687679,0.3876734173082761,0.39517848056805877,0.08882521489971347,0.68,0.3869139355205459,0.39538739825194397,0.08857142857142856,0.1518624641833811,0.18285714285714286,0.002857142857142857,19.31142857142857,0.13753581661891118,0.0,2.9166966174264e-18,0.1319663491490371,11.736389684813753,0.0,0.0,0.15,0.08022922636103152,0,0.20651818313867396,0.28406720855030443,7.53092986613136,1.0010570346974654,0.0,0.953125,0.0,0.1,0.0,0.9999999999999999,0.3,0.08,0.1518624641833811,0.5,0.25
239,0.9599331634796155,0.5100967772334566,0.9591152396188009,0.5102476476176895,0.26040296497001675,0.5110123244698765,0.6762177650429799,0.38778803048879185,0.3952644404534455,0.09169054441260745,0.6742857142857143,0.3870282212348316,0.39547311253765827,0.09142857142857143,0.1346704871060172,0.14857142857142858,0.002857142857142857,19.445714285714285,0.13753581661891118,0.0,2.9166966174264e-18,0.1319663491490371,11.736389684813753,0.0,0.0,0.15,0.08022922636103152,0,0.2065995922229806,0.2826468725075529,7.528882697380161,0.990396548280485,0.0,0.9807692307692307,0.0,0.1,0.0,0.9999999999999999,0.3,0.08,0.1346704871060172,0.5,0.25
240,0.9602985927330542,0.5103899391434302,0.9594796247886584,0.5105139146210731,0.26040296497001675,0.5111810604424826,0.6762177650429799,0.38790264366930755,0.3953504003388324,0.09169054441260745,0.6742857142857143,0.3871425069491173,0.39555882682337257,0.09142857142857143,0.12607449856733524,0.16,0.002857142857142857,19.562857142857144,0.13753581661891118,0.0,2.9166966174264e-18,0.1319663491490371,11.736389684813753,0.0,0.0,0.15,0.08022922636103152,0,0.20679445140472283,0.2812336381450151,7.538305043432558,0.9738282898347912,0.0,0.9821428571428571,0.0,0.1,0.0,0.9999999999999999,0.3,0.08,0.12607449856733524,0.5,0.25
241,0.9603287049518374,0.5115038816519929,0.9595096509725308,0.5116176867708995,0.26040296497001675,0.5115193561823931,0.7077363896848138,0.3880172568498234,0.39543636022421913,0.09169054441260745,0.7057142857142857,0.387256792663403,0.39564454110908687,0.09142857142857143,0.1346704871060172,0.15142857142857144,0.002857142857142857,19.674285714285713,0.1346704871060172,0.0,2.9166966174264e-18,0.1319663491490371,11.736389684813753,0.0,0.0,0.15,0.08022922636103152,0,0.20693162200484205,0.29530762641674796,7.538967513992478,0.9861139659582074,0.0,0.9811320754716981,0.0,0.1,0.0,0.9999999999999999,0.3,0.08,0.1346704871060172,0.5,0.25
242,0.9591638746042358,0.511556725514818,0.9583481487116366,0.5116420152809044,0.26040296497001675,0.5117606415854243,0.66189111747851,0.3880745634400813,0.3954793401669125,0.09169054441260745,0.66,0.3873139355205459,0.39568739825194404,0.09142857142857143,0.11174785100286533,0.13142857142857142,0.002857142857142857,19.78857142857143,0.1346704871060172,0.0,2.9166966174264e-18,0.1319663491490371,11.736389684813753,0.0,0.0,0.15,0.08022922636103152,0,0.2069818224662464,0.2938310882846642,7.5196167351411995,1.0264390281480216,0.0,0.9782608695652174,0.0,0.1,0.0,0.9999999999999999,0.3,0.08,0.11174785100286533,0.5,0.25
243,0.959756118764573,0.5121471134894585,0.9589387007458013,0.512220424962996,0.26040296497001675,0.5119578765343796,0.7106017191977078,0.3880745634400813,0.3954793401669125,0.09169054441260745,0.7085714285714285,0.3873139355205459,0.39568739825194404,0.09142857142857143,0.13753581661891118,0.15428571428571428,0.002857142857142857,19.88,0.13753581661891118,0.0,2.9166966174264e-18,0.1319663491490371,11.736389684813753,0.0,0.0,0.15,0.08022922636103152,0,0.20674619906820088,0.2923619328432409,7.523510114724091,1.005910247585061,0.0,1.0,0.0,0.1,0.0,0.9999999999999999,0.3,0.08,0.13753581661891118,0.5,0.25
244,0.959438374077508,0.511492654984184,0.9586218639006994,0.5115053227273381,0.26040296497001675,0.5120768406887501,0.6848137535816619,0.38818917662059704,0.3955653000522994,0.09169054441260745,0.6828571428571428,0.38742822123483156,0.39577311253765823,0.09142857142857143,0.1174785100286533,0.1457142857142857,0.002857142857142857,20.002857142857142,0.1346704871060172,0.0,2.9166966174264e-18,0.1319663491490371,11.736389684813753,0.0,0.0,0.15,0.08022922636103152,0,0.20702405444796695,0.2909001231790247,7.518754198143895,1.0452454823417097,0.0,0.9803921568627451,0.0,0.1,0.0,0.9999999999999999,0.3,0.08,0.1174785100286533,0.5,0.25
245,0.9593452069722712,0.5112323439735836,0.9585289629871918,0.5112862727822842,0.26040296497001675,0.5121596477983463,0.664756446991404,0.3884184029816285,0.3957372198230731,0.09169054441260745,0.6628571428571428,0.387656792663403,0.39594454110908683,0.09142857142857143,0.12320916905444126,0.14285714285714285,0.002857142857142857,20.12857142857143,0.13753581661891118,0.0,2.9166966174264e-18,0.1319663491490371,11.736389684813753,0.0,0.0,0.15,0.08022922636103152,0,0.2077006584400307,0.2936588311622914,7.51123625703816,1.087687626155064,0.0,0.96,0.0,0.1,0.0,0.9999999999999999,0.3,0.08,0.12320916905444126,0.5,0.25
246,0.9593659469558824,0.510856757162549,0.958549643713707,0.5108730037951327,0.26040296497001675,0.5123450079977546,0.6991404011461319,0.3884184029816285,0.3957372198230731,0.09169054441260745,0.6971428571428572,0.387656792663403,0.39594454110908683,0.09142857142857143,0.11461318051575932,0.13142857142857142,0.002857142857142857,20.245714285714286,0.13753581661891118,0.0,2.9166966174264e-18,0.1319663491490371,11.736389684813753,0.0,0.0,0.15,0.08022922636103152,0,0.20731886943354483,0.2921905370064799,7.492440103325968,1.065933873631963,0.0,1.0,0.0,0.1,0.0,0.9999999999999999,0.3,0.08,0.11461318051575932,0.5,0.25
247,0.9582475738990925,0.5108634427356002,0.957434466008508,0.5109013727589475,0.26040296497001675,0.5125364022176857,0.6561604584527221,0.3884184029816285,0.3957372198230731,0.09169054441260745,0.6542857142857142,0.387656792663403,0.39594454110908683,0.09142857142857143,0.1318051575931232,0.1457142857142857,0.002857142857142857,20.34857142857143,0.13753581661891118,0.0,2.9166966174264e-18,0.1319663491490371,11.736389684813753,0.0,0.0,0.15,0.08022922636103152,0,0.20730813722566283,0.29072958432144747,7.488305586973734,1.0446151961593237,0.0,1.0,0.0,0.1,0.0,0.9999999999999999,0.3,0.08,0.1318051575931232,0.5,0.25
248,0.957583583871084,0.5116129825156013,0.9567723730948652,0.5116023910131634,0.26040296497001675,0.5126513245558167,0.6905444126074498,0.38853301616214425,0.39582317970845987,0.09169054441260745,0.6885714285714286,0.3877710783776887,0.3960302553948012,0.09142857142857143,0.15759312320916904,0.1742857142857143,0.002857142857142857,20.474285714285713,0.14040114613180515,0.0,2.9166966174264e-18,0.1319663491490371,11.736389684813753,0.0,0.0,0.15,0.08022922636103152,0,0.20792816796810595,0.28927593639984023,7.512825189519974,1.0748007787483722,0.0,0.9672131147540983,0.0,0.1,0.0,0.9999999999999999,0.3,0.08,0.15759312320916904,0.5,0.25
249,0.9582122671216154,0.5120049301311997,0.9573992601075378,0.5119643092667406,0.26040296497001675,0.5127731837478718,0.6962750716332379,0.38864762934266006,0.3959091395938467,0.09455587392550144,0.6942857142857143,0.38788536409197444,0.3961159696805154,0.09428571428571429,0.12320916905444126,0.15428571428571428,0.002857142857142857,20.582857142857144,0.14040114613180515,0.0,2.9166966174264e-18,0.1319663491490371,11.736389684813753,0.0,0.0,0.15,0.08022922636103152,0,0.2080878135568368,0.29457056965182854,7.516854400015288,1.085382990118563,0.0,0.9814814814814815,0.0,0.1,0.0,0.9999999999999999,0.3,0.08,0.12320916905444126,0.5,0.25
250,0.9597078607255992,0.5116482166255225,0.9588905805869389,0.5116600392158247,0.26040296497001675,0.5126568112346224,0.6790830945558739,0.38933530842575464,0.39642489890616767,0.09455587392550144,0.6771428571428572,0.38857107837768873,0.3966302553948011,0.09428571428571429,0.13753581661891118,0.17714285714285713,0.002857142857142857,20.705714285714286,0.14326647564469913,0.0,2.9166966174264e-18,0.1319663491490371,11.736389684813753,0.0,0.0,0.15,0.08022922636103152,0,0.21041808948905263,0.2938379047486202,7.543660169157841,1.136038281659876,0.0,0.9032258064516129,0.0,0.1,0.0,0.9999999999999999,0.3,0.08,0.13753581661891118,0.5,0.25
251,0.9611917404855529,0.5120433898755596,0.9603702206904358,0.5120338540319026,0.26040296497001675,0.5123614200716188,0.6332378223495702,0.38933530842575464,0.39642489890616767,0.09455587392550144,0.6314285714285715,0.38857107837768873,0.3966302553948011,0.09428571428571429,0.14613180515759314,0.16857142857142857,0.002857142857142857,20.82857142857143,0.14326647564469913,0.0,2.9166966174264e-18,0.1319663491490371,11.736389684813753,0.0,0.0,0.15,0.08022922636103152,0,0.21025057189875027,0.2923687152248771,7.561358394346111,1.1133175160266786,0.0,1.0,0.0,0.1,0.0,0.9999999999999999,0.3,0.08,0.14613180515759314,0.5,0.25
252,0.9607403493347638,0.5128589011899494,0.959920119228649,0.5128622685804407,0.26040296497001675,0.5122166923852255,0.6876790830945558,0.38933530842575464,0.39642489890616767,0.09455587392550144,0.6857142857142857,0.38857107837768873,0.3966302553948011,0.09428571428571429,0.11461318051575932,0.13714285714285715,0.002857142857142857,20.954285714285714,0.14326647564469913,0.0,2.9166966174264e-18,0.1319663491490371,11.736389684813753,0.0,0.0,0.15,0.08022922636103152,0,0.2098848904678279,0.29090687164875273,7.547274083602045,1.0910511657061448,0.0,1.0,0.0,0.1,0.0,0.9999999999999999,0.3,0.08,0.11461318051575932,0.5,0.25
253,0.9610599656449306,0.5128584711050592,0.9602388223493579,0.5128484243367516,0.26040296497001675,0.5121838296618695,0.673352435530086,0.38933530842575464,0.39642489890616767,0.09455587392550144,0.6714285714285714,0.38857107837768873,0.3966302553948011,0.09428571428571429,0.1174785100286533,0.12857142857142856,0.002857142857142857,21.08,0.14326647564469913,0.0,2.9166966174264e-18,0.1319663491490371,11.736389684813753,0.0,0.0,0.15,0.08022922636103152,0,0.20966289601548876,0.28945233729050895,7.524900030501433,1.069230142392022,0.0,1.0,0.0,0.1,0.0,0.9999999999999999,0.3,0.08,0.1174785100286533,0.5,0.25
254,0.9618080720110965,0.5126823929070712,0.9609847912687636,0.5126698403401316,0.26040296497001675,0.5120211119413738,0.66189111747851,0.38939261501601247,0.39646787884886103,0.09455587392550144,0.66,0.3886282212348316,0.39667311253765825,0.09428571428571429,0.12320916905444126,0.14857142857142858,0.002857142857142857,21.19142857142857,0.14326647564469913,0.0,2.9166966174264e-18,0.1319663491490371,11.736389684813753,0.0,0.0,0.15,0.08022922636103152,0,0.20981372510683988,0.3123443141234417,7.522973458462833,1.1123159735115729,0.0,0.9807692307692307,0.0,0.1,0.0,0.9999999999999999,0.3,0.08,0.12320916905444126,0.5,0.25
255,0.9612887599994253,0.512823625110075,0.9604669630056969,0.5128304788284885,0.26040296497001675,0.5119117340711117,0.7163323782234957,0.3895072281965283,0.3965538387342478,0.09455587392550144,0.7142857142857143,0.38874250694911733,0.3967588268233726,0.09428571428571429,0.1346704871060172,0.14857142857142858,0.002857142857142857,21.32,0.14326647564469913,0.0,2.9166966174264e-18,0.1319663491490371,11.736389684813753,0.0,0.0,0.15,0.08022922636103152,0,0.21042108576702,0.31078259255282453,7.521085417865005,1.0900696540413415,0.0,0.9615384615384616,0.0,0.1,0.0,0.9999999999999999,0.3,0.08,0.1346704871060172,0.5,0.25
256,0.9609700428695043,0.5133086520918144,0.9601491564961472,0.5133284396602301,0.26040296497001675,0.5117940507585883,0.7134670487106017,0.3895072281965283,0.3965538387342478,0.09455587392550144,0.7114285714285714,0.38874250694911733,0.3967588268233726,0.09428571428571429,0.12320916905444126,0.14857142857142858,0.002857142857142857,21.451428571428572,0.14326647564469913,0.0,2.9166966174264e-18,0.1319663491490371,11.736389684813753,0.0,0.0,0.15,0.08022922636103152,0,0.2101394103381849,0.3092286795900604,7.519235138079134,1.0682682609605145,0.0,1.0,0.0,0.1,0.0,0.9999999999999999,0.3,0.08,0.12320916905444126,0.5,0.25
257,0.9609155015724722,0.5134303978913719,0.9600947710313923,0.513465218531958,0.26040296497001675,0.5117564564347064,0.6532951289398281,0.3895072281965283,0.3965538387342478,0.09455587392550144,0.6514285714285715,0.38874250694911733,0.3967588268233726,0.09428571428571429,0.16045845272206305,0.19142857142857142,0.002857142857142857,21.562857142857144,0.14040114613180515,0.0,2.9166966174264e-18,0.1319663491490371,11.736389684813753,0.0,0.0,0.15,0.08022922636103152,0,0.21008714471149395,0.3076825361921101,7.560279006746123,1.0469028957413042,0.0,1.0,0.0,0.1,0.0,0.9999999999999999,0.3,0.08,0.16045845272206305,0.5,0.25
258,0.9621547302353707,0.5130767482044997,0.9613304590409683,0.5131367947828814,0.26040296497001675,0.5116984994397558,0.6475644699140402,0.3895072281965283,0.3965538387342478,0.09455587392550144,0.6457142857142857,0.38874250694911733,0.3967588268233726,0.09428571428571429,0.1346704871060172,0.16285714285714287,0.002857142857142857,21.7,0.14040114613180515,0.0,2.9166966174264e-18,0.1319663491490371,11.736389684813753,0.0,0.0,0.15,0.08022922636103152,0,0.20972228041650795,0.30614412351114956,7.571930569468344,1.0259648378264783,0.0,1.0,0.0,0.1,0.0,0.9999999999999999,0.3,0.08,0.1346704871060172,0.5,0.25
259,0.9631481878895568,0.5122331825119786,0.9623210782447139,0.5122727296050169,0.26040296497001675,0.5116898438626137,0.6475644699140402,0.3895072281965283,0.3965538387342478,0.09455587392550144,0.6457142857142857,0.38874250694911733,0.3967588268233726,0.09428571428571429,0.1489971346704871,0.17714285714285713,0.002857142857142857,21.825714285714287,0.13753581661891118,0.0,2.9166966174264e-18,0.1319663491490371,11.736389684813753,0.0,0.0,0.15,0.08022922636103152,0,0.20953009758585397,0.3046134028935938,7.5976348152218325,1.0054455410699488,0.0,1.0,0.0,0.1,0.0,0.9999999999999999,0.3,0.08,0.1489971346704871,0.5,0.25
260,0.962653901485946,0.5125732647327813,0.9618282040879704,0.5125876820444148,0.26040296497001675,0.5117424927924535,0.6074498567335244,0.3896218413770439,0.39663979861963466,0.09455587392550144,0.6057142857142858,0.388856792663403,0.3968445411090868,0.09428571428571429,0.12607449856733524,0.15428571428571428,0.002857142857142857,21.974285714285713,0.14040114613180515,0.0,2.9166966174264e-18,0.1319663491490371,11.736389684813753,0.0,0.0,0.15,0.08022922636103152,0,0.20956787566935325,0.3162836019150402,7.59996783320311,1.057897853121324,0.0,0.9814814814814815,0.0,0.1,0.0,0.9999999999999999,0.3,0.08,0.12607449856733524,0.5,0.25
261,0.9607057844432761,0.5125258951027865,0.9598856530939939,0.5125197613284946,0.26040296497001675,0.5117853522259639,0.6504297994269341,0.3896791479673019,0.39668277856232803,0.09455587392550144,0.6485714285714286,0.3889139355205459,0.39688739825194397,0.09428571428571429,0.1346704871060172,0.16,0.002857142857142857,22.105714285714285,0.14040114613180515,0.0,2.9166966174264e-18,0.1319663491490371,11.736389684813753,0.0,0.0,0.15,0.08022922636103152,0,0.2098046084338636,0.31470218390546495,7.607968476539047,1.0367398960588974,0.0,0.9821428571428571,0.0,0.1,0.0,0.9999999999999999,0.3,0.08,0.1346704871060172,0.5,0.25
262,0.9614588593002942,0.5118319913783125,0.9606365763085635,0.5118275559976019,0.26040296497001675,0.5118439716611508,0.7020057306590258,0.3896791479673019,0.39668277856232803,0.09455587392550144,0.7,0.3889139355205459,0.39688739825194397,0.09428571428571429,0.12607449856733524,0.15428571428571428,0.002857142857142857,22.234285714285715,0.14040114613180515,0.0,2.9166966174264e-18,0.1319663491490371,11.736389684813753,0.0,0.0,0.15,0.08022922636103152,0,0.20955472896312288,0.31312867298593766,7.610094821293981,1.0160050981377196,0.0,1.0,0.0,0.1,0.0,0.9999999999999999,0.3,0.08,0.12607449856733524,0.5,0.25
263,0.9606087872326051,0.5121242820221058,0.9597889330182107,0.5121292668277233,0.26040296497001675,0.512064223564814,0.6246418338108882,0.3898510677380756,0.3968117183904083,0.09455587392550144,0.6228571428571429,0.3890853640919745,0.3970159696805154,0.09428571428571429,0.14040114613180515,0.18285714285714286,0.002857142857142857,22.337142857142858,0.14326647564469913,0.0,2.9166966174264e-18,0.1319663491490371,11.736389684813753,0.0,0.0,0.15,0.08022922636103152,0,0.210248956032593,0.31156302962100796,7.640750067725245,1.023976972898686,0.0,0.96875,0.0,0.1,0.0,0.9999999999999999,0.3,0.08,0.14040114613180515,0.5,0.25
264,0.9594678672667076,0.5132416014887218,0.9586512728236445,0.5132332590309601,0.26040296497001675,0.5120816118373903,0.7134670487106017,0.3899656809185913,0.39689767827579514,0.09455587392550144,0.7114285714285714,0.38919964980626015,0.3971016839662297,0.09428571428571429,0.12607449856733524,0.15428571428571428,0.002857142857142857,22.457142857142856,0.14326647564469913,0.0,2.9166966174264e-18,0.1319663491490371,11.736389684813753,0.0,0.0,0.15,0.08022922636103152,0,0.21036871196671572,0.3100052144729029,7.642220780656454,1.003497433440712,0.0,0.9814814814814815,0.0,0.1,0.0,0.9999999999999999,0.3,0.08,0.12607449856733524,0.5,0.25
265,0.960684440657311,0.5123415914622881,0.9598643702902746,0.5123460841928943,0.26040296497001675,0.5120536803709848,0.6962750716332379,0.3899656809185913,0.39689767827579514,0.09455587392550144,0.6942857142857143,0.38919964980626015,0.3971016839662297,0.09428571428571429,0.12893982808022922,0.13714285714285715,0.002857142857142857,22.548571428571428,0.14040114613180515,0.0,2.9166966174264e-18,0.1319663491490371,11.736389684813753,0.0,0.0,0.15,0.08022922636103152,0,0.21003044054973932,0.3084551884005384,7.626519222186182,0.9834274847718979,0.0,1.0,0.0,0.1,0.0,0.9999999999999999,0.3,0.08,0.12893982808022922,0.5,0.25
266,0.9607173349235925,0.5124741489314393,0.9598971705729381,0.5124729124783226,0.26040296497001675,0.5119673782287756,0.6504297994269341,0.3900229875088491,0.3969406582184885,0.09455587392550144,0.6485714285714286,0.389256792663403,0.39714454110908687,0.09428571428571429,0.16332378223495703,0.18857142857142858,0.002857142857142857,22.65142857142857,0.14040114613180515,0.0,2.9166966174264e-18,0.1319663491490371,11.736389684813753,0.0,0.0,0.15,0.08022922636103152,0,0.21035057477556202,0.3069129124585357,7.6625602663138865,0.9693507477781435,0.0,0.9848484848484849,0.0,0.1,0.0,0.9999999999999999,0.3,0.08,0.16332378223495703,0.5,0.25
267,0.9616639549305795,0.5139979742076687,0.9608410859513337,0.5139957973150562,0.26040296497001675,0.5119634299716844,0.6418338108882522,0.3900229875088491,0.3969406582184885,0.09455587392550144,0.64,0.389256792663403,0.39714454110908687,0.09428571428571429,0.14326647564469913,0.17142857142857143,0.002857142857142857,22.76,0.14326647564469913,0.0,2.9166966174264e-18,0.1319663491490371,11.736389684813753,0.0,0.0,0.15,0.08022922636103152,0,0.21009825118739847,0.305378347896243,7.68073763241618,0.9499637328225806,0.0,1.0,0.0,0.1,0.0,0.9999999999999999,0.3,0.08,0.14326647564469913,0.5,0.25
268,0.9631206360667919,0.5126763384252364,0.9622936051414425,0.51268939979262,0.26040296497001675,0.5118908439023198,0.667621776504298,0.3900229875088491,0.3969406582184885,0.09455587392550144,0.6657142857142857,0.389256792663403,0.39714454110908687,0.09428571428571429,0.14613180515759314,0.17142857142857143,0.002857142857142857,22.86857142857143,0.14040114613180515,0.0,2.9166966174264e-18,0.1319663491490371,11.736389684813753,0.0,0.0,0.15,0.08022922636103152,0,0.20984747421717578,0.30385145615676185,7.698551451196428,0.9309644581661289,0.0,1.0,0.0,0.1,0.0,0.9999999999999999,0.3,0.08,0.14613180515759314,0.5,0.25
269,0.9626173739814256,0.512779093365141,0.9617917809477486,0.5127460765390472,0.26040296497001675,0.5118658944464601,0.6590257879656161,0.39008029409910705,0.39698363816118193,0.09455587392550144,0.6571428571428571,0.38931393552054583,0.397187398251944,0.09428571428571429,0.14326647564469913,0.16285714285714287,0.002857142857142857,22.982857142857142,0.14040114613180515,0.0,2.9166966174264e-18,0.1319663491490371,11.736389684813753,0.0,0.0,0.15,0.08022922636103152,0,0.2099976661318042,0.302332198875978,7.707437565029642,0.9370127429756914,0.0,0.9824561403508771,0.0,0.1,0.0,0.9999999999999999,0.3,0.08,0.14326647564469913,0.5,0.25
270,0.9620904139709732,0.5123507437439412,0.9612663265373264,0.5123300902597449,0.26040296497001675,0.5118444598569303,0.6504297994269341,0.3901949072796228,0.3970695980465688,0.09455587392550144,0.6485714285714286,0.38942822123483156,0.39727311253765824,0.09428571428571429,0.1346704871060172,0.1457142857142857,0.002857142857142857,23.077142857142857,0.14326647564469913,0.0,2.9166966174264e-18,0.1319663491490371,11.736389684813753,0.0,0.0,0.15,0.08022922636103152,0,0.21009010637257375,0.3053507794032712,7.699003099443333,0.9281313440000012,0.0,0.9803921568627451,0.0,0.1,0.0,0.9999999999999999,0.3,0.08,0.1346704871060172,0.5,0.25
271,0.9621521794851625,0.5117343416497621,0.9613279155786179,0.5116847610719333,0.26040296497001675,0.5118346122643441,0.6561604584527221,0.39036682705039644,0.397198537874649,0.09455587392550144,0.6542857142857142,0.3895996498062601,0.3974016839662297,0.09428571428571429,0.16045845272206305,0.18571428571428572,0.002857142857142857,23.2,0.13753581661891118,0.0,2.9166966174264e-18,0.1319663491490371,11.736389684813753,0.0,0.0,0.15,0.08022922636103152,0,0.21083851369785375,0.30716704590408017,7.730737323168752,0.9940627434726909,0.0,0.9692307692307692,0.0,0.1,0.0,0.9999999999999999,0.3,0.08,0.16045845272206305,0.5,0.25
272,0.961875183926618,0.5121005776263882,0.9610517114359547,0.5120314377223869,0.26040296497001675,0.511945496435426,0.6590257879656161,0.3904241336406543,0.3972415178173424,0.09455587392550144,0.6571428571428571,0.38965679266340303,0.39744454110908684,0.09428571428571429,0.1346704871060172,0.1457142857142857,0.002857142857142857,23.31714285714286,0.14040114613180515,0.0,2.9166966174264e-18,0.1319663491490371,11.736389684813753,0.0,0.0,0.15,0.08022922636103152,0,0.2108698925579359,0.3056312106745598,7.721836862419664,0.9826944078478165,0.0,0.9803921568627451,0.0,0.1,0.0,0.9999999999999999,0.3,0.08,0.1346704871060172,0.5,0.25
273,0.9619374259527035,0.5125523836853071,0.96111377562768,0.5124823404767144,0.26040296497001675,0.5121870024663873,0.6790830945558739,0.3904241336406543,0.3972415178173424,0.09455587392550144,0.6771428571428572,0.38965679266340303,0.39744454110908684,0.09428571428571429,0.14040114613180515,0.15142857142857144,0.002857142857142857,23.431428571428572,0.14326647564469913,0.0,2.9166966174264e-18,0.1319663491490371,11.736389684813753,0.0,0.0,0.15,0.08022922636103152,0,0.2106432580951462,0.304103054621187,7.718828696599841,0.9630405196908601,0.0,1.0,0.0,0.1,0.0,0.9999999999999999,0.3,0.08,0.14040114613180515,0.5,0.25
274,0.9616500657828815,0.5132516604467395,0.9608272364869146,0.5132262897594857,0.26040296497001675,0.5123949654083911,0.6561604584527221,0.390596053411428,0.39737045764542267,0.09455587392550144,0.6542857142857142,0.3898282212348316,0.3975731125376582,0.09428571428571429,0.10888252148997135,0.12571428571428572,0.002857142857142857,23.554285714285715,0.14326647564469913,0.0,2.9166966174264e-18,0.1319663491490371,11.736389684813753,0.0,0.0,0.15,0.08022922636103152,0,0.2110750425189562,0.30258253934808105,7.69016640838213,1.0,0.0,0.9545454545454546,0.0,0.1,0.0,0.9999999999999999,0.3,0.08,0.10888252148997135,0.5,0.25
275,0.9615784267104163,0.5125473001694975,0.9607558020975138,0.5125538036897956,0.26040296497001675,0.5125797864358319,0.6790830945558739,0.3906533600016858,0.39741343758811604,0.09455587392550144,0.6771428571428572,0.3898853640919745,0.39761596968051544,0.09428571428571429,0.12607449856733524,0.14285714285714285,0.002857142857142857,23.66857142857143,0.14040114613180515,0.0,2.9166966174264e-18,0.1319663491490371,11.736389684813753,0.0,0.0,0.15,0.08022922636103152,0,0.21136067015993287,0.3010696266513406,7.679220223071631,0.9878121967940556,0.0,0.98,0.0,0.1,0.0,0.9999999999999999,0.3,0.08,0.12607449856733524,0.5,0.25
276,0.9602667686794368,0.5127254596716035,0.9594478916609085,0.5127091584845634,0.26040296497001675,0.5128129026476564,0.6991404011461319,0.3908825863627174,0.3975853573588896,0.09455587392550144,0.6971428571428572,0.39011393552054585,0.397787398251944,0.09428571428571429,0.13753581661891118,0.1657142857142857,0.002857142857142857,23.802857142857142,0.14613180515759314,0.0,2.9166966174264e-18,0.1319663491490371,11.736389684813753,0.0,0.0,0.15,0.08022922636103152,0,0.21198843966627604,0.2995642785180839,7.691350104324483,1.0388109080747645,0.0,0.9655172413793104,0.0,0.1,0.0,0.9999999999999999,0.3,0.08,0.13753581661891118,0.5,0.25
277,0.9606334611550053,0.5120441128346414,0.9598135364436897,0.5120085296563636,0.26040296497001675,0.513050999480254,0.6962750716332379,0.3908825863627174,0.3975853573588896,0.09455587392550144,0.6942857142857143,0.39011393552054585,0.397787398251944,0.09428571428571429,0.1318051575931232,0.1457142857142857,0.002857142857142857,23.922857142857143,0.14613180515759314,0.0,2.9166966174264e-18,0.1319663491490371,11.736389684813753,0.0,0.0,0.15,0.08022922636103152,0,0.21169906961080184,0.29806645712549346,7.683237387952279,1.0180346899132693,0.0,1.0,0.0,0.1,0.0,0.9999999999999999,0.3,0.08,0.1318051575931232,0.5,0.25
278,0.959679970447077,0.5119380295574829,0.9588627699949268,0.5119065505755088,0.26040296497001675,0.5132258242635311,0.667621776504298,0.391054506133491,0.3977142971869699,0.09742120343839542,0.6657142857142857,0.39028536409197445,0.3979159696805154,0.09714285714285714,0.14326647564469913,0.19428571428571428,0.002857142857142857,24.042857142857144,0.14613180515759314,0.0,2.9166966174264e-18,0.1319663491490371,11.736389684813753,0.0,0.0,0.15,0.08022922636103152,0,0.21249614854489063,0.31321561231973793,7.723858354478948,1.0177109033335572,0.0,0.9705882352941176,0.0,0.1,0.0,0.9999999999999999,0.3,0.08,0.14326647564469913,0.5,0.25
279,0.9602686827263177,0.5120325858442717,0.9594498002390841,0.512002274324943,0.26040296497001675,0.5132436843352504,0.7048710601719198,0.3911691193140068,0.3978002570723567,0.09742120343839542,0.7028571428571428,0.39039964980626013,0.39800168396622965,0.09714285714285714,0.12607449856733524,0.1657142857142857,0.002857142857142857,24.18285714285714,0.14613180515759314,0.0,2.9166966174264e-18,0.1319663491490371,11.736389684813753,0.0,0.0,0.15,0.08022922636103152,0,0.21300495351645193,0.3223223339792094,7.735095473103655,1.0403142290454506,0.0,0.9655172413793104,0.0,0.1,0.0,0.9999999999999999,0.3,0.08,0.12607449856733524,0.5,0.25
280,0.9602774288049617,0.5114336994351143,0.9594585213289318,0.5113899717105272,0.26040296497001675,0.5134270397949489,0.664756446991404,0.39151295885555404,0.3980581367285172,0.09742120343839542,0.6628571428571428,0.3907425069491173,0.39825882682337255,0.09714285714285714,0.14040114613180515,0.17142857142857143,0.002857142857142857,24.314285714285713,0.1489971346704871,0.0,2.9166966174264e-18,0.1319663491490371,11.736389684813753,0.0,0.0,0.15,0.08022922636103152,0,0.21405364303458393,0.327619878236119,7.751822135070153,1.0874522364371628,0.0,0.95,0.0,0.1,0.0,0.9999999999999999,0.3,0.08,0.14040114613180515,0.5,0.25
281,0.9594687763877647,0.5116320792070385,0.9586521793472126,0.5116118712933425,0.26040296497001675,0.5135351031613178,0.6848137535816619,0.39157026544581186,0.39810111667121056,0.09742120343839542,0.6828571428571428,0.3907996498062601,0.3983016839662296,0.09714285714285714,0.1489971346704871,0.17714285714285713,0.002857142857142857,24.44,0.1489971346704871,0.0,2.9166966174264e-18,0.1319663491490371,11.736389684813753,0.0,0.0,0.15,0.08022922636103152,0,0.2141830891051253,0.3259817788449384,7.7739285495116075,1.0657031917084197,0.0,0.9838709677419355,0.0,0.1,0.0,0.9999999999999999,0.3,0.08,0.1489971346704871,0.5,0.25
282,0.9592329619538996,0.5115148509333177,0.9584170386688728,0.5114710072777582,0.26040296497001675,0.5137202077543587,0.6991404011461319,0.39162757203606985,0.39814409661390404,0.09742120343839542,0.6971428571428572,0.39085679266340306,0.39834454110908685,0.09714285714285714,0.14040114613180515,0.16285714285714287,0.002857142857142857,24.588571428571427,0.1489971346704871,0.0,2.9166966174264e-18,0.1319663491490371,11.736389684813753,0.0,0.0,0.15,0.08022922636103152,0,0.2143114600881711,0.3243518699507137,7.781307121378517,1.0778524763722879,0.0,0.9824561403508771,0.0,0.1,0.0,0.9999999999999999,0.3,0.08,0.14040114613180515,0.5,0.25
283,0.9588924504003052,0.5113660412075497,0.9580775000054316,0.5113563191586645,0.26040296497001675,0.5139320099897018,0.673352435530086,0.39162757203606985,0.39814409661390404,0.09742120343839542,0.6714285714285714,0.39085679266340306,0.39834454110908685,0.09714285714285714,0.10888252148997135,0.12571428571428572,0.002857142857142857,24.697142857142858,0.14613180515759314,0.0,2.9166966174264e-18,0.1319663491490371,11.736389684813753,0.0,0.0,0.15,0.08022922636103152,0,0.21398233135915878,0.32273011060096013,7.751395264665233,1.0562954268448421,0.0,1.0,0.0,0.1,0.0,0.9999999999999999,0.3,0.08,0.10888252148997135,0.5,0.25
284,0.9597071346897684,0.5114670387376224,0.9588898566254963,0.5114357788693222,0.26040296497001675,0.5140200825365562,0.670487106017192,0.39162757203606985,0.39814409661390404,0.09742120343839542,0.6685714285714286,0.39085679266340306,0.39834454110908685,0.09714285714285714,0.1489971346704871,0.16285714285714287,0.002857142857142857,24.845714285714287,0.14613180515759314,0.0,2.9166966174264e-18,0.1319663491490371,11.736389684813753,0.0,0.0,0.15,0.08022922636103152,0,0.2138255639880773,0.3211164600479553,7.7592245022290705,1.0351695183079452,0.0,1.0,0.0,0.1,0.0,0.9999999999999999,0.3,0.08,0.1489971346704871,0.5,0.25
285,0.9581351120079749,0.5109226351522942,0.9573223254370792,0.51087807331057,0.26040296497001675,0.514023953928394,0.6876790830945558,0.3917994918068435,0.3982730364419842,0.09742120343839542,0.6857142857142857,0.3910282212348316,0.3984731125376582,0.09714285714285714,0.1489971346704871,0.1742857142857143,0.002857142857142857,24.985714285714284,0.1489971346704871,0.0,2.9166966174264e-18,0.1319663491490371,11.736389684813753,0.0,0.0,0.15,0.08022922636103152,0,0.2144130083109941,0.3195108777477155,7.778325726470204,1.0622257071674541,0.0,0.9672131147540983,0.0,0.1,0.0,0.9999999999999999,0.3,0.08,0.1489971346704871,0.5,0.25
286,0.956766900022148,0.511068289080117,0.9559580226283547,0.5109818935235012,0.26040296497001675,0.5140172356723689,0.6991404011461319,0.3917994918068435,0.3982730364419842,0.09742120343839542,0.6971428571428572,0.3910282212348316,0.3984731125376582,0.09714285714285714,0.12607449856733524,0.14,0.002857142857142857,25.114285714285714,0.1489971346704871,0.0,2.9166966174264e-18,0.1319663491490371,11.736389684813753,0.0,0.0,0.15,0.08022922636103152,0,0.21399780041229624,0.31791332335897693,7.762759211940799,1.040981193024105,0.0,1.0,0.0,0.1,0.0,0.9999999999999999,0.3,0.08,0.12607449856733524,0.5,0.25
287,0.9572355268472906,0.5111886758112889,0.9564253105197112,0.5110753378944005,0.26040296497001675,0.5141386982138079,0.6590257879656161,0.392028718167875,0.39844495621275783,0.09742120343839542,0.6571428571428571,0.391256792663403,0.3986445411090868,0.09714285714285714,0.14040114613180515,0.16857142857142857,0.002857142857142857,25.228571428571428,0.1489971346704871,0.0,2.9166966174264e-18,0.1319663491490371,11.736389684813753,0.0,0.0,0.15,0.08022922636103152,0,0.21472652641023476,0.3210034265231671,7.776075456273411,1.042824763618122,0.0,0.9661016949152542,0.0,0.1,0.0,0.9999999999999999,0.3,0.08,0.14040114613180515,0.5,0.25
288,0.9562253811038193,0.5109003364604279,0.9554180509069354,0.5108261031981471,0.26040296497001675,0.5142958110025201,0.667621776504298,0.3920860247581328,0.3984879361554513,0.09742120343839542,0.6657142857142857,0.3913139355205459,0.3986873982519439,0.09714285714285714,0.14326647564469913,0.1657142857142857,0.002857142857142857,25.35142857142857,0.1489971346704871,0.0,2.9166966174264e-18,0.1319663491490371,11.736389684813753,0.0,0.0,0.15,0.08022922636103152,0,0.21485246520675502,0.3218426342906347,7.786268232862229,1.0233337793422648,0.0,0.9827586206896551,0.0,0.1,0.0,0.9999999999999999,0.3,0.08,0.14326647564469913,0.5,0.25
289,0.9567899544108485,0.511017282758555,0.9559810111473733,0.5109357582774292,0.26040296497001675,0.5144916476220626,0.6790830945558739,0.3921433313483907,0.3985309160981448,0.09742120343839542,0.6771428571428572,0.3913710783776888,0.39873025539480106,0.09714285714285714,0.12320916905444126,0.14857142857142858,0.002857142857142857,25.47714285714286,0.14613180515759314,0.0,2.9166966174264e-18,0.1319663491490371,11.736389684813753,0.0,0.0,0.15,0.08022922636103152,0,0.2148920600235784,0.3202334211191815,7.779114296776411,1.0217590343466105,0.0,0.9807692307692307,0.0,0.1,0.0,0.9999999999999999,0.3,0.08,0.12320916905444126,0.5,0.25
290,0.957037761755378,0.5112492789870637,0.9562281104709184,0.5111119338609111,0.26040296497001675,0.5146861209212085,0.6475644699140402,0.3921433313483907,0.3985309160981448,0.09742120343839542,0.6457142857142857,0.3913710783776888,0.39873025539480106,0.09714285714285714,0.1489971346704871,0.18,0.002857142857142857,25.602857142857143,0.14613180515759314,0.0,2.9166966174264e-18,0.1319663491490371,11.736389684813753,0.0,0.0,0.15,0.08022922636103152,0,0.21475931472346046,0.31863225401358564,7.803532010840884,1.0013238536596785,0.0,1.0,0.0,0.1,0.0,0.9999999999999999,0.3,0.08,0.1489971346704871,0.5,0.25
291,0.9572205102867074,0.5119683591864987,0.956410336863587,0.5118157024167008,0.26040296497001675,0.5148149495044365,0.6418338108882522,0.39225794452890644,0.3986168759835315,0.09742120343839542,0.64,0.3914853640919745,0.39881596968051536,0.09714285714285714,0.15472779369627507,0.18857142857142858,0.002857142857142857,25.731428571428573,0.14613180515759314,0.0,2.9166966174264e-18,0.1319663491490371,11.736389684813753,0.0,0.0,0.15,0.08022922636103152,0,0.21499923314984318,0.31703909274351766,7.836032799195496,1.1159110474367995,0.0,0.9848484848484849,0.0,0.1,0.0,0.9999999999999999,0.3,0.08,0.15472779369627507,0.5,0.25
292,0.9582168699712683,0.5118086210797601,0.957403849806192,0.5117013443705344,0.26040296497001675,0.5149949492894532,0.6590257879656161,0.39237255770942225,0.3987028358689184,0.09742120343839542,0.6571428571428571,0.39159964980626016,0.39890168396622966,0.09714285714285714,0.1346704871060172,0.16857142857142857,0.002857142857142857,25.857142857142858,0.1489971346704871,0.0,2.9166966174264e-18,0.1319663491490371,11.736389684813753,0.0,0.0,0.15,0.08022922636103152,0,0.2150385226983797,0.31545389727980006,7.847883571783012,1.0935928264880634,0.0,0.9830508474576272,0.0,0.1,0.0,0.9999999999999999,0.3,0.08,0.1346704871060172,0.5,0.25
293,0.9566600415201504,0.5119608314004809,0.955851469436363,0.5118482223512714,0.26040296497001675,0.5151696742740477,0.664756446991404,0.39237255770942225,0.3987028358689184,0.09742120343839542,0.6628571428571428,0.39159964980626016,0.39890168396622966,0.09714285714285714,0.1318051575931232,0.14857142857142858,0.002857142857142857,25.985714285714284,0.14613180515759314,0.0,2.9166966174264e-18,0.1319663491490371,11.736389684813753,0.0,0.0,0.15,0.08022922636103152,0,0.21473418722774495,0.3138766277934011,7.839497328918783,1.071720969958302,0.0,1.0,0.0,0.1,0.0,0.9999999999999999,0.3,0.08,0.1318051575931232,0.5,0.25
294,0.9575815595264002,0.5120511070787531,0.9567703545340234,0.511928555765971,0.26040296497001675,0.5152254882509569,0.6762177650429799,0.392487170889938,0.39878879575430515,0.09742120343839542,0.6742857142857143,0.39171393552054584,0.39898739825194396,0.09714285714285714,0.14613180515759314,0.1657142857142857,0.002857142857142857,26.117142857142856,0.14613180515759314,0.0,2.9166966174264e-18,0.1319663491490371,11.736389684813753,0.0,0.0,0.15,0.08022922636103152,0,0.21534551629160623,0.31230724465443405,7.848421668054692,1.050286550559136,0.0,0.9655172413793104,0.0,0.1,0.0,0.9999999999999999,0.3,0.08,0.14613180515759314,0.5,0.25
295,0.9574386759832751,0.5114346523481821,0.9566278792295932,0.5113452017481853,0.26040296497001675,0.5153383290102558,0.670487106017192,0.39260178407045376,0.39887475563969205,0.09742120343839542,0.6685714285714286,0.3918282212348316,0.39907311253765826,0.09714285714285714,0.1346704871060172,0.16,0.002857142857142857,26.225714285714286,0.14613180515759314,0.0,2.9166966174264e-18,0.1319663491490371,11.736389684813753,0.0,0.0,0.15,0.08022922636103152,0,0.21543964585300532,0.326199970460713,7.851453234693596,1.0396360501283053,0.0,0.9821428571428571,0.0,0.1,0.0,0.9999999999999999,0.3,0.08,0.1346704871060172,0.5,0.25
296,0.9550763561178072,0.511942417713891,0.9542723088494548,0.5118514332684473,0.26040296497001675,0.515432376825975,0.6934097421203438,0.39260178407045376,0.39887475563969205,0.09742120343839542,0.6914285714285714,0.3918282212348316,0.39907311253765826,0.09714285714285714,0.09742120343839542,0.11714285714285715,0.002857142857142857,26.354285714285716,0.14613180515759314,0.0,2.9166966174264e-18,0.1319663491490371,11.736389684813753,0.0,0.0,0.15,0.08022922636103152,0,0.21499059048088312,0.32456897060840945,7.8115670271425826,1.0188433291257393,0.0,1.0,0.0,0.1,0.0,0.9999999999999999,0.3,0.08,0.09742120343839542,0.5,0.25
297,0.9555211483944795,0.5127025169654417,0.9547158302910511,0.5126195901713292,0.26040296497001675,0.5154967756191684,0.6762177650429799,0.39260178407045376,0.39887475563969205,0.09742120343839542,0.6742857142857143,0.3918282212348316,0.39907311253765826,0.09714285714285714,0.12034383954154727,0.14,0.002857142857142857,26.485714285714284,0.14613180515759314,0.0,2.9166966174264e-18,0.1319663491490371,11.736389684813753,0.0,0.0,0.15,0.08022922636103152,0,0.21471435324276447,0.32294612575536735,7.795335686599731,0.9984664625432245,0.0,1.0,0.0,0.1,0.0,0.9999999999999999,0.3,0.08,0.12034383954154727,0.5,0.25
298,0.9556475713755127,0.5134110424041458,0.954841892063567,0.5133062048985833,0.26040296497001675,0.5156628027593432,0.66189111747851,0.39260178407045376,0.39887475563969205,0.09742120343839542,0.66,0.3918282212348316,0.39907311253765826,0.09714285714285714,0.12607449856733524,0.15142857142857144,0.002857142857142857,26.605714285714285,0.14613180515759314,0.0,2.9166966174264e-18,0.1319663491490371,11.736389684813753,0.0,0.0,0.15,0.08022922636103152,0,0.2146100714729792,0.32133139512659054,7.7908575442963075,0.9784971332923599,0.0,1.0,0.0,0.1,0.0,0.9999999999999999,0.3,0.08,0.12607449856733524,0.5,0.25
299,0.954709831379723,0.5133467130647928,0.9539068313249081,0.5131716980754855,0.26040296497001675,0.5157495130309009,0.6303724928366762,0.39260178407045376,0.39887475563969205,0.09742120343839542,0.6285714285714286,0.3918282212348316,0.39907311253765826,0.09714285714285714,0.10028653295128939,0.12,0.002857142857142857,26.725714285714286,0.14613180515759314,0.0,2.9166966174264e-18,0.1319663491490371,11.736389684813753,0.0,0.0,0.15,0.08022922636103152,0,0.21427873825490004,0.3197247381509576,7.755040393410382,0.9589271906265127,0.0,1.0,0.0,0.1,0.0,0.9999999999999999,0.3,0.08,0.10028653295128939,0.5,0.25
300,0.9551641461921709,0.5133692896638712,0.9543598480950347,0.5132253390309519,0.26040296497001675,0.5158089112574897,0.7191977077363897,0.39260178407045376,0.39887475563969205,0.09742120343839542,0.7171428571428572,0.3918282212348316,0.39907311253765826,0.09714285714285714,0.12034383954154727,0.16857142857142857,0.002857142857142857,26.86285714285714,0.14613180515759314,0.0,2.9166966174264e-18,0.1319663491490371,11.736389684813753,0.0,0.0,0.15,0.08022922636103152,0,0.21397805884933982,0.3181261144602028,7.768511014113602,0.9397486468139824,0.0,1.0,0.0,0.1,0.0,0.9999999999999999,0.3,0.08,0.12034383954154727,0.5,0.25
301,0.955740290820361,0.5128446455896535,0.9549343465957157,0.5127018670149897,0.26040296497001675,0.515828843823091,0.7335243553008596,0.3928310104314852,0.3990466754104656,0.09742120343839542,0.7314285714285714,0.39205679266340293,0.3992445411090868,0.09714285714285714,0.12034383954154727,0.14,0.002857142857142857,26.99142857142857,0.1489971346704871,0.0,2.9166966174264e-18,0.1319663491490371,11.736389684813753,0.0,0.0,0.15,0.08022922636103152,0,0.21459202926580742,0.3165354838879018,7.75314079383133,1.0081190952795347,0.0,0.9591836734693877,0.0,0.1,0.0,0.9999999999999999,0.3,0.08,0.12034383954154727,0.5,0.25
302,0.9548828362761728,0.5131600617168187,0.9540793419216539,0.5130032721829046,0.26040296497001675,0.515822985094305,0.7335243553008596,0.3928310104314852,0.3990466754104656,0.09742120343839542,0.7314285714285714,0.39205679266340293,0.3992445411090868,0.09714285714285714,0.10028653295128939,0.12571428571428572,0.002857142857142857,27.094285714285714,0.14613180515759314,0.0,2.9166966174264e-18,0.1319663491490371,11.736389684813753,0.0,0.0,0.15,0.08022922636103152,0,0.21426106911947831,0.3149528064684623,7.723792263668988,0.987956713373944,0.0,1.0,0.0,0.1,0.0,0.9999999999999999,0.3,0.08,0.10028653295128939,0.5,0.25
303,0.9551125620147514,0.5124298534569736,0.9543084113009792,0.5122933467044655,0.26040296497001675,0.5157178628868794,0.6962750716332379,0.3928310104314852,0.3990466754104656,0.09742120343839542,0.6942857142857143,0.39205679266340293,0.3992445411090868,0.09714285714285714,0.12607449856733524,0.1457142857142857,0.002857142857142857,27.208571428571428,0.14613180515759314,0.0,2.9166966174264e-18,0.1319663491490371,11.736389684813753,0.0,0.0,0.15,0.08022922636103152,0,0.21413105091673806,0.31337804243612,7.7150307041098936,0.9681975791064651,0.0,1.0,0.0,0.1,0.0,0.9999999999999999,0.3,0.08,0.12607449856733524,0.5,0.25
304,0.9534419897855929,0.5125082487332325,0.9526426121353327,0.5124248477579408,0.26040296497001675,0.5156921332251301,0.667621776504298,0.3928310104314852,0.3990466754104656,0.09742120343839542,0.6657142857142857,0.39205679266340293,0.3992445411090868,0.09714285714285714,0.14040114613180515,0.1657142857142857,0.002857142857142857,27.31142857142857,0.14613180515759314,0.0,2.9166966174264e-18,0.1319663491490371,11.736389684813753,0.0,0.0,0.15,0.08022922636103152,0,0.21385968209072584,0.3118111522239394,7.726444375741982,0.9488336275243359,0.0,1.0,0.0,0.1,0.0,0.9999999999999999,0.3,0.08,0.14040114613180515,0.5,0.25
305,0.9523135126174599,0.5129196414784005,0.9515173591876801,0.5128283917374387,0.26040296497001675,0.5157081671042174,0.6905444126074498,0.392945623612001,0.3991326352958524,0.09742120343839542,0.6885714285714286,0.3921710783776887,0.3993302553948011,0.09714285714285714,0.11461318051575932,0.13142857142857142,0.002857142857142857,27.422857142857143,0.14613180515759314,0.0,2.9166966174264e-18,0.1319663491490371,11.736389684813753,0.0,0.0,0.15,0.08022922636103152,0,0.21396095582312935,0.3102520964628197,7.703344059655715,0.948701010927396,0.0,0.9782608695652174,0.0,0.1,0.0,0.9999999999999999,0.3,0.08,0.11461318051575932,0.5,0.25
306,0.9519340037782403,0.5123510378222864,0.9511389346594297,0.5122569012597241,0.26040296497001675,0.5156823895205971,0.6275071633237822,0.392945623612001,0.3991326352958524,0.09742120343839542,0.6257142857142857,0.3921710783776887,0.3993302553948011,0.09714285714285714,0.13753581661891118,0.16285714285714287,0.002857142857142857,27.55142857142857,0.14613180515759314,0.0,2.9166966174264e-18,0.1319663491490371,11.736389684813753,0.0,0.0,0.15,0.08022922636103152,0,0.21363343675829943,0.30870083598050563,7.712134321319744,0.9297269907088481,0.0,1.0,0.0,0.1,0.0,0.9999999999999999,0.3,0.08,0.13753581661891118,0.5,0.25
307,0.9525801737159724,0.5119316934115382,0.9517832583973398,0.5117883204791609,0.26040296497001675,0.515657523615579,0.6762177650429799,0.3930602367925168,0.39921859518123926,0.09742120343839542,0.6742857142857143,0.39228536409197445,0.3994159696805154,0.09714285714285714,0.12607449856733524,0.15428571428571428,0.002857142857142857,27.67142857142857,0.14613180515759314,0.0,2.9166966174264e-18,0.1319663491490371,11.736389684813753,0.0,0.0,0.15,0.08022922636103152,0,0.21387798600307933,0.32777277043715025,7.712177349179062,0.9111324508946711,0.0,0.9814814814814815,0.0,0.1,0.0,0.9999999999999999,0.3,0.08,0.12607449856733524,0.5,0.25
308,0.9528603732732196,0.5131741188040286,0.9520626573844233,0.5129797825969196,0.26040296497001675,0.5155991057836189,0.6876790830945558,0.3931748499730325,0.3993045550666261,0.09742120343839542,0.6857142857142857,0.3923996498062601,0.3995016839662297,0.09714285714285714,0.12607449856733524,0.16857142857142857,0.002857142857142857,27.791428571428572,0.14613180515759314,0.0,2.9166966174264e-18,0.1319663491490371,11.736389684813753,0.0,0.0,0.15,0.08022922636103152,0,0.21409345393020682,0.3282141966929863,7.726505230766908,0.94421882152764,0.0,0.9830508474576272,0.0,0.1,0.0,0.9999999999999999,0.3,0.08,0.12607449856733524,0.5,0.25
309,0.9530049325860217,0.5135416324302668,0.9522068036706175,0.5133306328363011,0.26040296497001675,0.51552095542683,0.6934097421203438,0.3932321565632904,0.3993475350093195,0.09742120343839542,0.6914285714285714,0.392456792663403,0.39954454110908677,0.09714285714285714,0.11174785100286533,0.13428571428571429,0.002857142857142857,27.931428571428572,0.1489971346704871,0.0,2.9166966174264e-18,0.1319663491490371,11.736389684813753,0.0,0.0,0.15,0.08022922636103152,0,0.21413670166055576,0.32657312570952135,7.7062608404372845,0.9591149624812668,0.0,0.9787234042553191,0.0,0.1,0.0,0.9999999999999999,0.3,0.08,0.11174785100286533,0.5,0.25
310,0.9533082315500013,0.5124982149755928,0.9525092360661285,0.5123035178178845,0.26040296497001675,0.5156132315092747,0.6819484240687679,0.39357599610483773,0.39960541466547994,0.09742120343839542,0.68,0.39279964980626014,0.3998016839662297,0.09714285714285714,0.1174785100286533,0.13714285714285715,0.002857142857142857,28.045714285714286,0.1489971346704871,0.0,2.9166966174264e-18,0.1319663491490371,11.736389684813753,0.0,0.0,0.15,0.08022922636103152,0,0.21517916172368157,0.32494026008097376,7.689278480771396,1.0462004733635497,0.0,0.9375,0.0,0.1,0.0,0.9999999999999999,0.3,0.08,0.1174785100286533,0.5,0.25
311,0.9538256073974533,0.5126662746352424,0.9530251336968734,0.5124449837525019,0.26040296497001675,0.5158030595782886,0.673352435530086,0.39357599610483773,0.39960541466547994,0.09742120343839542,0.6714285714285714,0.39279964980626014,0.3998016839662297,0.09714285714285714,0.14613180515759314,0.16857142857142857,0.002857142857142857,28.177142857142858,0.1489971346704871,0.0,2.9166966174264e-18,0.1319663491490371,11.736389684813753,0.0,0.0,0.15,0.08022922636103152,0,0.2149594094864917,0.3233155587805689,7.704064339727396,1.0252764638962786,0.0,1.0,0.0,0.1,0.0,0.9999999999999999,0.3,0.08,0.14613180515759314,0.5,0.25
312,0.9523488177700176,0.5133823106583933,0.9515525634683732,0.5131219973744633,0.26040296497001675,0.5160927851559103,0.7020057306590258,0.39357599610483773,0.39960541466547994,0.09742120343839542,0.7,0.39279964980626014,0.3998016839662297,0.09714285714285714,0.11174785100286533,0.13714285714285715,0.002857142857142857,28.32857142857143,0.1489971346704871,0.0,2.9166966174264e-18,0.1319663491490371,11.736389684813753,0.0,0.0,0.15,0.08022922636103152,0,0.214626613153345,0.32169898098666605,7.6871259100757054,1.004770934618353,0.0,1.0,0.0,0.1,0.0,0.9999999999999999,0.3,0.08,0.11174785100286533,0.5,0.25
313,0.9526261335039802,0.5146894324650547,0.9518290868716673,0.5144133975727524,0.26040296497001675,0.5164103472289582,0.664756446991404,0.39369060928535343,0.39969137455086673,0.09742120343839542,0.6628571428571428,0.3929139355205458,0.39988739825194397,0.09714285714285714,0.1346704871060172,0.15428571428571428,0.002857142857142857,28.46,0.1489971346704871,0.0,2.9166966174264e-18,0.1319663491490371,11.736389684813753,0.0,0.0,0.15,0.08022922636103152,0,0.21523833723043542,0.33350972875671536,7.687669106159906,1.0023700404706286,0.0,0.9629629629629629,0.0,0.1,0.0,0.9999999999999999,0.3,0.08,0.1346704871060172,0.5,0.25
314,0.9534230587572636,0.5147872555355106,0.9526237351956557,0.5145423008337819,0.26040296497001675,0.5168070045947251,0.6532951289398281,0.39369060928535343,0.39969137455086673,0.09742120343839542,0.6514285714285715,0.3929139355205458,0.39988739825194397,0.09714285714285714,0.12607449856733524,0.15142857142857144,0.002857142857142857,28.594285714285714,0.1489971346704871,0.0,2.9166966174264e-18,0.1319663491490371,11.736389684813753,0.0,0.0,0.15,0.08022922636103152,0,0.21496171697285466,0.3318421801129318,7.685344295465279,0.9823226396612159,0.0,1.0,0.0,0.1,0.0,0.9999999999999999,0.3,0.08,0.12607449856733524,0.5,0.25
315,0.9544789577082542,0.5152286997460318,0.9536766172925009,0.5150044341858026,0.26040296497001675,0.5171280027864466,0.6819484240687679,0.39369060928535343,0.39969137455086673,0.09742120343839542,0.68,0.3929139355205458,0.39988739825194397,0.09714285714285714,0.12320916905444126,0.14285714285714285,0.002857142857142857,28.717142857142857,0.1489971346704871,0.0,2.9166966174264e-18,0.1319663491490371,11.736389684813753,0.0,0.0,0.15,0.08022922636103152,0,0.214572051959419,0.33018296921236717,7.6744945524131145,0.9626761868679916,0.0,1.0,0.0,0.1,0.0,0.9999999999999999,0.3,0.08,0.12320916905444126,0.5,0.25
316,0.9536986484243787,0.5153116481583019,0.9528985374637219,0.5151005566909415,0.26040296497001675,0.517357672098375,0.670487106017192,0.3938052224658692,0.3997773344362536,0.09742120343839542,0.6685714285714286,0.3930282212348316,0.3999731125376583,0.09714285714285714,0.1346704871060172,0.17142857142857143,0.002857142857142857,28.82,0.14613180515759314,0.0,2.9166966174264e-18,0.1319663491490371,11.736389684813753,0.0,0.0,0.15,0.08022922636103152,0,0.2149541988246397,0.3285320543663053,7.692433232793426,1.000120324772328,0.0,0.9833333333333333,0.0,0.1,0.0,0.9999999999999999,0.3,0.08,0.1346704871060172,0.5,0.25
317,0.9528494483807636,0.5151578404539455,0.9520517637059457,0.514926212012079,0.26040296497001675,0.5175507180016473,0.6532951289398281,0.39403444882690075,0.3999492542070272,0.09742120343839542,0.6514285714285715,0.39325679266340297,0.40014454110908687,0.09714285714285714,0.15472779369627507,0.1657142857142857,0.002857142857142857,28.954285714285714,0.14613180515759314,0.0,2.9166966174264e-18,0.1319663491490371,11.736389684813753,0.0,0.0,0.15,0.08022922636103152,0,0.21545042854480223,0.32688939409447376,7.704298853851842,1.0062801406327133,0.0,0.9655172413793104,0.0,0.1,0.0,0.9999999999999999,0.3,0.08,0.15472779369627507,0.5,0.25
318,0.9539444759658903,0.5147700481340839,0.9531436626408293,0.5145291336028079,0.26040296497001675,0.5176318059801177,0.6790830945558739,0.3940917554171586,0.3999922341497207,0.09742120343839542,0.6771428571428572,0.3933139355205459,0.400187398251944,0.09714285714285714,0.12034383954154727,0.1457142857142857,0.002857142857142857,29.074285714285715,0.14613180515759314,0.0,2.9166966174264e-18,0.1319663491490371,11.736389684813753,0.0,0.0,0.15,0.08022922636103152,0,0.21560103354493532,0.3252549471240014,7.695927162489091,1.0471559411207692,0.0,0.9803921568627451,0.0,0.1,0.0,0.9999999999999999,0.3,0.08,0.12034383954154727,0.5,0.25
319,0.9537869896504559,0.5144574195514567,0.952986626286296,0.514199075922894,0.26040296497001675,0.5176941388839442,0.6590257879656161,0.3940917554171586,0.3999922341497207,0.09742120343839542,0.6571428571428571,0.3933139355205459,0.400187398251944,0.09714285714285714,0.14040114613180515,0.16,0.002857142857142857,29.197142857142858,0.14613180515759314,0.0,2.9166966174264e-18,0.1319663491490371,11.736389684813753,0.0,0.0,0.15,0.08022922636103152,0,0.21532231409149638,0.3236286723883814,7.702008619239309,1.0262128222983538,0.0,1.0,0.0,0.1,0.0,0.9999999999999999,0.3,0.08,0.14040114613180515,0.5,0.25
320,0.9537504528398698,0.5146126805992514,0.9529501938665974,0.5143506984518932,0.26040296497001675,0.5178246146105852,0.6590257879656161,0.3942063685976744,0.4000781940351074,0.09742120343839542,0.6571428571428571,0.39342822123483157,0.40027311253765835,0.09714285714285714,0.1318051575931232,0.15142857142857144,0.002857142857142857,29.31714285714286,0.14613180515759314,0.0,2.9166966174264e-18,0.1319663491490371,11.736389684813753,0.0,0.0,0.15,0.08022922636103152,0,0.21541655966389603,0.32201052902643945,7.699397018283094,1.0056885658523866,0.0,0.9811320754716981,0.0,0.1,0.0,0.9999999999999999,0.3,0.08,0.1318051575931232,0.5,0.25
321,0.9525291375115005,0.5147521088275554,0.9517323680105947,0.5144680637356058,0.26040296497001675,0.5178313524569078,0.6590257879656161,0.3942636751879322,0.40012117397780084,0.09742120343839542,0.6571428571428571,0.39348536409197443,0.40031596968051547,0.09714285714285714,0.1518624641833811,0.17142857142857143,0.002857142857142857,29.445714285714285,0.14613180515759314,0.0,2.9166966174264e-18,0.1319663491490371,11.736389684813753,0.0,0.0,0.15,0.08022922636103152,0,0.21565276329414798,0.32040047638130725,7.716837649346004,1.038743973165407,0.0,0.9833333333333333,0.0,0.1,0.0,0.9999999999999999,0.3,0.08,0.1518624641833811,0.5,0.25
322,0.9510731237213651,0.515673187121627,0.9502805142598598,0.5153186970188568,0.26040296497001675,0.517786983372513,0.6418338108882522,0.3946075147294795,0.4003790536339613,0.09742120343839542,0.64,0.3938282212348316,0.40057311253765826,0.09714285714285714,0.14326647564469913,0.1742857142857143,0.002857142857142857,29.56,0.14613180515759314,0.0,2.9166966174264e-18,0.1319663491490371,11.736389684813753,0.0,0.0,0.15,0.08022922636103152,0,0.216659500191963,0.32912983234171134,7.736786610644797,1.0781143448616162,0.0,0.9508196721311475,0.0,0.1,0.0,0.9999999999999999,0.3,0.08,0.14326647564469913,0.5,0.25
323,0.952180227528504,0.5160152965857493,0.951384454913264,0.5156662759555012,0.26040296497001675,0.5178240110827167,0.6561604584527221,0.3947221279099952,0.40046501351934816,0.09742120343839542,0.6542857142857142,0.3939425069491173,0.4006588268233726,0.09714285714285714,0.14613180515759314,0.16857142857142857,0.002857142857142857,29.68857142857143,0.14613180515759314,0.0,2.9166966174264e-18,0.1319663491490371,11.736389684813753,0.0,0.0,0.15,0.08022922636103152,0,0.2168327741195746,0.3274841831800028,7.750622307003329,1.056552057964384,0.0,0.9830508474576272,0.0,0.1,0.0,0.9999999999999999,0.3,0.08,0.14613180515759314,0.5,0.25
324,0.9509809561831793,0.5163204671838596,0.9501886100574976,0.5159936068828767,0.26040296497001675,0.5179421774692998,0.6475644699140402,0.3949513542710268,0.4006369332901218,0.09742120343839542,0.6457142857142857,0.3941710783776888,0.4008302553948011,0.09714285714285714,0.1489971346704871,0.17142857142857143,0.002857142857142857,29.81714285714286,0.14613180515759314,0.0,2.9166966174264e-18,0.1319663491490371,11.736389684813753,0.0,0.0,0.15,0.08022922636103152,0,0.21737703882040527,0.3578883333332639,7.7670384322918355,1.1367836579558792,0.0,0.9666666666666667,0.0,0.1,0.0,0.9999999999999999,0.3,0.08,0.1489971346704871,0.5,0.25
325,0.9531482458286974,0.5162369205141919,0.9523497074468854,0.5159589251494411,0.26040296497001675,0.5180539085136971,0.673352435530086,0.3950659674515426,0.40072289317550863,0.09742120343839542,0.6714285714285714,0.39428536409197446,0.4009159696805154,0.09714285714285714,0.1518624641833811,0.1742857142857143,0.002857142857142857,29.928571428571427,0.14613180515759314,0.0,2.9166966174264e-18,0.1319663491490371,11.736389684813753,0.0,0.0,0.15,0.08022922636103152,0,0.21757501219773182,0.3560988916665976,7.785983377931711,1.1140479847967615,0.0,0.9836065573770492,0.0,0.1,0.0,0.9999999999999999,0.3,0.08,0.1518624641833811,0.5,0.25
326,0.9544686202822349,0.5168516607747288,0.9536663094019844,0.5165625438528159,0.26040296497001675,0.5181149238004242,0.6790830945558739,0.3950659674515426,0.40072289317550863,0.09742120343839542,0.6771428571428572,0.39428536409197446,0.4009159696805154,0.09714285714285714,0.10028653295128939,0.12571428571428572,0.002857142857142857,30.05142857142857,0.14040114613180515,0.0,2.9166966174264e-18,0.1319663491490371,11.736389684813753,0.0,0.0,0.15,0.08022922636103152,0,0.2171154228510289,0.35431839720826463,7.755977996087363,1.0917670251008262,0.0,1.0,0.0,0.1,0.0,0.9999999999999999,0.3,0.08,0.10028653295128939,0.5,0.25
327,0.9543923374649239,0.5171014562410119,0.9535902445355798,0.5168675296826835,0.26040296497001675,0.5181188330242401,0.7020057306590258,0.395352500402832,0.40093779288897563,0.10028653295128939,0.7,0.39457107837768873,0.40113025539480107,0.1,0.12320916905444126,0.15142857142857144,0.002857142857142857,30.16,0.14040114613180515,0.0,2.9166966174264e-18,0.1319663491490371,11.736389684813753,0.0,0.0,0.15,0.08022922636103152,0,0.21817170287963092,0.3525468052222233,7.7522870075941865,1.0868954011373584,0.0,0.9433962264150944,0.0,0.1,0.0,0.9999999999999999,0.3,0.08,0.12320916905444126,0.5,0.25
328,0.9552138948478598,0.5172534816837184,0.9544094546117075,0.5170116103517255,0.26040296497001675,0.5179112869080749,0.6762177650429799,0.39552442017360556,0.4010667327170559,0.10028653295128939,0.6742857142857143,0.3947425069491173,0.40125882682337255,0.1,0.14613180515759314,0.18,0.002857142857142857,30.262857142857143,0.14040114613180515,0.0,2.9166966174264e-18,0.1319663491490371,11.736389684813753,0.0,0.0,0.15,0.08022922636103152,0,0.21887984507951846,0.3507840711961122,7.777241267442304,1.1503555777018997,0.0,0.9682539682539683,0.0,0.1,0.0,0.9999999999999999,0.3,0.08,0.14613180515759314,0.5,0.25
329,0.9558994075394975,0.5182931041231347,0.9550930086956547,0.5181022648015147,0.26040296497001675,0.517694623436445,0.66189111747851,0.39552442017360556,0.4010667327170559,0.10028653295128939,0.66,0.3947425069491173,0.40125882682337255,0.1,0.12034383954154727,0.14857142857142858,0.002857142857142857,30.397142857142857,0.14040114613180515,0.0,2.9166966174264e-18,0.1319663491490371,11.736389684813753,0.0,0.0,0.15,0.08022922636103152,0,0.21847101728269228,0.34903015084013167,7.7702678706648864,1.1273484661478617,0.0,1.0,0.0,0.1,0.0,0.9999999999999999,0.3,0.08,0.12034383954154727,0.5,0.25
330,0.9559512884450276,0.5183885517204562,0.9551447413700261,0.5181680712606674,0.26040296497001675,0.5175373045966674,0.7048710601719198,0.39563903335412137,0.40115269260244263,0.10028653295128939,0.7028571428571428,0.394856792663403,0.40134454110908685,0.1,0.1174785100286533,0.13428571428571429,0.002857142857142857,30.53142857142857,0.14040114613180515,0.0,2.9166966174264e-18,0.1319663491490371,11.736389684813753,0.0,0.0,0.15,0.08022922636103152,0,0.2184070907677074,0.347285000085931,7.749148227537302,1.1447372825476083,0.0,0.9787234042553191,0.0,0.1,0.0,0.9999999999999999,0.3,0.08,0.1174785100286533,0.5,0.25
331,0.9576232164913856,0.5184872508826074,0.9568118924791088,0.5182760789257314,0.26040296497001675,0.5174018934606792,0.6819484240687679,0.39563903335412137,0.40115269260244263,0.10028653295128939,0.68,0.394856792663403,0.40134454110908685,0.1,0.12034383954154727,0.14285714285714285,0.002857142857142857,30.64,0.14040114613180515,0.0,2.9166966174264e-18,0.1319663491490371,11.736389684813753,0.0,0.0,0.15,0.08022922636103152,0,0.21808548459958316,0.3455485750855013,7.737022405843699,1.1218425368966563,0.0,1.0,0.0,0.1,0.0,0.9999999999999999,0.3,0.08,0.12034383954154727,0.5,0.25
332,0.9578304256432302,0.5185920974351844,0.9570185096048054,0.5183461317016517,0.26040296497001675,0.5172012169951599,0.6561604584527221,0.395810953124895,0.40128163243052295,0.10028653295128939,0.6542857142857142,0.39502822123483156,0.40147311253765827,0.1,0.16045845272206305,0.18571428571428572,0.002857142857142857,30.728571428571428,0.14040114613180515,0.0,2.9166966174264e-18,0.1319663491490371,11.736389684813753,0.0,0.0,0.15,0.08022922636103152,0,0.21882134859801378,0.3438208322100738,7.76799624344111,1.0994056861587231,0.0,0.9692307692307692,0.0,0.1,0.0,0.9999999999999999,0.3,0.08,0.16045845272206305,0.5,0.25
333,0.9575687714370167,0.5194322271638128,0.956757602982038,0.5191933096015902,0.26040296497001675,0.5171259379810578,0.66189111747851,0.3960974860761844,0.40149653214398995,0.10028653295128939,0.66,0.3953139355205459,0.401687398251944,0.1,0.1518624641833811,0.18285714285714286,0.002857142857142857,30.845714285714287,0.14040114613180515,0.0,2.9166966174264e-18,0.1319663491490371,11.736389684813753,0.0,0.0,0.15,0.08022922636103152,0,0.2199255346943273,0.34210172804902345,7.79549346142943,1.1119911633051278,0.0,0.953125,0.0,0.1,0.0,0.9999999999999999,0.3,0.08,0.1518624641833811,0.5,0.25
334,0.9577392887427831,0.519606167442565,0.9569276330955027,0.5193806232440321,0.26040296497001675,0.5172034456486961,0.6991404011461319,0.39621209925670015,0.40158249202937674,0.10028653295128939,0.6971428571428572,0.3954282212348316,0.4017731125376583,0.1,0.11461318051575932,0.12857142857142856,0.002857142857142857,30.96,0.14040114613180515,0.0,2.9166966174264e-18,0.1319663491490371,11.736389684813753,0.0,0.0,0.15,0.08022922636103152,0,0.21979733559228423,0.3403912194087783,7.76815502077227,1.0897513400390253,0.0,0.9777777777777777,0.0,0.1,0.0,0.9999999999999999,0.3,0.08,0.11461318051575932,0.5,0.25
335,0.9586605620623363,0.5201272886981986,0.9578462742055714,0.5198987829443135,0.26040296497001675,0.5171935937878924,0.6876790830945558,0.396269405846958,0.4016254719720702,0.10028653295128939,0.6857142857142857,0.3954853640919745,0.4018159696805154,0.1,0.12607449856733524,0.15714285714285714,0.002857142857142857,31.082857142857144,0.14040114613180515,0.0,2.9166966174264e-18,0.1319663491490371,11.736389684813753,0.0,0.0,0.15,0.08022922636103152,0,0.22009620962503706,0.33868926331173443,7.7699347774996825,1.0679563132382448,0.0,0.9818181818181818,0.0,0.1,0.0,0.9999999999999999,0.3,0.08,0.12607449856733524,0.5,0.25
336,0.9594008298186608,0.520074096894006,0.9585844269111632,0.5198433706287299,0.26040296497001675,0.5171481627875533,0.6790830945558739,0.3963840190274738,0.40171143185745695,0.10028653295128939,0.6771428571428572,0.39559964980626017,0.4019016839662297,0.1,0.11461318051575932,0.14285714285714285,0.002857142857142857,31.214285714285715,0.14040114613180515,0.0,2.9166966174264e-18,0.1319663491490371,11.736389684813753,0.0,0.0,0.15,0.08022922636103152,0,0.22013772929119763,0.33904479985237984,7.757393224806831,1.1814435896060989,0.0,0.98,0.0,0.1,0.0,0.9999999999999999,0.3,0.08,0.11461318051575932,0.5,0.25
337,0.959767002521925,0.5209843294686135,0.9589495534067038,0.5207528701113974,0.26040296497001675,0.5170688686448561,0.6332378223495702,0.3964986322079896,0.40179739174284385,0.10028653295128939,0.6314285714285715,0.3957139355205459,0.40198739825194396,0.1,0.12320916905444126,0.14,0.002857142857142857,31.36285714285714,0.14326647564469913,0.0,2.9166966174264e-18,0.1319663491490371,11.736389684813753,0.0,0.0,0.15,0.08022922636103152,0,0.22026446993045593,0.3373495758531179,7.742245360310694,1.1578147178139768,0.0,0.9795918367346939,0.0,0.1,0.0,0.9999999999999999,0.3,0.08,0.12320916905444126,0.5,0.25
338,0.9592753087412106,0.5206684659719607,0.958459264465363,0.5204630346065087,0.26040296497001675,0.517126746974205,0.6819484240687679,0.3965559387982474,0.4018403716855372,0.10028653295128939,0.68,0.39577107837768877,0.4020302553948012,0.1,0.16332378223495703,0.18,0.002857142857142857,31.505714285714287,0.14326647564469913,0.0,2.9166966174264e-18,0.1319663491490371,11.736389684813753,0.0,0.0,0.15,0.08022922636103152,0,0.22056157758080364,0.33566282797385233,7.7674004531044805,1.1346584234576973,0.0,0.9841269841269841,0.0,0.1,0.0,0.9999999999999999,0.3,0.08,0.16332378223495703,0.5,0.25
339,0.9590250117317888,0.5191499063935991,0.9582096825902539,0.5189025331803164,0.26040296497001675,0.5171458837282488,0.6762177650429799,0.3965559387982474,0.4018403716855372,0.10028653295128939,0.6742857142857143,0.39577107837768877,0.4020302553948012,0.1,0.12034383954154727,0.1457142857142857,0.002857142857142857,31.645714285714284,0.14326647564469913,0.0,2.9166966174264e-18,0.1319663491490371,11.736389684813753,0.0,0.0,0.15,0.08022922636103152,0,0.2202011982643282,0.33398451383398303,7.757766729756677,1.1119652549885433,0.0,1.0,0.0,0.1,0.0,0.9999999999999999,0.3,0.08,0.12034383954154727,0.5,0.25
340,0.9586754572322884,0.5198201569747595,0.9578611268178948,0.5195857686143287,0.26040296497001675,0.5170570917353972,0.6590257879656161,0.3965559387982474,0.4018403716855372,0.10028653295128939,0.6571428571428571,0.39577107837768877,0.4020302553948012,0.1,0.12607449856733524,0.14857142857142858,0.002857142857142857,31.78,0.14040114613180515,0.0,2.9166966174264e-18,0.1319663491490371,11.736389684813753,0.0,0.0,0.15,0.08022922636103152,0,0.2198710494158637,0.33231459126481316,7.751182823732972,1.0897259498887726,0.0,1.0,0.0,0.1,0.0,0.9999999999999999,0.3,0.08,0.12607449856733524,0.5,0.25
341,0.9573084916095826,0.5202539434244313,0.9564980668112538,0.5200120100544555,0.26040296497001675,0.5170169502604548,0.6905444126074498,0.3965559387982474,0.4018403716855372,0.10028653295128939,0.6885714285714286,0.39577107837768877,0.4020302553948012,0.1,0.14040114613180515,0.16857142857142857,0.002857142857142857,31.928571428571427,0.14326647564469913,0.0,2.9166966174264e-18,0.1319663491490371,11.736389684813753,0.0,0.0,0.15,0.08022922636103152,0,0.2195992663116415,0.3306530183084891,7.76473059582974,1.0679314308909968,0.0,1.0,0.0,0.1,0.0,0.9999999999999999,0.3,0.08,0.14040114613180515,0.5,0.25
342,0.9562541429520129,0.5204559897502704,0.95544673057842,0.5202145310465374,0.26040296497001675,0.5170112722190964,0.6790830945558739,0.3965559387982474,0.4018403716855372,0.10028653295128939,0.6771428571428572,0.39577107837768877,0.4020302553948012,0.1,0.1346704871060172,0.16,0.002857142857142857,32.03142857142857,0.14326647564469913,0.0,2.9166966174264e-18,0.1319663491490371,11.736389684813753,0.0,0.0,0.15,0.08022922636103152,0,0.21924369855151188,0.32899975321694663,7.769435983913146,1.046572802273177,0.0,1.0,0.0,0.1,0.0,0.9999999999999999,0.3,0.08,0.1346704871060172,0.5,0.25
343,0.9561747924118595,0.5208858542504821,0.9553676067540956,0.5206302573635717,0.26040296497001675,0.5170563278924627,0.66189111747851,0.3965559387982474,0.4018403716855372,0.10028653295128939,0.66,0.39577107837768877,0.4020302553948012,0.1,0.1346704871060172,0.14857142857142858,0.002857142857142857,32.15714285714286,0.14326647564469913,0.0,2.9166966174264e-18,0.1319663491490371,11.736389684813753,0.0,0.0,0.15,0.08022922636103152,0,0.2190033386301829,0.3273547544508619,7.76261869280631,1.0256413462277134,0.0,1.0,0.0,0.1,0.0,0.9999999999999999,0.3,0.08,0.1346704871060172,0.5,0.25
344,0.9558951892839008,0.52069791192203,0.9550888024922168,0.5204568482166182,0.26040296497001675,0.51702517071477,0.7191977077363897,0.3967278585690211,0.4019693115136175,0.10028653295128939,0.7171428571428572,0.39594250694911726,0.40215882682337256,0.1,0.12893982808022922,0.14857142857142858,0.002857142857142857,32.26857142857143,0.14613180515759314,0.0,2.9166966174264e-18,0.1319663491490371,11.736389684813753,0.0,0.0,0.15,0.08022922636103152,0,0.219536321937032,0.3257179806786076,7.755937747521613,1.0322855977752705,0.0,0.9615384615384616,0.0,0.1,0.0,0.9999999999999999,0.3,0.08,0.12893982808022922,0.5,0.25
345,0.9546492802099658,0.5201812290920311,0.9538464531584931,0.5199441915369672,0.26040296497001675,0.5169012147281316,0.664756446991404,0.3967278585690211,0.4019693115136175,0.10028653295128939,0.6628571428571428,0.39594250694911726,0.40215882682337256,0.1,0.12607449856733524,0.14,0.002857142857142857,32.38857142857143,0.1489971346704871,0.0,2.9166966174264e-18,0.1319663491490371,11.736389684813753,0.0,0.0,0.15,0.08022922636103152,0,0.21912378318448966,0.32408939077521454,7.7408189925711826,1.011639885819765,0.0,1.0,0.0,0.1,0.0,0.9999999999999999,0.3,0.08,0.12607449856733524,0.5,0.25
346,0.95431633604481,0.5206609882427852,0.9535144602623807,0.5204444304451209,0.26040296497001675,0.5168070571682861,0.6876790830945558,0.3968424717495368,0.40205527139900427,0.10028653295128939,0.6857142857142857,0.39605679266340305,0.40224454110908686,0.1,0.1346704871060172,0.16285714285714287,0.002857142857142857,32.54571428571428,0.1489971346704871,0.0,2.9166966174264e-18,0.1319663491490371,11.736389684813753,0.0,0.0,0.15,0.08022922636103152,0,0.21934088140785296,0.3425094008160209,7.748859755576899,1.0427215985910256,0.0,0.9824561403508771,0.0,0.1,0.0,0.9999999999999999,0.3,0.08,0.1346704871060172,0.5,0.25
347,0.9549218322573577,0.5204333556675576,0.9541182264857497,0.5202164718909652,0.26040296497001675,0.5166710242369789,0.7106017191977078,0.3968424717495368,0.40205527139900427,0.10028653295128939,0.7085714285714285,0.39605679266340305,0.40224454110908686,0.1,0.12034383954154727,0.13714285714285715,0.002857142857142857,32.66,0.1489971346704871,0.0,2.9166966174264e-18,0.1319663491490371,11.736389684813753,0.0,0.0,0.15,0.08022922636103152,0,0.21895789200081367,0.3407968538119408,7.731025417608219,1.0218671666192052,0.0,1.0,0.0,0.1,0.0,0.9999999999999999,0.3,0.08,0.12034383954154727,0.5,0.25
348,0.953688211784507,0.5197063019679129,0.9528881306428213,0.5194765326649017,0.26040296497001675,0.5165356708686781,0.6819484240687679,0.3968424717495368,0.40205527139900427,0.10028653295128939,0.68,0.39605679266340305,0.40224454110908686,0.1,0.11174785100286533,0.14857142857142858,0.002857142857142857,32.777142857142856,0.1489971346704871,0.0,2.9166966174264e-18,0.1319663491490371,11.736389684813753,0.0,0.0,0.15,0.08022922636103152,0,0.21880382110866675,0.3390928695428811,7.724976337827484,1.001429823286821,0.0,1.0,0.0,0.1,0.0,0.9999999999999999,0.3,0.08,0.11174785100286533,0.5,0.25
349,0.9529696042290778,0.5200702012172416,0.9521715762518361,0.5198189064955282,0.26040296497001675,0.516463422607177,0.6962750716332379,0.39707169811056836,0.4022271911697779,0.10028653295128939,0.6942857142857143,0.3962853640919744,0.4024159696805154,0.1,0.14040114613180515,0.15142857142857144,0.002857142857142857,32.91142857142857,0.1489971346704871,0.0,2.9166966174264e-18,0.1319663491490371,11.736389684813753,0.0,0.0,0.15,0.08022922636103152,0,0.21936637343169485,0.3373974051951667,7.721905382499505,1.0866949948287274,0.0,0.9622641509433962,0.0,0.1,0.0,0.9999999999999999,0.3,0.08,0.14040114613180515,0.5,0.25
350,0.9532927987477094,0.5198772986241266,0.9524938473575575,0.5196504819828172,0.26040296497001675,0.5163798001374547,0.6532951289398281,0.397243617881342,0.40235613099785816,0.10028653295128939,0.6514285714285715,0.396456792663403,0.40254454110908683,0.1,0.15759312320916904,0.18857142857142858,0.002857142857142857,33.06,0.1518624641833811,0.0,2.9166966174264e-18,0.1319663491490371,11.736389684813753,0.0,0.0,0.15,0.08022922636103152,0,0.22001154227882205,0.3357104181691909,7.756038703420943,1.0649610949321529,0.0,0.9696969696969697,0.0,0.1,0.0,0.9999999999999999,0.3,0.08,0.15759312320916904,0.5,0.25
351,0.9520699101121782,0.5199153173418315,0.9512744526895562,0.5196956744812975,0.26040296497001675,0.516264866630938,0.6790830945558739,0.397243617881342,0.40235613099785816,0.10028653295128939,0.6771428571428572,0.396456792663403,0.40254454110908683,0.1,0.12893982808022922,0.14857142857142858,0.002857142857142857,33.19714285714286,0.1518624641833811,0.0,2.9166966174264e-18,0.1319663491490371,11.736389684813753,0.0,0.0,0.15,0.08022922636103152,0,0.21959691313885651,0.33403186607834495,7.749489357923952,1.0436618730335099,0.0,1.0,0.0,0.1,0.0,0.9999999999999999,0.3,0.08,0.12893982808022922,0.5,0.25
352,0.9531410056310374,0.5194277687560381,0.9523424879355046,0.5192278790005747,0.26040296497001675,0.5161416278309112,0.6848137535816619,0.397243617881342,0.40235613099785816,0.10028653295128939,0.6828571428571428,0.396456792663403,0.40254454110908683,0.1,0.14326647564469913,0.16857142857142857,0.002857142857142857,33.331428571428575,0.15472779369627507,0.0,2.9166966174264e-18,0.1319663491490371,11.736389684813753,0.0,0.0,0.15,0.08022922636103152,0,0.2193267857160194,0.3323617067479532,7.763070999336903,1.0227886355728397,0.0,1.0,0.0,0.1,0.0,0.9999999999999999,0.3,0.08,0.14326647564469913,0.5,0.25
353,0.9527588519513585,0.5197074764887001,0.9519614261234818,0.5195119670527901,0.26040296497001675,0.515910235247338,0.670487106017192,0.3974155376521157,0.4024850708259384,0.10028653295128939,0.6685714285714286,0.39662822123483155,0.4026731125376583,0.1,0.13753581661891118,0.16285714285714287,0.002857142857142857,33.49142857142857,0.15472779369627507,0.0,2.9166966174264e-18,0.1319663491490371,11.736389684813753,0.0,0.0,0.15,0.08022922636103152,0,0.21980100964458216,0.3306998982142134,7.770666722207308,1.15991220284161,0.0,0.9649122807017544,0.0,0.1,0.0,0.9999999999999999,0.3,0.08,0.13753581661891118,0.5,0.25
354,0.9540338600842115,0.5197319668412848,0.9532327913759554,0.5195592697292643,0.26040296497001675,0.5156842458675152,0.6303724928366762,0.39775937719366294,0.40274295048209885,0.10028653295128939,0.6285714285714286,0.39697107837768875,0.40293025539480115,0.1,0.13753581661891118,0.18,0.002857142857142857,33.58,0.15472779369627507,0.0,2.9166966174264e-18,0.1319663491490371,11.736389684813753,0.0,0.0,0.15,0.08022922636103152,0,0.22090072031064495,0.34666278351884905,7.795253387763159,1.1977027150525164,0.0,0.9523809523809523,0.0,0.1,0.0,0.9999999999999999,0.3,0.08,0.13753581661891118,0.5,0.25
355,0.9536891118820288,0.520051539902299,0.9528890281686359,0.5198496739646641,0.26040296497001675,0.5154437760378145,0.6590257879656161,0.3978739903741787,0.40282891036748564,0.10028653295128939,0.6571428571428571,0.3970853640919744,0.40301596968051545,0.1,0.14040114613180515,0.16285714285714287,0.002857142857142857,33.72,0.15472779369627507,0.0,2.9166966174264e-18,0.1319663491490371,11.736389684813753,0.0,0.0,0.15,0.08022922636103152,0,0.220995645994806,0.3449294696012548,7.80220546286504,1.173748660751466,0.0,0.9824561403508771,0.0,0.1,0.0,0.9999999999999999,0.3,0.08,0.14040114613180515,0.5,0.25
356,0.9534722348429028,0.5200958865009548,0.9526727707781931,0.5199028559879353,0.26040296497001675,0.5151549294235916,0.6819484240687679,0.3978739903741787,0.40282891036748564,0.10028653295128939,0.68,0.3970853640919744,0.40301596968051545,0.1,0.12034383954154727,0.13142857142857142,0.002857142857142857,33.848571428571425,0.15472779369627507,0.0,2.9166966174264e-18,0.1319663491490371,11.736389684813753,0.0,0.0,0.15,0.08022922636103152,0,0.22063281133626056,0.34320482225324855,7.7775899250363105,1.1502736875364368,0.0,1.0,0.0,0.1,0.0,0.9999999999999999,0.3,0.08,0.12034383954154727,0.5,0.25
357,0.9527618939015136,0.5204190393197613,0.9519644593823506,0.5202146286568186,0.26040296497001675,0.5147738715861925,0.664756446991404,0.3979886035546944,0.4029148702528725,0.10028653295128939,0.6628571428571428,0.3971996498062601,0.40310168396622975,0.1,0.14326647564469913,0.16,0.002857142857142857,33.994285714285716,0.15472779369627507,0.0,2.9166966174264e-18,0.1319663491490371,11.736389684813753,0.0,0.0,0.15,0.08022922636103152,0,0.22075750442243638,0.34242781935268796,7.782038126535585,1.2050712096314942,0.0,0.9821428571428571,0.0,0.1,0.0,0.9999999999999999,0.3,0.08,0.14326647564469913,0.5,0.25
358,0.953325832473538,0.52001672465381,0.9525267867013122,0.5198051130705921,0.26040296497001675,0.5144547314864967,0.6819484240687679,0.3979886035546944,0.4029148702528725,0.10028653295128939,0.68,0.3971996498062601,0.40310168396622975,0.1,0.14040114613180515,0.16,0.002857142857142857,34.11142857142857,0.15472779369627507,0.0,2.9166966174264e-18,0.1319663491490371,11.736389684813753,0.0,0.0,0.15,0.08022922636103152,0,0.2205095768967528,0.3407156802559245,7.786397364004871,1.1809697854388643,0.0,1.0,0.0,0.1,0.0,0.9999999999999999,0.3,0.08,0.14040114613180515,0.5,0.25
359,0.9526915123173106,0.5199839423411696,0.9518942788883883,0.5197678349284275,0.26040296497001675,0.5141833064445629,0.667621776504298,0.3981032167352102,0.40300083013825927,0.10028653295128939,0.6657142857142857,0.3973139355205459,0.40318739825194405,0.1,0.14613180515759314,0.17714285714285713,0.002857142857142857,34.23428571428571,0.15759312320916904,0.0,2.9166966174264e-18,0.1319663491490371,11.736389684813753,0.0,0.0,0.15,0.08022922636103152,0,0.2207776011551262,0.3449971177830901,7.807812273867632,1.1870641261991366,0.0,0.9838709677419355,0.0,0.1,0.0,0.9999999999999999,0.3,0.08,0.14613180515759314,0.5,0.25
360,0.952144375384574,0.5200594676950404,0.951348705204031,0.5198385220566212,0.26040296497001675,0.5138647859332646,0.6504297994269341,0.3982751365059839,0.4031297699663395,0.10028653295128939,0.6485714285714286,0.39748536409197444,0.4033159696805154,0.1,0.14326647564469913,0.16285714285714287,0.002857142857142857,34.38285714285714,0.15472779369627507,0.0,2.9166966174264e-18,0.1319663491490371,11.736389684813753,0.0,0.0,0.15,0.08022922636103152,0,0.22115942743506484,0.3432721321941747,7.814513171247423,1.2241107630276156,0.0,0.9649122807017544,0.0,0.1,0.0,0.9999999999999999,0.3,0.08,0.14326647564469913,0.5,0.25
361,0.953268399717478,0.5194187116849575,0.952469518038841,0.519147883717111,0.26040296497001675,0.5136367623009003,0.6504297994269341,0.3982751365059839,0.4031297699663395,0.10028653295128939,0.6485714285714286,0.39748536409197444,0.4033159696805154,0.1,0.15759312320916904,0.18285714285714286,0.002857142857142857,34.52285714285714,0.15472779369627507,0.0,2.9166966174264e-18,0.1319663491490371,11.736389684813753,0.0,0.0,0.15,0.08022922636103152,0,0.22096705886931806,0.34155577153320377,7.841080050679617,1.1996285477670632,0.0,1.0,0.0,0.1,0.0,0.9999999999999999,0.3,0.08,0.15759312320916904,0.5,0.25
362,0.9531450451228385,0.5189286767926816,0.9523465158859004,0.5187107290703976,0.26040296497001675,0.5134172397287475,0.6819484240687679,0.3983324430962417,0.403172749909033,0.10028653295128939,0.68,0.39754250694911725,0.40335882682337254,0.1,0.12034383954154727,0.1457142857142857,0.002857142857142857,34.61714285714286,0.1518624641833811,0.0,2.9166966174264e-18,0.1319663491490371,11.736389684813753,0.0,0.0,0.15,0.08022922636103152,0,0.22089065214640002,0.3398479926755377,7.829972735380309,1.175635976811722,0.0,0.9803921568627451,0.0,0.1,0.0,0.9999999999999999,0.3,0.08,0.12034383954154727,0.5,0.25
363,0.9525517512769499,0.519004263174606,0.9517549171652859,0.5187790820652312,0.26040296497001675,0.5132845841550916,0.7048710601719198,0.3983324430962417,0.403172749909033,0.10028653295128939,0.7028571428571428,0.39754250694911725,0.40335882682337254,0.1,0.1318051575931232,0.15428571428571428,0.002857142857142857,34.74857142857143,0.15759312320916904,0.0,2.9166966174264e-18,0.1319663491490371,11.736389684813753,0.0,0.0,0.15,0.08022922636103152,0,0.2206704853142395,0.33814875271216005,7.8276589949584165,1.1521232572754874,0.0,1.0,0.0,0.1,0.0,0.9999999999999999,0.3,0.08,0.1318051575931232,0.5,0.25
364,0.9526331644797482,0.5185166793322096,0.9518360977589332,0.518242252105401,0.26040296497001675,0.5132251777039961,0.6876790830945558,0.3984470562767575,0.40325870979441975,0.10028653295128939,0.6857142857142857,0.39765679266340304,0.40344454110908684,0.1,0.10028653295128939,0.12857142857142856,0.002857142857142857,34.86857142857143,0.1518624641833811,0.0,2.9166966174264e-18,0.1319663491490371,11.736389684813753,0.0,0.0,0.15,0.08022922636103152,0,0.22076627574481117,0.3376190792331649,7.799677243630677,1.1462848782077604,0.0,0.9777777777777777,0.0,0.1,0.0,0.9999999999999999,0.3,0.08,0.10028653295128939,0.5,0.25
365,0.9524975327696544,0.5185946361973448,0.9517008535680112,0.5183515161146657,0.26040296497001675,0.5130810509460343,0.670487106017192,0.39850436286701535,0.4033016897371131,0.10028653295128939,0.6685714285714286,0.39771393552054585,0.403487398251944,0.1,0.15759312320916904,0.19428571428571428,0.002857142857142857,34.98,0.15759312320916904,0.0,2.9166966174264e-18,0.1319663491490371,11.736389684813753,0.0,0.0,0.15,0.08022922636103152,0,0.2210043015089442,0.3359309838369991,7.837969413043777,1.123359180643605,0.0,0.9852941176470589,0.0,0.1,0.0,0.9999999999999999,0.3,0.08,0.15759312320916904,0.5,0.25
366,0.9522378783501103,0.5188874773253584,0.9514419410182373,0.5186620796162938,0.26040296497001675,0.512999789188709,0.673352435530086,0.3985616694572733,0.40334466967980664,0.10028653295128939,0.6714285714285714,0.3977710783776887,0.4035302553948011,0.1,0.1489971346704871,0.17142857142857143,0.002857142857142857,35.097142857142856,0.15472779369627507,0.0,2.9166966174264e-18,0.1319663491490371,11.736389684813753,0.0,0.0,0.15,0.08022922636103152,0,0.22109885142997093,0.35209271212410054,7.852638596211473,1.20553518562761,0.0,0.9833333333333333,0.0,0.1,0.0,0.9999999999999999,0.3,0.08,0.1489971346704871,0.5,0.25
367,0.9529720214210502,0.5175168541179593,0.9521739865375459,0.5173161279016972,0.26040296497001675,0.512990712111205,0.6532951289398281,0.398676282637789,0.40343062956519343,0.10028653295128939,0.6514285714285715,0.39788536409197445,0.4036159696805154,0.1,0.14040114613180515,0.15714285714285714,0.002857142857142857,35.222857142857144,0.15759312320916904,0.0,2.9166966174264e-18,0.1319663491490371,11.736389684813753,0.0,0.0,0.15,0.08022922636103152,0,0.22113578574424966,0.36250414889035754,7.8527286814301025,1.1860590944885683,0.0,0.9818181818181818,0.0,0.1,0.0,0.9999999999999999,0.3,0.08,0.14040114613180515,0.5,0.25
368,0.9530655921307336,0.5174499402519093,0.9522672899023444,0.5172108904585405,0.26040296497001675,0.5129486291134264,0.667621776504298,0.39879089581830474,0.40351658945058033,0.10028653295128939,0.6657142857142857,0.3979996498062602,0.4037016839662297,0.1,0.1489971346704871,0.16285714285714287,0.002857142857142857,35.31142857142857,0.15472779369627507,0.0,2.9166966174264e-18,0.1319663491490371,11.736389684813753,0.0,0.0,0.15,0.08022922636103152,0,0.22128639324409985,0.3606916281459057,7.858531250658642,1.1623379125987967,0.0,0.9824561403508771,0.0,0.1,0.0,0.9999999999999999,0.3,0.08,0.1489971346704871,0.5,0.25
369,0.9508774861256432,0.5168397620800844,0.9500854356286971,0.5166474078228862,0.26040296497001675,0.5128338062587339,0.66189111747851,0.39879089581830474,0.40351658945058033,0.10028653295128939,0.66,0.3979996498062602,0.4037016839662297,0.1,0.12320916905444126,0.1457142857142857,0.002857142857142857,35.434285714285714,0.15472779369627507,0.0,2.9166966174264e-18,0.1319663491490371,11.736389684813753,0.0,0.0,0.15,0.08022922636103152,0,0.2209218198493079,0.3588881700051762,7.847074911359754,1.1390911543468207,0.0,1.0,0.0,0.1,0.0,0.9999999999999999,0.3,0.08,0.12320916905444126,0.5,0.25
370,0.9508228766650691,0.5168503415396368,0.9500309821951536,0.5166944226767695,0.26040296497001675,0.5127335240395109,0.6504297994269341,0.39884820240856267,0.4035595693932737,0.10028653295128939,0.6485714285714286,0.398056792663403,0.40374454110908686,0.1,0.12893982808022922,0.15428571428571428,0.002857142857142857,35.565714285714286,0.15472779369627507,0.0,2.9166966174264e-18,0.1319663491490371,11.736389684813753,0.0,0.0,0.15,0.08022922636103152,0,0.2211017828929185,0.3570937291551503,7.844419127418273,1.1163093312598844,0.0,0.9814814814814815,0.0,0.1,0.0,0.9999999999999999,0.3,0.08,0.12893982808022922,0.5,0.25
371,0.9506762351999787,0.5163392569264484,0.9498847597056773,0.5161378630826893,0.26040296497001675,0.5127367015248785,0.6590257879656161,0.3990201221793363,0.40368850922135396,0.10028653295128939,0.6571428571428571,0.3982282212348316,0.4038731125376583,0.1,0.14040114613180515,0.17142857142857143,0.002857142857142857,35.682857142857145,0.16045845272206305,0.0,2.9166966174264e-18,0.1319663491490371,11.736389684813753,0.0,0.0,0.15,0.08022922636103152,0,0.22168113183559676,0.37134625876211225,7.858959316298479,1.1203528555232873,0.0,0.9666666666666667,0.0,0.1,0.0,0.9999999999999999,0.3,0.08,0.14040114613180515,0.5,0.25
372,0.9501454194380025,0.5164181240166278,0.949355460560164,0.5162057320678952,0.26040296497001675,0.5126835659954759,0.6475644699140402,0.3991347353598521,0.4037744691067407,0.10028653295128939,0.6457142857142857,0.3983425069491173,0.40395882682337253,0.1,0.14613180515759314,0.17714285714285713,0.002857142857142857,35.808571428571426,0.15759312320916904,0.0,2.9166966174264e-18,0.1319663491490371,11.736389684813753,0.0,0.0,0.15,0.08022922636103152,0,0.22185758403356168,0.3752575986774486,7.878922987115366,1.1174327108987658,0.0,0.9838709677419355,0.0,0.1,0.0,0.9999999999999999,0.3,0.08,0.14613180515759314,0.5,0.25
373,0.9510221561428405,0.5161934527555948,0.9502296923029883,0.5160417693808259,0.26040296497001675,0.5126773923051667,0.667621776504298,0.3995931880819151,0.404118308648288,0.10028653295128939,0.6657142857142857,0.3987996498062601,0.40430168396622973,0.1,0.14040114613180515,0.16285714285714287,0.002857142857142857,35.91428571428571,0.16045845272206305,0.0,2.9166966174264e-18,0.1319663491490371,11.736389684813753,0.0,0.0,0.15,0.08022922636103152,0,0.22320515325625098,0.376903125030208,7.884201670230203,1.140344018118386,0.0,0.9298245614035088,0.0,0.1,0.0,0.9999999999999999,0.3,0.08,0.14040114613180515,0.5,0.25
374,0.9500697434382486,0.5163610739346045,0.9492800007775521,0.5161929176754511,0.26040296497001675,0.5126267696070547,0.6475644699140402,0.39987972103320446,0.404333208361755,0.10315186246418338,0.6457142857142857,0.3990853640919745,0.40451596968051545,0.10285714285714286,0.1318051575931232,0.16857142857142857,0.002857142857142857,36.04857142857143,0.16045845272206305,0.0,2.9166966174264e-18,0.1319663491490371,11.736389684813753,0.0,0.0,0.15,0.08022922636103152,0,0.2246312710613983,0.40464891813323245,7.895089065397026,1.3206365546494552,0.0,0.9322033898305084,0.0,0.1,0.0,0.9999999999999999,0.3,0.08,0.1318051575931232,0.5,0.25
375,0.9508644699420162,0.5170324608657205,0.9500724566341662,0.5168560501223057,0.26040296497001675,0.5124668399745045,0.6905444126074498,0.39999433421372027,0.4044191682471419,0.10315186246418338,0.6885714285714286,0.39919964980626016,0.40460168396622975,0.10285714285714286,0.1346704871060172,0.15142857142857144,0.002857142857142857,36.15714285714286,0.16045845272206305,0.0,2.9166966174264e-18,0.1319663491490371,11.736389684813753,0.0,0.0,0.15,0.08022922636103152,0,0.22467897256323413,0.4026256735425663,7.888615855517658,1.294223823556466,0.0,0.9811320754716981,0.0,0.1,0.0,0.9999999999999999,0.3,0.08,0.1346704871060172,0.5,0.25
376,0.95098810560805,0.516668604765546,0.9501957390554401,0.5165034146048828,0.26040296497001675,0.5123556529736017,0.664756446991404,0.40010894739423597,0.40450512813252865,0.10315186246418338,0.6628571428571428,0.39931393552054584,0.40468739825194405,0.10285714285714286,0.12607449856733524,0.15714285714285714,0.002857142857142857,36.285714285714285,0.16045845272206305,0.0,2.9166966174264e-18,0.1319663491490371,11.736389684813753,0.0,0.0,0.15,0.08022922636103152,0,0.22521186412898941,0.40061254517485345,7.887986395550162,1.3087317227353878,0.0,0.9636363636363636,0.0,0.1,0.0,0.9999999999999999,0.3,0.08,0.12607449856733524,0.5,0.25
377,0.951090713130046,0.5162895607880804,0.9502980534130875,0.5161150961857071,0.26040296497001675,0.5120654085649635,0.6160458452722063,0.40010894739423597,0.40450512813252865,0.10315186246418338,0.6142857142857143,0.39931393552054584,0.40468739825194405,0.10285714285714286,0.1518624641833811,0.16857142857142857,0.002857142857142857,36.42285714285714,0.16332378223495703,0.0,2.9166966174264e-18,0.1319663491490371,11.736389684813753,0.0,0.0,0.15,0.08022922636103152,0,0.22482794837977305,0.3986094824489792,7.898798096210589,1.2825570882806803,0.0,1.0,0.0,0.1,0.0,0.9999999999999999,0.3,0.08,0.1518624641833811,0.5,0.25
378,0.9521803147815542,0.5167177106584867,0.9513845419170197,0.5165660398372143,0.26040296497001675,0.511741416993293,0.664756446991404,0.4002235605747517,0.4045910880179155,0.10315186246418338,0.6628571428571428,0.3994282212348316,0.40477311253765835,0.10285714285714286,0.15472779369627507,0.18571428571428572,0.002857142857142857,36.53142857142857,0.15759312320916904,0.0,2.9166966174264e-18,0.1319663491490371,11.736389684813753,0.0,0.0,0.15,0.08022922636103152,0,0.2249600950664456,0.39661643503673427,7.92653642000066,1.2569059465150665,0.0,0.9846153846153847,0.0,0.1,0.0,0.9999999999999999,0.3,0.08,0.15472779369627507,0.5,0.25
379,0.9519052120774948,0.5170590646257438,0.9511102252206862,0.5168779515483191,0.26040296497001675,0.5114415959042307,0.6561604584527221,0.4002235605747517,0.4045910880179155,0.10315186246418338,0.6542857142857142,0.3994282212348316,0.40477311253765835,0.10285714285714286,0.11461318051575932,0.12571428571428572,0.002857142857142857,36.642857142857146,0.15472779369627507,0.0,2.9166966174264e-18,0.1319663491490371,11.736389684813753,0.0,0.0,0.15,0.08022922636103152,0,0.2245195838732562,0.3946333528615506,7.893719977314933,1.2317678275847652,0.0,1.0,0.0,0.1,0.0,0.9999999999999999,0.3,0.08,0.11461318051575932,0.5,0.25
380,0.9529645963990167,0.5166623672644186,0.9521665827298609,0.5164242563587688,0.26040296497001675,0.5111563223492733,0.673352435530086,0.4002235605747517,0.4045910880179155,0.10315186246418338,0.6714285714285714,0.3994282212348316,0.40477311253765835,0.10285714285714286,0.14326647564469913,0.1657142857142857,0.002857142857142857,36.74285714285714,0.15759312320916904,0.0,2.9166966174264e-18,0.1319663491490371,11.736389684813753,0.0,0.0,0.15,0.08022922636103152,0,0.22436698666817562,0.39266018609724285,7.9015598634829205,1.20713247103307,0.0,1.0,0.0,0.1,0.0,0.9999999999999999,0.3,0.08,0.14326647564469913,0.5,0.25
381,0.9541531125477603,0.5158894853595033,0.9533517031181795,0.5156334586300196,0.26040296497001675,0.5108383573339461,0.6905444126074498,0.4002235605747517,0.4045910880179155,0.10315186246418338,0.6885714285714286,0.3994282212348316,0.40477311253765835,0.10285714285714286,0.14040114613180515,0.16,0.002857142857142857,36.88857142857143,0.15472779369627507,0.0,2.9166966174264e-18,0.1319663491490371,11.736389684813753,0.0,0.0,0.15,0.08022922636103152,0,0.2240157245919777,0.3906968851667566,7.90352866621326,1.1829898216124086,0.0,1.0,0.0,0.1,0.0,0.9999999999999999,0.3,0.08,0.14040114613180515,0.5,0.25
382,0.9531010796688975,0.5157966980516753,0.9523026760475422,0.51550445312775,0.26040296497001675,0.5104923749765221,0.6962750716332379,0.4005100935260411,0.4048059877313825,0.10315186246418338,0.6942857142857143,0.3997139355205459,0.404987398251944,0.10285714285714286,0.13753581661891118,0.16857142857142857,0.002857142857142857,37.002857142857145,0.15759312320916904,0.0,2.9166966174264e-18,0.1319663491490371,11.736389684813753,0.0,0.0,0.15,0.08022922636103152,0,0.22495207525473201,0.38874340074092284,7.9140295214604235,1.1593300251801604,0.0,0.9491525423728814,0.0,0.1,0.0,0.9999999999999999,0.3,0.08,0.13753581661891118,0.5,0.25
383,0.953193612778354,0.5155815506171275,0.9523949447766861,0.515316258717988,0.26040296497001675,0.5102558246495597,0.6361031518624641,0.4005100935260411,0.4048059877313825,0.10315186246418338,0.6342857142857142,0.3997139355205459,0.404987398251944,0.10285714285714286,0.15759312320916904,0.18285714285714286,0.002857142857142857,37.12,0.16045845272206305,0.0,2.9166966174264e-18,0.1319663491490371,11.736389684813753,0.0,0.0,0.15,0.08022922636103152,0,0.22471188773560122,0.38679968373721824,7.938606073888359,1.1361434246765572,0.0,1.0,0.0,0.1,0.0,0.9999999999999999,0.3,0.08,0.15759312320916904,0.5,0.25
384,0.9517539454449532,0.515053202399199,0.9509593907785233,0.5147589461083223,0.26040296497001675,0.5100955528906326,0.6446991404011462,0.4005100935260411,0.4048059877313825,0.10315186246418338,0.6428571428571429,0.3997139355205459,0.404987398251944,0.10285714285714286,0.1518624641833811,0.1742857142857143,0.002857142857142857,37.23428571428571,0.15759312320916904,0.0,2.9166966174264e-18,0.1319663491490371,11.736389684813753,0.0,0.0,0.15,0.08022922636103152,0,0.22441618615406608,0.38486568531853216,7.954119666696305,1.113420556183026,0.0,1.0,0.0,0.1,0.0,0.9999999999999999,0.3,0.08,0.1518624641833811,0.5,0.25
385,0.9503233948238465,0.5146666818288856,0.9495329274449057,0.5144363645554095,0.26040296497001675,0.510024058389385,0.6303724928366762,0.40102585283836206,0.40519280721562323,0.10315186246418338,0.6285714285714286,0.40022822123483154,0.4053731125376583,0.10285714285714286,0.1346704871060172,0.17142857142857143,0.002857142857142857,37.354285714285716,0.15472779369627507,0.0,2.9166966174264e-18,0.1319663491490371,11.736389684813753,0.0,0.0,0.15,0.08022922636103152,0,0.22620796236615293,0.3829413568919395,7.966465844790951,1.1040142285228118,0.0,0.9166666666666666,0.0,0.1,0.0,0.9999999999999999,0.3,0.08,0.1346704871060172,0.5,0.25
386,0.9499295165160069,0.5148234853537301,0.9491401745036596,0.5145673036224642,0.26040296497001675,0.5100511910482459,0.664756446991404,0.40125507919939357,0.40536472698639686,0.10315186246418338,0.6628571428571428,0.4004567926634031,0.40554454110908683,0.10285714285714286,0.12893982808022922,0.15428571428571428,0.002857142857142857,37.46857142857143,0.15472779369627507,0.0,2.9166966174264e-18,0.1319663491490371,11.736389684813753,0.0,0.0,0.15,0.08022922636103152,0,0.2266763511257507,0.38102665010747977,7.961422242180847,1.1064566302443382,0.0,0.9629629629629629,0.0,0.1,0.0,0.9999999999999999,0.3,0.08,0.12893982808022922,0.5,0.25
387,0.9508501531511493,0.5147602077558405,0.950058180748416,0.5144962328857511,0.26040296497001675,0.510033604826141,0.6790830945558739,0.40142699897016726,0.40549366681447707,0.10315186246418338,0.6771428571428572,0.40062822123483166,0.40567311253765825,0.10285714285714286,0.13753581661891118,0.16,0.002857142857142857,37.565714285714286,0.15472779369627507,0.0,2.9166966174264e-18,0.1319663491490371,11.736389684813753,0.0,0.0,0.15,0.08022922636103152,0,0.2276565407986934,0.3791215168569424,7.96219379733723,1.0996916592595842,0.0,0.9464285714285714,0.0,0.1,0.0,0.9999999999999999,0.3,0.08,0.13753581661891118,0.5,0.25
388,0.9503069352840198,0.5144511970710433,0.9495165149323355,0.514142249901623,0.26040296497001675,0.5098774190156922,0.6590257879656161,0.40159891874094084,0.4056226066425573,0.10315186246418338,0.6571428571428571,0.40079964980626015,0.4058016839662296,0.10285714285714286,0.15759312320916904,0.19714285714285715,0.002857142857142857,37.677142857142854,0.16332378223495703,0.0,2.9166966174264e-18,0.1319663491490371,11.736389684813753,0.0,0.0,0.15,0.08022922636103152,0,0.22828883023755703,0.41535369033217323,8.000092778533341,1.207752259795184,0.0,0.9710144927536232,0.0,0.1,0.0,0.9999999999999999,0.3,0.08,0.15759312320916904,0.5,0.25
389,0.9519472529469464,0.5139529527681845,0.951152145973368,0.5136607219215684,0.26040296497001675,0.5095556520126985,0.667621776504298,0.4016562253311987,0.4056655865852507,0.10315186246418338,0.6657142857142857,0.40085679266340307,0.4058445411090868,0.10285714285714286,0.1318051575931232,0.15142857142857144,0.002857142857142857,37.79142857142857,0.16045845272206305,0.0,2.9166966174264e-18,0.1319663491490371,11.736389684813753,0.0,0.0,0.15,0.08022922636103152,0,0.22826152894351212,0.42870166231850454,7.991519494391245,1.3323202549023037,0.0,0.9811320754716981,0.0,0.1,0.0,0.9999999999999999,0.3,0.08,0.1318051575931232,0.5,0.25
390,0.952437900131565,0.5137172226384136,0.9516413913088877,0.5133943332582478,0.26040296497001675,0.5092631880442309,0.670487106017192,0.40177083851171447,0.40575154647063755,0.10315186246418338,0.6685714285714286,0.40097107837768864,0.4059302553948011,0.10285714285714286,0.1833810888252149,0.2,0.002857142857142857,37.94,0.15759312320916904,0.0,2.9166966174264e-18,0.1319663491490371,11.736389684813753,0.0,0.0,0.15,0.08022922636103152,0,0.22834822129879456,0.426558154006912,8.03168910450342,1.3056738498042575,0.0,0.9857142857142858,0.0,0.1,0.0,0.9999999999999999,0.3,0.08,0.1833810888252149,0.5,0.25
391,0.952997485587851,0.5137905970703931,0.9521993779495843,0.5134582661135894,0.26040296497001675,0.508898137271629,0.66189111747851,0.4018854516922303,0.4058375063560244,0.10315186246418338,0.66,0.40108536409197443,0.40601596968051534,0.10285714285714286,0.15472779369627507,0.18285714285714286,0.002857142857142857,38.074285714285715,0.15759312320916904,0.0,2.9166966174264e-18,0.1319663491490371,11.736389684813753,0.0,0.0,0.15,0.08022922636103152,0,0.2285484809065863,0.42442536323687746,8.053912465270495,1.2795603728081724,0.0,0.984375,0.0,0.1,0.0,0.9999999999999999,0.3,0.08,0.15472779369627507,0.5,0.25
392,0.9518344813978875,0.5140959585054623,0.9510396966287349,0.5137700899886828,0.26040296497001675,0.5086634190289643,0.6532951289398281,0.4018854516922303,0.4058375063560244,0.10315186246418338,0.6514285714285715,0.40108536409197443,0.40601596968051534,0.10285714285714286,0.10888252148997135,0.13142857142857142,0.002857142857142857,38.20285714285714,0.15759312320916904,0.0,2.9166966174264e-18,0.1319663491490371,11.736389684813753,0.0,0.0,0.15,0.08022922636103152,0,0.22800559564491052,0.42230323642069306,8.024262787393656,1.2539691653520089,0.0,1.0,0.0,0.1,0.0,0.9999999999999999,0.3,0.08,0.10888252148997135,0.5,0.25
393,0.9516251706408622,0.5136259740194552,0.9508309839024439,0.5132871167441325,0.26040296497001675,0.5085071975868498,0.673352435530086,0.4020000648727461,0.4059234662414112,0.10315186246418338,0.6714285714285714,0.4011996498062602,0.4061016839662297,0.10285714285714286,0.12607449856733524,0.14857142857142858,0.002857142857142857,38.36857142857143,0.16045845272206305,0.0,2.9166966174264e-18,0.1319663491490371,11.736389684813753,0.0,0.0,0.15,0.08022922636103152,0,0.2281504248095431,0.42019172023858964,8.012348960217214,1.2288897820449687,0.0,0.9807692307692307,0.0,0.1,0.0,0.9999999999999999,0.3,0.08,0.12607449856733524,0.5,0.25
394,0.9511239934277778,0.5137307285692487,0.9503312386242543,0.5133942009688494,0.26040296497001675,0.5085088750451952,0.6418338108882522,0.40222929123377754,0.4060953860121848,0.10315186246418338,0.64,0.4014282212348316,0.40627311253765824,0.10285714285714286,0.14040114613180515,0.15428571428571428,0.002857142857142857,38.505714285714284,0.16045845272206305,0.0,2.9166966174264e-18,0.1319663491490371,11.736389684813753,0.0,0.0,0.15,0.08022922636103152,0,0.22869424554263829,0.41809076163739667,8.006387695298582,1.2043119864040694,0.0,0.9629629629629629,0.0,0.1,0.0,0.9999999999999999,0.3,0.08,0.14040114613180515,0.5,0.25
395,0.9507213583811421,0.5137884629862078,0.949929753963466,0.5134384956474954,0.26040296497001675,0.5083671440921318,0.6848137535816619,0.4023439044142933,0.40618134589757166,0.10315186246418338,0.6828571428571428,0.40154250694911736,0.4063588268233725,0.10285714285714286,0.12893982808022922,0.15142857142857144,0.002857142857142857,38.628571428571426,0.15472779369627507,0.0,2.9166966174264e-18,0.1319663491490371,11.736389684813753,0.0,0.0,0.15,0.08022922636103152,0,0.22877863145778218,0.41600030782920966,7.99768851282118,1.180225746675988,0.0,0.9811320754716981,0.0,0.1,0.0,0.9999999999999999,0.3,0.08,0.12893982808022922,0.5,0.25
396,0.949971081832843,0.5136442680180656,0.9491816210624479,0.5132424487268076,0.26040296497001675,0.508347915931715,0.6217765042979942,0.40245851759480905,0.4062673057829585,0.10315186246418338,0.62,0.40165679266340304,0.40644454110908684,0.10285714285714286,0.1518624641833811,0.1657142857142857,0.002857142857142857,38.76285714285714,0.16332378223495703,0.0,2.9166966174264e-18,0.1319663491490371,11.736389684813753,0.0,0.0,0.15,0.08022922636103152,0,0.22889116687192188,0.4139203062900636,8.003449028279043,1.1566212317424682,0.0,0.9827586206896551,0.0,0.1,0.0,0.9999999999999999,0.3,0.08,0.1518624641833811,0.5,0.25
397,0.9489989363162102,0.5136602005759129,0.9482122531044342,0.5132843453788506,0.26040296497001675,0.5083974340060373,0.673352435530086,0.40257313077532486,0.4063532656683453,0.10315186246418338,0.6714285714285714,0.4017710783776887,0.40653025539480103,0.10285714285714286,0.1318051575931232,0.18285714285714286,0.002857142857142857,38.87428571428571,0.15759312320916904,0.0,2.9166966174264e-18,0.1319663491490371,11.736389684813753,0.0,0.0,0.15,0.08022922636103152,0,0.22903185389470512,0.4118507047586133,8.026237190570606,1.1334888071076188,0.0,0.984375,0.0,0.1,0.0,0.9999999999999999,0.3,0.08,0.1318051575931232,0.5,0.25
398,0.9478676270045105,0.5126094053539586,0.9470841761050536,0.512236156330273,0.26040296497001675,0.5086608948521876,0.6962750716332379,0.40257313077532486,0.4063532656683453,0.10315186246418338,0.6942857142857143,0.4017710783776887,0.40653025539480103,0.10285714285714286,0.1318051575931232,0.16285714285714287,0.002857142857142857,39.011428571428574,0.16045845272206305,0.0,2.9166966174264e-18,0.1319663491490371,11.736389684813753,0.0,0.0,0.15,0.08022922636103152,0,0.228629266053803,0.4097914512348202,8.028569589616337,1.1108190309654662,0.0,1.0,0.0,0.1,0.0,0.9999999999999999,0.3,0.08,0.1318051575931232,0.5,0.25
399,0.9479453398308255,0.5125087311697496,0.947161666894722,0.512091632345114,0.26040296497001675,0.5088653881550368,0.6905444126074498,0.4026877439558405,0.40643922555373213,0.10315186246418338,0.6885714285714286,0.40188536409197445,0.40661596968051544,0.10285714285714286,0.13753581661891118,0.16,0.002857142857142857,39.11142857142857,0.16045845272206305,0.0,2.9166966174264e-18,0.1319663491490371,11.736389684813753,0.0,0.0,0.15,0.08022922636103152,0,0.22865726258067684,0.40827404478316776,8.02799819782401,1.0978656477129658,0.0,0.9821428571428571,0.0,0.1,0.0,0.9999999999999999,0.3,0.08,0.13753581661891118,0.5,0.25
400,0.949596140753253,0.5122754869362012,0.9488077512430854,0.5118839412870814,0.26040296497001675,0.5091640230984408,0.6475644699140402,0.4027450505460985,0.4064822054964255,0.10315186246418338,0.6457142857142857,0.4019425069491173,0.4066588268233725,0.10285714285714286,0.14613180515759314,0.16285714285714287,0.002857142857142857,39.24857142857143,0.16332378223495703,0.0,2.9166966174264e-18,0.1319663491490371,11.736389684813753,0.0,0.0,0.15,0.08022922636103152,0,0.2287699776963449,0.40623267455925194,8.030295376724672,1.0759083347587066,0.0,0.9824561403508771,0.0,0.1,0.0,0.9999999999999999,0.3,0.08,0.14613180515759314,0.5,0.25
401,0.9504870930829021,0.511937163384955,0.9496961579946495,0.5115754207448092,0.26040296497001675,0.5094572608433918,0.6504297994269341,0.4027450505460985,0.4064822054964255,0.10315186246418338,0.6485714285714286,0.4019425069491173,0.4066588268233725,0.10285714285714286,0.14613180515759314,0.18285714285714286,0.002857142857142857,39.357142857142854,0.16332378223495703,0.0,2.9166966174264e-18,0.1319663491490371,11.736389684813753,0.0,0.0,0.15,0.08022922636103152,0,0.22848269923643458,0.40420151118645564,8.05254661204732,1.0543901680635324,0.0,1.0,0.0,0.1,0.0,0.9999999999999999,0.3,0.08,0.14613180515759314,0.5,0.25
402,0.9504945631599119,0.5122493704444191,0.9497036067285821,0.5118867762034902,0.26040296497001675,0.5096846896159659,0.664756446991404,0.4027450505460985,0.4064822054964255,0.10315186246418338,0.6628571428571428,0.4019425069491173,0.4066588268233725,0.10285714285714286,0.13753581661891118,0.15428571428571428,0.002857142857142857,39.48285714285714,0.16332378223495703,0.0,2.9166966174264e-18,0.1319663491490371,11.736389684813753,0.0,0.0,0.15,0.08022922636103152,0,0.22808257216882388,0.4021805036305234,8.045781394092087,1.0333023647022617,0.0,1.0,0.0,0.1,0.0,0.9999999999999999,0.3,0.08,0.13753581661891118,0.5,0.25
403,0.9495888192705104,0.5118187626950189,0.9488004506788649,0.5114849554201994,0.26040296497001675,0.5098742625812889,0.6561604584527221,0.4027450505460985,0.4064822054964255,0.10315186246418338,0.6542857142857142,0.4019425069491173,0.4066588268233725,0.10285714285714286,0.15472779369627507,0.1742857142857143,0.002857142857142857,39.59428571428571,0.16332378223495703,0.0,2.9166966174264e-18,0.1319663491490371,11.736389684813753,0.0,0.0,0.15,0.08022922636103152,0,0.2277985878794083,0.40016960111237077,8.059151480495961,1.0126363174082165,0.0,1.0,0.0,0.1,0.0,0.9999999999999999,0.3,0.08,0.15472779369627507,0.5,0.25
404,0.9486809982846043,0.5118937735500074,0.947895223467204,0.5115835727686241,0.26040296497001675,0.5100272550911863,0.670487106017192,0.4030888900876458,0.40674008515258603,0.10315186246418338,0.6685714285714286,0.40228536409197446,0.40691596968051547,0.10285714285714286,0.13753581661891118,0.16,0.002857142857142857,39.74,0.16332378223495703,0.0,2.9166966174264e-18,0.1319663491490371,11.736389684813753,0.0,0.0,0.15,0.08022922636103152,0,0.22868773779715412,0.3981687531068089,8.057968450886042,1.0665943367215405,0.0,0.9464285714285714,0.0,0.1,0.0,0.9999999999999999,0.3,0.08,0.13753581661891118,0.5,0.25
405,0.9486913473089913,0.5111602700937595,0.9479055429229499,0.5108115225700802,0.26040296497001675,0.5100448812440248,0.6561604584527221,0.4032208731555793,0.40695498486605297,0.10315186246418338,0.6542857142857142,0.4024169700654282,0.40713025539480113,0.10285714285714286,0.1518624641833811,0.1657142857142857,0.002857142857142857,39.87714285714286,0.166189111747851,0.0,2.9166966174264e-18,0.1319663491490371,11.736389684813753,0.0,0.0,0.15,0.08022922636103152,0,0.2296010133938826,0.40034819138987693,8.062523367582607,1.1675305316196418,0.0,0.9482758620689655,0.0,0.1,0.0,0.9999999999999999,0.3,0.08,0.1518624641833811,0.5,0.25
406,0.9493091850271327,0.5112029830783219,0.9485216153904682,0.5108673739617543,0.26040296497001675,0.5099868834877705,0.66189111747851,0.4032208731555793,0.40695498486605297,0.10315186246418338,0.66,0.4024169700654282,0.40713025539480113,0.10285714285714286,0.14326647564469913,0.16285714285714287,0.002857142857142857,39.994285714285716,0.16332378223495703,0.0,2.9166966174264e-18,0.1319663491490371,11.736389684813753,0.0,0.0,0.15,0.08022922636103152,0,0.2293375811840561,0.39834645043292755,8.064130043088099,1.144179920987249,0.0,1.0,0.0,0.1,0.0,0.9999999999999999,0.3,0.08,0.14326647564469913,0.5,0.25
407,0.9480778800685541,0.5107483914134341,0.9472938284460568,0.5104261887278941,0.26040296497001675,0.5098800880939479,0.66189111747851,0.40327817974583724,0.40699796480874645,0.10315186246418338,0.66,0.40247411292257107,0.40717311253765825,0.10285714285714286,0.14326647564469913,0.16285714285714287,0.002857142857142857,40.12571428571429,0.16045845272206305,0.0,2.9166966174264e-18,0.1319663491490371,11.736389684813753,0.0,0.0,0.15,0.08022922636103152,0,0.2293048932781358,0.3963547181807629,8.065704585083477,1.2721679430475596,0.0,0.9824561403508771,0.0,0.1,0.0,0.9999999999999999,0.3,0.08,0.14326647564469913,0.5,0.25
408,0.9478433493344964,0.5104876065172398,0.9470599677998109,0.5101780147375322,0.26040296497001675,0.5097303297277481,0.6876790830945558,0.40327817974583724,0.40699796480874645,0.10315186246418338,0.6857142857142857,0.40247411292257107,0.40717311253765825,0.10285714285714286,0.1489971346704871,0.17142857142857143,0.002857142857142857,40.21714285714286,0.16332378223495703,0.0,2.9166966174264e-18,0.1319663491490371,11.736389684813753,0.0,0.0,0.15,0.08022922636103152,0,0.2290715123831737,0.3943729445898591,8.07581906481038,1.2467245841866084,0.0,1.0,0.0,0.1,0.0,0.9999999999999999,0.3,0.08,0.1489971346704871,0.5,0.25
409,0.9473607337708724,0.5096652569520388,0.9465787311377971,0.5093608786386401,0.26040296497001675,0.5094309585682116,0.6905444126074498,0.40339279292635294,0.40708392469413324,0.10315186246418338,0.6885714285714286,0.40258839863685675,0.40725882682337256,0.10285714285714286,0.14613180515759314,0.17142857142857143,0.002857142857142857,40.31142857142857,0.16332378223495703,0.0,2.9166966174264e-18,0.1319663491490371,11.736389684813753,0.0,0.0,0.15,0.08022922636103152,0,0.2290401548212578,0.3924010798669098,8.085731254942743,1.3385919047544252,0.0,0.9833333333333333,0.0,0.1,0.0,0.9999999999999999,0.3,0.08,0.14613180515759314,0.5,0.25
410,0.9472973391518624,0.510008537091861,0.94651551764627,0.5097031456880272,0.26040296497001675,0.5091219302184223,0.6848137535816619,0.4035074061068688,0.4071698845795201,0.10315186246418338,0.6828571428571428,0.40270268435114254,0.40734454110908686,0.10285714285714286,0.1318051575931232,0.16857142857142857,0.002857142857142857,40.41428571428571,0.16332378223495703,0.0,2.9166966174264e-18,0.1319663491490371,11.736389684813753,0.0,0.0,0.15,0.08022922636103152,0,0.22926524047572294,0.39043907446757525,8.092588058415318,1.3975260233599727,0.0,0.9830508474576272,0.0,0.1,0.0,0.9999999999999999,0.3,0.08,0.1318051575931232,0.5,0.25
411,0.9484234599681178,0.5098311997789459,0.9476384209744791,0.5095611121303967,0.26040296497001675,0.5088488763289224,0.6561604584527221,0.4035074061068688,0.4071698845795201,0.10315186246418338,0.6542857142857142,0.40270268435114254,0.40734454110908686,0.10285714285714286,0.1346704871060172,0.15714285714285714,0.002857142857142857,40.52285714285714,0.16332378223495703,0.0,2.9166966174264e-18,0.1319663491490371,11.736389684813753,0.0,0.0,0.15,0.08022922636103152,0,0.22883291427334435,0.3884868790952373,8.087879154389867,1.3695755028927732,0.0,1.0,0.0,0.1,0.0,0.9999999999999999,0.3,0.08,0.1346704871060172,0.5,0.25
412,0.9472129838321588,0.5099756970099225,0.9464314033417657,0.5096887430865128,0.26040296497001675,0.5087143479477013,0.6561604584527221,0.4035074061068688,0.4071698845795201,0.10315186246418338,0.6542857142857142,0.40270268435114254,0.40734454110908686,0.10285714285714286,0.1489971346704871,0.17142857142857143,0.002857142857142857,40.62571428571429,0.16332378223495703,0.0,2.9166966174264e-18,0.1319663491490371,11.736389684813753,0.0,0.0,0.15,0.08022922636103152,0,0.22854532113054907,0.3865444446997612,8.097550142730642,1.3421839928349177,0.0,1.0,0.0,0.1,0.0,0.9999999999999999,0.3,0.08,0.1489971346704871,0.5,0.25
413,0.9466792294796815,0.5106714465502983,0.9458991740017242,0.5103676737393072,0.26040296497001675,0.5085331578093795,0.6819484240687679,0.40362201928738445,0.4072558444649069,0.10315186246418338,0.68,0.40281697006542816,0.40743025539480116,0.10285714285714286,0.14326647564469913,0.16857142857142857,0.002857142857142857,40.722857142857144,0.16332378223495703,0.0,2.9166966174264e-18,0.1319663491490371,11.736389684813753,0.0,0.0,0.15,0.08022922636103152,0,0.2286020238106106,0.38461172247626235,8.104170568447458,1.3153403129782195,0.0,0.9830508474576272,0.0,0.1,0.0,0.9999999999999999,0.3,0.08,0.14326647564469913,0.5,0.25
414,0.9472837076603431,0.5099791329276009,0.9465019251018693,0.5096740091681785,0.26040296497001675,0.5084066413004076,0.6361031518624641,0.40373663246790026,0.4073418043502937,0.10315186246418338,0.6342857142857142,0.40293125577971395,0.4075159696805154,0.10285714285714286,0.16332378223495703,0.19142857142857142,0.002857142857142857,40.84,0.16332378223495703,0.0,2.9166966174264e-18,0.1319663491490371,11.736389684813753,0.0,0.0,0.15,0.08022922636103152,0,0.2286871565487004,0.38268866386388106,8.13351572850708,1.3667258211279634,0.0,0.9850746268656716,0.0,0.1,0.0,0.9999999999999999,0.3,0.08,0.16332378223495703,0.5,0.25
415,0.9454853988760002,0.5095586070067613,0.9447087543426246,0.5092190590015627,0.26040296497001675,0.5083762303767241,0.6848137535816619,0.4039085522386739,0.4074707441783739,0.10601719197707736,0.6828571428571428,0.4031026843511425,0.4076445411090869,0.10571428571428572,0.1346704871060172,0.16285714285714287,0.002857142857142857,40.97142857142857,0.16332378223495703,0.0,2.9166966174264e-18,0.1319663491490371,11.736389684813753,0.0,0.0,0.15,0.08022922636103152,0,0.22908600719452832,0.39067309701108305,8.133702556794079,1.4062767378559449,0.0,0.9649122807017544,0.0,0.1,0.0,0.9999999999999999,0.3,0.08,0.1346704871060172,0.5,0.25
416,0.9463874242574611,0.5097703847722161,0.9456082025087098,0.5094408020201071,0.26040296497001675,0.5083723576324997,0.664756446991404,0.40408047200944747,0.40764266394914755,0.10601719197707736,0.6628571428571428,0.4032741129225711,0.4078159696805155,0.10571428571428572,0.13753581661891118,0.16,0.002857142857142857,41.074285714285715,0.16045845272206305,0.0,2.9166966174264e-18,0.1319663491490371,11.736389684813753,0.0,0.0,0.15,0.08022922636103152,0,0.23042572001569853,0.4294032217403606,8.131028505658199,1.4468507939166968,0.0,0.9285714285714286,0.0,0.1,0.0,0.9999999999999999,0.3,0.08,0.13753581661891118,0.5,0.25
417,0.9452308062217533,0.5088025879346635,0.9444548890959614,0.5084552475381778,0.26040296497001675,0.5084146885056725,0.667621776504298,0.40408047200944747,0.40764266394914755,0.10601719197707736,0.6657142857142857,0.4032741129225711,0.4078159696805155,0.10571428571428572,0.1318051575931232,0.14285714285714285,0.002857142857142857,41.177142857142854,0.16332378223495703,0.0,2.9166966174264e-18,0.1319663491490371,11.736389684813753,0.0,0.0,0.15,0.08022922636103152,0,0.2301288814120486,0.4272562056316587,8.111265078402178,1.4179137780383626,0.0,1.0,0.0,0.1,0.0,0.9999999999999999,0.3,0.08,0.1318051575931232,0.5,0.25
418,0.9449120664415565,0.5082771728574097,0.9441370600008507,0.5079734272497334,0.26040296497001675,0.5085299005949349,0.7020057306590258,0.40430969837047903,0.40781458371992113,0.10601719197707736,0.7,0.40350268435114245,0.407987398251944,0.10571428571428572,0.1489971346704871,0.1742857142857143,0.002857142857142857,41.28857142857143,0.16332378223495703,0.0,2.9166966174264e-18,0.1319663491490371,11.736389684813753,0.0,0.0,0.15,0.08022922636103152,0,0.23117709486213123,0.42511992460350045,8.123325491119846,1.463010827737306,0.0,0.9508196721311475,0.0,0.1,0.0,0.9999999999999999,0.3,0.08,0.1489971346704871,0.5,0.25
419,0.94532210644818,0.5072563436789276,0.9445459284645983,0.5069434166932175,0.26040296497001675,0.5086723120680907,0.6532951289398281,0.40430969837047903,0.40781458371992113,0.10601719197707736,0.6514285714285715,0.40350268435114245,0.407987398251944,0.10571428571428572,0.09742120343839542,0.12,0.002857142857142857,41.38285714285714,0.16332378223495703,0.0,2.9166966174264e-18,0.1319663491490371,11.736389684813753,0.0,0.0,0.15,0.08022922636103152,0,0.23073520938782058,0.42299432498048295,8.08085898129745,1.4337506111825598,0.0,1.0,0.0,0.1,0.0,0.9999999999999999,0.3,0.08,0.09742120343839542,0.5,0.25
420,0.9448028325693473,0.5069790940082517,0.9440281382254191,0.5066837318919769,0.26040296497001675,0.5087210604933285,0.6848137535816619,0.40436700496073685,0.40785756366261455,0.10601719197707736,0.6828571428571428,0.40355982720828537,0.40803025539480114,0.10571428571428572,0.1346704871060172,0.1457142857142857,0.002857142857142857,41.5,0.16332378223495703,0.0,2.9166966174264e-18,0.1319663491490371,11.736389684813753,0.0,0.0,0.15,0.08022922636103152,0,0.23080924834088146,0.4208793533555805,8.064956087385788,1.4050755989589088,0.0,0.9803921568627451,0.0,0.1,0.0,0.9999999999999999,0.3,0.08,0.1346704871060172,0.5,0.25
421,0.9446745096747889,0.5074172811140961,0.9439001819677024,0.5071319884328284,0.26040296497001675,0.5087280498183184,0.667621776504298,0.40436700496073685,0.40785756366261455,0.10601719197707736,0.6657142857142857,0.40355982720828537,0.40803025539480114,0.10571428571428572,0.12893982808022922,0.15142857142857144,0.002857142857142857,41.61142857142857,0.16045845272206305,0.0,2.9166966174264e-18,0.1319663491490371,11.736389684813753,0.0,0.0,0.15,0.08022922636103152,0,0.23048277424203423,0.41877495658880265,8.055085537066644,1.3769740869797304,0.0,1.0,0.0,0.1,0.0,0.9999999999999999,0.3,0.08,0.12893982808022922,0.5,0.25
422,0.944139850542713,0.5069350607143396,0.9433670504331467,0.5066605971692056,0.26040296497001675,0.5087098421508143,0.6504297994269341,0.40448161814125266,0.4079435235480014,0.10601719197707736,0.6485714285714286,0.40367411292257105,0.40811596968051544,0.10571428571428572,0.1518624641833811,0.18,0.002857142857142857,41.72857142857143,0.15759312320916904,0.0,2.9166966174264e-18,0.1319663491490371,11.736389684813753,0.0,0.0,0.15,0.08022922636103152,0,0.23061550322796692,0.41668108180585867,8.073983826325309,1.3494346052401358,0.0,0.9841269841269841,0.0,0.1,0.0,0.9999999999999999,0.3,0.08,0.1518624641833811,0.5,0.25
423,0.9442286265120058,0.5072874696461289,0.9434555727568129,0.5070473533903596,0.26040296497001675,0.5087263380784964,0.6590257879656161,0.4047108445022841,0.40811544331877503,0.10601719197707736,0.6571428571428571,0.4039026843511424,0.40828739825194404,0.10571428571428572,0.1518624641833811,0.18285714285714286,0.002857142857142857,41.817142857142855,0.16045845272206305,0.0,2.9166966174264e-18,0.1319663491490371,11.736389684813753,0.0,0.0,0.15,0.08022922636103152,0,0.2311475692832556,0.4145976763968294,8.095361292655946,1.322445913135333,0.0,0.96875,0.0,0.1,0.0,0.9999999999999999,0.3,0.08,0.1518624641833811,0.5,0.25
424,0.9442431565393458,0.5066564893482259,0.9434700612697892,0.5064049764414035,0.26040296497001675,0.5087100594872185,0.6819484240687679,0.4047108445022841,0.40811544331877503,0.10601719197707736,0.68,0.4039026843511424,0.40828739825194404,0.10571428571428572,0.14613180515759314,0.18285714285714286,0.002857142857142857,41.94285714285714,0.16045845272206305,0.0,2.9166966174264e-18,0.1319663491490371,11.736389684813753,0.0,0.0,0.15,0.08022922636103152,0,0.23079154572255367,0.4125246880148452,8.116311209659969,1.2959969948726264,0.0,1.0,0.0,0.1,0.0,0.9999999999999999,0.3,0.08,0.14613180515759314,0.5,0.25
425,0.9445652802458403,0.5065948348888126,0.9437912646228366,0.5063605065086839,0.26040296497001675,0.5087038886761165,0.6561604584527221,0.4047108445022841,0.40811544331877503,0.10601719197707736,0.6542857142857142,0.4039026843511424,0.40828739825194404,0.10571428571428572,0.1346704871060172,0.15428571428571428,0.002857142857142857,42.05428571428571,0.16045845272206305,0.0,2.9166966174264e-18,0.1319663491490371,11.736389684813753,0.0,0.0,0.15,0.08022922636103152,0,0.2303230165653694,0.41046206457477097,8.108270699752484,1.2700770549751739,0.0,1.0,0.0,0.1,0.0,0.9999999999999999,0.3,0.08,0.1346704871060172,0.5,0.25
426,0.9445140687270338,0.5058771466085932,0.9437401994226554,0.5056265397625257,0.26040296497001675,0.5087447884713938,0.6561604584527221,0.4050257711368812,0.4083733229749355,0.10601719197707736,0.6542857142857142,0.4042167111953549,0.4085445411090869,0.10571428571428572,0.15759312320916904,0.18857142857142858,0.002857142857142857,42.17142857142857,0.15759312320916904,0.0,2.9166966174264e-18,0.1319663491490371,11.736389684813753,0.0,0.0,0.15,0.08022922636103152,0,0.23174211576825687,0.43397602278474545,8.134676714328863,1.295360625265214,0.0,0.9393939393939394,0.0,0.1,0.0,0.9999999999999999,0.3,0.08,0.15759312320916904,0.5,0.25
427,0.9424069071135712,0.5050597279584151,0.9416390582709453,0.5047864813756947,0.26040296497001675,0.5085802344193663,0.673352435530086,0.40514038431739696,0.40845928286032235,0.10601719197707736,0.6714285714285714,0.40433099690964064,0.4086302553948011,0.10571428571428572,0.10888252148997135,0.12285714285714286,0.002857142857142857,42.28,0.15759312320916904,0.0,2.9166966174264e-18,0.1319663491490371,11.736389684813753,0.0,0.0,0.15,0.08022922636103152,0,0.23169697733227274,0.4318061426708217,8.094840322899431,1.3140060762795667,0.0,0.9767441860465116,0.0,0.1,0.0,0.9999999999999999,0.3,0.08,0.10888252148997135,0.5,0.25
428,0.9426758770891527,0.5033706229963021,0.9419072597608824,0.5031298290386609,0.26040296497001675,0.5084303694553585,0.6475644699140402,0.40519769090765484,0.4085022628030157,0.10601719197707736,0.6457142857142857,0.4043881397667835,0.40867311253765826,0.10571428571428572,0.13753581661891118,0.15714285714285714,0.002857142857142857,42.37428571428571,0.16045845272206305,0.0,2.9166966174264e-18,0.1319663491490371,11.736389684813753,0.0,0.0,0.15,0.08022922636103152,0,0.23182306387418278,0.4296471119574676,8.090086373584299,1.3442313827582848,0.0,0.9818181818181818,0.0,0.1,0.0,0.9999999999999999,0.3,0.08,0.13753581661891118,0.5,0.25
429,0.9422929189387036,0.5038426570942676,0.9415253957765777,0.5035349178189388,0.26040296497001675,0.5081293248497663,0.670487106017192,0.40519769090765484,0.4085022628030157,0.10601719197707736,0.6685714285714286,0.4043881397667835,0.40867311253765826,0.10571428571428572,0.13753581661891118,0.15714285714285714,0.002857142857142857,42.502857142857145,0.16045845272206305,0.0,2.9166966174264e-18,0.1319663491490371,11.736389684813753,0.0,0.0,0.15,0.08022922636103152,0,0.2314346628405262,0.42749887639768025,8.085427503255469,1.317346755103119,0.0,1.0,0.0,0.1,0.0,0.9999999999999999,0.3,0.08,0.13753581661891118,0.5,0.25
430,0.9439321692242666,0.5034568906444383,0.9431599624898958,0.5031423253795317,0.26040296497001675,0.5078687508106446,0.6819484240687679,0.40559883703946004,0.4088031224018696,0.10601719197707736,0.68,0.4047881397667836,0.40897311253765833,0.10571428571428572,0.13753581661891118,0.16285714285714287,0.002857142857142857,42.63428571428572,0.16045845272206305,0.0,2.9166966174264e-18,0.1319663491490371,11.736389684813753,0.0,0.0,0.15,0.08022922636103152,0,0.232790775954895,0.42536138201569185,8.086576096047501,1.3831611331269271,0.0,0.9298245614035088,0.0,0.1,0.0,0.9999999999999999,0.3,0.08,0.13753581661891118,0.5,0.25
431,0.9437156642280793,0.5038246583789624,0.942944076079412,0.5035384016352171,0.26040296497001675,0.5074526391950499,0.6762177650429799,0.40559883703946004,0.4088031224018696,0.10601719197707736,0.6742857142857143,0.4047881397667836,0.40897311253765833,0.10571428571428572,0.1318051575931232,0.15142857142857144,0.002857142857142857,42.72857142857143,0.16045845272206305,0.0,2.9166966174264e-18,0.1319663491490371,11.736389684813753,0.0,0.0,0.15,0.08022922636103152,0,0.23239725136083478,0.4232345751056134,8.076273145555124,1.3554979104643887,0.0,1.0,0.0,0.1,0.0,0.9999999999999999,0.3,0.08,0.1318051575931232,0.5,0.25
432,0.9440935247171786,0.5032300777668216,0.9433208569671138,0.5029974344927373,0.26040296497001675,0.5071194161736876,0.6876790830945558,0.40565614362971786,0.408846102344563,0.10601719197707736,0.6857142857142857,0.40484528262392633,0.4090159696805155,0.10571428571428572,0.12320916905444126,0.14857142857142858,0.002857142857142857,42.86,0.16332378223495703,0.0,2.9166966174264e-18,0.1319663491490371,11.736389684813753,0.0,0.0,0.15,0.08022922636103152,0,0.23243440867545917,0.42111840223008534,8.063319111215447,1.328387952255101,0.0,0.9807692307692307,0.0,0.1,0.0,0.9999999999999999,0.3,0.08,0.12320916905444126,0.5,0.25
433,0.9455777887247765,0.5027352454339487,0.9448008802204042,0.5025588227740656,0.26040296497001675,0.5067773588559759,0.6103151862464183,0.40565614362971786,0.408846102344563,0.10601719197707736,0.6085714285714285,0.40484528262392633,0.4090159696805155,0.10571428571428572,0.12893982808022922,0.15142857142857144,0.002857142857142857,42.98571428571429,0.16045845272206305,0.0,2.9166966174264e-18,0.1319663491490371,11.736389684813753,0.0,0.0,0.15,0.08022922636103152,0,0.23212795306065329,0.41901281021893494,8.053481300419712,1.301820193209999,0.0,1.0,0.0,0.1,0.0,0.9999999999999999,0.3,0.08,0.12893982808022922,0.5,0.25
434,0.946465187145347,0.5023826656340762,0.9456857432169162,0.5021611953649847,0.26040296497001675,0.5063552464805168,0.6418338108882522,0.40577075681023367,0.40901802211533667,0.10601719197707736,0.64,0.4049595683382121,0.4091873982519441,0.10571428571428572,0.1346704871060172,0.18571428571428572,0.002857142857142857,43.10857142857143,0.15759312320916904,0.0,2.9166966174264e-18,0.1319663491490371,11.736389684813753,0.0,0.0,0.15,0.08022922636103152,0,0.23276602900963578,0.45924807595837547,8.078125960125604,1.275783789345799,0.0,0.9692307692307692,0.0,0.1,0.0,0.9999999999999999,0.3,0.08,0.1346704871060172,0.5,0.25
435,0.9469922803850537,0.5029848568416987,0.9462113304759378,0.5027514660067676,0.26040296497001675,0.5058708954130482,0.66189111747851,0.40577075681023367,0.40901802211533667,0.10601719197707736,0.66,0.4049595683382121,0.4091873982519441,0.10571428571428572,0.12893982808022922,0.16,0.002857142857142857,43.22857142857143,0.15759312320916904,0.0,2.9166966174264e-18,0.1319663491490371,11.736389684813753,0.0,0.0,0.15,0.08022922636103152,0,0.23237334172173044,0.45695183557858354,8.076563440923092,1.2502681135588831,0.0,1.0,0.0,0.1,0.0,0.9999999999999999,0.3,0.08,0.12893982808022922,0.5,0.25
436,0.9469032412021894,0.5035308294739669,0.9461225456907388,0.5032739227576698,0.26040296497001675,0.5054099060058568,0.6131805157593123,0.40588536999074937,0.40910398200072357,0.10601719197707736,0.6114285714285714,0.4050738540524978,0.4092731125376583,0.10571428571428572,0.16045845272206305,0.18285714285714286,0.002857142857142857,43.33714285714286,0.15759312320916904,0.0,2.9166966174264e-18,0.1319663491490371,11.736389684813753,0.0,0.0,0.15,0.08022922636103152,0,0.23243961787026465,0.45466707640069065,8.09788931496177,1.2252627512877055,0.0,0.984375,0.0,0.1,0.0,0.9999999999999999,0.3,0.08,0.16045845272206305,0.5,0.25
437,0.9467732431759106,0.5034817764838252,0.9459929190873922,0.5032489734171829,0.26040296497001675,0.5049403531725734,0.6246418338108882,0.4059999831712652,0.4091899418861103,0.10601719197707736,0.6228571428571429,0.40518813976678353,0.4093588268233726,0.10571428571428572,0.1318051575931232,0.15142857142857144,0.002857142857142857,43.457142857142856,0.15759312320916904,0.0,2.9166966174264e-18,0.1319663491490371,11.736389684813753,0.0,0.0,0.15,0.08022922636103152,0,0.23239141978091335,0.45239374101868723,8.087360100091107,1.2007574962619514,0.0,0.9811320754716981,0.0,0.1,0.0,0.9999999999999999,0.3,0.08,0.1318051575931232,0.5,0.25
438,0.9473274380311969,0.5038456301975972,0.9465455305288062,0.5036126804462968,0.26040296497001675,0.5045288780999365,0.6446991404011462,0.40622920953229674,0.40936186165688393,0.10601719197707736,0.6428571428571429,0.405416711195355,0.4095302553948011,0.10571428571428572,0.12320916905444126,0.14857142857142858,0.002857142857142857,43.55428571428571,0.16045845272206305,0.0,2.9166966174264e-18,0.1319663491490371,11.736389684813753,0.0,0.0,0.15,0.08022922636103152,0,0.2329140348248659,0.4501317723135938,8.074184326660713,1.214431760736351,0.0,0.9615384615384616,0.0,0.1,0.0,0.9999999999999999,0.3,0.08,0.12320916905444126,0.5,0.25
439,0.9471022231984494,0.5033656120751544,0.9463209591670095,0.5031393699412668,0.26040296497001675,0.5041809699412083,0.6475644699140402,0.40622920953229674,0.40936186165688393,0.10601719197707736,0.6457142857142857,0.405416711195355,0.4095302553948011,0.10571428571428572,0.12607449856733524,0.1457142857142857,0.002857142857142857,43.628571428571426,0.15759312320916904,0.0,2.9166966174264e-18,0.1319663491490371,11.736389684813753,0.0,0.0,0.15,0.08022922636103152,0,0.23254875036502726,0.4478811134520258,8.058414925841785,1.190143125521624,0.0,1.0,0.0,0.1,0.0,0.9999999999999999,0.3,0.08,0.12607449856733524,0.5,0.25
440,0.9461632590099271,0.503004912441257,0.9453846777333118,0.5027200429650863,0.26040296497001675,0.5037512164599887,0.670487106017192,0.40634382271281244,0.40944782154227083,0.10601719197707736,0.6685714285714286,0.4055309969096407,0.4096159696805154,0.10571428571428572,0.1318051575931232,0.15142857142857144,0.002857142857142857,43.73714285714286,0.15759312320916904,0.0,2.9166966174264e-18,0.1319663491490371,11.736389684813753,0.0,0.0,0.15,0.08022922636103152,0,0.23261357875605926,0.44564170788476565,8.048675198753521,1.1663402630111914,0.0,0.9811320754716981,0.0,0.1,0.0,0.9999999999999999,0.3,0.08,0.1318051575931232,0.5,0.25
441,0.9455345633544293,0.5028016660712734,0.9447577783511153,0.5024691057866447,0.26040296497001675,0.5033651353834492,0.6475644699140402,0.40634382271281244,0.40944782154227083,0.10601719197707736,0.6457142857142857,0.4055309969096407,0.4096159696805154,0.10571428571428572,0.15472779369627507,0.1742857142857143,0.002857142857142857,43.84,0.16045845272206305,0.0,2.9166966174264e-18,0.1319663491490371,11.736389684813753,0.0,0.0,0.15,0.08022922636103152,0,0.23230693943370756,0.44341349934534185,8.061987409064164,1.1430134577509676,0.0,1.0,0.0,0.1,0.0,0.9999999999999999,0.3,0.08,0.15472779369627507,0.5,0.25
442,0.9447879296943945,0.5026533553832031,0.9440132779301091,0.5023224800831848,0.26040296497001675,0.5030615933001701,0.6590257879656161,0.40640112930307026,0.4094908014849642,0.10601719197707736,0.6571428571428571,0.4055881397667835,0.40965882682337257,0.10571428571428572,0.13753581661891118,0.15428571428571428,0.002857142857142857,43.94,0.16045845272206305,0.0,2.9166966174264e-18,0.1319663491490371,11.736389684813753,0.0,0.0,0.15,0.08022922636103152,0,0.23237326259368185,0.4411964318486151,8.055033375168595,1.1201531885959484,0.0,0.9814814814814815,0.0,0.1,0.0,0.9999999999999999,0.3,0.08,0.13753581661891118,0.5,0.25
443,0.9461770233113872,0.5035840286450252,0.9453984027081963,0.5032853646620377,0.26040296497001675,0.5028523061958833,0.7163323782234957,0.40640112930307026,0.4094908014849642,0.10601719197707736,0.7142857142857143,0.4055881397667835,0.40965882682337257,0.10571428571428572,0.12607449856733524,0.14857142857142858,0.002857142857142857,44.065714285714286,0.16045845272206305,0.0,2.9166966174264e-18,0.1319663491490371,11.736389684813753,0.0,0.0,0.15,0.08022922636103152,0,0.23189668199499916,0.43899044968937206,8.042504136236651,1.0977501248240293,0.0,1.0,0.0,0.1,0.0,0.9999999999999999,0.3,0.08,0.12607449856733524,0.5,0.25
444,0.9467213640536576,0.5036164987118826,0.9459411881912031,0.503350739669626,0.26040296497001675,0.5027948960190246,0.6934097421203438,0.4064584358933282,0.40953378142765756,0.10601719197707736,0.6914285714285714,0.40564528262392635,0.4097016839662297,0.10571428571428572,0.11461318051575932,0.13142857142857142,0.002857142857142857,44.19428571428571,0.16045845272206305,0.0,2.9166966174264e-18,0.1319663491490371,11.736389684813753,0.0,0.0,0.15,0.08022922636103152,0,0.23190762787073846,0.43679549744092516,8.013082624940491,1.1344020980141456,0.0,0.9782608695652174,0.0,0.1,0.0,0.9999999999999999,0.3,0.08,0.11461318051575932,0.5,0.25
445,0.9457607770761937,0.5039199589878475,0.9449833457479603,0.5036452499625894,0.26040296497001675,0.5027930924644455,0.6561604584527221,0.406892544459363,0.41000656079728515,0.10601719197707736,0.6542857142857142,0.40607815087977256,0.4101731125376583,0.10571428571428572,0.12607449856733524,0.16,0.002857142857142857,44.32,0.16045845272206305,0.0,5.63245887082581e-05,0.1319663491490371,11.736389684813753,0.0,0.0,0.15,0.08022922636103152,0,0.2341469475885276,0.46441925326863853,8.01282097244168,1.5305063584196077,0.0,0.8928571428571429,0.0,0.1,0.0,0.9978571428571428,0.3,0.08,0.12607449856733524,0.5,0.25
446,0.9466300840476911,0.5038690565108513,0.9458501689852536,0.5036619775399541,0.26040296497001675,0.5029187402081841,0.6962750716332379,0.406892544459363,0.41000656079728515,0.10601719197707736,0.6942857142857143,0.40607815087977256,0.4101731125376583,0.10571428571428572,0.1518624641833811,0.17714285714285713,0.002857142857142857,44.43714285714286,0.16045845272206305,0.0,3.942111488011673e-05,0.1319663491490371,11.736389684813753,0.0,0.0,0.15,0.08022922636103152,0,0.23394593070415645,0.4620971570022953,8.029707410135703,1.4998962312512154,0.0,1.0,0.0,0.1,0.0,0.9984999999999999,0.3,0.08,0.1518624641833811,0.5,0.25
447,0.9467345359959384,0.504147851068719,0.945954322499363,0.5039003970089921,0.26040296497001675,0.5030279400421538,0.6762177650429799,0.40706446423013665,0.41013550062536536,0.10601719197707736,0.6742857142857143,0.40624957945120105,0.4103016839662297,0.10571428571428572,0.16332378223495703,0.18857142857142858,0.002857142857142857,44.58,0.16045845272206305,0.0,2.7591794211036706e-05,0.1319663491490371,11.736389684813753,0.0,0.0,0.15,0.08022922636103152,0,0.23446134462206422,0.45978667121728384,8.057684690504416,1.615030510491974,0.0,0.9696969696969697,0.0,0.1,0.0,0.99895,0.3,0.08,0.16332378223495703,0.5,0.25
448,0.9465441362402385,0.5032299217048911,0.945764466742965,0.502997073241501,0.26040296497001675,0.5030274942331084,0.6532951289398281,0.40706446423013665,0.41013550062536536,0.10601719197707736,0.6514285714285715,0.40624957945120105,0.4103016839662297,0.10571428571428572,0.12607449856733524,0.1457142857142857,0.002857142857142857,44.668571428571425,0.16045845272206305,0.0,1.9312793197800072e-05,0.1319663491490371,11.736389684813753,0.0,0.0,0.15,0.08022922636103152,0,0.23397446647038245,0.4574877378611974,8.042245282408617,1.5827299002821344,0.0,1.0,0.0,0.1,0.0,0.999265,0.3,0.08,0.12607449856733524,0.5,0.25
449,0.9456613728618352,0.5035387284155685,0.9448842255456428,0.5033339298335727,0.26040296497001675,0.5029719288681072,0.6504297994269341,0.40717907741065246,0.41022146051075215,0.10601719197707736,0.6485714285714286,0.40636386516548684,0.410387398251944,0.10571428571428572,0.13753581661891118,0.16857142857142857,0.002857142857142857,44.78285714285714,0.16045845272206305,0.0,1.3518238659212428e-05,0.1319663491490371,11.736389684813753,0.0,0.0,0.15,0.08022922636103152,0,0.23414659413803057,0.45520029917189136,8.049971805331872,1.5510753022764918,0.0,0.9830508474576272,0.0,0.1,0.0,0.9994855,0.3,0.08,0.13753581661891118,0.5,0.25
