t,mean_x,mean_y,mean_x_all,mean_y_all,mean_L,y0,mean_epc,mean_r,mean_b,fund_prevalence,mean_epc_all,mean_r_all,mean_b_all,fund_prevalence_all,punish_rate,mean_punished,exit_rate,mean_exit_intent,exit_attempt_rate,exit_success_rate,p_opp_mean,stay_value,mean_degree_active,threat,A,budget,enforcer_frac,n_cadre_fallback,cap_mean,cap_p90,service_mean,service_p90,monopoly_on,enforcer_punish_share_step,alpha_punish_revalue,delta_outside_degrade,mu_membership_reward,current_delta,eta_delta_drift,punish_floor,punish_intensity_step,pi_reward,lam_punish
0,0.3579605308037155,0.5077727076179395,0.3579605308037155,0.5077727076179395,0.26107685272754566,0.5,0.0,0.33369796589576517,0.3279135358137105,0.005714285714285714,0.0,0.33369796589576517,0.3279135358137105,0.005714285714285714,0.0,0.0,0.0,0.0,0.0,0.0,0.5,0.0,11.794285714285714,0.0,0.0,0.0,0.0,0,0.0,0.0,0.0,0.0,0.0,0.0,0.0,0.1,0.0,0.1,0.1,0.08,0.0,0.5,0.25
1,0.3663722005023792,0.5082385825338471,0.3663722005023792,0.5082385825338471,0.26107685272754566,0.5073806164839121,0.5742857142857143,0.334555108752908,0.32855639295656763,0.005714285714285714,0.5742857142857143,0.334555108752908,0.32855639295656763,0.005714285714285714,0.025714285714285714,0.025714285714285714,0.0,0.022857142857142857,0.0,0.0,0.031194197127321337,0.11836634914903713,11.794285714285714,0.0,0.0,0.15,0.08,28,0.0038571428571428576,0.0,0.025714285714285714,0.0,0.0,0.7777777777777778,0.0,0.1,0.0,0.1,0.1,0.08,0.025714285714285714,0.5,0.25
2,0.37718134147809484,0.5078572149816112,0.37718134147809484,0.5078572149816112,0.26107685272754566,0.5141656085635229,0.8257142857142857,0.33581225161005085,0.3294992500994248,0.005714285714285714,0.8257142857142857,0.33581225161005085,0.3294992500994248,0.005714285714285714,0.03428571428571429,0.03428571428571429,0.0,0.03142857142857143,0.0,0.0,0.031194197127321337,0.11836634914903713,11.794285714285714,0.0,0.0,0.15,0.08,25,0.008980714285714286,0.0,0.05948571428571429,0.0,0.0,1.0,0.0,0.1,0.0,0.1,0.1,0.08,0.03428571428571429,0.5,0.25
3,0.3852005378468067,0.5085502527885039,0.3852005378468067,0.5085502527885039,0.26107685272754566,0.5201670191075327,0.9028571428571428,0.33701225161005083,0.33039925009942483,0.008571428571428572,0.9028571428571428,0.33701225161005083,0.33039925009942483,0.008571428571428572,0.03142857142857143,0.03142857142857143,0.0,0.04285714285714286,0.0,0.0,0.031194197127321337,0.11836634914903713,11.794285714285714,0.0,0.0,0.15,0.08,21,0.013650096428571429,0.0,0.08972457142857142,0.0,0.0,0.8181818181818182,0.0,0.1,0.0,0.1,0.1,0.08,0.03142857142857143,0.5,0.25
4,0.39469325996024734,0.509104330736835,0.39469325996024734,0.509104330736835,0.26107685272754566,0.5255977190863264,0.8942857142857142,0.33821225161005086,0.3312992500994248,0.008571428571428572,0.8942857142857142,0.33821225161005086,0.3312992500994248,0.008571428571428572,0.02857142857142857,0.03142857142857143,0.0,0.04285714285714286,0.0,0.0,0.031194197127321337,0.11836634914903713,11.794285714285714,0.0,0.0,0.15,0.08,19,0.018296131660714286,0.0,0.11935865142857144,0.0,0.0,1.0,0.0,0.1,0.0,0.1,0.1,0.08,0.02857142857142857,0.5,0.25
5,0.40422072525084973,0.5097772616568472,0.40422072525084973,0.5097772616568472,0.26107685272754566,0.5307367465654285,0.94,0.3394693944671937,0.332242107242282,0.011428571428571429,0.94,0.3394693944671937,0.332242107242282,0.011428571428571429,0.03428571428571429,0.03428571428571429,0.0,0.037142857142857144,0.0,0.0,0.031194197127321337,0.11836634914903713,11.794285714285714,0.0,0.0,0.15,0.08,17,0.023347508145267856,0.0,0.15125719268571425,0.0,0.0,1.0,0.0,0.1,0.0,0.1,0.1,0.08,0.03428571428571429,0.5,0.25
6,0.41437762572692416,0.5107724574949923,0.41437762572692416,0.5107724574949923,0.26107685272754566,0.5339584685330362,0.8885714285714286,0.3408144595825588,0.33331353581371054,0.011428571428571429,0.8885714285714286,0.3408144595825588,0.33331353581371054,0.011428571428571429,0.037142857142857144,0.04,0.0,0.022857142857142857,0.0,0.0,0.031194197127321337,0.11836634914903713,11.794285714285714,0.0,0.0,0.15,0.08,15,0.029230770604541517,0.0,0.188232048832,0.0,0.0,0.9285714285714286,0.0,0.1,0.0,0.1,0.1,0.08,0.037142857142857144,0.5,0.25
7,0.4231563563113855,0.5112805041331516,0.4231563563113855,0.5112805041331516,0.26107685272754566,0.5371629974834751,0.9,0.3424144595825588,0.3345135358137105,0.014285714285714285,0.9,0.3424144595825588,0.3345135358137105,0.014285714285714285,0.04285714285714286,0.04285714285714286,0.0,0.03428571428571429,0.0,0.0,0.031194197127321337,0.11836634914903713,11.794285714285714,0.0,0.0,0.15,0.08,14,0.035513188180090235,0.0,0.22732455071250285,0.0,0.0,0.9333333333333333,0.0,0.1,0.0,0.1,0.1,0.08,0.04285714285714286,0.5,0.25
8,0.43390341670060056,0.5124798474164226,0.43390341670060056,0.5124798474164226,0.26107685272754566,0.5405028417702569,0.9057142857142857,0.3433287452968445,0.3353278215279963,0.017142857142857144,0.9057142857142857,0.3433287452968445,0.3353278215279963,0.017142857142857144,0.02857142857142857,0.03142857142857143,0.0,0.02,0.0,0.0,0.031194197127321337,0.11836634914903713,11.794285714285714,0.0,0.0,0.15,0.08,12,0.0400499079534755,0.0,0.25420663112682423,0.0,0.0,0.9090909090909091,0.0,0.1,0.0,0.1,0.1,0.08,0.02857142857142857,0.5,0.25
9,0.443343347572115,0.5129060805320012,0.443343347572115,0.5129060805320012,0.26107685272754566,0.5446917049460838,0.8857142857142857,0.34441445958255884,0.33631353581371054,0.017142857142857144,0.8857142857142857,0.34441445958255884,0.33631353581371054,0.017142857142857144,0.037142857142857144,0.037142857142857144,0.0,0.03428571428571429,0.0,0.0,0.031194197127321337,0.11836634914903713,11.794285714285714,0.0,0.0,0.15,0.08,11,0.04524770953916021,0.0,0.28626535564714484,0.0,0.0,0.9230769230769231,0.0,0.1,0.0,0.1,0.1,0.08,0.037142857142857144,0.5,0.25
10,0.45130232170719864,0.5136273497122924,0.45130232170719864,0.5136273497122924,0.26107685272754566,0.5485899545595374,0.9171428571428571,0.34606779312779823,0.3377706786708534,0.02,0.9171428571428571,0.34606779312779823,0.3377706786708534,0.02,0.04857142857142857,0.054285714285714284,0.0,0.03428571428571429,0.0,0.0,0.031194197127321337,0.11836634914903713,11.794285714285714,0.0,0.0,0.15,0.08,10,0.0519071852771787,0.0,0.3348257628199163,0.0,0.0,0.9473684210526315,0.0,0.1,0.0,0.1,0.1,0.08,0.04857142857142857,0.5,0.25
11,0.4622145677864144,0.5145833688041718,0.4622145677864144,0.5145833688041718,0.26107685272754566,0.5507953070997066,0.9342857142857143,0.3465719904818566,0.338242107242282,0.02,0.9342857142857143,0.3465719904818566,0.338242107242282,0.02,0.017142857142857144,0.017142857142857144,0.0,0.037142857142857144,0.0,0.0,0.031194197127321337,0.11836634914903713,11.794285714285714,0.0,0.0,0.15,0.08,8,0.054219077922221366,0.0,0.3452721047063751,0.0,0.0,1.0,0.0,0.1,0.0,0.1,0.1,0.08,0.017142857142857144,0.5,0.25
12,0.4707277845546567,0.5150533048161405,0.4707277845546567,0.5150533048161405,0.26107685272754566,0.5529067277758053,0.92,0.3475677662490065,0.3392706786708534,0.02,0.92,0.3475677662490065,0.3392706786708534,0.02,0.037142857142857144,0.037142857142857144,0.0,0.04285714285714286,0.0,0.0,0.031194197127321337,0.11836634914903713,11.794285714285714,0.0,0.0,0.15,0.08,8,0.05829069681832454,0.0,0.37550951975510477,0.0,0.0,0.8461538461538461,0.0,0.1,0.0,0.1,0.1,0.08,0.037142857142857144,0.5,0.25
13,0.48004560083608455,0.516541026543196,0.48004560083608455,0.516541026543196,0.26107685272754566,0.5548544242106063,0.9028571428571428,0.34844791122522795,0.3402563929565677,0.022857142857142857,0.9028571428571428,0.34844791122522795,0.3402563929565677,0.022857142857142857,0.037142857142857144,0.037142857142857144,0.0,0.04,0.0,0.0,0.031194197127321337,0.11836634914903713,11.794285714285714,0.0,0.0,0.15,0.08,8,0.06344722378703342,0.0,0.4051421865028597,0.0,0.0,1.0,0.0,0.1,0.0,0.1,0.1,0.08,0.037142857142857144,0.5,0.25
14,0.487897903210957,0.5184718415990436,0.487897903210957,0.5184718415990436,0.26107685272754566,0.5556853246674777,0.9257142857142857,0.35113362551094224,0.3424849643851391,0.03428571428571429,0.9257142857142857,0.35113362551094224,0.3424849643851391,0.03428571428571429,0.07428571428571429,0.08285714285714285,0.0,0.05714285714285714,0.0,0.0,0.031194197127321337,0.11836634914903713,11.794285714285714,0.0,0.0,0.15,0.08,8,0.07555855909666968,0.0,0.47989648562994536,0.0,0.0,0.9655172413793104,0.0,0.1,0.0,0.1,0.1,0.08,0.07428571428571429,0.5,0.25
15,0.49719274029818517,0.5187651779230918,0.49719274029818517,0.5187651779230918,0.26107685272754566,0.555639032538721,0.9114285714285715,0.35337208054248703,0.34450729129312263,0.03428571428571429,0.9114285714285715,0.35337208054248703,0.34450729129312263,0.03428571428571429,0.06857142857142857,0.07142857142857142,0.0,0.037142857142857144,0.0,0.0,0.031194197127321337,0.11836634914903713,11.794285714285714,0.0,0.0,0.15,0.08,4,0.08487458072262434,0.1427382112882426,0.5417271273459179,0.8187403024118074,0.0,0.88,0.0,0.1,0.0,0.1,0.1,0.08,0.06857142857142857,0.5,0.25
16,0.5059509575092573,0.5193240885003859,0.5059509575092573,0.5193240885003859,0.26107685272754566,0.555496622971378,0.9228571428571428,0.3555286798828577,0.346574132252567,0.03428571428571429,0.9228571428571428,0.3555286798828577,0.346574132252567,0.03428571428571429,0.08285714285714285,0.08571428571428572,0.0,0.06857142857142857,0.0,0.0,0.027157421453576323,0.11836634914903713,11.794285714285714,0.0,0.0,0.15,0.08,4,0.09384401587670181,0.1427382112882426,0.6166068705132852,0.8187403024118074,0.0,0.9666666666666667,0.0,0.1,0.0,0.19,0.1,0.08,0.08285714285714285,0.5,0.25
17,0.5134245816339239,0.5196775007938551,0.5134245816339239,0.5196775007938551,0.26107685272754566,0.5556040951551082,0.9114285714285715,0.3569321371269266,0.34863901147383514,0.04,0.9114285714285715,0.3569321371269266,0.34863901147383514,0.04,0.07428571428571429,0.08571428571428572,0.0,0.07714285714285714,0.0,0.0,0.027157421453576323,0.11836634914903713,11.794285714285714,0.0,0.0,0.15,0.08,3,0.10035350384504337,0.14202452023180137,0.6899890188173052,0.8023654963635712,0.0,1.0,0.0,0.1,0.0,0.19,0.1,0.08,0.07428571428571429,0.5,0.25
18,0.5215419688802968,0.5202661084066544,0.5215419688802968,0.5202661084066544,0.26107685272754566,0.5548882326251967,0.9,0.35801644779768604,0.3500532971881209,0.04285714285714286,0.9,0.35801644779768604,0.3500532971881209,0.04285714285714286,0.07428571428571429,0.07714285714285714,0.0,0.12,0.0,0.0,0.027157421453576323,0.11836634914903713,11.794285714285714,0.0,0.0,0.15,0.08,3,0.10709407184905777,0.1421682639284464,0.7533320955838163,0.8057345179329959,0.0,0.9629629629629629,0.0,0.1,0.0,0.19,0.1,0.08,0.07428571428571429,0.5,0.25
19,0.5300259821752612,0.5209638987760277,0.5300259821752612,0.5209638987760277,0.26107685272754566,0.5542542534885837,0.88,0.35884776692910775,0.35094518001329966,0.045714285714285714,0.88,0.35884776692910775,0.35094518001329966,0.045714285714285714,0.05714285714285714,0.05714285714285714,0.0,0.1,0.0,0.0,0.027157421453576323,0.11836634914903713,11.794285714285714,0.0,0.0,0.15,0.08,2,0.10997479057110376,0.14482809702142263,0.7954083108149972,0.8681255332467198,0.0,0.95,0.0,0.1,0.0,0.19,0.1,0.08,0.05714285714285714,0.5,0.25
20,0.5372825888615672,0.5213935637036488,0.5372825888615672,0.5213935637036488,0.26107685272754566,0.5540311325744416,0.9028571428571428,0.35997339225573843,0.3520670355086696,0.04857142857142857,0.9028571428571428,0.35997339225573843,0.3520670355086696,0.04857142857142857,0.07714285714285714,0.08285714285714285,0.0,0.12285714285714286,0.0,0.0,0.027157421453576323,0.11836634914903713,11.794285714285714,0.0,0.0,0.15,0.08,1,0.11468626584798211,0.14410395653631553,0.8623572874558402,0.8507630225817854,0.0,1.0,0.0,0.1,0.0,0.19,0.1,0.08,0.07714285714285714,0.5,0.25
21,0.5450632671249278,0.5213665877463616,0.5450632671249278,0.5213665877463616,0.26107685272754566,0.5541013392674594,0.8942857142857142,0.3608876779700241,0.35313846408009814,0.04857142857142857,0.8942857142857142,0.3608876779700241,0.35313846408009814,0.04857142857142857,0.06857142857142857,0.08,0.0,0.1457142857142857,0.0,0.0,0.027157421453576323,0.11836634914903713,11.794285714285714,0.0,0.0,0.15,0.08,1,0.1186700837676622,0.14338343675363394,0.9251101417067231,0.8337477621301497,0.0,1.0,0.0,0.1,0.0,0.19,0.1,0.08,0.06857142857142857,0.5,0.25
22,0.5570451869011004,0.5220700547234783,0.5570451869011004,0.5220700547234783,0.26107685272754566,0.5540651900203531,0.9228571428571428,0.3619162493985955,0.3543813212229553,0.04857142857142857,0.9228571428571428,0.3619162493985955,0.3543813212229553,0.04857142857142857,0.08,0.08571428571428572,0.0,0.2,0.0,0.0,0.023744907037423622,0.11836634914903713,11.794285714285714,0.0,0.0,0.15,0.08,1,0.12191025816830389,0.14266651956986576,0.9923222245868744,0.8170728068875467,0.0,1.0,0.0,0.1,0.0,0.271,0.1,0.08,0.08,0.5,0.25
23,0.5657254529857029,0.5219535307275392,0.5657254529857029,0.5219535307275392,0.26107685272754566,0.5540640927025313,0.8885714285714286,0.3633436450184697,0.35583846408009817,0.04857142857142857,0.8885714285714286,0.3633436450184697,0.35583846408009817,0.04857142857142857,0.08857142857142856,0.09428571428571429,0.0,0.2,0.0,0.0,0.02083828229969378,0.11836634914903713,11.794285714285714,0.0,0.0,0.15,0.08,1,0.1275862783060338,0.14209621195017821,1.066761494380851,0.8040329918878318,0.0,0.9696969696969697,0.0,0.1,0.0,0.34390000000000004,0.1,0.08,0.08857142857142856,0.5,0.25
24,0.5741727391677199,0.5226763004659845,0.5741727391677199,0.5226763004659845,0.26107685272754566,0.5539588766036002,0.8971428571428571,0.3644467071134981,0.3577408532213082,0.05142857142857143,0.8971428571428571,0.3644467071134981,0.3577408532213082,0.05142857142857143,0.09714285714285714,0.10857142857142857,0.0,0.24571428571428572,0.0,0.0,0.01834597500084524,0.11836634914903713,11.794285714285714,0.0,0.0,0.15,0.08,1,0.13280590655010693,0.14338343675363394,1.1539976930646627,0.8337477621301497,0.0,0.9473684210526315,0.0,0.1,0.0,0.40951000000000004,0.1,0.08,0.09714285714285714,0.5,0.25
25,0.584167977369334,0.5235262882526805,0.584167977369334,0.5235262882526805,0.26107685272754566,0.5539825003243719,0.9,0.3651259293364331,0.3587764021505602,0.05142857142857143,0.9,0.3651259293364331,0.3587764021505602,0.05142857142857143,0.08,0.08571428571428572,0.0,0.2885714285714286,0.0,0.0,0.01619632753489629,0.11836634914903713,11.794285714285714,0.0,0.0,0.15,0.08,1,0.1350505334939941,0.14266651956986576,1.216632024917655,0.8170728068875467,0.0,1.0,0.0,0.1,0.0,0.46855900000000006,0.1,0.08,0.08,0.5,0.25
26,0.5911876399953437,0.5241959770935601,0.5911876399953437,0.5241959770935601,0.26107685272754566,0.5540743334407858,0.9057142857142857,0.36626723723585036,0.3604478307219888,0.05142857142857143,0.9057142857142857,0.36626723723585036,0.3604478307219888,0.05142857142857143,0.09714285714285714,0.10571428571428572,0.0,0.32,0.0,0.0,0.01433263524059451,0.11836634914903713,11.794285714285714,0.0,0.0,0.15,0.08,1,0.13901895018151203,0.14195318697201642,1.2980136701335878,0.8007313507497957,0.0,1.0,0.0,0.1,0.0,0.5217031000000001,0.1,0.08,0.09714285714285714,0.5,0.25
27,0.6005036024931693,0.5257128733286235,0.6005036024931693,0.5257128733286235,0.26107685272754566,0.5540972859081257,0.8857142857142857,0.36687406621208263,0.3618192592934174,0.054285714285714284,0.8857142857142857,0.36687406621208263,0.3618192592934174,0.054285714285714284,0.1,0.10285714285714286,0.0,0.39714285714285713,0.002857142857142857,0.0,0.012709539347324536,0.11836634914903713,11.794285714285714,0.0,0.0,0.15,0.08,1,0.141443427378814,0.14124342103715634,1.3749105395880588,0.7847167237347998,0.0,1.0,0.0,0.1,0.0,0.5695327900000001,0.1,0.08,0.1,0.5,0.25
28,0.6085270407846576,0.5261260578543125,0.6085270407846576,0.5261260578543125,0.26107685272754566,0.5539295344479014,0.8714285714285714,0.3675597804977969,0.36313305103841176,0.054285714285714284,0.8714285714285714,0.3675597804977969,0.36313305103841176,0.054285714285714284,0.08571428571428572,0.09142857142857143,0.0,0.43714285714285717,0.005714285714285714,0.0,0.01129038100331735,0.11836634914903713,11.794285714285714,0.0,0.0,0.15,0.08,1,0.14373606738477707,0.14053720393197056,1.438840900224869,0.7690223892601038,0.0,0.96875,0.0,0.1,0.0,0.6125795110000001,0.1,0.08,0.08571428571428572,0.5,0.25
29,0.6177890077825885,0.5261963161161438,0.6177890077825885,0.5261963161161438,0.26107685272754566,0.5537147166257259,0.8857142857142857,0.3680390731819475,0.36404542448419575,0.05714285714285714,0.8857142857142857,0.3680390731819475,0.36404542448419575,0.05714285714285714,0.06285714285714286,0.08285714285714285,0.0,0.5085714285714286,0.008571428571428572,0.0,0.01129038100331735,0.11836634914903713,11.794285714285714,0.0,0.0,0.15,0.08,0,0.14534538863200497,0.1400463848182813,1.4929212250775146,0.7583508824023922,0.0,0.9310344827586207,0.0,0.1,0.0,0.6125795110000001,0.1,0.08,0.06285714285714286,0.5,0.25
30,0.6258661864845283,0.5270518790299874,0.6258661864845283,0.5270518790299874,0.26107685272754566,0.5534520196952581,0.8657142857142858,0.36849621603909033,0.36473113876991003,0.05714285714285714,0.8657142857142858,0.36849621603909033,0.36473113876991003,0.05714285714285714,0.09142857142857143,0.09714285714285714,0.0,0.5542857142857143,0.008571428571428572,0.0,0.01004524234723007,0.11836634914903713,11.794285714285714,0.0,0.0,0.15,0.08,0,0.14681794811741639,0.1393461528941899,1.560205657718821,0.7431838647543443,0.0,1.0,0.0,0.1,0.0,0.6513215599000001,0.1,0.08,0.09142857142857143,0.5,0.25
31,0.6337554968205679,0.5284850736303877,0.6337554968205679,0.5284850736303877,0.26107685272754566,0.5530592391158027,0.8257142857142857,0.3691819303248047,0.3656739959127672,0.05714285714285714,0.8257142857142857,0.3691819303248047,0.3656739959127672,0.05714285714285714,0.08,0.08857142857142856,0.0,0.6028571428571429,0.017142857142857144,0.0,0.008949482607745817,0.11836634914903713,11.794285714285714,0.0,0.0,0.15,0.08,0,0.14925386123040071,0.13864942212971895,1.6175729731358734,0.7283201874592574,0.0,1.0,0.0,0.1,0.0,0.68618940391,0.1,0.08,0.08,0.5,0.25
32,0.6420647789814437,0.5287537949761751,0.6420647789814437,0.5287537949761751,0.26107685272754566,0.552782669839338,0.84,0.3698105017533761,0.3668160731827751,0.06,0.84,0.3698105017533761,0.3668160731827751,0.06,0.08571428571428572,0.09714285714285714,0.0,0.6485714285714286,0.02,0.0,0.007982633783987185,0.11836634914903713,11.794285714285714,0.0,0.0,0.15,0.08,0,0.1508698230992239,0.13795617501907034,1.6823643708160132,0.7137537837100723,0.0,1.0,0.0,0.1,0.0,0.717570463519,0.1,0.08,0.08571428571428572,0.5,0.25
33,0.6504489292078532,0.529565033236101,0.6504489292078532,0.529565033236101,0.26107685272754566,0.5523172720176598,0.8314285714285714,0.3706218257337029,0.36796470386241487,0.06,0.8314285714285714,0.3706218257337029,0.36796470386241487,0.06,0.10285714285714286,0.12285714285714286,0.0,0.7371428571428571,0.02857142857142857,0.0,0.007127559688435023,0.11836634914903713,11.794285714285714,0.0,0.0,0.15,0.08,0,0.15298126620272132,0.1392052625817053,1.7715742262568357,0.7400763865283538,0.0,0.9767441860465116,0.0,0.1,0.0,0.7458134171671,0.1,0.08,0.10285714285714286,0.5,0.25
34,0.6596999244402045,0.5296359172400645,0.6596999244402045,0.5296359172400645,0.26107685272754566,0.5520681951401177,0.8314285714285714,0.3712503971622743,0.36852184671955773,0.06285714285714286,0.8314285714285714,0.3712503971622743,0.36852184671955773,0.06285714285714286,0.09142857142857143,0.11714285714285715,0.0,0.84,0.02857142857142857,0.0,0.006369809502743593,0.11836634914903713,11.794285714285714,0.0,0.0,0.15,0.08,0,0.15487321701456483,0.13941712948767593,1.853285598874556,0.7447853274558442,0.0,0.975609756097561,0.0,0.1,0.0,0.7712320754503901,0.1,0.08,0.09142857142857143,0.5,0.25
35,0.6671360639595222,0.5300184339193635,0.6671360639595222,0.5300184339193635,0.26107685272754566,0.5518424953436125,0.8514285714285714,0.37193611144798855,0.3694647038624149,0.06571428571428571,0.8514285714285714,0.37193611144798855,0.3694647038624149,0.06571428571428571,0.10285714285714286,0.10857142857142857,0.0,0.9,0.03142857142857143,0.0,0.005697116213180044,0.11836634914903713,11.794285714285714,0.0,0.0,0.15,0.08,0,0.1566115680687777,0.14131439763064235,1.9247913154684932,0.7863181864362998,0.0,0.9736842105263158,0.0,0.1,0.0,0.7941088679053511,0.1,0.08,0.10285714285714286,0.5,0.25
36,0.6758127683171065,0.5300927424730449,0.6758127683171065,0.5300927424730449,0.26107685272754566,0.5513410939133832,0.8142857142857143,0.3730789685908458,0.3708789895767006,0.06857142857142857,0.8142857142857143,0.3730789685908458,0.3708789895767006,0.06857142857142857,0.12571428571428572,0.14,0.0,0.9457142857142857,0.03428571428571429,0.0,0.005099003874472664,0.11836634914903713,11.794285714285714,0.0,0.0,0.15,0.08,0,0.1594427800774119,0.14160188863558304,2.0262954891591236,0.7930576046859937,0.0,0.9591836734693877,0.0,0.1,0.0,0.814697981114816,0.1,0.08,0.12571428571428572,0.5,0.25
37,0.6844405909771868,0.5303857286890727,0.6844405909771868,0.5303857286890727,0.26107685272754566,0.5511533319064843,0.8257142857142857,0.37342182573370286,0.3714361324338435,0.06857142857142857,0.8257142857142857,0.37342182573370286,0.3714361324338435,0.06857142857142857,0.08857142857142856,0.10857142857142857,0.0,1.0285714285714285,0.037142857142857144,0.0,0.0045664773161441805,0.11836634914903713,11.794285714285714,0.0,0.0,0.15,0.08,0,0.1601589954627391,0.14410395653631553,2.0943410079473694,0.8507630225817854,0.0,0.9736842105263158,0.0,0.1,0.0,0.8332281830033343,0.1,0.08,0.08857142857142856,0.5,0.25
38,0.6943973305365372,0.5306994177156956,0.6943973305365372,0.5306994177156956,0.26107685272754566,0.5510741443664628,0.8228571428571428,0.3742507036598652,0.3724647038624149,0.06857142857142857,0.8228571428571428,0.3742507036598652,0.3724647038624149,0.06857142857142857,0.10857142857142857,0.13142857142857142,0.0,1.12,0.037142857142857144,0.0,0.0040917748311932066,0.11836634914903713,11.794285714285714,0.0,0.0,0.15,0.08,0,0.162157629056854,0.14636082418082813,2.183882759216994,0.9057655331200002,0.0,0.9565217391304348,0.0,0.1,0.0,0.8499053647030009,0.1,0.08,0.10857142857142857,0.5,0.25
39,0.7036609010284188,0.531341019321527,0.7036609010284188,0.531341019321527,0.26107685272754566,0.5509809384784099,0.8114285714285714,0.37453641794557957,0.37368739597635253,0.07142857142857142,0.8114285714285714,0.37453641794557957,0.37368739597635253,0.07142857142857142,0.12571428571428572,0.14285714285714285,0.0,1.2257142857142858,0.037142857142857144,0.0,0.0036681693845533273,0.11836634914903713,11.794285714285714,0.0,0.0,0.15,0.08,0,0.16340312734014115,0.14636082418082813,2.2830622468897968,0.9057655331200002,0.0,0.98,0.0,0.1,0.0,0.8649148282327008,0.1,0.08,0.12571428571428572,0.5,0.25
40,0.7118436896474319,0.5310507001413723,0.7118436896474319,0.5310507001413723,0.26107685272754566,0.5508765934974102,0.8114285714285714,0.37527927508843667,0.3747566711636679,0.07428571428571429,0.8114285714285714,0.37527927508843667,0.3747566711636679,0.07428571428571429,0.12,0.13142857142857142,0.0,1.2857142857142858,0.03428571428571429,0.0,0.003289807510367037,0.11836634914903713,11.794285714285714,0.0,0.0,0.15,0.08,0,0.16532882598915474,0.14562902005992398,2.368829573380572,0.8876502224576002,0.0,1.0,0.0,0.1,0.0,0.8784233454094308,0.1,0.08,0.12,0.5,0.25
41,0.7201128542202656,0.5314089613806083,0.7201128542202656,0.5314089613806083,0.26107685272754566,0.5502399931916799,0.8057142857142857,0.3757364179455796,0.37527095687795353,0.07428571428571429,0.8057142857142857,0.3757364179455796,0.37527095687795353,0.07428571428571429,0.12571428571428572,0.14,0.0,1.4085714285714286,0.04,0.0,0.0029515777247430164,0.11836634914903713,11.794285714285714,0.0,0.0,0.15,0.08,0,0.16684461043063753,0.14562902005992398,2.4614529819129607,0.8876502224576002,0.0,0.9795918367346939,0.0,0.1,0.0,0.8905810108684877,0.1,0.08,0.12571428571428572,0.5,0.25
42,0.7283298789654505,0.5313711756672789,0.7283298789654505,0.5313711756672789,0.26107685272754566,0.5496753229345268,0.7514285714285714,0.3763649893741509,0.3758637689523482,0.07714285714285714,0.7514285714285714,0.3763649893741509,0.3758637689523482,0.07714285714285714,0.13428571428571429,0.16285714285714287,0.0,1.497142857142857,0.045714285714285714,0.0,0.0026490022392472216,0.11836634914903713,11.794285714285714,0.0,0.0,0.15,0.08,0,0.16846695880705576,0.14555587640343984,2.5750810651318443,0.8858423808639998,0.0,0.9824561403508771,0.0,0.1,0.0,0.901522909781639,0.1,0.08,0.13428571428571429,0.5,0.25
43,0.7364133328943704,0.5317305347320042,0.7364133328943704,0.5317305347320042,0.26107685272754566,0.5492896209509798,0.76,0.37724645678471574,0.3766780546666339,0.08,0.76,0.37724645678471574,0.3766780546666339,0.08,0.12285714285714286,0.14,0.0,1.5971428571428572,0.04857142857142857,0.0,0.0023781472139272706,0.11836634914903713,11.794285714285714,0.0,0.0,0.15,0.08,0,0.16938236398860018,0.14482809702142263,2.663579443829207,0.8681255332467198,0.0,1.0,0.0,0.1,0.0,0.911370618803475,0.1,0.08,0.12285714285714286,0.5,0.25
44,0.7416857623893927,0.5316402675058269,0.7416857623893927,0.5316402675058269,0.26107685272754566,0.5487682206972027,0.7828571428571428,0.3778529121584169,0.37762091180949103,0.08,0.7828571428571428,0.3778529121584169,0.37762091180949103,0.08,0.14285714285714285,0.15428571428571428,0.0,1.72,0.05714285714285714,0.0,0.002135547874951691,0.11836634914903713,11.794285714285714,0.0,0.0,0.15,0.08,0,0.16970616716865716,0.14417637058482624,2.764593569238338,0.8524992736482793,0.0,0.9814814814814815,0.0,0.1,0.0,0.9202335569231275,0.1,0.08,0.14285714285714285,0.5,0.25
45,0.7475932202326607,0.5329801197775001,0.7475932202326607,0.5329801197775001,0.26107685272754566,0.5484007201430569,0.7685714285714286,0.37791005501555974,0.37809234038091966,0.08,0.7685714285714286,0.37791005501555974,0.37809234038091966,0.08,0.12571428571428572,0.14285714285714285,0.0,1.8142857142857143,0.06,0.0,0.001918145639395701,0.11836634914903713,11.794285714285714,0.0,0.0,0.15,0.08,0,0.17005677990424245,0.14417637058482624,2.8521588407107137,0.8524992736482793,0.0,0.98,0.0,0.1,0.0,0.9282102012308148,0.1,0.08,0.12571428571428572,0.5,0.25
46,0.7545034838078141,0.5329176331374739,0.7545034838078141,0.5329176331374739,0.26107685272754566,0.5481225149344661,0.7485714285714286,0.37808148358698834,0.37853006086596486,0.08,0.7485714285714286,0.37808148358698834,0.37853006086596486,0.08,0.12,0.13428571428571429,0.0,1.9314285714285715,0.06285714285714286,0.0,0.0017232350090926893,0.11836634914903713,11.794285714285714,0.0,0.0,0.15,0.08,0,0.17063478171900695,0.14410395653631553,2.929401378182214,0.8507630225817854,0.0,0.9787234042553191,0.0,0.1,0.0,0.9353891811077333,0.1,0.08,0.12,0.5,0.25
47,0.7617059126669564,0.5327571348108192,0.7617059126669564,0.5327571348108192,0.26107685272754566,0.547900904060145,0.74,0.3782025435911973,0.37917291800882197,0.08,0.74,0.3782025435911973,0.37917291800882197,0.08,0.12,0.1457142857142857,0.0,2.0285714285714285,0.07142857142857142,0.0,0.0015484184679906646,0.11836634914903713,11.794285714285714,0.0,0.0,0.15,0.08,0,0.17060860923898333,0.14338343675363394,3.016527636332855,0.8337477621301497,0.0,1.0,0.0,0.1,0.0,0.94185026299696,0.1,0.08,0.12,0.5,0.25
48,0.7675535743177446,0.5333349772451945,0.7675535743177446,0.5333349772451945,0.26107685272754566,0.5478740672714648,0.7542857142857143,0.37853542543362145,0.3797159171910974,0.08,0.7542857142857143,0.37853542543362145,0.3797159171910974,0.08,0.13714285714285715,0.16857142857142857,0.0,2.1685714285714286,0.07428571428571429,0.0,0.0013915679803691218,0.11836634914903713,11.794285714285714,0.0,0.0,0.15,0.08,0,0.17221213762135987,0.14352790278041283,3.124768512177626,0.8371855392418075,0.0,0.9661016949152542,0.0,0.1,0.0,0.947665236697264,0.1,0.08,0.13714285714285715,0.5,0.25
49,0.7758166039506205,0.532415014224186,0.7758166039506205,0.532415014224186,0.26107685272754566,0.5479144203984153,0.7685714285714286,0.3789925682907644,0.3802182423770463,0.08,0.7685714285714286,0.3789925682907644,0.3802182423770463,0.08,0.13428571428571429,0.15142857142857144,0.0,2.277142857142857,0.08,0.0,0.0012507919678726106,0.11836634914903713,11.794285714285714,0.0,0.0,0.15,0.08,0,0.17372901663535084,0.14497401861610854,3.2137017133626453,0.8717050596020486,0.0,0.9622641509433962,0.0,0.1,0.0,0.9528987130275376,0.1,0.08,0.13428571428571429,0.5,0.25
50,0.7810387683459182,0.532451761270922,0.7810387683459182,0.532451761270922,0.26107685272754566,0.5477853864467136,0.7171428571428572,0.37927828257647866,0.380432528091332,0.08,0.7171428571428572,0.37927828257647866,0.380432528091332,0.08,0.12,0.13714285714285715,0.0,2.4171428571428573,0.08285714285714285,0.0,0.0011244068617082292,0.11836634914903713,11.794285714285714,0.0,0.0,0.15,0.08,0,0.17405908869145983,0.14562902005992398,3.286570536238249,0.8876502224576002,0.0,0.9791666666666666,0.0,0.1,0.0,0.9576088417247839,0.1,0.08,0.12,0.5,0.25
51,0.7861001395750788,0.5324841519057405,0.7861001395750788,0.5324841519057405,0.26107685272754566,0.54785182434764,0.7028571428571428,0.3796211397193358,0.38064681380561777,0.08,0.7028571428571428,0.3796211397193358,0.38064681380561777,0.08,0.15428571428571428,0.18,0.0,2.5428571428571427,0.08571428571428572,0.0,0.0010109124974370409,0.11836634914903713,11.794285714285714,0.0,0.0,0.15,0.08,0,0.1745022218194311,0.14562902005992398,3.400839125513485,0.8876502224576002,0.0,0.9841269841269841,0.0,0.1,0.0,0.9618479575523055,0.1,0.08,0.15428571428571428,0.5,0.25
52,0.7925070422547632,0.5336432246997022,0.7925070422547632,0.5336432246997022,0.26107685272754566,0.5480194465374884,0.6771428571428572,0.37984971114790717,0.3808182423770463,0.08,0.6771428571428572,0.37984971114790717,0.3808182423770463,0.08,0.12571428571428572,0.14,0.0,2.6742857142857144,0.09142857142857143,0.0,0.0009089707546745807,0.11836634914903713,11.794285714285714,0.0,0.0,0.15,0.08,0,0.17483868317343856,0.14570253127247088,3.4728223430032146,0.8894949587776007,0.0,0.9795918367346939,0.0,0.1,0.0,0.9656631617970749,0.1,0.08,0.12571428571428572,0.5,0.25
53,0.7979982474153844,0.5339937526658435,0.7979982474153844,0.5339937526658435,0.26107685272754566,0.548242118921004,0.7028571428571428,0.37984971114790717,0.3811610995199034,0.08,0.7028571428571428,0.37984971114790717,0.3811610995199034,0.08,0.14285714285714285,0.16,0.0,2.8142857142857145,0.1,0.0,0.000817386951036024,0.11836634914903713,11.794285714285714,0.0,0.0,0.15,0.08,0,0.17476377547185706,0.14497401861610854,3.56336589614315,0.8717050596020486,0.0,1.0,0.0,0.1,0.0,0.9690968456173674,0.1,0.08,0.14285714285714285,0.5,0.25
54,0.8034724452849488,0.5338334989336702,0.8034724452849488,0.5338334989336702,0.26107685272754566,0.5484625963875331,0.6885714285714286,0.38007204901194,0.38137538523418907,0.08,0.6885714285714286,0.38007204901194,0.38137538523418907,0.08,0.14,0.18,0.0,2.9514285714285715,0.10285714285714286,0.0,0.0007350935851024436,0.11836634914903713,11.794285714285714,0.0,0.0,0.15,0.08,0,0.17514624302306922,0.14555587640343984,3.672098578220287,0.8858423808639998,0.0,0.9841269841269841,0.0,0.1,0.0,0.9721871610556306,0.1,0.08,0.14,0.5,0.25
55,0.8071823845086975,0.534984202454508,0.8071823845086975,0.534984202454508,0.26107685272754566,0.5485689489843326,0.72,0.3803006204405115,0.3817182423770463,0.08,0.72,0.3803006204405115,0.3817182423770463,0.08,0.14,0.16857142857142857,0.0,3.0714285714285716,0.10571428571428572,0.0,0.0006611360918147033,0.11836634914903713,11.794285714285714,0.0,0.0,0.15,0.08,0,0.17638394109366817,0.14562902005992398,3.7672280352273098,0.8876502224576002,0.0,0.9491525423728814,0.0,0.1,0.0,0.9749684449500675,0.1,0.08,0.14,0.5,0.25
56,0.8128723555950734,0.5351510307061085,0.8128723555950734,0.5351510307061085,0.26107685272754566,0.5488133270607356,0.6885714285714286,0.3803577632976544,0.381932528091332,0.08,0.6885714285714286,0.3803577632976544,0.381932528091332,0.08,0.15142857142857144,0.1657142857142857,0.0,3.2057142857142855,0.11428571428571428,0.0,0.0005946603291588074,0.11836634914903713,11.794285714285714,0.0,0.0,0.15,0.08,0,0.17664459281677122,0.14570253127247088,3.8575977602370495,0.8894949587776007,0.0,0.9827586206896551,0.0,0.1,0.0,0.9774716004550608,0.1,0.08,0.15142857142857144,0.5,0.25
57,0.8171814183924481,0.5357106321178576,0.8171814183924481,0.5357106321178576,0.26107685272754566,0.5491445102926656,0.6571428571428571,0.3804149061547972,0.38226789768732544,0.08,0.6571428571428571,0.3804149061547972,0.38226789768732544,0.08,0.14,0.17142857142857143,0.0,3.3771428571428572,0.11428571428571428,0.0,0.0005349015600821657,0.11836634914903713,11.794285714285714,0.0,0.0,0.15,0.08,0,0.17701765628125882,0.14643470479645315,3.95187437646088,0.9076479171200007,0.0,0.9833333333333333,0.0,0.1,0.0,0.9797244404095546,0.1,0.08,0.14,0.5,0.25
58,0.8196262257983038,0.5358467449242332,0.8196262257983038,0.5358467449242332,0.26107685272754566,0.5495496008332981,0.6971428571428572,0.38047204901194004,0.38235075216427855,0.08,0.6971428571428572,0.38047204901194004,0.38235075216427855,0.08,0.14,0.17714285714285713,0.0,3.5028571428571427,0.12,0.0,0.0004811747304274023,0.11836634914903713,11.794285714285714,0.0,0.0,0.15,0.08,0,0.1773608537141382,0.147096305709375,4.049979746074519,0.9242505440000003,0.0,0.9838709677419355,0.0,0.1,0.0,0.9817519963685992,0.1,0.08,0.14,0.5,0.25
59,0.8230183181022341,0.5357722487334702,0.8230183181022341,0.5357722487334702,0.26107685272754566,0.5499859087809347,0.6742857142857143,0.3805291918690829,0.3823936093071356,0.08,0.6742857142857143,0.3805291918690829,0.3823936093071356,0.08,0.14,0.1742857142857143,0.0,3.64,0.12571428571428572,0.0,0.00043286587395919294,0.11836634914903713,11.794285714285714,0.0,0.0,0.15,0.08,0,0.1778150572848711,0.14702242509375,4.143265865438743,0.9223681599999999,0.0,0.9836065573770492,0.0,0.1,0.0,0.9835767967317393,0.1,0.08,0.14,0.5,0.25
60,0.8256176713169388,0.5354857489737305,0.8256176713169388,0.5354857489737305,0.26107685272754566,0.5503834343641718,0.6685714285714286,0.3806434775833686,0.3824793235928499,0.08,0.6685714285714286,0.3806434775833686,0.3824793235928499,0.08,0.14285714285714285,0.16857142857142857,0.0,3.782857142857143,0.12285714285714286,0.0,0.00038942450059212155,0.11836634914903713,11.794285714285714,0.0,0.0,0.15,0.08,0,0.1780685534270182,0.14628731296828124,4.228971976701397,0.9039207967999998,0.0,0.9830508474576272,0.0,0.1,0.0,0.9852191170585654,0.1,0.08,0.14285714285714285,0.5,0.25
61,0.829889923678929,0.5363693584816128,0.829889923678929,0.5363693584816128,0.26107685272754566,0.5508197302804783,0.6714285714285714,0.3808149061547972,0.38260789502142134,0.08,0.6714285714285714,0.3808149061547972,0.38260789502142134,0.08,0.16285714285714287,0.1742857142857143,0.0,3.9257142857142857,0.13142857142857142,0.0,0.0003503568447249419,0.11836634914903713,11.794285714285714,0.0,0.0,0.15,0.08,0,0.17889178208845452,0.14636082418082813,4.318678251453083,0.9057655331200002,0.0,0.9672131147540983,0.0,0.1,0.0,0.9866972053527088,0.1,0.08,0.16285714285714287,0.5,0.25
62,0.8327275992711358,0.5365963392506105,0.8327275992711358,0.5365963392506105,0.26107685272754566,0.5511646782942654,0.6228571428571429,0.3808149061547972,0.38260789502142134,0.08,0.6228571428571429,0.3808149061547972,0.38260789502142134,0.08,0.12571428571428572,0.15142857142857144,0.0,4.12,0.13142857142857142,0.0,0.00031521986795274775,0.11836634914903713,11.794285714285714,0.0,0.0,0.15,0.08,0,0.17868260889229798,0.14562902005992398,4.383733257852592,0.8876502224576002,0.0,1.0,0.0,0.1,0.0,0.9880274848174379,0.1,0.08,0.12571428571428572,0.5,0.25
63,0.8378594608505783,0.536408552146641,0.8378594608505783,0.536408552146641,0.26107685272754566,0.551449962613454,0.6657142857142857,0.3809291918690829,0.3826936093071356,0.08,0.6657142857142857,0.3809291918690829,0.3826936093071356,0.08,0.14857142857142858,0.17714285714285713,0.0,4.257142857142857,0.13428571428571429,0.0,0.00028361592500097016,0.11836634914903713,11.794285714285714,0.0,0.0,0.15,0.08,0,0.17901705299069362,0.14570253127247088,4.473201449838398,0.8894949587776007,0.0,0.9838709677419355,0.0,0.1,0.0,0.9892247363356941,0.1,0.08,0.14857142857142858,0.5,0.25
64,0.8398103075242251,0.5368632706722347,0.8398103075242251,0.5368632706722347,0.26107685272754566,0.5517665314384586,0.66,0.38098633472622573,0.3827364664499927,0.08,0.66,0.38098633472622573,0.3827364664499927,0.08,0.1457142857142857,0.18,0.0,4.425714285714286,0.13428571428571429,0.0,0.0002551880140104545,0.11836634914903713,11.794285714285714,0.0,0.0,0.15,0.08,0,0.179406540582883,0.14636082418082813,4.56373742084163,0.9057655331200002,0.0,0.9841269841269841,0.0,0.1,0.0,0.9903022627021246,0.1,0.08,0.1457142857142857,0.5,0.25
65,0.8449962203659315,0.5358237335307774,0.8449962203659315,0.5358237335307774,0.26107685272754566,0.5519628735323175,0.6285714285714286,0.38098633472622573,0.3827364664499927,0.08,0.6285714285714286,0.38098633472622573,0.3827364664499927,0.08,0.11428571428571428,0.13714285714285715,0.0,4.554285714285714,0.13714285714285715,0.0,0.00022961554270703569,0.11836634914903713,11.794285714285714,0.0,0.0,0.15,0.08,0,0.1791377935942543,0.14562902005992398,4.609605529567654,0.8876502224576002,0.0,1.0,0.0,0.1,0.0,0.9912720364319122,0.1,0.08,0.11428571428571428,0.5,0.25
66,0.8471520301400497,0.5362082053772003,0.8471520301400497,0.5362082053772003,0.26107685272754566,0.5522281997128347,0.62,0.38098633472622573,0.3827364664499927,0.08,0.62,0.38098633472622573,0.3827364664499927,0.08,0.15142857142857144,0.18285714285714286,0.0,4.68,0.14,0.0,0.00020661055083807088,0.11836634914903713,11.794285714285714,0.0,0.0,0.15,0.08,0,0.17924010819414016,0.14490087495962437,4.700270561833444,0.8698972180084482,0.0,1.0,0.0,0.1,0.0,0.992144832788721,0.1,0.08,0.15142857142857144,0.5,0.25
67,0.8513109947023968,0.5363598922625248,0.8513109947023968,0.5363598922625248,0.26107685272754566,0.5524621139900092,0.5828571428571429,0.38121490615479714,0.3829078950214213,0.08,0.5828571428571429,0.38121490615479714,0.3829078950214213,0.08,0.14857142857142858,0.17142857142857143,0.0,4.825714285714286,0.14,0.0,0.00018591433681550688,0.11836634914903713,11.794285714285714,0.0,0.0,0.15,0.08,0,0.1803150505103123,0.14570253127247088,4.777693722025346,0.8894949587776007,0.0,0.95,0.0,0.1,0.0,0.9929303495098489,0.1,0.08,0.14857142857142858,0.5,0.25
68,0.8539378276504099,0.537124481086303,0.8539378276504099,0.537124481086303,0.26107685272754566,0.5526218300182941,0.6085714285714285,0.3812720490119401,0.3829507521642784,0.08,0.6085714285714285,0.3812720490119401,0.3829507521642784,0.08,0.13428571428571429,0.1742857142857143,0.0,4.974285714285714,0.14285714285714285,0.0,0.00016729444298431876,0.11836634914903713,11.794285714285714,0.0,0.0,0.15,0.08,0,0.18078333525418935,0.14497401861610854,4.856425561870553,0.8717050596020486,0.0,0.9836065573770492,0.0,0.1,0.0,0.9936373145588641,0.1,0.08,0.13428571428571429,0.5,0.25
69,0.856398466571957,0.5374538928307361,0.856398466571957,0.5374538928307361,0.26107685272754566,0.5527836847937889,0.5942857142857143,0.38161490615479715,0.38320789502142133,0.08,0.5942857142857143,0.38161490615479715,0.38320789502142133,0.08,0.16,0.19428571428571428,0.0,5.128571428571429,0.14285714285714285,0.0,0.00015054195951059478,0.11836634914903713,11.794285714285714,0.0,0.0,0.15,0.08,0,0.18239327572077554,0.15,4.953582764918856,1.0,0.0,0.9411764705882353,0.0,0.1,0.0,0.9942735831029776,0.1,0.08,0.16,0.5,0.25
70,0.8601848343316442,0.5374921877865605,0.8601848343316442,0.5374921877865605,0.26107685272754566,0.552963654590773,0.64,0.3817291918690829,0.3832936093071355,0.08,0.64,0.3817291918690829,0.3832936093071355,0.08,0.15142857142857144,0.18285714285714286,0.0,5.265714285714286,0.14285714285714285,0.0,0.0001354691116980924,0.11836634914903713,11.794285714285714,0.0,0.0,0.15,0.08,0,0.18265245219931453,0.14925,5.037368252477623,0.98,0.0,0.984375,0.0,0.1,0.0,0.9948462247926799,0.1,0.08,0.15142857142857144,0.5,0.25
71,0.8627536008635788,0.5375435461108037,0.8627536008635788,0.5375435461108037,0.26107685272754566,0.553192811116505,0.6485714285714286,0.38190062044051143,0.383422180735707,0.08,0.6485714285714286,0.38190062044051143,0.383422180735707,0.08,0.15142857142857144,0.1742857142857143,0.0,5.437142857142857,0.14857142857142858,0.0,0.00012190709971323872,0.11836634914903713,11.794285714285714,0.0,0.0,0.15,0.08,0,0.18328190422403223,0.148578375,5.110906601713784,0.9623600000000003,0.0,0.9672131147540983,0.0,0.1,0.0,0.995361602313412,0.1,0.08,0.15142857142857144,0.5,0.25
72,0.8649324467264671,0.5389585020804835,0.8649324467264671,0.5389585020804835,0.26107685272754566,0.5533666475388698,0.6285714285714286,0.38207204901194003,0.3835507521642785,0.08,0.6285714285714286,0.38207204901194003,0.3835507521642785,0.08,0.16285714285714287,0.19142857142857142,0.0,5.6257142857142854,0.15428571428571428,0.0,0.00010970416332332117,0.11836634914903713,11.794285714285714,0.0,0.0,0.15,0.08,0,0.18413507041362634,0.149325,5.20011704110808,0.9820000000000004,0.0,0.9701492537313433,0.0,0.1,0.0,0.9958254420820708,0.1,0.08,0.16285714285714287,0.5,0.25
73,0.8673821564403128,0.5384899619655544,0.8673821564403128,0.5384899619655544,0.26107685272754566,0.5535421671248998,0.6571428571428571,0.38207204901194003,0.3835507521642785,0.08,0.6571428571428571,0.38207204901194003,0.3835507521642785,0.08,0.15428571428571428,0.19714285714285715,0.0,5.7542857142857144,0.15714285714285714,0.0,9.872384741179869e-05,0.11836634914903713,11.794285714285714,0.0,0.0,0.15,0.08,0,0.18412782434727254,0.148578375,5.293257557428775,0.9623600000000003,0.0,1.0,0.0,0.1,0.0,0.9962428978738638,0.1,0.08,0.15428571428571428,0.5,0.25
74,0.8715018820296495,0.5387000187474049,0.8715018820296495,0.5387000187474049,0.26107685272754566,0.5537856594384242,0.6142857142857143,0.3821863347262258,0.3836364664499927,0.08,0.6142857142857143,0.3821863347262258,0.3836364664499927,0.08,0.11428571428571428,0.13428571428571429,0.0,5.925714285714286,0.15714285714285714,0.0,8.884344679534275e-05,0.11836634914903713,11.794285714285714,0.0,0.0,0.15,0.08,0,0.18417861379696474,0.14865337500000003,5.321678120565914,0.9643600000000009,0.0,0.9787234042553191,0.0,0.1,0.0,0.9966186080864774,0.1,0.08,0.11428571428571428,0.5,0.25
75,0.8731636122522636,0.5395627373985483,0.8731636122522636,0.5395627373985483,0.26107685272754566,0.5539956431186561,0.5885714285714285,0.3821863347262258,0.3836364664499927,0.08,0.5885714285714285,0.3821863347262258,0.3836364664499927,0.08,0.15714285714285714,0.18,0.0,6.057142857142857,0.16285714285714287,0.0,7.995261128573584e-05,0.11836634914903713,11.794285714285714,0.0,0.0,0.15,0.08,0,0.1841707214422656,0.14791010812500002,5.3952445581545945,0.9450728000000008,0.0,1.0,0.0,0.1,0.0,0.9969567472778297,0.1,0.08,0.15714285714285714,0.5,0.25
76,0.8745321400610965,0.5394454998881697,0.8745321400610965,0.5394454998881697,0.26107685272754566,0.5542190981386933,0.5914285714285714,0.3822434775833686,0.3836793235928499,0.08,0.5914285714285714,0.3822434775833686,0.3836793235928499,0.08,0.16,0.18857142857142858,0.0,6.185714285714286,0.16,0.0,7.195209406352078e-05,0.11836634914903713,11.794285714285714,0.0,0.0,0.15,0.08,0,0.18456301212076856,0.14865337500000003,5.475911095562932,0.96339886306271,0.0,0.9848484848484849,0.0,0.1,0.0,0.9972610725500467,0.1,0.08,0.16,0.5,0.25
77,0.8768106680354759,0.539905411222982,0.8768106680354759,0.539905411222982,0.26107685272754566,0.5545774998630821,0.5942857142857143,0.3822434775833686,0.3836793235928499,0.08,0.5942857142857143,0.3822434775833686,0.3836793235928499,0.08,0.14857142857142858,0.17142857142857143,0.0,6.365714285714286,0.16857142857142857,0.0,6.475262829907174e-05,0.11836634914903713,11.794285714285714,0.0,0.0,0.15,0.08,0,0.1843256256315933,0.14791010812500002,5.537821445080246,0.9441308858014559,0.0,1.0,0.0,0.1,0.0,0.997534965295042,0.1,0.08,0.14857142857142858,0.5,0.25
78,0.8801721159276742,0.5399594521638341,0.8801721159276742,0.5399594521638341,0.26107685272754566,0.5549304032704729,0.6028571428571429,0.3822434775833686,0.3836793235928499,0.08,0.6028571428571429,0.3822434775833686,0.3836793235928499,0.08,0.13428571428571429,0.1657142857142857,0.0,6.545714285714285,0.17142857142857143,0.0,5.8273918604635944e-05,0.11836634914903713,11.794285714285714,0.0,0.0,0.15,0.08,0,0.1842601410748639,0.14717055758437503,5.592779301892926,0.9252482680854267,0.0,1.0,0.0,0.1,0.0,0.9977814687655379,0.1,0.08,0.13428571428571429,0.5,0.25
79,0.8821967691777958,0.5413277363256938,0.8821967691777958,0.5413277363256938,0.26107685272754566,0.5551409748204288,0.6514285714285715,0.3824149061547972,0.38380789502142126,0.08,0.6514285714285715,0.3824149061547972,0.38380789502142126,0.08,0.15428571428571428,0.18857142857142858,0.0,6.674285714285714,0.17142857142857143,0.0,5.244373535645582e-05,0.11836634914903713,11.794285714285714,0.0,0.0,0.15,0.08,0,0.18502369822663245,0.24759821788526604,5.669495144426496,0.9597167013915596,0.0,0.9696969696969697,0.0,0.1,0.0,0.9980033218889841,0.1,0.08,0.15428571428571428,0.5,0.25
80,0.8833494124055288,0.5421223516356432,0.8833494124055288,0.5421223516356432,0.26107685272754566,0.5553492564215875,0.6228571428571429,0.3824149061547972,0.38380789502142126,0.08,0.6228571428571429,0.3824149061547972,0.38380789502142126,0.08,0.13714285714285715,0.1657142857142857,0.0,6.848571428571429,0.17142857142857143,0.0,4.719710121408568e-05,0.11836634914903713,11.794285714285714,0.0,0.0,0.15,0.08,0,0.18492657973549925,0.2463602267958397,5.721819527252252,0.9405223673637284,0.0,1.0,0.0,0.1,0.0,0.9982029897000857,0.1,0.08,0.13714285714285715,0.5,0.25
81,0.8850319581663163,0.5432192527313718,0.8850319581663163,0.5432192527313718,0.26107685272754566,0.5553998061250529,0.5857142857142857,0.38264347758336853,0.38397932359284986,0.08,0.5857142857142857,0.38264347758336853,0.38397932359284986,0.08,0.15428571428571428,0.18571428571428572,0.0,6.982857142857143,0.16857142857142857,0.0,4.247556030541739e-05,0.11836634914903713,11.794285714285714,0.0,0.0,0.15,0.08,0,0.185601661122536,0.25041609628591094,5.793097422421492,1.084979663638654,0.0,0.9692307692307692,0.0,0.1,0.0,0.9983826907300771,0.1,0.08,0.15428571428571428,0.5,0.25
82,0.8876136794702627,0.5440186623210607,0.8876136794702627,0.5440186623210607,0.26107685272754566,0.5556251976118137,0.62,0.38264347758336853,0.38397932359284986,0.08,0.62,0.38264347758336853,0.38397932359284986,0.08,0.12571428571428572,0.1457142857142857,0.0,7.1257142857142854,0.1742857142857143,0.0,3.8226521558921095e-05,0.11836634914903713,11.794285714285714,0.0,0.0,0.15,0.08,0,0.18535879638835195,0.24916401580448136,5.822949759687347,1.063280070365881,0.0,1.0,0.0,0.1,0.0,0.9985444216570694,0.1,0.08,0.12571428571428572,0.5,0.25
83,0.8904940740998852,0.5448626552391871,0.8904940740998852,0.5448626552391871,0.26107685272754566,0.5559244026586863,0.62,0.3827577632976543,0.38406503787856416,0.08,0.62,0.3827577632976543,0.38406503787856416,0.08,0.1457142857142857,0.17142857142857143,0.0,7.282857142857143,0.18,0.0,3.4402668564723806e-05,0.11836634914903713,11.794285714285714,0.0,0.0,0.15,0.08,0,0.1857448609778388,0.2560093608744416,5.877919335922171,1.0857845820979952,0.0,0.9833333333333333,0.0,0.1,0.0,0.9986899794913624,0.1,0.08,0.1457142857142857,0.5,0.25
84,0.8926738924143539,0.5457159196967831,0.8926738924143539,0.5457159196967831,0.26107685272754566,0.5562363248816706,0.5914285714285714,0.3827577632976543,0.38406503787856416,0.08,0.5914285714285714,0.3827577632976543,0.38406503787856416,0.08,0.11428571428571428,0.1457142857142857,0.0,7.454285714285715,0.1742857142857143,0.0,3.096142914703046e-05,0.11836634914903713,11.794285714285714,0.0,0.0,0.15,0.08,0,0.18555813738723528,0.2547293140700693,5.906075234918014,1.0640688904560354,0.0,1.0,0.0,0.1,0.0,0.9988209815422262,0.1,0.08,0.11428571428571428,0.5,0.25
85,0.894810430946249,0.546462848119379,0.894810430946249,0.546462848119379,0.26107685272754566,0.5564297448140212,0.6228571428571429,0.38281490615479713,0.38410789502142134,0.08,0.6228571428571429,0.38281490615479713,0.38410789502142134,0.08,0.14,0.16,0.0,7.605714285714286,0.1742857142857143,0.0,2.7864498543612212e-05,0.11836634914903713,11.794285714285714,0.0,0.0,0.15,0.08,0,0.18580106098601337,0.253455667499719,5.947953730219654,1.0427875126469146,0.0,0.9821428571428571,0.0,0.1,0.0,0.9989388833880036,0.1,0.08,0.14,0.5,0.25
86,0.8972732448835204,0.5459636656091995,0.8972732448835204,0.5459636656091995,0.26107685272754566,0.5566497709875905,0.5942857142857143,0.38281490615479713,0.38410789502142134,0.08,0.5942857142857143,0.38281490615479713,0.38410789502142134,0.08,0.1457142857142857,0.1742857142857143,0.0,7.774285714285714,0.1742857142857143,0.0,2.507741072398869e-05,0.11836634914903713,11.794285714285714,0.0,0.0,0.15,0.08,0,0.18578448782036905,0.25218838916222036,6.003280369900975,1.0219317623939765,0.0,1.0,0.0,0.1,0.0,0.9990449950492033,0.1,0.08,0.1457142857142857,0.5,0.25
87,0.8981587986971512,0.5464666002953514,0.8981587986971512,0.5464666002953514,0.26107685272754566,0.5567570763149172,0.6114285714285714,0.38281490615479713,0.38410789502142134,0.08,0.6114285714285714,0.38281490615479713,0.38410789502142134,0.08,0.14285714285714285,0.17142857142857143,0.0,7.942857142857143,0.1742857142857143,0.0,2.2569152945357815e-05,0.11836634914903713,11.794285714285714,0.0,0.0,0.15,0.08,0,0.1857117089526958,0.25092744721640925,6.054643333931526,1.001493127146097,0.0,1.0,0.0,0.1,0.0,0.999140495544283,0.1,0.08,0.14285714285714285,0.5,0.25
88,0.8990228917399716,0.5480431574479272,0.8990228917399716,0.5480431574479272,0.26107685272754566,0.5568072650106617,0.6085714285714285,0.3829863347262258,0.3842364664499927,0.08,0.6085714285714285,0.3829863347262258,0.3842364664499927,0.08,0.16285714285714287,0.19714285714285715,0.0,8.137142857142857,0.1742857142857143,0.0,2.031181915203625e-05,0.11836634914903713,11.794285714285714,0.0,0.0,0.15,0.08,0,0.18646829326507514,0.2496728099803272,6.130693324395753,1.0116209800081095,0.0,0.9710144927536232,0.0,0.1,0.0,0.9992264459898547,0.1,0.08,0.16285714285714287,0.5,0.25
89,0.9005107270423435,0.5482783186454159,0.9005107270423435,0.5482783186454159,0.26107685272754566,0.5568741946514741,0.5971428571428572,0.3829863347262258,0.3842364664499927,0.08,0.5971428571428572,0.3829863347262258,0.3842364664499927,0.08,0.14857142857142858,0.18571428571428572,0.0,8.285714285714286,0.17714285714285713,0.0,1.82802982770632e-05,0.11836634914903713,11.794285714285714,0.0,0.0,0.15,0.08,0,0.18630695179874976,0.2484244459304256,6.193793743622123,0.9913885604079473,0.0,1.0,0.0,0.1,0.0,0.9993038013908692,0.1,0.08,0.14857142857142858,0.5,0.25
90,0.9014447155396632,0.5479344113365782,0.9014447155396632,0.5479344113365782,0.26107685272754566,0.5570728530341105,0.5514285714285714,0.3830434775833686,0.3842793235928499,0.08,0.5514285714285714,0.3830434775833686,0.3842793235928499,0.08,0.13428571428571429,0.15428571428571428,0.0,8.417142857142856,0.18,0.0,1.645199390961907e-05,0.11836634914903713,11.794285714285714,0.0,0.0,0.15,0.08,0,0.18646070275404172,0.24943088861212562,6.224203583035395,1.079540146091881,0.0,0.9814814814814815,0.0,0.1,0.0,0.9993734212517822,0.1,0.08,0.13428571428571429,0.5,0.25
91,0.9024768689855802,0.5481972714744807,0.9024768689855802,0.5481972714744807,0.26107685272754566,0.5573384435011519,0.58,0.3831577632976543,0.38436503787856413,0.08,0.58,0.3831577632976543,0.38436503787856413,0.08,0.1657142857142857,0.2057142857142857,0.0,8.562857142857142,0.18,0.0,1.4806572154353723e-05,0.11836634914903713,11.794285714285714,0.0,0.0,0.15,0.08,0,0.1869273992402715,0.24818373416906497,6.305433797088972,1.0579493431700433,0.0,0.9861111111111112,0.0,0.1,0.0,0.9994360791266039,0.1,0.08,0.1657142857142857,0.5,0.25
92,0.9039642719084902,0.5481759498625023,0.9039642719084902,0.5481759498625023,0.26107685272754566,0.5575018524801725,0.5857142857142857,0.38327204901194006,0.38445075216427843,0.08,0.5857142857142857,0.38327204901194006,0.38445075216427843,0.08,0.1657142857142857,0.18571428571428572,0.0,8.771428571428572,0.18285714285714286,0.0,1.3325734833222627e-05,0.11836634914903713,11.794285714285714,0.0,0.0,0.15,0.08,0,0.1871919079547844,0.24694281549821967,6.365039406861477,1.0367903563066425,0.0,0.9846153846153847,0.0,0.1,0.0,0.9994924712139436,0.1,0.08,0.1657142857142857,0.5,0.25
93,0.9062054959121857,0.5490006024734272,0.9062054959121857,0.5490006024734272,0.26107685272754566,0.5576221201510585,0.5828571428571429,0.38327204901194006,0.38445075216427843,0.08,0.5828571428571429,0.38327204901194006,0.38445075216427843,0.08,0.14285714285714285,0.16857142857142857,0.0,8.925714285714285,0.18571428571428572,0.0,1.199301547113351e-05,0.11836634914903713,11.794285714285714,0.0,0.0,0.15,0.08,0,0.18694123412929622,0.24570810142072858,6.406310047295678,1.0160545491805097,0.0,1.0,0.0,0.1,0.0,0.9995432240925493,0.1,0.08,0.14285714285714285,0.5,0.25
94,0.9088777439655982,0.549657848252935,0.9088777439655982,0.549657848252935,0.26107685272754566,0.557792313396649,0.5828571428571429,0.3833291918690829,0.3844936093071356,0.08,0.5828571428571429,0.3833291918690829,0.3844936093071356,0.08,0.15714285714285714,0.19714285714285715,0.0,9.074285714285715,0.18285714285714286,0.0,1.0793595767211897e-05,0.11836634914903713,11.794285714285714,0.0,0.0,0.15,0.08,0,0.1873768143872212,0.2471482701687351,6.4753267034926205,1.0592099193109972,0.0,0.9855072463768116,0.0,0.1,0.0,0.9995889016832943,0.1,0.08,0.15714285714285714,0.5,0.25
95,0.9097918003285245,0.5503420070954114,0.9097918003285245,0.5503420070954114,0.26107685272754566,0.5578426322505831,0.5628571428571428,0.3833291918690829,0.3844936093071356,0.08,0.5628571428571428,0.3833291918690829,0.3844936093071356,0.08,0.14285714285714285,0.18,0.0,9.245714285714286,0.18285714285714286,0.0,9.714140487112516e-06,0.11836634914903713,11.794285714285714,0.0,0.0,0.15,0.08,0,0.18715378817242795,0.2459125288178914,6.525820169422769,1.0380257209247772,0.0,1.0,0.0,0.1,0.0,0.9996300115149649,0.1,0.08,0.14285714285714285,0.5,0.25
96,0.9083551240364213,0.5508686962439203,0.9083551240364213,0.5508686962439203,0.26107685272754566,0.5579205524272072,0.5771428571428572,0.38355776329765434,0.38466503787856415,0.08,0.5771428571428572,0.38355776329765434,0.38466503787856415,0.08,0.15142857142857144,0.17142857142857143,0.0,9.382857142857143,0.18,0.0,8.742648921318195e-06,0.11836634914903713,11.794285714285714,0.0,0.0,0.15,0.08,0,0.18827430566013723,0.25162803523742844,6.566732337462885,1.125260297378499,0.0,0.95,0.0,0.1,0.0,0.9996670103634684,0.1,0.08,0.15142857142857144,0.5,0.25
97,0.9099369890431436,0.5513698837920521,0.9099369890431436,0.5513698837920521,0.26107685272754566,0.5578251023241445,0.5857142857142857,0.38355776329765434,0.38466503787856415,0.08,0.5857142857142857,0.38355776329765434,0.38466503787856415,0.08,0.15142857142857144,0.17714285714285713,0.0,9.542857142857143,0.18285714285714286,0.0,7.86832124228347e-06,0.11836634914903713,11.794285714285714,0.0,0.0,0.15,0.08,0,0.18813236270326514,0.2503698950612413,6.612540547856484,1.1027550914309292,0.0,1.0,0.0,0.1,0.0,0.9997003093271215,0.1,0.08,0.15142857142857144,0.5,0.25
98,0.911235047815247,0.5517129864098455,0.911235047815247,0.5517129864098455,0.26107685272754566,0.5578414113510504,0.5742857142857143,0.38367204901194,0.3847507521642784,0.08,0.5742857142857143,0.38367204901194,0.3847507521642784,0.08,0.17142857142857143,0.20285714285714285,0.0,9.705714285714286,0.18571428571428572,0.0,7.08143826207344e-06,0.11836634914903713,11.794285714285714,0.0,0.0,0.15,0.08,0,0.18856156160046306,0.2511481562899851,6.683146879756496,1.107201575309911,0.0,0.9859154929577465,0.0,0.1,0.0,0.9997302783944093,0.1,0.08,0.17142857142857143,0.5,0.25
99,0.9125721286098889,0.5521525877855477,0.9125721286098889,0.5521525877855477,0.26107685272754566,0.5578112679675964,0.5828571428571429,0.3837863347262258,0.38483646644999275,0.08,0.5828571428571429,0.3837863347262258,0.38483646644999275,0.08,0.16,0.19142857142857142,0.0,9.842857142857143,0.18285714285714286,0.0,6.373253243548625e-06,0.11836634914903713,11.794285714285714,0.0,0.0,0.15,0.08,0,0.18921846807817505,0.2498924155085352,6.7409125135899375,1.0850575438037127,0.0,0.9701492537313433,0.0,0.1,0.0,0.9997572505549683,0.1,0.08,0.16,0.5,0.25
100,0.9134333858721717,0.5524482733720835,0.9134333858721717,0.5524482733720835,0.26107685272754566,0.5577860211531338,0.5714285714285714,0.3837863347262258,0.38483646644999275,0.08,0.5714285714285714,0.3837863347262258,0.38483646644999275,0.08,0.14285714285714285,0.18571428571428572,0.0,9.971428571428572,0.18,0.0,5.735894554164093e-06,0.11836634914903713,11.794285714285714,0.0,0.0,0.15,0.08,0,0.18907180430921272,0.24864295343099252,6.791808549032425,1.0633563929276384,0.0,1.0,0.0,0.1,0.0,0.9997815254994715,0.1,0.08,0.14285714285714285,0.5,0.25
101,0.9135917128840756,0.5525393787883932,0.9135917128840756,0.5525393787883932,0.26107685272754566,0.5577329310030078,0.5514285714285714,0.3837863347262258,0.38483646644999275,0.08,0.5514285714285714,0.3837863347262258,0.38483646644999275,0.08,0.14857142857142858,0.18285714285714286,0.0,10.151428571428571,0.18285714285714286,0.0,5.16227807362014e-06,0.11836634914903713,11.794285714285714,0.0,0.0,0.15,0.08,0,0.18898301671623813,0.24739973866383755,6.838829520908918,1.0420892650690854,0.0,1.0,0.0,0.1,0.0,0.9998033729495244,0.1,0.08,0.14857142857142858,0.5,0.25
102,0.9142761716883029,0.5523101966521019,0.9142761716883029,0.5523101966521019,0.26107685272754566,0.5575768347398945,0.5657142857142857,0.38395776329765435,0.3849650378785641,0.08,0.5657142857142857,0.38395776329765435,0.3849650378785641,0.08,0.14285714285714285,0.17714285714285713,0.0,10.308571428571428,0.18571428571428572,0.0,4.646028376301694e-06,0.11836634914903713,11.794285714285714,0.0,0.0,0.15,0.08,0,0.1896378159183712,0.24616273997051838,6.8791957876335985,1.0212474797677038,0.0,0.967741935483871,0.0,0.1,0.0,0.999823035654572,0.1,0.08,0.14285714285714285,0.5,0.25
103,0.9156869447286009,0.5528277153420873,0.9156869447286009,0.5528277153420873,0.26107685272754566,0.5574211031674052,0.5914285714285714,0.38407204901194,0.3850507521642784,0.08285714285714285,0.5914285714285714,0.38407204901194,0.3850507521642784,0.08285714285714285,0.14857142857142858,0.18571428571428572,0.0,10.44,0.18571428571428572,0.0,4.181407808099386e-06,0.11836634914903713,11.794285714285714,0.0,0.0,0.15,0.08,0,0.18997476969592222,0.2449319262706658,6.927326157595211,1.0008225301723497,0.0,0.9846153846153847,0.0,0.1,0.0,0.9998407320891147,0.1,0.08,0.14857142857142858,0.5,0.25
104,0.9154393921139162,0.5533768162646956,0.9154393921139162,0.5533768162646956,0.26107685272754566,0.5573585681128461,0.5914285714285714,0.38407204901194,0.3850507521642784,0.08285714285714285,0.5914285714285714,0.38407204901194,0.3850507521642784,0.08285714285714285,0.15142857142857144,0.16857142857142857,0.0,10.582857142857144,0.18571428571428572,0.0,3.763252665736362e-06,0.11836634914903713,11.794285714285714,0.0,0.0,0.15,0.08,0,0.18973903870458547,0.24370726663931247,6.957351063014737,0.9808060795689025,0.0,1.0,0.0,0.1,0.0,0.9998566588802033,0.1,0.08,0.15142857142857144,0.5,0.25
105,0.914836266031318,0.5544297029993257,0.914836266031318,0.5544297029993257,0.26107685272754566,0.5572342063163009,0.5885714285714285,0.38424347758336863,0.3851793235928499,0.08285714285714285,0.5885714285714285,0.38424347758336863,0.3851793235928499,0.08285714285714285,0.16,0.18857142857142858,0.0,10.74,0.18571428571428572,0.0,3.3869157664580584e-06,0.11836634914903713,11.794285714285714,0.0,0.0,0.15,0.08,0,0.19053234422534823,0.2424887303061159,7.006775470325867,1.000619990103647,0.0,0.9696969696969697,0.0,0.1,0.0,0.999870992992183,0.1,0.08,0.16,0.5,0.25
106,0.9129054556232299,0.5545038783275592,0.9129054556232299,0.5545038783275592,0.26107685272754566,0.5571464127105891,0.5428571428571428,0.38430062044051144,0.385222180735707,0.08285714285714285,0.5428571428571428,0.38430062044051144,0.385222180735707,0.08285714285714285,0.16285714285714287,0.19142857142857142,0.0,10.934285714285714,0.18857142857142858,0.0,3.048214767433426e-06,0.11836634914903713,11.794285714285714,0.0,0.0,0.15,0.08,0,0.19075096821850723,0.24591481800931303,7.0580685323479235,0.9934379365483912,0.0,0.9850746268656716,0.0,0.1,0.0,0.9998838936929647,0.1,0.08,0.16285714285714287,0.5,0.25
107,0.9139473198623616,0.5544312049942781,0.9139473198623616,0.5544312049942781,0.26107685272754566,0.5570357818722932,0.6,0.38430062044051144,0.385222180735707,0.08285714285714285,0.6,0.38430062044051144,0.385222180735707,0.08285714285714285,0.13428571428571429,0.15428571428571428,0.0,11.094285714285714,0.18857142857142858,0.0,2.743385658645836e-06,0.11836634914903713,11.794285714285714,0.0,0.0,0.15,0.08,0,0.19048235694884325,0.24468524391926647,7.07119287598668,0.9735691778174234,0.0,1.0,0.0,0.1,0.0,0.9998955043236682,0.1,0.08,0.13428571428571429,0.5,0.25
108,0.9147046666818597,0.5540971468358504,0.9147046666818597,0.5540971468358504,0.26107685272754566,0.5569331151168341,0.6371428571428571,0.38430062044051144,0.385222180735707,0.08285714285714285,0.6371428571428571,0.38430062044051144,0.385222180735707,0.08285714285714285,0.14857142857142858,0.17142857142857143,0.0,11.268571428571429,0.19428571428571428,0.0,2.469040910885097e-06,0.11836634914903713,11.794285714285714,0.0,0.0,0.15,0.08,0,0.19038623087838474,0.24346181769967012,7.101197589895516,0.9540977942610748,0.0,1.0,0.0,0.1,0.0,0.9999059538913014,0.1,0.08,0.14857142857142858,0.5,0.25
109,0.9150027084914645,0.5534121543460403,0.9150027084914645,0.5534121543460403,0.26107685272754566,0.5566988162189828,0.5657142857142857,0.38447204901194004,0.3853507521642785,0.08285714285714285,0.5657142857142857,0.38447204901194004,0.3853507521642785,0.08285714285714285,0.15428571428571428,0.18285714285714286,0.0,11.437142857142858,0.19428571428571428,0.0,2.2221318125047788e-06,0.11836634914903713,11.794285714285714,0.0,0.0,0.15,0.08,0,0.1910618740061357,0.2436519885867285,7.142030780954748,1.0035195974226483,0.0,0.96875,0.0,0.1,0.0,0.9999153585021713,0.1,0.08,0.15428571428571428,0.5,0.25
110,0.9154535268377505,0.5537688353539604,0.9154535268377505,0.5537688353539604,0.26107685272754566,0.556311630613739,0.58,0.3847006204405115,0.38552218073570704,0.08285714285714285,0.58,0.3847006204405115,0.38552218073570704,0.08285714285714285,0.17142857142857143,0.2057142857142857,0.0,11.608571428571429,0.2,0.0,1.9999145753803226e-06,0.11836634914903713,11.794285714285714,0.0,0.0,0.15,0.08,0,0.19187670892181927,0.24798403556353577,7.20490445104994,1.0267403510986217,0.0,0.9722222222222222,0.0,0.1,0.0,0.9999238226519541,0.1,0.08,0.17142857142857143,0.5,0.25
111,0.9168904892401107,0.5534914687861581,0.9168904892401107,0.5534914687861581,0.26107685272754566,0.5559576270689225,0.5457142857142857,0.3847006204405115,0.38552218073570704,0.08285714285714285,0.5457142857142857,0.3847006204405115,0.38552218073570704,0.08285714285714285,0.1457142857142857,0.17714285714285713,0.0,11.788571428571428,0.2,0.0,1.799919832605929e-06,0.11836634914903713,11.794285714285714,0.0,0.0,0.15,0.08,0,0.19168846823435307,0.24674411538571808,7.237949219171798,1.0062055440766493,0.0,1.0,0.0,0.1,0.0,0.9999314403867587,0.1,0.08,0.1457142857142857,0.5,0.25
112,0.9181688191732525,0.5537594273852103,0.9181688191732525,0.5537594273852103,0.26107685272754566,0.5556714186226723,0.5371428571428571,0.3848149061547972,0.3856078950214213,0.08285714285714285,0.5371428571428571,0.3848149061547972,0.3856078950214213,0.08285714285714285,0.14,0.16285714285714287,0.0,11.951428571428572,0.2,0.0,1.6199251883220464e-06,0.11836634914903713,11.794285714285714,0.0,0.0,0.15,0.08,0,0.1918723123217527,0.24551039480878947,7.256047377645503,1.0672482306336089,0.0,0.9824561403508771,0.0,0.1,0.0,0.9999382963480828,0.1,0.08,0.14,0.5,0.25
113,0.9171203443698117,0.5529996608755173,0.9171203443698117,0.5529996608755173,0.26107685272754566,0.555436177219036,0.5714285714285714,0.38487204901194005,0.38565075216427847,0.08285714285714285,0.5714285714285714,0.38487204901194005,0.38565075216427847,0.08285714285714285,0.15714285714285714,0.19428571428571428,0.0,12.125714285714286,0.20285714285714285,0.0,1.4579305140736794e-06,0.11836634914903713,11.794285714285714,0.0,0.0,0.15,0.08,0,0.19219766576014397,0.24428284283474552,7.3052121443783085,1.0459032660209366,0.0,0.9852941176470589,0.0,0.1,0.0,0.9999444667132745,0.1,0.08,0.15714285714285714,0.5,0.25
114,0.9175307266849944,0.5528407641910014,0.9175307266849944,0.5528407641910014,0.26107685272754566,0.5551866279786297,0.5771428571428572,0.3851577632976543,0.3858650378785642,0.08285714285714285,0.5771428571428572,0.3851577632976543,0.3858650378785642,0.08285714285714285,0.15714285714285714,0.18857142857142858,0.0,12.288571428571428,0.2057142857142857,0.0,1.3121357167866034e-06,0.11836634914903713,11.794285714285714,0.0,0.0,0.15,0.08,0,0.1932931067170575,0.2446845949048863,7.347679330062172,1.0601972192743294,0.0,0.9545454545454546,0.0,0.1,0.0,0.9999500200419471,0.1,0.08,0.15714285714285714,0.5,0.25
115,0.9189867824805275,0.5535253719444226,0.9189867824805275,0.5535253719444226,0.26107685272754566,0.5548765559026222,0.5257142857142857,0.38527204901194,0.38595075216427843,0.08285714285714285,0.5257142857142857,0.38527204901194,0.38595075216427843,0.08285714285714285,0.17714285714285713,0.2057142857142857,0.0,12.48857142857143,0.21428571428571427,0.0,1.180920730951458e-06,0.11836634914903713,11.794285714285714,0.0,0.0,0.15,0.08,0,0.1936400704691865,0.2474545696633376,7.406440029175212,1.0611440122897398,0.0,0.9861111111111112,0.0,0.1,0.0,0.9999550180377524,0.1,0.08,0.17714285714285713,0.5,0.25
116,0.9184880204872008,0.5535689697309645,0.9184880204872008,0.5535689697309645,0.26107685272754566,0.554470845790353,0.5571428571428572,0.38538633472622574,0.3860364664499928,0.08285714285714285,0.5571428571428572,0.38538633472622574,0.3860364664499928,0.08285714285714285,0.13428571428571429,0.15714285714285714,0.0,12.645714285714286,0.21142857142857144,0.0,1.0628275123961434e-06,0.11836634914903713,11.794285714285714,0.0,0.0,0.15,0.08,0,0.19378558511684055,0.2462172968150209,7.4154540857345665,1.0399211320439448,0.0,0.9818181818181818,0.0,0.1,0.0,0.9999595162339772,0.1,0.08,0.13428571428571429,0.5,0.25
117,0.919502544076195,0.5527309564704267,0.919502544076195,0.5527309564704267,0.26107685272754566,0.554176303550101,0.5514285714285714,0.38567204901193997,0.38625075216427845,0.08285714285714285,0.5514285714285714,0.38567204901193997,0.38625075216427845,0.08285714285714285,0.16857142857142857,0.2057142857142857,0.0,12.765714285714285,0.21714285714285714,0.0,9.56543833336558e-07,0.11836634914903713,11.794285714285714,0.0,0.0,0.15,0.08,0,0.1953873714769707,0.2471674142261201,7.472859289734159,1.1155155268628996,0.0,0.9444444444444444,0.0,0.1,0.0,0.9999635646105794,0.1,0.08,0.16857142857142857,0.5,0.25
118,0.9200736129058441,0.5527274696534398,0.9200736129058441,0.5527274696534398,0.26107685272754566,0.55399858923934,0.5514285714285714,0.38567204901193997,0.38625075216427845,0.08285714285714285,0.5514285714285714,0.38567204901193997,0.38625075216427845,0.08285714285714285,0.12,0.15428571428571428,0.0,12.965714285714286,0.22285714285714286,0.0,8.608886984727149e-07,0.11836634914903713,11.794285714285714,0.0,0.0,0.15,0.08,0,0.19515229319101438,0.24593157715498948,7.477687818225191,1.0932052163256418,0.0,1.0,0.0,0.1,0.0,0.9999672081495214,0.1,0.08,0.12,0.5,0.25
119,0.9212166696235728,0.552329449623674,0.9212166696235728,0.552329449623674,0.26107685272754566,0.5537922916190762,0.5342857142857143,0.38567204901193997,0.38625075216427845,0.08285714285714285,0.5342857142857143,0.38567204901193997,0.38625075216427845,0.08285714285714285,0.15142857142857144,0.1657142857142857,0.0,13.12,0.2257142857142857,0.0,7.747992198872407e-07,0.11836634914903713,11.794285714285714,0.0,0.0,0.15,0.08,0,0.19497567458220216,0.24470191926921456,7.493848347574972,1.0713411119991287,0.0,1.0,0.0,0.1,0.0,0.9999704873345693,0.1,0.08,0.15142857142857144,0.5,0.25
120,0.9215273342919107,0.5519943718168108,0.9215273342919107,0.5519943718168108,0.26107685272754566,0.5535321850974908,0.56,0.38567204901193997,0.38625075216427845,0.08285714285714285,0.56,0.38567204901193997,0.38625075216427845,0.08285714285714285,0.14857142857142858,0.1657142857142857,0.0,13.28,0.22285714285714286,0.0,6.9731880482232e-07,0.11836634914903713,11.794285714285714,0.0,0.0,0.15,0.08,0,0.19479979692357688,0.24347840967286846,7.5096856663377585,1.0499142897591462,0.0,1.0,0.0,0.1,0.0,0.9999734386011123,0.1,0.08,0.14857142857142858,0.5,0.25
121,0.9231511787565735,0.5515320802426759,0.9231511787565735,0.5515320802426759,0.26107685272754566,0.5531247678468935,0.5571428571428572,0.38578633472622575,0.38633646644999275,0.08285714285714285,0.5571428571428572,0.38578633472622575,0.38633646644999275,0.08285714285714285,0.1742857142857143,0.19714285714285715,0.0,13.471428571428572,0.22285714285714286,0.0,6.275865249474759e-07,0.11836634914903713,11.794285714285714,0.0,0.0,0.15,0.08,0,0.19513908436753039,0.24226101762450414,7.55663481015386,1.0289160039639633,0.0,0.9855072463768116,0.0,0.1,0.0,0.9999760947410011,0.1,0.08,0.1742857142857143,0.5,0.25
122,0.9221514487418182,0.5509797353034294,0.9221514487418182,0.5509797353034294,0.26107685272754566,0.552720770501245,0.5228571428571429,0.38578633472622575,0.38633646644999275,0.08285714285714285,0.5228571428571429,0.38578633472622575,0.38633646644999275,0.08285714285714285,0.16857142857142857,0.19714285714285715,0.0,13.64,0.22285714285714286,0.0,5.648275489460804e-07,0.11836634914903713,11.794285714285714,0.0,0.0,0.15,0.08,0,0.19496281823140704,0.24104971253638163,7.60264497109364,1.008337683884684,0.0,1.0,0.0,0.1,0.0,0.999978485266901,0.1,0.08,0.16857142857142857,0.5,0.25
123,0.9238662874583937,0.5511697962554172,0.9238662874583937,0.5511697962554172,0.26107685272754566,0.5524270092152386,0.48,0.3861863347262257,0.3866364664499927,0.08285714285714285,0.48,0.3861863347262257,0.3866364664499927,0.08285714285714285,0.15714285714285714,0.18285714285714286,0.0,13.76,0.2257142857142857,0.0,5.083445320133026e-07,0.11836634914903713,11.794285714285714,0.0,0.0,0.15,0.08,0,0.19681614771167857,0.25540813025336495,7.633449214528911,1.163324730059997,0.0,0.921875,0.0,0.1,0.0,0.9999806367402109,0.1,0.08,0.15714285714285714,0.5,0.25
124,0.9239273940458793,0.5516547960862086,0.9239273940458793,0.5516547960862086,0.26107685272754566,0.5522665539145535,0.5085714285714286,0.3861863347262257,0.3866364664499927,0.08285714285714285,0.5085714285714286,0.3861863347262257,0.3866364664499927,0.08285714285714285,0.15142857142857144,0.17714285714285713,0.0,13.9,0.22857142857142856,0.0,4.575098665608372e-07,0.11836634914903713,11.794285714285714,0.0,0.0,0.15,0.08,0,0.19668821054454874,0.2541310896020981,7.65792308738119,1.140058235458797,0.0,1.0,0.0,0.1,0.0,0.9999825730661898,0.1,0.08,0.15142857142857144,0.5,0.25
125,0.924365899171949,0.5523388792105817,0.924365899171949,0.5523388792105817,0.26107685272754566,0.5521280090248284,0.5257142857142857,0.3861863347262257,0.3866364664499927,0.08285714285714285,0.5257142857142857,0.3861863347262257,0.3866364664499927,0.08285714285714285,0.15142857142857144,0.18,0.0,14.06,0.2257142857142857,0.0,4.1175870798055615e-07,0.11836634914903713,11.794285714285714,0.0,0.0,0.15,0.08,0,0.19653205805968316,0.2528604341540876,7.684764625633567,1.117257070749621,0.0,1.0,0.0,0.1,0.0,0.9999843157595708,0.1,0.08,0.15142857142857144,0.5,0.25
126,0.9248778460904914,0.5509284125863415,0.9248778460904914,0.5509284125863415,0.26107685272754566,0.5521182044006179,0.5428571428571428,0.3863577632976543,0.3867650378785642,0.08285714285714285,0.5428571428571428,0.3863577632976543,0.3867650378785642,0.08285714285714285,0.18,0.21714285714285714,0.0,14.202857142857143,0.2257142857142857,0.0,3.705826979231174e-07,0.11836634914903713,11.794285714285714,0.0,0.0,0.15,0.08,0,0.19729154062652757,0.25159613198331715,7.748212190263751,1.0949119293346286,0.0,0.9736842105263158,0.0,0.1,0.0,0.9999858841836138,0.1,0.08,0.18,0.5,0.25
127,0.9231210304018785,0.5510510382692047,0.9231210304018785,0.5510510382692047,0.26107685272754566,0.5520948225536958,0.5342857142857143,0.38647204901194,0.3868507521642785,0.08285714285714285,0.5342857142857143,0.38647204901194,0.3868507521642785,0.08285714285714285,0.16857142857142857,0.19428571428571428,0.0,14.354285714285714,0.22285714285714286,0.0,3.33524315333199e-07,0.11836634914903713,11.794285714285714,0.0,0.0,0.15,0.08,0,0.19756194006625208,0.25033815132340054,7.787533660744191,1.073013690747936,0.0,0.9852941176470589,0.0,0.1,0.0,0.9999872957652524,0.1,0.08,0.16857142857142857,0.5,0.25
128,0.9242090615538374,0.5514250957541722,0.9242090615538374,0.5514250957541722,0.26107685272754566,0.5520410486837733,0.5542857142857143,0.38652919186908286,0.3868936093071356,0.08285714285714285,0.5542857142857143,0.38652919186908286,0.3868936093071356,0.08285714285714285,0.15714285714285714,0.18285714285714286,0.0,14.462857142857143,0.22,0.0,3.001717924332721e-07,0.11836634914903713,11.794285714285714,0.0,0.0,0.15,0.08,0,0.1977168446516351,0.25350068763700123,7.814640130386449,1.0678800686813696,0.0,0.984375,0.0,0.1,0.0,0.9999885661887271,0.1,0.08,0.15714285714285714,0.5,0.25
129,0.9240397706707137,0.5516777751444238,0.9240397706707137,0.5516777751444238,0.26107685272754566,0.5519039166342393,0.5228571428571429,0.38652919186908286,0.3868936093071356,0.08285714285714285,0.5228571428571429,0.38652919186908286,0.3868936093071356,0.08285714285714285,0.15142857142857144,0.18,0.0,14.585714285714285,0.22285714285714286,0.0,2.7015453918166953e-07,0.11836634914903713,11.794285714285714,0.0,0.0,0.15,0.08,0,0.19749926042837695,0.25223318419881624,7.8383473277787195,1.0465224673077422,0.0,1.0,0.0,0.1,0.0,0.9999897095698544,0.1,0.08,0.15142857142857144,0.5,0.25
130,0.9232836378112848,0.5514938307507329,0.9232836378112848,0.5514938307507329,0.26107685272754566,0.5517207579378547,0.5485714285714286,0.38681490615479713,0.38710789502142134,0.08285714285714285,0.5485714285714286,0.38681490615479713,0.38710789502142134,0.08285714285714285,0.12857142857142856,0.15142857142857144,0.0,14.717142857142857,0.22,0.0,2.43139025317218e-07,0.11836634914903713,11.794285714285714,0.0,0.0,0.15,0.08,0,0.1984824791262351,0.2509720182778222,7.833008952651718,1.0255920179615876,0.0,0.9433962264150944,0.0,0.1,0.0,0.999990738612869,0.1,0.08,0.12857142857142856,0.5,0.25
131,0.9242524046054191,0.5515864913992141,0.9242524046054191,0.5515864913992141,0.26107685272754566,0.5515240759951359,0.5771428571428572,0.38687204901194006,0.38715075216427847,0.08285714285714285,0.5771428571428572,0.38687204901194006,0.38715075216427847,0.08285714285714285,0.1657142857142857,0.18857142857142858,0.0,14.874285714285714,0.21714285714285714,0.0,2.188250742306854e-07,0.11836634914903713,11.794285714285714,0.0,0.0,0.15,0.08,0,0.19880306744488957,0.25042957119239245,7.864920202170111,1.0066333482205292,0.0,0.9848484848484849,0.0,0.1,0.0,0.9999916647515821,0.1,0.08,0.1657142857142857,0.5,0.25
132,0.9249870967351168,0.551937884477659,0.9249870967351168,0.551937884477659,0.26107685272754566,0.5512302044435151,0.5285714285714286,0.3870434775833686,0.38727932359284994,0.08285714285714285,0.5285714285714286,0.3870434775833686,0.38727932359284994,0.08285714285714285,0.15714285714285714,0.19142857142857142,0.0,15.014285714285714,0.21142857142857144,0.0,1.9694252747672306e-07,0.11836634914903713,11.794285714285714,0.0,0.0,0.15,0.08,0,0.19949390996480798,0.26298522559850007,7.89905036955528,1.0729844322668032,0.0,0.9701492537313433,0.0,0.1,0.0,0.9999924982764239,0.1,0.08,0.15714285714285714,0.5,0.25
133,0.9247842883570533,0.5523938859399031,0.9247842883570533,0.5523938859399031,0.26107685272754566,0.5508381464724651,0.5685714285714286,0.3871006204405114,0.38732218073570707,0.08285714285714285,0.5685714285714286,0.3871006204405114,0.38732218073570707,0.08285714285714285,0.15142857142857144,0.18857142857142858,0.0,15.168571428571429,0.21714285714285714,0.0,1.7724824287268688e-07,0.11836634914903713,11.794285714285714,0.0,0.0,0.15,0.08,0,0.1996675832721268,0.2616702994705076,7.929640790735602,1.051524743621467,0.0,0.9848484848484849,0.0,0.1,0.0,0.9999932484487815,0.1,0.08,0.15142857142857144,0.5,0.25
134,0.9250304436306137,0.5526463765840259,0.9250304436306137,0.5526463765840259,0.26107685272754566,0.550572531001418,0.5571428571428572,0.38715776329765433,0.38736503787856413,0.08285714285714285,0.5571428571428572,0.38715776329765433,0.38736503787856413,0.08285714285714285,0.15142857142857144,0.18285714285714286,0.0,15.3,0.21714285714285714,0.0,1.5952339278200118e-07,0.11836634914903713,11.794285714285714,0.0,0.0,0.15,0.08,0,0.20001053463790908,0.26036194797315504,7.953905117778033,1.0304942487490376,0.0,0.984375,0.0,0.1,0.0,0.9999939236039033,0.1,0.08,0.15142857142857144,0.5,0.25
135,0.9248557255173572,0.5526877758354489,0.9248557255173572,0.5526877758354489,0.26107685272754566,0.5503705068749702,0.5342857142857143,0.38727204901194,0.38745075216427854,0.08571428571428572,0.5342857142857143,0.38727204901194,0.38745075216427854,0.08571428571428572,0.14,0.18285714285714286,0.0,15.405714285714286,0.21428571428571427,0.0,1.435710326032665e-07,0.11836634914903713,11.794285714285714,0.0,0.0,0.15,0.08,0,0.20015305339329095,0.2590601382332892,7.977684158279615,1.0098843637740569,0.0,0.984375,0.0,0.1,0.0,0.9999945312435129,0.1,0.08,0.14,0.5,0.25
136,0.9242174412328794,0.5524655944264873,0.9242174412328794,0.5524655944264873,0.26107685272754566,0.5502520928820489,0.5457142857142857,0.38727204901194,0.38745075216427854,0.08571428571428572,0.5457142857142857,0.38727204901194,0.38745075216427854,0.08571428571428572,0.13428571428571429,0.15714285714285714,0.0,15.54,0.21428571428571427,0.0,1.2921391241402836e-07,0.11836634914903713,11.794285714285714,0.0,0.0,0.15,0.08,0,0.19986586026918166,0.2577648375421228,7.97527333225688,0.9896866764985757,0.0,1.0,0.0,0.1,0.0,0.9999950781191616,0.1,0.08,0.13428571428571429,0.5,0.25
137,0.9232587798727017,0.5521483091745489,0.9232587798727017,0.5521483091745489,0.26107685272754566,0.5501054502948368,0.56,0.3873291918690829,0.3874936093071356,0.08571428571428572,0.56,0.3873291918690829,0.3874936093071356,0.08571428571428572,0.13714285714285715,0.17142857142857143,0.0,15.691428571428572,0.21428571428571427,0.0,1.1629250745903309e-07,0.11836634914903713,11.794285714285714,0.0,0.0,0.15,0.08,0,0.2001796745392643,0.25647601335441217,7.987196437040312,1.001660367004913,0.0,0.9833333333333333,0.0,0.1,0.0,0.9999955703072454,0.1,0.08,0.13714285714285715,0.5,0.25
138,0.9231374217326229,0.5515445993105854,0.9231374217326229,0.5515445993105854,0.26107685272754566,0.5499575243322309,0.5228571428571429,0.3873291918690829,0.3874936093071356,0.08571428571428572,0.5228571428571429,0.3873291918690829,0.3874936093071356,0.08571428571428572,0.15714285714285714,0.19428571428571428,0.0,15.825714285714286,0.21428571428571427,0.0,1.0466324560454149e-07,0.11836634914903713,11.794285714285714,0.0,0.0,0.15,0.08,0,0.20006320759156795,0.2551936332876401,8.021738222585222,0.9816271596648145,0.0,1.0,0.0,0.1,0.0,0.9999960132765209,0.1,0.08,0.15714285714285714,0.5,0.25
139,0.9261883995799614,0.5522377037256698,0.9261883995799614,0.5522377037256698,0.26107685272754566,0.549862703172734,0.54,0.3875577632976543,0.3876650378785642,0.08571428571428572,0.54,0.3875577632976543,0.3876650378785642,0.08571428571428572,0.16285714285714287,0.2057142857142857,0.0,15.937142857142858,0.21428571428571427,0.0,9.419691204660633e-08,0.11836634914903713,11.794285714285714,0.0,0.0,0.15,0.08,0,0.20071960583932438,0.2539176651212019,8.067017743847803,0.9867901470663113,0.0,0.9722222222222222,0.0,0.1,0.0,0.9999964119488688,0.1,0.08,0.16285714285714287,0.5,0.25
140,0.9262291997339613,0.5527830492614685,0.9262291997339613,0.5527830492614685,0.26107685272754566,0.549842017953582,0.5228571428571429,0.38761490615479716,0.3877078950214213,0.08571428571428572,0.5228571428571429,0.38761490615479716,0.3877078950214213,0.08571428571428572,0.15428571428571428,0.18,0.0,16.08,0.21142857142857144,0.0,8.47772135554458e-08,0.11836634914903713,11.794285714285714,0.0,0.0,0.15,0.08,0,0.2009155792386992,0.2801285833275069,8.085677388970847,1.0788782857677286,0.0,0.9841269841269841,0.0,0.1,0.0,0.9999967707539819,0.1,0.08,0.15428571428571428,0.5,0.25
141,0.9271126118210308,0.5523116812221063,0.9271126118210308,0.5523116812221063,0.26107685272754566,0.5498805064198756,0.5228571428571429,0.38767204901193997,0.3877507521642784,0.08571428571428572,0.5228571428571429,0.38767204901193997,0.3877507521642784,0.08571428571428572,0.14857142857142858,0.18,0.0,16.17142857142857,0.21142857142857144,0.0,7.629948629607472e-08,0.11836634914903713,11.794285714285714,0.0,0.0,0.15,0.08,0,0.20111057277107713,0.27872794041086935,8.10396384119143,1.2451730608578448,0.0,0.9841269841269841,0.0,0.1,0.0,0.9999970936785837,0.1,0.08,0.14857142857142858,0.5,0.25
142,0.9272628435598277,0.5521851621701531,0.9272628435598277,0.5521851621701531,0.26107685272754566,0.5499228547017265,0.5514285714285714,0.3878434775833686,0.3878793235928499,0.08571428571428572,0.5514285714285714,0.3878434775833686,0.3878793235928499,0.08571428571428572,0.15714285714285714,0.19428571428571428,0.0,16.31714285714286,0.21142857142857144,0.0,6.866953288629856e-08,0.11836634914903713,11.794285714285714,0.0,0.0,0.15,0.08,0,0.2018470206215075,0.3188891289670348,8.136170278653315,1.3482576103621664,0.0,0.9705882352941176,0.0,0.1,0.0,0.9999973843107253,0.1,0.08,0.15714285714285714,0.5,0.25
143,0.9289352801145976,0.5522990315476958,0.9289352801145976,0.5522990315476958,0.26107685272754566,0.5499846444111294,0.5857142857142857,0.3878434775833686,0.3878793235928499,0.08571428571428572,0.5857142857142857,0.3878434775833686,0.3878793235928499,0.08571428571428572,0.1657142857142857,0.2,0.0,16.48,0.21142857142857144,0.0,6.180257572338671e-08,0.11836634914903713,11.794285714285714,0.0,0.0,0.15,0.08,0,0.20160892837554278,0.3172946833221996,8.173446873080247,1.321292458154923,0.0,1.0,0.0,0.1,0.0,0.9999976458796528,0.1,0.08,0.1657142857142857,0.5,0.25
144,0.9277720974436872,0.5517129434840217,0.9277720974436872,0.5517129434840217,0.26107685272754566,0.5498623920549809,0.5428571428571428,0.3878434775833686,0.3878793235928499,0.08571428571428572,0.5428571428571428,0.3878434775833686,0.3878793235928499,0.08571428571428572,0.14,0.16857142857142857,0.0,16.574285714285715,0.20857142857142857,0.0,5.562231501295027e-08,0.11836634914903713,11.794285714285714,0.0,0.0,0.15,0.08,0,0.2012863123050936,0.3157082099055886,8.17854936419007,1.2948666089918246,0.0,1.0,0.0,0.1,0.0,0.9999978812916875,0.1,0.08,0.14,0.5,0.25
145,0.9270514555975842,0.5516512294015176,0.9270514555975842,0.5516512294015176,0.26107685272754566,0.5495992477720377,0.5657142857142857,0.3879577632976543,0.3879650378785642,0.08571428571428572,0.5657142857142857,0.3879577632976543,0.3879650378785642,0.08571428571428572,0.16,0.17714285714285713,0.0,16.677142857142858,0.20857142857142857,0.0,5.0060080971379196e-08,0.11836634914903713,11.794285714285714,0.0,0.0,0.15,0.08,0,0.20150788074356818,0.3397102163922776,8.192121234049127,1.3049973401679702,0.0,0.9838709677419355,0.0,0.1,0.0,0.9999980931625188,0.1,0.08,0.16,0.5,0.25
146,0.9262064249308433,0.550459372867724,0.9262064249308433,0.550459372867724,0.26107685272754566,0.5494238900600011,0.5742857142857143,0.3880720490119401,0.3880507521642785,0.08571428571428572,0.5742857142857143,0.3880720490119401,0.3880507521642785,0.08571428571428572,0.14,0.1742857142857143,0.0,16.80857142857143,0.2057142857142857,0.0,4.505407081590978e-08,0.11836634914903713,11.794285714285714,0.0,0.0,0.15,0.08,0,0.20224163062199318,0.33801166531031623,8.20256452365386,1.2788973933646108,0.0,0.9672131147540983,0.0,0.1,0.0,0.9999982838462669,0.1,0.08,0.14,0.5,0.25
147,0.9274872825458524,0.5505531168816669,0.9274872825458524,0.5505531168816669,0.26107685272754566,0.5491600170184284,0.5171428571428571,0.3880720490119401,0.3880507521642785,0.08571428571428572,0.5171428571428571,0.3880720490119401,0.3880507521642785,0.08571428571428572,0.14,0.18,0.0,16.942857142857143,0.20285714285714285,0.0,4.054866206590468e-08,0.11836634914903713,11.794285714285714,0.0,0.0,0.15,0.08,0,0.20197285104031182,0.3363216069837646,8.218513233180781,1.2533194454973187,0.0,1.0,0.0,0.1,0.0,0.9999984554616402,0.1,0.08,0.14,0.5,0.25
148,0.9277259488545334,0.5502109925212928,0.9277259488545334,0.5502109925212928,0.26107685272754566,0.5488627614889215,0.5685714285714286,0.3880720490119401,0.3880507521642785,0.08571428571428572,0.5685714285714286,0.3880720490119401,0.3880507521642785,0.08571428571428572,0.14857142857142858,0.18571428571428572,0.0,17.06,0.20857142857142857,0.0,3.6493794509717736e-08,0.11836634914903713,11.794285714285714,0.0,0.0,0.15,0.08,0,0.2018191303565388,0.33463999894884583,8.239857254231453,1.2282530565873722,0.0,1.0,0.0,0.1,0.0,0.9999986099154762,0.1,0.08,0.14857142857142858,0.5,0.25
149,0.9271243386737248,0.5509614806644009,0.9271243386737248,0.5509614806644009,0.26107685272754566,0.548606021974244,0.5514285714285714,0.38824347758336863,0.38817932359284996,0.08571428571428572,0.5514285714285714,0.38824347758336863,0.38817932359284996,0.08571428571428572,0.1457142857142857,0.19428571428571428,0.0,17.222857142857144,0.20857142857142857,0.0,3.284441396399028e-08,0.11836634914903713,11.794285714285714,0.0,0.0,0.15,0.08,0,0.20249532041904184,0.3426738399147716,8.269345823432538,1.2190750872645963,0.0,0.9705882352941176,0.0,0.1,0.0,0.9999987489239286,0.1,0.08,0.1457142857142857,0.5,0.25
150,0.9270327589178436,0.5502803702707799,0.9270327589178436,0.5502803702707799,0.26107685272754566,0.5482809244763575,0.5657142857142857,0.38824347758336863,0.38817932359284996,0.08571428571428572,0.5657142857142857,0.38824347758336863,0.38817932359284996,0.08571428571428572,0.10571428571428572,0.12,0.0,17.34,0.20857142857142857,0.0,2.955997168096459e-08,0.11836634914903713,11.794285714285714,0.0,0.0,0.15,0.08,0,0.20199698667408947,0.3409604707151978,8.223958906963885,1.1946935855193044,0.0,1.0,0.0,0.1,0.0,0.9999988740315358,0.1,0.08,0.10571428571428572,0.5,0.25
151,0.9290862872781454,0.5499683472338042,0.9290862872781454,0.5499683472338042,0.26107685272754566,0.5479455966318508,0.5742857142857143,0.38830062044051145,0.388222180735707,0.08571428571428572,0.5742857142857143,0.38830062044051145,0.388222180735707,0.08571428571428572,0.15714285714285714,0.17714285714285713,0.0,17.482857142857142,0.20857142857142857,0.0,2.6603973795755716e-08,0.11836634914903713,11.794285714285714,0.0,0.0,0.15,0.08,0,0.20238471888000475,0.3392556683616218,8.236622585967465,1.2142499920500152,0.0,0.9838709677419355,0.0,0.1,0.0,0.9999989866283822,0.1,0.08,0.15714285714285714,0.5,0.25
152,0.9283673996281535,0.5499981538352087,0.9283673996281535,0.5499981538352087,0.26107685272754566,0.5475922584984441,0.5685714285714286,0.38830062044051145,0.388222180735707,0.08571428571428572,0.5685714285714286,0.38830062044051145,0.388222180735707,0.08571428571428572,0.15428571428571428,0.18285714285714286,0.0,17.605714285714285,0.2057142857142857,0.0,2.3943575835138427e-08,0.11836634914903713,11.794285714285714,0.0,0.0,0.15,0.08,0,0.20222908099989045,0.3375593900198137,8.254747277105258,1.189964992209015,0.0,1.0,0.0,0.1,0.0,0.9999990879655439,0.1,0.08,0.15428571428571428,0.5,0.25
153,0.9286442557281518,0.5488526637897331,0.9286442557281518,0.5488526637897331,0.26107685272754566,0.5471680398040136,0.5228571428571429,0.38830062044051145,0.388222180735707,0.08571428571428572,0.5228571428571429,0.38830062044051145,0.388222180735707,0.08571428571428572,0.13428571428571429,0.14857142857142858,0.0,17.702857142857145,0.2,0.0,2.154921778161915e-08,0.11836634914903713,11.794285714285714,0.0,0.0,0.15,0.08,0,0.2018177927377481,0.33587159306971465,8.238223760134582,1.1661656923648347,0.0,1.0,0.0,0.1,0.0,0.9999991791689895,0.1,0.08,0.13428571428571429,0.5,0.25
154,0.9270897808951598,0.5487285047196768,0.9270897808951598,0.5487285047196768,0.26107685272754566,0.5468020872010975,0.6028571428571429,0.3884149061547972,0.3883078950214213,0.08571428571428572,0.6028571428571429,0.3884149061547972,0.3883078950214213,0.08571428571428572,0.14,0.15142857142857144,0.0,17.845714285714287,0.19714285714285715,0.0,1.939429562087874e-08,0.11836634914903713,11.794285714285714,0.0,0.0,0.15,0.08,0,0.2019507044883451,0.3341922351043661,8.22488785636046,1.2354244421747231,0.0,0.9811320754716981,0.0,0.1,0.0,0.9999992612520906,0.1,0.08,0.14,0.5,0.25
155,0.9269850529666755,0.5497421835747022,0.9269850529666755,0.5497421835747022,0.26107685272754566,0.5464506162475735,0.5942857142857143,0.38864347758336854,0.3884793235928498,0.08571428571428572,0.5942857142857143,0.38864347758336854,0.3884793235928498,0.08571428571428572,0.1457142857142857,0.18,0.0,17.982857142857142,0.19714285714285715,0.0,1.7454865749555184e-08,0.11836634914903713,11.794285714285714,0.0,0.0,0.15,0.08,0,0.20290867665877838,0.33252127392884423,8.24039009923325,1.2158582124359778,0.0,0.9682539682539683,0.0,0.1,0.0,0.9999993351268816,0.1,0.08,0.1457142857142857,0.5,0.25
156,0.926879140129759,0.5502835571593516,0.926879140129759,0.5502835571593516,0.26107685272754566,0.5462415899347579,0.5971428571428572,0.38864347758336854,0.3884793235928498,0.08571428571428572,0.5971428571428572,0.38864347758336854,0.3884793235928498,0.08571428571428572,0.15428571428571428,0.1742857142857143,0.0,18.091428571428573,0.19428571428571428,0.0,1.5709378923480463e-08,0.11836634914903713,11.794285714285714,0.0,0.0,0.15,0.08,0,0.20269356184691303,0.3308586675592,8.2498680115343,1.1915410481872581,0.0,1.0,0.0,0.1,0.0,0.9999994016141934,0.1,0.08,0.15428571428571428,0.5,0.25
157,0.925600799054049,0.5498388200912375,0.925600799054049,0.5498388200912375,0.26107685272754566,0.5461947254682784,0.5314285714285715,0.3888149061547972,0.3886078950214213,0.08571428571428572,0.5314285714285715,0.3888149061547972,0.3886078950214213,0.08571428571428572,0.16285714285714287,0.19714285714285715,0.0,18.234285714285715,0.19428571428571428,0.0,1.413844082872561e-08,0.11836634914903713,11.794285714285714,0.0,0.0,0.15,0.08,0,0.20336523689482136,0.3331034656469063,8.282013508446472,1.2124643724148672,0.0,0.9710144927536232,0.0,0.1,0.0,0.9999994614527741,0.1,0.08,0.16285714285714287,0.5,0.25
158,0.9250380568459561,0.5488366206634478,0.9250380568459561,0.5488366206634478,0.26107685272754566,0.5461383035282487,0.5371428571428571,0.3888149061547972,0.3886078950214213,0.08571428571428572,0.5371428571428571,0.3888149061547972,0.3886078950214213,0.08571428571428572,0.15714285714285714,0.18571428571428572,0.0,18.354285714285716,0.19428571428571428,0.0,1.2724596582250387e-08,0.11836634914903713,11.794285714285714,0.0,0.0,0.15,0.08,0,0.20311941071034723,0.33143794831867174,8.302087523991828,1.1882150849665698,0.0,1.0,0.0,0.1,0.0,0.9999995153074966,0.1,0.08,0.15714285714285714,0.5,0.25
159,0.925384524706868,0.549752247810588,0.925384524706868,0.549752247810588,0.26107685272754566,0.5459282029902871,0.5571428571428572,0.38887204901194,0.38865075216427847,0.08571428571428572,0.5571428571428572,0.38887204901194,0.38865075216427847,0.08571428571428572,0.17142857142857143,0.2,0.0,18.52,0.19428571428571428,0.0,1.1452136792492353e-08,0.11836634914903713,11.794285714285714,0.0,0.0,0.15,0.08,0,0.20338895651393832,0.3297807585770784,8.33604577351199,1.1644507832672386,0.0,0.9857142857142858,0.0,0.1,0.0,0.9999995637767469,0.1,0.08,0.17142857142857143,0.5,0.25
160,0.9252832977028075,0.5501401824109612,0.9252832977028075,0.5501401824109612,0.26107685272754566,0.5459452956382781,0.5514285714285714,0.38887204901194,0.38865075216427847,0.08571428571428572,0.5514285714285714,0.38887204901194,0.38865075216427847,0.08571428571428572,0.1457142857142857,0.16285714285714287,0.0,18.617142857142856,0.19428571428571428,0.0,1.0306923005520959e-08,0.11836634914903713,11.794285714285714,0.0,0.0,0.15,0.08,0,0.2030288688742258,0.32813185478419304,8.332182000898893,1.1411617676018937,0.0,1.0,0.0,0.1,0.0,0.9999996073990722,0.1,0.08,0.1457142857142857,0.5,0.25
161,0.9257882388662285,0.5505154572783093,0.9257882388662285,0.5505154572783093,0.26107685272754566,0.5457783318922198,0.5571428571428572,0.38892919186908287,0.3886936093071356,0.08571428571428572,0.5571428571428572,0.38892919186908287,0.3886936093071356,0.08571428571428572,0.15142857142857144,0.15714285714285714,0.0,18.728571428571428,0.19428571428571428,0.0,9.27623061887978e-09,0.11836634914903713,11.794285714285714,0.0,0.0,0.15,0.08,0,0.20326986738699754,0.32649119551027206,8.322681218023773,1.1183385322498558,0.0,0.9818181818181818,0.0,0.1,0.0,0.999999646659165,0.1,0.08,0.15142857142857144,0.5,0.25
162,0.9263333388517055,0.5496823881716999,0.9263333388517055,0.5496823881716999,0.26107685272754566,0.5456846725944597,0.5428571428571428,0.38892919186908287,0.3886936093071356,0.08571428571428572,0.5428571428571428,0.38892919186908287,0.3886936093071356,0.08571428571428572,0.12285714285714286,0.14285714285714285,0.0,18.83142857142857,0.19428571428571428,0.0,8.348607485149433e-09,0.11836634914903713,11.794285714285714,0.0,0.0,0.15,0.08,0,0.20293866090720541,0.3248587395327207,8.29908473652044,1.0959717616048585,0.0,1.0,0.0,0.1,0.0,0.9999996819932485,0.1,0.08,0.12285714285714286,0.5,0.25
163,0.9261409615963151,0.5486907837050023,0.9261409615963151,0.5486907837050023,0.26107685272754566,0.5455037611430955,0.6028571428571429,0.3890434775833686,0.3887793235928499,0.08857142857142856,0.6028571428571429,0.3890434775833686,0.3887793235928499,0.08857142857142856,0.15428571428571428,0.1742857142857143,0.0,18.94,0.19714285714285715,0.0,7.513746680843854e-09,0.11836634914903713,11.794285714285714,0.0,0.0,0.15,0.08,0,0.20326525474552654,0.32746896357864497,8.307388756075746,1.0901754734923075,0.0,0.9836065573770492,0.0,0.1,0.0,0.9999997137939236,0.1,0.08,0.15428571428571428,0.5,0.25
164,0.9272473085186945,0.5488932805248572,0.9272473085186945,0.5488932805248572,0.26107685272754566,0.5453691894752514,0.6028571428571429,0.3890434775833686,0.3887793235928499,0.08857142857142856,0.6028571428571429,0.3890434775833686,0.3887793235928499,0.08857142857142856,0.1457142857142857,0.16285714285714287,0.0,19.071428571428573,0.19142857142857142,0.0,6.7623719658056835e-09,0.11836634914903713,11.794285714285714,0.0,0.0,0.15,0.08,0,0.20304807204322747,0.32583161876075173,8.304098123811373,1.0683719640224612,0.0,1.0,0.0,0.1,0.0,0.9999997424145313,0.1,0.08,0.1457142857142857,0.5,0.25
165,0.9257501165845355,0.5495618969777797,0.9257501165845355,0.5495618969777797,0.26107685272754566,0.5450878203229347,0.5342857142857143,0.3891006204405115,0.38882218073570696,0.08857142857142856,0.5342857142857143,0.3891006204405115,0.38882218073570696,0.08857142857142856,0.14285714285714285,0.1742857142857143,0.0,19.18857142857143,0.19142857142857142,0.0,6.08613473224766e-09,0.11836634914903713,11.794285714285714,0.0,0.0,0.15,0.08,0,0.20323197525443987,0.3285984044203418,8.312301875620859,1.0814560578226942,0.0,0.9836065573770492,0.0,0.1,0.0,0.9999997681730781,0.1,0.08,0.14285714285714285,0.5,0.25
166,0.9265438776958073,0.5485659841356719,0.9265438776958073,0.5485659841356719,0.26107685272754566,0.5448575886143325,0.5685714285714286,0.38932919186908294,0.38899360930713556,0.08857142857142856,0.5685714285714286,0.38932919186908294,0.38899360930713556,0.08857142857142856,0.13142857142857142,0.16285714285714287,0.0,19.3,0.19428571428571428,0.0,5.477521228016047e-09,0.11836634914903713,11.794285714285714,0.0,0.0,0.15,0.08,0,0.20381481609245344,0.3269554123982401,8.308912980965587,1.0598269366662403,0.0,0.9649122807017544,0.0,0.1,0.0,0.9999997913557703,0.1,0.08,0.13142857142857142,0.5,0.25
167,0.926571250938332,0.5488762803473209,0.926571250938332,0.5488762803473209,0.26107685272754566,0.5447519969323278,0.6,0.3895577632976543,0.38916503787856416,0.08857142857142856,0.6,0.3895577632976543,0.38916503787856416,0.08857142857142856,0.13428571428571429,0.17142857142857143,0.0,19.405714285714286,0.19428571428571428,0.0,4.929769080571071e-09,0.11836634914903713,11.794285714285714,0.0,0.0,0.15,0.08,0,0.20442374201199112,0.3253206353362489,8.314163292774845,1.0540705856642887,0.0,0.9666666666666667,0.0,0.1,0.0,0.9999998122201933,0.1,0.08,0.13428571428571429,0.5,0.25
168,0.9268200497917317,0.5489258075832191,0.9268200497917317,0.5489258075832191,0.26107685272754566,0.5446874431170148,0.5885714285714285,0.3896149061547972,0.38920789502142134,0.08857142857142856,0.5885714285714285,0.3896149061547972,0.38920789502142134,0.08857142857142856,0.14857142857142858,0.17142857142857143,0.0,19.545714285714286,0.19428571428571428,0.0,4.436792154010165e-09,0.11836634914903713,11.794285714285714,0.0,0.0,0.15,0.08,0,0.20474234258407403,0.32369403215956766,8.319308598347918,1.0329891739510029,0.0,0.9833333333333333,0.0,0.1,0.0,0.9999998309981739,0.1,0.08,0.14857142857142858,0.5,0.25
169,0.9270315094167387,0.5490816114535909,0.9270315094167387,0.5490816114535909,0.26107685272754566,0.5446071544595984,0.5685714285714286,0.3896149061547972,0.38920789502142134,0.08857142857142856,0.5685714285714286,0.3896149061547972,0.38920789502142134,0.08857142857142856,0.13142857142857142,0.15428571428571428,0.0,19.642857142857142,0.19142857142857142,0.0,3.993112923023566e-09,0.11836634914903713,11.794285714285714,0.0,0.0,0.15,0.08,0,0.20446063158543937,0.32207556199876985,8.307208140666676,1.0123293904719828,0.0,1.0,0.0,0.1,0.0,0.9999998478983565,0.1,0.08,0.13142857142857142,0.5,0.25
170,0.9252891647569713,0.5483109716337841,0.9252891647569713,0.5483109716337841,0.26107685272754566,0.5445805309516196,0.6,0.3896149061547972,0.38920789502142134,0.08857142857142856,0.6,0.3896149061547972,0.38920789502142134,0.08857142857142856,0.1457142857142857,0.17142857142857143,0.0,19.751428571428573,0.18857142857142858,0.0,3.5938016176247127e-09,0.11836634914903713,11.794285714285714,0.0,0.0,0.15,0.08,0,0.20432275771322647,0.320465184188776,8.312492549281913,0.9920828026625432,0.0,1.0,0.0,0.1,0.0,0.9999998631085208,0.1,0.08,0.1457142857142857,0.5,0.25
171,0.9270854141709947,0.5476525697885576,0.9270854141709947,0.5476525697885576,0.26107685272754566,0.5444421728190432,0.6,0.3896149061547972,0.38920789502142134,0.08857142857142856,0.6,0.3896149061547972,0.38920789502142134,0.08857142857142856,0.14857142857142858,0.18,0.0,19.87142857142857,0.18571428571428572,0.0,3.2344214449626125e-09,0.11836634914903713,11.794285714285714,0.0,0.0,0.15,0.08,0,0.2041005724960889,0.3188628582678321,8.326242698296273,0.9722411466092923,0.0,1.0,0.0,0.1,0.0,0.9999998767976688,0.1,0.08,0.14857142857142858,0.5,0.25
172,0.9279034245934514,0.5476620558458811,0.9279034245934514,0.5476620558458811,0.26107685272754566,0.5444530811541934,0.5628571428571428,0.38978633472622576,0.3893364664499927,0.08857142857142856,0.5628571428571428,0.38978633472622576,0.3893364664499927,0.08857142857142856,0.14285714285714285,0.19142857142857142,0.0,19.994285714285713,0.18571428571428572,0.0,2.9109792907078757e-09,0.11836634914903713,11.794285714285714,0.0,0.0,0.15,0.08,0,0.2047082124907513,0.3260290230813945,8.351146415758922,1.0031288618281329,0.0,0.9701492537313433,0.0,0.1,0.0,0.9999998891179019,0.1,0.08,0.14285714285714285,0.5,0.25
173,0.9286809555118755,0.5474050772919352,0.9286809555118755,0.5474050772919352,0.26107685272754566,0.5445581638985356,0.6142857142857143,0.3899006204405115,0.38942218073570706,0.08857142857142856,0.6142857142857143,0.3899006204405115,0.38942218073570706,0.08857142857142856,0.1657142857142857,0.19142857142857142,0.0,20.094285714285714,0.18571428571428572,0.0,2.619881354968539e-09,0.11836634914903713,11.794285714285714,0.0,0.0,0.15,0.08,0,0.20545481713901187,0.32439887796598754,8.375552058872314,1.0127551014744474,0.0,0.9701492537313433,0.0,0.1,0.0,0.9999999002061117,0.1,0.08,0.1657142857142857,0.5,0.25
174,0.9284448570294909,0.5485674560801195,0.9284448570294909,0.5485674560801195,0.26107685272754566,0.5446574195808249,0.6142857142857143,0.39001490615479717,0.3895078950214213,0.08857142857142856,0.6142857142857143,0.39001490615479717,0.3895078950214213,0.08857142857142856,0.15428571428571428,0.18,0.0,20.237142857142857,0.18285714285714286,0.0,2.357893212668209e-09,0.11836634914903713,11.794285714285714,0.0,0.0,0.15,0.08,0,0.20605582876760253,0.34557289787951656,8.388041017694865,1.3082019360267487,0.0,0.9682539682539683,0.0,0.1,0.0,0.9999999101855006,0.1,0.08,0.15428571428571428,0.5,0.25
175,0.9297441558470442,0.5490807699159932,0.9297441558470442,0.5490807699159932,0.26107685272754566,0.5449510273763816,0.6228571428571429,0.39012919186908285,0.3895936093071356,0.08857142857142856,0.6228571428571429,0.39012919186908285,0.3895936093071356,0.08857142857142856,0.14,0.16,0.0,20.37142857142857,0.17714285714285713,0.0,2.1221038874178553e-09,0.11836634914903713,11.794285714285714,0.0,0.0,0.15,0.08,0,0.20605397819519308,0.343845033390119,8.38028019734097,1.3473356474068974,0.0,0.9821428571428571,0.0,0.1,0.0,0.9999999191669505,0.1,0.08,0.14,0.5,0.25
176,0.9306586410854191,0.5485381442267996,0.9306586410854191,0.5485381442267996,0.26107685272754566,0.5453303823355768,0.5857142857142857,0.39012919186908285,0.3895936093071356,0.08857142857142856,0.5857142857142857,0.39012919186908285,0.3895936093071356,0.08857142857142856,0.15142857142857144,0.17714285714285713,0.0,20.51142857142857,0.17714285714285713,0.0,1.9098934958516303e-09,0.11836634914903713,11.794285714285714,0.0,0.0,0.15,0.08,0,0.20599342401850282,0.34212580822316835,8.389817450537006,1.3203889344587594,0.0,1.0,0.0,0.1,0.0,0.9999999272502554,0.1,0.08,0.15142857142857144,0.5,0.25
177,0.9297785866808072,0.5489960986211262,0.9297785866808072,0.5489960986211262,0.26107685272754566,0.5456136757342035,0.5514285714285714,0.39012919186908285,0.3895936093071356,0.08857142857142856,0.5514285714285714,0.39012919186908285,0.3895936093071356,0.08857142857142856,0.1657142857142857,0.18857142857142858,0.0,20.654285714285713,0.17714285714285713,0.0,1.7189041418130783e-09,0.11836634914903713,11.794285714285714,0.0,0.0,0.15,0.08,0,0.20579145689841027,0.34041517918205255,8.410592530097695,1.2939811557695842,0.0,1.0,0.0,0.1,0.0,0.99999993452523,0.1,0.08,0.1657142857142857,0.5,0.25
178,0.9310298901938565,0.5488548273669546,0.9310298901938565,0.5488548273669546,0.26107685272754566,0.5460324574212625,0.5942857142857143,0.3901863347262257,0.3896364664499928,0.08857142857142856,0.5942857142857143,0.3901863347262257,0.3896364664499928,0.08857142857142856,0.17142857142857143,0.20285714285714285,0.0,20.771428571428572,0.17714285714285713,0.0,1.5470137252049635e-09,0.11836634914903713,11.794285714285714,0.0,0.0,0.15,0.08,0,0.20604778532820398,0.3387131032861423,8.445237822352883,1.2681015326541925,0.0,0.9859154929577465,0.0,0.1,0.0,0.999999941072707,0.1,0.08,0.17142857142857143,0.5,0.25
179,0.9296074964708397,0.5489779988828757,0.9296074964708397,0.5489779988828757,0.26107685272754566,0.5464360243027458,0.6085714285714285,0.3901863347262257,0.3896364664499928,0.08857142857142856,0.6085714285714285,0.3901863347262257,0.3896364664499928,0.08857142857142856,0.14857142857142858,0.1657142857142857,0.0,20.911428571428573,0.17714285714285713,0.0,1.3923123507187534e-09,0.11836634914903713,11.794285714285714,0.0,0.0,0.15,0.08,0,0.20567454640156296,0.3370195377697116,8.442047351620113,1.2427395020011087,0.0,1.0,0.0,0.1,0.0,0.9999999469654363,0.1,0.08,0.14857142857142858,0.5,0.25
180,0.9292829791451402,0.5489929089648818,0.9292829791451402,0.5489929089648818,0.26107685272754566,0.5468689460861919,0.6314285714285715,0.3901863347262257,0.3896364664499928,0.08857142857142856,0.6314285714285715,0.3901863347262257,0.3896364664499928,0.08857142857142856,0.16857142857142857,0.2,0.0,21.074285714285715,0.17714285714285713,0.0,1.2530811149290478e-09,0.11836634914903713,11.794285714285714,0.0,0.0,0.15,0.08,0,0.20553117366955512,0.335334440080863,8.473206404587708,1.2178847119610865,0.0,1.0,0.0,0.1,0.0,0.9999999522688926,0.1,0.08,0.16857142857142857,0.5,0.25
181,0.9313227469266949,0.5496182766021019,0.9313227469266949,0.5496182766021019,0.26107685272754566,0.5471685648999292,0.5742857142857143,0.3905291918690828,0.38989360930713557,0.08857142857142856,0.5742857142857143,0.3905291918690828,0.38989360930713557,0.08857142857142856,0.16285714285714287,0.19714285714285715,0.0,21.231428571428573,0.18285714285714286,0.0,1.1277730036037683e-09,0.11836634914903713,11.794285714285714,0.0,0.0,0.15,0.08,0,0.20653194637263592,0.35332105269191316,8.500885133638812,1.2459725302453128,0.0,0.9565217391304348,0.0,0.1,0.0,0.9999999570420033,0.1,0.08,0.16285714285714287,0.5,0.25
182,0.9293529177119332,0.5487964749962378,0.9293529177119332,0.5487964749962378,0.26107685272754566,0.5475547698120249,0.5285714285714286,0.3905863347262257,0.38993646644999275,0.08857142857142856,0.5285714285714286,0.3905863347262257,0.38993646644999275,0.08857142857142856,0.13428571428571429,0.18571428571428572,0.0,21.35142857142857,0.17714285714285713,0.0,1.014995701032867e-09,0.11836634914903713,11.794285714285714,0.0,0.0,0.15,0.08,0,0.20675528949434416,0.3515544474284536,8.51658171668032,1.2210530796404067,0.0,0.9846153846153847,0.0,0.1,0.0,0.999999961337803,0.1,0.08,0.13428571428571429,0.5,0.25
183,0.9301511519324728,0.5492733061407331,0.9301511519324728,0.5492733061407331,0.26107685272754566,0.5477468418885528,0.5942857142857143,0.3905863347262257,0.38993646644999275,0.08857142857142856,0.5942857142857143,0.3905863347262257,0.38993646644999275,0.08857142857142856,0.14,0.16857142857142857,0.0,21.49142857142857,0.18571428571428572,0.0,9.134961306663367e-10,0.11836634914903713,11.794285714285714,0.0,0.0,0.15,0.08,0,0.20643551304687244,0.3497966751913113,8.514821510918145,1.1966320180475984,0.0,1.0,0.0,0.1,0.0,0.9999999652040227,0.1,0.08,0.14,0.5,0.25
184,0.9304385892142373,0.5488864487174964,0.9304385892142373,0.5488864487174964,0.26107685272754566,0.5480599549411309,0.6171428571428571,0.3905863347262257,0.38993646644999275,0.08857142857142856,0.6171428571428571,0.3905863347262257,0.38993646644999275,0.08857142857142856,0.1457142857142857,0.16285714285714287,0.0,21.611428571428572,0.18571428571428572,0.0,8.221465172057673e-10,0.11836634914903713,11.794285714285714,0.0,0.0,0.15,0.08,0,0.20623090833878094,0.3480476918153548,8.507382223556924,1.1726993776866463,0.0,1.0,0.0,0.1,0.0,0.9999999686836204,0.1,0.08,0.1457142857142857,0.5,0.25
185,0.9324038552708575,0.5489421739505573,0.9324038552708575,0.5489421739505573,0.26107685272754566,0.5483737508600568,0.6085714285714285,0.3905863347262257,0.38993646644999275,0.08857142857142856,0.6085714285714285,0.3905863347262257,0.38993646644999275,0.08857142857142856,0.12857142857142856,0.15142857142857144,0.0,21.768571428571427,0.18857142857142858,0.0,7.39931865221481e-10,0.11836634914903713,11.794285714285714,0.0,0.0,0.15,0.08,0,0.20591346879708705,0.346307453356278,8.488663150514357,1.1492453901329134,0.0,1.0,0.0,0.1,0.0,0.9999999718152583,0.1,0.08,0.12857142857142856,0.5,0.25
186,0.9313563513235829,0.5488939667230127,0.9313563513235829,0.5488939667230127,0.26107685272754566,0.5486379066442487,0.5971428571428572,0.3905863347262257,0.38993646644999275,0.08857142857142856,0.5971428571428572,0.3905863347262257,0.38993646644999275,0.08857142857142856,0.16857142857142857,0.18857142857142858,0.0,21.934285714285714,0.18857142857142858,0.0,6.659386794155045e-10,0.11836634914903713,11.794285714285714,0.0,0.0,0.15,0.08,0,0.20582490502095876,0.3445759160894966,8.5074613160755,1.126260482330255,0.0,1.0,0.0,0.1,0.0,0.9999999746337325,0.1,0.08,0.16857142857142857,0.5,0.25
187,0.9315114246174533,0.5489305758708866,0.9315114246174533,0.5489305758708866,0.26107685272754566,0.5489321433375574,0.5971428571428572,0.3906434775833686,0.3899793235928499,0.08857142857142856,0.5971428571428572,0.3906434775833686,0.3899793235928499,0.08857142857142856,0.14,0.17142857142857143,0.0,22.08,0.18857142857142858,0.0,5.993448099438393e-10,0.11836634914903713,11.794285714285714,0.0,0.0,0.15,0.08,0,0.20602378049585396,0.36467665932762255,8.508740661182559,1.10373527268365,0.0,0.9833333333333333,0.0,0.1,0.0,0.9999999771703593,0.1,0.08,0.14,0.5,0.25
188,0.9305683901932595,0.5496902638624405,0.9305683901932595,0.5496902638624405,0.26107685272754566,0.5491472052816277,0.5771428571428572,0.39070062044051146,0.39002218073570705,0.08857142857142856,0.5771428571428572,0.39070062044051146,0.39002218073570705,0.08857142857142856,0.16285714285714287,0.19428571428571428,0.0,22.257142857142856,0.18857142857142858,0.0,5.394103295288103e-10,0.11836634914903713,11.794285714285714,0.0,0.0,0.15,0.08,0,0.20622180445051755,0.36285327603098444,8.532851562244621,1.0816605672299768,0.0,0.9852941176470589,0.0,0.1,0.0,0.9999999794533233,0.1,0.08,0.16285714285714287,0.5,0.25
189,0.9310775108235004,0.5502061452929281,0.9310775108235004,0.5502061452929281,0.26107685272754566,0.5495097898467065,0.5885714285714285,0.3908149061547972,0.3901078950214213,0.08857142857142856,0.5885714285714285,0.3908149061547972,0.3901078950214213,0.08857142857142856,0.1742857142857143,0.20857142857142857,0.0,22.411428571428573,0.18857142857142858,0.0,4.854692966284104e-10,0.11836634914903713,11.794285714285714,0.0,0.0,0.15,0.08,0,0.20650426757112209,0.3610390096508295,8.570765959571158,1.0600273558853774,0.0,0.9863013698630136,0.0,0.1,0.0,0.999999981507991,0.1,0.08,0.1742857142857143,0.5,0.25
190,0.9305077424413412,0.5509781491315685,0.9305077424413412,0.5509781491315685,0.26107685272754566,0.550001293520481,0.6514285714285715,0.3908149061547972,0.3901078950214213,0.08857142857142856,0.6514285714285715,0.3908149061547972,0.3901078950214213,0.08857142857142856,0.14,0.16857142857142857,0.0,22.557142857142857,0.18857142857142858,0.0,4.3692236677199165e-10,0.11836634914903713,11.794285714285714,0.0,0.0,0.15,0.08,0,0.2061003176618379,0.35923381460257536,8.567922068951162,1.0388268087676698,0.0,1.0,0.0,0.1,0.0,0.9999999833571919,0.1,0.08,0.14,0.5,0.25
191,0.9313320065437551,0.5516099545239026,0.9313320065437551,0.5516099545239026,0.26107685272754566,0.5503264818169041,0.6085714285714285,0.39087204901194006,0.3901507521642785,0.08857142857142856,0.6085714285714285,0.39087204901194006,0.3901507521642785,0.08857142857142856,0.13428571428571429,0.1657142857142857,0.0,22.702857142857145,0.18857142857142858,0.0,3.932301296465285e-10,0.11836634914903713,11.794285714285714,0.0,0.0,0.15,0.08,0,0.20635438821638588,0.3574376455295625,8.562277913286426,1.0245642976097253,0.0,0.9827586206896551,0.0,0.1,0.0,0.9999999850214727,0.1,0.08,0.13428571428571429,0.5,0.25
192,0.9312223792094233,0.5519515326693483,0.9312223792094233,0.5519515326693483,0.26107685272754566,0.5506020725940819,0.6114285714285714,0.3909291918690829,0.3901936093071356,0.09142857142857143,0.6114285714285714,0.3909291918690829,0.3901936093071356,0.09142857142857143,0.15142857142857144,0.18571428571428572,0.0,22.845714285714287,0.18571428571428572,0.0,3.539071165548692e-10,0.11836634914903713,11.794285714285714,0.0,0.0,0.15,0.08,0,0.2065791877038754,0.3693461639971377,8.576746640734981,1.2291695244912053,0.0,0.9846153846153847,0.0,0.1,0.0,0.9999999865193254,0.1,0.08,0.15142857142857144,0.5,0.25
193,0.9306386462836366,0.5516998918526613,0.9306386462836366,0.5516998918526613,0.26107685272754566,0.5507670566146972,0.56,0.39098633472622574,0.39023646644999277,0.09142857142857143,0.56,0.39098633472622574,0.39023646644999277,0.09142857142857143,0.15714285714285714,0.19142857142857142,0.0,22.985714285714284,0.18571428571428572,0.0,3.185164053794392e-10,0.11836634914903713,11.794285714285714,0.0,0.0,0.15,0.08,0,0.20683129247964172,0.367499433177152,8.596640279348854,1.204586134001381,0.0,0.9850746268656716,0.0,0.1,0.0,0.9999999878673929,0.1,0.08,0.15714285714285714,0.5,0.25
194,0.9312163449870676,0.5514329221202213,0.9312163449870676,0.5514329221202213,0.26107685272754566,0.5508987878101745,0.5657142857142857,0.39115776329765434,0.3903650378785642,0.09142857142857143,0.5657142857142857,0.39115776329765434,0.3903650378785642,0.09142857142857143,0.16857142857142857,0.19714285714285715,0.0,23.145714285714284,0.18285714285714286,0.0,2.866647647581664e-10,0.11836634914903713,11.794285714285714,0.0,0.0,0.15,0.08,0,0.2074539931601006,0.36566193601126623,8.621850330904735,1.2615198654756428,0.0,0.9710144927536232,0.0,0.1,0.0,0.9999999890806536,0.1,0.08,0.16857142857142857,0.5,0.25
195,0.9330527840670412,0.5509136168555694,0.9330527840670412,0.5509136168555694,0.26107685272754566,0.5511284162732684,0.6057142857142858,0.39121490615479715,0.39040789502142126,0.09142857142857143,0.6057142857142858,0.39121490615479715,0.39040789502142126,0.09142857142857143,0.16857142857142857,0.18857142857142858,0.0,23.291428571428572,0.19428571428571428,0.0,2.5799828792338734e-10,0.11836634914903713,11.794285714285714,0.0,0.0,0.15,0.08,0,0.20755943748001446,0.3638336263312099,8.637984752858067,1.2362894681661298,0.0,0.9848484848484849,0.0,0.1,0.0,0.9999999901725882,0.1,0.08,0.16857142857142857,0.5,0.25
196,0.9332664406248781,0.5504315063699926,0.9332664406248781,0.5504315063699926,0.26107685272754566,0.551248035820088,0.5914285714285714,0.3913863347262257,0.39053646644999274,0.09142857142857143,0.5914285714285714,0.3913863347262257,0.39053646644999274,0.09142857142857143,0.1742857142857143,0.21142857142857144,0.0,23.44857142857143,0.19142857142857142,0.0,2.3219845791051249e-10,0.11836634914903713,11.794285714285714,0.0,0.0,0.15,0.08,0,0.20869221243547145,0.36201445819955386,8.676653629229477,1.2115636788028072,0.0,0.9594594594594594,0.0,0.1,0.0,0.9999999911553294,0.1,0.08,0.1742857142857143,0.5,0.25
197,0.9341701895294412,0.5498559477944538,0.9341701895294412,0.5498559477944538,0.26107685272754566,0.5513460315651435,0.5457142857142857,0.3915577632976543,0.3906650378785642,0.09142857142857143,0.5457142857142857,0.3915577632976543,0.3906650378785642,0.09142857142857143,0.15714285714285714,0.19142857142857142,0.0,23.602857142857143,0.19142857142857142,0.0,2.0897861207517685e-10,0.11836634914903713,11.794285714285714,0.0,0.0,0.15,0.08,0,0.20924846565900843,0.36109528071288705,8.69454912807346,1.187332405226751,0.0,0.9701492537313433,0.0,0.1,0.0,0.9999999920397965,0.1,0.08,0.15714285714285714,0.5,0.25
198,0.9354492758364072,0.5498052788797736,0.9354492758364072,0.5498052788797736,0.26107685272754566,0.5513136171144646,0.58,0.39167204901193997,0.39075075216427846,0.09142857142857143,0.58,0.39167204901193997,0.39075075216427846,0.09142857142857143,0.15142857142857144,0.1742857142857143,0.0,23.777142857142856,0.2,0.0,1.8808075054032285e-10,0.11836634914903713,11.794285714285714,0.0,0.0,0.15,0.08,0,0.20928765190214196,0.3592898043093226,8.694943859797704,1.2016110820159538,0.0,0.9836065573770492,0.0,0.1,0.0,0.9999999928358169,0.1,0.08,0.15142857142857144,0.5,0.25
199,0.9346095563057061,0.5507326017339661,0.9346095563057061,0.5507326017339661,0.26107685272754566,0.5511836763415413,0.5971428571428572,0.39172919186908284,0.39079360930713564,0.09142857142857143,0.5971428571428572,0.39172919186908284,0.39079360930713564,0.09142857142857143,0.14285714285714285,0.18,0.0,23.897142857142857,0.19142857142857142,0.0,1.6927267399990558e-10,0.11836634914903713,11.794285714285714,0.0,0.0,0.15,0.08,0,0.20963964364263124,0.3927569839366664,8.701044982601749,1.2065417297583096,0.0,0.9841269841269841,0.0,0.1,0.0,0.9999999935522352,0.1,0.08,0.14285714285714285,0.5,0.25
200,0.9357563801289481,0.5504925540824748,0.9357563801289481,0.5504925540824748,0.26107685272754566,0.551251363559121,0.5885714285714285,0.39178633472622576,0.3908364664499928,0.09142857142857143,0.5885714285714285,0.39178633472622576,0.3908364664499928,0.09142857142857143,0.17142857142857143,0.19714285714285715,0.0,24.082857142857144,0.19714285714285715,0.0,1.5234540715931247e-10,0.11836634914903713,11.794285714285714,0.0,0.0,0.15,0.08,0,0.2098767311387038,0.39079319901698306,8.724166940092571,1.1824108951631436,0.0,0.9855072463768116,0.0,0.1,0.0,0.9999999941970117,0.1,0.08,0.17142857142857143,0.5,0.25
201,0.9363100833453677,0.5511372759053823,0.9363100833453677,0.5511372759053823,0.26107685272754566,0.5515133954254968,0.6,0.39190062044051144,0.390922180735707,0.09142857142857143,0.6,0.39190062044051144,0.390922180735707,0.09142857142857143,0.1657142857142857,0.18285714285714286,0.0,24.24,0.19428571428571428,0.0,1.3711086700725026e-10,0.11836634914903713,11.794285714285714,0.0,0.0,0.15,0.08,0,0.210398633197296,0.3888392330218981,8.732540744147862,1.191038930637396,0.0,0.96875,0.0,0.1,0.0,0.9999999947773105,0.1,0.08,0.1657142857142857,0.5,0.25
202,0.9362711001220748,0.5508877245912741,0.9362711001220748,0.5508877245912741,0.26107685272754566,0.5517211247101863,0.5942857142857143,0.39207204901194004,0.3910507521642785,0.09142857142857143,0.5942857142857143,0.39207204901194004,0.3910507521642785,0.09142857142857143,0.15142857142857144,0.18571428571428572,0.0,24.382857142857144,0.19142857142857142,0.0,1.2339977883375424e-10,0.11836634914903713,11.794285714285714,0.0,0.0,0.15,0.08,0,0.21100321145988093,0.405472043129694,8.743604214979191,1.4147776493816955,0.0,0.9692307692307692,0.0,0.1,0.0,0.9999999952995795,0.1,0.08,0.15142857142857144,0.5,0.25
203,0.9369464230309619,0.5507305917455012,0.9369464230309619,0.5507305917455012,0.26107685272754566,0.5518766749087319,0.5914285714285714,0.3921291918690829,0.3910936093071356,0.09142857142857143,0.5914285714285714,0.3921291918690829,0.3910936093071356,0.09142857142857143,0.15142857142857144,0.1742857142857143,0.0,24.505714285714287,0.19142857142857142,0.0,1.1105980210373557e-10,0.11836634914903713,11.794285714285714,0.0,0.0,0.15,0.08,0,0.21117619540258156,0.4034446829140455,8.743017844965323,1.3864820963940614,0.0,0.9836065573770492,0.0,0.1,0.0,0.9999999957696215,0.1,0.08,0.15142857142857144,0.5,0.25
204,0.9377026939907455,0.5510917924622653,0.9377026939907455,0.5510917924622653,0.26107685272754566,0.5520496155670483,0.5857142857142857,0.3921291918690829,0.3910936093071356,0.09142857142857143,0.5857142857142857,0.3921291918690829,0.3910936093071356,0.09142857142857143,0.13142857142857142,0.15714285714285714,0.0,24.65142857142857,0.19428571428571428,0.0,9.995382246616315e-11,0.11836634914903713,11.794285714285714,0.0,0.0,0.15,0.08,0,0.2108057429969972,0.4014274594994753,8.725300345208872,1.3587524544661802,0.0,1.0,0.0,0.1,0.0,0.9999999961926593,0.1,0.08,0.13142857142857142,0.5,0.25
205,0.9365824796150855,0.5520342975393482,0.9365824796150855,0.5520342975393482,0.26107685272754566,0.5523913062035414,0.5685714285714286,0.3922434775833686,0.3911793235928499,0.09142857142857143,0.5685714285714286,0.3922434775833686,0.3911793235928499,0.09142857142857143,0.16285714285714287,0.18571428571428572,0.0,24.805714285714284,0.19428571428571428,0.0,8.99584390454769e-11,0.11836634914903713,11.794285714285714,0.0,0.0,0.15,0.08,0,0.21109314428201223,0.39942032220197793,8.736508624018981,1.3315774053768565,0.0,0.9846153846153847,0.0,0.1,0.0,0.9999999965733934,0.1,0.08,0.16285714285714287,0.5,0.25
206,0.9353711786149775,0.5524734393637943,0.9353711786149775,0.5524734393637943,0.26107685272754566,0.5527353450277603,0.5971428571428572,0.3925863347262257,0.39143646644999275,0.09428571428571429,0.5971428571428572,0.3925863347262257,0.39143646644999275,0.09428571428571429,0.15428571428571428,0.17714285714285713,0.0,24.98,0.19428571428571428,0.0,8.096259455135034e-11,0.11836634914903713,11.794285714285714,0.0,0.0,0.15,0.08,0,0.21249424998917357,0.4295689331061898,8.738921308681459,1.478267236149632,0.0,0.9354838709677419,0.0,0.1,0.0,0.9999999969160541,0.1,0.08,0.15428571428571428,0.5,0.25
207,0.9353510866198602,0.552251942595403,0.9353510866198602,0.552251942595403,0.26107685272754566,0.5532772207655536,0.6,0.3925863347262257,0.39143646644999275,0.09428571428571429,0.6,0.3925863347262257,0.39143646644999275,0.09428571428571429,0.14,0.1742857142857143,0.0,25.105714285714285,0.19428571428571428,0.0,7.286633654816135e-11,0.11836634914903713,11.794285714285714,0.0,0.0,0.15,0.08,0,0.21225963588208482,0.4274210884406589,8.738428596793543,1.4487018914266394,0.0,1.0,0.0,0.1,0.0,0.9999999972244487,0.1,0.08,0.14,0.5,0.25
208,0.9344079881317183,0.5529268235018979,0.9344079881317183,0.5529268235018979,0.26107685272754566,0.5537197984075447,0.5771428571428572,0.3925863347262257,0.39143646644999275,0.09428571428571429,0.5771428571428572,0.3925863347262257,0.39143646644999275,0.09428571428571429,0.1657142857142857,0.18571428571428572,0.0,25.251428571428573,0.19428571428571428,0.0,6.557970405484822e-11,0.11836634914903713,11.794285714285714,0.0,0.0,0.15,0.08,0,0.21199762413124587,0.4252839829984556,8.749374310571957,1.4197278535981066,0.0,1.0,0.0,0.1,0.0,0.9999999975020037,0.1,0.08,0.1657142857142857,0.5,0.25
209,0.9335761407246895,0.5529710351745138,0.9335761407246895,0.5529710351745138,0.26107685272754566,0.554037295976123,0.5485714285714286,0.39264347758336854,0.39147932359284987,0.09428571428571429,0.5485714285714286,0.39264347758336854,0.39147932359284987,0.09428571428571429,0.16285714285714287,0.19142857142857142,0.0,25.414285714285715,0.19428571428571428,0.0,5.902173364583099e-11,0.11836634914903713,11.794285714285714,0.0,0.0,0.15,0.08,0,0.21219392243916105,0.4231575630834633,8.765815395789089,1.3913332965261442,0.0,0.9850746268656716,0.0,0.1,0.0,0.9999999977518034,0.1,0.08,0.16285714285714287,0.5,0.25
210,0.9345310952777404,0.5528597602894741,0.9345310952777404,0.5528597602894741,0.26107685272754566,0.5545064973797446,0.6142857142857143,0.39264347758336854,0.39147932359284987,0.09428571428571429,0.6142857142857143,0.39264347758336854,0.39147932359284987,0.09428571428571429,0.14,0.15428571428571428,0.0,25.548571428571428,0.19428571428571428,0.0,5.3119561735716646e-11,0.11836634914903713,11.794285714285714,0.0,0.0,0.15,0.08,0,0.21184680996982239,0.421041775268046,8.744784802159023,1.3635066305956214,0.0,1.0,0.0,0.1,0.0,0.999999997976623,0.1,0.08,0.14,0.5,0.25
211,0.9345561124790281,0.5518932250165604,0.9345561124790281,0.5518932250165604,0.26107685272754566,0.5550073324298463,0.6142857142857143,0.39264347758336854,0.39147932359284987,0.09428571428571429,0.6142857142857143,0.39264347758336854,0.39147932359284987,0.09428571428571429,0.14857142857142858,0.17142857142857143,0.0,25.722857142857144,0.19714285714285715,0.0,4.780760555982737e-11,0.11836634914903713,11.794285714285714,0.0,0.0,0.15,0.08,0,0.21167214806283044,0.4189365663917058,8.741317677544412,1.336236497983709,0.0,1.0,0.0,0.1,0.0,0.9999999981789607,0.1,0.08,0.14857142857142858,0.5,0.25
212,0.9355708348266286,0.5529242788125884,0.9355708348266286,0.5529242788125884,0.26107685272754566,0.555450173940214,0.5742857142857143,0.39270062044051146,0.39152218073570705,0.09428571428571429,0.5742857142857143,0.39270062044051146,0.39152218073570705,0.09428571428571429,0.1457142857142857,0.1657142857142857,0.0,25.857142857142858,0.20285714285714285,0.0,4.302684616783137e-11,0.11836634914903713,11.794285714285714,0.0,0.0,0.15,0.08,0,0.2117846444653734,0.4168418835597472,8.73220560970781,1.4920079438592466,0.0,0.9827586206896551,0.0,0.1,0.0,0.9999999983610646,0.1,0.08,0.1457142857142857,0.5,0.25
213,0.9349001954800448,0.5526020795229484,0.9349001954800448,0.5526020795229484,0.26107685272754566,0.5559427777765191,0.5885714285714285,0.39287204901194,0.3916507521642784,0.09428571428571429,0.5885714285714285,0.39287204901194,0.3916507521642784,0.09428571428571429,0.15428571428571428,0.18,0.0,25.982857142857142,0.20857142857142857,0.0,3.8724160966595643e-11,0.11836634914903713,11.794285714285714,0.0,0.0,0.15,0.08,0,0.2124105783859037,0.4306724766287547,8.737561497513653,1.4621677849820616,0.0,0.9682539682539683,0.0,0.1,0.0,0.9999999985249581,0.1,0.08,0.15428571428571428,0.5,0.25
214,0.9341025262631499,0.5536086442211714,0.9341025262631499,0.5536086442211714,0.26107685272754566,0.5563834684369808,0.5657142857142857,0.3930434775833686,0.3917793235928499,0.09428571428571429,0.5657142857142857,0.3930434775833686,0.3917793235928499,0.09428571428571429,0.15714285714285714,0.18571428571428572,0.0,26.162857142857142,0.21142857142857144,0.0,3.4851743702840405e-11,0.11836634914903713,11.794285714285714,0.0,0.0,0.15,0.08,0,0.21343366835111705,0.4285191142456109,8.748524553277665,1.4556866778087771,0.0,0.9538461538461539,0.0,0.1,0.0,0.9999999986724624,0.1,0.08,0.15714285714285714,0.5,0.25
215,0.9332599450647587,0.5540870283469821,0.9332599450647587,0.5540870283469821,0.26107685272754566,0.5568976180661899,0.5828571428571429,0.3930434775833686,0.3917793235928499,0.09428571428571429,0.5828571428571429,0.3930434775833686,0.3917793235928499,0.09428571428571429,0.13142857142857142,0.15428571428571428,0.0,26.31714285714286,0.21142857142857144,0.0,3.136656816569471e-11,0.11836634914903713,11.794285714285714,0.0,0.0,0.15,0.08,0,0.21316564358079,0.4263765186743828,8.727839776497827,1.4265729442526016,0.0,1.0,0.0,0.1,0.0,0.9999999988052162,0.1,0.08,0.13142857142857142,0.5,0.25
216,0.9324492649367598,0.554069773814857,0.9324492649367598,0.554069773814857,0.26107685272754566,0.5573959290102957,0.5457142857142857,0.3930434775833686,0.3917793235928499,0.09428571428571429,0.5457142857142857,0.3930434775833686,0.3917793235928499,0.09428571428571429,0.15714285714285714,0.18571428571428572,0.0,26.462857142857143,0.2057142857142857,0.0,2.8229910182453143e-11,0.11836634914903713,11.794285714285714,0.0,0.0,0.15,0.08,0,0.21295638679145748,0.4242446360810109,8.738997266682155,1.3980414853675496,0.0,1.0,0.0,0.1,0.0,0.9999999989246946,0.1,0.08,0.15714285714285714,0.5,0.25
217,0.9324577710845428,0.5543507664158036,0.9324577710845428,0.5543507664158036,0.26107685272754566,0.55786453514562,0.5571428571428572,0.39321490615479715,0.3919078950214213,0.09428571428571429,0.5571428571428572,0.39321490615479715,0.3919078950214213,0.09428571428571429,0.1657142857142857,0.19428571428571428,0.0,26.645714285714284,0.20857142857142857,0.0,2.5406919163553264e-11,0.11836634914903713,11.794285714285714,0.0,0.0,0.15,0.08,0,0.21354817700035733,0.42212341290060584,8.758503035634227,1.3880193655613642,0.0,0.9705882352941176,0.0,0.1,0.0,0.9999999990322251,0.1,0.08,0.1657142857142857,0.5,0.25
218,0.9321058172128145,0.5545663743302497,0.9321058172128145,0.5545663743302497,0.26107685272754566,0.5583407723680213,0.5828571428571429,0.39321490615479715,0.3919078950214213,0.09428571428571429,0.5828571428571429,0.39321490615479715,0.3919078950214213,0.09428571428571429,0.15142857142857144,0.18571428571428572,0.0,26.797142857142855,0.2057142857142857,0.0,2.286622753813374e-11,0.11836634914903713,11.794285714285714,0.0,0.0,0.15,0.08,0,0.21328000754392698,0.4200127958361028,8.769047260635826,1.360258978250137,0.0,1.0,0.0,0.1,0.0,0.9999999991290026,0.1,0.08,0.15142857142857144,0.5,0.25
219,0.9326352539926585,0.5551282066177136,0.9326352539926585,0.5551282066177136,0.26107685272754566,0.5588820066033471,0.5828571428571429,0.3932720490119401,0.3919507521642785,0.09428571428571429,0.5828571428571429,0.3932720490119401,0.3919507521642785,0.09428571428571429,0.15142857142857144,0.18857142857142858,0.0,26.917142857142856,0.2057142857142857,0.0,2.0579603909492914e-11,0.11836634914903713,11.794285714285714,0.0,0.0,0.15,0.08,0,0.2134131789347788,0.41791273185692224,8.782237743994541,1.3330537986851343,0.0,0.9848484848484849,0.0,0.1,0.0,0.9999999992161024,0.1,0.08,0.15142857142857144,0.5,0.25
220,0.9332954031245305,0.5542921737100281,0.9332954031245305,0.5542921737100281,0.26107685272754566,0.5594111842053751,0.5657142857142857,0.3933863347262257,0.3920364664499927,0.09428571428571429,0.5657142857142857,0.3933863347262257,0.3920364664499927,0.09428571428571429,0.15714285714285714,0.19714285714285715,0.0,27.074285714285715,0.20857142857142857,0.0,1.8521644101127758e-11,0.11836634914903713,11.794285714285714,0.0,0.0,0.15,0.08,0,0.21403139875439062,0.41582316819763765,8.803735846257506,1.3063927227114314,0.0,0.9710144927536232,0.0,0.1,0.0,0.9999999992944921,0.1,0.08,0.15714285714285714,0.5,0.25
221,0.9333084771345024,0.5548158098282959,0.9333084771345024,0.5548158098282959,0.26107685272754566,0.5598656912023197,0.5628571428571428,0.3933863347262257,0.3920364664499927,0.09428571428571429,0.5628571428571428,0.3933863347262257,0.3920364664499927,0.09428571428571429,0.1742857142857143,0.18,0.0,27.231428571428573,0.20857142857142857,0.0,1.6669479690733214e-11,0.11836634914903713,11.794285714285714,0.0,0.0,0.15,0.08,0,0.21376067104633292,0.41374405235664946,8.807661129332354,1.2802648682572029,0.0,1.0,0.0,0.1,0.0,0.9999999993650429,0.1,0.08,0.1742857142857143,0.5,0.25
222,0.9330939314051819,0.55488455109632,0.9330939314051819,0.55488455109632,0.26107685272754566,0.5602968583047749,0.56,0.3933863347262257,0.3920364664499927,0.09428571428571429,0.56,0.3933863347262257,0.3920364664499927,0.09428571428571429,0.15428571428571428,0.18,0.0,27.345714285714287,0.2057142857142857,0.0,1.5002530264101667e-11,0.11836634914903713,11.794285714285714,0.0,0.0,0.15,0.08,0,0.2134914391196727,0.41167533209486623,8.811507906745708,1.2546595708920587,0.0,1.0,0.0,0.1,0.0,0.9999999994285387,0.1,0.08,0.15428571428571428,0.5,0.25
223,0.9332928054283545,0.5552762833303944,0.9332928054283545,0.5552762833303944,0.26107685272754566,0.5607093296452095,0.5342857142857143,0.39344347758336856,0.39207932359284986,0.09428571428571429,0.5342857142857143,0.39344347758336856,0.39207932359284986,0.09428571428571429,0.17714285714285713,0.19428571428571428,0.0,27.485714285714284,0.2,0.0,1.3502276071642639e-11,0.11836634914903713,11.794285714285714,0.0,0.0,0.15,0.08,0,0.21365212478121715,0.41038988820306105,8.829563462896509,1.241197202977937,0.0,0.9852941176470589,0.0,0.1,0.0,0.9999999994856849,0.1,0.08,0.17714285714285713,0.5,0.25
224,0.9313859388743848,0.5553178387673381,0.9313859388743848,0.5553178387673381,0.26107685272754566,0.5611384401796072,0.6171428571428571,0.39355776329765435,0.39216503787856416,0.09428571428571429,0.6171428571428571,0.39355776329765435,0.39216503787856416,0.09428571428571429,0.14857142857142858,0.17714285714285713,0.0,27.617142857142856,0.19714285714285715,0.0,1.2152048172862632e-11,0.11836634914903713,11.794285714285714,0.0,0.0,0.15,0.08,0,0.21418343558588251,0.4136940221052114,8.830115050781435,1.2597448370705646,0.0,0.967741935483871,0.0,0.1,0.0,0.9999999995371164,0.1,0.08,0.14857142857142858,0.5,0.25
225,0.9316028933945826,0.5548254346315343,0.9316028933945826,0.5548254346315343,0.26107685272754566,0.5614147246786263,0.5714285714285714,0.39355776329765435,0.39216503787856416,0.09428571428571429,0.5714285714285714,0.39355776329765435,0.39216503787856416,0.09428571428571429,0.15142857142857144,0.17714285714285713,0.0,27.771428571428572,0.19714285714285715,0.0,1.0936841898125081e-11,0.11836634914903713,11.794285714285714,0.0,0.0,0.15,0.08,0,0.21391194697938168,0.4116255519946853,8.830655606908664,1.2345499403291533,0.0,1.0,0.0,0.1,0.0,0.9999999995834048,0.1,0.08,0.15142857142857144,0.5,0.25
226,0.9306436085352928,0.554459267228504,0.9306436085352928,0.554459267228504,0.26107685272754566,0.5615095378045093,0.6228571428571429,0.3936149061547972,0.3922078950214213,0.09428571428571429,0.6228571428571429,0.3936149061547972,0.3922078950214213,0.09428571428571429,0.15142857142857144,0.18285714285714286,0.0,27.9,0.19428571428571428,0.0,9.84315654235033e-12,0.11836634914903713,11.794285714285714,0.0,0.0,0.15,0.08,0,0.21409867367305618,0.40956742423471193,8.836899637627633,1.2426431754976905,0.0,0.984375,0.0,0.1,0.0,0.9999999996250644,0.1,0.08,0.15142857142857144,0.5,0.25
227,0.9302469923813096,0.5548144270599358,0.9302469923813096,0.5548144270599358,0.26107685272754566,0.561507551108128,0.5942857142857143,0.39367204901194003,0.39225075216427846,0.09428571428571429,0.5942857142857143,0.39367204901194003,0.39225075216427846,0.09428571428571429,0.1657142857142857,0.18571428571428572,0.0,28.037142857142857,0.19428571428571428,0.0,8.858840888035718e-12,0.11836634914903713,11.794285714285714,0.0,0.0,0.15,0.08,0,0.2142277517332624,0.4292457138118334,8.845875930589365,1.280890013829474,0.0,0.9846153846153847,0.0,0.1,0.0,0.9999999996625579,0.1,0.08,0.1657142857142857,0.5,0.25
228,0.9290976782243537,0.5554662233250981,0.9290976782243537,0.5554662233250981,0.26107685272754566,0.5615821594234093,0.56,0.3939006204405114,0.39242218073570706,0.09428571428571429,0.56,0.3939006204405114,0.39242218073570706,0.09428571428571429,0.16,0.18,0.0,28.174285714285713,0.2,0.0,7.972956216235691e-12,0.11836634914903713,11.794285714285714,0.0,0.0,0.15,0.08,0,0.2151844708317389,0.42709948524277425,8.848958411977577,1.2552722135528847,0.0,0.9523809523809523,0.0,0.1,0.0,0.9999999996963022,0.1,0.08,0.16,0.5,0.25
229,0.9304393709674876,0.5545415407120938,0.9304393709674876,0.5545415407120938,0.26107685272754566,0.5618450856532193,0.5628571428571428,0.3939577632976543,0.39246503787856424,0.09714285714285714,0.5628571428571428,0.3939577632976543,0.39246503787856424,0.09714285714285714,0.13714285714285715,0.1742857142857143,0.0,28.32,0.2,0.0,7.1756597201619135e-12,0.11836634914903713,11.794285714285714,0.0,0.0,0.15,0.08,0,0.21527940562043735,0.42678813816731626,8.84626495802374,1.2471383745095221,0.0,0.9836065573770492,0.0,0.1,0.0,0.999999999726672,0.1,0.08,0.13714285714285715,0.5,0.25
230,0.9318594598957991,0.5549677171400591,0.9318594598957991,0.5549677171400591,0.26107685272754566,0.5621182348384781,0.5371428571428571,0.3939577632976543,0.39246503787856424,0.09714285714285714,0.5371428571428571,0.3939577632976543,0.39246503787856424,0.09714285714285714,0.16285714285714287,0.18285714285714286,0.0,28.47714285714286,0.20285714285714285,0.0,6.45809374810343e-12,0.11836634914903713,11.794285714285714,0.0,0.0,0.15,0.08,0,0.21514401216019233,0.42465419747647964,8.85219680172041,1.2221956070193316,0.0,1.0,0.0,0.1,0.0,0.9999999997540048,0.1,0.08,0.16285714285714287,0.5,0.25
231,0.9316857430837899,0.5554625488414532,0.9316857430837899,0.5554625488414532,0.26107685272754566,0.5624218845495618,0.5885714285714285,0.3940149061547972,0.3925078950214213,0.09714285714285714,0.5885714285714285,0.3940149061547972,0.3925078950214213,0.09714285714285714,0.14285714285714285,0.18,0.0,28.574285714285715,0.20285714285714285,0.0,5.812283790326833e-12,0.11836634914903713,11.794285714285714,0.0,0.0,0.15,0.08,0,0.21526786352796276,0.42253092648909724,8.855152865686001,1.24850233711941,0.0,0.9841269841269841,0.0,0.1,0.0,0.9999999997786043,0.1,0.08,0.14285714285714285,0.5,0.25
232,0.9307422887367723,0.5560364696051812,0.9307422887367723,0.5560364696051812,0.26107685272754566,0.5627197809762945,0.5342857142857143,0.39407204901194,0.3925507521642784,0.09714285714285714,0.5342857142857143,0.39407204901194,0.3925507521642784,0.09714285714285714,0.1457142857142857,0.18,0.0,28.702857142857145,0.20857142857142857,0.0,5.2310568685963946e-12,0.11836634914903713,11.794285714285714,0.0,0.0,0.15,0.08,0,0.2153908106388944,0.42041827185665176,8.85804980837228,1.2235322903770216,0.0,0.9841269841269841,0.0,0.1,0.0,0.9999999998007438,0.1,0.08,0.1457142857142857,0.5,0.25
233,0.9302336046455724,0.556233121579012,0.9302336046455724,0.556233121579012,0.26107685272754566,0.5630324127425368,0.5514285714285714,0.39407204901194,0.3925507521642784,0.09714285714285714,0.5514285714285714,0.39407204901194,0.3925507521642784,0.09714285714285714,0.13714285714285715,0.16857142857142857,0.0,28.82857142857143,0.2057142857142857,0.0,4.7079511817142806e-12,0.11836634914903713,11.794285714285714,0.0,0.0,0.15,0.08,0,0.2151415715856999,0.4183161804973685,8.849460240776263,1.199061644569481,0.0,1.0,0.0,0.1,0.0,0.9999999998206694,0.1,0.08,0.13714285714285715,0.5,0.25
234,0.9307882547775088,0.5568378390138014,0.9307882547775088,0.5568378390138014,0.26107685272754566,0.5632274445784563,0.5628571428571428,0.39412919186908285,0.3925936093071356,0.09714285714285714,0.5628571428571428,0.39412919186908285,0.3925936093071356,0.09714285714285714,0.14,0.17142857142857143,0.0,28.96,0.21142857142857144,0.0,4.237154897660652e-12,0.11836634914903713,11.794285714285714,0.0,0.0,0.15,0.08,0,0.2152654351563428,0.4162245995948817,8.843899607389309,1.1750804116780915,0.0,0.9833333333333333,0.0,0.1,0.0,0.9999999998386025,0.1,0.08,0.14,0.5,0.25
235,0.932026906829752,0.5569978759525986,0.932026906829752,0.5569978759525986,0.26107685272754566,0.563278861076137,0.5514285714285714,0.39412919186908285,0.3925936093071356,0.09714285714285714,0.5514285714285714,0.39412919186908285,0.3925936093071356,0.09714285714285714,0.14285714285714285,0.18571428571428572,0.0,29.071428571428573,0.2057142857142857,0.0,3.813439116413841e-12,0.11836634914903713,11.794285714285714,0.0,0.0,0.15,0.08,0,0.21504496797698971,0.41414347659690726,8.852735900955809,1.1515788034445296,0.0,1.0,0.0,0.1,0.0,0.9999999998547423,0.1,0.08,0.14285714285714285,0.5,0.25
236,0.9319236022388463,0.5572971076787546,0.9319236022388463,0.5572971076787546,0.26107685272754566,0.563375170595835,0.5571428571428572,0.3942434775833686,0.3926793235928499,0.09714285714285714,0.5571428571428572,0.3942434775833686,0.3926793235928499,0.09714285714285714,0.1657142857142857,0.18285714285714286,0.0,29.205714285714286,0.2057142857142857,0.0,3.4320937474305184e-12,0.11836634914903713,11.794285714285714,0.0,0.0,0.15,0.08,0,0.21519774313710474,0.4120727592139227,8.858538325793836,1.128547227375639,0.0,0.984375,0.0,0.1,0.0,0.9999999998692681,0.1,0.08,0.1657142857142857,0.5,0.25
237,0.9315649543702222,0.5572655669615159,0.9315649543702222,0.5572655669615159,0.26107685272754566,0.5634924430799519,0.5257142857142857,0.39441490615479713,0.3928078950214214,0.09714285714285714,0.5257142857142857,0.39441490615479713,0.3928078950214214,0.09714285714285714,0.15142857142857144,0.1742857142857143,0.0,29.345714285714287,0.20857142857142857,0.0,3.088883789745794e-12,0.11836634914903713,11.794285714285714,0.0,0.0,0.15,0.08,0,0.21572132584999065,0.4100123954178531,8.855653273563671,1.238845631538934,0.0,0.9672131147540983,0.0,0.1,0.0,0.9999999998823413,0.1,0.08,0.15142857142857144,0.5,0.25
238,0.9299741173560058,0.5574943048692752,0.9299741173560058,0.5574943048692752,0.26107685272754566,0.5636853363716384,0.5657142857142857,0.39458633472622573,0.3929364664499927,0.09714285714285714,0.5657142857142857,0.39458633472622573,0.3929364664499927,0.09714285714285714,0.16857142857142857,0.2,0.0,29.474285714285713,0.21428571428571427,0.0,2.7799968680933724e-12,0.11836634914903713,11.794285714285714,0.0,0.0,0.15,0.08,0,0.21638457707788356,0.43868395576869545,8.8785402080924,1.2177182094523775,0.0,0.9714285714285714,0.0,0.1,0.0,0.9999999998941071,0.1,0.08,0.16857142857142857,0.5,0.25
239,0.9315185510965959,0.5578806247508183,0.9315185510965959,0.5578806247508183,0.26107685272754566,0.5637717225537764,0.5314285714285715,0.39464347758336854,0.39297932359284987,0.09714285714285714,0.5314285714285715,0.39464347758336854,0.39297932359284987,0.09714285714285714,0.14,0.16285714285714287,0.0,29.611428571428572,0.20285714285714285,0.0,2.5019965983456898e-12,0.11836634914903713,11.794285714285714,0.0,0.0,0.15,0.08,0,0.2163880827639227,0.43649053598985194,8.863826546787692,1.2130654982359095,0.0,0.9824561403508771,0.0,0.1,0.0,0.9999999999046965,0.1,0.08,0.14,0.5,0.25
240,0.9304838410776247,0.5581477534302124,0.9304838410776247,0.5581477534302124,0.26107685272754566,0.5638240009548195,0.5371428571428571,0.3947006204405115,0.39302218073570705,0.09714285714285714,0.5371428571428571,0.3947006204405115,0.39302218073570705,0.09714285714285714,0.13428571428571429,0.15142857142857144,0.0,29.757142857142856,0.2,0.0,2.251796355573981e-12,0.11836634914903713,11.794285714285714,0.0,0.0,0.15,0.08,0,0.21639142806438882,0.4574909410913179,8.83797858728051,1.2200981838441654,0.0,0.9811320754716981,0.0,0.1,0.0,0.9999999999142268,0.1,0.08,0.13428571428571429,0.5,0.25
241,0.9307487437185776,0.5588223851865228,0.9307487437185776,0.5588223851865228,0.26107685272754566,0.5638737628385972,0.5685714285714286,0.3947006204405115,0.39302218073570705,0.09714285714285714,0.5685714285714286,0.3947006204405115,0.39302218073570705,0.09714285714285714,0.15142857142857144,0.18571428571428572,0.0,29.86285714285714,0.19714285714285715,0.0,2.0266155541484222e-12,0.11836634914903713,11.794285714285714,0.0,0.0,0.15,0.08,0,0.21627876092049544,0.4552034863858613,8.846933301249186,1.195696220167282,0.0,1.0,0.0,0.1,0.0,0.9999999999228042,0.1,0.08,0.15142857142857144,0.5,0.25
242,0.9305338588694692,0.5588537133717049,0.9305338588694692,0.5588537133717049,0.26107685272754566,0.5638740002456826,0.4942857142857143,0.3947006204405115,0.39302218073570705,0.09714285714285714,0.4942857142857143,0.3947006204405115,0.39302218073570705,0.09714285714285714,0.15428571428571428,0.18285714285714286,0.0,29.98,0.19714285714285715,0.0,1.823953415798209e-12,0.11836634914903713,11.794285714285714,0.0,0.0,0.15,0.08,0,0.21596779854089299,0.452927468953932,8.852851778081346,1.1717822957639363,0.0,1.0,0.0,0.1,0.0,0.9999999999305238,0.1,0.08,0.15428571428571428,0.5,0.25
243,0.9305853423656447,0.5581155983114394,0.9305853423656447,0.5581155983114394,0.26107685272754566,0.5636931028510345,0.5771428571428572,0.3947006204405115,0.39302218073570705,0.09714285714285714,0.5771428571428572,0.3947006204405115,0.39302218073570705,0.09714285714285714,0.16,0.19142857142857142,0.0,30.1,0.20285714285714285,0.0,1.6415569083516605e-12,0.11836634914903713,11.794285714285714,0.0,0.0,0.15,0.08,0,0.2158291059731885,0.4506628316091623,8.867223313948289,1.1483466498486576,0.0,1.0,0.0,0.1,0.0,0.9999999999374715,0.1,0.08,0.16,0.5,0.25
244,0.929937886669501,0.5578718849517975,0.929937886669501,0.5578718849517975,0.26107685272754566,0.5634753100189599,0.5485714285714286,0.3947006204405115,0.39302218073570705,0.09714285714285714,0.5485714285714286,0.3947006204405115,0.39302218073570705,0.09714285714285714,0.18857142857142858,0.21428571428571427,0.0,30.217142857142857,0.20285714285714285,0.0,1.4774003431162839e-12,0.11836634914903713,11.794285714285714,0.0,0.0,0.15,0.08,0,0.21560667472903683,0.4484095174511165,8.904164561955037,1.1253797168516846,0.0,1.0,0.0,0.1,0.0,0.9999999999437243,0.1,0.08,0.18857142857142858,0.5,0.25
245,0.9284918813520621,0.5575487453157023,0.9284918813520621,0.5575487453157023,0.26107685272754566,0.563176733580565,0.5657142857142857,0.3947006204405115,0.39302218073570705,0.09714285714285714,0.5657142857142857,0.3947006204405115,0.39302218073570705,0.09714285714285714,0.15428571428571428,0.18,0.0,30.36285714285714,0.2057142857142857,0.0,1.3296591429388673e-12,0.11836634914903713,11.794285714285714,0.0,0.0,0.15,0.08,0,0.2152427842125345,0.44616746986386085,8.906081270715937,1.1028721225146507,0.0,1.0,0.0,0.1,0.0,0.999999999949352,0.1,0.08,0.15428571428571428,0.5,0.25
246,0.9285880585598004,0.5579256945831872,0.9285880585598004,0.5579256945831872,0.26107685272754566,0.5628468199626074,0.5371428571428571,0.39487204901194006,0.39315075216427847,0.09714285714285714,0.5371428571428571,0.39487204901194006,0.39315075216427847,0.09714285714285714,0.1457142857142857,0.1657142857142857,0.0,30.485714285714284,0.20857142857142857,0.0,1.1966923542455317e-12,0.11836634914903713,11.794285714285714,0.0,0.0,0.15,0.08,0,0.21573757029147186,0.4556358031998299,8.893673931015904,1.1785025001978313,0.0,0.9655172413793104,0.0,0.1,0.0,0.9999999999544168,0.1,0.08,0.1457142857142857,0.5,0.25
247,0.9285439876803736,0.5586734903875129,0.9285439876803736,0.5586734903875129,0.26107685272754566,0.562704520102801,0.5628571428571428,0.3949291918690829,0.39319360930713565,0.09714285714285714,0.5628571428571428,0.3949291918690829,0.39319360930713565,0.09714285714285714,0.16285714285714287,0.18857142857142858,0.0,30.634285714285713,0.2057142857142857,0.0,1.0770222444218056e-12,0.11836634914903713,11.794285714285714,0.0,0.0,0.15,0.08,0,0.21597216886858592,0.4533576241838307,8.904371880967014,1.1549324501938747,0.0,0.9848484848484849,0.0,0.1,0.0,0.9999999999589751,0.1,0.08,0.16285714285714287,0.5,0.25
248,0.9289713920133672,0.5586030391479627,0.9289713920133672,0.5586030391479627,0.26107685272754566,0.5623854468884326,0.5657142857142857,0.3949291918690829,0.39319360930713565,0.09714285714285714,0.5657142857142857,0.3949291918690829,0.39319360930713565,0.09714285714285714,0.13714285714285715,0.1742857142857143,0.0,30.754285714285714,0.2057142857142857,0.0,9.693197285126734e-13,0.11836634914903713,11.794285714285714,0.0,0.0,0.15,0.08,0,0.2156915944528144,0.45109083606291156,8.900570157633389,1.131833801189997,0.0,1.0,0.0,0.1,0.0,0.9999999999630776,0.1,0.08,0.13714285714285715,0.5,0.25
249,0.9291028249023227,0.5586210507196981,0.9291028249023227,0.5586210507196981,0.26107685272754566,0.5620332792132053,0.5828571428571429,0.3951006204405115,0.393322180735707,0.09714285714285714,0.5828571428571429,0.3951006204405115,0.393322180735707,0.09714285714285714,0.14857142857142858,0.18,0.0,30.888571428571428,0.2057142857142857,0.0,8.723868812626378e-13,0.11836634914903713,11.794285714285714,0.0,0.0,0.15,0.08,0,0.21624127933769322,0.448835381882597,8.902558754480719,1.127688793761548,0.0,0.9682539682539683,0.0,0.1,0.0,0.9999999999667699,0.1,0.08,0.14857142857142858,0.5,0.25
250,0.928037186816619,0.5587389510095021,0.928037186816619,0.5587389510095021,0.26107685272754566,0.5617487951156991,0.5342857142857143,0.3951006204405115,0.393322180735707,0.09714285714285714,0.5342857142857143,0.3951006204405115,0.393322180735707,0.09714285714285714,0.13714285714285715,0.14857142857142858,0.0,31.014285714285716,0.2057142857142857,0.0,7.85148193135749e-13,0.11836634914903713,11.794285714285714,0.0,0.0,0.15,0.08,0,0.21578850151243326,0.446591204973184,8.873079007962534,1.105135017886317,0.0,1.0,0.0,0.1,0.0,0.9999999999700929,0.1,0.08,0.13714285714285715,0.5,0.25
251,0.9290185014916837,0.5589341832714142,0.9290185014916837,0.5589341832714142,0.26107685272754566,0.5614111150941007,0.5771428571428572,0.39521490615479715,0.3934078950214213,0.09714285714285714,0.5771428571428572,0.39521490615479715,0.3934078950214213,0.09714285714285714,0.15714285714285714,0.16857142857142857,0.0,31.18857142857143,0.2057142857142857,0.0,7.066330823556689e-13,0.11836634914903713,11.794285714285714,0.0,0.0,0.15,0.08,0,0.2163367054298711,0.44435824894831805,8.864188856374712,1.0830323175285907,0.0,0.9661016949152542,0.0,0.1,0.0,0.9999999999730836,0.1,0.08,0.15714285714285714,0.5,0.25
252,0.929177603605305,0.5585869331580268,0.929177603605305,0.5585869331580268,0.26107685272754566,0.5610943962757876,0.5257142857142857,0.39527204901194,0.39345075216427844,0.09714285714285714,0.5257142857142857,0.39527204901194,0.39345075216427844,0.09714285714285714,0.16,0.18,0.0,31.314285714285713,0.20857142857142857,0.0,6.359700655856907e-13,0.11836634914903713,11.794285714285714,0.0,0.0,0.15,0.08,0,0.21668102689915036,0.44213645770357646,8.866905079247218,1.1893083089249539,0.0,0.9841269841269841,0.0,0.1,0.0,0.9999999999757753,0.1,0.08,0.16,0.5,0.25
253,0.9282062396152593,0.5590114238926244,0.9282062396152593,0.5590114238926244,0.26107685272754566,0.5606695006607436,0.5828571428571429,0.39527204901194,0.39345075216427844,0.09714285714285714,0.5828571428571429,0.39527204901194,0.39345075216427844,0.09714285714285714,0.13714285714285715,0.17714285714285713,0.0,31.445714285714285,0.20857142857142857,0.0,5.723721846287927e-13,0.11836634914903713,11.794285714285714,0.0,0.0,0.15,0.08,0,0.21642547890751174,0.43992577541505856,8.86670983480513,1.1655221427464548,0.0,1.0,0.0,0.1,0.0,0.9999999999781978,0.1,0.08,0.13714285714285715,0.5,0.25
254,0.9270123433871348,0.5590441876983558,0.9270123433871348,0.5590441876983558,0.26107685272754566,0.5602267488160844,0.5857142857142857,0.39532919186908283,0.3934936093071356,0.09714285714285714,0.5857142857142857,0.39532919186908283,0.3934936093071356,0.09714285714285714,0.16857142857142857,0.19428571428571428,0.0,31.62857142857143,0.20857142857142857,0.0,5.151340917676477e-13,0.11836634914903713,11.794285714285714,0.0,0.0,0.15,0.08,0,0.21662849437011703,0.4679880991274962,8.883661352394741,1.2451164290070271,0.0,0.9852941176470589,0.0,0.1,0.0,0.999999999980378,0.1,0.08,0.16857142857142857,0.5,0.25
255,0.9284388004523466,0.5586269249257774,0.9284388004523466,0.5586269249257774,0.26107685272754566,0.5597746533172846,0.5685714285714286,0.3953863347262257,0.3935364664499928,0.09714285714285714,0.5685714285714286,0.3953863347262257,0.3935364664499928,0.09714285714285714,0.16285714285714287,0.19428571428571428,0.0,31.765714285714285,0.21428571428571427,0.0,4.636203911246662e-13,0.11836634914903713,11.794285714285714,0.0,0.0,0.15,0.08,0,0.21674506618398076,0.4656481586318587,8.90027383963256,1.2202141004268865,0.0,0.9852941176470589,0.0,0.1,0.0,0.9999999999823402,0.1,0.08,0.16285714285714287,0.5,0.25
256,0.9289316929963515,0.5581423274275065,0.9289316929963515,0.5581423274275065,0.26107685272754566,0.5592965948275026,0.5628571428571428,0.39567204901194,0.39375075216427846,0.09714285714285714,0.5628571428571428,0.39567204901194,0.39375075216427846,0.09714285714285714,0.15714285714285714,0.19714285714285715,0.0,31.928571428571427,0.20857142857142857,0.0,4.172568946820286e-13,0.11836634914903713,11.794285714285714,0.0,0.0,0.15,0.08,0,0.21863234085306082,0.47013164552591086,8.919411219982766,1.3158123325395186,0.0,0.927536231884058,0.0,0.1,0.0,0.9999999999841063,0.1,0.08,0.15714285714285714,0.5,0.25
257,0.9292764068154852,0.5577797693360974,0.9292764068154852,0.5577797693360974,0.26107685272754566,0.5588777987551103,0.5628571428571428,0.39567204901194,0.39375075216427846,0.09714285714285714,0.5628571428571428,0.39567204901194,0.39375075216427846,0.09714285714285714,0.13142857142857142,0.15142857142857144,0.0,32.02571428571429,0.20857142857142857,0.0,3.7553062228168485e-13,0.11836634914903713,11.794285714285714,0.0,0.0,0.15,0.08,0,0.21816746486308122,0.4677809872982813,8.892451567011683,1.2894960858887283,0.0,1.0,0.0,0.1,0.0,0.9999999999856957,0.1,0.08,0.13142857142857142,0.5,0.25
258,0.9295925411731338,0.5566465862740251,0.9295925411731338,0.5566465862740251,0.26107685272754566,0.5584570399865201,0.5485714285714286,0.39590062044051144,0.39392218073570706,0.09714285714285714,0.5485714285714286,0.39590062044051144,0.39392218073570706,0.09714285714285714,0.15714285714285714,0.18571428571428572,0.0,32.177142857142854,0.20857142857142857,0.0,3.379781429853984e-13,0.11836634914903713,11.794285714285714,0.0,0.0,0.15,0.08,0,0.21878991325305155,0.4713761210860149,8.900316821385735,1.2745677568111347,0.0,0.9692307692307692,0.0,0.1,0.0,0.9999999999871261,0.1,0.08,0.15714285714285714,0.5,0.25
259,0.9310979371061147,0.5564727525047977,0.9310979371061147,0.5564727525047977,0.26107685272754566,0.5579957149444456,0.54,0.39590062044051144,0.39392218073570706,0.09714285714285714,0.54,0.39590062044051144,0.39392218073570706,0.09714285714285714,0.14285714285714285,0.1742857142857143,0.0,32.28857142857143,0.20857142857142857,0.0,3.0417974575476695e-13,0.11836634914903713,11.794285714285714,0.0,0.0,0.15,0.08,0,0.21852353582964343,0.46901924048058485,8.896596199243733,1.2490764016749119,0.0,1.0,0.0,0.1,0.0,0.9999999999884135,0.1,0.08,0.14285714285714285,0.5,0.25
260,0.9320342753402052,0.5558767373959298,0.9320342753402052,0.5558767373959298,0.26107685272754566,0.5576407369288232,0.6,0.39595776329765436,0.39396503787856413,0.09714285714285714,0.6,0.39595776329765436,0.39396503787856413,0.09714285714285714,0.16,0.18,0.0,32.434285714285714,0.20857142857142857,0.0,2.7376235411121197e-13,0.11836634914903713,11.794285714285714,0.0,0.0,0.15,0.08,0,0.21865906100763807,0.46667414427818193,8.89866427525886,1.2240948736414137,0.0,0.9841269841269841,0.0,0.1,0.0,0.9999999999895721,0.1,0.08,0.16,0.5,0.25
261,0.930178726076747,0.5565455645261386,0.930178726076747,0.5565455645261386,0.26107685272754566,0.5573742615906842,0.5571428571428572,0.39612919186908285,0.39409360930713555,0.1,0.5571428571428572,0.39612919186908285,0.39409360930713555,0.1,0.13714285714285715,0.16285714285714287,0.0,32.55428571428571,0.20857142857142857,0.0,2.463849528360337e-13,0.11836634914903713,11.794285714285714,0.0,0.0,0.15,0.08,0,0.21919333855974274,0.464340773556791,8.883548132610825,1.1996129761685854,0.0,0.9649122807017544,0.0,0.1,0.0,0.999999999990615,0.1,0.08,0.13714285714285715,0.5,0.25
262,0.9309088855770704,0.5572328888611225,0.9309088855770704,0.5572328888611225,0.26107685272754566,0.5570301745387951,0.5371428571428571,0.39624347758336853,0.39417932359284985,0.1,0.5371428571428571,0.39624347758336853,0.39417932359284985,0.1,0.1742857142857143,0.19428571428571428,0.0,32.67142857142857,0.2057142857142857,0.0,2.2174733195037713e-13,0.11836634914903713,11.794285714285714,0.0,0.0,0.15,0.08,0,0.21938237186694404,0.462019069689007,8.900162884244322,1.1756207166452137,0.0,0.9852941176470589,0.0,0.1,0.0,0.9999999999915534,0.1,0.08,0.1742857142857143,0.5,0.25
263,0.9306787793465029,0.5570713223159484,0.9306787793465029,0.5570713223159484,0.26107685272754566,0.5566786636948315,0.5885714285714285,0.39624347758336853,0.39417932359284985,0.1,0.5885714285714285,0.39624347758336853,0.39417932359284985,0.1,0.14,0.16285714285714287,0.0,32.81142857142857,0.2057142857142857,0.0,1.9957259875529905e-13,0.11836634914903713,11.794285714285714,0.0,0.0,0.15,0.08,0,0.21902760357903786,0.45970897434056196,8.885016769416579,1.1521083023123095,0.0,1.0,0.0,0.1,0.0,0.9999999999923981,0.1,0.08,0.14,0.5,0.25
264,0.9297202072379274,0.5575811224347589,0.9297202072379274,0.5575811224347589,0.26107685272754566,0.5563965507781057,0.5857142857142857,0.39624347758336853,0.39417932359284985,0.1,0.5857142857142857,0.39624347758336853,0.39417932359284985,0.1,0.1657142857142857,0.18857142857142858,0.0,32.95142857142857,0.2057142857142857,0.0,1.7961592181173415e-13,0.11836634914903713,11.794285714285714,0.0,0.0,0.15,0.08,0,0.21881732270399987,0.4574104294688592,8.895887862599675,1.1290661362660632,0.0,1.0,0.0,0.1,0.0,0.9999999999931583,0.1,0.08,0.1657142857142857,0.5,0.25
265,0.9286181577712276,0.5572717832477907,0.9286181577712276,0.5572717832477907,0.26107685272754566,0.5562065378879152,0.5457142857142857,0.39624347758336853,0.39417932359284985,0.1,0.5457142857142857,0.39624347758336853,0.39417932359284985,0.1,0.17142857142857143,0.2,0.0,33.05428571428571,0.20285714285714285,0.0,1.616528723005398e-13,0.11836634914903713,11.794285714285714,0.0,0.0,0.15,0.08,0,0.21852295037619412,0.45512337732151487,8.917970105347681,1.106484813540742,0.0,1.0,0.0,0.1,0.0,0.9999999999938425,0.1,0.08,0.17142857142857143,0.5,0.25
266,0.92808927002021,0.5574094174794232,0.92808927002021,0.5574094174794232,0.26107685272754566,0.5560411119801469,0.5257142857142857,0.39624347758336853,0.39417932359284985,0.1,0.5257142857142857,0.39624347758336853,0.39417932359284985,0.1,0.17142857142857143,0.18285714285714286,0.0,33.18571428571428,0.20285714285714285,0.0,1.4548816800246218e-13,0.11836634914903713,11.794285714285714,0.0,0.0,0.15,0.08,0,0.2182013363385988,0.45284776043490726,8.922467846097872,1.084355117269927,0.0,1.0,0.0,0.1,0.0,0.9999999999944582,0.1,0.08,0.17142857142857143,0.5,0.25
267,0.9290818558142155,0.5578664694919385,0.9290818558142155,0.5578664694919385,0.26107685272754566,0.5557347303301277,0.5657142857142857,0.39624347758336853,0.39417932359284985,0.1,0.5657142857142857,0.39624347758336853,0.39417932359284985,0.1,0.16,0.18285714285714286,0.0,33.29714285714286,0.2057142857142857,0.0,1.30938185338203e-13,0.11836634914903713,11.794285714285714,0.0,0.0,0.15,0.08,0,0.21788104465690586,0.45058352163273274,8.926875632033056,1.0626680149245287,0.0,1.0,0.0,0.1,0.0,0.9999999999950124,0.1,0.08,0.16,0.5,0.25
268,0.9296356191883355,0.5578977975320552,0.9296356191883355,0.5578977975320552,0.26107685272754566,0.5554429509567137,0.6114285714285714,0.39641490615479713,0.39430789502142133,0.1,0.6114285714285714,0.39641490615479713,0.39430789502142133,0.1,0.15428571428571428,0.18571428571428572,0.0,33.40571428571429,0.20285714285714285,0.0,1.1784553266836418e-13,0.11836634914903713,11.794285714285714,0.0,0.0,0.15,0.08,0,0.21847678229076417,0.4483306040245691,8.93405240510668,1.063519679062208,0.0,0.9692307692307692,0.0,0.1,0.0,0.9999999999955111,0.1,0.08,0.15428571428571428,0.5,0.25
269,0.9283816169311323,0.5573659507606159,0.9283816169311323,0.5573659507606159,0.26107685272754566,0.5550892392796728,0.56,0.39652919186908286,0.3943936093071356,0.1,0.56,0.39652919186908286,0.3943936093071356,0.1,0.13714285714285715,0.15714285714285714,0.0,33.48571428571429,0.2057142857142857,0.0,1.0606156233351413e-13,0.11836634914903713,11.794285714285714,0.0,0.0,0.15,0.08,0,0.21846982695073894,0.44608895100444623,8.912514214147404,1.0422492854809637,0.0,0.9818181818181818,0.0,0.1,0.0,0.99999999999596,0.1,0.08,0.13714285714285715,0.5,0.25
270,0.9276845058372992,0.5575326101981417,0.9276845058372992,0.5575326101981417,0.26107685272754566,0.554580331002806,0.5628571428571428,0.39652919186908286,0.3943936093071356,0.1,0.5628571428571428,0.39652919186908286,0.3943936093071356,0.1,0.15428571428571428,0.18,0.0,33.637142857142855,0.2057142857142857,0.0,9.545511463415458e-14,0.11836634914903713,11.794285714285714,0.0,0.0,0.15,0.08,0,0.21826162352669956,0.44385850624942397,8.914263929864457,1.0214042997713444,0.0,1.0,0.0,0.1,0.0,0.999999999996364,0.1,0.08,0.15428571428571428,0.5,0.25
271,0.92758970991734,0.5574628977897086,0.92758970991734,0.5574628977897086,0.26107685272754566,0.5541832043310668,0.5628571428571428,0.3965863347262257,0.3944364664499927,0.1,0.5628571428571428,0.3965863347262257,0.3944364664499927,0.1,0.13142857142857142,0.14285714285714285,0.0,33.74285714285714,0.20285714285714285,0.0,8.590960317073164e-14,0.11836634914903713,11.794285714285714,0.0,0.0,0.15,0.08,0,0.21831231612335175,0.4416392137181768,8.87883579412431,1.0062446055797323,0.0,0.98,0.0,0.1,0.0,0.9999999999967276,0.1,0.08,0.13142857142857142,0.5,0.25
272,0.9283869325391771,0.5581036284239258,0.9283869325391771,0.5581036284239258,0.26107685272754566,0.5537599324287268,0.5657142857142857,0.3965863347262257,0.3944364664499927,0.1,0.5657142857142857,0.3965863347262257,0.3944364664499927,0.1,0.16857142857142857,0.2,0.0,33.86857142857143,0.20285714285714285,0.0,7.732010018364683e-14,0.11836634914903713,11.794285714285714,0.0,0.0,0.15,0.08,0,0.21821932668559213,0.4394310176495859,8.901259078241821,0.9861197134681378,0.0,1.0,0.0,0.1,0.0,0.9999999999970548,0.1,0.08,0.16857142857142857,0.5,0.25
273,0.9293625086448958,0.5585106359017975,0.9293625086448958,0.5585106359017975,0.26107685272754566,0.5533371154727388,0.5914285714285714,0.3966434775833686,0.3944793235928499,0.1,0.5914285714285714,0.3966434775833686,0.3944793235928499,0.1,0.1457142857142857,0.16857142857142857,0.0,34.002857142857145,0.20285714285714285,0.0,6.958750723327947e-14,0.11836634914903713,11.794285714285714,0.0,0.0,0.15,0.08,0,0.2182708014807356,0.437233862561338,8.891805325248415,1.0078018163986893,0.0,0.9830508474576272,0.0,0.1,0.0,0.9999999999973493,0.1,0.08,0.1457142857142857,0.5,0.25
274,0.9292632824788916,0.5594941109618603,0.9292632824788916,0.5594941109618603,0.26107685272754566,0.5528690774962709,0.5628571428571428,0.3966434775833686,0.3944793235928499,0.1,0.5628571428571428,0.3966434775833686,0.3944793235928499,0.1,0.16,0.19142857142857142,0.0,34.10857142857143,0.2,0.0,6.263021383994196e-14,0.11836634914903713,11.794285714285714,0.0,0.0,0.15,0.08,0,0.21806444747333192,0.4350476932485313,8.905397790172017,0.9876457800707156,0.0,1.0,0.0,0.1,0.0,0.9999999999976144,0.1,0.08,0.16,0.5,0.25
275,0.9303067270902804,0.5591764007051994,0.9303067270902804,0.5591764007051994,0.26107685272754566,0.5526402558473756,0.5885714285714285,0.39670062044051146,0.394522180735707,0.1,0.5885714285714285,0.39670062044051146,0.394522180735707,0.1,0.12,0.14285714285714285,0.0,34.24,0.2,0.0,5.636660952394677e-14,0.11836634914903713,11.794285714285714,0.0,0.0,0.15,0.08,0,0.2180025538073938,0.43287245478228864,8.870146977225719,0.9804937044470461,0.0,0.98,0.0,0.1,0.0,0.9999999999978529,0.1,0.08,0.12,0.5,0.25
276,0.9304816271400257,0.5593665198286546,0.9304816271400257,0.5593665198286546,0.26107685272754566,0.5523429012631326,0.58,0.39670062044051146,0.394522180735707,0.1,0.58,0.39670062044051146,0.394522180735707,0.1,0.16,0.16857142857142857,0.0,34.362857142857145,0.2,0.0,5.072965710555062e-14,0.11836634914903713,11.794285714285714,0.0,0.0,0.15,0.08,0,0.21771182675264258,0.4307080925083772,8.861315466252632,0.9608838303581052,0.0,1.0,0.0,0.1,0.0,0.9999999999980677,0.1,0.08,0.16,0.5,0.25
277,0.9308168420285012,0.5600393304038139,0.9308168420285012,0.5600393304038139,0.26107685272754566,0.5521503443931152,0.5714285714285714,0.3967577632976543,0.3945650378785642,0.1,0.5714285714285714,0.3967577632976543,0.3945650378785642,0.1,0.14,0.1657142857142857,0.0,34.48,0.20285714285714285,0.0,4.565523406499902e-14,0.11836634914903713,11.794285714285714,0.0,0.0,0.15,0.08,0,0.21790712904387938,0.4285545520458353,8.849803442641866,0.9516014605413438,0.0,0.9827586206896551,0.0,0.1,0.0,0.999999999998261,0.1,0.08,0.14,0.5,0.25
278,0.9299977595392157,0.559806362790814,0.9299977595392157,0.559806362790814,0.26107685272754566,0.5520258582910845,0.6,0.39681490615479714,0.39460789502142135,0.1,0.6,0.39681490615479714,0.39460789502142135,0.1,0.13714285714285715,0.16285714285714287,0.0,34.56857142857143,0.20285714285714285,0.0,4.109087652249293e-14,0.11836634914903713,11.794285714285714,0.0,0.0,0.15,0.08,0,0.21807359411294563,0.4264117792856062,8.835664516646172,0.9820000000000004,0.0,0.9824561403508771,0.0,0.1,0.0,0.9999999999984348,0.1,0.08,0.13714285714285715,0.5,0.25
279,0.9292909602904261,0.5595085248284598,0.9292909602904261,0.5595085248284598,0.26107685272754566,0.551905331725996,0.5685714285714286,0.39681490615479714,0.39460789502142135,0.1,0.5685714285714286,0.39681490615479714,0.39460789502142135,0.1,0.17714285714285713,0.20285714285714285,0.0,34.677142857142854,0.20285714285714285,0.0,3.698120593824448e-14,0.11836634914903713,11.794285714285714,0.0,0.0,0.15,0.08,0,0.2178680832852381,0.42427972038917816,8.861808369170392,0.9623600000000003,0.0,1.0,0.0,0.1,0.0,0.9999999999985913,0.1,0.08,0.17714285714285713,0.5,0.25
280,0.9292850552852289,0.5585140115122126,0.9292850552852289,0.5585140115122126,0.26107685272754566,0.5517706904596993,0.54,0.3969863347262258,0.39473646644999266,0.1,0.54,0.3969863347262258,0.39473646644999266,0.1,0.14,0.15428571428571428,0.0,34.785714285714285,0.2,0.0,3.328250241242115e-14,0.11836634914903713,11.794285714285714,0.0,0.0,0.15,0.08,0,0.21832117144024046,0.42282674483183186,8.838857916072698,0.9980179354835886,0.0,0.9629629629629629,0.0,0.1,0.0,0.9999999999987322,0.1,0.08,0.14,0.5,0.25
281,0.9298892902139372,0.5584272712138588,0.9298892902139372,0.5584272712138588,0.26107685272754566,0.5515602184764354,0.5742857142857143,0.3971577632976543,0.39486503787856414,0.1,0.5742857142857143,0.3971577632976543,0.39486503787856414,0.1,0.14285714285714285,0.16285714285714287,0.0,34.86571428571428,0.2057142857142857,0.0,2.995396070517924e-14,0.11836634914903713,11.794285714285714,0.0,0.0,0.15,0.08,0,0.21888599415446786,0.42071261110767266,8.824937900608386,0.9894246551772091,0.0,0.9649122807017544,0.0,0.1,0.0,0.999999999998859,0.1,0.08,0.14285714285714285,0.5,0.25
282,0.9306884245945207,0.5587994499867595,0.9306884245945207,0.5587994499867595,0.26107685272754566,0.5513313320503664,0.5657142857142857,0.39727204901194,0.39495075216427844,0.1,0.5657142857142857,0.39727204901194,0.39495075216427844,0.1,0.1657142857142857,0.18571428571428572,0.0,34.997142857142855,0.2,0.0,2.6957690236663928e-14,0.11836634914903713,11.794285714285714,0.0,0.0,0.15,0.08,0,0.2191047084694098,0.41860904805213434,8.834153428310504,1.0009522626703073,0.0,0.9846153846153847,0.0,0.1,0.0,0.9999999999989732,0.1,0.08,0.1657142857142857,0.5,0.25
283,0.9290864997557313,0.5585715569889041,0.9290864997557313,0.5585715569889041,0.26107685272754566,0.5511166384392756,0.5628571428571428,0.3973291918690829,0.3949936093071356,0.1,0.5628571428571428,0.3973291918690829,0.3949936093071356,0.1,0.17142857142857143,0.2057142857142857,0.0,35.128571428571426,0.20285714285714285,0.0,2.4261629746998057e-14,0.11836634914903713,11.794285714285714,0.0,0.0,0.15,0.08,0,0.2193227570699199,0.4165160028118737,8.86318464545858,1.0335388461654642,0.0,0.9861111111111112,0.0,0.1,0.0,0.9999999999990759,0.1,0.08,0.17142857142857143,0.5,0.25
284,0.9295002493517216,0.5586347427219895,0.9295002493517216,0.5586347427219895,0.26107685272754566,0.5509480680920857,0.58,0.3973291918690829,0.3949936093071356,0.1,0.58,0.3973291918690829,0.3949936093071356,0.1,0.15714285714285714,0.18857142857142858,0.0,35.245714285714286,0.19714285714285715,0.0,2.1836632636293302e-14,0.11836634914903713,11.794285714285714,0.0,0.0,0.15,0.08,0,0.21896885757028456,0.4144334227978143,8.874492381120836,1.012868069242155,0.0,1.0,0.0,0.1,0.0,0.9999999999991682,0.1,0.08,0.15714285714285714,0.5,0.25
285,0.9280083633997742,0.5591130669110714,0.9280083633997742,0.5591130669110714,0.26107685272754566,0.5508785843074794,0.5571428571428572,0.39738633472622575,0.39503646644999274,0.1,0.5571428571428572,0.39738633472622575,0.39503646644999274,0.1,0.1657142857142857,0.18857142857142858,0.0,35.41428571428571,0.2,0.0,1.965355230466135e-14,0.11836634914903713,11.794285714285714,0.0,0.0,0.15,0.08,0,0.21904501328243314,0.4123612556838252,8.885573962069849,1.0020714887381725,0.0,0.9848484848484849,0.0,0.1,0.0,0.9999999999992514,0.1,0.08,0.1657142857142857,0.5,0.25
286,0.9274040219964799,0.5587035143216492,0.9274040219964799,0.5587035143216492,0.26107685272754566,0.5508827112004893,0.5685714285714286,0.39767204901194,0.3952507521642784,0.1,0.5685714285714286,0.39767204901194,0.3952507521642784,0.1,0.1657142857142857,0.18857142857142858,0.0,35.55428571428571,0.2,0.0,1.768907147219154e-14,0.11836634914903713,11.794285714285714,0.0,0.0,0.15,0.08,0,0.22006335964459242,0.4102994494054061,8.896433911399878,1.0270302910458697,0.0,0.9545454545454546,0.0,0.1,0.0,0.9999999999993262,0.1,0.08,0.1657142857142857,0.5,0.25
287,0.9276290515045305,0.5581862303715929,0.9276290515045305,0.5581862303715929,0.26107685272754566,0.5508171401357058,0.5857142857142857,0.39790062044051144,0.395422180735707,0.1,0.5857142857142857,0.39790062044051144,0.395422180735707,0.1,0.14285714285714285,0.16857142857142857,0.0,35.66285714285714,0.2,0.0,1.591987285897325e-14,0.11836634914903713,11.794285714285714,0.0,0.0,0.15,0.08,0,0.22090547141779804,0.41758291828380645,8.88707666174331,1.1404062732746763,0.0,0.9491525423728814,0.0,0.1,0.0,0.9999999999993936,0.1,0.08,0.14285714285714285,0.5,0.25
288,0.9287686256511217,0.5575957083901489,0.9287686256511217,0.5575957083901489,0.26107685272754566,0.5507207008848246,0.5857142857142857,0.3979577632976543,0.3954650378785641,0.1,0.5857142857142857,0.3979577632976543,0.3954650378785641,0.1,0.16,0.18,0.0,35.794285714285714,0.20285714285714285,0.0,1.4328468505073482e-14,0.11836634914903713,11.794285714285714,0.0,0.0,0.15,0.08,0,0.2210858012035662,0.42016202150413523,8.889335128508444,1.122236776268431,0.0,0.9841269841269841,0.0,0.1,0.0,0.9999999999994542,0.1,0.08,0.16,0.5,0.25
289,0.928877785726615,0.5570874932565024,0.928877785726615,0.5570874932565024,0.26107685272754566,0.5505894461986582,0.5371428571428571,0.3979577632976543,0.3954650378785641,0.1,0.5371428571428571,0.3979577632976543,0.3954650378785641,0.1,0.17142857142857143,0.2,0.0,35.94,0.20285714285714285,0.0,1.2894455790570432e-14,0.11836634914903713,11.794285714285714,0.0,0.0,0.15,0.08,0,0.22086537291183406,0.41806121139661456,8.911548425938275,1.0997920407430626,0.0,1.0,0.0,0.1,0.0,0.9999999999995088,0.1,0.08,0.17142857142857143,0.5,0.25
290,0.9292176455859924,0.5568456334552273,0.9292176455859924,0.5568456334552273,0.26107685272754566,0.5503603460389729,0.5485714285714286,0.3979577632976543,0.3954650378785641,0.1,0.5485714285714286,0.3979577632976543,0.3954650378785641,0.1,0.15142857142857144,0.18285714285714286,0.0,36.065714285714286,0.2,0.0,1.1606176075508782e-14,0.11836634914903713,11.794285714285714,0.0,0.0,0.15,0.08,0,0.22055962460086415,0.4159709053396315,8.916174600276653,1.0777961999282013,0.0,1.0,0.0,0.1,0.0,0.9999999999995579,0.1,0.08,0.15142857142857144,0.5,0.25
291,0.9293939714210591,0.5572386556817109,0.9293939714210591,0.5572386556817109,0.26107685272754566,0.5501389552196257,0.62,0.3979577632976543,0.3954650378785641,0.1,0.62,0.3979577632976543,0.3954650378785641,0.1,0.13428571428571429,0.16285714285714287,0.0,36.214285714285715,0.20285714285714285,0.0,1.044614139995556e-14,0.11836634914903713,11.794285714285714,0.0,0.0,0.15,0.08,0,0.22017068362071698,0.4138910508129333,8.900708251128263,1.0562402759296372,0.0,1.0,0.0,0.1,0.0,0.9999999999996021,0.1,0.08,0.13428571428571429,0.5,0.25
292,0.9297513546637554,0.5568314918886931,0.9297513546637554,0.5568314918886931,0.26107685272754566,0.5499482165395121,0.5685714285714286,0.3979577632976543,0.3954650378785641,0.1,0.5685714285714286,0.3979577632976543,0.3954650378785641,0.1,0.15428571428571428,0.17714285714285713,0.0,36.34571428571429,0.2057142857142857,0.0,9.402693123955449e-15,0.11836634914903713,11.794285714285714,0.0,0.0,0.15,0.08,0,0.21995440234547053,0.4118215955588687,8.899836943248554,1.0351154704110446,0.0,1.0,0.0,0.1,0.0,0.9999999999996418,0.1,0.08,0.15428571428571428,0.5,0.25
293,0.9299351076775315,0.5568813959156068,0.9299351076775315,0.5568813959156068,0.26107685272754566,0.5497285171364159,0.5342857142857143,0.3979577632976543,0.3954650378785641,0.1,0.5342857142857143,0.3979577632976543,0.3954650378785641,0.1,0.15714285714285714,0.20285714285714285,0.0,36.47142857142857,0.2057142857142857,0.0,8.461257947564299e-15,0.11836634914903713,11.794285714285714,0.0,0.0,0.15,0.08,0,0.21968277319088603,0.40976248758107436,8.924697347240727,1.0144131610028235,0.0,1.0,0.0,0.1,0.0,0.9999999999996777,0.1,0.08,0.15714285714285714,0.5,0.25
294,0.9292579601852802,0.5563981504593708,0.9292579601852802,0.5563981504593708,0.26107685272754566,0.5495039290089824,0.5057142857142857,0.3979577632976543,0.3954650378785641,0.1,0.5057142857142857,0.3979577632976543,0.3954650378785641,0.1,0.13714285714285715,0.16285714285714287,0.0,36.57142857142857,0.2057142857142857,0.0,7.616006550804456e-15,0.11836634914903713,11.794285714285714,0.0,0.0,0.15,0.08,0,0.21921278789636017,0.407713675143169,8.909060543153053,0.994124897782767,0.0,1.0,0.0,0.1,0.0,0.9999999999997099,0.1,0.08,0.13714285714285715,0.5,0.25
295,0.9293684532214989,0.5567673139302378,0.9293684532214989,0.5567673139302378,0.26107685272754566,0.5492658026263352,0.5771428571428572,0.3979577632976543,0.3954650378785641,0.1,0.5771428571428572,0.3979577632976543,0.3954650378785641,0.1,0.16285714285714287,0.19428571428571428,0.0,36.691428571428574,0.2057142857142857,0.0,6.855280293720612e-15,0.11836634914903713,11.794285714285714,0.0,0.0,0.15,0.08,0,0.21905786966759266,0.4056751067674531,8.925165046575707,0.9742423998271117,0.0,1.0,0.0,0.1,0.0,0.9999999999997389,0.1,0.08,0.16285714285714287,0.5,0.25
296,0.9290903713558185,0.5559887992207964,0.9290903713558185,0.5559887992207964,0.26107685272754566,0.5490475766741629,0.5771428571428572,0.3981291918690829,0.39559360930713555,0.1,0.5771428571428572,0.3981291918690829,0.39559360930713555,0.1,0.15428571428571428,0.18857142857142858,0.0,36.82857142857143,0.20285714285714285,0.0,6.170335196346279e-15,0.11836634914903713,11.794285714285714,0.0,0.0,0.15,0.08,0,0.21956215174782615,0.40364673123361583,8.93523317421562,1.0072096851208725,0.0,0.9696969696969697,0.0,0.1,0.0,0.999999999999765,0.1,0.08,0.15428571428571428,0.5,0.25
297,0.929823317265992,0.5559316358813692,0.929823317265992,0.5559316358813692,0.26107685272754566,0.5487675385850812,0.6085714285714285,0.39824347758336864,0.39567932359284985,0.1,0.6085714285714285,0.39824347758336864,0.39567932359284985,0.1,0.18285714285714286,0.21714285714285714,0.0,36.96857142857143,0.20857142857142857,0.0,5.5524272787149715e-15,0.11836634914903713,11.794285714285714,0.0,0.0,0.15,0.08,0,0.22026334170337272,0.40351671133280076,8.973671367874166,1.0618932007373423,0.0,0.9736842105263158,0.0,0.1,0.0,0.9999999999997885,0.1,0.08,0.18285714285714286,0.5,0.25
298,0.9307055110729909,0.5568332184191626,0.9307055110729909,0.5568332184191626,0.26107685272754566,0.5483990955095686,0.5714285714285714,0.39841490615479724,0.3958078950214212,0.1,0.5714285714285714,0.39841490615479724,0.3958078950214212,0.1,0.14857142857142858,0.17714285714285713,0.0,37.097142857142856,0.2057142857142857,0.0,4.9957272208490346e-15,0.11836634914903713,11.794285714285714,0.0,0.0,0.15,0.08,0,0.2206763107091416,0.4014991277761368,8.97134079765954,1.1461201857892025,0.0,0.967741935483871,0.0,0.1,0.0,0.9999999999998097,0.1,0.08,0.14857142857142858,0.5,0.25
299,0.9309572592323853,0.5566230920893002,0.9309572592323853,0.5566230920893002,0.26107685272754566,0.5480368319477342,0.56,0.3986434775833686,0.3959793235928498,0.1,0.56,0.3986434775833686,0.3959793235928498,0.1,0.17142857142857143,0.19428571428571428,0.0,37.23428571428571,0.20857142857142857,0.0,4.4973203627596415e-15,0.11836634914903713,11.794285714285714,0.0,0.0,0.15,0.08,0,0.22171478701273875,0.4014644877556948,8.986199695992061,1.1858184211139169,0.0,0.9558823529411765,0.0,0.1,0.0,0.9999999999998287,0.1,0.08,0.17142857142857143,0.5,0.25
300,0.9311915492161377,0.5569282916806836,0.9311915492161377,0.5569282916806836,0.26107685272754566,0.5476049340409999,0.5485714285714286,0.3986434775833686,0.3959793235928498,0.1,0.5485714285714286,0.3986434775833686,0.3959793235928498,0.1,0.14285714285714285,0.1742857142857143,0.0,37.36,0.20285714285714285,0.0,4.048462724480309e-15,0.11836634914903713,11.794285714285714,0.0,0.0,0.15,0.08,0,0.22137721307767505,0.39945716531691633,8.980761416357936,1.1621020526916386,0.0,1.0,0.0,0.1,0.0,0.9999999999998458,0.1,0.08,0.14285714285714285,0.5,0.25
301,0.9314780153371706,0.5560750784998759,0.9314780153371706,0.5560750784998759,0.26107685272754566,0.5471693067888331,0.5485714285714286,0.3987006204405114,0.396022180735707,0.1,0.5485714285714286,0.3987006204405114,0.396022180735707,0.1,0.16285714285714287,0.18,0.0,37.48571428571429,0.2057142857142857,0.0,3.643324986033382e-15,0.11836634914903713,11.794285714285714,0.0,0.0,0.15,0.08,0,0.22149804201228668,0.4028157675290668,8.981146188030777,1.1388600116378058,0.0,0.9841269841269841,0.0,0.1,0.0,0.9999999999998612,0.1,0.08,0.16285714285714287,0.5,0.25
302,0.930440276602035,0.5560729718409001,0.930440276602035,0.5560729718409001,0.26107685272754566,0.5468525937523057,0.5542857142857143,0.3987006204405114,0.396022180735707,0.1,0.5542857142857143,0.3987006204405114,0.396022180735707,0.1,0.15142857142857144,0.17142857142857143,0.0,37.582857142857144,0.19714285714285715,0.0,3.2789924874300316e-15,0.11836634914903713,11.794285714285714,0.0,0.0,0.15,0.08,0,0.2211899803736538,0.4008016886914214,8.972951835698732,1.1160828114050498,0.0,1.0,0.0,0.1,0.0,0.9999999999998751,0.1,0.08,0.15142857142857144,0.5,0.25
303,0.9297036927409467,0.5561831512101469,0.9297036927409467,0.5561831512101469,0.26107685272754566,0.5465530836092829,0.5542857142857143,0.3988145569796769,0.3961078950214213,0.1,0.5542857142857143,0.3988145569796769,0.3961078950214213,0.1,0.15714285714285714,0.18285714285714286,0.0,37.73714285714286,0.19714285714285715,0.0,2.9496359086926077e-15,0.11836634914903713,11.794285714285714,0.0,0.0,0.15,0.08,0,0.22136888832892834,0.3987976802479643,8.976349941841901,1.0937611551769488,0.0,0.984375,0.0,0.1,0.0,0.9999999999998876,0.1,0.08,0.15714285714285714,0.5,0.25
304,0.9304623245930819,0.5557816851873854,0.9304623245930819,0.5557816851873854,0.26107685272754566,0.5462806340816003,0.5114285714285715,0.39887169983681975,0.3961507521642784,0.1,0.5114285714285715,0.39887169983681975,0.3961507521642784,0.1,0.16,0.2057142857142857,0.0,37.862857142857145,0.19142857142857142,0.0,2.6552552498211042e-15,0.11836634914903713,11.794285714285714,0.0,0.0,0.15,0.08,0,0.22154732960156948,0.3968036918467245,9.002537228719348,1.129588366551608,0.0,0.9861111111111112,0.0,0.1,0.0,0.9999999999998989,0.1,0.08,0.16,0.5,0.25
305,0.928622530212314,0.5557459854979214,0.928622530212314,0.5557459854979214,0.26107685272754566,0.545924271830964,0.5942857142857143,0.39887169983681975,0.3961507521642784,0.1,0.5942857142857143,0.39887169983681975,0.3961507521642784,0.1,0.16,0.2057142857142857,0.0,38.005714285714284,0.19428571428571428,0.0,2.390021190837871e-15,0.11836634914903713,11.794285714285714,0.0,0.0,0.15,0.08,0,0.22123945009641874,0.39481967338749085,9.028200769859247,1.106996599220576,0.0,1.0,0.0,0.1,0.0,0.999999999999909,0.1,0.08,0.16,0.5,0.25
306,0.9265211473622198,0.5558300604971737,0.9265211473622198,0.5558300604971737,0.26107685272754566,0.5456948488096859,0.5371428571428571,0.39898598555110554,0.3962364664499928,0.1,0.5371428571428571,0.39898598555110554,0.3962364664499928,0.1,0.16,0.18571428571428572,0.0,38.13428571428572,0.19428571428571428,0.0,2.1510190717540793e-15,0.11836634914903713,11.794285714285714,0.0,0.0,0.15,0.08,0,0.22130453856022236,0.3928455750205534,9.033351040176345,1.1226069854589906,0.0,0.9846153846153847,0.0,0.1,0.0,0.9999999999999181,0.1,0.08,0.16,0.5,0.25
307,0.926685568370405,0.5555790853163811,0.926685568370405,0.5555790853163811,0.26107685272754566,0.5453536262754363,0.5885714285714285,0.39898598555110554,0.3962364664499928,0.1,0.5885714285714285,0.39898598555110554,0.3962364664499928,0.1,0.1742857142857143,0.2,0.0,38.24857142857143,0.19714285714285715,0.0,1.9353342325809023e-15,0.11836634914903713,11.794285714285714,0.0,0.0,0.15,0.08,0,0.22102615872456413,0.39088134714545064,9.05268401937282,1.100154845749811,0.0,1.0,0.0,0.1,0.0,0.9999999999999263,0.1,0.08,0.1742857142857143,0.5,0.25
308,0.9282480806007428,0.5550781949870963,0.9282480806007428,0.5550781949870963,0.26107685272754566,0.5450463848630211,0.5571428571428572,0.39910027126539116,0.39632218073570696,0.1,0.5571428571428572,0.39910027126539116,0.39632218073570696,0.1,0.15142857142857144,0.17142857142857143,0.0,38.36,0.19428571428571428,0.0,1.7429666733183399e-15,0.11836634914903713,11.794285714285714,0.0,0.0,0.15,0.08,0,0.22103517078808416,0.38892694040972337,9.043058910413935,1.0781517488348145,0.0,0.9833333333333333,0.0,0.1,0.0,0.9999999999999336,0.1,0.08,0.15142857142857144,0.5,0.25
309,0.9298284158955951,0.555457947606229,0.9298284158955951,0.555457947606229,0.26107685272754566,0.544601254362257,0.5542857142857143,0.39910027126539116,0.39632218073570696,0.1,0.5542857142857143,0.39910027126539116,0.39632218073570696,0.1,0.13714285714285715,0.16,0.0,38.462857142857146,0.2,0.0,1.5680870739887377e-15,0.11836634914903713,11.794285714285714,0.0,0.0,0.15,0.08,0,0.22072913850557233,0.3869823057076747,9.022197732205656,1.0565887138581183,0.0,1.0,0.0,0.1,0.0,0.9999999999999403,0.1,0.08,0.13714285714285715,0.5,0.25
310,0.9294737315446219,0.5553306689353122,0.9294737315446219,0.5553306689353122,0.26107685272754566,0.5440240002334085,0.5571428571428572,0.39910027126539116,0.39632218073570696,0.1,0.5571428571428572,0.39910027126539116,0.39632218073570696,0.1,0.12571428571428572,0.14857142857142858,0.0,38.58571428571429,0.19428571428571428,0.0,1.4106954345920965e-15,0.11836634914903713,11.794285714285714,0.0,0.0,0.15,0.08,0,0.2203107785273302,0.38504739417913636,8.990325206132972,1.0354569395809559,0.0,1.0,0.0,0.1,0.0,0.9999999999999463,0.1,0.08,0.12571428571428572,0.5,0.25
311,0.9282143862629038,0.5551188259308371,0.9282143862629038,0.5551188259308371,0.26107685272754566,0.5435865080731315,0.5828571428571429,0.39927169983681976,0.39645075216427844,0.1,0.5828571428571429,0.39927169983681976,0.39645075216427844,0.1,0.14285714285714285,0.1742857142857143,0.0,38.66571428571429,0.19714285714285715,0.0,1.2707917551284157e-15,0.11836634914903713,11.794285714285714,0.0,0.0,0.15,0.08,0,0.22089393963469353,0.3976274541481032,8.984804416296026,1.1167025291315742,0.0,0.9672131147540983,0.0,0.1,0.0,0.9999999999999516,0.1,0.08,0.14285714285714285,0.5,0.25
312,0.9289988061376266,0.5542337280763685,0.9289988061376266,0.5542337280763685,0.26107685272754566,0.542986094608654,0.5828571428571429,0.3993859855511055,0.39653646644999274,0.10285714285714286,0.5828571428571429,0.3993859855511055,0.39653646644999274,0.10285714285714286,0.16285714285714287,0.19714285714285715,0.0,38.78,0.19714285714285715,0.0,1.1425467156200425e-15,0.11836634914903713,11.794285714285714,0.0,0.0,0.15,0.08,0,0.22115904849010934,0.39563931687736265,9.002251185112964,1.0943684785489427,0.0,0.9855072463768116,0.0,0.1,0.0,0.9999999999999565,0.1,0.08,0.16285714285714287,0.5,0.25
313,0.929460390355659,0.5539333207932575,0.929460390355659,0.5539333207932575,0.26107685272754566,0.542385570493697,0.5971428571428572,0.3995002712653913,0.3966650378785641,0.10285714285714286,0.5971428571428572,0.3995002712653913,0.3966650378785641,0.10285714285714286,0.1657142857142857,0.18285714285714286,0.0,38.871428571428574,0.19714285714285715,0.0,1.0288749760558025e-15,0.11836634914903713,11.794285714285714,0.0,0.0,0.15,0.08,0,0.2220809703869445,0.3958671336500982,9.005063304267846,1.1683092213118862,0.0,0.953125,0.0,0.1,0.0,0.9999999999999608,0.1,0.08,0.1657142857142857,0.5,0.25
314,0.9291431443691658,0.5541841837428202,0.9291431443691658,0.5541841837428202,0.26107685272754566,0.5417888674498474,0.5857142857142857,0.3995002712653913,0.3966650378785641,0.10285714285714286,0.5857142857142857,0.3995002712653913,0.3966650378785641,0.10285714285714286,0.16,0.18285714285714286,0.0,38.994285714285716,0.19714285714285715,0.0,9.268618764468694e-16,0.11836634914903713,11.794285714285714,0.0,0.0,0.15,0.08,0,0.22185528053500977,0.3938877979818477,9.00781918103963,1.1449430368856486,0.0,1.0,0.0,0.1,0.0,0.9999999999999647,0.1,0.08,0.16,0.5,0.25
315,0.9292491495594082,0.5541212754557621,0.9292491495594082,0.5541212754557621,0.26107685272754566,0.5412800848546316,0.56,0.39978598555110545,0.3968793235928499,0.10285714285714286,0.56,0.39978598555110545,0.3968793235928499,0.10285714285714286,0.16285714285714287,0.19142857142857142,0.0,39.114285714285714,0.19714285714285715,0.0,8.335927568044163e-16,0.11836634914903713,11.794285714285714,0.0,0.0,0.15,0.08,0,0.22285986127519183,0.39191835899193844,9.01909136884741,1.1220441761479356,0.0,0.9552238805970149,0.0,0.1,0.0,0.9999999999999682,0.1,0.08,0.16285714285714287,0.5,0.25
316,0.9283705071064329,0.5542041862659008,0.9283705071064329,0.5542041862659008,0.26107685272754566,0.5407561285118165,0.5942857142857143,0.39984312840824826,0.396922180735707,0.10285714285714286,0.5942857142857143,0.39984312840824826,0.396922180735707,0.10285714285714286,0.17142857142857143,0.18857142857142858,0.0,39.24857142857143,0.2,0.0,7.490676171284435e-16,0.11836634914903713,11.794285714285714,0.0,0.0,0.15,0.08,0,0.22294527625453017,0.38995876719697875,9.02728097004189,1.0996032926249768,0.0,0.9848484848484849,0.0,0.1,0.0,0.9999999999999715,0.1,0.08,0.17142857142857143,0.5,0.25
317,0.9287550223965167,0.5543093331656332,0.9287550223965167,0.5543093331656332,0.26107685272754566,0.5404680414815244,0.5885714285714285,0.39984312840824826,0.396922180735707,0.10285714285714286,0.5885714285714285,0.39984312840824826,0.396922180735707,0.10285714285714286,0.13714285714285715,0.16285714285714287,0.0,39.37714285714286,0.19428571428571428,0.0,6.732864574189507e-16,0.11836634914903713,11.794285714285714,0.0,0.0,0.15,0.08,0,0.2225729784446861,0.3880089733609938,9.009592493498195,1.0776112267724773,0.0,1.0,0.0,0.1,0.0,0.9999999999999744,0.1,0.08,0.13714285714285715,0.5,0.25
318,0.9272566882039162,0.5545645901022809,0.9272566882039162,0.5545645901022809,0.26107685272754566,0.540107285366314,0.5742857142857143,0.39995741412253405,0.3970078950214213,0.10285714285714286,0.5742857142857143,0.39995741412253405,0.3970078950214213,0.10285714285714286,0.1457142857142857,0.16,0.0,39.51714285714286,0.19428571428571428,0.0,6.062492776759378e-16,0.11836634914903713,11.794285714285714,0.0,0.0,0.15,0.08,0,0.2226309706953198,0.3924964472840476,8.989400643628231,1.0755370448271053,0.0,0.9821428571428571,0.0,0.1,0.0,0.9999999999999769,0.1,0.08,0.1457142857142857,0.5,0.25
319,0.9269773755081407,0.5540559834760522,0.9269773755081407,0.5540559834760522,0.26107685272754566,0.5397614476238279,0.6057142857142858,0.39995741412253405,0.3970078950214213,0.10285714285714286,0.6057142857142858,0.39995741412253405,0.3970078950214213,0.10285714285714286,0.14285714285714285,0.18,0.0,39.64,0.19428571428571428,0.0,5.450414179105784e-16,0.11836634914903713,11.794285714285714,0.0,0.0,0.15,0.08,0,0.2223739594132718,0.39053396504762733,8.989612630755667,1.0540263039305633,0.0,1.0,0.0,0.1,0.0,0.9999999999999792,0.1,0.08,0.14285714285714285,0.5,0.25
320,0.9262761998801535,0.553670368924158,0.9262761998801535,0.553670368924158,0.26107685272754566,0.5393358811121438,0.6228571428571429,0.40012884269396265,0.3971364664499927,0.10285714285714286,0.6228571428571429,0.40012884269396265,0.3971364664499927,0.10285714285714286,0.13714285714285715,0.15142857142857144,0.0,39.77142857142857,0.19428571428571428,0.0,4.896628781228724e-16,0.11836634914903713,11.794285714285714,0.0,0.0,0.15,0.08,0,0.22326123318763402,0.47444742359625425,8.961248949569127,1.159436258692456,0.0,0.9433962264150944,0.0,0.1,0.0,0.9999999999999813,0.1,0.08,0.13714285714285715,0.5,0.25
321,0.9253884096537326,0.5530929097495808,0.9253884096537326,0.5530929097495808,0.26107685272754566,0.5390775330851479,0.5885714285714285,0.40012884269396265,0.3971364664499927,0.10285714285714286,0.5885714285714285,0.40012884269396265,0.3971364664499927,0.10285714285714286,0.14285714285714285,0.16,0.0,39.86857142857143,0.19142857142857142,0.0,4.401136583128197e-16,0.11836634914903713,11.794285714285714,0.0,0.0,0.15,0.08,0,0.22297249845026726,0.472075186478273,8.942023970577742,1.1362475335186069,0.0,1.0,0.0,0.1,0.0,0.9999999999999832,0.1,0.08,0.14285714285714285,0.5,0.25
322,0.9249632702916879,0.5531069642062657,0.9249632702916879,0.5531069642062657,0.26107685272754566,0.5388885161898525,0.66,0.4001859855511054,0.39717932359284985,0.10285714285714286,0.66,0.4001859855511054,0.39717932359284985,0.10285714285714286,0.14,0.1742857142857143,0.0,39.988571428571426,0.19428571428571428,0.0,3.963937584804202e-16,0.11836634914903713,11.794285714285714,0.0,0.0,0.15,0.08,0,0.22311377952944453,0.46971481054588166,8.937469205451901,1.1135225828482347,0.0,0.9836065573770492,0.0,0.1,0.0,0.9999999999999849,0.1,0.08,0.14,0.5,0.25
323,0.9241914920525995,0.5523709257250307,0.9241914920525995,0.5523709257250307,0.26107685272754566,0.5386936131174841,0.5828571428571429,0.4002431284082483,0.39722218073570703,0.10285714285714286,0.5828571428571429,0.4002431284082483,0.39722218073570703,0.10285714285714286,0.15714285714285714,0.19428571428571428,0.0,40.12571428571429,0.18857142857142858,0.0,3.5558851863684737e-16,0.11836634914903713,11.794285714285714,0.0,0.0,0.15,0.08,0,0.2232544970603687,0.46836180027383684,8.953005535628575,1.3268932406820118,0.0,0.9852941176470589,0.0,0.1,0.0,0.9999999999999865,0.1,0.08,0.15714285714285714,0.5,0.25
324,0.924513229248198,0.5529871091952471,0.924513229248198,0.5529871091952471,0.26107685272754566,0.5384795641502824,0.5971428571428572,0.4005288426939626,0.39743646644999275,0.10285714285714286,0.5971428571428572,0.4005288426939626,0.39743646644999275,0.10285714285714286,0.14285714285714285,0.16285714285714287,0.0,40.24857142857143,0.19142857142857142,0.0,3.206125987709278e-16,0.11836634914903713,11.794285714285714,0.0,0.0,0.15,0.08,0,0.2241373681464954,0.4660199912724676,8.936802567773148,1.3506902552775117,0.0,0.9473684210526315,0.0,0.1,0.0,0.9999999999999878,0.1,0.08,0.14285714285714285,0.5,0.25
325,0.9263194801390867,0.5526693876242523,0.9263194801390867,0.5526693876242523,0.26107685272754566,0.5382621281775045,0.62,0.4005288426939626,0.39743646644999275,0.10285714285714286,0.62,0.4005288426939626,0.39743646644999275,0.10285714285714286,0.15714285714285714,0.19142857142857142,0.0,40.35142857142857,0.18857142857142858,0.0,2.88551338893835e-16,0.11836634914903713,11.794285714285714,0.0,0.0,0.15,0.08,0,0.22395839559147726,0.4636898913161053,8.949495087846255,1.3236764501719616,0.0,1.0,0.0,0.1,0.0,0.999999999999989,0.1,0.08,0.15714285714285714,0.5,0.25
326,0.9276867040134373,0.5515652187441177,0.9276867040134373,0.5515652187441177,0.26107685272754566,0.5380603124724114,0.6114285714285714,0.4006431284082483,0.397522180735707,0.10285714285714286,0.6114285714285714,0.4006431284082483,0.397522180735707,0.10285714285714286,0.1457142857142857,0.16857142857142857,0.0,40.46,0.18857142857142858,0.0,2.5940473900556877e-16,0.11836634914903713,11.794285714285714,0.0,0.0,0.15,0.08,0,0.22392403218494844,0.4613714418595247,8.93907661466076,1.2972029211685223,0.0,0.9830508474576272,0.0,0.1,0.0,0.9999999999999901,0.1,0.08,0.1457142857142857,0.5,0.25
327,0.9268650880643755,0.5511829872865687,0.9268650880643755,0.5511829872865687,0.26107685272754566,0.537848405049772,0.6057142857142858,0.4006431284082483,0.397522180735707,0.10285714285714286,0.6057142857142858,0.4006431284082483,0.397522180735707,0.10285714285714286,0.14857142857142858,0.17142857142857143,0.0,40.58857142857143,0.18857142857142858,0.0,2.3317279910612917e-16,0.11836634914903713,11.794285714285714,0.0,0.0,0.15,0.08,0,0.22368898416688077,0.45906458465022715,8.931723653796116,1.2712588627451518,0.0,1.0,0.0,0.1,0.0,0.9999999999999911,0.1,0.08,0.14857142857142858,0.5,0.25
328,0.9283910004892414,0.5508365776266492,0.9283910004892414,0.5508365776266492,0.26107685272754566,0.5375599169279291,0.5942857142857143,0.4007574141225341,0.3976078950214213,0.10285714285714286,0.5942857142857143,0.4007574141225341,0.3976078950214213,0.10285714285714286,0.15428571428571428,0.17142857142857143,0.0,40.70857142857143,0.18857142857142858,0.0,2.0985551919551621e-16,0.11836634914903713,11.794285714285714,0.0,0.0,0.15,0.08,0,0.2238269685317607,0.46078316791657525,8.924517752148764,1.320825445836641,0.0,0.9833333333333333,0.0,0.1,0.0,0.999999999999992,0.1,0.08,0.15428571428571428,0.5,0.25
329,0.9298674391759119,0.5505502865644101,0.9298674391759119,0.5505502865644101,0.26107685272754566,0.5372241544382592,0.6057142857142858,0.40087169983681975,0.3976936093071356,0.10285714285714286,0.6057142857142858,0.40087169983681975,0.3976936093071356,0.10285714285714286,0.14857142857142858,0.1742857142857143,0.0,40.84571428571429,0.18857142857142858,0.0,1.894528992737299e-16,0.11836634914903713,11.794285714285714,0.0,0.0,0.15,0.08,0,0.22422197654624476,0.45847925207699236,8.920313111391504,1.443679793462936,0.0,0.9672131147540983,0.0,0.1,0.0,0.9999999999999928,0.1,0.08,0.14857142857142858,0.5,0.25
330,0.9290166608249109,0.5501276979522534,0.9290166608249109,0.5501276979522534,0.26107685272754566,0.5369189754398849,0.6114285714285714,0.4011002712653911,0.3978650378785642,0.10285714285714286,0.6114285714285714,0.4011002712653911,0.3978650378785642,0.10285714285714286,0.15714285714285714,0.17142857142857143,0.0,40.97142857142857,0.18857142857142858,0.0,1.6905027935194355e-16,0.11836634914903713,11.794285714285714,0.0,0.0,0.15,0.08,0,0.22524201308851352,0.46235829066291234,8.913335420592244,1.440425094532871,0.0,0.95,0.0,0.1,0.0,0.9999999999999936,0.1,0.08,0.15714285714285714,0.5,0.25
331,0.9287903820327168,0.5495617314178121,0.9287903820327168,0.5495617314178121,0.26107685272754566,0.5365580361636484,0.5657142857142857,0.4011002712653911,0.3978650378785642,0.10285714285714286,0.5657142857142857,0.4011002712653911,0.3978650378785642,0.10285714285714286,0.1457142857142857,0.16857142857142857,0.0,41.128571428571426,0.18857142857142858,0.0,1.5156231941898385e-16,0.11836634914903713,11.794285714285714,0.0,0.0,0.15,0.08,0,0.2249719465944995,0.4600464992095978,8.903640140751829,1.4116165926422135,0.0,1.0,0.0,0.1,0.0,0.9999999999999942,0.1,0.08,0.1457142857142857,0.5,0.25
332,0.9285198133011655,0.5506898265067066,0.9285198133011655,0.5506898265067066,0.26107685272754566,0.5361514808874585,0.6257142857142857,0.4011574141225341,0.39790789502142127,0.10285714285714286,0.6257142857142857,0.4011574141225341,0.39790789502142127,0.10285714285714286,0.13714285714285715,0.16285714285714287,0.0,41.24285714285714,0.19142857142857142,0.0,1.3698901947485075e-16,0.11836634914903713,11.794285714285714,0.0,0.0,0.15,0.08,0,0.2250465161472413,0.4577462667135498,8.888424480793933,1.3833842607893692,0.0,0.9824561403508771,0.0,0.1,0.0,0.9999999999999948,0.1,0.08,0.13714285714285715,0.5,0.25
333,0.9297013730178375,0.550332384320418,0.9297013730178375,0.550332384320418,0.26107685272754566,0.5357934311721505,0.6171428571428571,0.4012145569796769,0.3979507521642784,0.10285714285714286,0.6171428571428571,0.4012145569796769,0.3979507521642784,0.10285714285714286,0.14285714285714285,0.16,0.0,41.39142857142857,0.19428571428571428,0.0,1.224157195307177e-16,0.11836634914903713,11.794285714285714,0.0,0.0,0.15,0.08,0,0.22509199856650514,0.45545753537998207,8.870655991178054,1.3557165755735818,0.0,0.9821428571428571,0.0,0.1,0.0,0.9999999999999953,0.1,0.08,0.14285714285714285,0.5,0.25
334,0.9295544499333952,0.5485557560079779,0.9295544499333952,0.5485557560079779,0.26107685272754566,0.5353789767464441,0.6028571428571429,0.4012145569796769,0.3979507521642784,0.10285714285714286,0.6028571428571429,0.4012145569796769,0.3979507521642784,0.10285714285714286,0.13714285714285715,0.17142857142857143,0.0,41.50857142857143,0.19142857142857142,0.0,1.1075707957541123e-16,0.11836634914903713,11.794285714285714,0.0,0.0,0.15,0.08,0,0.22485082714152974,0.45318024770308213,8.864671442783065,1.3286022440621101,0.0,1.0,0.0,0.1,0.0,0.9999999999999958,0.1,0.08,0.13714285714285715,0.5,0.25
335,0.9291985093449262,0.5484273116029236,0.9291985093449262,0.5484273116029236,0.26107685272754566,0.5349496092578981,0.6142857142857143,0.4012145569796769,0.3979507521642784,0.10285714285714286,0.6142857142857143,0.4012145569796769,0.3979507521642784,0.10285714285714286,0.1457142857142857,0.17714285714285713,0.0,41.66,0.19714285714285715,0.0,9.909843962010479e-17,0.11836634914903713,11.794285714285714,0.0,0.0,0.15,0.08,0,0.22455428800582208,0.4509143464645667,8.864520871070262,1.3020301991808678,0.0,1.0,0.0,0.1,0.0,0.9999999999999962,0.1,0.08,0.1457142857142857,0.5,0.25
336,0.9282310647219255,0.5482212562097738,0.9282310647219255,0.5482212562097738,0.26107685272754566,0.534523067037672,0.5885714285714285,0.4012716998368197,0.3979936093071357,0.10285714285714286,0.5885714285714285,0.4012716998368197,0.3979936093071357,0.10285714285714286,0.14,0.18,0.0,41.77428571428572,0.19428571428571428,0.0,9.035445965362495e-17,0.11836634914903713,11.794285714285714,0.0,0.0,0.15,0.08,0,0.224659516565793,0.44865977473224383,8.867230453648855,1.2759895951972506,0.0,0.9841269841269841,0.0,0.1,0.0,0.9999999999999966,0.1,0.08,0.14,0.5,0.25
337,0.9275004029759675,0.5485670281820089,0.9275004029759675,0.5485670281820089,0.26107685272754566,0.5340102988393459,0.5885714285714285,0.4013288426939626,0.39803646644999274,0.10285714285714286,0.5885714285714285,0.4013288426939626,0.39803646644999274,0.10285714285714286,0.15428571428571428,0.2,0.0,41.902857142857144,0.19714285714285715,0.0,8.16104796871451e-17,0.11836634914903713,11.794285714285714,0.0,0.0,0.15,0.08,0,0.2247927904115354,0.44641647585858263,8.889885844575877,1.4077360220988617,0.0,0.9857142857142858,0.0,0.1,0.0,0.9999999999999969,0.1,0.08,0.15428571428571428,0.5,0.25
338,0.9282609579835015,0.5494391180556782,0.9282609579835015,0.5494391180556782,0.26107685272754566,0.5335703695250307,0.5742857142857143,0.4013288426939626,0.39803646644999274,0.10285714285714286,0.5742857142857143,0.4013288426939626,0.39803646644999274,0.10285714285714286,0.15142857142857144,0.17142857142857143,0.0,42.042857142857144,0.19142857142857142,0.0,7.286649972066527e-17,0.11836634914903713,11.794285714285714,0.0,0.0,0.15,0.08,0,0.2243259693166206,0.4441843934792897,8.883516699112933,1.3795813016568845,0.0,1.0,0.0,0.1,0.0,0.9999999999999972,0.1,0.08,0.15142857142857144,0.5,0.25
339,0.9281990727235497,0.5485742478142028,0.9281990727235497,0.5485742478142028,0.26107685272754566,0.5331657119340028,0.56,0.40161455697967685,0.39825075216427847,0.10285714285714286,0.56,0.40161455697967685,0.39825075216427847,0.10285714285714286,0.1657142857142857,0.19428571428571428,0.0,42.22,0.19428571428571428,0.0,6.412251975418542e-17,0.11836634914903713,11.794285714285714,0.0,0.0,0.15,0.08,0,0.22534605518432324,0.45303761240298235,8.900132079416387,1.3609669008427425,0.0,0.9558823529411765,0.0,0.1,0.0,0.9999999999999976,0.1,0.08,0.1657142857142857,0.5,0.25
340,0.9276658496273593,0.5487074373885396,0.9276658496273593,0.5487074373885396,0.26107685272754566,0.5326428293460989,0.6114285714285714,0.4016716998368198,0.39829360930713553,0.10285714285714286,0.6114285714285714,0.4016716998368198,0.39829360930713553,0.10285714285714286,0.1742857142857143,0.20285714285714285,0.0,42.348571428571425,0.19428571428571428,0.0,5.82931997765322e-17,0.11836634914903713,11.794285714285714,0.0,0.0,0.15,0.08,0,0.22553247061911588,0.4507724243409674,8.924986580685202,1.3337475628258877,0.0,0.9859154929577465,0.0,0.1,0.0,0.9999999999999978,0.1,0.08,0.1742857142857143,0.5,0.25
341,0.9261274279601425,0.5487462713932539,0.9261274279601425,0.5487462713932539,0.26107685272754566,0.5321805373419412,0.5742857142857143,0.40178598555110545,0.3983793235928499,0.10285714285714286,0.5742857142857143,0.40178598555110545,0.3983793235928499,0.10285714285714286,0.1457142857142857,0.18,0.0,42.462857142857146,0.19714285714285715,0.0,5.246387979887897e-17,0.11836634914903713,11.794285714285714,0.0,0.0,0.15,0.08,0,0.22557566612316318,0.4485185622192626,8.926486849071498,1.3070726115693698,0.0,0.9841269841269841,0.0,0.1,0.0,0.999999999999998,0.1,0.08,0.1457142857142857,0.5,0.25
342,0.9262473882125565,0.5487753966412092,0.9262473882125565,0.5487753966412092,0.26107685272754566,0.531621451412788,0.6371428571428571,0.4019002712653912,0.39846503787856413,0.10285714285714286,0.6371428571428571,0.4019002712653912,0.39846503787856413,0.10285714285714286,0.15428571428571428,0.18285714285714286,0.0,42.597142857142856,0.19428571428571428,0.0,4.663455982122575e-17,0.11836634914903713,11.794285714285714,0.0,0.0,0.15,0.08,0,0.22607578779254733,0.44627596940816633,8.93081425494721,1.2900383318654027,0.0,0.96875,0.0,0.1,0.0,0.9999999999999982,0.1,0.08,0.15428571428571428,0.5,0.25
343,0.9257375504299379,0.5483387418657324,0.9257375504299379,0.5483387418657324,0.26107685272754566,0.5310658274561919,0.5828571428571429,0.40218598555110546,0.3986793235928499,0.10285714285714286,0.5828571428571429,0.40218598555110546,0.3986793235928499,0.10285714285714286,0.14857142857142858,0.17714285714285713,0.0,42.71142857142857,0.19714285714285715,0.0,4.080523984357253e-17,0.11836634914903713,11.794285714285714,0.0,0.0,0.15,0.08,0,0.2270302667107275,0.44404458956112547,8.929340826991124,1.2653471787920656,0.0,0.9516129032258065,0.0,0.1,0.0,0.9999999999999984,0.1,0.08,0.14857142857142858,0.5,0.25
344,0.9265207861662452,0.5493823228202578,0.9265207861662452,0.5493823228202578,0.26107685272754566,0.53051553572635,0.6028571428571429,0.4023002712653912,0.39876503787856415,0.10285714285714286,0.6028571428571429,0.4023002712653912,0.39876503787856415,0.10285714285714286,0.14285714285714285,0.19428571428571428,0.0,42.83428571428571,0.19428571428571428,0.0,3.7890579854745924e-17,0.11836634914903713,11.794285714285714,0.0,0.0,0.15,0.08,0,0.22717997323431668,0.45416812324798933,8.945039724737017,1.2924167744394368,0.0,0.9852941176470589,0.0,0.1,0.0,0.9999999999999986,0.1,0.08,0.14285714285714285,0.5,0.25
345,0.9251833925448341,0.5503061398588586,0.9251833925448341,0.5503061398588586,0.26107685272754566,0.5301024547700421,0.5571428571428572,0.40235741412253395,0.3988078950214213,0.10285714285714286,0.5571428571428572,0.40235741412253395,0.3988078950214213,0.10285714285714286,0.16285714285714287,0.18857142857142858,0.0,42.962857142857146,0.19428571428571428,0.0,3.497591986591931e-17,0.11836634914903713,11.794285714285714,0.0,0.0,0.15,0.08,0,0.2273005026538594,0.46184881771201763,8.954710358813704,1.5975710862597543,0.0,0.9848484848484849,0.0,0.1,0.0,0.9999999999999987,0.1,0.08,0.16285714285714287,0.5,0.25
346,0.9250673301860314,0.5499649290381258,0.9250673301860314,0.5499649290381258,0.26107685272754566,0.5298983377778678,0.5857142857142857,0.40241455697967693,0.39885075216427845,0.10285714285714286,0.5857142857142857,0.40241455697967693,0.39885075216427845,0.10285714285714286,0.15142857142857144,0.18285714285714286,0.0,43.09428571428571,0.19714285714285715,0.0,3.2061259877092696e-17,0.11836634914903713,11.794285714285714,0.0,0.0,0.15,0.08,0,0.22730671442630437,0.45953957362345754,8.95847329449457,1.5656196645345593,0.0,0.984375,0.0,0.1,0.0,0.9999999999999988,0.1,0.08,0.15142857142857144,0.5,0.25
347,0.9262765842279063,0.5500846266327871,0.9262765842279063,0.5500846266327871,0.26107685272754566,0.5297987257012028,0.58,0.40247169983681974,0.39889360930713563,0.10285714285714286,0.58,0.40247169983681974,0.39889360930713563,0.10285714285714286,0.14285714285714285,0.15428571428571428,0.0,43.222857142857144,0.19714285714285715,0.0,2.9146599888266085e-17,0.11836634914903713,11.794285714285714,0.0,0.0,0.15,0.08,0,0.22731232442560143,0.45724187575534025,8.933589542890394,1.5343072712438681,0.0,0.9814814814814815,0.0,0.1,0.0,0.9999999999999989,0.1,0.08,0.14285714285714285,0.5,0.25
348,0.9263353858669761,0.5490957655278793,0.9263353858669761,0.5490957655278793,0.26107685272754566,0.5296247861310115,0.5742857142857143,0.40252884269396255,0.39893646644999275,0.10285714285714286,0.5742857142857143,0.40252884269396255,0.39893646644999275,0.10285714285714286,0.18,0.19714285714285715,0.0,43.38285714285714,0.20285714285714285,0.0,2.623193989943948e-17,0.11836634914903713,11.794285714285714,0.0,0.0,0.15,0.08,0,0.22754576565704487,0.4549556663765636,8.952060609175444,1.5036211258189909,0.0,0.9855072463768116,0.0,0.1,0.0,0.999999999999999,0.1,0.08,0.18,0.5,0.25
349,0.9249833547762973,0.5490783413202981,0.9249833547762973,0.5490783413202981,0.26107685272754566,0.5294858039192983,0.5771428571428572,0.40252884269396255,0.39893646644999275,0.10285714285714286,0.5771428571428572,0.40252884269396255,0.39893646644999275,0.10285714285714286,0.16285714285714287,0.18571428571428572,0.0,43.51714285714286,0.20857142857142857,0.0,2.331727991061287e-17,0.11836634914903713,11.794285714285714,0.0,0.0,0.15,0.08,0,0.22717860968590248,0.45268088804468076,8.95873368270622,1.473548703302611,0.0,1.0,0.0,0.1,0.0,0.9999999999999991,0.1,0.08,0.16285714285714287,0.5,0.25
350,0.9250689333506902,0.5485434722032009,0.9250689333506902,0.5485434722032009,0.26107685272754566,0.5292855646012363,0.5542857142857143,0.4027002712653912,0.3990650378785641,0.10571428571428572,0.5542857142857143,0.4027002712653912,0.3990650378785641,0.10571428571428572,0.18285714285714286,0.21142857142857144,0.0,43.64,0.20857142857142857,0.0,2.0402619921786265e-17,0.11836634914903713,11.794285714285714,0.0,0.0,0.15,0.08,0,0.22778485949461583,0.4504174836044573,8.990987580480667,1.4440777292365587,0.0,0.972972972972973,0.0,0.1,0.0,0.9999999999999992,0.1,0.08,0.18285714285714286,0.5,0.25
351,0.9260477641425967,0.5484503494049185,0.9260477641425967,0.5484503494049185,0.26107685272754566,0.5288134249854038,0.5885714285714285,0.4027002712653912,0.3990650378785641,0.10571428571428572,0.5885714285714285,0.4027002712653912,0.3990650378785641,0.10571428571428572,0.17142857142857143,0.2057142857142857,0.0,43.78285714285714,0.2057142857142857,0.0,1.748795993295965e-17,0.11836634914903713,11.794285714285714,0.0,0.0,0.15,0.08,0,0.22747422091142847,0.448165396186435,9.01688211458534,1.4151961746518276,0.0,1.0,0.0,0.1,0.0,0.9999999999999993,0.1,0.08,0.17142857142857143,0.5,0.25
352,0.9259689832186402,0.5479905047850436,0.9259689832186402,0.5479905047850436,0.26107685272754566,0.5282312838899482,0.5771428571428572,0.40310027126539116,0.3993650378785641,0.10857142857142857,0.5771428571428572,0.40310027126539116,0.3993650378785641,0.10857142857142857,0.15142857142857144,0.19142857142857142,0.0,43.92,0.20857142857142857,0.0,1.457329994413304e-17,0.11836634914903713,11.794285714285714,0.0,0.0,0.15,0.08,0,0.2287368498068713,0.46148890426023487,9.027973043722204,1.4535377362434168,0.0,0.9402985074626866,0.0,0.1,0.0,0.9999999999999994,0.1,0.08,0.15142857142857144,0.5,0.25
353,0.925307936146529,0.5469296755594479,0.925307936146529,0.5469296755594479,0.26107685272754566,0.5276794546450565,0.5771428571428572,0.4032716998368198,0.39949360930713557,0.10857142857142857,0.5771428571428572,0.4032716998368198,0.39949360930713557,0.10857142857142857,0.14857142857142858,0.1742857142857143,0.0,44.08857142857143,0.20857142857142857,0.0,1.1658639955306433e-17,0.11836634914903713,11.794285714285714,0.0,0.0,0.15,0.08,0,0.22922102341497982,0.4591814597389337,9.021699297133475,1.4244669815185484,0.0,0.9672131147540983,0.0,0.1,0.0,0.9999999999999996,0.1,0.08,0.14857142857142858,0.5,0.25
354,0.9277649225914854,0.5457450305820337,0.9277649225914854,0.5457450305820337,0.26107685272754566,0.5271635980454283,0.6228571428571429,0.4032716998368198,0.39949360930713557,0.10857142857142857,0.6228571428571429,0.4032716998368198,0.39949360930713557,0.10857142857142857,0.16857142857142857,0.19142857142857142,0.0,44.19714285714286,0.20857142857142857,0.0,1.1658639955306433e-17,0.11836634914903713,11.794285714285714,0.0,0.0,0.15,0.08,0,0.22898820472647635,0.45688555244023904,9.032693882619377,1.3959776418881773,0.0,1.0,0.0,0.1,0.0,0.9999999999999996,0.1,0.08,0.16857142857142857,0.5,0.25
355,0.9264370807380361,0.5460637122020827,0.9264370807380361,0.5460637122020827,0.26107685272754566,0.5265642918554679,0.5571428571428572,0.4034431284082483,0.39962218073570704,0.10857142857142857,0.5571428571428572,0.4034431284082483,0.39962218073570704,0.10857142857142857,0.15428571428571428,0.18285714285714286,0.0,44.31142857142857,0.20857142857142857,0.0,1.1658639955306433e-17,0.11836634914903713,11.794285714285714,0.0,0.0,0.15,0.08,0,0.22944297798855823,0.46072458698127966,9.03489714782413,1.3763212966176455,0.0,0.96875,0.0,0.1,0.0,0.9999999999999996,0.1,0.08,0.15428571428571428,0.5,0.25
356,0.9254121108001769,0.5453534043763408,0.9254121108001769,0.5453534043763408,0.26107685272754566,0.5261118653849762,0.5885714285714285,0.4034431284082483,0.39962218073570704,0.10857142857142857,0.5885714285714285,0.4034431284082483,0.39962218073570704,0.10857142857142857,0.1742857142857143,0.21142857142857144,0.0,44.45428571428572,0.21142857142857144,0.0,1.1658639955306433e-17,0.11836634914903713,11.794285714285714,0.0,0.0,0.15,0.08,0,0.22918090595575832,0.4584209640463733,9.06562777629622,1.3487948706852924,0.0,1.0,0.0,0.1,0.0,0.9999999999999996,0.1,0.08,0.1742857142857143,0.5,0.25
357,0.9248385388227411,0.5457989267131627,0.9248385388227411,0.5457989267131627,0.26107685272754566,0.5256487383559744,0.5228571428571429,0.40350027126539123,0.39966503787856417,0.10857142857142857,0.5228571428571429,0.40350027126539123,0.39966503787856417,0.10857142857142857,0.1657142857142857,0.18857142857142858,0.0,44.582857142857144,0.21142857142857144,0.0,1.1658639955306433e-17,0.11836634914903713,11.794285714285714,0.0,0.0,0.15,0.08,0,0.2291777157116938,0.4724964979868685,9.072886649341724,1.337109806701589,0.0,0.9848484848484849,0.0,0.1,0.0,0.9999999999999996,0.1,0.08,0.1657142857142857,0.5,0.25
358,0.924017476249369,0.5455503553456393,0.924017476249369,0.5455503553456393,0.26107685272754566,0.5253217631910592,0.5514285714285714,0.4036716998368198,0.39979360930713564,0.10857142857142857,0.5514285714285714,0.4036716998368198,0.39979360930713564,0.10857142857142857,0.16857142857142857,0.20857142857142857,0.0,44.705714285714286,0.20857142857142857,0.0,1.1658639955306433e-17,0.11836634914903713,11.794285714285714,0.0,0.0,0.15,0.08,0,0.23014568427599247,0.5244455647232664,9.100000344926316,1.3668293998920624,0.0,0.958904109589041,0.0,0.1,0.0,0.9999999999999996,0.1,0.08,0.16857142857142857,0.5,0.25
359,0.9247051333013029,0.5453800325179864,0.9247051333013029,0.5453800325179864,0.26107685272754566,0.525046522644145,0.5857142857142857,0.4036716998368198,0.39979360930713564,0.10857142857142857,0.5857142857142857,0.4036716998368198,0.39979360930713564,0.10857142857142857,0.14285714285714285,0.16285714285714287,0.0,44.83714285714286,0.21428571428571427,0.0,1.1658639955306433e-17,0.11836634914903713,11.794285714285714,0.0,0.0,0.15,0.08,0,0.22965152799746963,0.52182333689965,9.080857480884935,1.3394928118942213,0.0,1.0,0.0,0.1,0.0,0.9999999999999996,0.1,0.08,0.14285714285714285,0.5,0.25
360,0.9226730512328303,0.5446599337173783,0.9226730512328303,0.5446599337173783,0.26107685272754566,0.5246745961482177,0.52,0.4036716998368198,0.39979360930713564,0.10857142857142857,0.52,0.4036716998368198,0.39979360930713564,0.10857142857142857,0.15714285714285714,0.18857142857142858,0.0,44.962857142857146,0.21142857142857144,0.0,1.1658639955306433e-17,0.11836634914903713,11.794285714285714,0.0,0.0,0.15,0.08,0,0.2293879846431966,0.5192142202151518,9.087811759838665,1.3127029556563368,0.0,1.0,0.0,0.1,0.0,0.9999999999999996,0.1,0.08,0.15714285714285714,0.5,0.25
361,0.9224074883805123,0.5439734894712444,0.9224074883805123,0.5439734894712444,0.26107685272754566,0.5242605593287603,0.5914285714285714,0.4037859855511055,0.39987932359284983,0.10857142857142857,0.5914285714285714,0.4037859855511055,0.39987932359284983,0.10857142857142857,0.16285714285714287,0.19428571428571428,0.0,45.07142857142857,0.21428571428571427,0.0,1.1658639955306433e-17,0.11836634914903713,11.794285714285714,0.0,0.0,0.15,0.08,0,0.2295544740056949,0.5166181491140761,9.100341238927605,1.2918620125453926,0.0,0.9852941176470589,0.0,0.1,0.0,0.9999999999999996,0.1,0.08,0.16285714285714287,0.5,0.25
362,0.9237851705857318,0.5433907572972447,0.9237851705857318,0.5433907572972447,0.26107685272754566,0.5239275034167418,0.56,0.4037859855511055,0.39987932359284983,0.10857142857142857,0.56,0.4037859855511055,0.39987932359284983,0.10857142857142857,0.14,0.16857142857142857,0.0,45.20285714285714,0.21142857142857144,0.0,1.1658639955306433e-17,0.11836634914903713,11.794285714285714,0.0,0.0,0.15,0.08,0,0.229092130207095,0.5140350583685057,9.086905842720482,1.2660247722944846,0.0,1.0,0.0,0.1,0.0,0.9999999999999996,0.1,0.08,0.14,0.5,0.25
363,0.9234444992944646,0.5428886814452336,0.9234444992944646,0.5428886814452336,0.26107685272754566,0.5236229516016551,0.5714285714285714,0.4039002712653912,0.39996503787856424,0.10857142857142857,0.5714285714285714,0.4039002712653912,0.39996503787856424,0.10857142857142857,0.1657142857142857,0.18571428571428572,0.0,45.34285714285714,0.21714285714285714,0.0,1.1658639955306433e-17,0.11836634914903713,11.794285714285714,0.0,0.0,0.15,0.08,0,0.2292315266989167,0.5114648830766632,9.090882011580357,1.240704276848595,0.0,0.9846153846153847,0.0,0.1,0.0,0.9999999999999996,0.1,0.08,0.1657142857142857,0.5,0.25
364,0.9231467290369122,0.5432254650865148,0.9231467290369122,0.5432254650865148,0.26107685272754566,0.5233469304082079,0.5628571428571428,0.4039002712653912,0.39996503787856424,0.10857142857142857,0.5628571428571428,0.4039002712653912,0.39996503787856424,0.10857142857142857,0.12857142857142856,0.16,0.0,45.48,0.21428571428571427,0.0,1.1658639955306433e-17,0.11836634914903713,11.794285714285714,0.0,0.0,0.15,0.08,0,0.22882765477970782,0.5089075586612798,9.06906437134875,1.2158901913116231,0.0,1.0,0.0,0.1,0.0,0.9999999999999996,0.1,0.08,0.12857142857142856,0.5,0.25
365,0.9235271697469074,0.5432279912606206,0.9235271697469074,0.5432279912606206,0.26107685272754566,0.5231404615349057,0.5714285714285714,0.4039002712653912,0.39996503787856424,0.10857142857142857,0.5714285714285714,0.4039002712653912,0.39996503787856424,0.10857142857142857,0.15142857142857144,0.18571428571428572,0.0,45.605714285714285,0.21142857142857144,0.0,1.1658639955306433e-17,0.11836634914903713,11.794285714285714,0.0,0.0,0.15,0.08,0,0.22848280222009495,0.5063630208679735,9.073397369636059,1.1915723874853905,0.0,1.0,0.0,0.1,0.0,0.9999999999999996,0.1,0.08,0.15142857142857144,0.5,0.25
366,0.9226453423931351,0.5431962106358779,0.9226453423931351,0.5431962106358779,0.26107685272754566,0.5229670121729305,0.5971428571428572,0.403957414122534,0.4000078950214213,0.10857142857142857,0.5971428571428572,0.403957414122534,0.4000078950214213,0.10857142857142857,0.16,0.17714285714285713,0.0,45.745714285714286,0.20857142857142857,0.0,1.1658639955306433e-17,0.11836634914903713,11.794285714285714,0.0,0.0,0.15,0.08,0,0.22856824606613735,0.5038312057636336,9.069072279386196,1.1677409397356826,0.0,0.9838709677419355,0.0,0.1,0.0,0.9999999999999996,0.1,0.08,0.16,0.5,0.25
367,0.923310239494661,0.5412973154721376,0.923310239494661,0.5412973154721376,0.26107685272754566,0.5228425679441796,0.5628571428571428,0.40401455697967686,0.40005075216427843,0.10857142857142857,0.5628571428571428,0.40401455697967686,0.40005075216427843,0.10857142857142857,0.1742857142857143,0.21428571428571427,0.0,45.88285714285714,0.21142857142857144,0.0,1.1658639955306433e-17,0.11836634914903713,11.794285714285714,0.0,0.0,0.15,0.08,0,0.22882426340723522,0.5013120497348154,9.101976548084185,1.144386120940969,0.0,0.9866666666666667,0.0,0.1,0.0,0.9999999999999996,0.1,0.08,0.1742857142857143,0.5,0.25
368,0.9237160681501351,0.5411698498930061,0.9237160681501351,0.5411698498930061,0.26107685272754566,0.5226768464609424,0.5742857142857143,0.40441455697967693,0.40035075216427846,0.10857142857142857,0.5742857142857143,0.40441455697967693,0.40035075216427846,0.10857142857142857,0.15428571428571428,0.20285714285714285,0.0,45.997142857142855,0.2057142857142857,0.0,1.1658639955306433e-17,0.11836634914903713,11.794285714285714,0.0,0.0,0.15,0.08,0,0.2301087135187705,0.509344778584848,9.122794159979644,1.4074442358776966,0.0,0.9436619718309859,0.0,0.1,0.0,0.9999999999999996,0.1,0.08,0.15428571428571428,0.5,0.25
369,0.9249137308433304,0.5403348257130474,0.9249137308433304,0.5403348257130474,0.26107685272754566,0.5226946414879137,0.5657142857142857,0.40441455697967693,0.40035075216427846,0.10857142857142857,0.5657142857142857,0.40441455697967693,0.40035075216427846,0.10857142857142857,0.1657142857142857,0.19142857142857142,0.0,46.11142857142857,0.20285714285714285,0.0,1.1658639955306433e-17,0.11836634914903713,11.794285714285714,0.0,0.0,0.15,0.08,0,0.22972916995117665,0.5067980546919236,9.131766848208624,1.3792953511601427,0.0,1.0,0.0,0.1,0.0,0.9999999999999996,0.1,0.08,0.1657142857142857,0.5,0.25
370,0.9240739358347836,0.5395034590865547,0.9240739358347836,0.5395034590865547,0.26107685272754566,0.5227797929049998,0.5914285714285714,0.4045288426939626,0.40043646644999276,0.10857142857142857,0.5914285714285714,0.4045288426939626,0.40043646644999276,0.10857142857142857,0.18285714285714286,0.21428571428571427,0.0,46.24285714285714,0.20857142857142857,0.0,1.1658639955306433e-17,0.11836634914903713,11.794285714285714,0.0,0.0,0.15,0.08,0,0.22992280981570648,0.504264064418464,9.163417225530164,1.35170944413694,0.0,0.9866666666666667,0.0,0.1,0.0,0.9999999999999996,0.1,0.08,0.18285714285714286,0.5,0.25
371,0.9230979391894638,0.5392671124210062,0.9230979391894638,0.5392671124210062,0.26107685272754566,0.522937387602536,0.5514285714285714,0.4046431284082483,0.40052218073570706,0.10857142857142857,0.5514285714285714,0.4046431284082483,0.40052218073570706,0.10857142857142857,0.16285714285714287,0.18285714285714286,0.0,46.38285714285714,0.20857142857142857,0.0,1.1658639955306433e-17,0.11836634914903713,11.794285714285714,0.0,0.0,0.15,0.08,0,0.22988748148091367,0.5017427440963717,9.163006023876704,1.324675255254201,0.0,0.984375,0.0,0.1,0.0,0.9999999999999996,0.1,0.08,0.16285714285714287,0.5,0.25
372,0.9226011250419075,0.5397726884453217,0.9226011250419075,0.5397726884453217,0.26107685272754566,0.5229733070688911,0.5771428571428572,0.4047574141225341,0.40060789502142136,0.10857142857142857,0.5771428571428572,0.4047574141225341,0.40060789502142136,0.10857142857142857,0.1657142857142857,0.18,0.0,46.52285714285714,0.21142857142857144,0.0,1.1658639955306433e-17,0.11836634914903713,11.794285714285714,0.0,0.0,0.15,0.08,0,0.22988047264493766,0.4992340303758898,9.159745903399171,1.298181750149117,0.0,0.9841269841269841,0.0,0.1,0.0,0.9999999999999996,0.1,0.08,0.1657142857142857,0.5,0.25
373,0.924664812075805,0.5388849512287768,0.924664812075805,0.5388849512287768,0.26107685272754566,0.5231641180845761,0.5371428571428571,0.40498598555110543,0.4007793235928499,0.10857142857142857,0.5371428571428571,0.40498598555110543,0.4007793235928499,0.10857142857142857,0.1657142857142857,0.18285714285714286,0.0,46.66285714285714,0.21142857142857144,0.0,1.1658639955306433e-17,0.11836634914903713,11.794285714285714,0.0,0.0,0.15,0.08,0,0.23038749885314155,0.5004531242984162,9.15940812818833,1.376974306774468,0.0,0.96875,0.0,0.1,0.0,0.9999999999999996,0.1,0.08,0.1657142857142857,0.5,0.25
374,0.9256775756800955,0.5389002473036061,0.9256775756800955,0.5389002473036061,0.26107685272754566,0.5231895793566228,0.5771428571428572,0.4052145569796769,0.4009507521642785,0.10857142857142857,0.5771428571428572,0.4052145569796769,0.4009507521642785,0.10857142857142857,0.1742857142857143,0.2,0.0,46.76857142857143,0.21428571428571427,0.0,1.1658639955306433e-17,0.11836634914903713,11.794285714285714,0.0,0.0,0.15,0.08,0,0.23137713564101867,0.4979508586769241,9.176219965624563,1.3739676777335543,0.0,0.9571428571428572,0.0,0.1,0.0,0.9999999999999996,0.1,0.08,0.1742857142857143,0.5,0.25
375,0.9263389388479053,0.5378816513867977,0.9263389388479053,0.5378816513867977,0.26107685272754566,0.5233008086995317,0.5942857142857143,0.40544312840824837,0.4011221807357071,0.10857142857142857,0.5942857142857143,0.40544312840824837,0.4011221807357071,0.10857142857142857,0.14857142857142858,0.17142857142857143,0.0,46.90571428571429,0.21142857142857144,0.0,1.1658639955306433e-17,0.11836634914903713,11.794285714285714,0.0,0.0,0.15,0.08,0,0.23224810781995642,0.4954611043835395,9.164124137740641,1.3639868125297385,0.0,0.95,0.0,0.1,0.0,0.9999999999999996,0.1,0.08,0.14857142857142858,0.5,0.25
376,0.9243836873687863,0.5379417658221467,0.9243836873687863,0.5379417658221467,0.26107685272754566,0.5233983731650976,0.6342857142857142,0.40544312840824837,0.4011221807357071,0.10857142857142857,0.6342857142857142,0.40544312840824837,0.4011221807357071,0.10857142857142857,0.12571428571428572,0.16,0.0,47.034285714285716,0.22,0.0,1.1658639955306433e-17,0.11836634914903713,11.794285714285714,0.0,0.0,0.15,0.08,0,0.23182901085228524,0.4929837988616218,9.14084165498583,1.3367070762791438,0.0,1.0,0.0,0.1,0.0,0.9999999999999996,0.1,0.08,0.12571428571428572,0.5,0.25
377,0.9240463585293649,0.5380125266220575,0.9240463585293649,0.5380125266220575,0.26107685272754566,0.5234185712416315,0.5742857142857143,0.40544312840824837,0.4011221807357071,0.10857142857142857,0.5742857142857143,0.40544312840824837,0.4011221807357071,0.10857142857142857,0.14,0.16,0.0,47.14,0.21714285714285714,0.0,1.1658639955306433e-17,0.11836634914903713,11.794285714285714,0.0,0.0,0.15,0.08,0,0.23149715294088094,0.49051887986731363,9.118024821886113,1.309972934753561,0.0,1.0,0.0,0.1,0.0,0.9999999999999996,0.1,0.08,0.14,0.5,0.25
378,0.9241270241647914,0.5378477062155145,0.9241270241647914,0.5378477062155145,0.26107685272754566,0.5233812397076052,0.5857142857142857,0.4056716998368198,0.4012936093071356,0.11142857142857143,0.5857142857142857,0.4056716998368198,0.4012936093071356,0.11142857142857143,0.14,0.16,0.0,47.25714285714286,0.21428571428571427,0.0,1.1658639955306433e-17,0.11836634914903713,11.794285714285714,0.0,0.0,0.15,0.08,0,0.23239552717260512,0.5137758388932044,9.095664325448391,1.3031741679388449,0.0,0.9464285714285714,0.0,0.1,0.0,0.9999999999999996,0.1,0.08,0.14,0.5,0.25
379,0.9226297575078382,0.537854973518457,0.9226297575078382,0.537854973518457,0.26107685272754566,0.523490741714525,0.5914285714285714,0.4056716998368198,0.4012936093071356,0.11142857142857143,0.5914285714285714,0.4056716998368198,0.4012936093071356,0.11142857142857143,0.14285714285714285,0.17142857142857143,0.0,47.38285714285714,0.21714285714285714,0.0,1.1658639955306433e-17,0.11836634914903713,11.794285714285714,0.0,0.0,0.15,0.08,0,0.23217483667959926,0.5112069596987384,9.085179610367994,1.277110684580068,0.0,1.0,0.0,0.1,0.0,0.9999999999999996,0.1,0.08,0.14285714285714285,0.5,0.25
380,0.9233829761700779,0.5373268557216141,0.9233829761700779,0.5373268557216141,0.26107685272754566,0.5236998007848469,0.5657142857142857,0.40578598555110545,0.4013793235928499,0.11142857142857143,0.5657142857142857,0.40578598555110545,0.4013793235928499,0.11142857142857143,0.1457142857142857,0.18285714285714286,0.0,47.502857142857145,0.21142857142857144,0.0,1.1658639955306433e-17,0.11836634914903713,11.794285714285714,0.0,0.0,0.15,0.08,0,0.23215653392477267,0.5086509249002448,9.086333161017778,1.2515684708884667,0.0,0.984375,0.0,0.1,0.0,0.9999999999999996,0.1,0.08,0.1457142857142857,0.5,0.25
381,0.9231712893651459,0.537208054460032,0.9231712893651459,0.537208054460032,0.26107685272754566,0.5237997607600935,0.5971428571428572,0.4058431284082483,0.40142218073570707,0.11142857142857143,0.5971428571428572,0.4058431284082483,0.40142218073570707,0.11142857142857143,0.14,0.16285714285714287,0.0,47.63428571428572,0.21142857142857144,0.0,1.1658639955306433e-17,0.11836634914903713,11.794285714285714,0.0,0.0,0.15,0.08,0,0.2322234662551488,0.5169955509340264,9.067463640654564,1.2703919725584352,0.0,0.9824561403508771,0.0,0.1,0.0,0.9999999999999996,0.1,0.08,0.14,0.5,0.25
382,0.9231365523605917,0.5373431942970098,0.9231365523605917,0.5373431942970098,0.26107685272754566,0.5238977419245451,0.5771428571428572,0.4058431284082483,0.40142218073570707,0.11142857142857143,0.5771428571428572,0.4058431284082483,0.40142218073570707,0.11142857142857143,0.13428571428571429,0.16,0.0,47.73142857142857,0.21428571428571427,0.0,1.1658639955306433e-17,0.11836634914903713,11.794285714285714,0.0,0.0,0.15,0.08,0,0.2318609232060159,0.5144105731793563,9.046114367841472,1.2449841331072664,0.0,1.0,0.0,0.1,0.0,0.9999999999999996,0.1,0.08,0.13428571428571429,0.5,0.25
383,0.9237316581832484,0.5370409404555114,0.9237316581832484,0.5370409404555114,0.26107685272754566,0.5241161300413236,0.5257142857142857,0.4061859855511055,0.40167932359284986,0.11142857142857143,0.5257142857142857,0.4061859855511055,0.40167932359284986,0.11142857142857143,0.17142857142857143,0.20285714285714285,0.0,47.848571428571425,0.21428571428571427,0.0,1.1658639955306433e-17,0.11836634914903713,11.794285714285714,0.0,0.0,0.15,0.08,0,0.23287219001855727,0.5118385203134594,9.068049223341784,1.2200844504451211,0.0,0.9577464788732394,0.0,0.1,0.0,0.9999999999999996,0.1,0.08,0.17142857142857143,0.5,0.25
384,0.9239767862197713,0.5367667333566438,0.9239767862197713,0.5367667333566438,0.26107685272754566,0.5244137437705294,0.5885714285714285,0.4061859855511055,0.40167932359284986,0.11142857142857143,0.5885714285714285,0.4061859855511055,0.40167932359284986,0.11142857142857143,0.1657142857142857,0.19428571428571428,0.0,47.97714285714286,0.21428571428571427,0.0,1.1658639955306433e-17,0.11836634914903713,11.794285714285714,0.0,0.0,0.15,0.08,0,0.2325356869256073,0.5092793277118921,9.080973953160663,1.1956827614362187,0.0,1.0,0.0,0.1,0.0,0.9999999999999996,0.1,0.08,0.1657142857142857,0.5,0.25
385,0.9239645479128512,0.5373749891848908,0.9239645479128512,0.5373749891848908,0.26107685272754566,0.5247628204893905,0.5885714285714285,0.4063002712653912,0.4017650378785642,0.11142857142857143,0.5885714285714285,0.4063002712653912,0.4017650378785642,0.11142857142857143,0.15428571428571428,0.18857142857142858,0.0,48.1,0.21428571428571427,0.0,1.1658639955306433e-17,0.11836634914903713,11.794285714285714,0.0,0.0,0.15,0.08,0,0.23254415134812217,0.5067329310733326,9.08792590266888,1.1717691062074944,0.0,0.9848484848484849,0.0,0.1,0.0,0.9999999999999996,0.1,0.08,0.15428571428571428,0.5,0.25
386,0.9235307741650393,0.5369467168130595,0.9235307741650393,0.5369467168130595,0.26107685272754566,0.5251755716906964,0.5342857142857143,0.40635741412253407,0.40180789502142134,0.11142857142857143,0.5342857142857143,0.40635741412253407,0.40180789502142134,0.11142857142857143,0.13714285714285715,0.1457142857142857,0.0,48.24285714285714,0.20857142857142857,0.0,1.1658639955306433e-17,0.11836634914903713,11.794285714285714,0.0,0.0,0.15,0.08,0,0.23243828773423866,0.504199266417966,9.051881670329788,1.1483337240833444,0.0,0.9803921568627451,0.0,0.1,0.0,0.9999999999999996,0.1,0.08,0.13714285714285715,0.5,0.25
387,0.9243023086533196,0.5369214366971923,0.9243023086533196,0.5369214366971923,0.26107685272754566,0.5254588040108643,0.6085714285714285,0.4067002712653912,0.4020650378785642,0.11142857142857143,0.6085714285714285,0.4067002712653912,0.4020650378785642,0.11142857142857143,0.16285714285714287,0.19142857142857142,0.0,48.38,0.21142857142857144,0.0,1.1658639955306433e-17,0.11836634914903713,11.794285714285714,0.0,0.0,0.15,0.08,0,0.2334748112955675,0.5016782700858762,9.062272608351762,1.1253670496016774,0.0,0.9552238805970149,0.0,0.1,0.0,0.9999999999999996,0.1,0.08,0.16285714285714287,0.5,0.25
388,0.9239266281501178,0.5376355206278576,0.9239266281501178,0.5376355206278576,0.26107685272754566,0.5257071932749404,0.5542857142857143,0.406757414122534,0.40210789502142136,0.11142857142857143,0.5542857142857143,0.406757414122534,0.40210789502142136,0.11142857142857143,0.16857142857142857,0.19428571428571428,0.0,48.52,0.21142857142857144,0.0,1.1658639955306433e-17,0.11836634914903713,11.794285714285714,0.0,0.0,0.15,0.08,0,0.23364844436410748,0.4991698787354468,9.07531287047044,1.1530600026075708,0.0,0.9852941176470589,0.0,0.1,0.0,0.9999999999999996,0.1,0.08,0.16857142857142857,0.5,0.25
389,0.9233100598017165,0.5371068759802452,0.9233100598017165,0.5371068759802452,0.26107685272754566,0.5259232433342187,0.6085714285714285,0.406757414122534,0.40210789502142136,0.11142857142857143,0.6085714285714285,0.406757414122534,0.40210789502142136,0.11142857142857143,0.16285714285714287,0.18857142857142858,0.0,48.63142857142857,0.21142857142857144,0.0,1.1658639955306433e-17,0.11836634914903713,11.794285714285714,0.0,0.0,0.15,0.08,0,0.23322291642800125,0.4966740293417696,9.082378041632461,1.1299988025554195,0.0,1.0,0.0,0.1,0.0,0.9999999999999996,0.1,0.08,0.16285714285714287,0.5,0.25
390,0.9216086694694104,0.5367809788808159,0.9216086694694104,0.5367809788808159,0.26107685272754566,0.5260983707383364,0.5685714285714286,0.40681455697967694,0.4021507521642785,0.11142857142857143,0.5685714285714286,0.40681455697967694,0.4021507521642785,0.11142857142857143,0.16857142857142857,0.19428571428571428,0.0,48.785714285714285,0.20857142857142857,0.0,1.1658639955306433e-17,0.11836634914903713,11.794285714285714,0.0,0.0,0.15,0.08,0,0.23331294613157558,0.4941906591950608,9.095016195085526,1.107398826504311,0.0,0.9852941176470589,0.0,0.1,0.0,0.9999999999999996,0.1,0.08,0.16857142857142857,0.5,0.25
391,0.92238434932366,0.5360751065475235,0.92238434932366,0.5360751065475235,0.26107685272754566,0.5261494822774307,0.5714285714285714,0.4069288426939626,0.4022364664499928,0.11142857142857143,0.5714285714285714,0.4069288426939626,0.4022364664499928,0.11142857142857143,0.1742857142857143,0.19714285714285715,0.0,48.917142857142856,0.20857142857142857,0.0,1.1658639955306433e-17,0.11836634914903713,11.794285714285714,0.0,0.0,0.15,0.08,0,0.23340295282948906,0.4917197058990854,9.110258728326672,1.0852508499742248,0.0,0.9855072463768116,0.0,0.1,0.0,0.9999999999999996,0.1,0.08,0.1742857142857143,0.5,0.25
392,0.923505542408947,0.5358102182782972,0.923505542408947,0.5358102182782972,0.26107685272754566,0.5261753972525794,0.5657142857142857,0.40710027126539117,0.40236503787856415,0.11142857142857143,0.5657142857142857,0.40710027126539117,0.40236503787856415,0.11142857142857143,0.1657142857142857,0.20285714285714285,0.0,49.04571428571428,0.2057142857142857,0.0,1.1658639955306433e-17,0.11836634914903713,11.794285714285714,0.0,0.0,0.15,0.08,0,0.23389265235105597,0.5241277428365334,9.130910696617281,1.3129222265185223,0.0,0.971830985915493,0.0,0.1,0.0,0.9999999999999996,0.1,0.08,0.1657142857142857,0.5,0.25
393,0.9223689191189913,0.535879776644907,0.9223689191189913,0.535879776644907,0.26107685272754566,0.526148714147727,0.5742857142857143,0.40721455697967696,0.4024507521642785,0.11142857142857143,0.5742857142857143,0.40721455697967696,0.4024507521642785,0.11142857142857143,0.1457142857142857,0.18,0.0,49.191428571428574,0.2057142857142857,0.0,1.1658639955306433e-17,0.11836634914903713,11.794285714285714,0.0,0.0,0.15,0.08,0,0.23389433194644352,0.5215071041223507,9.128292482684936,1.286663781988152,0.0,0.9841269841269841,0.0,0.1,0.0,0.9999999999999996,0.1,0.08,0.1457142857142857,0.5,0.25
394,0.9229413320498616,0.5357300225045185,0.9229413320498616,0.5357300225045185,0.26107685272754566,0.5261357930124079,0.5885714285714285,0.40727169983681977,0.4024936093071356,0.11142857142857143,0.5885714285714285,0.40727169983681977,0.4024936093071356,0.11142857142857143,0.14857142857142858,0.16857142857142857,0.0,49.3,0.2057142857142857,0.0,1.1658639955306433e-17,0.11836634914903713,11.794285714285714,0.0,0.0,0.15,0.08,0,0.23389586028671128,0.5188995686017389,9.114298061602666,1.2609305063483887,0.0,0.9830508474576272,0.0,0.1,0.0,0.9999999999999996,0.1,0.08,0.14857142857142858,0.5,0.25
395,0.9220802442089062,0.535723686455322,0.9220802442089062,0.535723686455322,0.26107685272754566,0.5260963514292532,0.5914285714285714,0.40727169983681977,0.4024936093071356,0.11142857142857143,0.5914285714285714,0.40727169983681977,0.4024936093071356,0.11142857142857143,0.15428571428571428,0.18285714285714286,0.0,49.425714285714285,0.2057142857142857,0.0,1.1658639955306433e-17,0.11836634914903713,11.794285714285714,0.0,0.0,0.15,0.08,0,0.23363924098170627,0.5163050707587302,9.114869243227755,1.235711896221421,0.0,1.0,0.0,0.1,0.0,0.9999999999999996,0.1,0.08,0.15428571428571428,0.5,0.25
396,0.9210112759878452,0.5359985223931215,0.9210112759878452,0.5359985223931215,0.26107685272754566,0.5261550903091566,0.5628571428571428,0.40738598555110545,0.4025793235928498,0.11142857142857143,0.5628571428571428,0.40738598555110545,0.4025793235928498,0.11142857142857143,0.14857142857142858,0.17714285714285713,0.0,49.54857142857143,0.2057142857142857,0.0,1.1658639955306433e-17,0.11836634914903713,11.794285714285714,0.0,0.0,0.15,0.08,0,0.23401361620536923,0.5137235454049366,9.109714715506056,1.2834552312711913,0.0,0.967741935483871,0.0,0.1,0.0,0.9999999999999996,0.1,0.08,0.14857142857142858,0.5,0.25
397,0.9207257418297496,0.5357449240052607,0.9207257418297496,0.5357449240052607,0.26107685272754566,0.5263240222003226,0.5914285714285714,0.40738598555110545,0.4025793235928498,0.11142857142857143,0.5914285714285714,0.40738598555110545,0.4025793235928498,0.11142857142857143,0.14857142857142858,0.18571428571428572,0.0,49.66285714285714,0.2057142857142857,0.0,1.1658639955306433e-17,0.11836634914903713,11.794285714285714,0.0,0.0,0.15,0.08,0,0.2337566916957709,0.5111549276779119,9.113234706910221,1.2577861266457675,0.0,1.0,0.0,0.1,0.0,0.9999999999999996,0.1,0.08,0.14857142857142858,0.5,0.25
398,0.920794177794354,0.5351391676215373,0.920794177794354,0.5351391676215373,0.26107685272754566,0.5264740520472587,0.58,0.40755741412253405,0.4027078950214213,0.11142857142857143,0.58,0.40755741412253405,0.4027078950214213,0.11142857142857143,0.14285714285714285,0.18285714285714286,0.0,49.80285714285714,0.2057142857142857,0.0,1.1658639955306433e-17,0.11836634914903713,11.794285714285714,0.0,0.0,0.15,0.08,0,0.2341874796658635,0.5085991530395224,9.113827155629158,1.232630404112852,0.0,0.96875,0.0,0.1,0.0,0.9999999999999996,0.1,0.08,0.14285714285714285,0.5,0.25
399,0.9221690857268907,0.5358602860000616,0.9221690857268907,0.5358602860000616,0.26107685272754566,0.5265026451288982,0.5542857142857143,0.4076716998368197,0.4027936093071356,0.11142857142857143,0.5542857142857143,0.4076716998368197,0.4027936093071356,0.11142857142857143,0.1742857142857143,0.20857142857142857,0.0,49.92857142857143,0.20857142857142857,0.0,1.1658639955306433e-17,0.11836634914903713,11.794285714285714,0.0,0.0,0.15,0.08,0,0.23435868512467706,0.5060561572743247,9.140122041088006,1.2315409015935566,0.0,0.9863013698630136,0.0,0.1,0.0,0.9999999999999996,0.1,0.08,0.1742857142857143,0.5,0.25
400,0.9223471629545377,0.535501261246369,0.9223471629545377,0.535501261246369,0.26107685272754566,0.5264887755142021,0.5971428571428572,0.4077859855511055,0.4028793235928499,0.11142857142857143,0.5971428571428572,0.4077859855511055,0.4028793235928499,0.11142857142857143,0.15428571428571428,0.19714285714285715,0.0,50.037142857142854,0.20857142857142857,0.0,1.1658639955306433e-17,0.11836634914903713,11.794285714285714,0.0,0.0,0.15,0.08,0,0.23435817741333934,0.5035258764879532,9.154462457409101,1.2320427319123741,0.0,0.9855072463768116,0.0,0.1,0.0,0.9999999999999996,0.1,0.08,0.15428571428571428,0.5,0.25
401,0.9217605792659378,0.5343397741425986,0.9217605792659378,0.5343397741425986,0.26107685272754566,0.5264325421614711,0.6114285714285714,0.40801455697967687,0.40305075216427844,0.11142857142857143,0.6114285714285714,0.40801455697967687,0.40305075216427844,0.11142857142857143,0.17714285714285713,0.22,0.0,50.18571428571428,0.2057142857142857,0.0,1.1658639955306433e-17,0.11836634914903713,11.794285714285714,0.0,0.0,0.15,0.08,0,0.23530024366912983,0.5010082471055134,9.191373208260918,1.2074018772741266,0.0,0.961038961038961,0.0,0.1,0.0,0.9999999999999996,0.1,0.08,0.17714285714285713,0.5,0.25
402,0.9205224368321829,0.5333235919874715,0.9205224368321829,0.5333235919874715,0.26107685272754566,0.5263527802970679,0.5771428571428572,0.40801455697967687,0.40305075216427844,0.11142857142857143,0.5771428571428572,0.40801455697967687,0.40305075216427844,0.11142857142857143,0.18285714285714286,0.2057142857142857,0.0,50.322857142857146,0.20857142857142857,0.0,1.1658639955306433e-17,0.11836634914903713,11.794285714285714,0.0,0.0,0.15,0.08,0,0.23489502816506988,0.49850320586998587,9.213260029809987,1.183253839728644,0.0,1.0,0.0,0.1,0.0,0.9999999999999996,0.1,0.08,0.18285714285714286,0.5,0.25
403,0.9215034127797802,0.5328034758447534,0.9215034127797802,0.5328034758447534,0.26107685272754566,0.5265178329457623,0.5971428571428572,0.40812884269396266,0.40313646644999274,0.11142857142857143,0.5971428571428572,0.40812884269396266,0.40313646644999274,0.11142857142857143,0.16,0.18,0.0,50.44857142857143,0.2057142857142857,0.0,1.1658639955306433e-17,0.11836634914903713,11.794285714285714,0.0,0.0,0.15,0.08,0,0.2353485537385302,0.49601068984063595,9.208994829213786,1.2381170414757292,0.0,0.9682539682539683,0.0,0.1,0.0,0.9999999999999996,0.1,0.08,0.16,0.5,0.25
404,0.9221100794365898,0.5336661225902999,0.9221100794365898,0.5336661225902999,0.26107685272754566,0.5267957146374911,0.6485714285714286,0.40830027126539126,0.4032650378785642,0.11142857142857143,0.6485714285714286,0.40830027126539126,0.4032650378785642,0.11142857142857143,0.15428571428571428,0.19142857142857142,0.0,50.54857142857143,0.2057142857142857,0.0,1.1658639955306433e-17,0.11836634914903713,11.794285714285714,0.0,0.0,0.15,0.08,0,0.23585695382698044,0.49353063639143274,9.216243504058081,1.2133547006462146,0.0,0.9701492537313433,0.0,0.1,0.0,0.9999999999999996,0.1,0.08,0.15428571428571428,0.5,0.25
405,0.9211090926011424,0.5340129127631978,0.9211090926011424,0.5340129127631978,0.26107685272754566,0.5270837935600835,0.5542857142857143,0.40841455697967693,0.4033507521642785,0.11142857142857143,0.5542857142857143,0.40841455697967693,0.4033507521642785,0.11142857142857143,0.1457142857142857,0.18285714285714286,0.0,50.67142857142857,0.20285714285714285,0.0,1.1658639955306433e-17,0.11836634914903713,11.794285714285714,0.0,0.0,0.15,0.08,0,0.23633438334355983,0.49106298320947556,9.214775776834063,1.2145224477155363,0.0,0.96875,0.0,0.1,0.0,0.9999999999999996,0.1,0.08,0.1457142857142857,0.5,0.25
406,0.9221645357003684,0.5341974331312598,0.9221645357003684,0.5341974331312598,0.26107685272754566,0.5274809660823012,0.56,0.4085859855511054,0.4034793235928498,0.11142857142857143,0.56,0.4085859855511054,0.4034793235928498,0.11142857142857143,0.15428571428571428,0.1742857142857143,0.0,50.825714285714284,0.2057142857142857,0.0,1.1658639955306433e-17,0.11836634914903713,11.794285714285714,0.0,0.0,0.15,0.08,0,0.23680942571255628,0.4886076682934282,9.204765975583097,1.2110936487402526,0.0,0.9672131147540983,0.0,0.1,0.0,0.9999999999999996,0.1,0.08,0.15428571428571428,0.5,0.25
407,0.9217582758386554,0.5333015146222893,0.9217582758386554,0.5333015146222893,0.26107685272754566,0.5278941147477546,0.5742857142857143,0.40873693324250604,0.4036078950214213,0.11428571428571428,0.5742857142857143,0.40873693324250604,0.4036078950214213,0.11428571428571428,0.1457142857142857,0.16857142857142857,0.0,50.97142857142857,0.2057142857142857,0.0,1.1658639955306433e-17,0.11836634914903713,11.794285714285714,0.0,0.0,0.15,0.08,0,0.23719637858399353,0.4897256188585383,9.189242084642862,1.3607757280039507,0.0,0.9661016949152542,0.0,0.1,0.0,0.9999999999999996,0.1,0.08,0.1457142857142857,0.5,0.25
408,0.9213087584212196,0.5340685884583488,0.9213087584212196,0.5340685884583488,0.26107685272754566,0.5283513821943573,0.5485714285714286,0.4088512189567917,0.4036936093071356,0.11428571428571428,0.5485714285714286,0.4088512189567917,0.4036936093071356,0.11428571428571428,0.1742857142857143,0.2,0.0,51.12571428571429,0.2057142857142857,0.0,1.1658639955306433e-17,0.11836634914903713,11.794285714285714,0.0,0.0,0.15,0.08,0,0.23735239669107358,0.48727699076424563,9.205457242950004,1.3335602134438718,0.0,0.9857142857142858,0.0,0.1,0.0,0.9999999999999996,0.1,0.08,0.1742857142857143,0.5,0.25
409,0.9214510631805539,0.5338726873717092,0.9214510631805539,0.5338726873717092,0.26107685272754566,0.5287554212131963,0.5514285714285714,0.4089083618139346,0.4037364664499928,0.11428571428571428,0.5514285714285714,0.4089083618139346,0.4037364664499928,0.11428571428571428,0.15714285714285714,0.19714285714285715,0.0,51.23428571428571,0.20285714285714285,0.0,1.1658639955306433e-17,0.11836634914903713,11.794285714285714,0.0,0.0,0.15,0.08,0,0.23736534899333248,0.4848406058104244,9.218490955233863,1.3409016541041479,0.0,0.9855072463768116,0.0,0.1,0.0,0.9999999999999996,0.1,0.08,0.15714285714285714,0.5,0.25
410,0.9227197524944862,0.5344530986513948,0.9227197524944862,0.5344530986513948,0.26107685272754566,0.5290738094580426,0.5914285714285714,0.40919407609964886,0.40395075216427845,0.11428571428571428,0.5914285714285714,0.40919407609964886,0.40395075216427845,0.11428571428571428,0.12285714285714286,0.15714285714285714,0.0,51.371428571428574,0.20285714285714285,0.0,1.1658639955306433e-17,0.11836634914903713,11.794285714285714,0.0,0.0,0.15,0.08,0,0.23854952224836584,0.4824164027813722,9.191263993272042,1.3808556153831555,0.0,0.9272727272727272,0.0,0.1,0.0,0.9999999999999996,0.1,0.08,0.12285714285714286,0.5,0.25
411,0.923019945322573,0.5342253301723584,0.923019945322573,0.5342253301723584,0.26107685272754566,0.5293853653277205,0.58,0.40942264752822033,0.40412218073570705,0.11428571428571428,0.58,0.40942264752822033,0.40412218073570705,0.11428571428571428,0.1457142857142857,0.17142857142857143,0.0,51.534285714285716,0.20857142857142857,0.0,1.1658639955306433e-17,0.11836634914903713,11.794285714285714,0.0,0.0,0.15,0.08,0,0.23944163177998112,0.48000432076746535,9.178867284835171,1.3532385030754923,0.0,0.95,0.0,0.1,0.0,0.9999999999999996,0.1,0.08,0.1457142857142857,0.5,0.25
412,0.923792574825773,0.5335857782475465,0.923792574825773,0.5335857782475465,0.26107685272754566,0.5296357881803099,0.5657142857142857,0.4096512189567917,0.4042936093071356,0.11428571428571428,0.5657142857142857,0.4096512189567917,0.4042936093071356,0.11428571428571428,0.1657142857142857,0.19142857142857142,0.0,51.691428571428574,0.20857142857142857,0.0,1.1658639955306433e-17,0.11836634914903713,11.794285714285714,0.0,0.0,0.15,0.08,0,0.24035771004965267,0.477604299163628,9.18671851056704,1.3261737330139824,0.0,0.9552238805970149,0.0,0.1,0.0,0.9999999999999996,0.1,0.08,0.1657142857142857,0.5,0.25
413,0.923346062186114,0.5327122804025576,0.923346062186114,0.5327122804025576,0.26107685272754566,0.5299356616710802,0.5771428571428572,0.4097083618139345,0.4043364664499927,0.11428571428571428,0.5771428571428572,0.4097083618139345,0.4043364664499927,0.11428571428571428,0.13714285714285715,0.15428571428571428,0.0,51.78,0.21142857142857144,0.0,1.1658639955306433e-17,0.11836634914903713,11.794285714285714,0.0,0.0,0.15,0.08,0,0.24029763863869008,0.4752162776678098,9.157269854641413,1.2996502583537028,0.0,0.9814814814814815,0.0,0.1,0.0,0.9999999999999996,0.1,0.08,0.13714285714285715,0.5,0.25
414,0.9234722214263221,0.5326323890935641,0.9234722214263221,0.5326323890935641,0.26107685272754566,0.5301693763137223,0.5685714285714286,0.4097655046710774,0.40442218073570707,0.11428571428571428,0.5685714285714286,0.4097655046710774,0.40442218073570707,0.11428571428571428,0.15714285714285714,0.18285714285714286,0.0,51.87714285714286,0.21142857142857144,0.0,1.1658639955306433e-17,0.11836634914903713,11.794285714285714,0.0,0.0,0.15,0.08,0,0.24080929401692522,0.47284019627947077,9.156981600405727,1.3343748341109654,0.0,0.96875,0.0,0.1,0.0,0.9999999999999996,0.1,0.08,0.15714285714285714,0.5,0.25
415,0.9236271920669636,0.532793421510329,0.9236271920669636,0.532793421510329,0.26107685272754566,0.5303502184988796,0.6,0.4098226475282203,0.4044650378785642,0.11428571428571428,0.6,0.4098226475282203,0.4044650378785642,0.11428571428571428,0.17714285714285713,0.20857142857142857,0.0,51.994285714285716,0.21428571428571427,0.0,1.1658639955306433e-17,0.11836634914903713,11.794285714285714,0.0,0.0,0.15,0.08,0,0.24100353682898346,0.4773991226988925,9.182413396969041,1.3358642071866798,0.0,0.9863013698630136,0.0,0.1,0.0,0.9999999999999996,0.1,0.08,0.17714285714285713,0.5,0.25
416,0.9224766848999721,0.5335083939272977,0.9224766848999721,0.5335083939272977,0.26107685272754566,0.5305774193263708,0.5914285714285714,0.4098226475282203,0.4044650378785642,0.11428571428571428,0.5914285714285714,0.4098226475282203,0.4044650378785642,0.11428571428571428,0.15428571428571428,0.18857142857142858,0.0,52.11714285714286,0.21428571428571427,0.0,1.1658639955306433e-17,0.11836634914903713,11.794285714285714,0.0,0.0,0.15,0.08,0,0.2405982334305528,0.47501212708539803,9.187336557601087,1.309146923042946,0.0,1.0,0.0,0.1,0.0,0.9999999999999996,0.1,0.08,0.15428571428571428,0.5,0.25
417,0.9205013998882019,0.5332534676792775,0.9205013998882019,0.5332534676792775,0.26107685272754566,0.5308782800375453,0.5571428571428572,0.4100512189567917,0.40463646644999274,0.11428571428571428,0.5571428571428572,0.4100512189567917,0.40463646644999274,0.11428571428571428,0.16,0.18,0.0,52.25142857142857,0.21142857142857144,0.0,1.1658639955306433e-17,0.11836634914903713,11.794285714285714,0.0,0.0,0.15,0.08,0,0.24096638512054291,0.5287401463193419,9.183589826449065,1.3373670136362417,0.0,0.9682539682539683,0.0,0.1,0.0,0.9999999999999996,0.1,0.08,0.16,0.5,0.25
418,0.9192877669780352,0.5330755161703417,0.9192877669780352,0.5330755161703417,0.26107685272754566,0.5312307729298135,0.56,0.4100512189567917,0.40463646644999274,0.11428571428571428,0.56,0.4100512189567917,0.40463646644999274,0.11428571428571428,0.1742857142857143,0.20285714285714285,0.0,52.394285714285715,0.21428571428571427,0.0,1.1658639955306433e-17,0.11836634914903713,11.794285714285714,0.0,0.0,0.15,0.08,0,0.24061812462351165,0.5260964455877452,9.20277517277723,1.3106196733635167,0.0,1.0,0.0,0.1,0.0,0.9999999999999996,0.1,0.08,0.1742857142857143,0.5,0.25
419,0.920872286215938,0.5329079360431012,0.920872286215938,0.5329079360431012,0.26107685272754566,0.5316287015166689,0.5114285714285715,0.4101655046710774,0.404722180735707,0.11428571428571428,0.5114285714285715,0.4101655046710774,0.404722180735707,0.11428571428571428,0.17142857142857143,0.19428571428571428,0.0,52.52571428571429,0.21428571428571427,0.0,1.1658639955306433e-17,0.11836634914903713,11.794285714285714,0.0,0.0,0.15,0.08,0,0.2406144632861084,0.5234659633598064,9.213005383607397,1.3342260488110869,0.0,0.9852941176470589,0.0,0.1,0.0,0.9999999999999996,0.1,0.08,0.17142857142857143,0.5,0.25
420,0.9218744887341498,0.5340284358935496,0.9218744887341498,0.5340284358935496,0.26107685272754566,0.5321201889708297,0.5142857142857142,0.41027979038536305,0.40480789502142134,0.11428571428571428,0.5142857142857142,0.41027979038536305,0.40480789502142134,0.11428571428571428,0.18,0.20857142857142857,0.0,52.67142857142857,0.21142857142857144,0.0,1.1658639955306433e-17,0.11836634914903713,11.794285714285714,0.0,0.0,0.15,0.08,0,0.24069653382682069,0.5208486335430075,9.237316704506679,1.307541527834865,0.0,0.9863013698630136,0.0,0.1,0.0,0.9999999999999996,0.1,0.08,0.18,0.5,0.25
421,0.9224087105374562,0.5340793678481941,0.9224087105374562,0.5340793678481941,0.26107685272754566,0.5327413405591328,0.5285714285714286,0.41039407609964884,0.4048936093071355,0.11428571428571428,0.5285714285714286,0.41039407609964884,0.4048936093071355,0.11428571428571428,0.15428571428571428,0.1742857142857143,0.0,52.81428571428572,0.21428571428571427,0.0,1.1658639955306433e-17,0.11836634914903713,11.794285714285714,0.0,0.0,0.15,0.08,0,0.240578622586258,0.5182443903752925,9.22685608470226,1.3113820744154865,0.0,0.9836065573770492,0.0,0.1,0.0,0.9999999999999996,0.1,0.08,0.15428571428571428,0.5,0.25
422,0.9221681532209463,0.5330111790152877,0.9221681532209463,0.5330111790152877,0.26107685272754566,0.5333484397113069,0.5171428571428571,0.4104512189567917,0.40493646644999276,0.11428571428571428,0.5171428571428571,0.4104512189567917,0.40493646644999276,0.11428571428571428,0.15714285714285714,0.17714285714285713,0.0,52.92285714285714,0.21142857142857144,0.0,1.1658639955306433e-17,0.11836634914903713,11.794285714285714,0.0,0.0,0.15,0.08,0,0.2406604444733267,0.515653168423416,9.21946182015107,1.285154432927177,0.0,0.9838709677419355,0.0,0.1,0.0,0.9999999999999996,0.1,0.08,0.15714285714285714,0.5,0.25
423,0.9216040983908806,0.5325655641488334,0.9216040983908806,0.5325655641488334,0.26107685272754566,0.5338319421242314,0.5285714285714286,0.4104512189567917,0.40493646644999276,0.11428571428571428,0.5285714285714286,0.4104512189567917,0.40493646644999276,0.11428571428571428,0.14285714285714285,0.15428571428571428,0.0,53.04571428571428,0.21142857142857144,0.0,1.1658639955306433e-17,0.11836634914903713,11.794285714285714,0.0,0.0,0.15,0.08,0,0.24019928582238867,0.5130749025812988,9.189358298033763,1.2594513442686333,0.0,1.0,0.0,0.1,0.0,0.9999999999999996,0.1,0.08,0.14285714285714285,0.5,0.25
424,0.9202274714507341,0.5328539929766771,0.9202274714507341,0.5328539929766771,0.26107685272754566,0.5341445384883363,0.5457142857142857,0.4106797903853632,0.4051078950214214,0.11428571428571428,0.5457142857142857,0.4106797903853632,0.4051078950214214,0.11428571428571428,0.13142857142857142,0.16,0.0,53.18571428571428,0.21714285714285714,0.0,1.1658639955306433e-17,0.11836634914903713,11.794285714285714,0.0,0.0,0.15,0.08,0,0.2410262893932767,0.5141954639088374,9.165571132073088,1.3425395172946888,0.0,0.9464285714285714,0.0,0.1,0.0,0.9999999999999996,0.1,0.08,0.13142857142857142,0.5,0.25
425,0.9213103895505921,0.5328813167968567,0.9213103895505921,0.5328813167968567,0.26107685272754566,0.5343137017162811,0.5485714285714286,0.41079407609964885,0.4051936093071356,0.11428571428571428,0.5485714285714286,0.41079407609964885,0.4051936093071356,0.11428571428571428,0.16285714285714287,0.18571428571428572,0.0,53.28,0.21714285714285714,0.0,1.1658639955306433e-17,0.11836634914903713,11.794285714285714,0.0,0.0,0.15,0.08,0,0.2411625893713103,0.5116244865892933,9.167973995145912,1.401999580949871,0.0,0.9846153846153847,0.0,0.1,0.0,0.9999999999999996,0.1,0.08,0.16285714285714287,0.5,0.25
426,0.9206809539300331,0.5330960843676968,0.9206809539300331,0.5330960843676968,0.26107685272754566,0.5345215962233593,0.5314285714285715,0.41107979038536313,0.40540789502142127,0.11428571428571428,0.5314285714285715,0.41107979038536313,0.40540789502142127,0.11428571428571428,0.19428571428571428,0.21714285714285714,0.0,53.385714285714286,0.21714285714285714,0.0,1.1658639955306433e-17,0.11836634914903713,11.794285714285714,0.0,0.0,0.15,0.08,0,0.24215563642088236,0.517898561945062,9.201757372385849,1.4735818409679495,0.0,0.9605263157894737,0.0,0.1,0.0,0.9999999999999996,0.1,0.08,0.19428571428571428,0.5,0.25
427,0.9203852217748855,0.5340009833999649,0.9203852217748855,0.5340009833999649,0.26107685272754566,0.5347609530367495,0.5171428571428571,0.4111940760996488,0.4054936093071356,0.11428571428571428,0.5171428571428571,0.4111940760996488,0.4054936093071356,0.11428571428571428,0.17714285714285713,0.21142857142857144,0.0,53.52285714285714,0.21142857142857144,0.0,1.1658639955306433e-17,0.11836634914903713,11.794285714285714,0.0,0.0,0.15,0.08,0,0.24257328681020648,0.5153090691353367,9.229150796366705,1.523640193981905,0.0,0.972972972972973,0.0,0.1,0.0,0.9999999999999996,0.1,0.08,0.17714285714285713,0.5,0.25
428,0.9192671285466157,0.5338641243232591,0.9192671285466157,0.5338641243232591,0.26107685272754566,0.535111372977613,0.5714285714285714,0.4111940760996488,0.4054936093071356,0.11428571428571428,0.5714285714285714,0.4111940760996488,0.4054936093071356,0.11428571428571428,0.14857142857142858,0.1742857142857143,0.0,53.63142857142857,0.20857142857142857,0.0,1.1658639955306433e-17,0.11836634914903713,11.794285714285714,0.0,0.0,0.15,0.08,0,0.24204584894758405,0.51273252378966,9.218853494725085,1.493167390102267,0.0,1.0,0.0,0.1,0.0,0.9999999999999996,0.1,0.08,0.14857142857142858,0.5,0.25
429,0.920884559258354,0.5343515989503789,0.920884559258354,0.5343515989503789,0.26107685272754566,0.5353009829981686,0.5885714285714285,0.41130836181393454,0.40557932359284987,0.11428571428571428,0.5885714285714285,0.41130836181393454,0.40557932359284987,0.11428571428571428,0.2,0.22285714285714286,0.0,53.745714285714286,0.20857142857142857,0.0,1.1658639955306433e-17,0.11836634914903713,11.794285714285714,0.0,0.0,0.15,0.08,0,0.24220619113141753,0.5301763178207844,9.257333567687725,1.4633040423002215,0.0,0.9871794871794872,0.0,0.1,0.0,0.9999999999999996,0.1,0.08,0.2,0.5,0.25
430,0.9205484641534544,0.5337914178446362,0.9205484641534544,0.5337914178446362,0.26107685272754566,0.5354892950123971,0.5114285714285715,0.4113655046710774,0.40562218073570705,0.11428571428571428,0.5114285714285715,0.4113655046710774,0.40562218073570705,0.11428571428571428,0.15142857142857144,0.18571428571428572,0.0,53.85142857142857,0.20857142857142857,0.0,1.1658639955306433e-17,0.11836634914903713,11.794285714285714,0.0,0.0,0.15,0.08,0,0.24216644589004618,0.5275254362316805,9.257901182048258,1.4340379614542171,0.0,0.9846153846153847,0.0,0.1,0.0,0.9999999999999996,0.1,0.08,0.15142857142857144,0.5,0.25
431,0.9217033937000372,0.5335671439408833,0.9217033937000372,0.5335671439408833,0.26107685272754566,0.5356965320156665,0.5628571428571428,0.4113655046710774,0.40562218073570705,0.11428571428571428,0.5628571428571428,0.4113655046710774,0.40562218073570705,0.11428571428571428,0.13714285714285715,0.15142857142857144,0.0,53.957142857142856,0.20857142857142857,0.0,1.1658639955306433e-17,0.11836634914903713,11.794285714285714,0.0,0.0,0.15,0.08,0,0.24161232794631024,0.5248878090505221,9.224171729835863,1.4053572022251328,0.0,1.0,0.0,0.1,0.0,0.9999999999999996,0.1,0.08,0.13714285714285715,0.5,0.25
432,0.9227082589965987,0.5336498109228556,0.9227082589965987,0.5336498109228556,0.26107685272754566,0.5359365996234567,0.5971428571428572,0.4113655046710774,0.40562218073570705,0.11428571428571428,0.5971428571428572,0.4113655046710774,0.40562218073570705,0.11428571428571428,0.1657142857142857,0.19142857142857142,0.0,54.09142857142857,0.21142857142857144,0.0,1.1658639955306433e-17,0.11836634914903713,11.794285714285714,0.0,0.0,0.15,0.08,0,0.24131740916372155,0.5222633700052695,9.231116866667717,1.37725005818063,0.0,1.0,0.0,0.1,0.0,0.9999999999999996,0.1,0.08,0.1657142857142857,0.5,0.25
433,0.9218011467253983,0.533301712097918,0.9218011467253983,0.533301712097918,0.26107685272754566,0.5360897844451666,0.5571428571428572,0.411536933242506,0.4057507521642784,0.11428571428571428,0.5571428571428572,0.411536933242506,0.4057507521642784,0.11428571428571428,0.14285714285714285,0.18,0.0,54.21142857142857,0.20857142857142857,0.0,1.1658639955306433e-17,0.11836634914903713,11.794285714285714,0.0,0.0,0.15,0.08,0,0.24176739354647436,0.5196520531552431,9.226494529334364,1.4545611959845188,0.0,0.9682539682539683,0.0,0.1,0.0,0.9999999999999996,0.1,0.08,0.14285714285714285,0.5,0.25
434,0.9211392363441863,0.5339789673277568,0.9211392363441863,0.5339789673277568,0.26107685272754566,0.5360074448219884,0.6114285714285714,0.4116512189567917,0.4058364664499928,0.11428571428571428,0.6114285714285714,0.4116512189567917,0.4058364664499928,0.11428571428571428,0.13142857142857142,0.1457142857142857,0.0,54.29714285714286,0.20857142857142857,0.0,1.1658639955306433e-17,0.11836634914903713,11.794285714285714,0.0,0.0,0.15,0.08,0,0.2416152708644563,0.5191584862375797,9.187678924461961,1.450332718717473,0.0,0.9803921568627451,0.0,0.1,0.0,0.9999999999999996,0.1,0.08,0.13142857142857142,0.5,0.25
435,0.9207343275952568,0.5327975622591764,0.9207343275952568,0.5327975622591764,0.26107685272754566,0.5359200088952513,0.5828571428571429,0.4117655046710775,0.405922180735707,0.11428571428571428,0.5828571428571429,0.4117655046710775,0.405922180735707,0.11428571428571428,0.1457142857142857,0.17142857142857143,0.0,54.38285714285714,0.2,0.0,1.1658639955306433e-17,0.11836634914903713,11.794285714285714,0.0,0.0,0.15,0.08,0,0.2416630523672769,0.5165626938063917,9.175353917401294,1.4213260643431238,0.0,0.9833333333333333,0.0,0.1,0.0,0.9999999999999996,0.1,0.08,0.1457142857142857,0.5,0.25
436,0.921017101353603,0.5330184956097851,0.921017101353603,0.5330184956097851,0.26107685272754566,0.5357947708482382,0.5742857142857143,0.41187979038536315,0.4060936093071356,0.11428571428571428,0.5742857142857143,0.41187979038536315,0.4060936093071356,0.11428571428571428,0.17142857142857143,0.19428571428571428,0.0,54.511428571428574,0.20285714285714285,0.0,1.1658639955306433e-17,0.11836634914903713,11.794285714285714,0.0,0.0,0.15,0.08,0,0.242167880676869,0.566869396096827,9.18613255333898,1.441265993199828,0.0,0.9705882352941176,0.0,0.1,0.0,0.9999999999999996,0.1,0.08,0.17142857142857143,0.5,0.25
437,0.9227360663855452,0.5330151033208581,0.9227360663855452,0.5330151033208581,0.26107685272754566,0.5357282455302025,0.56,0.41187979038536315,0.4060936093071356,0.11428571428571428,0.56,0.41187979038536315,0.4060936093071356,0.11428571428571428,0.14857142857142858,0.1742857142857143,0.0,54.61714285714286,0.19714285714285715,0.0,1.1658639955306433e-17,0.11836634914903713,11.794285714285714,0.0,0.0,0.15,0.08,0,0.24167104127348465,0.5640350491163428,9.176695616557915,1.4124406733358312,0.0,1.0,0.0,0.1,0.0,0.9999999999999996,0.1,0.08,0.14857142857142858,0.5,0.25
438,0.9230492989209595,0.5331656847038639,0.9230492989209595,0.5331656847038639,0.26107685272754566,0.5356348174325961,0.5857142857142857,0.4120512189567918,0.4062221807357071,0.11428571428571428,0.5857142857142857,0.4120512189567918,0.4062221807357071,0.11428571428571428,0.16285714285714287,0.18857142857142858,0.0,54.72,0.2,0.0,1.1658639955306433e-17,0.11836634914903713,11.794285714285714,0.0,0.0,0.15,0.08,0,0.24217583035283155,0.5612148738707611,9.181733132798186,1.3841918598691145,0.0,0.9696969696969697,0.0,0.1,0.0,0.9999999999999996,0.1,0.08,0.16285714285714287,0.5,0.25
439,0.9223317230828042,0.5330971181884736,0.9223317230828042,0.5330971181884736,0.26107685272754566,0.5353902419613088,0.5285714285714286,0.4120512189567918,0.4062221807357071,0.11428571428571428,0.5285714285714286,0.4120512189567918,0.4062221807357071,0.11428571428571428,0.16285714285714287,0.2057142857142857,0.0,54.8,0.19714285714285715,0.0,1.1658639955306433e-17,0.11836634914903713,11.794285714285714,0.0,0.0,0.15,0.08,0,0.2419623940047459,0.5584087995014073,9.203812755856507,1.3565080226717323,0.0,1.0,0.0,0.1,0.0,0.9999999999999996,0.1,0.08,0.16285714285714287,0.5,0.25
440,0.9223897223295747,0.532441382865154,0.9223897223295747,0.532441382865154,0.26107685272754566,0.5350983099961101,0.5457142857142857,0.4120512189567918,0.4062221807357071,0.11428571428571428,0.5457142857142857,0.4120512189567918,0.4062221807357071,0.11428571428571428,0.16,0.1742857142857143,0.0,54.92857142857143,0.19714285714285715,0.0,1.1658639955306433e-17,0.11836634914903713,11.794285714285714,0.0,0.0,0.15,0.08,0,0.24143815346329356,0.5556167555039002,9.194022215025091,1.3293778622182977,0.0,1.0,0.0,0.1,0.0,0.9999999999999996,0.1,0.08,0.16,0.5,0.25
441,0.9213068091902238,0.5328036320602052,0.9213068091902238,0.5328036320602052,0.26107685272754566,0.5347265849799239,0.5942857142857143,0.4120512189567918,0.4062221807357071,0.11428571428571428,0.5942857142857143,0.4120512189567918,0.4062221807357071,0.11428571428571428,0.1742857142857143,0.20285714285714285,0.0,55.05714285714286,0.2,0.0,1.1658639955306433e-17,0.11836634914903713,11.794285714285714,0.0,0.0,0.15,0.08,0,0.24117310555311994,0.5528386717263808,9.212998913581732,1.3027903049739318,0.0,1.0,0.0,0.1,0.0,0.9999999999999996,0.1,0.08,0.1742857142857143,0.5,0.25
442,0.9213244982226287,0.53239049920486,0.9213244982226287,0.53239049920486,0.26107685272754566,0.5344275823897336,0.54,0.4121083618139346,0.40626503787856416,0.11428571428571428,0.54,0.4121083618139346,0.40626503787856416,0.11428571428571428,0.16857142857142857,0.19714285714285715,0.0,55.19714285714286,0.2,0.0,1.1658639955306433e-17,0.11836634914903713,11.794285714285714,0.0,0.0,0.15,0.08,0,0.2410815257396401,0.5500744783677488,9.225881792452954,1.276734498874453,0.0,0.9855072463768116,0.0,0.1,0.0,0.9999999999999996,0.1,0.08,0.16857142857142857,0.5,0.25
443,0.9223166055700212,0.5327067518899022,0.9223166055700212,0.5327067518899022,0.26107685272754566,0.5341457156640909,0.54,0.41223696489255496,0.40639360930713564,0.11428571428571428,0.54,0.41223696489255496,0.40639360930713564,0.11428571428571428,0.15428571428571428,0.19714285714285715,0.0,55.30285714285714,0.2,0.0,1.1658639955306433e-17,0.11836634914903713,11.794285714285714,0.0,0.0,0.15,0.08,0,0.24158983239665616,0.5508590965773267,9.238507013746753,1.2962220135559703,0.0,0.9710144927536232,0.0,0.1,0.0,0.9999999999999996,0.1,0.08,0.15428571428571428,0.5,0.25
444,0.9216946598234651,0.5324463681351975,0.9216946598234651,0.5324463681351975,0.26107685272754566,0.5340165895738905,0.5714285714285714,0.4124655363211264,0.40656503787856424,0.11428571428571428,0.5714285714285714,0.4124655363211264,0.40656503787856424,0.11428571428571428,0.1457142857142857,0.18285714285714286,0.0,55.37428571428571,0.2,0.0,1.1658639955306433e-17,0.11836634914903713,11.794285714285714,0.0,0.0,0.15,0.08,0,0.24201016894895855,0.5481048010944399,9.236594016328961,1.4037691662276681,0.0,0.96875,0.0,0.1,0.0,0.9999999999999996,0.1,0.08,0.1457142857142857,0.5,0.25
445,0.9225063605332721,0.5332346406524521,0.9225063605332721,0.5332346406524521,0.26107685272754566,0.5337650564888005,0.5428571428571428,0.41257982203541216,0.40665075216427854,0.11428571428571428,0.5428571428571428,0.41257982203541216,0.40665075216427854,0.11428571428571428,0.17142857142857143,0.19714285714285715,0.0,55.49142857142857,0.19714285714285715,0.0,1.1658639955306433e-17,0.11836634914903713,11.794285714285714,0.0,0.0,0.15,0.08,0,0.24197140381849952,0.5453642770889678,9.249004993145236,1.463335210437975,0.0,0.9855072463768116,0.0,0.1,0.0,0.9999999999999996,0.1,0.08,0.17142857142857143,0.5,0.25
446,0.9222524396065293,0.5331181327833163,0.9222524396065293,0.5331181327833163,0.26107685272754566,0.5335586470189084,0.5542857142857143,0.41269410774969784,0.4067364664499928,0.11428571428571428,0.5542857142857143,0.41269410774969784,0.4067364664499928,0.11428571428571428,0.12857142857142856,0.15142857142857144,0.0,55.60857142857143,0.20285714285714285,0.0,1.1658639955306433e-17,0.11836634914903713,11.794285714285714,0.0,0.0,0.15,0.08,0,0.24181826179940702,0.542637455703523,9.215453464710905,1.4340685062292156,0.0,0.9811320754716981,0.0,0.1,0.0,0.9999999999999996,0.1,0.08,0.12857142857142856,0.5,0.25
447,0.921152006392092,0.5338024901946474,0.921152006392092,0.5338024901946474,0.26107685272754566,0.5334079307216631,0.6085714285714285,0.41269410774969784,0.4067364664499928,0.11428571428571428,0.6085714285714285,0.41269410774969784,0.4067364664499928,0.11428571428571428,0.14,0.16,0.0,55.68857142857143,0.19714285714285715,0.0,1.1658639955306433e-17,0.11836634914903713,11.794285714285714,0.0,0.0,0.15,0.08,0,0.24143617334398138,0.5399242684250054,9.191144395416686,1.4053871361046313,0.0,1.0,0.0,0.1,0.0,0.9999999999999996,0.1,0.08,0.14,0.5,0.25
448,0.9209526937568887,0.5341024454394948,0.9209526937568887,0.5341024454394948,0.26107685272754566,0.5333953561648026,0.5457142857142857,0.41269410774969784,0.4067364664499928,0.11428571428571428,0.5457142857142857,0.41269410774969784,0.4067364664499928,0.11428571428571428,0.12857142857142856,0.1657142857142857,0.0,55.825714285714284,0.20285714285714285,0.0,1.1658639955306433e-17,0.11836634914903713,11.794285714285714,0.0,0.0,0.15,0.08,0,0.2410564217629758,0.5372246470828803,9.173035793222638,1.3772793933825385,0.0,1.0,0.0,0.1,0.0,0.9999999999999996,0.1,0.08,0.12857142857142856,0.5,0.25
449,0.9220100421184637,0.5344166613486369,0.9220100421184637,0.5344166613486369,0.26107685272754566,0.5334229231901839,0.5742857142857143,0.4128655363211265,0.4068650378785642,0.11714285714285715,0.5742857142857143,0.4128655363211265,0.4068650378785642,0.11714285714285715,0.16,0.18857142857142858,0.0,55.90857142857143,0.19714285714285715,0.0,1.1658639955306433e-17,0.11836634914903713,11.794285714285714,0.0,0.0,0.15,0.08,0,0.24162057535060733,0.5345385238474659,9.178146505929615,1.3497338055148878,0.0,0.9696969696969697,0.0,0.1,0.0,0.9999999999999996,0.1,0.08,0.16,0.5,0.25
