t,mean_x,mean_y,mean_x_all,mean_y_all,mean_L,y0,mean_epc,mean_r,mean_b,fund_prevalence,mean_epc_all,mean_r_all,mean_b_all,fund_prevalence_all,punish_rate,mean_punished,exit_rate,mean_exit_intent,exit_attempt_rate,exit_success_rate,p_opp_mean,stay_value,mean_degree_active,threat,A,budget,enforcer_frac,n_cadre_fallback,cap_mean,cap_p90,service_mean,service_p90,monopoly_on,enforcer_punish_share_step,alpha_punish_revalue,delta_outside_degrade,mu_membership_reward,current_delta,eta_delta_drift,punish_floor,punish_intensity_step,pi_reward,lam_punish
0,0.34762732679760017,0.5013237543060031,0.34762732679760017,0.5013237543060031,0.24908806407921,0.5,0.0,0.3367942435537577,0.34785709531154907,0.002857142857142857,0.0,0.3367942435537577,0.34785709531154907,0.002857142857142857,0.0,0.0,0.0,0.0,0.0,0.0,0.5,0.0,11.794285714285714,0.0,0.0,0.0,0.0,0,0.0,0.0,0.0,0.0,0.0,0.0,0.0,0.3,0.0,0.3,0.3,0.08,0.0,0.05,0.25
1,0.35533816399325846,0.5014625030266401,0.35533816399325846,0.5014625030266401,0.24908806407921,0.5055079605521039,0.6771428571428572,0.3361085292680434,0.3473428095972633,0.002857142857142857,0.6771428571428572,0.3361085292680434,0.3473428095972633,0.002857142857142857,0.025714285714285714,0.025714285714285714,0.0,0.02857142857142857,0.0,0.0,0.022529124131189616,0.08436634914903715,11.794285714285714,0.0,0.0,0.15,0.08,28,0.0038571428571428576,0.0,0.025714285714285714,0.0,0.0,0.7777777777777778,0.0,0.3,0.0,0.3,0.3,0.08,0.025714285714285714,0.05,0.25
2,0.3629571493904172,0.5011766674529533,0.3629571493904172,0.5011766674529533,0.24908806407921,0.511498374005812,0.8828571428571429,0.3349085292680434,0.34644280959726337,0.002857142857142857,0.8828571428571429,0.3349085292680434,0.34644280959726337,0.002857142857142857,0.04,0.045714285714285714,0.0,0.03428571428571429,0.0,0.0,0.022529124131189616,0.08436634914903715,11.794285714285714,0.0,0.0,0.15,0.08,26,0.010695,0.0,0.07091428571428572,0.0,0.0,0.9375,0.0,0.3,0.0,0.3,0.3,0.08,0.04,0.05,0.25
3,0.37473727853573224,0.5009248325616117,0.37473727853573224,0.5009248325616117,0.24908806407921,0.5166862948189592,0.8914285714285715,0.3339942435537577,0.3457570953115491,0.002857142857142857,0.8914285714285715,0.3339942435537577,0.3457570953115491,0.002857142857142857,0.037142857142857144,0.037142857142857144,0.0,0.04857142857142857,0.0,0.0,0.022529124131189616,0.08436634914903715,11.794285714285714,0.0,0.0,0.15,0.08,21,0.016212953571428573,0.0,0.10663885714285715,0.0,0.0,0.9230769230769231,0.0,0.3,0.0,0.3,0.3,0.08,0.037142857142857144,0.05,0.25
4,0.38524484067024956,0.5013244311627715,0.38524484067024956,0.5013244311627715,0.24908806407921,0.5216543002396178,0.8828571428571429,0.33262281498232915,0.34472852388297764,0.002857142857142857,0.8828571428571429,0.33262281498232915,0.34472852388297764,0.002857142857142857,0.045714285714285714,0.04857142857142857,0.0,0.04,0.0,0.0,0.022529124131189616,0.08436634914903715,11.794285714285714,0.0,0.0,0.15,0.08,20,0.023417603089285716,0.0,0.15307750857142857,0.0,0.0,0.9411764705882353,0.0,0.3,0.0,0.3,0.3,0.08,0.045714285714285714,0.05,0.25
5,0.39588010654082617,0.5022209437595737,0.39588010654082617,0.5022209437595737,0.24908806407921,0.5255533038728314,0.8771428571428571,0.3319371006966148,0.34427857792759525,0.002857142857142857,0.8771428571428571,0.3319371006966148,0.34427857792759525,0.002857142857142857,0.025714285714285714,0.025714285714285714,0.0,0.07428571428571429,0.0,0.0,0.022529124131189616,0.08436634914903715,11.794285714285714,0.0,0.0,0.15,0.08,15,0.02715765793098214,0.0,0.1757302441142857,0.0,0.0,0.8888888888888888,0.0,0.3,0.0,0.3,0.3,0.08,0.025714285714285714,0.05,0.25
6,0.40336364593164864,0.5026422191953928,0.40336364593164864,0.5026422191953928,0.24908806407921,0.5298496263665444,0.9,0.3310799578394719,0.34372143507045233,0.002857142857142857,0.9,0.3310799578394719,0.34372143507045233,0.002857142857142857,0.03142857142857143,0.03142857142857143,0.0,0.054285714285714284,0.0,0.0,0.022529124131189616,0.08436634914903715,11.794285714285714,0.0,0.0,0.15,0.08,14,0.031736155355612944,0.0,0.20364421066057142,0.0,0.0,0.9090909090909091,0.0,0.3,0.0,0.3,0.3,0.08,0.03142857142857143,0.05,0.25
7,0.413420956327721,0.5029381988894408,0.413420956327721,0.5029381988894408,0.24908806407921,0.5334619707182742,0.9,0.3307942435537577,0.3435071493561666,0.002857142857142857,0.9,0.3307942435537577,0.3435071493561666,0.002857142857142857,0.014285714285714285,0.014285714285714285,0.0,0.07428571428571429,0.0,0.0,0.022529124131189616,0.08436634914903715,11.794285714285714,0.0,0.0,0.15,0.08,11,0.033720331721692025,0.0,0.21385704073307424,0.0,0.0,1.0,0.0,0.3,0.0,0.3,0.3,0.08,0.014285714285714285,0.05,0.25
8,0.424264886111958,0.5028495648720415,0.424264886111958,0.5028495648720415,0.24908806407921,0.5374838525444908,0.92,0.3303942435537577,0.34320714935616664,0.002857142857142857,0.92,0.3303942435537577,0.34320714935616664,0.002857142857142857,0.014285714285714285,0.014285714285714285,0.0,0.07714285714285714,0.0,0.0,0.022529124131189616,0.08436634914903715,11.794285714285714,0.0,0.0,0.15,0.08,10,0.03569458720594071,0.0,0.2238656142041271,0.0,0.0,1.0,0.0,0.3,0.0,0.3,0.3,0.08,0.014285714285714285,0.05,0.25
9,0.43137468661996925,0.5035368876858975,0.43137468661996925,0.5035368876858975,0.24908806407921,0.5404388594661061,0.92,0.3297085292680434,0.3426928636418809,0.002857142857142857,0.92,0.3297085292680434,0.3426928636418809,0.002857142857142857,0.022857142857142857,0.022857142857142857,0.0,0.06285714285714286,0.0,0.0,0.022529124131189616,0.08436634914903715,11.794285714285714,0.0,0.0,0.15,0.08,9,0.03894468569848243,0.0,0.2422454447771874,0.0,0.0,0.75,0.0,0.3,0.0,0.3,0.3,0.08,0.022857142857142857,0.05,0.25
10,0.44025183250655137,0.5043884795738031,0.44025183250655137,0.5043884795738031,0.24908806407921,0.5432765775944969,0.9,0.32919424355375765,0.3423928636418809,0.002857142857142857,0.9,0.32919424355375765,0.3423928636418809,0.002857142857142857,0.017142857142857144,0.02,0.0,0.09714285714285714,0.0,0.0,0.022529124131189616,0.08436634914903715,11.794285714285714,0.0,0.0,0.15,0.08,9,0.04174996226999002,0.0,0.25740053588164363,0.0,0.0,1.0,0.0,0.3,0.0,0.3,0.3,0.08,0.017142857142857144,0.05,0.25
11,0.45133806132421667,0.5059229648321641,0.45133806132421667,0.5059229648321641,0.24908806407921,0.5456757475750377,0.9085714285714286,0.32816567212518627,0.3418785779275952,0.002857142857142857,0.9085714285714286,0.32816567212518627,0.3418785779275952,0.002857142857142857,0.03142857142857143,0.03142857142857143,0.0,0.10857142857142857,0.0,0.0,0.022529124131189616,0.08436634914903715,11.794285714285714,0.0,0.0,0.15,0.08,9,0.04625549817292578,0.0,0.28368109659258217,0.0,0.0,0.8181818181818182,0.0,0.3,0.0,0.3,0.3,0.08,0.03142857142857143,0.05,0.25
12,0.4598581260987461,0.5068705907299682,0.4598581260987461,0.5068705907299682,0.24908806407921,0.5481774669279109,0.8771428571428571,0.3274228149823291,0.3414029055553735,0.002857142857142857,0.8771428571428571,0.3274228149823291,0.3414029055553735,0.002857142857142857,0.02857142857142857,0.03142857142857143,0.0,0.14285714285714285,0.0,0.0,0.022529124131189616,0.08436634914903715,11.794285714285714,0.0,0.0,0.15,0.08,9,0.05073850639634687,0.0,0.309436046089302,0.0,0.0,0.9090909090909091,0.0,0.3,0.0,0.3,0.3,0.08,0.02857142857142857,0.05,0.25
13,0.47016151336981077,0.5082981914862018,0.47016151336981077,0.5082981914862018,0.24908806407921,0.5502874578884097,0.8828571428571429,0.32696567212518624,0.34106004841251636,0.002857142857142857,0.8828571428571429,0.32696567212518624,0.34106004841251636,0.002857142857142857,0.017142857142857144,0.017142857142857144,0.0,0.1657142857142857,0.0,0.0,0.022529124131189616,0.08436634914903715,11.794285714285714,0.0,0.0,0.15,0.08,8,0.053056242435793696,0.0,0.32039018231037303,0.0,0.0,0.6666666666666666,0.0,0.3,0.0,0.3,0.3,0.08,0.017142857142857144,0.05,0.25
14,0.47852400421010355,0.5094901788140033,0.47852400421010355,0.5094901788140033,0.24908806407921,0.5519296468287951,0.92,0.3265085292680434,0.3407171912696592,0.002857142857142857,0.92,0.3265085292680434,0.3407171912696592,0.002857142857142857,0.017142857142857144,0.017142857142857144,0.0,0.1657142857142857,0.0,0.0,0.022529124131189616,0.08436634914903715,11.794285714285714,0.0,0.0,0.15,0.08,8,0.05536238979504331,0.01405372039320025,0.3311252358070227,0.07690223892602786,0.0,0.8333333333333334,0.0,0.3,0.0,0.3,0.3,0.08,0.017142857142857144,0.05,0.25
15,0.4886763590327538,0.5096273706448619,0.4886763590327538,0.5096273706448619,0.24908806407921,0.5533704967202246,0.88,0.326279957839472,0.3405457626982306,0.002857142857142857,0.88,0.326279957839472,0.3405457626982306,0.002857142857142857,0.005714285714285714,0.005714285714285714,0.0,0.18285714285714286,0.0,0.0,0.022529124131189616,0.08436634914903715,11.794285714285714,0.0,0.0,0.15,0.08,7,0.05594272070321095,0.1399754082247953,0.33021701680516796,0.7567494197008923,0.0,0.5,0.0,0.3,0.0,0.3,0.3,0.08,0.005714285714285714,0.05,0.25
16,0.4971591143578696,0.5100303239775977,0.4971591143578696,0.5100303239775977,0.24908806407921,0.5553696910410431,0.9257142857142857,0.32593710069661486,0.34037433412680207,0.002857142857142857,0.9257142857142857,0.32593710069661486,0.34037433412680207,0.002857142857142857,0.014285714285714285,0.014285714285714285,0.0,0.19714285714285715,0.0,0.0,0.022529124131189616,0.08436634914903715,11.794285714285714,0.0,0.0,0.15,0.08,7,0.057805864242552026,0.14060782564248914,0.3378983907547789,0.7705918227075738,0.0,0.8,0.0,0.3,0.0,0.3,0.3,0.08,0.014285714285714285,0.05,0.25
17,0.50873306245853,0.5106781733054161,0.50873306245853,0.5106781733054161,0.24908806407921,0.556638335889791,0.9314285714285714,0.325479957839472,0.340031476983945,0.002857142857142857,0.9314285714285714,0.325479957839472,0.340031476983945,0.002857142857142857,0.014285714285714285,0.014285714285714285,0.0,0.24571428571428572,0.0,0.0,0.022529124131189616,0.08436634914903715,11.794285714285714,0.0,0.0,0.15,0.08,7,0.05965969206419641,0.13990478651427668,0.3454261372253976,0.7551799862534223,0.0,1.0,0.0,0.3,0.0,0.3,0.3,0.08,0.014285714285714285,0.05,0.25
18,0.5181717163342707,0.5120220598321034,0.5181717163342707,0.5120220598321034,0.24908806407921,0.5572880114150278,0.9171428571428571,0.32496567212518623,0.33964576269823066,0.002857142857142857,0.9171428571428571,0.32496567212518623,0.33964576269823066,0.002857142857142857,0.017142857142857144,0.017142857142857144,0.0,0.28,0.0,0.0,0.022529124131189616,0.08436634914903715,11.794285714285714,0.0,0.0,0.15,0.08,6,0.06193282217530399,0.13990478651427668,0.35566047162374675,0.7551799862534223,0.0,0.8333333333333334,0.0,0.3,0.0,0.3,0.3,0.08,0.017142857142857144,0.05,0.25
19,0.5274735361818742,0.5127771604698403,0.5274735361818742,0.5127771604698403,0.24908806407921,0.5579762189475508,0.9028571428571428,0.3245656721251863,0.3393457626982307,0.002857142857142857,0.9028571428571428,0.3245656721251863,0.3393457626982307,0.002857142857142857,0.014285714285714285,0.014285714285714285,0.0,0.31142857142857144,0.0,0.0,0.022529124131189616,0.08436634914903715,11.794285714285714,0.0,0.0,0.15,0.08,5,0.06376601520728462,0.14075013549576013,0.36283297647698615,0.7738274310228492,0.0,0.6,0.0,0.3,0.0,0.3,0.3,0.08,0.014285714285714285,0.05,0.25
20,0.5374736994753373,0.5126964712635842,0.5374736994753373,0.5126964712635842,0.24908806407921,0.5580622649610336,0.8828571428571429,0.323879957839472,0.33891719126965925,0.002857142857142857,0.8828571428571429,0.323879957839472,0.33891719126965925,0.002857142857142857,0.022857142857142857,0.022857142857142857,0.0,0.32857142857142857,0.0,0.0,0.022529124131189616,0.08436634914903715,11.794285714285714,0.0,0.0,0.15,0.08,4,0.06687575655981963,0.14195318697201642,0.37843345980458926,0.8007313507497957,0.0,0.875,0.0,0.3,0.0,0.3,0.3,0.08,0.022857142857142857,0.05,0.25
21,0.545766060821982,0.5139335094930413,0.545766060821982,0.5139335094930413,0.24908806407921,0.5584007193782883,0.86,0.3227942435537577,0.33810290555537353,0.002857142857142857,0.86,0.3227942435537577,0.33810290555537353,0.002857142857142857,0.04,0.04,0.0,0.36,0.0,0.0,0.022529124131189616,0.08436634914903715,11.794285714285714,0.0,0.0,0.15,0.08,3,0.07254137777702052,0.14410395653631553,0.4108647906084975,0.8507630225817854,0.0,0.7857142857142857,0.0,0.3,0.0,0.3,0.3,0.08,0.04,0.05,0.25
22,0.556735343450775,0.5147107040062319,0.556735343450775,0.5147107040062319,0.24908806407921,0.5589597823710489,0.8714285714285714,0.3223942435537577,0.33780290555537357,0.002857142857142857,0.8714285714285714,0.3223942435537577,0.33780290555537357,0.002857142857142857,0.011428571428571429,0.011428571428571429,0.0,0.36857142857142855,0.0,0.0,0.022529124131189616,0.08436634914903715,11.794285714285714,0.0,0.0,0.15,0.08,2,0.07389295660242114,0.14417637058482624,0.41407606622489895,0.8524992736482793,0.0,0.5,0.0,0.3,0.0,0.3,0.3,0.08,0.011428571428571429,0.05,0.25
23,0.5641906432910659,0.5150531902697763,0.5641906432910659,0.5150531902697763,0.24908806407921,0.5601186574402612,0.8885714285714286,0.32153710069661484,0.3371600484125164,0.002857142857142857,0.8885714285714286,0.32153710069661484,0.3371600484125164,0.002857142857142857,0.03142857142857143,0.03142857142857143,0.0,0.42857142857142855,0.0,0.0,0.022529124131189616,0.08436634914903715,11.794285714285714,0.0,0.0,0.15,0.08,2,0.07823777753369476,0.14850375,0.43722311632897237,0.9603999999999999,0.0,0.6363636363636364,0.0,0.3,0.0,0.3,0.3,0.08,0.03142857142857143,0.05,0.25
24,0.5728064414241323,0.5160192309140398,0.5728064414241323,0.5160192309140398,0.24908806407921,0.56081734913521,0.9,0.32067995783947195,0.33651719126965923,0.002857142857142857,0.9,0.32067995783947195,0.33651719126965923,0.002857142857142857,0.025714285714285714,0.02857142857142857,0.0,0.4514285714285714,0.0,0.0,0.022529124131189616,0.08436634914903715,11.794285714285714,0.0,0.0,0.15,0.08,2,0.08176395838722751,0.14776123124999999,0.4570500825738215,0.9411919999999999,0.0,0.9,0.0,0.3,0.0,0.3,0.3,0.08,0.025714285714285714,0.05,0.25
25,0.5796560341373407,0.5177016489938727,0.5796560341373407,0.5177016489938727,0.24908806407921,0.5616264135503,0.88,0.3203371006966148,0.33626004841251633,0.002857142857142857,0.88,0.3203371006966148,0.33626004841251633,0.002857142857142857,0.014285714285714285,0.014285714285714285,0.0,0.4942857142857143,0.002857142857142857,0.0,0.022529124131189616,0.08436634914903715,11.794285714285714,0.0,0.0,0.15,0.08,1,0.08349799573814853,0.14702242509375,0.46219479520805934,0.9223681599999999,0.0,1.0,0.0,0.3,0.0,0.3,0.3,0.08,0.014285714285714285,0.05,0.25
26,0.5900515602001598,0.5178106995533728,0.5900515602001598,0.5178106995533728,0.24908806407921,0.5619614863250827,0.8885714285714286,0.3197085292680434,0.3357886198410878,0.002857142857142857,0.8885714285714286,0.3197085292680434,0.3357886198410878,0.002857142857142857,0.02,0.02,0.0,0.56,0.002857142857142857,0.0,0.022529124131189616,0.08436634914903715,11.794285714285714,0.0,0.0,0.15,0.08,1,0.08608050575945778,0.147096305709375,0.47295089930389816,0.9242505440000003,0.0,0.5714285714285714,0.0,0.3,0.0,0.3,0.3,0.08,0.02,0.05,0.25
27,0.5996189454063504,0.5185070619953641,0.5996189454063504,0.5185070619953641,0.24908806407921,0.5619253053756582,0.8428571428571429,0.31959424355375765,0.3357029055553735,0.002857142857142857,0.8428571428571429,0.31959424355375765,0.3357029055553735,0.002857142857142857,0.005714285714285714,0.005714285714285714,0.0,0.5742857142857143,0.002857142857142857,0.0,0.022529124131189616,0.08436634914903715,11.794285714285714,0.0,0.0,0.15,0.08,1,0.08650724608780334,0.14636082418082813,0.4692061670321059,0.9057655331200002,0.0,1.0,0.0,0.3,0.0,0.3,0.3,0.08,0.005714285714285714,0.05,0.25
28,0.6082468464030837,0.5196576598378734,0.6082468464030837,0.5196576598378734,0.24908806407921,0.5620670867259354,0.8657142857142858,0.3193085292680434,0.3354886198410878,0.002857142857142857,0.8657142857142858,0.3193085292680434,0.3354886198410878,0.002857142857142857,0.014285714285714285,0.014285714285714285,0.0,0.6228571428571429,0.0,0.0,0.022529124131189616,0.08436634914903715,11.794285714285714,0.0,0.0,0.15,0.08,1,0.08821756700022149,0.14562902005992398,0.47410775797717797,0.8876502224576002,0.0,1.0,0.0,0.3,0.0,0.3,0.3,0.08,0.014285714285714285,0.05,0.25
29,0.6167849853240994,0.5201899003616981,0.6167849853240994,0.5201899003616981,0.24908806407921,0.5622242099662629,0.8514285714285714,0.31879424355375763,0.3351029055553735,0.002857142857142857,0.8514285714285714,0.31879424355375763,0.3351029055553735,0.002857142857142857,0.014285714285714285,0.014285714285714285,0.0,0.6914285714285714,0.0,0.0,0.022529124131189616,0.08436634914903715,11.794285714285714,0.0,0.0,0.15,0.08,1,0.08991933630807752,0.14555587640343984,0.4789113171033487,0.8858423808639998,0.0,0.4,0.0,0.3,0.0,0.3,0.3,0.08,0.014285714285714285,0.05,0.25
30,0.6252505535994652,0.5210430649506114,0.6252505535994652,0.5210430649506114,0.24908806407921,0.5631897887270193,0.8828571428571429,0.3185656721251862,0.33493147698394493,0.002857142857142857,0.8828571428571429,0.3185656721251862,0.33493147698394493,0.002857142857142857,0.008571428571428572,0.008571428571428572,0.0,0.7742857142857142,0.0,0.0,0.022529124131189616,0.08436634914903715,11.794285714285714,0.0,0.0,0.15,0.08,1,0.09075545391225141,0.14490087495962437,0.47790451933271033,0.8698972180084482,0.0,0.6666666666666666,0.0,0.3,0.0,0.3,0.3,0.08,0.008571428571428572,0.05,0.25
31,0.6326348319087544,0.5216120945268409,0.6326348319087544,0.5216120945268409,0.24908806407921,0.5635525771402417,0.84,0.31799424355375766,0.3346743341268021,0.002857142857142857,0.84,0.31799424355375766,0.3346743341268021,0.002857142857142857,0.017142857142857144,0.017142857142857144,0.0,0.8171428571428572,0.002857142857142857,0.0,0.022529124131189616,0.08436634914903715,11.794285714285714,0.0,0.0,0.15,0.08,1,0.09270421963072051,0.14497401861610854,0.4854892860889133,0.8717050596020486,0.0,0.8333333333333334,0.0,0.3,0.0,0.3,0.3,0.08,0.017142857142857144,0.05,0.25
32,0.6399576864889353,0.522207794164737,0.6399576864889353,0.522207794164737,0.24908806407921,0.5631240672735867,0.8628571428571429,0.31747995783947197,0.3345029055553735,0.002857142857142857,0.8628571428571429,0.31747995783947197,0.3345029055553735,0.002857142857142857,0.014285714285714285,0.014285714285714285,0.0,0.8828571428571429,0.002857142857142857,0.0,0.022529124131189616,0.08436634914903715,11.794285714285714,0.0,0.0,0.15,0.08,1,0.09355498424685262,0.14555587640343984,0.49006521465284925,0.8858423808639998,0.0,0.8,0.0,0.3,0.0,0.3,0.3,0.08,0.014285714285714285,0.05,0.25
33,0.648089144190752,0.5240902694114328,0.648089144190752,0.5240902694114328,0.24908806407921,0.5630902225968502,0.8571428571428571,0.3167942435537577,0.33409421825451946,0.002857142857142857,0.8571428571428571,0.3167942435537577,0.33409421825451946,0.002857142857142857,0.025714285714285714,0.025714285714285714,0.0,0.9714285714285714,0.005714285714285714,0.0,0.022529124131189616,0.08436634914903715,11.794285714285714,0.0,0.0,0.15,0.08,1,0.0965443521827612,0.14482809702142263,0.505978196074078,0.8681255332467198,0.0,0.8888888888888888,0.0,0.3,0.0,0.3,0.3,0.08,0.025714285714285714,0.05,0.25
34,0.6570423763324316,0.5253252033112189,0.6570423763324316,0.5253252033112189,0.24908806407921,0.5637493506881541,0.8485714285714285,0.3167942435537577,0.33409421825451946,0.002857142857142857,0.8485714285714285,0.3167942435537577,0.33409421825451946,0.002857142857142857,0.0,0.0,0.0,1.042857142857143,0.005714285714285714,0.0,0.022529124131189616,0.08436634914903715,11.794285714285714,0.0,0.0,0.15,0.08,1,0.09606163042184739,0.14410395653631553,0.49585863215259646,0.8507630225817854,0.0,0.0,0.0,0.3,0.0,0.3,0.3,0.08,0.0,0.05,0.25
35,0.6636156335449429,0.5262152239325718,0.6636156335449429,0.5262152239325718,0.24908806407921,0.5640330399596052,0.8714285714285714,0.3166228149823291,0.333965646825948,0.002857142857142857,0.8714285714285714,0.3166228149823291,0.333965646825948,0.002857142857142857,0.005714285714285714,0.005714285714285714,0.0,1.0885714285714285,0.005714285714285714,0.0,0.022529124131189616,0.08436634914903715,11.794285714285714,0.0,0.0,0.15,0.08,1,0.09643846512688102,0.14360068071861457,0.4916557452238302,0.8389572240035359,0.0,0.5,0.0,0.3,0.0,0.3,0.3,0.08,0.005714285714285714,0.05,0.25
36,0.6717713165126808,0.5265338109005094,0.6717713165126808,0.5265338109005094,0.24908806407921,0.5641302677857323,0.8542857142857143,0.3162228149823291,0.333665646825948,0.002857142857142857,0.8542857142857143,0.3162228149823291,0.333665646825948,0.002857142857142857,0.014285714285714285,0.014285714285714285,0.0,1.1171428571428572,0.005714285714285714,0.0,0.022529124131189616,0.08436634914903715,11.794285714285714,0.0,0.0,0.15,0.08,1,0.09809912994410375,0.14482809702142263,0.4961083446050679,0.8681255332467198,0.0,0.6,0.0,0.3,0.0,0.3,0.3,0.08,0.014285714285714285,0.05,0.25
37,0.6825555542609241,0.5274883152534435,0.6825555542609241,0.5274883152534435,0.24908806407921,0.5633152683196687,0.8142857142857143,0.3157656721251862,0.3333227896830908,0.002857142857142857,0.8142857142857143,0.3157656721251862,0.3333227896830908,0.002857142857142857,0.014285714285714285,0.014285714285714285,0.0,1.2028571428571428,0.008571428571428572,0.0,0.022529124131189616,0.08436634914903715,11.794285714285714,0.0,0.0,0.15,0.08,1,0.09975149143724037,0.14490087495962437,0.5004718919986807,0.8698972180084482,0.0,0.6,0.0,0.3,0.0,0.3,0.3,0.08,0.014285714285714285,0.05,0.25
38,0.692290755758009,0.5283028109564543,0.692290755758009,0.5283028109564543,0.24908806407921,0.5622139499299761,0.8028571428571428,0.3154228149823291,0.33306564682594797,0.002857142857142857,0.8028571428571428,0.3154228149823291,0.33306564682594797,0.002857142857142857,0.014285714285714285,0.014285714285714285,0.0,1.282857142857143,0.008571428571428572,0.0,0.022529124131189616,0.08436634914903715,11.794285714285714,0.0,0.0,0.15,0.08,1,0.10139559112291133,0.14417637058482624,0.5047481684444215,0.8524992736482793,0.0,1.0,0.0,0.3,0.0,0.3,0.3,0.08,0.014285714285714285,0.05,0.25
39,0.701682152359525,0.5282770344944906,0.701682152359525,0.5282770344944906,0.24908806407921,0.5613090529804333,0.8342857142857143,0.314679957839472,0.3325085039688051,0.002857142857142857,0.8342857142857143,0.314679957839472,0.3325085039688051,0.002857142857142857,0.025714285714285714,0.025714285714285714,0.0,1.2714285714285714,0.011428571428571429,0.0,0.022529124131189616,0.08436634914903715,11.794285714285714,0.0,0.0,0.15,0.08,1,0.10474575602443963,0.14490087495962437,0.5203674907898187,0.8698972180084482,0.0,0.7777777777777778,0.0,0.3,0.0,0.3,0.3,0.08,0.025714285714285714,0.05,0.25
40,0.710071201517658,0.529246123466716,0.710071201517658,0.529246123466716,0.24908806407921,0.5606611734636566,0.8171428571428572,0.31450852926804335,0.33237993254023374,0.002857142857142857,0.8171428571428572,0.31450852926804335,0.33237993254023374,0.002857142857142857,0.005714285714285714,0.005714285714285714,0.0,1.38,0.011428571428571429,0.0,0.022529124131189616,0.08436634914903715,11.794285714285714,0.0,0.0,0.15,0.08,1,0.10507917010146027,0.14497401861610854,0.515674426688308,0.8717050596020486,0.0,0.5,0.0,0.3,0.0,0.3,0.3,0.08,0.005714285714285714,0.05,0.25
41,0.715922497954858,0.5301108627368971,0.715922497954858,0.5301108627368971,0.24908806407921,0.5599778786619803,0.8342857142857143,0.3143371006966148,0.33225136111166226,0.002857142857142857,0.8342857142857143,0.3143371006966148,0.33225136111166226,0.002857142857142857,0.005714285714285714,0.005714285714285714,0.0,1.4085714285714286,0.011428571428571429,0.0,0.022529124131189616,0.08436634914903715,11.794285714285714,0.0,0.0,0.15,0.08,1,0.10541091710809582,0.14424914852302798,0.5110752238688275,0.8542709584100077,0.0,1.0,0.0,0.3,0.0,0.3,0.3,0.08,0.005714285714285714,0.05,0.25
42,0.7240723018292683,0.5303923788532656,0.7240723018292683,0.5303923788532656,0.24908806407921,0.558910978715356,0.8428571428571429,0.31399424355375766,0.3320159642830019,0.002857142857142857,0.8428571428571429,0.31399424355375766,0.3320159642830019,0.002857142857142857,0.014285714285714285,0.014285714285714285,0.0,1.5085714285714287,0.014285714285714285,0.0,0.022529124131189616,0.08436634914903715,11.794285714285714,0.0,0.0,0.15,0.08,1,0.10669677503553623,0.14490087495962437,0.5151394336771653,0.8698972180084482,0.0,0.8,0.0,0.3,0.0,0.3,0.3,0.08,0.014285714285714285,0.05,0.25
43,0.7320843743696587,0.5314018505428929,0.7320843743696587,0.5314018505428929,0.24908806407921,0.5584627655731369,0.8028571428571428,0.3134799578394719,0.33163024999728763,0.002857142857142857,0.8028571428571428,0.3134799578394719,0.33163024999728763,0.002857142857142857,0.017142857142857144,0.017142857142857144,0.0,1.5257142857142858,0.011428571428571429,0.0,0.022529124131189616,0.08436634914903715,11.794285714285714,0.0,0.0,0.15,0.08,1,0.1079061483032157,0.14555587640343984,0.5219795021464791,0.8858423808639998,0.0,0.5,0.0,0.3,0.0,0.3,0.3,0.08,0.017142857142857144,0.05,0.25
44,0.7395529766512468,0.5323890382568314,0.7395529766512468,0.5323890382568314,0.24908806407921,0.5572389946666647,0.8228571428571428,0.31330852926804337,0.3315873928544305,0.002857142857142857,0.8228571428571428,0.31330852926804337,0.3315873928544305,0.002857142857142857,0.005714285714285714,0.005714285714285714,0.0,1.6457142857142857,0.008571428571428572,0.0,0.022529124131189616,0.08436634914903715,11.794285714285714,0.0,0.0,0.15,0.08,1,0.10822376041884249,0.14482809702142263,0.5172541978178352,0.8681255332467198,0.0,1.0,0.0,0.3,0.0,0.3,0.3,0.08,0.005714285714285714,0.05,0.25
45,0.7459802731080305,0.5329197156167208,0.7459802731080305,0.5329197156167208,0.24908806407921,0.555319042374831,0.7714285714285715,0.3131942435537577,0.3315016785687162,0.002857142857142857,0.7714285714285715,0.3131942435537577,0.3315016785687162,0.002857142857142857,0.002857142857142857,0.002857142857142857,0.0,1.6828571428571428,0.014285714285714285,0.0,0.022529124131189616,0.08436634914903715,11.794285714285714,0.0,0.0,0.15,0.08,1,0.10811121304531968,0.14410395653631553,0.5097662567186215,0.8507630225817854,0.0,1.0,0.0,0.3,0.0,0.3,0.3,0.08,0.002857142857142857,0.05,0.25
46,0.7543963746460096,0.5343299723763265,0.7543963746460096,0.5343299723763265,0.24908806407921,0.5534237395527476,0.7914285714285715,0.3130228149823291,0.3314159642830019,0.002857142857142857,0.7914285714285715,0.3130228149823291,0.3314159642830019,0.002857142857142857,0.008571428571428572,0.008571428571428572,0.0,1.7114285714285715,0.011428571428571429,0.0,0.022529124131189616,0.08436634914903715,11.794285714285714,0.0,0.0,0.15,0.08,1,0.10885637126580737,0.14338343675363394,0.5081423601556775,0.8337477621301497,0.0,1.0,0.0,0.3,0.0,0.3,0.3,0.08,0.008571428571428572,0.05,0.25
47,0.7619992820012272,0.534879194876348,0.7614533092480006,0.5350339573576907,0.24908806407921,0.5525915122367127,0.7679083094555874,0.3122364166068043,0.33194048002910104,0.0028653295128939827,0.7657142857142857,0.3128513864109005,0.3312873928544305,0.002857142857142857,0.0057306590257879654,0.005714285714285714,0.002857142857142857,1.7714285714285714,0.008595988538681949,0.002857142857142857,0.022560141088807516,0.08436634914903715,11.51862464183381,0.0,0.0,0.15,0.08022922636103152,1,0.10916923226662119,0.14281026326651078,0.5036937986668498,0.8204418284569713,0.0,0.5,0.0,0.3,0.0,0.3,0.3,0.08,0.005714285714285714,0.05,0.25
48,0.7685797142049454,0.5344337688730985,0.7680149402168511,0.53459951245651,0.24908806407921,0.5522276004385214,0.7936962750716332,0.3120644968360307,0.3318115402010208,0.0028653295128939827,0.7914285714285715,0.31267995783947194,0.33115882142585906,0.002857142857142857,0.0057306590257879654,0.005714285714285714,0.002857142857142857,1.8514285714285714,0.008595988538681949,0.0,0.02264249680276869,0.08436634914903715,11.51862464183381,0.0,0.0,0.15,0.08022922636103152,1,0.10919339323030594,0.14338343675363394,0.49933420840779846,0.8337477621301497,0.0,0.5,0.0,0.3,0.0,0.3,0.3,0.08,0.0057306590257879654,0.05,0.25
49,0.7768541730236914,0.5340861455208854,0.7762657577246864,0.5342748430365442,0.24908806407921,0.5517695025077108,0.7765042979942693,0.31149143093345183,0.3313817407740867,0.0028653295128939827,0.7742857142857142,0.3121085292680434,0.3307302499972876,0.002857142857142857,0.02005730659025788,0.02,0.002857142857142857,1.822857142857143,0.0057306590257879654,0.0,0.02264249680276869,0.08436634914903715,11.51862464183381,0.0,0.0,0.15,0.08022922636103152,1,0.1112474262641544,0.14555587640343984,0.5093475242396424,0.8858423808639998,0.0,0.5714285714285714,0.0,0.3,0.0,0.3,0.3,0.08,0.02005730659025788,0.05,0.25
50,0.7842854887605756,0.534667424058421,0.7836758411308938,0.5348345674659071,0.24908806407921,0.5514983330743102,0.7564469914040115,0.31103297821138887,0.3310808811752329,0.0028653295128939827,0.7542857142857143,0.3116513864109005,0.3304302499972876,0.002857142857142857,0.014326647564469915,0.014285714285714285,0.002857142857142857,1.9542857142857142,0.0028653295128939827,0.0,0.02264249680276869,0.08436634914903715,11.51862464183381,0.0,0.0,0.15,0.08022922636103152,0,0.11283404627569078,0.14482809702142263,0.5134462880405639,0.8681255332467198,0.0,0.8,0.0,0.3,0.0,0.3,0.3,0.08,0.014326647564469915,0.05,0.25
51,0.7908898836228334,0.5351338101044032,0.790261366293545,0.5352602682450218,0.24908806407921,0.5514286086526895,0.7478510028653295,0.31068913866984155,0.33090896140445925,0.0028653295128939827,0.7457142857142857,0.31130852926804337,0.33025882142585905,0.002857142857142857,0.008595988538681949,0.008571428571428572,0.002857142857142857,2.04,0.0028653295128939827,0.0,0.02264249680276869,0.08436634914903715,11.51862464183381,0.0,0.0,0.15,0.08022922636103152,0,0.11355559033002659,0.147096305709375,0.5117487908511812,0.9242505440000003,0.0,0.3333333333333333,0.0,0.3,0.0,0.3,0.3,0.08,0.008595988538681949,0.05,0.25
52,0.7976426775041254,0.5348233129600862,0.7969948664780333,0.534974959905936,0.24908806407921,0.5508886243974113,0.7621776504297995,0.31068913866984155,0.33090896140445925,0.0028653295128939827,0.76,0.31130852926804337,0.33025882142585905,0.002857142857142857,0.0,0.0,0.002857142857142857,2.08,0.0028653295128939827,0.0,0.02264249680276869,0.08436634914903715,11.51862464183381,0.0,0.0,0.15,0.08022922636103152,0,0.11298781237837646,0.14636082418082813,0.5015138150341576,0.9057655331200002,0.0,0.0,0.0,0.3,0.0,0.3,0.3,0.08,0.0,0.05,0.25
53,0.803494784811613,0.5349652142795795,0.8028302534789282,0.5351021810647673,0.24908806407921,0.5501825115209413,0.7335243553008596,0.31017337935752065,0.3305651218629119,0.0028653295128939827,0.7314285714285714,0.3107942435537577,0.32991596428300196,0.002857142857142857,0.014326647564469915,0.014285714285714285,0.002857142857142857,2.1285714285714286,0.0028653295128939827,0.0,0.02264249680276869,0.08436634914903715,11.51862464183381,0.0,0.0,0.15,0.08022922636103152,0,0.11456573045934172,0.147096305709375,0.5057692530191886,0.9242505440000003,0.0,0.4,0.0,0.3,0.0,0.3,0.3,0.08,0.014326647564469915,0.05,0.25
54,0.8091200630386183,0.5352810444250823,0.8084394594824276,0.5354387835301142,0.24908806407921,0.5500815549992517,0.7106017191977078,0.31017337935752065,0.3305651218629119,0.0028653295128939827,0.7085714285714285,0.3107942435537577,0.32991596428300196,0.002857142857142857,0.0,0.0,0.002857142857142857,2.217142857142857,0.0028653295128939827,0.0,0.02264249680276869,0.08436634914903715,11.51862464183381,0.0,0.0,0.15,0.08022922636103152,0,0.11399290180704501,0.14636082418082813,0.49565386795880484,0.9057655331200002,0.0,0.0,0.0,0.3,0.0,0.3,0.3,0.08,0.0,0.05,0.25
55,0.814164276126909,0.5361239246123725,0.8134692605333231,0.5363589637047786,0.24908806407921,0.5505969711249523,0.7077363896848138,0.310001459586747,0.3304361820348317,0.0028653295128939827,0.7057142857142857,0.3106228149823291,0.3297873928544305,0.002857142857142857,0.0057306590257879654,0.005714285714285714,0.002857142857142857,2.222857142857143,0.0,0.0,0.02264249680276869,0.08436634914903715,11.51862464183381,0.0,0.0,0.15,0.08022922636103152,0,0.11428008015515266,0.14636082418082813,0.4914550763139145,0.9057655331200002,0.0,0.5,0.0,0.3,0.0,0.3,0.3,0.08,0.0057306590257879654,0.05,0.25
56,0.8195721907552288,0.5362855822408289,0.8188617239769909,0.5365095201238056,0.24908806407921,0.5513515815700549,0.7077363896848138,0.30988684640623126,0.33035022214944487,0.0028653295128939827,0.7057142857142857,0.31050852926804334,0.3297016785687162,0.002857142857142857,0.0028653295128939827,0.002857142857142857,0.002857142857142857,2.24,0.0028653295128939827,0.0,0.02264249680276869,0.08436634914903715,11.51862464183381,0.0,0.0,0.15,0.08022922636103152,0,0.11413725118294833,0.14562902005992398,0.484483117644779,0.8876502224576002,0.0,1.0,0.0,0.3,0.0,0.3,0.3,0.08,0.0028653295128939827,0.05,0.25
57,0.8241104071517288,0.5358726443784405,0.8233869740409294,0.5361140608191733,0.24908806407921,0.5517578665974359,0.7077363896848138,0.3096003134549419,0.3301353224359778,0.0028653295128939827,0.7057142857142857,0.31022281498232906,0.3294873928544305,0.002857142857142857,0.008595988538681949,0.008571428571428572,0.002857142857142857,2.3514285714285714,0.0,0.0,0.02264249680276869,0.08436634914903715,11.51862464183381,0.0,0.0,0.15,0.08022922636103152,0,0.11485227921274786,0.14490087495962437,0.48336488386331206,0.8698972180084482,0.0,1.0,0.0,0.3,0.0,0.3,0.3,0.08,0.008595988538681949,0.05,0.25
58,0.830266267814864,0.5360598776701865,0.8295252465307414,0.5363164361248196,0.24908806407921,0.552476033775628,0.667621776504298,0.3092564739133946,0.32987744277981734,0.0028653295128939827,0.6657142857142857,0.3098799578394719,0.3292302499972876,0.002857142857142857,0.014326647564469915,0.014285714285714285,0.002857142857142857,2.3857142857142857,0.0,0.0,0.02264249680276869,0.08436634914903715,11.51862464183381,0.0,0.0,0.15,0.08022922636103152,0,0.11642087495954127,0.14497401861610854,0.4879833004717601,0.8717050596020486,0.0,0.8,0.0,0.3,0.0,0.3,0.3,0.08,0.014326647564469915,0.05,0.25
59,0.8351367244646302,0.5361683887432224,0.8343817875900796,0.5364459448286449,0.24908806407921,0.5528882526492173,0.667621776504298,0.30891263437184735,0.3296195631236569,0.0028653295128939827,0.6657142857142857,0.30953710069661483,0.32897310714014477,0.002857142857142857,0.008595988538681949,0.008571428571428572,0.002857142857142857,2.3857142857142857,0.0,0.0,0.02264249680276869,0.08436634914903715,11.51862464183381,0.0,0.0,0.15,0.08022922636103152,0,0.11697528412493916,0.14555587640343984,0.4867950630337534,0.8858423808639998,0.0,0.6666666666666666,0.0,0.3,0.0,0.3,0.3,0.08,0.008595988538681949,0.05,0.25
60,0.8388924570438985,0.5359963564366623,0.8381267895048355,0.5363328018936002,0.24908806407921,0.5531635284064241,0.6504297994269341,0.3086834080108158,0.32944764335288323,0.0028653295128939827,0.6485714285714286,0.30930852926804336,0.32880167856871617,0.002857142857142857,0.0057306590257879654,0.005714285714285714,0.002857142857142857,2.414285714285714,0.0,0.0,0.02264249680276869,0.08436634914903715,11.51862464183381,0.0,0.0,0.15,0.08022922636103152,0,0.1172475505614573,0.148578375,0.4827734474873641,0.9623600000000003,0.0,0.0,0.0,0.3,0.0,0.3,0.3,0.08,0.0057306590257879654,0.05,0.25
61,0.8466093838047224,0.5365367846632024,0.8458216679034859,0.5368961176070359,0.24908806407921,0.553047876612348,0.673352435530086,0.30822495528875277,0.3291467837540294,0.0028653295128939827,0.6714285714285714,0.3088513864109005,0.3285016785687162,0.002857142857142857,0.014326647564469915,0.014285714285714285,0.002857142857142857,2.3514285714285714,0.0,0.0,0.02264249680276869,0.08436634914903715,11.51862464183381,0.0,0.0,0.15,0.08022922636103152,0,0.11791199867257335,0.14925,0.487403692823331,0.98,0.0,0.6,0.0,0.3,0.0,0.3,0.3,0.08,0.014326647564469915,0.05,0.25
62,0.8502345495910333,0.5369869387362544,0.8494364760732644,0.5373598835603576,0.24908806407921,0.5524496192231899,0.673352435530086,0.3079384223374634,0.32893188404056234,0.0028653295128939827,0.6714285714285714,0.3085656721251862,0.3282873928544305,0.002857142857142857,0.014326647564469915,0.014285714285714285,0.002857142857142857,2.3657142857142857,0.0,0.0,0.02264249680276869,0.08436634914903715,11.51862464183381,0.0,0.0,0.15,0.08022922636103152,0,0.11946529582206762,0.14850375,0.4919413332525787,0.9603999999999999,0.0,1.0,0.0,0.3,0.0,0.3,0.3,0.08,0.014326647564469915,0.05,0.25
63,0.8565010648059191,0.5373128342207557,0.855685086958965,0.5376973647661931,0.24908806407921,0.5523167872160857,0.7048710601719198,0.3073653564348846,0.32858804449901513,0.0028653295128939827,0.7028571428571428,0.30799424355375765,0.3279445357115734,0.002857142857142857,0.017191977077363897,0.017142857142857144,0.002857142857142857,2.422857142857143,0.008595988538681949,0.0,0.02264249680276869,0.08436634914903715,11.51862464183381,0.0,0.0,0.15,0.08022922636103152,0,0.12063925505724302,0.15,0.49924536373038436,1.0,0.0,0.5,0.0,0.3,0.0,0.3,0.3,0.08,0.017191977077363897,0.05,0.25
64,0.8605928322500918,0.5372364045088156,0.8597651636390112,0.5376378348076113,0.24908806407921,0.5533866059405792,0.7507163323782235,0.3063338378102427,0.3278144055305337,0.0028653295128939827,0.7485714285714286,0.3069656721251862,0.3271731071401448,0.002857142857142857,0.03151862464183381,0.03428571428571429,0.002857142857142857,2.4885714285714284,0.0057306590257879654,0.0,0.02264249680276869,0.08436634914903715,11.51862464183381,0.0,0.0,0.15,0.08022922636103152,0,0.1251789159248139,0.15,0.5235461707414908,1.0,0.0,0.6666666666666666,0.0,0.3,0.0,0.3,0.3,0.08,0.03151862464183381,0.05,0.25
65,0.8643803560859898,0.5379571739036326,0.8635418659782355,0.5383430402224285,0.24908806407921,0.5550054378961216,0.673352435530086,0.3060473048589533,0.3275995058170667,0.0028653295128939827,0.6714285714285714,0.3066799578394719,0.3269588214258591,0.002857142857142857,0.011461318051575931,0.011428571428571429,0.002857142857142857,2.48,0.0057306590257879654,0.0,0.02264249680276869,0.08436634914903715,11.51862464183381,0.0,0.0,0.15,0.08022922636103152,0,0.1262673070594756,0.149325,0.5245038187552324,0.9818251265319649,0.0,0.75,0.0,0.3,0.0,0.3,0.3,0.08,0.011461318051575931,0.05,0.25
66,0.8667108157759092,0.5386678309648423,0.8658656672118978,0.5390584188548067,0.24908806407921,0.5559049022990247,0.6905444126074498,0.30576077190766393,0.32751354593167986,0.0028653295128939827,0.6885714285714286,0.30639424355375766,0.3268731071401448,0.002857142857142857,0.011461318051575931,0.011428571428571429,0.002857142857142857,2.4314285714285715,0.008595988538681949,0.0,0.02264249680276869,0.08436634914903715,11.51862464183381,0.0,0.0,0.15,0.08022922636103152,0,0.12657839980989247,0.148578375,0.5254423138086992,0.9621886240013254,0.0,1.0,0.0,0.3,0.0,0.3,0.3,0.08,0.011461318051575931,0.05,0.25
67,0.8708670037203735,0.5382985640031233,0.8700099803336635,0.538740872376226,0.24908806407921,0.5575114914566266,0.6848137535816619,0.3053023191856009,0.3272094340362296,0.0028653295128939827,0.6828571428571428,0.3059371006966148,0.32656986413582434,0.002857142857142857,0.014326647564469915,0.014285714285714285,0.002857142857142857,2.54,0.011461318051575931,0.0,0.02264249680276869,0.08436634914903715,11.51862464183381,0.0,0.0,0.15,0.08022922636103152,0,0.1275049798687253,0.14865337500000003,0.5292191818182396,0.9588884636916876,0.0,0.8,0.0,0.3,0.0,0.3,0.3,0.08,0.014326647564469915,0.05,0.25
68,0.8760224220110531,0.5379159414691405,0.8751506688577986,0.5383208949410956,0.24908806407921,0.5589637338796651,0.6418338108882522,0.3049011730537957,0.3269515543800692,0.0028653295128939827,0.64,0.3055371006966148,0.3263127212786815,0.002857142857142857,0.014326647564469915,0.014285714285714285,0.002857142857142857,2.5171428571428573,0.011461318051575931,0.0,0.02264249680276869,0.08436634914903715,11.51862464183381,0.0,0.0,0.15,0.08022922636103152,0,0.128504677786467,0.149325,0.532920512467589,0.9423833652017446,0.0,0.8,0.0,0.3,0.0,0.3,0.3,0.08,0.014326647564469915,0.05,0.25
69,0.8791455297214962,0.5382499765720757,0.8782648534033547,0.5386873986730127,0.24908806407921,0.5601365598980486,0.6876790830945558,0.30484386646353784,0.32690857443737575,0.0028653295128939827,0.6857142857142857,0.30547995783947196,0.3262698641358244,0.002857142857142857,0.0028653295128939827,0.002857142857142857,0.002857142857142857,2.525714285714286,0.0057306590257879654,0.0,0.02264249680276869,0.08436634914903715,11.51862464183381,0.0,0.0,0.15,0.08022922636103152,0,0.12789072582610608,0.148578375,0.52511924507538,0.9235356978977097,0.0,1.0,0.0,0.3,0.0,0.3,0.3,0.08,0.0028653295128939827,0.05,0.25
70,0.8817133477090057,0.5391668797508307,0.8808253347680427,0.5395623993061011,0.24908806407921,0.5613518989990693,0.673352435530086,0.3046719466927642,0.32680222569029727,0.0028653295128939827,0.6714285714285714,0.30530852926804336,0.32616381924230897,0.002857142857142857,0.0057306590257879654,0.005714285714285714,0.002857142857142857,2.537142857142857,0.011461318051575931,0.0,0.02264249680276869,0.08436634914903715,11.51862464183381,0.0,0.0,0.15,0.08022922636103152,0,0.1281084150541184,0.147835483125,0.5203311458881582,0.9050649839397554,0.0,1.0,0.0,0.3,0.0,0.3,0.3,0.08,0.0057306590257879654,0.05,0.25
71,0.8856998638809627,0.539476379050483,0.8848050451597544,0.5397623157501139,0.24908806407921,0.5623422242706331,0.7040229885057471,0.30420089471993883,0.3273006785215241,0.0028735632183908046,0.7,0.3050228149823291,0.3260116637850205,0.002857142857142857,0.011494252873563218,0.011428571428571429,0.005714285714285714,2.5685714285714285,0.005747126436781609,0.002857142857142857,0.022653006540570206,0.08436634914903715,11.482758620689655,0.0,0.0,0.15,0.08045977011494253,0,0.12838201583599065,0.147096305709375,0.5213530943989665,0.8869636842609603,0.0,1.0,0.0,0.3,0.0,0.3,0.3,0.08,0.011461318051575931,0.05,0.25
72,0.8885871320695086,0.5403010979871136,0.8876758146729373,0.5406036005913702,0.24908806407921,0.563678498446825,0.7183908045977011,0.3039710096624676,0.3272144716249724,0.0028735632183908046,0.7142857142857143,0.30479424355375767,0.3259259494993062,0.002857142857142857,0.005747126436781609,0.005714285714285714,0.005714285714285714,2.537142857142857,0.005747126436781609,0.0,0.022665800973866113,0.08436634914903715,11.482758620689655,0.0,0.0,0.15,0.08045977011494253,0,0.1285972486139536,0.14732018258437507,0.5166403182252728,0.881594955563238,0.0,0.5,0.0,0.3,0.0,0.3,0.3,0.08,0.005747126436781609,0.05,0.25
73,0.8927314791030917,0.5413805678896084,0.8917964797234715,0.5416557758964649,0.24908806407921,0.5642263169392385,0.6724137931034483,0.3039710096624676,0.3272144716249724,0.0028735632183908046,0.6685714285714286,0.30479424355375767,0.3259259494993062,0.002857142857142857,0.0,0.0,0.005714285714285714,2.4657142857142857,0.0,0.0,0.022665800973866113,0.08436634914903715,11.482758620689655,0.0,0.0,0.15,0.08045977011494253,0,0.1279542623708838,0.1465835816714532,0.5063075118607674,0.8639630564519731,0.0,0.0,0.0,0.3,0.0,0.3,0.3,0.08,0.0,0.05,0.25
74,0.8952080826023131,0.5420304948853891,0.8942589312026972,0.5422928869942877,0.24908806407921,0.5646711064260644,0.7126436781609196,0.30368365334062847,0.3270851612801448,0.0028735632183908046,0.7085714285714285,0.30450852926804334,0.32579737807073483,0.002857142857142857,0.008620689655172414,0.008571428571428572,0.005714285714285714,2.362857142857143,0.005747126436781609,0.0,0.022665800973866113,0.08436634914903715,11.482758620689655,0.0,0.0,0.15,0.08045977011494253,0,0.12860020534474367,0.14865337500000003,0.5047527901949805,0.8698972180084482,0.0,0.6666666666666666,0.0,0.3,0.0,0.3,0.3,0.08,0.008620689655172414,0.05,0.25
75,0.8989258623805899,0.542608121140504,0.8979554665250982,0.5428750265747385,0.24908806407921,0.565225261054632,0.7183908045977011,0.30368365334062847,0.3270851612801448,0.0028735632183908046,0.7142857142857143,0.30450852926804334,0.32579737807073483,0.002857142857142857,0.0,0.0,0.005714285714285714,2.3142857142857145,0.0028735632183908046,0.0,0.022665800973866113,0.08436634914903715,11.482758620689655,0.0,0.0,0.15,0.08045977011494253,0,0.12795720431801996,0.14791010812500002,0.494657734391081,0.8524992736482793,0.0,0.0,0.0,0.3,0.0,0.3,0.3,0.08,0.0,0.05,0.25
76,0.9031651977777594,0.543014889248611,0.9021705771485696,0.5432626762620383,0.24908806407921,0.565443030682432,0.7413793103448276,0.30368365334062847,0.3270851612801448,0.0028735632183908046,0.7371428571428571,0.30450852926804334,0.32579737807073483,0.002857142857142857,0.0,0.0,0.005714285714285714,2.282857142857143,0.005747126436781609,0.0,0.022665800973866113,0.08436634914903715,11.482758620689655,0.0,0.0,0.15,0.08045977011494253,0,0.12731741829642984,0.14717055758437503,0.48476457970325926,0.8354492881753136,0.0,0.0,0.0,0.3,0.0,0.3,0.3,0.08,0.0,0.05,0.25
77,0.9058609482241536,0.5436008698646326,0.9048509233066987,0.5438912845594701,0.24908806407921,0.5658801773397419,0.7183908045977011,0.30351123954752507,0.3269558509353172,0.0028735632183908046,0.7142857142857143,0.3043371006966148,0.32566880664216336,0.002857142857142857,0.005747126436781609,0.005714285714285714,0.005714285714285714,2.3485714285714288,0.0028735632183908046,0.0,0.022665800973866113,0.08436634914903715,11.482758620689655,0.0,0.0,0.15,0.08045977011494253,0,0.12753797406209055,0.14798510812500004,0.4807835738234798,0.8346159579848557,0.0,0.5,0.0,0.3,0.0,0.3,0.3,0.08,0.005747126436781609,0.05,0.25
78,0.9102528620052456,0.5449233831351958,0.9092177404376129,0.5451542801845665,0.24908806407921,0.5669118499309908,0.7672413793103449,0.3033962970187894,0.3268696440387655,0.0028735632183908046,0.7628571428571429,0.30422281498232906,0.32558309235644906,0.002857142857142857,0.0028735632183908046,0.002857142857142857,0.005714285714285714,2.2114285714285713,0.005747126436781609,0.0,0.022665800973866113,0.08436634914903715,11.482758620689655,0.0,0.0,0.15,0.08045977011494253,0,0.12732885562035157,0.15749252338350472,0.4740250452041531,0.8267189793422225,0.0,0.0,0.0,0.3,0.0,0.3,0.3,0.08,0.0028735632183908046,0.05,0.25
79,0.9140679823830858,0.5447058561165152,0.9130110601275797,0.5449515062487451,0.24908806407921,0.5685159878969952,0.7758620689655172,0.30282158437511125,0.32652547015615474,0.0028735632183908046,0.7714285714285715,0.3036513864109005,0.32524088518173894,0.002857142857142857,0.020114942528735632,0.02,0.005714285714285714,2.2085714285714286,0.005747126436781609,0.0,0.022665800973866113,0.08436634914903715,11.482758620689655,0.0,0.0,0.15,0.08045977011494253,0,0.1294882510932473,0.15805168576658718,0.48454454430007005,0.8997880179089148,0.0,0.5714285714285714,0.0,0.3,0.0,0.3,0.3,0.08,0.020114942528735632,0.05,0.25
80,0.9166400040707815,0.545895516882362,0.9155683845484887,0.5461172172223002,0.24908806407921,0.5690407092205041,0.7327586206896551,0.3025342280532722,0.3263934280885289,0.0028735632183908046,0.7285714285714285,0.3033656721251862,0.32510959764021385,0.002857142857142857,0.008620689655172414,0.008571428571428572,0.005714285714285714,2.24,0.005747126436781609,0.0,0.022665800973866113,0.08436634914903715,11.482758620689655,0.0,0.0,0.15,0.08045977011494253,0,0.1300852091554073,0.15726142733775422,0.4834250819854971,0.8817922575507364,0.0,1.0,0.0,0.3,0.0,0.3,0.3,0.08,0.008620689655172414,0.05,0.25
81,0.9197565400885829,0.5463425847558667,0.9186671117890454,0.5465896399533756,0.24908806407921,0.5702063167993033,0.7097701149425287,0.301959515409594,0.326048600502322,0.0028735632183908046,0.7057142857142857,0.3027942435537576,0.3247667404973567,0.002857142857142857,0.017241379310344827,0.017142857142857144,0.005714285714285714,2.2685714285714287,0.0028735632183908046,0.0,0.022665800973866113,0.08436634914903715,11.482758620689655,0.0,0.0,0.15,0.08045977011494253,0,0.13200621168105886,0.15782174520106543,0.4908994374886444,0.8979464081242942,0.0,0.6666666666666666,0.0,0.3,0.0,0.3,0.3,0.08,0.017241379310344827,0.05,0.25
82,0.9220215589185009,0.5466849173039976,0.920919187654221,0.5469344994259331,0.24908806407921,0.5714567036282503,0.7557471264367817,0.3016721590877549,0.3258330832609427,0.0028735632183908046,0.7514285714285714,0.30250852926804334,0.324552454783071,0.002857142857142857,0.008620689655172414,0.008571428571428572,0.005714285714285714,2.277142857142857,0.0028735632183908046,0.0,0.022665800973866113,0.08436634914903715,11.482758620689655,0.0,0.0,0.15,0.08045977011494253,0,0.13263189490836783,0.22758749239985715,0.48965287731030005,0.9076479171200007,0.0,0.6666666666666666,0.0,0.3,0.0,0.3,0.3,0.08,0.008620689655172414,0.05,0.25
83,0.9246609781832508,0.5473317087042967,0.9235435245231725,0.5476581398480115,0.24908806407921,0.5723894027246892,0.7471264367816092,0.3012698602371802,0.32561756601956343,0.0028735632183908046,0.7428571428571429,0.3021085292680434,0.32433816906878526,0.002857142857142857,0.011494252873563218,0.011428571428571429,0.005714285714285714,2.22,0.0028735632183908046,0.0,0.022665800973866113,0.08436634914903715,11.482758620689655,0.0,0.0,0.15,0.08045977011494253,0,0.13336788114454026,0.22644955493785784,0.49128839119266543,0.9233459296037178,0.0,0.25,0.0,0.3,0.0,0.3,0.3,0.08,0.011494252873563218,0.05,0.25
84,0.9294326740528922,0.5480881517998589,0.9282879535592728,0.5484218189055176,0.24908806407921,0.5737662087248627,0.7614942528735632,0.30103997517970893,0.32544515222646,0.0028735632183908046,0.7571428571428571,0.3018799578394719,0.3241667404973567,0.002857142857142857,0.008620689655172414,0.008571428571428572,0.005714285714285714,2.237142857142857,0.0028735632183908046,0.0,0.022665800973866113,0.08436634914903715,11.482758620689655,0.0,0.0,0.15,0.08045977011494253,0,0.13398675602453186,0.22531730716316856,0.49003405194024074,0.9411919999999999,0.0,0.6666666666666666,0.0,0.3,0.0,0.3,0.3,0.08,0.008620689655172414,0.05,0.25
85,0.9313410153376873,0.5484086242628485,0.9301853900367265,0.5486752451105634,0.24908806407921,0.5754166788682041,0.7614942528735632,0.3009250326509733,0.32540204877818407,0.0028735632183908046,0.7571428571428571,0.3017656721251862,0.3241238833544996,0.002857142857142857,0.005747126436781609,0.005714285714285714,0.005714285714285714,2.334285714285714,0.0,0.0,0.022665800973866113,0.08436634914903715,11.482758620689655,0.0,0.0,0.15,0.08045977011494253,0,0.13417396510155205,0.2241907206273527,0.48594765661572165,0.9223681599999999,0.0,1.0,0.0,0.3,0.0,0.3,0.3,0.08,0.005747126436781609,0.05,0.25
86,0.9335426954333806,0.54966637364225,0.9323744891033012,0.5499739079600717,0.24908806407921,0.5772490442344782,0.7011494252873564,0.3008675613866055,0.3253589453299082,0.0028735632183908046,0.6971428571428572,0.30170852926804337,0.3240810262116424,0.002857142857142857,0.0028735632183908046,0.002857142857142857,0.005714285714285714,2.322857142857143,0.0028735632183908046,0.0,0.022665800973866113,0.08436634914903715,11.482758620689655,0.0,0.0,0.15,0.08045977011494253,0,0.13393166670461573,0.22306976702421594,0.47908584634054996,0.9039207967999998,0.0,1.0,0.0,0.3,0.0,0.3,0.3,0.08,0.0028735632183908046,0.05,0.25
87,0.9370630956832137,0.5498223085797876,0.9358747727802782,0.5501035532286851,0.24908806407921,0.5789914218814028,0.7126436781609196,0.3004652625360308,0.3250572211919772,0.0028735632183908046,0.7085714285714285,0.30130852926804336,0.32378102621164245,0.002857142857142857,0.017241379310344827,0.017142857142857144,0.005714285714285714,2.3142857142857145,0.005747126436781609,0.0,0.022665800973866113,0.08436634914903715,11.482758620689655,0.0,0.0,0.15,0.08045977011494253,0,0.13552137705523767,0.22195441818909484,0.48664698655659616,0.8858423808639998,0.0,1.0,0.0,0.3,0.0,0.3,0.3,0.08,0.017241379310344827,0.05,0.25
88,0.9383462704341384,0.5510079471808497,0.9371506151040548,0.5512991735095072,0.24908806407921,0.5798466245836743,0.7126436781609196,0.30035032000729517,0.3249710142954255,0.0028735632183908046,0.7085714285714285,0.3011942435537576,0.32369531192592815,0.002857142857142857,0.005747126436781609,0.005714285714285714,0.005714285714285714,2.362857142857143,0.0,0.0,0.022665800973866113,0.08436634914903715,11.482758620689655,0.0,0.0,0.15,0.08045977011494253,0,0.13487234159853292,0.22084464609814936,0.4826283325397499,0.8681255332467198,0.0,1.0,0.0,0.3,0.0,0.3,0.3,0.08,0.005747126436781609,0.05,0.25
89,0.9414015747527471,0.5522792805095735,0.9401884605408427,0.5525936976388568,0.24908806407921,0.580918362170805,0.75,0.3001204349498239,0.32479860050232207,0.0028735632183908046,0.7457142857142857,0.3009656721251862,0.32352388335449955,0.002857142857142857,0.008620689655172414,0.008571428571428572,0.005714285714285714,2.4285714285714284,0.0,0.0,0.022665800973866113,0.08436634914903715,11.482758620689655,0.0,0.0,0.15,0.08045977011494253,0,0.13548369417625455,0.2197404228676586,0.4815471944603835,0.8858423808639998,0.0,0.3333333333333333,0.0,0.3,0.0,0.3,0.3,0.08,0.008620689655172414,0.05,0.25
90,0.9434004400943431,0.5524907269928024,0.9421759037947727,0.552814503701234,0.24908806407921,0.5818558006659356,0.7298850574712644,0.2999480211567204,0.3246692901574944,0.0028735632183908046,0.7257142857142858,0.30079424355375767,0.3233953119259282,0.002857142857142857,0.005747126436781609,0.005714285714285714,0.005714285714285714,2.402857142857143,0.0,0.0,0.022665800973866113,0.08436634914903715,11.482758620689655,0.0,0.0,0.15,0.08045977011494253,0,0.13566341856251612,0.22316528180323497,0.4776305362854616,0.8681255332467198,0.0,0.5,0.0,0.3,0.0,0.3,0.3,0.08,0.005747126436781609,0.05,0.25
91,0.9446150707552528,0.5526451064329062,0.9434482296251677,0.5530193145025019,0.24908806407921,0.5824985642076378,0.6974063400576369,0.2999602330011922,0.32347038056616234,0.002881844380403458,0.6914285714285714,0.3003371006966148,0.32309531192592816,0.002857142857142857,0.01729106628242075,0.017142857142857144,0.008571428571428572,2.4714285714285715,0.0,0.002857142857142857,0.022770325019452482,0.08436634914903715,11.164265129682997,0.0,0.0,0.15,0.08069164265129683,0,0.13623407601362672,0.22204945539421878,0.48522078270260943,0.8524992736482793,0.0,0.8333333333333334,0.0,0.3,0.0,0.3,0.3,0.08,0.017241379310344827,0.05,0.25
92,0.9473814000050539,0.5524127345276325,0.9461908474813991,0.5527821608603979,0.24908806407921,0.5832737239326772,0.6743515850144092,0.2994415010127195,0.3230813315748079,0.002881844380403458,0.6685714285714286,0.2998228149823291,0.32270959764021384,0.002857142857142857,0.01440922190201729,0.014285714285714285,0.008571428571428572,2.474285714285714,0.0,0.0,0.02279149307491422,0.08436634914903715,11.164265129682997,0.0,0.0,0.15,0.08069164265129683,0,0.13729576277641575,0.2209392081172477,0.48980208133427156,0.8354492881753136,0.0,1.0,0.0,0.3,0.0,0.3,0.3,0.08,0.01440922190201729,0.05,0.25
93,0.9461288835039003,0.5531937394626574,0.9449490668359696,0.5535208848131999,0.24908806407921,0.5840246631071448,0.7031700288184438,0.29926859034989534,0.3229516485776897,0.002881844380403458,0.6971428571428572,0.29965138641090056,0.3225810262116424,0.002857142857142857,0.008645533141210375,0.008571428571428572,0.008571428571428572,2.462857142857143,0.0,0.0,0.02279149307491422,0.08436634914903715,11.164265129682997,0.0,0.0,0.15,0.08069164265129683,0,0.1370664268196765,0.21983451207666146,0.48857746827901466,0.8187403024118074,0.0,1.0,0.0,0.3,0.0,0.3,0.3,0.08,0.008645533141210375,0.05,0.25
94,0.9475404894312947,0.5531979993274003,0.9463485732839862,0.553419805124928,0.24908806407921,0.5853010813731369,0.654178674351585,0.2990956796870711,0.3228219655805716,0.002881844380403458,0.6485714285714286,0.29947995783947196,0.322452454783071,0.002857142857142857,0.005763688760806916,0.005714285714285714,0.008571428571428572,2.494285714285714,0.0,0.0,0.02279149307491422,0.08436634914903715,11.164265129682997,0.0,0.0,0.15,0.08069164265129683,0,0.137238237542721,0.21873533951627816,0.48452020462772016,0.8023654963635712,0.0,1.0,0.0,0.3,0.0,0.3,0.3,0.08,0.005763688760806916,0.05,0.25
95,0.9476788771538543,0.5542795101006396,0.946485774826067,0.5545300975294204,0.24908806407921,0.5869139641691853,0.7348703170028819,0.2988074952490308,0.3226058272520413,0.002881844380403458,0.7285714285714285,0.2991942435537577,0.32223816906878533,0.002857142857142857,0.011527377521613832,0.011428571428571429,0.008571428571428572,2.545714285714286,0.0,0.0,0.02279149307491422,0.08436634914903715,11.164265129682997,0.0,0.0,0.15,0.08069164265129683,0,0.13823304198186484,0.21764166281869676,0.4862583719637371,0.8092424537612181,0.0,0.75,0.0,0.3,0.0,0.3,0.3,0.08,0.011527377521613832,0.05,0.25
96,0.9499652851859682,0.5544644797292686,0.9487525850750483,0.5546551688829391,0.24908806407921,0.5878378966538166,0.7550432276657061,0.29863458458620656,0.32247614425492316,0.002881844380403458,0.7485714285714286,0.2990228149823291,0.3221095976402139,0.002857142857142857,0.005763688760806916,0.005714285714285714,0.008571428571428572,2.617142857142857,0.002881844380403458,0.0,0.02279149307491422,0.08436634914903715,11.164265129682997,0.0,0.0,0.15,0.08069164265129683,0,0.13839901962909837,0.21655345450460328,0.482247490238748,0.8717050596020486,0.0,0.5,0.0,0.3,0.0,0.3,0.3,0.08,0.005763688760806916,0.05,0.25
97,0.9512129675591505,0.5550221004551704,0.949989573027889,0.5551698297069595,0.24908806407921,0.5889509017644063,0.6743515850144092,0.2984040370357743,0.32238968892351105,0.002881844380403458,0.6685714285714286,0.29879424355375767,0.3220238833544996,0.002857142857142857,0.008645533141210375,0.008571428571428572,0.008571428571428572,2.611428571428571,0.002881844380403458,0.0,0.02279149307491422,0.08436634914903715,11.164265129682997,0.0,0.0,0.15,0.08069164265129683,0,0.13899273881666716,0.21547068723208027,0.48117396900540166,0.8863915943735267,0.0,0.6666666666666666,0.0,0.3,0.0,0.3,0.3,0.08,0.008645533141210375,0.05,0.25
98,0.9507296376901117,0.5556914427932533,0.9495103859862992,0.5558390769395494,0.24908806407921,0.5893615462358346,0.654178674351585,0.2978276681596936,0.3219574122664505,0.002881844380403458,0.6485714285714286,0.29822281498232905,0.32159531192592816,0.002857142857142857,0.01440922190201729,0.014285714285714285,0.008571428571428572,2.662857142857143,0.005763688760806916,0.0,0.02279149307491422,0.08436634914903715,11.164265129682997,0.0,0.0,0.15,0.08069164265129683,0,0.14009734726544099,0.22511189298560344,0.48583620391100796,0.9431128000000003,0.0,0.2,0.0,0.3,0.0,0.3,0.3,0.08,0.01440922190201729,0.05,0.25
99,0.9538222655684649,0.5563437940314091,0.9525765056256952,0.5565519041833658,0.24908806407921,0.5889815161379967,0.6858789625360231,0.29771239438447744,0.3218709569350384,0.002881844380403458,0.68,0.2981085292680434,0.32150959764021386,0.002857142857142857,0.002881844380403458,0.002857142857142857,0.008571428571428572,2.66,0.002881844380403458,0.0,0.02279149307491422,0.08436634914903715,11.164265129682997,0.0,0.0,0.15,0.08069164265129683,0,0.1398254319576852,0.22398633352067546,0.47897662268993063,0.9242505440000003,0.0,0.0,0.0,0.3,0.0,0.3,0.3,0.08,0.002881844380403458,0.05,0.25
100,0.9563718031629106,0.5573662995288956,0.9551041900407599,0.5575244791029432,0.24908806407921,0.5880457146976021,0.6974063400576369,0.29725129928361294,0.321568363275096,0.002881844380403458,0.6914285714285714,0.2976513864109005,0.32120959764021384,0.002857142857142857,0.01729106628242075,0.017142857142857144,0.008571428571428572,2.697142857142857,0.0,0.0,0.02279149307491422,0.08436634914903715,11.164265129682997,0.0,0.0,0.15,0.08069164265129683,0,0.14169773336932534,0.22286640185307205,0.4865399473789892,0.9431128000000003,0.0,0.6666666666666666,0.0,0.3,0.0,0.3,0.3,0.08,0.01729106628242075,0.05,0.25
101,0.9569105107854294,0.5574513093674854,0.9556382801693712,0.557579026255175,0.24908806407921,0.587693871078071,0.6829971181556196,0.2971360255083968,0.3214819079436839,0.002881844380403458,0.6771428571428572,0.2975371006966148,0.32112388335449954,0.002857142857142857,0.008645533141210375,0.008571428571428572,0.008571428571428572,2.68,0.0,0.0,0.017415000215038366,0.09492034831902924,11.164265129682997,0.1,0.18126924692201818,0.21,0.08069164265129683,0,0.14227495898819298,0.22606882498750724,0.48538057700283793,0.9450728000000008,0.0,0.3333333333333333,0.0,0.3,0.0,0.3,0.3,0.08,0.008645533141210375,0.07,0.27
102,0.9578917278986575,0.558153062181909,0.9566110868502006,0.5581976990089855,0.24908806407921,0.5869674603697941,0.7118155619596542,0.29742420994643715,0.3216980462722142,0.002881844380403458,0.7057142857142857,0.29782281498232904,0.32133816906878526,0.002857142857142857,0.008645533141210375,0.008571428571428572,0.008571428571428572,2.6885714285714286,0.002881844380403458,0.0,0.017519548812538113,0.09460372834392951,11.164265129682997,0.097,0.17634209573142312,0.2082,0.08069164265129683,0,0.1428492984789663,0.2249384808625697,0.48424439403420977,0.9261713440000008,0.0,1.0,0.0,0.3,0.0,0.3,0.3,0.08,0.008645533141210375,0.0694,0.2694
103,0.9592469596900929,0.5580931598256037,0.9579547023691378,0.5581173821635225,0.24908806407921,0.5866209891582245,0.7089337175792507,0.2970783886207887,0.3214386802779779,0.002881844380403458,0.7028571428571428,0.29747995783947195,0.3210810262116425,0.002857142857142857,0.008645533141210375,0.008571428571428572,0.008571428571428572,2.64,0.002881844380403458,0.0,0.017623639160984902,0.0942966069680827,11.164265129682997,0.09409000000000001,0.1715344299918684,0.206454,0.08069164265129683,0,0.14342076627228575,0.2319323448076744,0.48313093472495405,0.9643600000000009,0.0,0.0,0.0,0.3,0.0,0.3,0.3,0.08,0.008645533141210375,0.068818,0.268818
104,0.9603730601858599,0.5586950192456546,0.9590711505749411,0.5587075408163403,0.24908806407921,0.5858953670589243,0.7002881844380403,0.2970783886207887,0.32143868027797795,0.002881844380403458,0.6942857142857143,0.29747995783947195,0.3210810262116425,0.002857142857142857,0.011527377521613832,0.011428571428571429,0.008571428571428572,2.5485714285714285,0.002881844380403458,0.0,0.017727180052883193,0.09399869923351133,11.164265129682997,0.09126730000000001,0.16684418376162757,0.20476038,0.08069164265129683,0,0.1442959219848475,0.23077268308363605,0.4848968874590264,1.0,0.0,0.5,0.0,0.3,0.0,0.3,0.3,0.08,0.011527377521613832,0.06825346,0.26825346
105,0.9607152046632932,0.5597094342481341,0.9594103623854247,0.5596952124921485,0.24908806407921,0.5842493236208175,0.7348703170028819,0.2971936623960048,0.32152513560939,0.002881844380403458,0.7285714285714285,0.29759424355375763,0.3211667404973567,0.002857142857142857,0.008645533141210375,0.008571428571428572,0.008571428571428572,2.5628571428571427,0.002881844380403458,0.0,0.017830085229993686,0.09370972873097712,11.164265129682997,0.088529281,0.16226927610018926,0.2031175686,0.08069164265129683,0,0.14486015666063756,0.23628402736871462,0.48377037828127445,0.9942710573521548,0.0,0.6666666666666666,0.0,0.3,0.0,0.3,0.3,0.08,0.008645533141210375,0.0677058562,0.2677058562
106,0.9616755264681845,0.5607889485889296,0.9603624528605597,0.5607905947426788,0.24908806407921,0.5822667826660259,0.7262247838616714,0.2975684311487319,0.3218277292693324,0.002881844380403458,0.72,0.2979658000028899,0.32146674049735674,0.002857142857142857,0.023054755043227664,0.022857142857142857,0.008571428571428572,2.565714285714286,0.002881844380403458,0.0,0.017932273375053442,0.0934294273435189,11.164265129682997,0.08587340257,0.15780761504170115,0.201524041542,0.08069164265129683,0,0.14756442730590583,0.24325898419236566,0.4969521135727918,1.1016655465397518,0.0,0.875,0.0,0.3,0.0,0.3,0.3,0.08,0.023054755043227664,0.067174680514,0.267174680514
107,0.9620938765506352,0.5617905050350115,0.9607728352888778,0.5615276902652311,0.24908806407921,0.580447714119331,0.6791907514450867,0.29853120184345316,0.32167503139236486,0.002890173410404624,0.6714285714285714,0.29836580000288987,0.3217667404973567,0.002857142857142857,0.02023121387283237,0.02,0.011428571428571429,2.5085714285714285,0.0,0.002857142857142857,0.018043851942350114,0.09315753499768445,11.07514450867052,0.08329720049289999,0.15345710132083934,0.19997832029573998,0.08092485549132948,0,0.14878503352398678,0.24204268927140382,0.507013071301336,1.0796322356089567,0.0,0.8571428571428571,0.0,0.3,0.0,0.3,0.3,0.08,0.020172910662824207,0.06665944009858,0.26665944009858
108,0.9635124987053933,0.5617283989144133,0.9621752446190103,0.5615238197973487,0.24908806407921,0.5788896475494011,0.7052023121387283,0.29882021918449364,0.32189179439814525,0.002890173410404624,0.6971428571428572,0.29865151428860415,0.32198102621164243,0.002857142857142857,0.017341040462427744,0.017142857142857144,0.011428571428571429,2.4885714285714284,0.0,0.0,0.01815932774501643,0.092893799422225,11.07514450867052,0.08079828447811299,0.14921563186018072,0.1984789706868678,0.08092485549132948,0,0.1502125369277954,0.24083247582504683,0.5140156670181664,1.0580395908967775,0.0,0.8333333333333334,0.0,0.3,0.0,0.3,0.3,0.08,0.017341040462427744,0.0661596568956226,0.2661596568956226
109,0.9637838935366283,0.5617861020891501,0.9624435377950311,0.5616059544220195,0.24908806407921,0.577877809940952,0.7167630057803468,0.29951386080299075,0.3224120256120181,0.002890173410404624,0.7085714285714285,0.29933722857431844,0.3224953119259281,0.002857142857142857,0.017341040462427744,0.017142857142857144,0.011428571428571429,2.454285714285714,0.0,0.0,0.01825947837490232,0.09263797591402943,11.07514450867052,0.0783743359437696,0.14508110302819666,0.19702460156626175,0.08092485549132948,0,0.15026307565103586,0.23962831344592156,0.5208782108206602,1.0368787990788417,0.0,1.0,0.0,0.3,0.0,0.3,0.3,0.08,0.017341040462427744,0.06567486718875393,0.26567486718875394
110,0.9651857659244912,0.5612906186427844,0.9638293887841756,0.5610972196253112,0.24908806407921,0.5782751731144242,0.7052023121387283,0.29939825386657454,0.32232532040970596,0.002890173410404624,0.6971428571428572,0.2992229428600327,0.3224095976402139,0.002857142857142857,0.002890173410404624,0.002857142857142857,0.011428571428571429,2.402857142857143,0.0,0.0,0.018358628194575875,0.09238982711107964,11.07514450867052,0.0760231058654565,0.1410514136769826,0.1956138635192739,0.08092485549132948,0,0.14994033170135213,0.23843017187869198,0.5133177894613898,1.016141223097265,0.0,0.0,0.0,0.3,0.0,0.3,0.3,0.08,0.002890173410404624,0.06520462117309131,0.2652046211730913
111,0.966629729412939,0.5624297095246061,0.9652568498327555,0.5621853597111118,0.24908806407921,0.5787545193141331,0.6502890173410405,0.2997450746758231,0.32258543601664236,0.002890173410404624,0.6428571428571429,0.2995658000028899,0.3226667404973567,0.002857142857142857,0.017341040462427744,0.017142857142857144,0.011428571428571429,2.3685714285714288,0.002890173410404624,0.0,0.01845671949973905,0.09214912277221834,11.07514450867052,0.0737424126894928,0.13712446796878974,0.19424544761369567,0.08092485549132948,0,0.14978963289641678,0.2415449408655669,0.5201942908150191,1.0113695626535837,0.0,0.8333333333333334,0.0,0.3,0.0,0.3,0.3,0.08,0.017341040462427744,0.06474848253789857,0.26474848253789857
112,0.9673160296741853,0.5628797275893638,0.9659353066624446,0.5626383604404619,0.24908806407921,0.578851099356791,0.7283236994219653,0.29974507467582306,0.32258543601664236,0.002890173410404624,0.72,0.29956580000288985,0.3226667404973567,0.002857142857142857,0.011560693641618497,0.011428571428571429,0.011428571428571429,2.4,0.005780346820809248,0.0,0.01855369910099375,0.0919156395635229,11.07514450867052,0.07153014030880801,0.13329817800035182,0.1929180841852848,0.08092485549132948,0,0.15001125901407758,0.24033721616123907,0.5212189764272901,1.0027189895297812,0.0,0.5,0.0,0.3,0.0,0.3,0.3,0.08,0.011560693641618497,0.06430602806176161,0.2643060280617616
113,0.9682460082031601,0.5629508870745339,0.966854656865374,0.5626977377073955,0.24908806407921,0.5794225094819276,0.6965317919075145,0.2998028781440312,0.3226287886177984,0.002890173410404624,0.6885714285714286,0.2996229428600327,0.32270959764021384,0.002857142857142857,0.014450867052023121,0.014285714285714285,0.011428571428571429,2.342857142857143,0.005780346820809248,0.0,0.018649518200523636,0.09168916085108834,11.07514450867052,0.06938423609954376,0.1295704662338868,0.19163054165972626,0.08092485549132948,0,0.15028877700115004,0.23913553008043287,0.5250803111844587,1.0006646097391851,0.0,0.8,0.0,0.3,0.0,0.3,0.3,0.08,0.014450867052023121,0.06387684721990876,0.26387684721990873
114,0.9684897470199662,0.5627652448667553,0.9670956100957021,0.5625499042816481,0.24908806407921,0.5800830646927994,0.6907514450867052,0.29986068161223933,0.3226721412189545,0.002890173410404624,0.6828571428571428,0.2996800857171756,0.322752454783071,0.002857142857142857,0.014450867052023121,0.014285714285714285,0.011428571428571429,2.26,0.005780346820809248,0.0,0.018744132260184943,0.0914694765000268,11.07514450867052,0.06730270901655745,0.1259392677435177,0.19038162540993447,0.08092485549132948,0,0.15045147597328715,0.2431027415030571,0.5288644192464836,1.0066551310133065,0.0,0.6,0.0,0.3,0.0,0.3,0.3,0.08,0.014450867052023121,0.0634605418033115,0.26346054180331147
115,0.9702215565864108,0.5630137959275134,0.9688076275528161,0.5627333220739406,0.24908806407921,0.5814718656989911,0.7369942196531792,0.3003809128261121,0.32306231462935914,0.005780346820809248,0.7285714285714285,0.3001943714314613,0.3231381690687853,0.005714285714285714,0.017341040462427744,0.017142857142857144,0.011428571428571429,2.2742857142857145,0.005780346820809248,0.0,0.018837500862562345,0.09125638267949711,11.07514450867052,0.06528362774606072,0.12240253228570042,0.1891701766476364,0.08092485549132948,0,0.150641932879135,0.2418872277955418,0.5354299880044112,0.9865220283930403,0.0,1.0,0.0,0.3,0.0,0.3,0.3,0.08,0.017341040462427744,0.06305672554921216,0.26305672554921217
116,0.971515989384674,0.563411044331398,0.9700872668333848,0.563153397921695,0.24908806407921,0.5810313136679539,0.7398843930635838,0.30090114403998497,0.32345248803976373,0.005780346820809248,0.7314285714285714,0.30070865714574696,0.32352388335449955,0.005714285714285714,0.014450867052023121,0.014285714285714285,0.011428571428571429,2.1028571428571428,0.002890173410404624,0.0,0.018929587566420276,0.09104968167358331,11.07514450867052,0.0633251189136789,0.11895822620206453,0.18799507134820734,0.08092485549132948,0,0.15073904613616151,0.2406777916565641,0.5390071025300373,0.9667915878251794,0.0,1.0,0.0,0.3,0.0,0.3,0.3,0.08,0.014450867052023121,0.06266502378273578,0.26266502378273576
117,0.9713506391113345,0.5643385453471098,0.969923806277455,0.5640189276846964,0.24908806407921,0.5809885641320407,0.7167630057803468,0.30107455444460923,0.32358254584323193,0.008670520231213872,0.7085714285714285,0.30088008571717556,0.323652454783071,0.008571428571428572,0.02023121387283237,0.02,0.011428571428571429,2.085714285714286,0.005780346820809248,0.0,0.0190203597578587,0.09084918169784695,11.07514450867052,0.06142536534626853,0.1156043341628803,0.1868552192077611,0.08092485549132948,0,0.15092806519119498,0.23947440269828127,0.5482269604794365,1.0003829560686746,0.0,0.8571428571428571,0.0,0.3,0.0,0.3,0.3,0.08,0.02023121387283237,0.06228507306925371,0.2622850730692537
118,0.9713143078598314,0.5646244400433565,0.9698878902402547,0.5642384690342567,0.24908806407921,0.5790421884264597,0.7254335260115607,0.3014213752538578,0.3238426614501684,0.008670520231213872,0.7171428571428572,0.3012229428600327,0.3239095976402139,0.008571428571428572,0.008670520231213872,0.008571428571428572,0.011428571428571429,2.0228571428571427,0.008670520231213872,0.0,0.019109788498365077,0.09065469672138263,11.07514450867052,0.05958260438588047,0.11233886075915511,0.18574956263152828,0.08092485549132948,0,0.15020199629381042,0.23827703068478986,0.5458338498412764,0.9803752969473011,0.0,1.0,0.0,0.3,0.0,0.3,0.3,0.08,0.008670520231213872,0.0619165208771761,0.2619165208771761
119,0.9723616308048181,0.5653467162852431,0.9709232437801562,0.5649156211024771,0.24908806407921,0.5772420215682743,0.7543352601156069,0.30211501687235487,0.32414148156465344,0.008670520231213872,0.7457142857142857,0.30190865714574705,0.3242050026676763,0.008571428571428572,0.023121387283236993,0.022857142857142857,0.011428571428571429,1.9885714285714287,0.008670520231213872,0.0,0.01919784837084212,0.09046604629421227,11.07514450867052,0.05779512625430405,0.10915983195114243,0.1846770757525824,0.08092485549132948,0,0.1505613117776246,0.2370856455313659,0.5577743157015936,0.9676701190751954,0.0,0.875,0.0,0.3,0.0,0.3,0.3,0.08,0.023121387283236993,0.061559025250860815,0.26155902525086083
120,0.9741717329448945,0.5651250973429716,0.9727126590386314,0.5647341928910985,0.24908806407921,0.575567068150666,0.7283236994219653,0.30246183768160345,0.3243148919692777,0.008670520231213872,0.72,0.30225151428860414,0.32437643123910487,0.008571428571428572,0.011560693641618497,0.011428571428571429,0.011428571428571429,1.9714285714285715,0.008670520231213872,0.0,0.019284517324584017,0.09028305537985702,11.07514450867052,0.05606127246667493,0.1060652963808163,0.18363676348000496,0.08092485549132948,0,0.15069421950445075,0.23590021730370908,0.5580474008161332,0.9483167166936914,0.0,1.0,0.0,0.3,0.0,0.3,0.3,0.08,0.011560693641618497,0.06121225449333499,0.26121225449333496
121,0.974874297996307,0.5651524167889352,0.9734071947751706,0.5647352969270444,0.24908806407921,0.5742827545660476,0.7427745664739884,0.30251964114981156,0.3240981289634974,0.008670520231213872,0.7342857142857143,0.302308657145747,0.32416214552481915,0.008571428571428572,0.023121387283236993,0.022857142857142857,0.011428571428571429,1.9428571428571428,0.008670520231213872,0.0,0.019369776520072678,0.09010555419293242,11.07514450867052,0.05437943429267468,0.10305332655562971,0.1826276605756048,0.08092485549132948,0,0.15179703697478564,0.2347207162171905,0.5697435956569534,0.9618789968333717,0.0,0.75,0.0,0.3,0.0,0.3,0.3,0.08,0.023121387283236993,0.06087588685853494,0.2608758868585349
122,0.9765899326264014,0.5661941849888427,0.9747064596965956,0.5657495764392032,0.24908806407921,0.5730483236676932,0.7768115942028986,0.3031133159723962,0.32405562141944466,0.008695652173913044,0.7657142857142857,0.30265151428860415,0.324419288381962,0.008571428571428572,0.017391304347826087,0.017142857142857144,0.014285714285714285,1.9457142857142857,0.008695652173913044,0.002857142857142857,0.01946325436005486,0.0899333780416156,11.043478260869565,0.05274805126389444,0.10012201991063052,0.18164883075833665,0.08115942028985507,0,0.151580481075626,0.2335471126361046,0.5754915808866714,0.9426414168967043,0.0,1.0,0.0,0.3,0.0,0.3,0.3,0.08,0.017341040462427744,0.06054961025277889,0.2605496102527789
123,0.9776266969219766,0.5662226623776371,0.9757284130736625,0.5657485599483565,0.24908806407921,0.5717102181703358,0.7768115942028986,0.3033716458690667,0.3244469257672708,0.008695652173913044,0.7657142857142857,0.30290615375817925,0.3248050026676763,0.008571428571428572,0.02318840579710145,0.022857142857142857,0.014285714285714285,1.92,0.011594202898550725,0.0,0.01955237381986565,0.08976636717483821,11.043478260869565,0.051165609725977605,0.09726949975576782,0.18069936583558655,0.08115942028985507,0,0.15172397798787413,0.23237937707292405,0.586838892126081,0.9237885885587702,0.0,1.0,0.0,0.3,0.0,0.3,0.3,0.08,0.02318840579710145,0.06023312194519553,0.26023312194519554
124,0.9790316040052655,0.5669907066098555,0.9771132500557617,0.5665279564652086,0.24908806407921,0.5704484827834915,0.7942028985507247,0.3033136748545739,0.32440344750640115,0.008695652173913044,0.7828571428571428,0.3028490109010364,0.32476214552481913,0.008571428571428572,0.011594202898550725,0.011428571428571429,0.014285714285714285,1.977142857142857,0.008695652173913044,0.0,0.01963352240851054,0.0896043666340642,11.043478260869565,0.04963064143419828,0.09449391611497016,0.17977838486051895,0.08115942028985507,0,0.15142250095507762,0.23121748018755944,0.5865306857121307,0.9053128167875948,0.0,1.0,0.0,0.3,0.0,0.3,0.3,0.08,0.011594202898550725,0.05992612828683966,0.25992612828683964
125,0.9785863456358386,0.5662693911516068,0.9766743525201839,0.5659059329496616,0.24908806407921,0.5691081159109623,0.808695652173913,0.3031977328255884,0.32446211043464135,0.008695652173913044,0.7971428571428572,0.3027347251867507,0.3248199704112273,0.008571428571428572,0.02608695652173913,0.025714285714285714,0.014285714285714285,2.0285714285714285,0.011594202898550725,0.0,0.01971321070060024,0.08944722610951338,11.043478260869565,0.048141722191172326,0.09179344646333287,0.1788850333147034,0.08115942028985507,0,0.15169338916458794,0.24001804148719455,0.6005143577121738,0.9095357590681865,0.0,0.7777777777777778,0.0,0.3,0.0,0.3,0.3,0.08,0.02608695652173913,0.05962834443823447,0.25962834443823446
126,0.9791848974007805,0.565654495329501,0.9772643535456267,0.565287216071388,0.24908806407921,0.5677441932252101,0.8,0.30319773282558843,0.32446211043464135,0.008695652173913044,0.7885714285714286,0.3027347251867507,0.32481997041122723,0.008571428571428572,0.02318840579710145,0.022857142857142857,0.014285714285714285,2.0428571428571427,0.008695652173913044,0.0,0.019791433654318232,0.08929479980069908,11.043478260869565,0.04669747052543716,0.08916629636850315,0.1780184823152623,0.08115942028985507,0,0.15227777936162215,0.23881795127975858,0.6113612134150732,1.0,0.0,0.625,0.0,0.3,0.0,0.3,0.3,0.08,0.02318840579710145,0.05933949410508743,0.25933949410508744
127,0.9782832928438139,0.5659494074128327,0.9763756290537593,0.5655562039369921,0.24908806407921,0.5659813553228977,0.7420289855072464,0.3030238197821101,0.32438641874029456,0.008695652173913044,0.7314285714285714,0.3025632966153221,0.3247453600267997,0.008571428571428572,0.014492753623188406,0.014285714285714285,0.014285714285714285,2.057142857142857,0.014492753623188406,0.0,0.01986818854591615,0.0891469462811492,11.043478260869565,0.04529654640967404,0.08661070004210591,0.1771779278458044,0.08115942028985507,0,0.15240210475052832,0.2376238615233598,0.613419703432486,0.9802111201261331,0.0,0.8,0.0,0.3,0.0,0.3,0.3,0.08,0.014492753623188406,0.05905930928193481,0.2590593092819348
128,0.9782574716404931,0.565624178079426,0.976350176724772,0.5652122844797092,0.24908806407921,0.5648823101285351,0.7391304347826086,0.3030238197821102,0.32438641874029456,0.008695652173913044,0.7285714285714285,0.30256329661532216,0.3247453600267997,0.008571428571428572,0.011594202898550725,0.011428571428571429,0.014285714285714285,2.0285714285714285,0.014492753623188406,0.0,0.019943474830038676,0.08900352836718585,11.043478260869565,0.04393765001738382,0.08412492080681178,0.17636259001043028,0.08115942028985507,0,0.1524308210444078,0.2385913420779894,0.6125798807924077,0.9628712222452783,0.0,0.75,0.0,0.3,0.0,0.3,0.3,0.08,0.011594202898550725,0.058787530003476765,0.25878753000347676
129,0.9779545286266745,0.5665985160648929,0.9760515614682936,0.5662935171117898,0.24908806407921,0.563717981874024,0.7565217391304347,0.3028499067386319,0.32425598395768584,0.008695652173913044,0.7457142857142857,0.30239186804389356,0.3246167885982283,0.008571428571428572,0.014492753623188406,0.014285714285714285,0.014285714285714285,2.045714285714286,0.014492753623188406,0.0,0.02001729400392129,0.0888644129906414,11.043478260869565,0.042619520516862304,0.08170725148440683,0.17557171231011737,0.08115942028985507,0,0.15298295265347148,0.24370801544832427,0.6146139974622737,0.9636116962239244,0.0,0.6,0.0,0.3,0.0,0.3,0.3,0.08,0.014492753623188406,0.058523904103372465,0.25852390410337245
130,0.9784995931111292,0.5675274762083145,0.9765888393172563,0.5672449525558672,0.24908806407921,0.5625153665041853,0.7594202898550725,0.3029078777531246,0.324342940479425,0.008695652173913044,0.7485714285714286,0.30244901090103643,0.3247025028839426,0.008571428571428572,0.014492753623188406,0.014285714285714285,0.014285714285714285,2.12,0.014492753623188406,0.0,0.020089649475681922,0.08872947107539329,11.043478260869565,0.04134093490135644,0.07935601470998999,0.17480456094081387,0.08115942028985507,0,0.15287220562272139,0.24248947537108265,0.6166074317987427,0.9443394622994459,0.0,1.0,0.0,0.3,0.0,0.3,0.3,0.08,0.014492753623188406,0.058268186980271294,0.25826818698027126
131,0.9800948120456819,0.5673893476137373,0.9781612694098866,0.5671332327611142,0.24908806407921,0.5613703075599614,0.7855072463768116,0.30303546707643475,0.3245086383660646,0.008695652173913044,0.7742857142857142,0.30257477751972783,0.32486583365791594,0.008571428571428572,0.017391304347826087,0.017142857142857144,0.014285714285714285,2.105714285714286,0.017391304347826087,0.0,0.02016054643688177,0.08859857741760258,11.043478260869565,0.04010070685431574,0.07706956317719249,0.17406042411258943,0.08115942028985507,0,0.15424419772740494,0.24601559809666085,0.621418140305625,0.9539319614811075,0.0,0.8333333333333334,0.0,0.3,0.0,0.3,0.3,0.08,0.017391304347826087,0.05802014137086315,0.25802014137086315
132,0.9791759137800822,0.5673271004660231,0.977255498262367,0.5670065816187313,0.24908806407921,0.5595750632030981,0.7855072463768116,0.303209380119913,0.32463907314867335,0.011594202898550725,0.7742857142857142,0.3027462060911564,0.32499440508648736,0.011428571428571429,0.011594202898550725,0.011428571428571429,0.014285714285714285,2.22,0.011594202898550725,0.0,0.020229991739488726,0.08847161056954565,11.043478260869565,0.03889768564868627,0.07484627981908543,0.17333861138921175,0.08115942028985507,0,0.15393011959591077,0.24478552010617755,0.6204183489280838,0.9348533222514853,0.0,1.0,0.0,0.3,0.0,0.3,0.3,0.08,0.011594202898550725,0.057779537129737255,0.2577795371297373
133,0.9795420950892306,0.5675978095855468,0.977616448409956,0.5672018612629318,0.24908806407921,0.5584010716070757,0.7681159420289855,0.30349923519237676,0.32485646445302113,0.011594202898550725,0.7571428571428571,0.3030319203768707,0.3252086908007731,0.011428571428571429,0.008695652173913044,0.008571428571428572,0.014285714285714285,2.262857142857143,0.011594202898550725,0.0,0.020297993777339724,0.08834845272693037,11.043478260869565,0.037730755079225686,0.07268457792922522,0.17263845304753542,0.08115942028985507,0,0.1531890404265026,0.24356159250564666,0.6165814105209507,0.9161562558064555,0.0,1.0,0.0,0.3,0.0,0.3,0.3,0.08,0.008695652173913044,0.05754615101584514,0.25754615101584516
134,0.9791057703726255,0.5667027975049787,0.9771863569035879,0.5663214277482921,0.24908806407921,0.5573334529662033,0.7594202898550725,0.30344023836089473,0.32485646445302113,0.011594202898550725,0.7485714285714286,0.30297376635726697,0.3252086908007731,0.011428571428571429,0.011594202898550725,0.011428571428571429,0.014285714285714285,2.337142857142857,0.011594202898550725,0.0,0.020364562372164607,0.08822898961959359,11.043478260869565,0.036598832426848915,0.0705829012270679,0.17195929945610935,0.08115942028985507,0,0.1538226919583245,0.2443437631202164,0.6156783537391032,0.9126684095064869,0.0,0.75,0.0,0.3,0.0,0.3,0.3,0.08,0.011594202898550725,0.05731976648536979,0.2573197664853698
135,0.9805583272582045,0.5658553125111285,0.9786181629765157,0.5655164829322434,0.24908806407921,0.5563942032840039,0.7623188405797101,0.3035796406209181,0.32511733401823856,0.011594202898550725,0.7514285714285714,0.3031111771564328,0.325465833657916,0.011428571428571429,0.028985507246376812,0.02857142857142857,0.014285714285714285,2.3857142857142857,0.017391304347826087,0.0,0.020429708664204297,0.08811311040547688,11.043478260869565,0.03550086745404345,0.06853972387177543,0.17130052047242605,0.08115942028985507,0,0.15499508140862497,0.24584450618902456,0.6319362152357497,0.9934445952702432,0.0,0.9,0.0,0.3,0.0,0.3,0.3,0.08,0.028985507246376812,0.05710017349080869,0.2571001734908087
136,0.9816270482959063,0.5653644632240112,0.979671616570822,0.5651161083321206,0.24908806407921,0.5552700744432933,0.736231884057971,0.30340572757743983,0.32511733401823856,0.011594202898550725,0.7257142857142858,0.3029397485850043,0.325465833657916,0.011428571428571429,0.014492753623188406,0.017142857142857144,0.014285714285714285,2.4257142857142857,0.02608695652173913,0.0,0.020493445007429653,0.08800070756778368,11.043478260869565,0.034435841430422144,0.06655355042823763,0.17066150485825327,0.08115942028985507,0,0.15559139171586756,0.24461528365807944,0.6364403480738917,0.9854338864044713,0.0,0.8333333333333334,0.0,0.3,0.0,0.3,0.3,0.08,0.014492753623188406,0.056887168286084436,0.25688716828608443
137,0.9809194295500799,0.5654386034081321,0.9789741066642218,0.5652324066827079,0.24908806407921,0.5543784040697181,0.744927536231884,0.30352166960642535,0.3253782035834559,0.011594202898550725,0.7342857142857143,0.30305403429929,0.32572297651505877,0.011428571428571429,0.028985507246376812,0.02857142857142857,0.014285714285714285,2.5171428571428573,0.02318840579710145,0.0,0.020555784869343792,0.08789167681522127,11.043478260869565,0.03340276618750948,0.06462291578893375,0.17004165971250568,0.08115942028985507,0,0.15643678002381645,0.25742411013651234,0.6522829696838424,1.0016975136466442,0.0,0.8,0.0,0.3,0.0,0.3,0.3,0.08,0.028985507246376812,0.0566805532375019,0.2566805532375019
138,0.9791975750547861,0.5650974297217345,0.9773217075424152,0.5647530444071235,0.24908806407921,0.5531916646109741,0.7412790697674418,0.30197160941320644,0.32483796511100566,0.011627906976744186,0.7285714285714285,0.3028826057278614,0.32559440508648735,0.011428571428571429,0.011627906976744186,0.011428571428571429,0.017142857142857144,2.5628571428571427,0.020348837209302327,0.002857142857142857,0.02061799966667858,0.08778591698523575,11.040697674418604,0.032400683201884196,0.06274638505506869,0.16944040992113052,0.08139534883720931,0,0.1569688818379831,0.2577722546214537,0.6506658817187371,1.01498927598481,0.0,0.5,0.0,0.3,0.0,0.3,0.3,0.08,0.011594202898550725,0.05648013664037684,0.25648013664037683
139,0.9788134911652419,0.5655320973554887,0.97690267205624,0.5650991806672789,0.24908806407921,0.5522912094776448,0.7376093294460642,0.3020089047289998,0.32454281182458916,0.011661807580174927,0.7228571428571429,0.3029397485850043,0.32563726222934447,0.011428571428571429,0.0029154518950437317,0.002857142857142857,0.02,2.577142857142857,0.02040816326530612,0.002857142857142857,0.02067770294571545,0.08768332995014981,11.037900874635568,0.03142866270582767,0.06092255338024011,0.1688571976234966,0.08163265306122448,0,0.15621260885736463,0.2564833933483464,0.6405097069415053,0.9946894904651138,0.0,1.0,0.0,0.3,0.0,0.3,0.3,0.08,0.0029069767441860465,0.056285732541165534,0.25628573254116555
140,0.9781466012406504,0.5648904702409531,0.9763115582123101,0.5644023163706275,0.24908806407921,0.5516164734654788,0.7426900584795322,0.30321856345122744,0.325343337678626,0.011695906432748537,0.7257142857142858,0.3032826057278614,0.3258944050864873,0.011428571428571429,0.008771929824561403,0.008571428571428572,0.022857142857142857,2.6,0.02046783625730994,0.002857142857142857,0.020742364956089505,0.08758382052611645,11.011695906432749,0.03048580282465284,0.059150045779710836,0.1682914816947917,0.07602339181286549,0,0.15588868867022063,0.25520097638160466,0.6362709413741037,0.9747957006558114,0.0,1.0,0.0,0.3,0.0,0.3,0.3,0.08,0.008746355685131196,0.05609716056493057,0.2560971605649306
141,0.9782478173871364,0.5643694050462135,0.9764104608468762,0.5638958025391607,0.24908806407921,0.5506740659929076,0.7251461988304093,0.3030041826376524,0.3251678990821348,0.011695906432748537,0.7085714285714285,0.30307312504716805,0.32572297651505877,0.011428571428571429,0.005847953216374269,0.005714285714285714,0.022857142857142857,2.6342857142857143,0.014619883040935672,0.0,0.020805157660306915,0.08748729638480403,11.011695906432749,0.029571228739913254,0.057427516908195475,0.16774273724394795,0.07894736842105263,0,0.1559663880840124,0.2539249714996967,0.6292598082609073,1.0832617336707298,0.0,0.5,0.0,0.3,0.0,0.3,0.3,0.08,0.005847953216374269,0.055914245747982656,0.25591424574798266
142,0.977955039311311,0.5641929919277012,0.9761243748413554,0.563654124296392,0.24908806407921,0.5496650721898593,0.672514619883041,0.3032381007663074,0.325343337678626,0.011695906432748537,0.6571428571428571,0.30330169647573946,0.3258944050864873,0.011428571428571429,0.011695906432748537,0.011428571428571429,0.022857142857142857,2.6914285714285713,0.014619883040935672,0.0,0.020860841139389935,0.08739366796773107,11.011695906432749,0.028684091877715857,0.055753650808906485,0.16721045512662952,0.07894736842105263,0,0.15582679804924515,0.2526553466421982,0.6281031835242605,1.061596498997315,0.0,1.0,0.0,0.3,0.0,0.3,0.3,0.08,0.011695906432748537,0.05573681837554317,0.2557368183755432
143,0.9777436032080643,0.5632873444372649,0.9759177715633257,0.5627799396033704,0.24908806407921,0.5486694904720407,0.672514619883041,0.30317962123414366,0.3252994780295032,0.011695906432748537,0.6571428571428571,0.30324455361859665,0.32585154794363025,0.011428571428571429,0.017543859649122806,0.02,0.022857142857142857,2.7,0.014619883040935672,0.0,0.020915224971571864,0.08730284840317024,11.011695906432749,0.02782356912138438,0.05412716063644807,0.16669414147283063,0.07894736842105263,0,0.15648309399606983,0.25139206990898716,0.6355411198537753,1.0403645690173688,0.0,0.7142857142857143,0.0,0.3,0.0,0.3,0.3,0.08,0.017543859649122806,0.05556471382427688,0.25556471382427687
144,0.9777428274605119,0.5629969410992414,0.9759170135471459,0.5625001646970743,0.24908806407921,0.5475314138013602,0.6608187134502924,0.30353049842712615,0.32556263592424006,0.014619883040935672,0.6457142857142857,0.30358741076145374,0.3261086908007731,0.014285714285714285,0.017543859649122806,0.017142857142857144,0.022857142857142857,2.7457142857142856,0.017543859649122806,0.0,0.020968328031001716,0.0872147534255462,11.011695906432749,0.02698886204774285,0.05254678835599624,0.1661933172286457,0.07894736842105263,0,0.15575782138323235,0.25013510955944224,0.639973154599557,1.0195572776370214,0.0,1.0,0.0,0.3,0.0,0.3,0.3,0.08,0.017543859649122806,0.055397772409548574,0.2553977724095486
145,0.9762611662028837,0.5620376026178863,0.9744692188325491,0.56146795874382,0.24908806407921,0.54678771722439,0.6491228070175439,0.30382289608794477,0.3258257938189769,0.017543859649122806,0.6342857142857142,0.303873125047168,0.32636583365791594,0.017142857142857144,0.02631578947368421,0.025714285714285714,0.022857142857142857,2.8114285714285714,0.011695906432748537,0.0,0.021020169661161665,0.08712930129725095,11.011695906432749,0.026179196186310563,0.05101130442106161,0.16570751771178632,0.07894736842105263,0,0.1559786044191733,0.248884434011645,0.6528879772218514,0.9991661320842808,0.0,1.0,0.0,0.3,0.0,0.3,0.3,0.08,0.02631578947368421,0.055235839237262115,0.2552358392372621
146,0.9766636497630654,0.5618565700039669,0.9748625027684982,0.5613234649582773,0.24908806407921,0.5457977799789004,0.6403508771929824,0.30417377328092726,0.3260889517137137,0.017543859649122806,0.6257142857142857,0.30421598219002516,0.3266229765150588,0.017142857142857144,0.017543859649122806,0.017142857142857144,0.022857142857142857,2.7885714285714287,0.011695906432748537,0.0,0.021070769612472923,0.08704641273280454,11.011695906432749,0.025393820300721244,0.04951950743199218,0.16523629218043273,0.07894736842105263,0,0.15525585425422034,0.2476400118415868,0.6569730748202715,0.9791828094425953,0.0,1.0,0.0,0.3,0.0,0.3,0.3,0.08,0.017543859649122806,0.05507876406014425,0.25507876406014424
147,0.9772659586758167,0.5609737731471709,0.9754510446203868,0.5605216030077225,0.24908806407921,0.5445171793191904,0.6432748538011696,0.3044019729079684,0.3263959692575734,0.017543859649122806,0.6285714285714286,0.3044389658255911,0.3269229765150588,0.017142857142857144,0.038011695906432746,0.037142857142857144,0.022857142857142857,2.834285714285714,0.014619883040935672,0.0,0.02112014798356298,0.08696601082529151,11.011695906432749,0.024632005691699606,0.048070223777244014,0.16477920341501975,0.07894736842105263,0,0.15591762373520998,0.2581561247703068,0.6809764704667233,0.9810712081398851,0.0,0.8461538461538461,0.0,0.3,0.0,0.3,0.3,0.08,0.038011695906432746,0.05492640113833992,0.2549264011383399
148,0.9782260463755883,0.5602581999021307,0.976389187458449,0.5596618202908488,0.24908806407921,0.5434662500217206,0.6578947368421053,0.303583259457676,0.32578193416985407,0.017543859649122806,0.6428571428571429,0.3036389658255911,0.32632297651505876,0.017142857142857144,0.02631578947368421,0.025714285714285714,0.022857142857142857,2.857142857142857,0.014619883040935672,0.0,0.021168325166064463,0.08688802097500391,11.011695906432749,0.023893045520948616,0.04666230725932252,0.16433582731256915,0.07894736842105263,0,0.15565232133081963,0.25898317469201243,0.6930712267716745,1.0027317738018517,0.0,0.8888888888888888,0.0,0.3,0.0,0.3,0.3,0.08,0.02631578947368421,0.054778609104189725,0.2547786091041897
149,0.9789566947386591,0.5606201369672157,0.977103135287507,0.5599432624467704,0.24908806407921,0.5424088772389924,0.672514619883041,0.30340782086118473,0.32565035522248564,0.017543859649122806,0.6571428571428571,0.3034675372541625,0.32619440508648734,0.017142857142857144,0.005847953216374269,0.005714285714285714,0.022857142857142857,2.8285714285714287,0.014619883040935672,0.0,0.021215321792814303,0.08681237082022489,11.011695906432749,0.023176254155320156,0.045294638707175316,0.1639057524931921,0.07894736842105263,0,0.15490263115273695,0.25768825881855234,0.6849240879505267,0.9826771383258147,0.0,1.0,0.0,0.3,0.0,0.3,0.3,0.08,0.005847953216374269,0.05463525083106403,0.25463525083106403
150,0.9787448182158646,0.5592294488986754,0.976896101656662,0.558667458530727,0.24908806407921,0.541773727477577,0.6900584795321637,0.30270606647521986,0.325124039433012,0.017543859649122806,0.6742857142857143,0.30278182296844824,0.32568011937220165,0.017142857142857144,0.02631578947368421,0.025714285714285714,0.022857142857142857,2.7485714285714287,0.02046783625730994,0.0,0.02126115868932133,0.08673899017008925,11.011695906432749,0.022480966530660552,0.04396612557670909,0.16348857991839633,0.07894736842105263,0,0.1550027483233744,0.2563998175244596,0.696939891905802,1.012880228637238,0.0,0.8888888888888888,0.0,0.3,0.0,0.3,0.3,0.08,0.02631578947368421,0.05449619330613211,0.2544961933061321
151,0.978518388650433,0.5592411632798819,0.9766748476241547,0.5586553848710429,0.24908806407921,0.5410217508212266,0.7076023391812866,0.3025891074108924,0.32503632013476635,0.017543859649122806,0.6914285714285714,0.3026675372541625,0.32559440508648735,0.017142857142857144,0.0029239766081871343,0.002857142857142857,0.022857142857142857,2.702857142857143,0.02046783625730994,0.0,0.021305856828370235,0.08666781093945769,11.011695906432749,0.021806537534740735,0.042675701540988875,0.16308392252084444,0.07894736842105263,0,0.15465630601032895,0.2551178184368373,0.6858582369248287,1.0059696238342253,0.0,0.0,0.0,0.3,0.0,0.3,0.3,0.08,0.0029239766081871343,0.05436130750694815,0.25436130750694813
152,0.9781970780389372,0.559851207460235,0.9763608812552074,0.559199388854037,0.24908806407921,0.5405145469231722,0.652046783625731,0.30200431208925493,0.3246854429417839,0.017543859649122806,0.6371428571428571,0.30209610868273395,0.3252515479436302,0.017142857142857144,0.023391812865497075,0.022857142857142857,0.022857142857142857,2.6714285714285713,0.02046783625730994,0.0,0.02134943728763058,0.08659876708574508,11.011695906432749,0.021152341408698514,0.04142232607157981,0.1626914048452191,0.07894736842105263,0,0.15539381310465517,0.2538422293446531,0.694998215043475,0.9858502313575407,0.0,1.0,0.0,0.3,0.0,0.3,0.3,0.08,0.023391812865497075,0.054230468281739705,0.25423046828173973
153,0.9796946628788472,0.5585038109993883,0.9778242355844908,0.5577669717395619,0.24908806407921,0.5403031956476257,0.7046783625730995,0.30153647583194504,0.3243345657488015,0.017543859649122806,0.6885714285714286,0.3016389658255911,0.32490869080077306,0.017142857142857144,0.017543859649122806,0.017142857142857144,0.022857142857142857,2.7,0.023391812865497075,0.0,0.021391921210140923,0.08653179454764383,11.011695906432749,0.02051777116643756,0.040204984012392475,0.16231066269986252,0.07894736842105263,0,0.15510255832484618,0.2525730181979299,0.6982411078854627,0.9661332267303898,0.0,1.0,0.0,0.3,0.0,0.3,0.3,0.08,0.017543859649122806,0.05410355423328751,0.2541035542332875
154,0.979787292190897,0.5577248703644684,0.9779147476551223,0.5569552256479734,0.24908806407921,0.5401572695512508,0.695906432748538,0.3007177623816526,0.32372053066108214,0.014619883040935672,0.68,0.3008389658255911,0.32430869080077307,0.014285714285714285,0.029239766081871343,0.02857142857142857,0.022857142857142857,2.6885714285714286,0.023391812865497075,0.0,0.021433329767539477,0.08646683118568563,11.011695906432749,0.019902238031444433,0.03902268514729912,0.16194134281886666,0.07894736842105263,0,0.1560984741046505,0.2513101531069402,0.7128477142991819,0.9976398597620271,0.0,0.9,0.0,0.3,0.0,0.3,0.3,0.08,0.029239766081871343,0.05398044760628889,0.2539804476062889
155,0.9800053501237873,0.5572723198645689,0.9781278214066895,0.5564845584767344,0.24908806407921,0.5400711720014943,0.6812865497076024,0.3006008033173251,0.3236328113628365,0.014619883040935672,0.6657142857142857,0.3007246801113053,0.32422297651505877,0.014285714285714285,0.0029239766081871343,0.002857142857142857,0.022857142857142857,2.697142857142857,0.029239766081871343,0.0,0.021473684125915358,0.08640381672458618,11.011695906432749,0.0193051708905011,0.03787446376270165,0.16158310253430067,0.07894736842105263,0,0.15574655316269867,0.2500536023414055,0.7014479028703411,0.9810154330069737,0.0,0.0,0.0,0.3,0.0,0.3,0.3,0.08,0.0029239766081871343,0.053861034178100224,0.25386103417810024
156,0.9807404346661078,0.5574640100089481,0.9788461040166141,0.5566424508169123,0.24908806407921,0.53964047297588,0.7514619883040936,0.3000160079956877,0.3231942148716085,0.014619883040935672,0.7342857142857143,0.30015325153987676,0.3237944050864874,0.014285714285714285,0.023391812865497075,0.022857142857142857,0.022857142857142857,2.665714285714286,0.03508771929824561,0.0,0.021513005414156416,0.08634269269731974,11.011695906432749,0.018726015763786068,0.03675937820614861,0.16123560945827164,0.07894736842105263,0,0.15636753468259945,0.2488033343296985,0.7102760876700772,0.9709348340166774,0.0,0.75,0.0,0.3,0.0,0.3,0.3,0.08,0.023391812865497075,0.053745203152757215,0.2537452031527572
157,0.9805519543943633,0.5573032399745391,0.9786619318653665,0.5564849421343439,0.24908806407921,0.5394195910783733,0.7602339181286549,0.2997820898670327,0.32301877627511727,0.014619883040935672,0.7428571428571429,0.2999246801113053,0.3236229765150588,0.014285714285714285,0.005847953216374269,0.005714285714285714,0.022857142857142857,2.7257142857142855,0.029239766081871343,0.0,0.02155131469467302,0.08628340239087122,11.011695906432749,0.018164235290872487,0.035676510442018805,0.16089854117452349,0.07894736842105263,0,0.15642816004451032,0.24755931765805003,0.7017848516309613,0.9570370653754097,0.0,0.5,0.0,0.3,0.0,0.3,0.3,0.08,0.005847953216374269,0.0536328470581745,0.2536328470581745
158,0.9813654589290122,0.5558933187657213,0.9794568420106521,0.5551226829309732,0.24908806407921,0.5388332759935518,0.7368421052631579,0.2995481717383778,0.32285548706196227,0.014619883040935672,0.72,0.29969610868273394,0.32346341962677594,0.014285714285714285,0.005847953216374269,0.005714285714285714,0.022857142857142857,2.7514285714285713,0.03216374269005848,0.0,0.021588632936379647,0.08622589079361621,11.011695906432749,0.017619308232146313,0.03462496560521677,0.16057158493928778,0.07894736842105263,0,0.15650316210143062,0.24632152106975977,0.6934634403126277,0.9431128000000003,0.0,0.5,0.0,0.3,0.0,0.3,0.3,0.08,0.005847953216374269,0.05352386164642926,0.25352386164642926
159,0.9805546111396073,0.5561488967704135,0.9786645278850048,0.5553508165649818,0.24908806407921,0.5378524119271931,0.7134502923976608,0.2994312126740503,0.3228116274128395,0.014619883040935672,0.6971428571428572,0.2995818229684482,0.32342056248391876,0.014285714285714285,0.005847953216374269,0.005714285714285714,0.022857142857142857,2.7085714285714286,0.03216374269005848,0.0,0.02162498098981987,0.08617010454427886,11.011695906432749,0.01709072898518192,0.03360387155375133,0.16025443739110914,0.07894736842105263,0,0.1565777891480663,0.24508991346441097,0.6853084572206608,0.9431128000000003,0.0,0.5,0.0,0.3,0.0,0.3,0.3,0.08,0.005847953216374269,0.05341814579703639,0.25341814579703636
160,0.9792835945963424,0.5561394525618172,0.9774225631484432,0.5554684927576365,0.24908806407921,0.537280889662434,0.7134502923976608,0.29843706062726666,0.3220660133777517,0.011695906432748537,0.6971428571428572,0.29861039439701964,0.32269199105534735,0.011428571428571429,0.03216374269005848,0.03142857142857143,0.022857142857142857,2.697142857142857,0.03508771929824561,0.0,0.021660379564323283,0.08611599188242158,11.011695906432749,0.016578007115626462,0.03261237842100484,0.15994680426937588,0.07894736842105263,0,0.15666162120463697,0.24386446389708893,0.7030308595048191,0.9242505440000003,0.0,1.0,0.0,0.3,0.0,0.3,0.3,0.08,0.03216374269005848,0.053315601423125296,0.2533156014231253
161,0.9800637173517803,0.5552423801831143,0.978184854526614,0.554562098755478,0.24908806407921,0.5378340533019846,0.6900584795321637,0.29832010156293914,0.3219782940795061,0.011695906432748537,0.6742857142857143,0.29849610868273396,0.32260627676963305,0.011428571428571429,0.0029239766081871343,0.002857142857142857,0.022857142857142857,2.677142857142857,0.03216374269005848,0.0,0.021694849207086784,0.08606350260042005,11.011695906432749,0.01608066690215767,0.03164965816843801,0.15964840014129458,0.07894736842105263,0,0.1563068845271852,0.24806659295896386,0.6918273851718656,0.9230226972156668,0.0,0.0,0.0,0.3,0.0,0.3,0.3,0.08,0.0029239766081871343,0.05321613338043154,0.25321613338043153
162,0.9805186430730074,0.5552115684517881,0.9784775816840277,0.554472332887599,0.24908806407921,0.5382514944698793,0.7126099706744868,0.296654808516674,0.3219040991104854,0.011730205278592375,0.6942857142857143,0.29821039439701963,0.3223919910553474,0.011428571428571429,0.01466275659824047,0.014285714285714285,0.025714285714285714,2.6714285714285713,0.03225806451612903,0.002857142857142857,0.02179825789521725,0.0860125879968786,10.727272727272727,0.015598246895092939,0.03071490413941258,0.15935894813705576,0.07917888563049853,0,0.1562805835803547,0.24682625999416904,0.6922765517541426,0.9045622432713534,0.0,1.0,0.0,0.3,0.0,0.3,0.3,0.08,0.014619883040935672,0.05311964937901859,0.2531196493790186
163,0.9809660914309569,0.5550509323530273,0.9785740631366493,0.5545144528598324,0.24908806407921,0.5385295837041723,0.7235294117647059,0.2960262054160565,0.322260408442817,0.011764705882352941,0.7028571428571428,0.2979818229684482,0.3222205624839188,0.011428571428571429,0.008823529411764706,0.008571428571428572,0.02857142857142857,2.702857142857143,0.026470588235294117,0.002857142857142857,0.021898352226045612,0.0859632008314433,10.688235294117646,0.01513029948824015,0.029807330614762373,0.15907817969294408,0.07941176470588235,0,0.15566975351959575,0.2455921286941982,0.6870024492904883,0.8864709984059262,0.0,1.0,0.0,0.3,0.0,0.3,0.3,0.08,0.008797653958944282,0.05302605989764803,0.25302605989764804
164,0.9815790061427682,0.5543149265790037,0.9791694659995515,0.5537399488088242,0.24908806407921,0.5390600557155589,0.7352941176470589,0.29596738188664473,0.3222162907957582,0.011764705882352941,0.7142857142857143,0.29792468011130535,0.3221777053410616,0.011428571428571429,0.0029411764705882353,0.002857142857142857,0.02857142857142857,2.6914285714285713,0.023529411764705882,0.0,0.02193065020865906,0.08591529528097115,10.688235294117646,0.014676390503592944,0.02892617237068884,0.15880583430215575,0.07941176470588235,0,0.15531997618056922,0.2443641680507272,0.6761195431618213,0.8687415784378077,0.0,1.0,0.0,0.3,0.0,0.3,0.3,0.08,0.0029411764705882353,0.05293527810071859,0.2529352781007186
165,0.9806989313108003,0.5536535660513516,0.9783145361627829,0.5531121108545342,0.24908806407921,0.5399611124398703,0.6676470588235294,0.2953791465925271,0.32177511432517,0.011764705882352941,0.6485714285714286,0.2973532515398768,0.3217491339124902,0.011428571428571429,0.01764705882352941,0.017142857142857144,0.02857142857142857,2.74,0.026470588235294117,0.0,0.021962085982963182,0.08586882689701313,10.688235294117646,0.014236098788485156,0.02807068423950665,0.15854165927309108,0.07941176470588235,0,0.15525566985325567,0.24398679411870533,0.679740009441442,0.8579327922336736,0.0,0.8333333333333334,0.0,0.3,0.0,0.3,0.3,0.08,0.01764705882352941,0.05284721975769703,0.25284721975769703
166,0.9798996420172202,0.5536005235349938,0.977538083706162,0.5530148340253846,0.24908806407921,0.541092198904357,0.6764705882352942,0.29514385247488006,0.3215986437369347,0.008823529411764706,0.6571428571428571,0.29712468011130533,0.3215777053410616,0.008571428571428572,0.008823529411764706,0.008571428571428572,0.02857142857142857,2.7657142857142856,0.026470588235294117,0.0,0.021992679360195586,0.08582375256457386,10.688235294117646,0.013809015824830602,0.027240140673720603,0.15828540949489836,0.07941176470588235,0,0.15493653436113225,0.2427668601481118,0.6747166378240417,0.8545061666694789,0.0,0.6666666666666666,0.0,0.3,0.0,0.3,0.3,0.08,0.008823529411764706,0.05276180316496612,0.2527618031649661
167,0.9800985229268403,0.5536920700800934,0.9777312823040786,0.5529988762120907,0.24908806407921,0.5407716439466241,0.6647058823529411,0.2950262054160565,0.3215104084428171,0.008823529411764706,0.6457142857142857,0.29701039439701965,0.3214919910553473,0.008571428571428572,0.0029411764705882353,0.002857142857142857,0.02857142857142857,2.7657142857142856,0.023529411764705882,0.0,0.022022449893285057,0.08578003046210772,10.688235294117646,0.013394745350085684,0.02643383531387067,0.1580368472100514,0.07941176470588235,0,0.154590423117898,0.24155302584737123,0.6640794479247037,0.8706636817854808,0.0,0.0,0.0,0.3,0.0,0.3,0.3,0.08,0.0029411764705882353,0.05267894907001714,0.25267894907001714
168,0.9805940530567638,0.5529541014106683,0.9782126544302903,0.5522649096214096,0.24908806407921,0.5402477774287102,0.6794117647058824,0.294908558357233,0.3214221731486994,0.008823529411764706,0.66,0.2968961086827339,0.32140627676963307,0.008571428571428572,0.0058823529411764705,0.005714285714285714,0.02857142857142857,2.7314285714285713,0.01764705882352941,0.0,0.022051416866617355,0.08573762002271561,10.688235294117646,0.012992902989583112,0.02565108056053944,0.15779574179374986,0.07941176470588235,0,0.15429331620705303,0.24034526071813436,0.6565121446804953,0.853250408149771,0.0,1.0,0.0,0.3,0.0,0.3,0.3,0.08,0.0058823529411764705,0.052598580597916625,0.2525985805979166
169,0.9790143958008024,0.5529922648432807,0.9766781302387847,0.552272792859701,0.24908806407921,0.5395258612263161,0.7147058823529412,0.29432032306311534,0.32102511432516995,0.008823529411764706,0.6942857142857143,0.29632468011130536,0.32102056248391875,0.008571428571428572,0.020588235294117647,0.02,0.02857142857142857,2.834285714285714,0.01764705882352941,0.0,0.02207959928701057,0.08569648189650525,10.688235294117646,0.012603115899895618,0.024891207150881223,0.15756186953993737,0.07941176470588235,0,0.15534999319744633,0.2391435344145437,0.6633819017868854,0.8698559186092844,0.0,0.7142857142857143,0.0,0.3,0.0,0.3,0.3,0.08,0.020588235294117647,0.052520623179979124,0.25252062317997914
170,0.9779720475647332,0.5531079394373648,0.975665563380889,0.5522075716359711,0.24908806407921,0.5384187880184783,0.6941176470588235,0.2940262054160565,0.32080452608987586,0.008823529411764706,0.6742857142857143,0.2960389658255911,0.3208062767696331,0.008571428571428572,0.008823529411764706,0.008571428571428572,0.02857142857142857,2.762857142857143,0.01764705882352941,0.0,0.022107015875824042,0.08565657791408123,10.688235294117646,0.01222502242289875,0.024153563739992,0.15733501345373924,0.07941176470588235,0,0.15534027523185132,0.23906307585839617,0.6586856923225762,0.8711141178016377,0.0,0.6666666666666666,0.0,0.3,0.0,0.3,0.3,0.08,0.008823529411764706,0.052445004484579755,0.25244500448457974
171,0.9778382106114792,0.5524224468249579,0.975535550340585,0.5515712691757036,0.24908806407921,0.5371787163633527,0.6941176470588235,0.2937320877689977,0.3205839378545817,0.008823529411764706,0.6742857142857143,0.2957532515398768,0.32059199105534736,0.008571428571428572,0.011764705882352941,0.011428571428571429,0.02857142857142857,2.78,0.01764705882352941,0.0,0.022133685062128233,0.0856178710511299,10.688235294117646,0.011858271750211787,0.02343751648740955,0.15711496305012707,0.07941176470588235,0,0.1546491452842635,0.23786776047910418,0.6569405499046962,0.853691835445605,0.0,1.0,0.0,0.3,0.0,0.3,0.3,0.08,0.011764705882352941,0.05237165435004236,0.2523716543500424
172,0.9754914284269817,0.5520236098706897,0.9732558190756445,0.5512802062706601,0.24908806407921,0.5358474846575504,0.7264705882352941,0.2936144407101742,0.32049570256046406,0.008823529411764706,0.7057142857142857,0.29563896582559107,0.32050627676963306,0.008571428571428572,0.0029411764705882353,0.002857142857142857,0.02857142857142857,2.7657142857142856,0.01764705882352941,0.0,0.022159624976866455,0.08558032539406712,10.688235294117646,0.011502523597705433,0.02274244864899877,0.15690151415862325,0.07941176470588235,0,0.15430447098641362,0.23667842167670866,0.6466588817637451,0.8366179987366928,0.0,0.0,0.0,0.3,0.0,0.3,0.3,0.08,0.0029411764705882353,0.05230050471954109,0.2523005047195411
173,0.9748344610562346,0.5508592499437077,0.9726176222012045,0.5501604800320408,0.24908806407921,0.5347386819169972,0.6970588235294117,0.29290855835723295,0.3199662907957582,0.008823529411764706,0.6771428571428572,0.2949532515398768,0.31999199105534737,0.008571428571428572,0.023529411764705882,0.022857142857142857,0.02857142857142857,2.7114285714285713,0.014705882352941176,0.0,0.02218485344794261,0.08554390610671622,10.688235294117646,0.011157447889774269,0.02206776017444878,0.15669446873386456,0.07941176470588235,0,0.1552960475806125,0.23549502956832513,0.656582846985613,0.8867602518767606,0.0,0.75,0.0,0.3,0.0,0.3,0.3,0.08,0.023529411764705882,0.05223148957795486,0.2522314895779548
174,0.974675978896395,0.5503715800427064,0.9724636681030748,0.5496807510528351,0.24908806407921,0.5338136868630737,0.7352941176470589,0.29237914659252706,0.31956923197222875,0.0058823529411764705,0.7142857142857143,0.2944389658255911,0.31960627676963305,0.005714285714285714,0.01764705882352941,0.017142857142857144,0.02857142857142857,2.702857142857143,0.01764705882352941,0.0,0.022209387996172295,0.08550857939798584,10.688235294117646,0.01082272445308104,0.021412867310581674,0.15649363467184862,0.07941176470588235,0,0.15524637224708626,0.2343175544204835,0.6605940471887579,0.8690250468392253,0.0,1.0,0.0,0.3,0.0,0.3,0.3,0.08,0.01764705882352941,0.05216454489061621,0.2521645448906162
175,0.9747191697623089,0.5504430846569316,0.9725056249442483,0.5498040069051956,0.24908806407921,0.5352900371954128,0.75,0.2920850289454683,0.31934864373693467,0.0029411764705882353,0.7285714285714285,0.29415325153987676,0.3193919910553473,0.002857142857142857,0.011764705882352941,0.011428571428571429,0.02857142857142857,2.6914285714285713,0.020588235294117647,0.0,0.022233245832037948,0.08547431249051739,10.688235294117646,0.010498042719488608,0.020777202210646273,0.15629882563169317,0.07941176470588235,0,0.1545557118144223,0.23314596664838108,0.6588107376735541,0.8516445459024408,0.0,1.0,0.0,0.3,0.0,0.3,0.3,0.08,0.011764705882352941,0.052099608543897724,0.25209960854389774
176,0.9737216716521747,0.5508710886461994,0.9715366267801178,0.550375498785757,0.24908806407921,0.5381066546509495,0.7264705882352941,0.2917909112984094,0.3191721731486994,0.0029411764705882353,0.7057142857142857,0.29386753725416254,0.3192205624839188,0.002857142857142857,0.014705882352941176,0.014285714285714285,0.02857142857142857,2.6885714285714286,0.020588235294117647,0.0,0.022256443853191397,0.08544107359027298,10.688235294117646,0.01018310143790395,0.02016021254974565,0.15610986086274237,0.07941176470588235,0,0.1553509588450102,0.23198023681513916,0.6599202372057974,0.8346116549843919,0.0,1.0,0.0,0.3,0.0,0.3,0.3,0.08,0.014705882352941176,0.05203662028758079,0.2520366202875808
177,0.9738729658165862,0.5507275311746174,0.9716835982541174,0.5502196722872004,0.24908806407921,0.5410447167925453,0.75,0.2913203230631153,0.3188192319722288,0.0029411764705882353,0.7285714285714285,0.29341039439701966,0.31887770534106163,0.002857142857142857,0.01764705882352941,0.017142857142857144,0.02857142857142857,2.6542857142857144,0.01764705882352941,0.0,0.022278998642650514,0.08540883185703589,10.688235294117646,0.00987760839476683,0.01956136114652751,0.1559265650368601,0.07941176470588235,0,0.15525849333292804,0.23082033563106347,0.6638646896045386,0.8259414171346624,0.0,0.8333333333333334,0.0,0.3,0.0,0.3,0.3,0.08,0.01764705882352941,0.05197552167895337,0.2519755216789534
178,0.9743762291580532,0.5503049236513865,0.97140687094,0.5497064732709279,0.24908806407921,0.5446336290676246,0.7463126843657817,0.290688343199523,0.31942799607367034,0.0029498525073746312,0.7228571428571429,0.2932389658255911,0.3187491339124902,0.002857142857142857,0.0058997050147492625,0.005714285714285714,0.03142857142857143,2.617142857142857,0.011799410029498525,0.002857142857142857,0.02233984218452621,0.0853775573757959,10.631268436578171,0.009581280142923825,0.018980125591242847,0.1557487680857543,0.07964601769911504,0,0.15533934372340627,0.23210185014536602,0.6563016815267334,0.8268162155754732,0.0,0.0,0.0,0.3,0.0,0.3,0.3,0.08,0.0058823529411764705,0.05191625602858477,0.25191625602858475
179,0.9758508371421951,0.549371329054204,0.972835134101783,0.5490229877119324,0.24908806407921,0.5480222406804158,0.7669616519174042,0.2905113520490805,0.31929525271083853,0.0029498525073746312,0.7428571428571429,0.2930675372541625,0.3186205624839188,0.002857142857142857,0.0058997050147492625,0.005714285714285714,0.03142857142857143,2.58,0.011799410029498525,0.0,0.02236403446283858,0.08534722112899316,10.631268436578171,0.00929384173863611,0.018415997880260826,0.15557630504318165,0.07964601769911504,0,0.15478725818435812,0.2309413408946392,0.6488899336104844,0.8102798912639638,0.0,1.0,0.0,0.3,0.0,0.3,0.3,0.08,0.0058997050147492625,0.05185876834772722,0.25185876834772725
180,0.9772174708780453,0.5494518210066476,0.9741588164916493,0.5491981555461481,0.24908806407921,0.5506263187377023,0.7610619469026548,0.2900393756479006,0.31898551819756416,0.0029498525073746312,0.7371428571428571,0.2926103943970197,0.3183205624839188,0.002857142857142857,0.014749262536873156,0.014285714285714285,0.03142857142857143,2.5228571428571427,0.011799410029498525,0.0,0.02238484445374545,0.08531779496959446,10.631268436578171,0.009015026486477026,0.017868484057111056,0.15540901589188622,0.07964601769911504,0,0.1557561790362935,0.23008000067310588,0.6501978492239892,0.8038911460108447,0.0,0.4,0.0,0.3,0.0,0.3,0.3,0.08,0.014749262536873156,0.05180300529729541,0.2518030052972954
181,0.9775903227770988,0.5490603305343316,0.9745199501881611,0.5489502199498977,0.24908806407921,0.5525057987280754,0.7669616519174042,0.28909542284554074,0.318449956336795,0.0029498525073746312,0.7428571428571429,0.29169610868273393,0.31780183256734523,0.002857142857142857,0.029498525073746312,0.02857142857142857,0.03142857142857143,2.5428571428571427,0.014749262536873156,0.0,0.022405071861728663,0.0852892515949778,10.631268436578171,0.008744575691882715,0.017337103860104452,0.15524674541512962,0.07964601769911504,0,0.15740298665550478,0.22892960066974033,0.6657653208109379,0.8456991454698932,0.0,0.8,0.0,0.3,0.0,0.3,0.3,0.08,0.029498525073746312,0.051748915138376546,0.25174891513837655
182,0.9790896413415948,0.5487577868162059,0.9759721473120586,0.5485640050875639,0.24908806407921,0.5541566931712137,0.7905604719764012,0.28862344644436083,0.31809597403591,0.0029498525073746312,0.7657142857142857,0.29123896582559106,0.3174589754244881,0.002857142857142857,0.017699115044247787,0.017142857142857144,0.03142857142857143,2.5542857142857143,0.011799410029498525,0.0,0.02242473175829546,0.08526156452159953,10.631268436578171,0.008482238421126234,0.016821390376573375,0.15508934305267574,0.07964601769911504,0,0.15678597884724513,0.22778495266639162,0.6695928715375763,0.8287851625604954,0.0,1.0,0.0,0.3,0.0,0.3,0.3,0.08,0.017699115044247787,0.05169644768422525,0.2516964476842252
183,0.9782373334996127,0.5491053144167813,0.9751466262879674,0.5489537423979367,0.24908806407921,0.5556702827887355,0.7581120943952803,0.2885054523440658,0.3180074784606888,0.0029498525073746312,0.7342857142857143,0.2911246801113054,0.3173732611387738,0.002857142857142857,0.0058997050147492625,0.005714285714285714,0.03142857142857143,2.5542857142857143,0.014749262536873156,0.0,0.022443838899840852,0.08523470806042267,10.631268436578171,0.008227771268492447,0.016320889703752672,0.15493666276109547,0.07964601769911504,0,0.1560306203815803,0.22664602790305968,0.6619152998211104,0.8122094593092855,0.0,1.0,0.0,0.3,0.0,0.3,0.3,0.08,0.0058997050147492625,0.05164555425369849,0.2516455542536985
184,0.978713751651334,0.5492720443151916,0.9756080712977775,0.5490395333129929,0.24908806407921,0.5569805501180777,0.7374631268436578,0.2877974877422959,0.31747650500936136,0.0029498525073746312,0.7142857142857143,0.29043896582559103,0.3168589754244881,0.002857142857142857,0.02359882005899705,0.022857142857142857,0.03142857142857143,2.525714285714286,0.011799410029498525,0.0,0.022462407729449067,0.08520865729308112,10.631268436578171,0.007980938130437673,0.015835160616315624,0.1547885628782626,0.07964601769911504,0,0.15587804156181528,0.23025306092841413,0.671534136681831,0.8007692355623701,0.0,0.875,0.0,0.3,0.0,0.3,0.3,0.08,0.02359882005899705,0.05159618762608754,0.25159618762608754
185,0.9792177627392191,0.5501247718619885,0.976096242037186,0.5497748051196546,0.24908806407921,0.5581182940378716,0.7787610619469026,0.28750250249155845,0.31729951385891886,0.0029498525073746312,0.7542857142857143,0.2901532515398768,0.3166875468530595,0.002857142857142857,0.011799410029498525,0.011428571428571429,0.03142857142857143,2.5514285714285716,0.011799410029498525,0.0,0.02248045237905453,0.08518338804875979,10.631268436578171,0.007741509986524542,0.01536377424056179,0.15464490599191472,0.07964601769911504,0,0.15598436563972048,0.22910179562377206,0.6695320253767659,0.7847538508511227,0.0,1.0,0.0,0.3,0.0,0.3,0.3,0.08,0.011799410029498525,0.05154830199730491,0.25154830199730494
186,0.9792299616658215,0.5510703769502989,0.9761080575689526,0.5507124886403264,0.24908806407921,0.5588304830189377,0.7522123893805309,0.28750250249155845,0.31729951385891886,0.0029498525073746312,0.7285714285714285,0.2901532515398768,0.3166875468530595,0.002857142857142857,0.0,0.0,0.03142857142857143,2.52,0.011799410029498525,0.0,0.02249798667193062,0.08515887688176813,10.631268436578171,0.007509264686928806,0.014906313735245869,0.15450555881215727,0.07964601769911504,0,0.15520444381152187,0.2279562866456532,0.6561413848692305,0.7690587738341002,0.0,0.0,0.0,0.3,0.0,0.3,0.3,0.08,0.0,0.05150185293738577,0.25150185293738575
187,0.9779859121712168,0.5509643361914482,0.9749031067727498,0.5506923730406628,0.24908806407921,0.560063140245371,0.7315634218289085,0.287207517240821,0.31711993037716524,0.0029498525073746312,0.7085714285714285,0.2898675372541625,0.3165136074235896,0.002857142857142857,0.008849557522123894,0.008571428571428572,0.03142857142857143,2.6028571428571428,0.011799410029498525,0.0,0.022515024125476162,0.08513510104978618,10.631268436578171,0.007283986746320942,0.014462373979026721,0.15437039204779257,0.07964601769911504,0,0.15534256444960712,0.22681650521242494,0.6515899857432744,0.7560609402220209,0.0,0.6666666666666666,0.0,0.3,0.0,0.3,0.3,0.08,0.008849557522123894,0.05145679734926419,0.2514567973492642
188,0.9786600884014495,0.5509702384137334,0.9755560946071751,0.5507389616881534,0.24908806407921,0.5611278755513005,0.7286135693215339,0.286971529040231,0.3169429392267228,0.0029498525073746312,0.7057142857142857,0.28963896582559107,0.316342178852161,0.002857142857142857,0.008849557522123894,0.008571428571428572,0.03142857142857143,2.645714285714286,0.014749262536873156,0.0,0.022531577954271464,0.0851120384927637,10.631268436578171,0.007065467143931314,0.014031561264504666,0.15423928028635878,0.07964601769911504,0,0.15553642590950195,0.22568242268636282,0.6471296145998375,0.7595537724457557,0.0,0.6666666666666666,0.0,0.3,0.0,0.3,0.3,0.08,0.008849557522123894,0.05141309342878626,0.25141309342878626
189,0.9794010991174733,0.5514016624187953,0.976273816414981,0.551370078262919,0.24908806407921,0.5615903893575497,0.7345132743362832,0.2866765437894936,0.31672170028866964,0.0029498525073746312,0.7114285714285714,0.2893532515398768,0.31612789313787526,0.002857142857142857,0.011799410029498525,0.011428571428571429,0.03142857142857143,2.645714285714286,0.011799410029498525,0.0,0.02254766107337741,0.08508966781245193,10.631268436578171,0.006853503129613374,0.013613492998807541,0.15411210187776803,0.07964601769911504,0,0.1549571794764009,0.224554010572931,0.6456155937364122,0.7443626969968407,0.0,1.0,0.0,0.3,0.0,0.3,0.3,0.08,0.011799410029498525,0.05137070062592268,0.25137070062592265
190,0.9793806050784508,0.5501333851734118,0.9762539664743277,0.55018076376865,0.24908806407921,0.561700714608662,0.7699115044247787,0.2861455703381661,0.3163234702001741,0.0029498525073746312,0.7457142857142857,0.28883896582559104,0.315742178852161,0.002857142857142857,0.02064896755162242,0.02,0.03142857142857143,2.78,0.014749262536873156,0.0,0.022563286101853063,0.08506796825254948,10.631268436578171,0.006647898035724973,0.013207797410680344,0.153988738821435,0.07964601769911504,0,0.15527885244888764,0.22343124052006633,0.652703281861684,0.7367240166053882,0.0,0.8571428571428571,0.0,0.3,0.0,0.3,0.3,0.08,0.02064896755162242,0.051329579607144994,0.25132957960714497
191,0.9787825514609636,0.5503912752483118,0.9756747088276758,0.5502854581160017,0.24908806407921,0.5632730172808333,0.7728613569321534,0.2859685791877236,0.3161907268373423,0.0029498525073746312,0.7485714285714286,0.2886675372541625,0.31561360742358957,0.002857142857142857,0.0058997050147492625,0.005714285714285714,0.03142857142857143,2.842857142857143,0.014749262536873156,0.0,0.02257846536646823,0.0850469196794441,10.631268436578171,0.006448461094653224,0.012814113264022264,0.15386907665679192,0.07964601769911504,0,0.15498802961521466,0.22231408431746602,0.645363501938736,0.7551799862534223,0.0,0.5,0.0,0.3,0.0,0.3,0.3,0.08,0.0058997050147492625,0.05128969221893065,0.25128969221893066
192,0.9788450993859774,0.5509778244903603,0.9757352909607607,0.5509369993000633,0.24908806407921,0.5656655757868048,0.7227138643067846,0.2853786086862487,0.3157482489612361,0.0029498525073746312,0.7,0.28809610868273394,0.3151850359950181,0.002857142857142857,0.014749262536873156,0.014285714285714285,0.03142857142857143,2.9114285714285715,0.011799410029498525,0.0,0.02259321090558975,0.08502650256353192,10.631268436578171,0.006255007261813627,0.012432089577813055,0.15375300435708816,0.07964601769911504,0,0.15598437518142427,0.2242220619730642,0.6467419461856756,0.8007313507497957,0.0,0.2,0.0,0.3,0.0,0.3,0.3,0.08,0.014749262536873156,0.05125100145236273,0.25125100145236273
193,0.9798165742508987,0.5511866566366856,0.9766762337584987,0.5511703321084263,0.24908806407921,0.568434073803809,0.7345132743362832,0.2847886381847738,0.31530577108512986,0.0029498525073746312,0.7114285714285714,0.28752468011130533,0.3147564645664467,0.002857142857142857,0.02359882005899705,0.022857142857142857,0.03142857142857143,2.9457142857142857,0.017699115044247787,0.0,0.0226075344732208,0.08500669796109706,10.631268436578171,0.006067357043959218,0.01206138535236212,0.15364041422637553,0.07964601769911504,0,0.15660801545599065,0.24822079488600468,0.6566642501191049,0.7948292894477221,0.0,0.875,0.0,0.3,0.0,0.3,0.3,0.08,0.02359882005899705,0.051213471408791844,0.25121347140879186
194,0.9800803993557572,0.551788117268382,0.9769317672172046,0.5516219289773935,0.24908806407921,0.5711239321319849,0.7168141592920354,0.2846706440844788,0.31521727550990863,0.0029498525073746312,0.6942857142857143,0.2874103943970196,0.31467075028073244,0.002857142857142857,0.0029498525073746312,0.002857142857142857,0.03142857142857143,2.962857142857143,0.011799410029498525,0.0,0.022621447543174546,0.08498748749673524,10.631268436578171,0.005885336332640441,0.011701669301808493,0.15353120179958427,0.07964601769911504,0,0.15625354680728215,0.24697969091157468,0.6463881079738656,0.8693429152905783,0.0,0.0,0.0,0.3,0.0,0.3,0.3,0.08,0.0029498525073746312,0.05117706726652809,0.2511770672665281
195,0.979728986642192,0.5527000509315629,0.9763440165866877,0.5521827105242101,0.24908806407921,0.5730314182393718,0.6973293768545994,0.2848269383282526,0.3148503586257391,0.002967359050445104,0.6714285714285714,0.28701039439701964,0.31441360742358954,0.002857142857142857,0.01483679525222552,0.014285714285714285,0.037142857142857144,2.9685714285714284,0.011869436201780416,0.005714285714285714,0.02264588842005608,0.08496885334630433,10.6053412462908,0.0057087762426612275,0.011352619592798652,0.15342526574559673,0.08011869436201781,0,0.15641470835896001,0.24574479245701678,0.6477460601001025,0.8630362987463502,0.0,0.8,0.0,0.3,0.0,0.3,0.3,0.08,0.014749262536873156,0.05114175524853225,0.2511417552485323
196,0.9788490704282383,0.5535169332814628,0.9754967829749664,0.5529715887654847,0.24908806407921,0.5749503585674997,0.744807121661721,0.2848269383282526,0.3148503586257391,0.002967359050445104,0.7171428571428572,0.28701039439701964,0.31441360742358954,0.002857142857142857,0.0,0.0,0.037142857142857144,3.005714285714286,0.008902077151335312,0.0,0.0226601806855469,0.08495077822038631,10.6053412462908,0.005537512955381391,0.011013923589260899,0.15332250777322884,0.08011869436201781,0,0.15563263481716522,0.2445160684947317,0.6347911388981006,0.8457755727714232,0.0,0.0,0.0,0.3,0.0,0.3,0.3,0.08,0.0,0.051107502591076284,0.2511075025910763
197,0.9794786857310435,0.553819036274068,0.9761030125665247,0.5533845580755558,0.24908806407921,0.5768547175761302,0.7299703264094956,0.2847082439662348,0.3147613378542257,0.002967359050445104,0.7028571428571428,0.2868961086827339,0.31432789313787524,0.002857142857142857,0.002967359050445104,0.002857142857142857,0.037142857142857144,3.065714285714286,0.008902077151335312,0.0,0.022672943459700282,0.08493324534824585,10.6053412462908,0.005371387566719949,0.010685277603193044,0.15322283254003197,0.08011869436201781,0,0.15528304307165083,0.24329348815225804,0.6249524589772814,0.8320165827773767,0.0,0.0,0.0,0.3,0.0,0.3,0.3,0.08,0.002967359050445104,0.051074277513343994,0.251074277513344
198,0.9801881922035092,0.5548667226814736,0.9767861659414416,0.554298599990922,0.24908806407921,0.5792809221261529,0.7537091988130564,0.28423346651816356,0.31456987303465006,0.002967359050445104,0.7257142857142858,0.2864389658255911,0.31414353986874105,0.002857142857142857,0.01483679525222552,0.014285714285714285,0.037142857142857144,3.142857142857143,0.01483679525222552,0.0,0.022685338477600323,0.08491623846226957,10.6053412462908,0.0052102459397183505,0.010366386651379123,0.153126147563831,0.08011869436201781,0,0.1561583890180222,0.24207702071149673,0.6267391240834501,0.8221780795234651,0.0,0.8,0.0,0.3,0.0,0.3,0.3,0.08,0.01483679525222552,0.051042049187943674,0.25104204918794365
199,0.9789317996259783,0.5543200542404833,0.9755764393739336,0.5536786968539292,0.24908806407921,0.5813805815840507,0.6824925816023739,0.2841147721561458,0.31456987303465006,0.002967359050445104,0.6571428571428571,0.28632468011130535,0.31414353986874105,0.002857142857142857,0.005934718100890208,0.005714285714285714,0.037142857142857144,3.14,0.008902077151335312,0.0,0.02269737589062242,0.0848997417828726,10.6053412462908,0.0050539385615268,0.01005696421794422,0.15303236313691607,0.08011869436201781,0,0.15623473993007495,0.24086663560793928,0.6199186273160666,0.8057345179329959,0.0,1.0,0.0,0.3,0.0,0.3,0.3,0.08,0.005934718100890208,0.05101078771230536,0.25101078771230534
200,0.9802708742785502,0.5539699853192817,0.9768657769679812,0.5532220156789734,0.24908806407921,0.5828692279550661,0.655786350148368,0.2841147721561458,0.31456987303465006,0.002967359050445104,0.6314285714285715,0.28632468011130535,0.31414353986874105,0.002857142857142857,0.0,0.0,0.037142857142857144,3.2314285714285713,0.01483679525222552,0.0,0.02270906559658205,0.08488374000385754,10.6053412462908,0.004902320404680996,0.009756732022657477,0.1529413922428086,0.08011869436201781,0,0.15545356623042458,0.23966230242989958,0.6075202547697455,0.7896198275743359,0.0,0.0,0.0,0.3,0.0,0.3,0.3,0.08,0.0,0.050980464080936205,0.2509804640809362
201,0.9793006540690428,0.5544743960513214,0.9759315935091126,0.5535444208550171,0.24908806407921,0.5844492091124044,0.6023738872403561,0.2837586890700924,0.31430281072011,0.002967359050445104,0.58,0.2859818229684482,0.31388639701159815,0.002857142857142857,0.011869436201780416,0.011428571428571429,0.037142857142857144,3.2342857142857144,0.008902077151335312,0.0,0.022720417244424494,0.08486821827821289,10.6053412462908,0.004755250792540566,0.00946541979488924,0.15285315047552434,0.08011869436201781,0,0.15618662386455567,0.23846399091775008,0.6067984211029218,0.8268043160350785,0.0,0.5,0.0,0.3,0.0,0.3,0.3,0.08,0.011869436201780416,0.050951050158508114,0.2509510501585081
202,0.9798323311448367,0.5549976266503486,0.9764435225792342,0.5540817717961952,0.24908806407921,0.5857846899154375,0.6676557863501483,0.28352130034605677,0.3141247691770833,0.002967359050445104,0.6428571428571429,0.2857532515398768,0.3137149684401696,0.002857142857142857,0.005934718100890208,0.005714285714285714,0.037142857142857144,3.257142857142857,0.01483679525222552,0.0,0.022731440238937993,0.08485316220433763,10.6053412462908,0.004612593268764349,0.00918276505312765,0.1527675559612586,0.08011869436201781,0,0.15626283360237575,0.23727167096316132,0.6003767383951492,0.81716989068623,0.0,0.0,0.0,0.3,0.0,0.3,0.3,0.08,0.005934718100890208,0.05092251865375287,0.25092251865375287
203,0.9801162417259596,0.555986751355271,0.9767168879102011,0.5550495028783444,0.24908806407921,0.5866613917554669,0.6379821958456974,0.28346195316504785,0.3140802587913266,0.002967359050445104,0.6142857142857143,0.28569610868273393,0.31367211129731243,0.002857142857142857,0.002967359050445104,0.002857142857142857,0.037142857142857144,3.2285714285714286,0.005934718100890208,0.0,0.022742143745480597,0.08483855781267864,10.6053412462908,0.004474215470701419,0.008908512889958198,0.15268452928242085,0.08011869436201781,0,0.15581510339485313,0.2360853126083455,0.5912263464843891,0.8008264928725054,0.0,1.0,0.0,0.3,0.0,0.3,0.3,0.08,0.002967359050445104,0.05089484309414029,0.2508948430941403
204,0.9792695288362665,0.557160302913215,0.975901624356411,0.5563244262291942,0.24908806407921,0.5877442739286999,0.6023738872403561,0.28310587007899446,0.3138131964767866,0.002967359050445104,0.58,0.2853532515398768,0.3134149684401696,0.002857142857142857,0.008902077151335312,0.008571428571428572,0.037142857142857144,3.2,0.002967359050445104,0.0,0.022752536694711736,0.08482439155276937,10.6053412462908,0.004339989006580377,0.008642415762409206,0.15260399340394823,0.08011869436201781,0,0.15632174216359318,0.2672297824648798,0.5879732481261297,0.8349620816689534,0.0,0.0,0.0,0.3,0.0,0.3,0.3,0.08,0.008902077151335312,0.05086799780131608,0.2508679978013161
205,0.9802785400809613,0.5577890806691677,0.9768731580405885,0.5570616982110308,0.24908806407921,0.5889822360992097,0.658753709198813,0.28292782853596776,0.3136796653195165,0.002967359050445104,0.6342857142857142,0.2851818229684482,0.31328639701159816,0.002857142857142857,0.008902077151335312,0.008571428571428572,0.037142857142857144,3.1514285714285712,0.005934718100890208,0.0,0.02276262778732048,0.0848106502806574,10.6053412462908,0.004209789336382965,0.008384233287564102,0.1525258736018298,0.08011869436201781,0,0.15659430118529244,0.26589363355255535,0.5847852117350357,0.8182628400355743,0.0,1.0,0.0,0.3,0.0,0.3,0.3,0.08,0.008902077151335312,0.0508419578672766,0.2508419578672766
206,0.9802281355894414,0.558831442018334,0.9768246257158965,0.5578874369388668,0.24908806407921,0.5899879760088766,0.6350148367952523,0.28278036870907797,0.3136351549337599,0.002967359050445104,0.6114285714285714,0.28503984022084294,0.31324353986874104,0.002857142857142857,0.005934718100890208,0.005714285714285714,0.037142857142857144,3.1685714285714286,0.002967359050445104,0.0,0.022772425498742734,0.0847973212467088,10.6053412462908,0.004083495656291476,0.008133732043342223,0.15245009739377488,0.08011869436201781,0,0.1566684725365088,0.2645641653847926,0.5788037932146208,0.8399855894832658,0.0,0.5,0.0,0.3,0.0,0.3,0.3,0.08,0.005934718100890208,0.050816699131258296,0.2508166991312583
207,0.9805171017502341,0.5590566208795601,0.9771028588478599,0.5580246477180768,0.24908806407921,0.5918365454098079,0.6261127596439169,0.28272102152806905,0.3135906445480032,0.002967359050445104,0.6028571428571429,0.2849826973637001,0.31320068272588386,0.002857142857142857,0.002967359050445104,0.002857142857142857,0.037142857142857144,3.1942857142857144,0.002967359050445104,0.0,0.02278193808386065,0.08478439208377865,10.6053412462908,0.003960990786602732,0.007890685374348227,0.15237659447196164,0.08011869436201781,0,0.1560544301203619,0.26324134455786863,0.5700848602074712,0.8231858776936005,0.0,1.0,0.0,0.3,0.0,0.3,0.3,0.08,0.002967359050445104,0.05079219815732055,0.25079219815732057
208,0.9796416940476897,0.5599036408742563,0.9762599662885525,0.5588068333870331,0.24908806407921,0.593853588372838,0.6409495548961425,0.28272102152806905,0.3135906445480032,0.002967359050445104,0.6171428571428571,0.2849826973637001,0.31320068272588386,0.002857142857142857,0.0,0.0,0.037142857142857144,3.16,0.005934718100890208,0.0,0.02279117358167782,0.08477185079573642,10.6053412462908,0.00384216106300465,0.007654873202690871,0.1523052966378028,0.08011869436201781,0,0.1552741579697601,0.26192513783507926,0.5586831630033218,0.8067221601397285,0.0,0.0,0.0,0.3,0.0,0.3,0.3,0.08,0.0,0.05076843221260093,0.2507684322126009
209,0.9790928578968026,0.5599993581866135,0.9757315154804129,0.5589681751424447,0.24908806407921,0.5942756935688106,0.5756676557863502,0.2822462440799979,0.3132790718477065,0.002967359050445104,0.5542857142857143,0.28452555450655725,0.3129006827258839,0.002857142857142857,0.017804154302670624,0.017142857142857144,0.037142857142857144,3.1485714285714286,0.002967359050445104,0.0,0.022800139819964555,0.08475968574633543,10.6053412462908,0.0037268962311145103,0.007426081843671994,0.1522361377386687,0.08011869436201781,0,0.15584050146562559,0.3130095628565214,0.5646523568861125,0.8441602924386937,0.0,0.8333333333333334,0.0,0.3,0.0,0.3,0.3,0.08,0.017804154302670624,0.0507453792462229,0.2507453792462229
210,0.9794727050360256,0.5606424971086048,0.9760972540116074,0.559763846802658,0.24908806407921,0.5941941943753418,0.5816023738872403,0.2821275497179801,0.31319005107619313,0.002967359050445104,0.56,0.2844112687922715,0.3128149684401696,0.002857142857142857,0.002967359050445104,0.002857142857142857,0.037142857142857144,3.045714285714286,0.008902077151335312,0.0,0.022808844419868014,0.0847478856484165,10.6053412462908,0.003615089344181075,0.007204103826245034,0.15216905360650865,0.08011869436201781,0,0.1554898703868689,0.3114445150422388,0.556216452605533,0.8337477621301497,0.0,0.0,0.0,0.3,0.0,0.3,0.3,0.08,0.002967359050445104,0.05072301786883622,0.2507230178688362
211,0.9788173981216944,0.5615949144604904,0.97546628706838,0.5609515194290391,0.24908806407921,0.59419916085484,0.6409495548961425,0.28194950817495334,0.3130565199189231,0.002967359050445104,0.6171428571428571,0.284239840220843,0.31268639701159817,0.002857142857142857,0.005934718100890208,0.005714285714285714,0.037142857142857144,3.02,0.005934718100890208,0.0,0.02281729480048231,0.08473643955343511,10.6053412462908,0.0035066366638556424,0.006988737718145566,0.15210398199831338,0.08011869436201781,0,0.1553102924100416,0.3098872924670276,0.5508064092677082,0.8187208865263582,0.0,0.5,0.0,0.3,0.0,0.3,0.3,0.08,0.005934718100890208,0.050701327332771134,0.2507013273327711
212,0.9792551782178579,0.5621017134549036,0.9759339442123603,0.5614133451473011,0.24908806407921,0.5939364140465314,0.6964285714285714,0.2817943843803392,0.312348443635866,0.002976190476190476,0.6685714285714286,0.28395412593512864,0.31260068272588387,0.002857142857142857,0.008928571428571428,0.008571428571428572,0.04,2.9285714285714284,0.008928571428571428,0.002857142857142857,0.022821265931922435,0.08472533684130314,10.595238095238095,0.003401437563939973,0.006779787955592975,0.152040862538364,0.08035714285714286,0,0.15581945523370566,0.3083378560046925,0.5483617096537825,0.8169015587778856,0.0,0.6666666666666666,0.0,0.3,0.0,0.3,0.3,0.08,0.008902077151335312,0.050680287512788,0.250680287512788
213,0.9782693144956635,0.56277838570239,0.9749875150390535,0.562144819822854,0.24908806407921,0.5932660471850644,0.7351190476190477,0.2817943843803392,0.312348443635866,0.002976190476190476,0.7057142857142857,0.28395412593512864,0.31260068272588387,0.002857142857142857,0.0,0.0,0.04,2.902857142857143,0.008928571428571428,0.0,0.022835901224224277,0.08471456721053518,10.595238095238095,0.0032993944370217736,0.006577064677468769,0.15197963666221306,0.08035714285714286,0,0.15504035795753715,0.30679616672466903,0.5373944754607068,0.800563527602328,0.0,0.0,0.0,0.3,0.0,0.3,0.3,0.08,0.0,0.05065987888740436,0.2506598788874044
214,0.9770740826756511,0.5636783721257217,0.9738400924918418,0.5630349074161837,0.24908806407921,0.5927410401868675,0.7053571428571429,0.2813777177136725,0.31208058649300885,0.002976190476190476,0.6771428571428572,0.28355412593512863,0.312343539868741,0.002857142857142857,0.01488095238095238,0.014285714285714285,0.04,2.8457142857142856,0.008928571428571428,0.0,0.0228436335787079,0.08470412066869025,10.595238095238095,0.0032004126039111205,0.006380383563869163,0.15192024756234668,0.08035714285714286,0,0.1553282151343831,0.3052621858910457,0.540932300237207,0.7858590122389747,0.0,0.6,0.0,0.3,0.0,0.3,0.3,0.08,0.01488095238095238,0.050640082520782226,0.25064008252078224
215,0.9777427749224052,0.5630219699257963,0.9744820370487257,0.5623252154531306,0.24908806407921,0.5922406399612118,0.7113095238095238,0.28119914628510106,0.3119466579215803,0.002976190476190476,0.6828571428571428,0.2833826973637001,0.31221496844016955,0.002857142857142857,0.005952380952380952,0.005714285714285714,0.04,2.797142857142857,0.005952380952380952,0.0,0.022851139398779852,0.08469398752310064,10.595238095238095,0.0031044002257937867,0.006189565678940356,0.15186264013547626,0.08035714285714286,0,0.15514944543381823,0.30373587496159044,0.5358279399467486,0.7701418319941952,0.0,0.5,0.0,0.3,0.0,0.3,0.3,0.08,0.005952380952380952,0.05062088004515876,0.25062088004515876
216,0.9782358738834848,0.5638041189490007,0.974955412051362,0.5631452239638037,0.24908806407921,0.5920097036304576,0.7380952380952381,0.2810205748565296,0.3118127293501517,0.002976190476190476,0.7085714285714285,0.2832112687922715,0.3120863970115982,0.002857142857142857,0.005952380952380952,0.005714285714285714,0.04,2.84,0.005952380952380952,0.0,0.02285842516188959,0.08468415837187873,10.595238095238095,0.003011268219019973,0.006004437317897682,0.151806760931412,0.08035714285714286,0,0.15485926963522056,0.3022171955867825,0.5308256668620993,0.7666229046155759,0.0,0.5,0.0,0.3,0.0,0.3,0.3,0.08,0.005952380952380952,0.050602253643803996,0.250602253643804
217,0.9791794900778822,0.563372868003098,0.9758612835979836,0.5628876982750741,0.24908806407921,0.5927865031537228,0.7113095238095238,0.28060390818986297,0.3115002293501517,0.002976190476190476,0.6828571428571428,0.28281126879227153,0.3117863970115981,0.002857142857142857,0.01488095238095238,0.014285714285714285,0.04,2.7485714285714287,0.005952380952380952,0.0,0.022865497169756235,0.08467462409519348,10.595238095238095,0.0029209301724493738,0.005824829858134151,0.15175255810346963,0.08035714285714286,0,0.15513876191142234,0.30070610960884864,0.5344948678105715,0.7757752839713196,0.0,0.8,0.0,0.3,0.0,0.3,0.3,0.08,0.01488095238095238,0.05058418603448988,0.2505841860344899
218,0.9796549437310327,0.5634809473904827,0.9763177191050081,0.5629629607865383,0.24908806407921,0.5934699309057516,0.7023809523809523,0.28042533676129155,0.31145558649300886,0.002976190476190476,0.6742857142857143,0.28263984022084293,0.31174353986874104,0.002857142857142857,0.008928571428571428,0.008571428571428572,0.04,2.682857142857143,0.005952380952380952,0.0,0.02287236155256211,0.08466537584680879,10.595238095238095,0.0028333022672758926,0.0056505796143262454,0.15169998136036553,0.08035714285714286,0,0.15548357118000453,0.2992025790608044,0.5323763990257887,0.7602597782918932,0.0,1.0,0.0,0.3,0.0,0.3,0.3,0.08,0.008928571428571428,0.05056666045345518,0.25056666045345516
219,0.9793380824398649,0.5637072387194373,0.9760135322654871,0.5632577227469681,0.24908806407921,0.5939491682424495,0.7440476190476191,0.28006819390414867,0.31123237220729455,0.002976190476190476,0.7142857142857143,0.2822969830779858,0.31152925415445526,0.002857142857142857,0.011904761904761904,0.011428571428571429,0.04,2.6028571428571428,0.005952380952380952,0.0,0.022879024273082426,0.08465640504587567,10.595238095238095,0.0027483031992576157,0.005481527697443478,0.15164898191955456,0.08035714285714286,0,0.1561052990348188,0.3008770754781739,0.5331574424738443,0.8371855392418075,0.0,0.5,0.0,0.3,0.0,0.3,0.3,0.08,0.011904761904761904,0.05054966063985153,0.2505496606398515
220,0.9796472817044872,0.5637594041005232,0.9763103635595244,0.5633819781121742,0.24908806407921,0.594840849826038,0.7291666666666666,0.28006819390414867,0.31123237220729455,0.002976190476190476,0.7,0.2822969830779858,0.31152925415445526,0.002857142857142857,0.0,0.0,0.04,2.5685714285714285,0.008928571428571428,0.0,0.022885491130749478,0.08464770336897051,10.595238095238095,0.0026658541032798873,0.005317519877569565,0.15159951246196793,0.08035714285714286,0,0.1553247725396447,0.299372690100783,0.5224942936243675,0.8204418284569713,0.0,0.0,0.0,0.3,0.0,0.3,0.3,0.08,0.0,0.05053317082065598,0.25053317082065596
221,0.9796809894533203,0.5642893467674008,0.9763427229984042,0.5639471854314456,0.24908806407921,0.5953940336376233,0.7470238095238095,0.279651527237482,0.31091987220729456,0.0,0.7171428571428572,0.28189698307798583,0.3112292541544553,0.0,0.011904761904761904,0.011428571428571429,0.04,2.5171428571428573,0.002976190476190476,0.0,0.01745414112087098,0.09520170253896261,10.595238095238095,0.1026658541032799,0.1856228639758878,0.21159951246196793,0.08035714285714286,0,0.1562624343912322,0.2978758266502791,0.5234729791804515,0.883852070727707,0.0,0.0,0.0,0.3,0.0,0.3,0.3,0.08,0.011904761904761904,0.07053317082065598,0.270533170820656
222,0.9791078839266192,0.5647443739695425,0.9757925416927711,0.5644967156401932,0.24908806407921,0.5953940336376233,0.7946428571428571,0.27965152723748204,0.31091987220729456,0.0,0.7628571428571429,0.2818969830779858,0.3112292541544553,0.0,0.005952380952380952,0.005714285714285714,0.04,2.5085714285714285,0.002976190476190476,0.0,0.01756266302519744,0.09487664193726483,10.595238095238095,0.0995858784801815,0.18059085797776442,0.2097515270881089,0.08035714285714286,0,0.15633826507641888,0.2975864840966203,0.5187178053111282,0.8661750293131528,0.0,0.5,0.0,0.3,0.0,0.3,0.3,0.08,0.005952380952380952,0.06991717569603631,0.2699171756960363
223,0.9787325953383488,0.5662046518728104,0.9754322646480318,0.5659158937911423,0.24908806407921,0.5953940336376233,0.7708333333333334,0.2795324796184344,0.3108305864930088,0.0,0.74,0.28178269736370004,0.311143539868741,0.0,0.002976190476190476,0.002857142857142857,0.04,2.382857142857143,0.002976190476190476,0.0,0.01767078115750289,0.09456133315361802,10.595238095238095,0.09659830212577605,0.1756801065889334,0.20795898127546564,0.08035714285714286,0,0.1559851451796082,0.30076817688056057,0.5112005920620485,0.8488515287268897,0.0,0.0,0.0,0.3,0.0,0.3,0.3,0.08,0.002976190476190476,0.06931966042515522,0.2693196604251552
224,0.9787647553834569,0.566696185578004,0.9754631382913352,0.5662509863897819,0.24908806407921,0.5953940336376233,0.8125,0.2795324796184344,0.3108305864930088,0.0,0.78,0.28178269736370004,0.311143539868741,0.0,0.0,0.0,0.04,2.4171428571428573,0.002976190476190476,0.0,0.01777839729552096,0.09425548363348057,10.595238095238095,0.09370035306200276,0.17088856021819543,0.20622021183720166,0.08035714285714286,0,0.15520521945371019,0.29926433599615776,0.5009765802208075,0.8318744981523518,0.0,0.0,0.0,0.3,0.0,0.3,0.3,0.08,0.0,0.06874007061240056,0.2687400706124006
225,0.9779739986981032,0.566546688312789,0.9747040118733957,0.5661774213880357,0.24908806407921,0.5953940336376233,0.8035714285714286,0.27965152723748204,0.31091987220729456,0.0,0.7714285714285715,0.2818969830779858,0.3112292541544553,0.0,0.002976190476190476,0.002857142857142857,0.04,2.414285714285714,0.002976190476190476,0.0,0.017885418345714884,0.09395880959894728,10.595238095238095,0.09088934247014267,0.16621415063728118,0.2045336054820856,0.08035714285714286,0,0.15460366417724802,0.297768014316177,0.4938141914735343,0.8152370081893048,0.0,1.0,0.0,0.3,0.0,0.3,0.3,0.08,0.002976190476190476,0.06817786849402854,0.2681778684940285
226,0.9783118578318857,0.5670092822598033,0.9750283566418271,0.5667072471624567,0.24908806407921,0.5953940336376233,0.8273809523809523,0.279651527237482,0.31091987220729456,0.0,0.7942857142857143,0.2818969830779858,0.3112292541544553,0.0,0.011904761904761904,0.011428571428571429,0.04,2.3771428571428572,0.002976190476190476,0.0,0.017991756352787,0.09367103578544998,10.595238095238095,0.0881626621960384,0.16165479517538206,0.20289759731762302,0.08035714285714286,0,0.15471636014207607,0.2962791742445961,0.4953664790726349,0.8117390870096072,0.0,0.5,0.0,0.3,0.0,0.3,0.3,0.08,0.011904761904761904,0.06763253243920768,0.2676325324392077
227,0.9783761946260742,0.5680926361508798,0.9750901199642481,0.5677178932842089,0.24908806407921,0.5953940336376233,0.7797619047619048,0.27971105104700583,0.3109645150644374,0.0,0.7485714285714286,0.28195412593512864,0.3112721112973124,0.0,0.008928571428571428,0.008571428571428572,0.04,2.3285714285714287,0.002976190476190476,0.0,0.018097328483516976,0.0933918951863576,10.595238095238095,0.08551778233015725,0.1572084006583333,0.20131066939809433,0.08035714285714286,0,0.15522849262707997,0.2947977783733731,0.49403057806261075,0.8045776965344955,0.0,0.6666666666666666,0.0,0.3,0.0,0.3,0.3,0.08,0.008928571428571428,0.06710355646603146,0.26710355646603146
228,0.9799763385851991,0.5682520603080868,0.9766262581650078,0.5678718914903665,0.24908806407921,0.5953940336376233,0.8095238095238095,0.2797705748565297,0.31100915792158024,0.0,0.7771428571428571,0.2820112687922715,0.3113149684401696,0.0,0.002976190476190476,0.002857142857142857,0.04,2.32,0.002976190476190476,0.0,0.018202056987512014,0.09312112880523796,10.595238095238095,0.08295224886025253,0.15287286710145354,0.1997713493161515,0.08035714285714286,0,0.1547588954221535,0.2933237894815063,0.48700710935850144,0.7884861426038057,0.0,1.0,0.0,0.3,0.0,0.3,0.3,0.08,0.002976190476190476,0.0665904497720505,0.2665904497720505
229,0.9798608837645159,0.5683620245117824,0.9765154215371519,0.5678279677730792,0.24908806407921,0.5953940336376233,0.8095238095238095,0.27953247961843436,0.3108305864930088,0.0,0.7771428571428571,0.28178269736370004,0.311143539868741,0.0,0.005952380952380952,0.005714285714285714,0.04,2.2857142857142856,0.002976190476190476,0.0,0.018305869137346626,0.09285848541555197,10.595238095238095,0.08046368139444494,0.1486460911651306,0.19827820883666697,0.08035714285714286,0,0.1548422438021856,0.2920572061383728,0.4829812528856171,0.820608340026592,0.0,0.0,0.0,0.3,0.0,0.3,0.3,0.08,0.005952380952380952,0.066092736278889,0.26609273627888896
230,0.9803620589489255,0.5692216845809484,0.9769965497141854,0.5686764867877886,0.24908806407921,0.5953940336376233,0.8244047619047619,0.2794134319993868,0.31074130077872314,0.0,0.7914285714285715,0.28166841164941436,0.3110578255830267,0.0,0.002976190476190476,0.002857142857142857,0.04,2.354285714285714,0.002976190476190476,0.0,0.018408697150452766,0.09260372132755648,10.595238095238095,0.07804977095261159,0.14452596938226991,0.19682986257156695,0.08035714285714286,0,0.15449660401174609,0.29059692010768096,0.4761787706850476,0.8088680494051277,0.0,0.0,0.0,0.3,0.0,0.3,0.3,0.08,0.002976190476190476,0.06560995419052232,0.2656099541905223
231,0.980915446545223,0.5685599190090462,0.977527801806631,0.5680911550629326,0.24908806407921,0.5953940336376233,0.8303571428571429,0.2794134319993868,0.31074130077872314,0.0,0.7971428571428572,0.28166841164941436,0.3110578255830267,0.0,0.0,0.0,0.04,2.3914285714285715,0.002976190476190476,0.0,0.01851047809499621,0.0923566001622009,10.595238095238095,0.07570827782403323,0.1405104011667173,0.19542496669441994,0.08035714285714286,0,0.15372412099168734,0.28914393550714257,0.4666551952713467,0.7926906884170252,0.0,0.0,0.0,0.3,0.0,0.3,0.3,0.08,0.0,0.06514165556480665,0.2651416555648066
232,0.9797301252125418,0.5687615298668055,0.9763898933272568,0.5682818826603232,0.24908806407921,0.5953940336376233,0.7946428571428571,0.2790562891422439,0.310473443635866,0.0,0.7628571428571429,0.2813255545065572,0.31080068272588385,0.0,0.008928571428571428,0.008571428571428572,0.04,2.3514285714285714,0.005952380952380952,0.0,0.018611153781844532,0.092116892631806,10.595238095238095,0.07343702948931223,0.1365972916117163,0.19406221769358734,0.08035714285714286,0,0.15424121467244317,0.3010158006905714,0.4658935199373483,0.8007313507497957,0.0,0.0,0.0,0.3,0.0,0.3,0.3,0.08,0.008928571428571428,0.06468740589786245,0.26468740589786244
233,0.9797703189944441,0.5691943882814,0.976428479357883,0.5686903550265792,0.24908806407921,0.5953940336376233,0.7589285714285714,0.27899676533272016,0.310473443635866,0.0,0.7285714285714285,0.28126841164941435,0.31080068272588385,0.0,0.011904761904761904,0.011428571428571429,0.04,2.38,0.005952380952380952,0.0,0.018710670644598807,0.09188437632732294,10.595238095238095,0.07123391860463286,0.13278455408737522,0.1927403511627797,0.08035714285714286,0,0.1551842943133667,0.29951072168711845,0.4680042209671727,0.8007228066136144,0.0,0.5,0.0,0.3,0.0,0.3,0.3,0.08,0.011904761904761904,0.06424678372092657,0.2642467837209266
234,0.9795885456989324,0.5699925886633603,0.9762539769941918,0.569421469763368,0.24908806407921,0.5953940336376233,0.7321428571428571,0.27911581295176774,0.3105627293501517,0.0,0.7028571428571428,0.2813826973637001,0.31088639701159815,0.0,0.005952380952380952,0.005714285714285714,0.04,2.3657142857142857,0.002976190476190476,0.0,0.018808979609526343,0.09165883551197437,10.595238095238095,0.06909690104649388,0.12907011264601032,0.19145814062789632,0.08035714285714286,0,0.15499156439508788,0.2980131680786829,0.4643584222621151,0.7847083504813421,0.0,1.0,0.0,0.3,0.0,0.3,0.3,0.08,0.005952380952380952,0.06381938020929878,0.2638193802092988
235,0.9803470249009517,0.5708861090268383,0.9769821170281303,0.5703914581853953,0.24908806407921,0.5953940336376233,0.7261904761904762,0.2791753367612916,0.3106520150644374,0.0,0.6971428571428572,0.2814398402208429,0.3109721112973124,0.0,0.01488095238095238,0.014285714285714285,0.04,2.4114285714285715,0.005952380952380952,0.0,0.018906035957098093,0.09144006092108625,10.595238095238095,0.06702399401509906,0.12545190424408792,0.19021439640905943,0.08035714285714286,0,0.15535438041106925,0.2965231022382895,0.4693569681025869,0.8191598211767046,0.0,0.8,0.0,0.3,0.0,0.3,0.3,0.08,0.01488095238095238,0.06340479880301982,0.2634047988030198
236,0.9814179079814236,0.5710898071856217,0.9780101647853836,0.5707832336868405,0.24908806407921,0.5953940336376233,0.7321428571428571,0.27929438438033916,0.31074130077872314,0.0,0.7028571428571428,0.28155412593512863,0.3110578255830267,0.0,0.008928571428571428,0.008571428571428572,0.04,2.4057142857142857,0.002976190476190476,0.0,0.019001799176702132,0.09122784956792476,10.595238095238095,0.06501327419464609,0.12192788078932892,0.18900796451678764,0.08035714285714286,0,0.15509175136615674,0.2950404867270981,0.4685412573119638,0.8051242470816559,0.0,0.6666666666666666,0.0,0.3,0.0,0.3,0.3,0.08,0.008928571428571428,0.06300265483892922,0.2630026548389292
237,0.9802828560381327,0.5721311724928653,0.9769205149198243,0.5718191103318805,0.24908806407921,0.5953940336376233,0.7529761904761905,0.2797705748565297,0.311098443635866,0.0,0.7228571428571429,0.2820112687922715,0.31140068272588384,0.0,0.01488095238095238,0.014285714285714285,0.04,2.3771428571428572,0.0,0.0,0.019096232815975993,0.09102200455535814,10.595238095238095,0.0630628759688067,0.11849601102135776,0.18783772558128403,0.08035714285714286,0,0.15506365715200857,0.29356528429346257,0.47345614645143885,0.7890217621400227,0.0,1.0,0.0,0.3,0.0,0.3,0.3,0.08,0.01488095238095238,0.06261257519376134,0.26261257519376136
238,0.9813356448779691,0.571980665608452,0.977931192206067,0.5717174979248817,0.24908806407921,0.5953940336376233,0.7321428571428571,0.27965152723748204,0.31100915792158024,0.0,0.7028571428571428,0.2818969830779858,0.3113149684401696,0.0,0.002976190476190476,0.002857142857142857,0.04,2.334285714285714,0.0,0.0,0.019189304326075813,0.0908223348931685,10.595238095238095,0.0611709896897425,0.11515428223408042,0.1867025938138455,0.08035714285714286,0,0.15471691029481996,0.3017091435579064,0.4668441663795529,0.7765972762669164,0.0,0.0,0.0,0.3,0.0,0.3,0.3,0.08,0.002976190476190476,0.0622341979379485,0.2622341979379485
239,0.9809798399491394,0.5726086070250487,0.9775896194743905,0.5720273030525886,0.24908806407921,0.5953940336376233,0.8005952380952381,0.28002622035277874,0.3112770150644374,0.0,0.7685714285714286,0.28225668846867064,0.31157211129731244,0.0,0.020833333333333332,0.02,0.04,2.394285714285714,0.0,0.0,0.019280984904080225,0.09062865532084459,10.595238095238095,0.05933585999905022,0.11190070184776524,0.18560151599943012,0.08035714285714286,0,0.15545411436772372,0.3002005978401168,0.4775072830519619,0.7713469933642539,0.0,0.8571428571428571,0.0,0.3,0.0,0.3,0.3,0.08,0.020833333333333332,0.061867171999810046,0.26186717199981
240,0.9807967374021069,0.5731074168336864,0.9774138410292393,0.5724688949289279,0.24908806407921,0.5953940336376233,0.7470238095238095,0.2799071727337311,0.3111877293501517,0.0,0.7171428571428572,0.2821424027543849,0.31148639701159814,0.0,0.017857142857142856,0.017142857142857144,0.04,2.3714285714285714,0.0,0.0,0.019371249333612214,0.09044078613569036,10.595238095238095,0.05755578419907871,0.10873329883857896,0.1845334705194472,0.08035714285714286,0,0.15638843269093283,0.29869959485091624,0.4850999945337797,0.8014122924056347,0.0,0.5,0.0,0.3,0.0,0.3,0.3,0.08,0.017857142857142856,0.06151115683981574,0.26151115683981574
241,0.9808534465073099,0.5730070446788805,0.977468281770234,0.5724155333277869,0.24908806407921,0.5953940336376233,0.7916666666666666,0.28026431559087395,0.3114555864930088,0.0,0.76,0.28248525989724205,0.31174353986874104,0.0,0.01488095238095238,0.014285714285714285,0.04,2.3971428571428572,0.0,0.0,0.019460075824653512,0.09025855302609076,10.595238095238095,0.05582911067310635,0.1056501250330999,0.1834974664038638,0.08035714285714286,0,0.15617706480962104,0.29720609687666166,0.4896837089288184,0.7956257329788341,0.0,0.8,0.0,0.3,0.0,0.3,0.3,0.08,0.01488095238095238,0.061165822134621274,0.26116582213462125
242,0.9798214896240325,0.5736295264091934,0.9764776031622878,0.5729860457119099,0.24908806407921,0.5953940336376233,0.8273809523809523,0.2801452679718264,0.31136630077872307,0.0,0.7942857142857143,0.28237097418295637,0.31165782558302674,0.0,0.008928571428571428,0.008571428571428572,0.04,2.3314285714285714,0.0,0.0,0.019547445853422617,0.09008178690977915,10.595238095238095,0.05415423735291316,0.1026492562750918,0.1824925424117479,0.08035714285714286,0,0.15628189377128723,0.2957200663922784,0.4884614633216706,0.8217227817383664,0.0,0.6666666666666666,0.0,0.3,0.0,0.3,0.3,0.08,0.008928571428571428,0.060830847470582636,0.2608308474705826
243,0.9816311286070057,0.5736831715416955,0.9782148565859425,0.5731686301041066,0.24908806407921,0.5953940336376233,0.8154761904761905,0.2801452679718264,0.31150022935015165,0.0,0.7828571428571428,0.28237097418295637,0.3117863970115981,0.0,0.023809523809523808,0.022857142857142857,0.04,2.3257142857142856,0.0,0.0,0.019633344003091243,0.08991032377695687,10.595238095238095,0.05252961023232576,0.0997287934715827,0.18151776613939546,0.08035714285714286,0,0.1573567728702879,0.294241466060317,0.5015493769123801,0.837784175459374,0.0,0.625,0.0,0.3,0.0,0.3,0.3,0.08,0.023809523809523808,0.060505922046465155,0.26050592204646517
244,0.9811690701757418,0.5742374903368529,0.977771280491929,0.5736894098589479,0.24908806407921,0.5953940336376233,0.8244047619047619,0.2799071727337311,0.3113216579215803,0.0,0.7914285714285715,0.28214240275438496,0.31161496844016956,0.0,0.005952380952380952,0.005714285714285714,0.04,2.3257142857142856,0.002976190476190476,0.0,0.019717757806022966,0.08974400453811927,10.595238095238095,0.05095372192535599,0.09688686352504317,0.1805722331552136,0.08035714285714286,0,0.15742713186307933,0.29277025873001544,0.4972326750884182,0.8816337863728031,0.0,0.0,0.0,0.3,0.0,0.3,0.3,0.08,0.005952380952380952,0.0601907443850712,0.26019074438507117
245,0.981235780999774,0.5747436244619318,0.977835322883,0.5740875902740453,0.24908806407921,0.5953940336376233,0.7976190476190477,0.2799071727337311,0.3113216579215803,0.0,0.7657142857142857,0.28214240275438496,0.31161496844016956,0.0,0.005952380952380952,0.005714285714285714,0.04,2.342857142857143,0.002976190476190476,0.0,0.01980067758813346,0.08958267487644682,10.595238095238095,0.04942511026759531,0.09412162015821623,0.17965506616055718,0.08035714285714286,0,0.1572100033287818,0.3095932137387655,0.49300230730093547,0.9039207967999998,0.0,0.5,0.0,0.3,0.0,0.3,0.3,0.08,0.005952380952380952,0.05988502205351907,0.25988502205351904
246,0.9815143355630149,0.5762734628275761,0.978102735263711,0.5755602970694534,0.24908806407921,0.5953940336376233,0.8095238095238095,0.28008574416230253,0.31150022935015165,0.002976190476190476,0.7771428571428571,0.2823138313258135,0.3117863970115981,0.002857142857142857,0.01488095238095238,0.014285714285714285,0.04,2.3142857142857145,0.005952380952380952,0.0,0.019882096315893365,0.08942618510462454,10.595238095238095,0.047942356959567445,0.09143124463789898,0.17876541417574046,0.08035714285714286,0,0.15736638259785216,0.3080452476700717,0.49742797544063105,0.8864398225422777,0.0,1.0,0.0,0.3,0.0,0.3,0.3,0.08,0.01488095238095238,0.05958847139191349,0.2595884713919135
247,0.9815586323976172,0.5762576762919582,0.9781452602249294,0.5756870474459855,0.24908806407921,0.594793433677834,0.8095238095238095,0.2804428870194454,0.3117680864930088,0.002976190476190476,0.7771428571428571,0.28265668846867065,0.312043539868741,0.002857142857142857,0.023809523809523808,0.022857142857142857,0.04,2.362857142857143,0.005952380952380952,0.0,0.01996200944642224,0.08927439002595693,10.595238095238095,0.04650408625078042,0.08881394640373375,0.17790245175046823,0.08035714285714286,0,0.1576356963955772,0.3065050214317213,0.5103365587889612,0.9125680377559652,0.0,0.875,0.0,0.3,0.0,0.3,0.3,0.08,0.023809523809523808,0.05930081725015609,0.2593008172501561
248,0.9828193118752138,0.5764013644561969,0.9793555125234221,0.5757157203098344,0.24908806407921,0.5939296090398494,0.8095238095238095,0.28121669654325493,0.312348443635866,0.002976190476190476,0.7771428571428571,0.2833995456115278,0.3126006827258838,0.002857142857142857,0.023809523809523808,0.022857142857142857,0.04,2.3685714285714288,0.008928571428571428,0.0,0.020040414781055345,0.08912714879964932,10.595238095238095,0.04510896366325701,0.08626796360781619,0.1770653781979542,0.08035714285714286,0,0.15723824473123144,0.3049724963245627,0.5229869704703249,0.8943166770008459,0.0,1.0,0.0,0.3,0.0,0.3,0.3,0.08,0.023809523809523808,0.0590217927326514,0.2590217927326514
249,0.9830648536297013,0.5773446480445007,0.97959123260773,0.5767962734482218,0.24908806407921,0.5939583058754384,0.8184523809523809,0.2810976489242073,0.31225915792158027,0.002976190476190476,0.7857142857142857,0.28328525989724207,0.31251496844016957,0.002857142857142857,0.011904761904761904,0.011428571428571429,0.04,2.5314285714285716,0.011904761904761904,0.0,0.02011731232270387,0.08898432481013095,10.595238095238095,0.043755694753359296,0.08379156357069062,0.17625341685201557,0.08035714285714286,0,0.15736619636471816,0.3034476338429399,0.5239558024894899,0.8924276169154886,0.0,0.5,0.0,0.3,0.0,0.3,0.3,0.08,0.011904761904761904,0.05875113895067186,0.25875113895067187
250,0.982604563828087,0.5774401761124407,0.9788468846002244,0.5771680187098739,0.24908806407921,0.593821392017123,0.7761194029850746,0.2809945447353622,0.31150379247708415,0.0029850746268656717,0.7428571428571429,0.2830566884686706,0.31234353986874097,0.002857142857142857,0.005970149253731343,0.005714285714285714,0.04285714285714286,2.5142857142857142,0.008955223880597015,0.002857142857142857,0.020186824541493176,0.08884578554029811,10.591044776119404,0.042443023910758514,0.08138304315905875,0.1754658143464551,0.08059701492537313,0,0.1574365082400374,0.30193039567372515,0.5191909721539857,0.8869930824933567,0.0,0.0,0.0,0.3,0.0,0.3,0.3,0.08,0.005952380952380952,0.058488604782151704,0.2584886047821517
251,0.9808936089552054,0.5792164218979939,0.9772092563647519,0.578725495737304,0.24908806407921,0.5935803065263704,0.6865671641791045,0.2812333507055115,0.31168289695469614,0.0029850746268656717,0.6571428571428571,0.28328525989724207,0.3125149684401695,0.002857142857142857,0.011940298507462687,0.011428571428571429,0.04285714285714286,2.6542857142857144,0.008955223880597015,0.0,0.020266848562449626,0.08871140244856032,10.591044776119404,0.04116973319343576,0.07904072909029669,0.17470183991606145,0.08059701492537313,0,0.15759175498455152,0.30042074369535654,0.5202357241394775,0.8829991214579312,0.0,0.75,0.0,0.3,0.0,0.3,0.3,0.08,0.011940298507462687,0.058233946638687153,0.25823394663868715
252,0.9806781278331078,0.579739044777785,0.9770030101478869,0.5791241547383189,0.24908806407921,0.5934127231666037,0.7134328358208956,0.2812333507055115,0.31168289695469614,0.0029850746268656717,0.6828571428571428,0.28328525989724207,0.3125149684401695,0.002857142857142857,0.0,0.0,0.04285714285714286,2.6342857142857143,0.008955223880597015,0.0,0.020339246055551524,0.0885810508495746,10.591044776119404,0.03993464119763269,0.07676297816864242,0.17396078471857962,0.08059701492537313,0,0.15680379620962875,0.29891863997687973,0.5098310096566878,0.8653391390287726,0.0,0.0,0.0,0.3,0.0,0.3,0.3,0.08,0.0,0.057986928239526545,0.2579869282395265
253,0.9807846466966614,0.5796417410554734,0.9771049639172884,0.5791207476532448,0.24908806407921,0.5934810067763425,0.7343283582089553,0.2814124551831234,0.311817225312905,0.005970149253731343,0.7028571428571428,0.28345668846867067,0.312643539868741,0.005714285714285714,0.008955223880597015,0.008571428571428572,0.04285714285714286,2.6285714285714286,0.008955223880597015,0.0,0.02041015501154144,0.08845460979855847,10.591044776119404,0.038736601961703705,0.07454817745769149,0.17324196117702223,0.08059701492537313,0,0.15699035151072346,0.2974240467769953,0.5082058180349827,0.8480323562481972,0.0,1.0,0.0,0.3,0.0,0.3,0.3,0.08,0.008955223880597015,0.05774732039234075,0.2577473203923407
254,0.9801906303453177,0.5807039421198364,0.9765364054095739,0.579942999865961,0.24908806407921,0.5948509690112832,0.7820895522388059,0.2816512611532726,0.311996329790517,0.005970149253731343,0.7485714285714286,0.2836852598972421,0.3128149684401696,0.005714285714285714,0.005970149253731343,0.005714285714285714,0.04285714285714286,2.6285714285714286,0.008955223880597015,0.0,0.020479584450306017,0.08833196197907286,10.591044776119404,0.03757450390285259,0.07239474439361815,0.17254470234171154,0.08059701492537313,0,0.1564032711282769,0.2959369265431104,0.5037559873885686,0.8310717091232331,0.0,1.0,0.0,0.3,0.0,0.3,0.3,0.08,0.005970149253731343,0.05751490078057052,0.25751490078057054
255,0.9795664279810427,0.5809494963516008,0.9759389545751961,0.5801973072138873,0.24908806407921,0.5955543303684061,0.7522388059701492,0.28171096264580997,0.31204110590991996,0.005970149253731343,0.72,0.28374240275438495,0.3128578255830267,0.005714285714285714,0.014925373134328358,0.014285714285714285,0.04285714285714286,2.72,0.011940298507462687,0.0,0.020547544828731727,0.0882129935941718,10.591044776119404,0.03644726878576701,0.07030112684332634,0.1718683612714602,0.08059701492537313,0,0.1565355404869212,0.2944572419103948,0.5079665819265116,0.8515561205923339,0.0,0.6,0.0,0.3,0.0,0.3,0.3,0.08,0.014925373134328358,0.05728945375715341,0.2572894537571534
256,0.9784949942464817,0.5805935595399839,0.9749134394292592,0.5798677485746105,0.24908806407921,0.5954442854655189,0.7402985074626866,0.28159155966073535,0.31195155367111405,0.005970149253731343,0.7085714285714285,0.2836281170400992,0.3127721112973124,0.005714285714285714,0.014925373134328358,0.014285714285714285,0.04285714285714286,2.7285714285714286,0.008955223880597015,0.0,0.020614047929493416,0.08809759426081774,10.591044776119404,0.035353850722194,0.06826580311152597,0.1712123104333164,0.08059701492537313,0,0.15706714849877235,0.300351771423318,0.5120929645736957,0.8592369736023266,0.0,0.4,0.0,0.3,0.0,0.3,0.3,0.08,0.014925373134328358,0.0570707701444388,0.2570707701444388
257,0.9763901058027632,0.5806511016424545,0.9728987604902714,0.5799137226868906,0.24908806407921,0.5951636463311085,0.7701492537313432,0.2819497686159592,0.3122202103875319,0.005970149253731343,0.7371428571428571,0.28397097418295636,0.3130292541544553,0.005714285714285714,0.008955223880597015,0.008571428571428572,0.04285714285714286,2.7257142857142855,0.011940298507462687,0.0,0.02067910675457708,0.08798565690746431,10.591044776119404,0.034293235200528176,0.06628728190052913,0.1705759411203169,0.08059701492537313,0,0.15633881275627848,0.2988500125662014,0.5104225338536503,0.8420522341302801,0.0,1.0,0.0,0.3,0.0,0.3,0.3,0.08,0.008955223880597015,0.05685864704010564,0.25685864704010564
258,0.9772179208054216,0.5799782158373585,0.9736910977071016,0.5791792192684008,0.24908806407921,0.5945997387598698,0.7611940298507462,0.28218857458610846,0.3123993148651439,0.005970149253731343,0.7285714285714285,0.2841995456115278,0.31320068272588386,0.005714285714285714,0.011940298507462687,0.011428571428571429,0.04285714285714286,2.68,0.011940298507462687,0.0,0.020742735423513,0.08787707767471152,10.591044776119404,0.033264438144512326,0.06436410222636424,0.16995866288670738,0.08059701492537313,0,0.15644283297821138,0.29735576250337037,0.5116426546051487,0.8371855392418075,0.0,0.75,0.0,0.3,0.0,0.3,0.3,0.08,0.011940298507462687,0.05665288762890247,0.2566528876289025
259,0.9786389258333039,0.5809453062137462,0.9750512025195032,0.5800895278323226,0.24908806407921,0.5939173715399908,0.7432835820895523,0.282487082048795,0.31266797158156173,0.005970149253731343,0.7114285714285714,0.28448525989724205,0.3134578255830267,0.005714285714285714,0.011940298507462687,0.011428571428571429,0.04285714285714286,2.662857142857143,0.011940298507462687,0.0,0.020804949076274837,0.08777175581894127,10.591044776119404,0.03226650500017696,0.06249483329462158,0.16935990300010617,0.08059701492537313,0,0.15617447667046316,0.2958689836908535,0.5128383729416172,0.8204418284569713,0.0,1.0,0.0,0.3,0.0,0.3,0.3,0.08,0.011940298507462687,0.05645330100003539,0.2564533010000354
260,0.9793317857058857,0.5810382562984521,0.975714368397546,0.5801335399548774,0.24908806407921,0.5928781961719776,0.7313432835820896,0.28260648503386965,0.3127575238203677,0.005970149253731343,0.7,0.2845995456115278,0.313543539868741,0.005714285714285714,0.01791044776119403,0.017142857142857144,0.04285714285714286,2.657142857142857,0.011940298507462687,0.0,0.020865763780782476,0.08766959361884417,10.591044776119404,0.031298509850171644,0.06067807433925587,0.16877910591010298,0.08059701492537313,0,0.15670789000139657,0.2943896387723992,0.519724462625642,0.83609962614205,0.0,0.8333333333333334,0.0,0.3,0.0,0.3,0.3,0.08,0.01791044776119403,0.05625970197003433,0.25625970197003434
261,0.9792570784783651,0.5812249782029866,0.9756428629083477,0.5802566812942908,0.24908806407921,0.5916763279326527,0.7522388059701492,0.28314379846670545,0.3131605088949945,0.008955223880597015,0.72,0.2851138313258135,0.31392925415445533,0.008571428571428572,0.023880597014925373,0.022857142857142857,0.04285714285714286,2.717142857142857,0.014925373134328358,0.0,0.020925196444931734,0.08757049628474993,10.591044776119404,0.030359554554666494,0.058912454427401895,0.16821573273279988,0.08059701492537313,0,0.15608055795416134,0.2929176905785372,0.5321871162302722,0.819377633619209,0.0,1.0,0.0,0.3,0.0,0.3,0.3,0.08,0.023880597014925373,0.056071910910933304,0.2560719109109333
262,0.9787937347881743,0.5823537661503471,0.975256621450065,0.5812196051347355,0.24908806407921,0.5894199472572761,0.688622754491018,0.2830089145812543,0.3133059030604678,0.008982035928143712,0.6571428571428571,0.28511383132581347,0.3139292541544553,0.008571428571428572,0.014970059880239521,0.017142857142857144,0.045714285714285714,2.7342857142857144,0.005988023952095809,0.002857142857142857,0.02099504175951604,0.08747437187067854,10.562874251497005,0.0294487679180265,0.05719663223308802,0.1676692607508159,0.08083832335329341,0,0.1557858694501048,0.3043831674298679,0.5386862310485236,0.8029900809468248,0.0,0.8333333333333334,0.0,0.3,0.0,0.3,0.3,0.08,0.01791044776119403,0.0558897535836053,0.25588975358360533
263,0.9785171188084594,0.5824489475564895,0.9749926507722801,0.5813397708908541,0.24908806407921,0.5867549579345059,0.7095808383233533,0.28294903434173335,0.31326099288082704,0.008982035928143712,0.6771428571428572,0.28505668846867066,0.31388639701159815,0.008571428571428572,0.008982035928143712,0.008571428571428572,0.045714285714285714,2.84,0.005988023952095809,0.0,0.021060148362175964,0.08738113118902933,10.562874251497005,0.028565304880485705,0.05552929578256993,0.1671391829282914,0.08083832335329341,0,0.15546408295999714,0.30286125159271854,0.5364839349989817,0.7869302793278884,0.0,1.0,0.0,0.3,0.0,0.3,0.3,0.08,0.008982035928143712,0.05571306097609714,0.25571306097609714
264,0.9794323991798884,0.5816328566291044,0.9758660897553008,0.5807022098459068,0.24908806407921,0.5838083714047585,0.6766467065868264,0.28294903434173335,0.31326099288082704,0.008982035928143712,0.6457142857142857,0.28505668846867066,0.31388639701159815,0.008571428571428572,0.005988023952095809,0.005714285714285714,0.045714285714285714,2.9314285714285715,0.005988023952095809,0.0,0.02111567656050106,0.08729068772782955,10.562874251497005,0.027708345734071133,0.05390916217385344,0.16662500744044267,0.08083832335329341,0,0.15471533397376855,0.3013469453347549,0.531468542013288,0.7711916737413306,0.0,1.0,0.0,0.3,0.0,0.3,0.3,0.08,0.005988023952095809,0.05554166914681423,0.2555416691468142
265,0.9789181001424344,0.5810365141513698,0.9753753015309875,0.5802795513426691,0.24908806407921,0.5810691289613714,0.6736526946107785,0.2828891541022124,0.3133059030604678,0.008982035928143712,0.6428571428571429,0.28499954561152774,0.3139292541544553,0.008571428571428572,0.017964071856287425,0.017142857142857144,0.045714285714285714,2.914285714285714,0.014970059880239521,0.0,0.02116989378198251,0.08720295757046578,10.562874251497005,0.026877095362049,0.052334977272824657,0.1661262572172294,0.08083832335329341,0,0.15542645163448285,0.29984021060808114,0.5379820283158793,0.7557678402665039,0.0,1.0,0.0,0.3,0.0,0.3,0.3,0.08,0.017964071856287425,0.0553754190724098,0.2553754190724098
266,0.976956014760411,0.5815546101727523,0.9735029114807136,0.5808338472910478,0.24908806407921,0.5784209587893527,0.7065868263473054,0.2831286750602962,0.31348554377903065,0.008982035928143712,0.6742857142857143,0.2852281170400992,0.3141006827258838,0.008571428571428572,0.029940119760479042,0.02857142857142857,0.045714285714285714,2.817142857142857,0.008982035928143712,0.0,0.02122282003129379,0.08711785931782293,10.562874251497005,0.026070782501187526,0.05080551538826483,0.1656424695007125,0.08083832335329341,0,0.15630376466606158,0.2983410095550407,0.5557938163209902,0.7947616441622487,0.0,0.7,0.0,0.3,0.0,0.3,0.3,0.08,0.029940119760479042,0.055214156500237505,0.2552141565002375
267,0.9778154489352677,0.5810130972614823,0.9743230572361484,0.5803722897785031,0.24908806407921,0.576024857404626,0.7065868263473054,0.283487956497422,0.31375500485687496,0.008982035928143712,0.6742857142857143,0.28557097418295635,0.3143578255830267,0.008571428571428572,0.020958083832335328,0.02,0.045714285714285714,2.8314285714285714,0.020958083832335328,0.0,0.021274475714664093,0.08703531401275934,10.562874251497005,0.025288659026151898,0.04931957892788941,0.16517319541569114,0.08083832335329341,0,0.15614939582489198,0.2968493045072655,0.5646779399945704,0.7847167237347998,0.0,0.8571428571428571,0.0,0.3,0.0,0.3,0.3,0.08,0.020958083832335328,0.05505773180523038,0.2550577318052304
268,0.9788661495360164,0.5804967001070218,0.9751802256230004,0.5799544751730131,0.24908806407921,0.5737781949982316,0.7507507507507507,0.28457951192233916,0.31418816782695197,0.009009009009009009,0.7142857142857143,0.28579954561152776,0.3145721112973124,0.008571428571428572,0.012012012012012012,0.014285714285714285,0.04857142857142857,2.8285714285714287,0.009009009009009009,0.002857142857142857,0.021335205038570795,0.08695524506684771,10.546546546546546,0.024529999255367342,0.04787599803742004,0.1647179995532204,0.07807807807807808,0,0.15542579170291038,0.2953650579847292,0.5676700954803934,0.7690223892601038,0.0,1.0,0.0,0.3,0.0,0.3,0.3,0.08,0.014970059880239521,0.05490599985107347,0.2549059998510735
269,0.9783699983441989,0.5796397116879645,0.9747081732033569,0.5792654235473093,0.24908806407921,0.57150473290779,0.7147147147147147,0.28421915156197874,0.3139178975566817,0.009009009009009009,0.68,0.28545668846867067,0.31431496844016954,0.008571428571428572,0.012012012012012012,0.011428571428571429,0.04857142857142857,2.8771428571428572,0.009009009009009009,0.0,0.02138443793115326,0.08687757818931337,10.546546546546546,0.023794099277706322,0.04647363022457851,0.1642764595666238,0.08108108108108109,0,0.15470580560153868,0.2938882326948055,0.5677452649993568,0.7536419414749017,0.0,1.0,0.0,0.3,0.0,0.3,0.3,0.08,0.012012012012012012,0.05475881985554127,0.2547588198555413
270,0.9786359215884156,0.5798265487296729,0.9749611801757119,0.5792593813123139,0.24908806407921,0.568939945059943,0.7267267267267268,0.2839188512616785,0.3136926723314564,0.009009009009009009,0.6914285714285714,0.2851709741829564,0.3141006827258838,0.008571428571428572,0.015015015015015015,0.014285714285714285,0.04857142857142857,2.8685714285714288,0.009009009009009009,0.0,0.021432461847212037,0.08680224131810509,10.546546546546546,0.023080276299375133,0.045111359969765674,0.16384816577962508,0.08108108108108109,0,0.15404613443067383,0.2924187915313315,0.5706760739850839,0.7385691026454037,0.0,1.0,0.0,0.3,0.0,0.3,0.3,0.08,0.015015015015015015,0.05461605525987503,0.254616055259875
271,0.9779134397935793,0.5792327814978133,0.9742737903537674,0.5787151350576368,0.24908806407921,0.5665839497657118,0.6906906906906907,0.28337831072113795,0.3132872669260511,0.009009009009009009,0.6571428571428571,0.2846566884686707,0.3137149684401696,0.008571428571428572,0.024024024024024024,0.022857142857142857,0.04857142857142857,2.8457142857142856,0.009009009009009009,0.0,0.02147929827204704,0.08672916455303302,10.546546546546546,0.02238786801039388,0.04378809832508257,0.16343272080623633,0.08108108108108109,0,0.15395528058263358,0.29095669757367487,0.5821196953625252,0.7237977205924956,0.0,1.0,0.0,0.3,0.0,0.3,0.3,0.08,0.024024024024024024,0.05447757360207878,0.2544775736020788
272,0.9774804573793491,0.5788318681343642,0.9738618385139427,0.5781458490540538,0.24908806407921,0.5644007379372781,0.6876876876876877,0.28296910182161755,0.31306204170082585,0.009009009009009009,0.6542857142857142,0.28426735542998416,0.31350068272588383,0.008571428571428572,0.012012012012012012,0.011428571428571429,0.04857142857142857,2.857142857142857,0.009009009009009009,0.0,0.02152496882983503,0.08665828009091316,10.546546546546546,0.021716231970082062,0.04250278250323991,0.16302973918204924,0.08108108108108109,0,0.15466824334080906,0.3107169771260536,0.5819058728838461,0.7222258747556273,0.0,0.5,0.0,0.3,0.0,0.3,0.3,0.08,0.012012012012012012,0.054343246394016415,0.2543432463940164
273,0.9763259863386573,0.5780943177959305,0.9727634417809418,0.5772527005424155,0.24908806407921,0.5624145714969191,0.6906906906906907,0.28284898170149747,0.31297195161073577,0.009009009009009009,0.6571428571428571,0.2841530697156984,0.31341496844016953,0.008571428571428572,0.003003003003003003,0.002857142857142857,0.04857142857142857,2.834285714285714,0.009009009009009009,0.0,0.02156949524082468,0.0865895221626569,10.546546546546546,0.0210647450109796,0.04125437545780075,0.16263884700658776,0.08108108108108109,0,0.15432347355267645,0.3091633922404234,0.5731248982833121,0.710120028113628,0.0,0.0,0.0,0.3,0.0,0.3,0.3,0.08,0.003003003003003003,0.05421294900219592,0.25421294900219593
274,0.9772466474187589,0.5777517999806031,0.9736393850371527,0.5771352856022776,0.24908806407921,0.560444729575269,0.7387387387387387,0.28206820092071666,0.31238636602515013,0.006006006006006006,0.7028571428571428,0.28341021257284127,0.3128578255830267,0.005714285714285714,0.03303303303303303,0.03142857142857143,0.04857142857142857,2.7857142857142856,0.012012012012012012,0.0,0.02161289928145686,0.08652282697224827,10.546546546546546,0.02043280266065021,0.040041865456103776,0.16225968159639012,0.08108108108108109,0,0.15403232665019628,0.3076175752792213,0.5930909717462173,0.6959176275513553,0.0,1.0,0.0,0.3,0.0,0.3,0.3,0.08,0.03303303303303303,0.05408656053213005,0.25408656053213
275,0.9776750036543799,0.5768908967198015,0.974046935398472,0.5763198851735176,0.24908806407921,0.5596527847637576,0.7657657657657657,0.2818880207405365,0.31225123089001505,0.006006006006006006,0.7285714285714285,0.28323878400141267,0.3127292541544553,0.005714285714285714,0.009009009009009009,0.008571428571428572,0.04857142857142857,2.817142857142857,0.015015015015015015,0.0,0.02165520274727844,0.08645813263755196,10.546546546546546,0.019819818580830706,0.038864265646124774,0.16189189114849842,0.08108108108108109,0,0.15329073644551675,0.3060794874028252,0.5898005808827215,0.6819992750003282,0.0,1.0,0.0,0.3,0.0,0.3,0.3,0.08,0.009009009009009009,0.053963963716166144,0.25396396371616614
276,0.9765165914462766,0.5760678124343037,0.9729447889261911,0.5755773723550907,0.24908806407921,0.5588158679688646,0.7417417417417418,0.28164778050029626,0.3120710507098348,0.006006006006006006,0.7057142857142857,0.2830102125728413,0.3125578255830267,0.005714285714285714,0.009009009009009009,0.008571428571428572,0.04857142857142857,2.834285714285714,0.018018018018018018,0.0,0.021696427418519973,0.08639537913289652,10.546546546546546,0.019225224023405783,0.037720613618443255,0.16153513441404346,0.08108108108108109,0,0.1530098541918606,0.3245102507518817,0.5865759978364955,0.6751782777367232,0.0,0.6666666666666666,0.0,0.3,0.0,0.3,0.3,0.08,0.009009009009009009,0.05384504480468116,0.2538450448046812
277,0.9769365723804844,0.5762125806701434,0.9733443707864515,0.5755443891499014,0.24908806407921,0.5577695318919459,0.6906906906906907,0.28116730001981577,0.31171069034947446,0.006006006006006006,0.6571428571428571,0.28255306971569843,0.31221496844016955,0.005714285714285714,0.015015015015015015,0.014285714285714285,0.04857142857142857,2.8,0.015015015015015015,0.0,0.021736595028210473,0.08633450823338074,10.546546546546546,0.01864846730270361,0.036609970964401994,0.16118908038162216,0.08108108108108109,0,0.15275894777804414,0.3228876994981223,0.5891301921654799,0.6628279739989505,0.0,0.8,0.0,0.3,0.0,0.3,0.3,0.08,0.015015015015015015,0.053729693460540726,0.2537296934605407
278,0.9784786975356725,0.5761357810928132,0.9748115927198163,0.5754009173330171,0.24908806407921,0.5565335346229369,0.7237237237237237,0.28068681953933533,0.3113503299891141,0.003003003003003003,0.6885714285714286,0.28209592685855556,0.3118721112973124,0.002857142857142857,0.018018018018018018,0.017142857142857144,0.04857142857142857,2.8285714285714287,0.018018018018018018,0.0,0.021775727232705305,0.08627546346085044,10.546546546546546,0.0180890132836225,0.03553142283146549,0.1608534079701735,0.08108108108108109,0,0.1529942987498682,0.32127326100063164,0.5944904454650275,0.6596876419906789,0.0,0.6666666666666666,0.0,0.3,0.0,0.3,0.3,0.08,0.018018018018018018,0.0536178026567245,0.2536178026567245
279,0.9780008051936186,0.5755549385849169,0.9743569122915193,0.5748429616327437,0.24908806407921,0.5562513263345723,0.7687687687687688,0.28038651923903496,0.3111251047638889,0.003003003003003003,0.7314285714285714,0.2818102125728413,0.31165782558302674,0.002857142857142857,0.012012012012012012,0.011428571428571429,0.04857142857142857,2.8485714285714288,0.015015015015015015,0.0,0.021813845584506573,0.08621819003149601,10.546546546546546,0.017546342885113825,0.03448407747671345,0.16052780573106828,0.08108108108108109,0,0.15343473871014596,0.3196668946956285,0.5940292079842984,0.6545014484765342,0.0,0.75,0.0,0.3,0.0,0.3,0.3,0.08,0.012012012012012012,0.05350926857702277,0.2535092685770228
280,0.9772793969701209,0.574995042387425,0.9736705438960199,0.5743480793298179,0.24908806407921,0.5563735763715537,0.7927927927927928,0.2803264591789749,0.3111251047638889,0.003003003003003003,0.7542857142857143,0.28175306971569847,0.31165782558302674,0.002857142857142857,0.003003003003003003,0.002857142857142857,0.04857142857142857,2.8914285714285715,0.012012012012012012,0.0,0.02185097150725869,0.08616263480502227,10.546546546546546,0.01701995259856041,0.03346706581933134,0.16021197155913625,0.08108108108108109,0,0.15309613644516665,0.31806856022215035,0.5850057666817552,0.6414114195070035,0.0,1.0,0.0,0.3,0.0,0.3,0.3,0.08,0.003003003003003003,0.053403990519712084,0.2534039905197121
281,0.978011280746345,0.5736671047528729,0.9743668790316847,0.5730455428756838,0.24908806407921,0.5570426524734275,0.7897897897897898,0.27996609881861456,0.3108548344936186,0.003003003003003003,0.7514285714285714,0.28141021257284127,0.31140068272588384,0.002857142857142857,0.009009009009009009,0.011428571428571429,0.04857142857142857,2.8914285714285715,0.012012012012012012,0.0,0.021887126272805518,0.0861087462353427,10.546546546546546,0.0165093540206036,0.03247954099289663,0.15990561241236215,0.08108108108108109,0,0.15330123004508367,0.3208873317130336,0.5847342227766914,0.655284410865158,0.0,0.5,0.0,0.3,0.0,0.3,0.3,0.08,0.009009009009009009,0.05330187080412072,0.2533018708041207
282,0.9788976667732838,0.5735228867267776,0.9752102120230292,0.572976661984726,0.24908806407921,0.5576344873879341,0.7807807807807807,0.2796057384582542,0.31058456422334835,0.003003003003003003,0.7428571428571429,0.2810673554299841,0.311143539868741,0.002857142857142857,0.012012012012012012,0.011428571428571429,0.04857142857142857,2.9171428571428573,0.012012012012012012,0.0,0.02192233098019884,0.08605647432275353,10.546546546546546,0.01601407339998549,0.03152067789819646,0.15960844403999128,0.08108108108108109,0,0.15307672674842968,0.3192828950544684,0.5844681097497292,0.6548605124314144,0.0,0.75,0.0,0.3,0.0,0.3,0.3,0.08,0.012012012012012012,0.0532028146799971,0.2532028146799971
283,0.9773892710445545,0.573083147715516,0.9737750812296954,0.5724260331051323,0.24908806407921,0.5584357014996946,0.7147147147147147,0.2791252579777737,0.310224203862988,0.003003003003003003,0.68,0.2806102125728413,0.3108006827258839,0.002857142857142857,0.015015015015015015,0.014285714285714285,0.04857142857142857,3.025714285714286,0.018018018018018018,0.0,0.021956606536552077,0.08600577056754202,10.546546546546546,0.015533651197985924,0.030589672757253217,0.15932019071879155,0.08108108108108109,0,0.15291034596825895,0.3176864805791961,0.5870644618404489,0.6417633021827861,0.0,1.0,0.0,0.3,0.0,0.3,0.3,0.08,0.015015015015015015,0.05310673023959719,0.2531067302395972
284,0.976720997472063,0.5731315493602137,0.9731392666592962,0.5724994228621152,0.24908806407921,0.5592274268985662,0.6576576576576577,0.2786447774972933,0.30986384350262763,0.003003003003003003,0.6257142857142857,0.2801530697156984,0.3104578255830267,0.002857142857142857,0.018018018018018018,0.017142857142857144,0.04857142857142857,3.0171428571428573,0.021021021021021023,0.0,0.021989973639636645,0.08595658792498688,10.546546546546546,0.015067641662046346,0.02968574266917945,0.1590405849972278,0.08108108108108109,0,0.15280137279200692,0.31609804817630005,0.5924660297464969,0.6636283261387109,0.0,1.0,0.0,0.3,0.0,0.3,0.3,0.08,0.018018018018018018,0.05301352833240927,0.25301352833240925
285,0.9767861375479749,0.5734170763702953,0.9732012427886638,0.5727314511326916,0.24908806407921,0.5597974982161003,0.6756756756756757,0.2781642970168128,0.3095034831422673,0.003003003003003003,0.6428571428571429,0.27969592685855554,0.3101149684401696,0.002857142857142857,0.015015015015015015,0.014285714285714285,0.04857142857142857,2.9714285714285715,0.018018018018018018,0.0,0.02202245276212225,0.08590888076170843,10.546546546546546,0.014615612412184955,0.028808125168431453,0.15876936744731096,0.08108108108108109,0,0.1533516516423326,0.3145175579354186,0.5949024234372813,0.6892045942216094,0.0,0.6,0.0,0.3,0.0,0.3,0.3,0.08,0.015015015015015015,0.052923122482436996,0.252923122482437
286,0.9780217481448382,0.5720690522591725,0.974124745728917,0.5714237633106991,0.24908806407921,0.560053635089687,0.7289156626506024,0.27882141839336944,0.3101142620823352,0.0030120481927710845,0.6914285714285714,0.279524498287127,0.310018430322652,0.002857142857142857,0.009036144578313253,0.008571428571428572,0.05142857142857143,2.9828571428571427,0.015060240963855422,0.002857142857142857,0.022070000942073918,0.08586260481332827,10.524096385542169,0.014177144039819406,0.027956077785981637,0.15850628642389164,0.0783132530120482,0,0.15349903624126382,0.3129449701457415,0.5915758035399643,0.6754205023371773,0.0,1.0,0.0,0.3,0.0,0.3,0.3,0.08,0.009009009009009009,0.05283542880796389,0.2528354288079639
287,0.9782731044398689,0.5723752756003556,0.9743631751287749,0.5717565102051589,0.24908806407921,0.5606508143430575,0.7259036144578314,0.27870093646565863,0.3100239006365521,0.0030120481927710845,0.6885714285714286,0.27941021257284127,0.3099327160369377,0.002857142857142857,0.0030120481927710845,0.002857142857142857,0.05142857142857143,3.0628571428571427,0.015060240963855422,0.0,0.0221008153005078,0.08581771714339953,10.524096385542169,0.013751829718624823,0.027128877613884494,0.1582510978311749,0.08132530120481928,0,0.15316011248862893,0.3113802452950128,0.5826014303263078,0.6697767743049691,0.0,0.0,0.0,0.3,0.0,0.3,0.3,0.08,0.0030120481927710845,0.05275036594372497,0.25275036594372496
288,0.9778194341268,0.57212440197949,0.9739328364318064,0.5715253496247911,0.24908806407921,0.5612224326556952,0.7259036144578314,0.27839973164638143,0.30979799702209426,0.0030120481927710845,0.6885714285714286,0.279124498287127,0.309718430322652,0.002857142857142857,0.012048192771084338,0.011428571428571429,0.05142857142857143,3.0542857142857143,0.015060240963855422,0.0,0.022130800201864163,0.08577417610356865,10.524096385542169,0.013339274827066079,0.026325820873665307,0.15800356489623965,0.08132530120481928,0,0.15329542624381204,0.30982334406853773,0.5823779731483529,0.6796249437010203,0.0,0.75,0.0,0.3,0.0,0.3,0.3,0.08,0.012048192771084338,0.05266785496541322,0.2526678549654132
289,0.9789409995495685,0.572078362646738,0.9749967213471183,0.5713257952951535,0.24908806407921,0.5614725646869112,0.7530120481927711,0.2780382858632489,0.30952691268474486,0.0030120481927710845,0.7142857142857143,0.27878164114426984,0.30946128746550916,0.002857142857142857,0.015060240963855422,0.014285714285714285,0.05142857142857143,3.1914285714285713,0.015060240963855422,0.0,0.02215997512610212,0.0857319412949327,10.524096385542169,0.012939096582254096,0.025546222488924686,0.15776345794935245,0.08132530120481928,0,0.15389994982687868,0.30857777629337757,0.5850161279711004,0.6686133083376885,0.0,1.0,0.0,0.3,0.0,0.3,0.3,0.08,0.015060240963855422,0.052587819316450825,0.2525878193164508
290,0.978391208286186,0.5717447997511136,0.9744752050629953,0.5709831150358115,0.24908806407921,0.5624115461939379,0.7018072289156626,0.27770646650425107,0.3093461897931786,0.0030120481927710845,0.6657142857142857,0.2784668867808776,0.30928985889408056,0.002857142857142857,0.015060240963855422,0.014285714285714285,0.05142857142857143,3.1514285714285712,0.015060240963855422,0.0,0.022188359270066918,0.08569097353055587,10.524096385542169,0.012550923684786473,0.02478941566250792,0.15753055421087186,0.08132530120481928,0,0.15527330722060145,0.3070348874119107,0.5876015196973926,0.7613762401857491,0.0,0.8,0.0,0.3,0.0,0.3,0.3,0.08,0.015060240963855422,0.052510184736957295,0.2525101847369573
291,0.9766421909270433,0.5710617167916514,0.9728828737653886,0.5705751952843139,0.24908806407921,0.562646609405083,0.7401812688821753,0.27703208886469405,0.3085994261194041,0.0030211480362537764,0.7,0.27795260106659186,0.3089470017512234,0.002857142857142857,0.01812688821752266,0.017142857142857144,0.054285714285714284,3.277142857142857,0.00906344410876133,0.002857142857142857,0.022235522278660883,0.08565123479911028,10.477341389728096,0.012174395974242878,0.024054751458558843,0.15730463758454571,0.08157099697885196,0,0.15638179925592702,0.3054997129748511,0.5929923464463018,0.7551799862534223,0.0,0.8333333333333334,0.0,0.3,0.0,0.3,0.3,0.08,0.018072289156626505,0.05243487919484858,0.2524348791948486
292,0.9783446731317295,0.5708915174448029,0.9744929355075348,0.5703958810774881,0.24908806407921,0.5629206213528415,0.7039274924471299,0.27666955110034364,0.30832752279614123,0.0030211480362537764,0.6657142857142857,0.2776097439237347,0.30868985889408057,0.002857142857142857,0.00906344410876133,0.008571428571428572,0.054285714285714284,3.382857142857143,0.00906344410876133,0.0,0.022276084050356654,0.08561268822960809,10.477341389728096,0.011809164095015591,0.02334159838973804,0.15708549845700934,0.07854984894259819,0,0.1566528385123319,0.3039722144099769,0.5897039280888043,0.754135931265722,0.0,0.3333333333333333,0.0,0.3,0.0,0.3,0.3,0.08,0.00906344410876133,0.05236183281900312,0.2523618328190031
293,0.9769698246090671,0.5715368418472939,0.9731927216189595,0.5709258735246407,0.24908806407921,0.5636157300921395,0.7371601208459214,0.2763674362967183,0.3081009366934222,0.0030211480362537764,0.6971428571428572,0.2773240296380204,0.3084755731797949,0.002857142857142857,0.015105740181268883,0.014285714285714285,0.054285714285714284,3.3257142857142856,0.00906344410876133,0.0,0.022302297340812415,0.08557529805719097,10.477341389728096,0.011454889172165124,0.022649342009860907,0.15687293350329906,0.07854984894259819,0,0.15647305769842132,0.302452353337927,0.5921955638127425,0.7390532126404076,0.0,1.0,0.0,0.3,0.0,0.3,0.3,0.08,0.015105740181268883,0.052290977834433025,0.25229097783443305
294,0.9776734268463122,0.5716300328459273,0.9738581283061829,0.5711207585999816,0.24908806407921,0.5639501591896504,0.6827794561933535,0.27630701333599317,0.3080556194728784,0.0030211480362537764,0.6457142857142857,0.2772668867808776,0.3084327160369377,0.002857142857142857,0.0030211480362537764,0.002857142857142857,0.054285714285714284,3.2942857142857145,0.00906344410876133,0.0,0.022327791161307602,0.08553902958994633,10.477341389728096,0.011111242497000169,0.021977384512174902,0.1566667454982001,0.07854984894259819,0,0.15611926383850067,0.30094009157123736,0.5832087953936306,0.7242721483875995,0.0,1.0,0.0,0.3,0.0,0.3,0.3,0.08,0.0030211480362537764,0.052222248499400034,0.25222224849940006
295,0.9768344841429254,0.5716951355878306,0.9730647282066942,0.5711642708032787,0.24908806407921,0.5637617975917332,0.7129909365558912,0.2759444755716427,0.3078743505907032,0.0030211480362537764,0.6742857142857143,0.27692402963802043,0.3082612874655091,0.002857142857142857,0.012084592145015106,0.011428571428571429,0.054285714285714284,3.3914285714285715,0.015105740181268883,0.0,0.02235258326215762,0.08550384917671906,10.477341389728096,0.010777905222090163,0.021325144333474655,0.1564667431332541,0.07854984894259819,0,0.15705295323359383,0.2994353911133812,0.5829731909143293,0.7267821426807369,0.0,0.5,0.0,0.3,0.0,0.3,0.3,0.08,0.012084592145015106,0.05215558104441804,0.25215558104441804
296,0.9766811454939296,0.5724871638984098,0.9729197136557868,0.5718330990047307,0.24908806407921,0.5630497559331886,0.6465256797583081,0.2757632066894675,0.3077383989290718,0.0030211480362537764,0.6114285714285714,0.2767526010665919,0.30813271603693776,0.002857142857142857,0.00906344410876133,0.008571428571428572,0.054285714285714284,3.434285714285714,0.012084592145015106,0.0,0.02237669107720643,0.0854697241758886,10.477341389728096,0.010454568065427458,0.020692055764222284,0.15627274083925646,0.07854984894259819,0,0.1563529748959973,0.29793821415781424,0.5798851556674713,0.7122464998271222,0.0,1.0,0.0,0.3,0.0,0.3,0.3,0.08,0.00906344410876133,0.052090913613085495,0.2520909136130855
297,0.9785005115366482,0.572496421258698,0.9746403141133292,0.5720104661725288,0.24908806407921,0.5620190186598291,0.6646525679758308,0.2754610918858421,0.30751181282635276,0.0030211480362537764,0.6285714285714286,0.27646688678087755,0.307918430322652,0.002857142857142857,0.012084592145015106,0.011428571428571429,0.054285714285714284,3.4371428571428573,0.015105740181268883,0.0,0.022400131721462588,0.08543662292508304,10.477341389728096,0.010140931023464634,0.02007756856482179,0.15608455861407877,0.07854984894259819,0,0.15647048685401563,0.2964485230870252,0.5797160239826933,0.6980015698305797,0.0,1.0,0.0,0.3,0.0,0.3,0.3,0.08,0.012084592145015106,0.052028186204692926,0.2520281862046929
298,0.9773851254652104,0.5724090111442767,0.9735854775714837,0.5718678231859224,0.24908806407921,0.5605509248146293,0.6253776435045317,0.27515897708221676,0.3072852267236337,0.0030211480362537764,0.5914285714285714,0.27618117249516333,0.3077041446083663,0.002857142857142857,0.00906344410876133,0.008571428571428572,0.054285714285714284,3.4285714285714284,0.012084592145015106,0.0,0.022422921989428832,0.08540451471180166,10.477341389728096,0.009836703092760694,0.019481147588170877,0.1559020218556564,0.07854984894259819,0,0.1561738487054598,0.29496628047159007,0.576693132074468,0.6840415384339681,0.0,1.0,0.0,0.3,0.0,0.3,0.3,0.08,0.00906344410876133,0.05196734061855214,0.25196734061855214
299,0.9761905231262952,0.5720876967892979,0.9724557250738238,0.5714068103881035,0.24908806407921,0.5587816144399401,0.6706948640483383,0.27485686227859135,0.30705864062091465,0.0030211480362537764,0.6342857142857142,0.27589545820944905,0.30748985889408054,0.002857142857142857,0.00906344410876133,0.008571428571428572,0.054285714285714284,3.382857142857143,0.01812688821752266,0.0,0.022445078354074294,0.08537336974491874,10.477341389728096,0.009541601999977873,0.018902272408594767,0.15572496119998672,0.07854984894259819,0,0.1562786937476468,0.29349144906923214,0.5737306980044072,0.7009859919188209,0.0,0.3333333333333333,0.0,0.3,0.0,0.3,0.3,0.08,0.00906344410876133,0.05190832039999558,0.25190832039999556
300,0.9766589054756278,0.5717593357254032,0.9724586587178976,0.5706032505983659,0.24908806407921,0.5575384010869124,0.6727272727272727,0.2754352755115163,0.30712887485230167,0.0030303030303030303,0.6342857142857142,0.2757811724951633,0.30740414460836624,0.002857142857142857,0.0030303030303030303,0.002857142857142857,0.05714285714285714,3.3857142857142857,0.00909090909090909,0.002857142857142857,0.02254843566264126,0.08534315912704228,10.218181818181819,0.009255353939978537,0.01834043695724641,0.15555321236398711,0.07575757575757576,0,0.15592587170747998,0.292023991823886,0.5651132269014619,0.7398166539803901,0.0,0.0,0.0,0.3,0.0,0.3,0.3,0.08,0.0030211480362537764,0.05185107078799571,0.25185107078799573
301,0.9759058963488497,0.5704296340061669,0.9717486786840783,0.5694443127488892,0.24908806407921,0.5558571157098581,0.6454545454545455,0.2751928512690921,0.3069470566704835,0.0030303030303030303,0.6085714285714285,0.2755526010665919,0.3072327160369377,0.002857142857142857,0.00909090909090909,0.008571428571428572,0.05714285714285714,3.4114285714285715,0.015151515151515152,0.0,0.02259617287904208,0.08531385482770215,10.218181818181819,0.00897769332177918,0.017795149164042123,0.1553866159930675,0.07878787878787878,0,0.155745245202514,0.29056387186476657,0.5623823909348612,0.7382069136110897,0.0,0.6666666666666666,0.0,0.3,0.0,0.3,0.3,0.08,0.00909090909090909,0.051795538664355836,0.25179553866435583
302,0.9753598789716517,0.5705497746233319,0.971233862299863,0.5695597871236397,0.24908806407921,0.5542256178559766,0.6787878787878788,0.27476860884484966,0.30667432939775624,0.0030303030303030303,0.64,0.2751526010665919,0.3069755731797949,0.002857142857142857,0.015151515151515152,0.014285714285714285,0.05714285714285714,3.4657142857142857,0.012121212121212121,0.0,0.022616754986974724,0.0852854296573422,10.218181818181819,0.008708362522125803,0.017265930606182978,0.15522501751327547,0.07878787878787878,0,0.15693286424302968,0.2989175240059153,0.5654204574018783,0.7550333104611274,0.0,0.6,0.0,0.3,0.0,0.3,0.3,0.08,0.015151515151515152,0.051741672504425164,0.25174167250442514
303,0.9761484429523741,0.5695606654036952,0.9719773654816869,0.5684706465898924,0.24908806407921,0.5523128715960373,0.6757575757575758,0.2747080027842436,0.3066288748523017,0.0030303030303030303,0.6371428571428571,0.27509545820944903,0.30693271603693767,0.002857142857142857,0.0030303030303030303,0.002857142857142857,0.05714285714285714,3.3657142857142857,0.015151515151515152,0.0,0.02263675928370785,0.08525785724209303,10.218181818181819,0.008447111646462028,0.016752316163297643,0.1550682669878772,0.07878787878787878,0,0.15624087842705722,0.2974229363858858,0.5569691911109835,0.7399326442519047,0.0,1.0,0.0,0.3,0.0,0.3,0.3,0.08,0.0030303030303030303,0.05168942232929241,0.2516894223292924
304,0.976888349165186,0.5709132398444522,0.9726749913394812,0.5698398017757199,0.24908806407921,0.5504650982586081,0.6818181818181818,0.2747080027842436,0.3066288748523017,0.0030303030303030303,0.6428571428571429,0.27509545820944903,0.30693271603693767,0.002857142857142857,0.0,0.0,0.05714285714285714,3.3314285714285714,0.012121212121212121,0.0,0.02265620081428692,0.08523111199930135,10.218181818181819,0.008193698297068168,0.01625385367923049,0.1549162189782409,0.07878787878787878,0,0.15545967403492195,0.2959358217039563,0.545829807288764,0.7251339913668667,0.0,0.0,0.0,0.3,0.0,0.3,0.3,0.08,0.0,0.05163873965941364,0.25163873965941363
305,0.9780916339128709,0.5702565742143519,0.9738095169587269,0.5691721275517729,0.24908806407921,0.549676955275296,0.696969696969697,0.2745867906630315,0.30653796576139264,0.0030303030303030303,0.6571428571428571,0.2749811724951633,0.3068470017512234,0.002857142857142857,0.0030303030303030303,0.002857142857142857,0.05714285714285714,3.2514285714285713,0.015151515151515152,0.0,0.02267509430300368,0.08520516911379343,10.218181818181819,0.007947887348156123,0.01577010363048381,0.15476873240889366,0.07878787878787878,0,0.15511094709331877,0.29445614259543657,0.5377703540001314,0.7229419609364964,0.0,0.0,0.0,0.3,0.0,0.3,0.3,0.08,0.0030303030303030303,0.05158957746963123,0.25158957746963123
306,0.9771494847655873,0.5693892898977215,0.9728068939672242,0.5680856791312252,0.24908806407921,0.5487861019062248,0.7051671732522796,0.2749365031727707,0.30587708603928215,0.00303951367781155,0.6628571428571428,0.2749811724951633,0.3068470017512234,0.002857142857142857,0.0,0.0,0.06,3.3257142857142856,0.0121580547112462,0.002857142857142857,0.022720676933112395,0.08518000451485075,10.109422492401215,0.0077094507277114385,0.015300638801311273,0.15462567043662687,0.0790273556231003,0,0.15433539235785215,0.2929838618824594,0.5270149469201287,0.7084831217177665,0.0,0.0,0.0,0.3,0.0,0.3,0.3,0.08,0.0,0.05154189014554229,0.2515418901455423
307,0.9766973069505774,0.5693915302398613,0.972381846821115,0.5680541023924929,0.24908806407921,0.5485035220592205,0.7142857142857143,0.274754132352102,0.3057403079237806,0.00303951367781155,0.6714285714285714,0.27480974392373475,0.306718430322652,0.002857142857142857,0.00911854103343465,0.008571428571428572,0.06,3.2342857142857144,0.00911854103343465,0.0,0.02276583732682879,0.08515559485387636,10.109422492401215,0.007478167205880095,0.0148450439654505,0.15448690032352805,0.0790273556231003,0,0.15403956060080742,0.2915189425730471,0.5250460765531548,0.6943134592834111,0.0,1.0,0.0,0.3,0.0,0.3,0.3,0.08,0.00911854103343465,0.051495633441176025,0.25149563344117604
308,0.9766012847278818,0.5701925230151305,0.9722915859317808,0.5687882089269584,0.24908806407921,0.548243463458032,0.7112462006079028,0.27438939071076457,0.3054667516927776,0.00303951367781155,0.6685714285714286,0.27446688678087755,0.30646128746550916,0.002857142857142857,0.015197568389057751,0.014285714285714285,0.06,3.2342857142857144,0.0121580547112462,0.0,0.022783269054012813,0.08513191748273118,10.109422492401215,0.007253822189703692,0.014402915574471264,0.15435229331382222,0.0790273556231003,0,0.15349580560148185,0.29006134786018184,0.528830869307806,0.6804271900977429,0.0,1.0,0.0,0.3,0.0,0.3,0.3,0.08,0.015197568389057751,0.05145076443794074,0.25145076443794073
309,0.9765954016489489,0.570637786306881,0.9722860558375841,0.5692951851332039,0.24908806407921,0.5477153766543372,0.6778115501519757,0.2739030685223147,0.30519319546177454,0.00303951367781155,0.6371428571428571,0.27400974392373467,0.30620414460836626,0.002857142857142857,0.015197568389057751,0.014285714285714285,0.06,3.2257142857142855,0.0182370820668693,0.0,0.022800205693056852,0.08510895043272036,10.109422492401215,0.007036207524012581,0.01397386145270807,0.15422172451440755,0.0790273556231003,0,0.15338334080572436,0.28861104112088093,0.5325399662073642,0.6721804809022472,0.0,0.8,0.0,0.3,0.0,0.3,0.3,0.08,0.015197568389057751,0.05140724150480252,0.25140724150480254
310,0.977727054187615,0.570698964656283,0.9733498092239301,0.5693102194880081,0.24908806407921,0.54764718969793,0.7446808510638298,0.2735991171545336,0.30496523193593866,0.00303951367781155,0.7,0.27372402963802045,0.3059898588940806,0.002857142857142857,0.00911854103343465,0.008571428571428572,0.06,3.182857142857143,0.0182370820668693,0.0,0.022816660481345886,0.08508667239420985,10.109422492401215,0.006825121298292203,0.013557500498734498,0.15409507277897533,0.0790273556231003,0,0.1537256265110811,0.28716798591527654,0.5304605954546454,0.6677885087968178,0.0,0.6666666666666666,0.0,0.3,0.0,0.3,0.3,0.08,0.00911854103343465,0.05136502425965844,0.25136502425965845
311,0.9781897742575874,0.5693810526689188,0.9737847660897042,0.5680667699570928,0.24908806407921,0.5474178548723243,0.729483282674772,0.2734775366074212,0.30487404652560435,0.00303951367781155,0.6857142857142857,0.2736097439237347,0.3059041446083663,0.002857142857142857,0.0060790273556231,0.005714285714285714,0.06,3.1742857142857144,0.015197568389057751,0.0,0.0228326463518694,0.08506506269685467,10.109422492401215,0.006620367659343437,0.013153462393335258,0.15397222059560606,0.0790273556231003,0,0.1530709983785257,0.2857321459857002,0.5255656692598383,0.6544327386208814,0.0,1.0,0.0,0.3,0.0,0.3,0.3,0.08,0.0060790273556231,0.05132407353186869,0.2513240735318687
312,0.9793946745068336,0.568594997260421,0.9749173723239957,0.5674090142621768,0.24908806407921,0.5470223060812502,0.7142857142857143,0.2734311952802728,0.30482845382043716,0.00303951367781155,0.6714285714285714,0.2735661830762153,0.30586128746550917,0.002857142857142857,0.00303951367781155,0.002857142857142857,0.06,3.222857142857143,0.0182370820668693,0.0,0.022848175937110412,0.08504410129042016,10.109422492401215,0.006421756629563133,0.012761387313916961,0.15385305397773788,0.0790273556231003,0,0.15273421481520447,0.2843034852557717,0.5179114987317843,0.6438731530219824,0.0,1.0,0.0,0.3,0.0,0.3,0.3,0.08,0.00303951367781155,0.05128435132591263,0.25128435132591265
313,0.9797979769831574,0.5686185140567933,0.9752964766517401,0.5673538597862504,0.24908806407921,0.5464626144564708,0.7021276595744681,0.27318803418604787,0.3046460829997685,0.00303951367781155,0.66,0.27333761164764386,0.30568985889408057,0.002857142857142857,0.0060790273556231,0.005714285714285714,0.06,3.197142857142857,0.0182370820668693,0.0,0.02286326157310722,0.08502376872617866,10.109422492401215,0.006229103930676239,0.012380925655299913,0.15373746235840574,0.0790273556231003,0,0.1524561151696999,0.2828819678294929,0.5132675544714344,0.639975938579433,0.0,0.5,0.0,0.3,0.0,0.3,0.3,0.08,0.0060790273556231,0.05124582078613525,0.2512458207861352
314,0.9798063232573101,0.5675362587050574,0.9753043221494436,0.5664425314842625,0.24908806407921,0.5467019788720006,0.7203647416413373,0.27288408281826676,0.3044181194739326,0.0,0.6771428571428572,0.27305189736192953,0.30547557317979485,0.0,0.00911854103343465,0.008571428571428572,0.06,3.26,0.0121580547112462,0.0,0.022877915303667253,0.08500404613886439,10.109422492401215,0.006042230812755952,0.012011737756823071,0.15362533848765356,0.0790273556231003,0,0.15257954887956568,0.28146755799034534,0.5115736319534342,0.6271764198078443,0.0,1.0,0.0,0.3,0.0,0.3,0.3,0.08,0.00911854103343465,0.05120844616255119,0.25120844616255117
315,0.9786416896163498,0.5678626639759135,0.9742095665269408,0.566761545301944,0.24908806407921,0.5467019788720006,0.6899696048632219,0.2725801314504856,0.3042813413584311,0.0,0.6485714285714286,0.2727661830762153,0.3053470017512234,0.0,0.00911854103343465,0.008571428571428572,0.06,3.2914285714285714,0.0060790273556231,0.0,0.022892148884713855,0.08498491522916962,10.109422492401215,0.005860963888373273,0.011653493635690682,0.15351657833302396,0.0790273556231003,0,0.15244309393884634,0.2800602202003936,0.5099135878857941,0.6190464934021568,0.0,0.6666666666666666,0.0,0.3,0.0,0.3,0.3,0.08,0.00911854103343465,0.05117219277767466,0.25117219277767466
316,0.9778487962524959,0.5679224127746973,0.9734642467649183,0.566679620778598,0.24908806407921,0.5467019788720006,0.7386018237082067,0.2724585509033732,0.3042813413584311,0.0,0.6942857142857143,0.2726518973619296,0.3053470017512234,0.0,0.00303951367781155,0.002857142857142857,0.06,3.2342857142857144,0.0060790273556231,0.0,0.02290597378874838,0.08496635824676559,10.109422492401215,0.005685134971722075,0.011305872726485089,0.15341108098303324,0.0790273556231003,0,0.15210944989772354,0.27865991909939164,0.502572458985221,0.6066655635341137,0.0,1.0,0.0,0.3,0.0,0.3,0.3,0.08,0.00303951367781155,0.051137026994344414,0.2511370269943444
317,0.9780355465697016,0.5674798492231005,0.9736397920630918,0.5661108710041007,0.24908806407921,0.5467019788720006,0.7173252279635258,0.2724585509033732,0.3042813413584311,0.0,0.6742857142857143,0.2726518973619296,0.3053470017512234,0.0,0.0,0.0,0.06,3.1942857142857144,0.0060790273556231,0.0,0.022919401209410623,0.08494835797383375,10.109422492401215,0.005514580922570412,0.010968563626765016,0.15330874855354223,0.0790273556231003,0,0.15134890264823492,0.2772666195038947,0.49252100980551666,0.5945322522634314,0.0,0.0,0.0,0.3,0.0,0.3,0.3,0.08,0.0,0.05110291618451408,0.2511029161845141
318,0.9784869500574164,0.567601497687723,0.9740641113415435,0.5660900040996134,0.24908806407921,0.5467019788720006,0.7142857142857143,0.2724585509033732,0.3042813413584311,0.0,0.6714285714285714,0.2726518973619296,0.3053470017512234,0.0,0.0,0.0,0.06,3.1685714285714286,0.00911854103343465,0.0,0.02293244206612253,0.08493089770908989,10.109422492401215,0.0053491434948933,0.010641263848666926,0.15320948609693597,0.0790273556231003,0,0.15059215813499374,0.27588028640637524,0.4826705896094063,0.5826416072181627,0.0,0.0,0.0,0.3,0.0,0.3,0.3,0.08,0.0,0.051069828698978664,0.25106982869897865
319,0.9788055133918379,0.5672750175952431,0.9743635608758997,0.5658598675604871,0.24908806407921,0.5467019788720006,0.7173252279635258,0.2723977606298169,0.3042357486532639,0.0,0.6742857142857143,0.27259475450478676,0.3053041446083663,0.0,0.00303951367781155,0.002857142857142857,0.06,3.1742857142857144,0.00911854103343465,0.0,0.02294510700880053,0.08491396125228827,10.109422492401215,0.005188669190046501,0.010323679576421774,0.1531132015140279,0.0790273556231003,0,0.15009125689656128,0.2745008849743434,0.47587432067436103,0.5709887750737995,0.0,1.0,0.0,0.3,0.0,0.3,0.3,0.08,0.00303951367781155,0.0510377338380093,0.2510377338380093
320,0.9783839088122888,0.5670982995832703,0.97346915929997,0.565666950933301,0.24908806407921,0.5467019788720006,0.6432926829268293,0.27283773546678647,0.30493463813086535,0.0,0.6028571428571429,0.2723885964491943,0.3051755731797948,0.0,0.006097560975609756,0.008571428571428572,0.06285714285714286,3.16,0.006097560975609756,0.002857142857142857,0.02297260604679037,0.08489753288919076,10.073170731707316,0.005033009114345106,0.010015525429698746,0.15301980546860705,0.07621951219512195,0,0.15033937916566775,0.2731283805494717,0.47492826283230233,0.5650448556763792,0.0,0.6666666666666666,0.0,0.3,0.0,0.3,0.3,0.08,0.00911854103343465,0.05100660182286902,0.25100660182286905
321,0.9788859613449713,0.5674839362423975,0.973939654244884,0.566024827510775,0.24908806407921,0.5467019788720006,0.75,0.27332554034483525,0.30534622349671897,0.0,0.7028571428571428,0.2728457393063371,0.30556128746550915,0.0,0.018292682926829267,0.017142857142857144,0.06285714285714286,3.1314285714285712,0.003048780487804878,0.0,0.017497627732778277,0.09545153205918286,10.073170731707316,0.10503300911434511,0.18946926559954713,0.21301980546860705,0.07926829268292683,0,0.1515587589602999,0.27176273864672434,0.48257255471851346,0.5537439585628516,0.0,1.0,0.0,0.3,0.0,0.3,0.3,0.08,0.018292682926829267,0.07100660182286903,0.271006601822869
322,0.9784877385951326,0.5670293768460797,0.9735664626393207,0.5655761437182975,0.24908806407921,0.5467019788720006,0.7530487804878049,0.27332554034483525,0.30534622349671897,0.0,0.7057142857142857,0.2728457393063371,0.30556128746550915,0.0,0.0,0.0,0.06285714285714286,3.1228571428571428,0.006097560975609756,0.0,0.017609979596348045,0.0951189765718785,10.073170731707316,0.10188201884091476,0.1843451877176906,0.21112921130454884,0.07926829268292683,0,0.15080096516549843,0.2704039249534907,0.4729211036241431,0.5426690793915946,0.0,0.0,0.0,0.3,0.0,0.3,0.3,0.08,0.0,0.07037640376818295,0.27037640376818295
323,0.9793586464921263,0.5667832157031566,0.9743826277542178,0.565144561852348,0.24908806407921,0.5467019788720006,0.7469512195121951,0.27320358912532305,0.30530049178940194,0.0,0.7,0.2727314535920514,0.30551843032265197,0.0,0.006097560975609756,0.005714285714285714,0.06285714285714286,3.085714285714286,0.003048780487804878,0.0,0.01772197840453695,0.09479639774919324,10.073170731707316,0.09882555827568731,0.17934388346528107,0.2092953349654124,0.07926829268292683,0,0.1509041031968138,0.26905190532872325,0.469176967265946,0.5345746329947881,0.0,1.0,0.0,0.3,0.0,0.3,0.3,0.08,0.006097560975609756,0.06976511165513746,0.26976511165513745
324,0.979165308524554,0.5654706755838926,0.974201442458893,0.5638423101364571,0.24908806407921,0.5467019788720006,0.774390243902439,0.27320358912532305,0.30530049178940194,0.0,0.7257142857142858,0.2727314535920514,0.30551843032265197,0.0,0.0,0.0,0.06285714285714286,3.04,0.003048780487804878,0.0,0.017833519309967592,0.09448349629118856,10.073170731707316,0.0958607915274167,0.17446332010095666,0.20751647491645,0.07926829268292683,0,0.1501495826808297,0.2677066458020796,0.4597934279206271,0.5238831403348924,0.0,0.0,0.0,0.3,0.0,0.3,0.3,0.08,0.0,0.06917215830548334,0.26917215830548336
325,0.9799822131542052,0.5650580787058472,0.9749669987975375,0.5634480830037992,0.24908806407921,0.5467019788720006,0.7652439024390244,0.27302066229605476,0.3051632966674507,0.0,0.7171428571428572,0.2725600250206229,0.30538985889408055,0.0,0.006097560975609756,0.005714285714285714,0.06285714285714286,3.0742857142857143,0.003048780487804878,0.0,0.017944502759975448,0.094179981876924,10.073170731707316,0.0929849677815942,0.16970144293480105,0.2057909806689565,0.07926829268292683,0,0.15025597762456844,0.26636811257306925,0.4563118450765002,0.5134054775281945,0.0,1.0,0.0,0.3,0.0,0.3,0.3,0.08,0.006097560975609756,0.06859699355631885,0.26859699355631883
326,0.9800064047426249,0.5652294996559735,0.9749896697718279,0.5635477340937275,0.24908806407921,0.5467019788720006,0.7774390243902439,0.27314261351556696,0.30530608893773886,0.0,0.7285714285714285,0.27267431073490855,0.30552367565023636,0.0,0.021341463414634148,0.02,0.06285714285714286,3.0228571428571427,0.003048780487804878,0.0,0.01805483452343666,0.09388557289508738,10.073170731707316,0.09019541874814636,0.16505617971978281,0.2041172512488878,0.07926829268292683,0,0.15150185484362416,0.26503627201020385,0.46718560817497023,0.522550073977691,0.0,0.7142857142857143,0.0,0.3,0.0,0.3,0.3,0.08,0.021341463414634148,0.06803908374962928,0.26803908374962926
327,0.9807202010020232,0.5649571444427554,0.9756585988377783,0.5633928071581754,0.24908806407921,0.5467019788720006,0.7317073170731707,0.27356944278385964,0.30562621088895836,0.0,0.6857142857142857,0.27307431073490857,0.3058236756502363,0.0,0.012195121951219513,0.011428571428571429,0.06285714285714286,2.9485714285714284,0.003048780487804878,0.0,0.018164425689314968,0.09359999618270588,10.073170731707316,0.08748955618570196,0.16052544478119457,0.20249373371142118,0.07926829268292683,0,0.1508014884265489,0.26371109065015286,0.46927046744004236,0.5120990724981372,0.0,1.0,0.0,0.3,0.0,0.3,0.3,0.08,0.012195121951219513,0.0674979112371404,0.2674979112371404
328,0.980238583338304,0.5650404479595749,0.9752072542843502,0.5633508835095181,0.24908806407921,0.5467019788720006,0.7347560975609756,0.27363041839361574,0.30567194259627545,0.0,0.6885714285714286,0.2731314535920514,0.30586653279309345,0.0,0.009146341463414634,0.008571428571428572,0.06285714285714286,3.0085714285714285,0.003048780487804878,0.0,0.018273192639673055,0.09332298677169582,10.073170731707316,0.0848648695001309,0.15610714289299887,0.20091892170007852,0.07926829268292683,0,0.150504623841559,0.2623925351969021,0.4684564866626699,0.5136163175663861,0.0,0.6666666666666666,0.0,0.3,0.0,0.3,0.3,0.08,0.009146341463414634,0.06697297390002618,0.26697297390002617
329,0.9803059768909544,0.5644644609424625,0.975270411670834,0.562869686334377,0.24908806407921,0.5467019788720006,0.7408536585365854,0.2736304183936157,0.30567194259627545,0.0,0.6942857142857143,0.2731314535920514,0.30586653279309345,0.0,0.006097560975609756,0.005714285714285714,0.06285714285714286,2.8971428571428572,0.003048780487804878,0.0,0.0183810569997919,0.09305428764301606,10.073170731707316,0.08231892341512698,0.15179917291011336,0.19939135404907618,0.07926829268292683,0,0.15040528333049155,0.2610805725209176,0.46480164264370233,0.5083513772116875,0.0,0.5,0.0,0.3,0.0,0.3,0.3,0.08,0.006097560975609756,0.0664637846830254,0.2664637846830254
330,0.9803063916733206,0.5634256708127641,0.9752708003811656,0.5620143321386776,0.24908806407921,0.5467019788720006,0.7652439024390244,0.27375236961312793,0.3057634060109096,0.0,0.7171428571428572,0.2732457393063371,0.30595224707880775,0.0,0.003048780487804878,0.002857142857142857,0.06285714285714286,2.9514285714285715,0.003048780487804878,0.0,0.01848794556792598,0.09279364948819668,10.073170731707316,0.07984935571267317,0.14759943116573326,0.19790961342760388,0.07926829268292683,0,0.14973854334241052,0.259775169658313,0.4583627526479711,0.49818434966745384,0.0,1.0,0.0,0.3,0.0,0.3,0.3,0.08,0.003048780487804878,0.06596987114253464,0.2659698711425346
331,0.9792528546697825,0.5627229597251503,0.9742834857035642,0.5612115141934734,0.24908806407921,0.5467019788720006,0.7164634146341463,0.27436212571068885,0.3062207230840803,0.0,0.6714285714285714,0.2738171678777657,0.3063808185073792,0.0,0.01524390243902439,0.017142857142857144,0.06285714285714286,2.9314285714285715,0.006097560975609756,0.0,0.01859379022709643,0.09254083047802193,10.073170731707316,0.07745387504129297,0.14350581464281253,0.19647232502477577,0.07926829268292683,0,0.1494372924433306,0.25847629381002146,0.4663383547378688,0.48822066267410474,0.0,1.0,0.0,0.3,0.0,0.3,0.3,0.08,0.01524390243902439,0.0654907750082586,0.2654907750082586
332,0.9804527279977875,0.5626503859246031,0.9754079384223805,0.5610136692833024,0.24908806407921,0.5467019788720006,0.7439024390243902,0.2746060281497133,0.3064036499133487,0.0,0.6971428571428572,0.27404573930633713,0.30655224707880774,0.0,0.009146341463414634,0.008571428571428572,0.06285714285714286,2.9485714285714284,0.003048780487804878,0.0,0.018698527841191116,0.0922955960381524,10.073170731707316,0.07513025879005418,0.13951622392880558,0.1950781552740325,0.07926829268292683,0,0.14880396383825678,0.2571839123409714,0.46558301621454007,0.47845624942062265,0.0,1.0,0.0,0.3,0.0,0.3,0.3,0.08,0.009146341463414634,0.06502605175801084,0.26502605175801086
333,0.9800644155377284,0.5621558102051138,0.9750440341740964,0.5602961355680515,0.24908806407921,0.5467019788720006,0.7530487804878049,0.274423101320445,0.30626645479139736,0.0,0.7057142857142857,0.27387431073490853,0.30642367565023637,0.0,0.006097560975609756,0.005714285714285714,0.06285714285714286,2.9,0.009146341463414634,0.0,0.018802100137502963,0.09205771863147892,10.073170731707316,0.07287635102635255,0.13562856596270934,0.1937258106158115,0.07926829268292683,0,0.14891708687620842,0.2725867232129441,0.46198564160453487,0.4962749968668811,0.0,0.5,0.0,0.3,0.0,0.3,0.3,0.08,0.006097560975609756,0.06457527020527051,0.2645752702052705
334,0.97965302005798,0.5617772732973375,0.9746584978387894,0.560121993917297,0.24908806407921,0.5467019788720006,0.7408536585365854,0.274423101320445,0.30626645479139736,0.0,0.6942857142857143,0.27387431073490853,0.30642367565023637,0.0,0.006097560975609756,0.005714285714285714,0.06285714285714286,2.8714285714285714,0.006097560975609756,0.0,0.01890445357769813,0.09182697754700565,10.073170731707316,0.07069006049556198,0.1318407565833598,0.19241403629733717,0.07926829268292683,0,0.1490296442989702,0.27122378959687937,0.45846021448672997,0.4980078589089553,0.0,0.5,0.0,0.3,0.0,0.3,0.3,0.08,0.006097560975609756,0.06413801209911241,0.2641380120991124
335,0.9805552624230567,0.5622044904298601,0.9755040278266327,0.56029577298624,0.24908806407921,0.5467019788720006,0.7560975609756098,0.2746670037594694,0.3064493816206657,0.0,0.7085714285714285,0.27410288216348,0.3065951042216649,0.0,0.009146341463414634,0.008571428571428572,0.06285714285714286,2.8657142857142857,0.006097560975609756,0.0,0.019005539219065268,0.09160315869506662,10.073170731707316,0.06856935868069512,0.12815072288781204,0.19114161520841708,0.07926829268292683,0,0.1484550689346182,0.26986767064889494,0.4578624387684239,0.4880477017307762,0.0,1.0,0.0,0.3,0.0,0.3,0.3,0.08,0.009146341463414634,0.06371387173613903,0.263713871736139
336,0.9794386108274042,0.5623058534018587,0.9744575657598497,0.5604727584280595,0.24908806407921,0.5467019788720006,0.7469512195121951,0.2743011501009328,0.30617499137676324,0.0,0.7,0.2737600250206228,0.30633796136452207,0.0,0.009146341463414634,0.008571428571428572,0.06285714285714286,2.8514285714285714,0.003048780487804878,0.0,0.019105312567758336,0.09138605440868575,10.073170731707316,0.06651227792027427,0.12455640540849067,0.18990736675216455,0.07926829268292683,0,0.1489985078756594,0.2800466582421597,0.4572766185644839,0.4940808953540335,0.0,0.0,0.0,0.3,0.0,0.3,0.3,0.08,0.009146341463414634,0.06330245558405485,0.26330245558405485
337,0.9797858058120831,0.5622160773339221,0.9747829370597773,0.5602718362376183,0.24908806407921,0.5467019788720006,0.7317073170731707,0.274423101320445,0.30635791820603153,0.003048780487804878,0.6857142857142857,0.27387431073490853,0.3065093899359506,0.002857142857142857,0.018292682926829267,0.017142857142857144,0.06285714285714286,2.8857142857142857,0.009146341463414634,0.0,0.019203733425609232,0.09117546325089626,10.073170731707316,0.06451690958266604,0.12105576011762875,0.1887101457495996,0.07926829268292683,0,0.14965322962199537,0.2786464249509489,0.4652739433360515,0.4961554725897601,0.0,0.8333333333333334,0.0,0.3,0.0,0.3,0.3,0.08,0.018292682926829267,0.06290338191653322,0.26290338191653323
338,0.9806395845112702,0.5609711179729724,0.9755830496693011,0.5590416394490846,0.24908806407921,0.5429160342075652,0.7286585365853658,0.2744840769302011,0.3064036499133487,0.003048780487804878,0.6828571428571428,0.2739314535920514,0.30655224707880774,0.002857142857142857,0.021341463414634148,0.02,0.06285714285714286,2.8914285714285715,0.006097560975609756,0.0,0.019300765731953884,0.09097118982784048,10.073170731707316,0.06258140229518605,0.11764676026733134,0.1875488413771116,0.07926829268292683,0,0.1504162740635455,0.2772531928261941,0.47596846446933033,0.4862323631379649,0.0,1.0,0.0,0.3,0.0,0.3,0.3,0.08,0.021341463414634148,0.06251628045903722,0.2625162804590372
339,0.9822625493544206,0.5602276910130167,0.9771039995794536,0.55832893303312,0.24908806407921,0.5393186577714784,0.7347560975609756,0.2752157842472742,0.3069524304011535,0.003048780487804878,0.6885714285714286,0.2746171678777657,0.3070665327930935,0.002857142857142857,0.018292682926829267,0.017142857142857144,0.06285714285714286,2.862857142857143,0.006097560975609756,0.0,0.019396377401787627,0.09077304460747639,10.073170731707316,0.06070396022633047,0.11432739807339232,0.18642237613579826,0.07926829268292683,0,0.15012575882214627,0.27586692686206316,0.4835919523228009,0.47650771587520563,0.0,1.0,0.0,0.3,0.0,0.3,0.3,0.08,0.018292682926829267,0.0621407920452661,0.2621407920452661
340,0.9818190238830466,0.5594989600279094,0.9766883528519945,0.5578159512037976,0.24908806407921,0.5369918121079489,0.7408536585365854,0.2753377354667864,0.30704389381578767,0.003048780487804878,0.6942857142857143,0.2747314535920514,0.3071522470788078,0.002857142857142857,0.009146341463414634,0.008571428571428572,0.06285714285714286,2.8685714285714288,0.009146341463414634,0.0,0.01949054016144311,0.09058084374372322,10.073170731707316,0.05888284141954055,0.11109568625078814,0.18532970485172434,0.07926829268292683,0,0.1498322728851784,0.2744875922277528,0.48249154184777343,0.46697756155770154,0.0,1.0,0.0,0.3,0.0,0.3,0.3,0.08,0.009146341463414634,0.061776568283908116,0.2617765682839081
341,0.9817395031888092,0.5593966031082259,0.9766138306013947,0.5575338498373816,0.24908806407921,0.5345960410220281,0.7652439024390244,0.2749487861745302,0.30688088176539424,0.003048780487804878,0.7171428571428572,0.27436695254102267,0.3069994815001533,0.002857142857142857,0.024390243902439025,0.025714285714285714,0.06285714285714286,2.88,0.006097560975609756,0.0,0.019583229382866895,0.09039440890588261,10.073170731707316,0.05711635617695433,0.10794965940854029,0.1842698137061726,0.07926829268292683,0,0.1516831115207525,0.28205592848150285,0.49855599672510365,0.569910981060482,0.0,0.5555555555555556,0.0,0.3,0.0,0.3,0.3,0.08,0.024390243902439025,0.06142327123539087,0.2614232712353909
342,0.9825389387174802,0.5579826890343778,0.9773630158968352,0.5561047496105506,0.24908806407921,0.5324816200127187,0.7652439024390244,0.27513443227554857,0.30706380859466254,0.003048780487804878,0.7171428571428572,0.27454092945854847,0.3071709100715819,0.002857142857142857,0.018292682926829267,0.017142857142857144,0.06285714285714286,2.942857142857143,0.006097560975609756,0.0,0.01967442391746047,0.0902135671131773,10.073170731707316,0.0554028654916457,0.10488737531141057,0.18324171929498742,0.07926829268292683,0,0.15146712524886302,0.28064564883909526,0.5057277339334588,0.5585127614392723,0.0,1.0,0.0,0.3,0.0,0.3,0.3,0.08,0.018292682926829267,0.06108057309832914,0.26108057309832916
343,0.9837127063045824,0.5579994569122958,0.9784630038070337,0.5560197630634909,0.24908806407921,0.530772313178478,0.7408536585365854,0.27507345666579247,0.30701807688734545,0.003048780487804878,0.6942857142857143,0.2744837866014056,0.30712805292872475,0.002857142857142857,0.01524390243902439,0.014285714285714285,0.06285714285714286,2.9085714285714284,0.006097560975609756,0.0,0.01976410593034665,0.09003815057425303,10.073170731707316,0.05374077952689633,0.10190691601565216,0.18224446771613778,0.07926829268292683,0,0.15179337528344003,0.2792424205948998,0.5098988935405039,0.5891176690344805,0.0,0.6,0.0,0.3,0.0,0.3,0.3,0.08,0.01524390243902439,0.06074815590537927,0.26074815590537925
344,0.9826551767322863,0.5572430263356354,0.9774719475221392,0.5550016847467957,0.24908806407921,0.5289666673136291,0.7225609756097561,0.27537833471457296,0.3072467354239308,0.003048780487804878,0.6771428571428572,0.27476950088711993,0.3073423386430105,0.002857142857142857,0.024390243902439025,0.022857142857142857,0.06285714285714286,2.942857142857143,0.006097560975609756,0.0,0.019852260735824544,0.08986799653149659,10.073170731707316,0.05212855614108944,0.0990063888857986,0.18127713368465365,0.07926829268292683,0,0.15194869412130857,0.2778462084919253,0.5225580585268366,0.6027176412920752,0.0,0.875,0.0,0.3,0.0,0.3,0.3,0.08,0.024390243902439025,0.06042571122821789,0.2604257112282179
345,0.9820139004423786,0.5566452675741637,0.9768709800275971,0.5545117296180142,0.24908806407921,0.5273566163748374,0.7652439024390244,0.2748905298365242,0.3068808817653942,0.003048780487804878,0.7171428571428572,0.27431235802997705,0.3069994815001533,0.002857142857142857,0.012195121951219513,0.011428571428571429,0.06285714285714286,2.954285714285714,0.006097560975609756,0.0,0.019938876634684594,0.0897029471100228,10.073170731707316,0.05056469945685675,0.09618392749922455,0.18033881967411405,0.07926829268292683,0,0.1529032363649877,0.2853283768011154,0.5235354687848713,0.687505258474304,0.0,0.0,0.0,0.3,0.0,0.3,0.3,0.08,0.012195121951219513,0.060112939891371356,0.26011293989137135
346,0.9812985696920572,0.5558892347267325,0.9762006129244387,0.5538744328116405,0.24908806407921,0.525723919346691,0.7378048780487805,0.27513443227554857,0.3070638085946625,0.003048780487804878,0.6914285714285714,0.27454092945854847,0.3071709100715819,0.002857142857142857,0.012195121951219513,0.011428571428571429,0.06285714285714286,2.9257142857142857,0.003048780487804878,0.0,0.020023944753970162,0.08954284917119325,10.073170731707316,0.04904775847315105,0.09343769244496569,0.1794286550838906,0.07926829268292683,0,0.15228100661173422,0.2839017349171098,0.5244933308377452,0.6737551533048178,0.0,1.0,0.0,0.3,0.0,0.3,0.3,0.08,0.012195121951219513,0.05980955169463022,0.2598095516946302
347,0.9821370279705633,0.5555627339843617,0.9769863681111529,0.5537290009611323,0.24908806407921,0.5236731468495245,0.7439024390243902,0.2749515054462803,0.3069266134727113,0.003048780487804878,0.6971428571428572,0.2743695008871199,0.30704233864301045,0.002857142857142857,0.01524390243902439,0.014285714285714285,0.06285714285714286,2.92,0.006097560975609756,0.0,0.02010745888969312,0.08938755417052857,10.073170731707316,0.047576325718956515,0.09076587202303954,0.1785457954313739,0.07926829268292683,0,0.15366245872153267,0.2824822262425243,0.5282891785067046,0.7902242324608404,0.0,0.4,0.0,0.3,0.0,0.3,0.3,0.08,0.01524390243902439,0.05951526514379131,0.2595152651437913
348,0.9812799422991892,0.554400948407983,0.9761831563962652,0.5529638177087448,0.24908806407921,0.5214525121917579,0.7012195121951219,0.27550028593408515,0.30733819883856495,0.006097560975609756,0.6571428571428571,0.27488378660140567,0.30742805292872477,0.005714285714285714,0.01524390243902439,0.014285714285714285,0.06285714285714286,2.9314285714285715,0.006097560975609756,0.0,0.020189415352938285,0.08923691801988379,10.073170731707316,0.04614903594738782,0.08816668285025797,0.17768942156843268,0.07926829268292683,0,0.15363177740873896,0.2810698151113116,0.5320091092222848,0.7744197478116236,0.0,1.0,0.0,0.3,0.0,0.3,0.3,0.08,0.01524390243902439,0.05922980718947757,0.2592298071894776
349,0.9803844511446945,0.5530413903031239,0.9753439532571958,0.5517445992965476,0.24908806407921,0.5198326776572793,0.7164634146341463,0.2753473089740688,0.30742966225319907,0.006097560975609756,0.6714285714285714,0.2747404253360188,0.30751376721443907,0.005714285714285714,0.012195121951219513,0.011428571428571429,0.06285714285714286,2.9371428571428573,0.009146341463414634,0.0,0.02026981281972455,0.08909080095375842,10.073170731707316,0.044764564868966183,0.08563837037828248,0.1768587389213797,0.07926829268292683,0,0.15374933280740954,0.29059553854725695,0.5327974984664107,0.792562843503609,0.0,0.5,0.0,0.3,0.0,0.3,0.3,0.08,0.012195121951219513,0.05895291297379324,0.25895291297379325
350,0.9798643653466248,0.5527129155519869,0.9748565585664336,0.5513650439231698,0.24908806407921,0.5185143088560801,0.7042682926829268,0.2752253577545565,0.30733819883856495,0.006097560975609756,0.66,0.2746261396217331,0.30742805292872477,0.005714285714285714,0.003048780487804878,0.002857142857142857,0.06285714285714286,2.8685714285714288,0.006097560975609756,0.0,0.02034865218492947,0.08894906739961675,10.073170731707316,0.043421627922897194,0.08317920932942868,0.17605297675373832,0.07926829268292683,0,0.15340915757194393,0.2891425608545206,0.5249986913542252,0.8337477621301497,0.0,0.0,0.0,0.3,0.0,0.3,0.3,0.08,0.003048780487804878,0.05868432558457944,0.25868432558457943
351,0.9794398512650112,0.5509194429743878,0.9744587282270927,0.5499164216999685,0.24908806407921,0.5171002985363032,0.7286585365853658,0.2752253577545565,0.30752112566783324,0.006097560975609756,0.6828571428571428,0.2746261396217331,0.30759948150015337,0.005714285714285714,0.009146341463414634,0.008571428571428572,0.06285714285714286,2.8771428571428572,0.003048780487804878,0.0,0.020425936420528115,0.08881158585209938,10.073170731707316,0.04211897908521028,0.08078750405548829,0.17527138745112616,0.07926829268292683,0,0.15269911178408424,0.28769684805024803,0.5230701460985692,0.8170728068875467,0.0,1.0,0.0,0.3,0.0,0.3,0.3,0.08,0.009146341463414634,0.05842379581704206,0.25842379581704206
352,0.980455115768241,0.5493518618289348,0.9754101761044054,0.5484332812152403,0.24908806407921,0.5161291595010384,0.75,0.2752253577545565,0.30752112566783324,0.006097560975609756,0.7028571428571428,0.2746261396217331,0.30759948150015337,0.005714285714285714,0.0,0.0,0.06285714285714286,2.8114285714285714,0.006097560975609756,0.0,0.020501670438346532,0.0886782287510075,10.073170731707316,0.040855409712653966,0.07846158882460419,0.17451324582759237,0.07926829268292683,0,0.15193561622516377,0.2862583638099968,0.5126087431765979,0.8007313507497957,0.0,0.0,0.0,0.3,0.0,0.3,0.3,0.08,0.0,0.058171081942530796,0.2581710819425308
353,0.9788548422262424,0.548242043572416,0.9739104911850466,0.5474841725372529,0.24908806407921,0.5147960100529572,0.7378048780487805,0.27510340653504434,0.30742966225319907,0.006097560975609756,0.6914285714285714,0.2745118539074473,0.30751376721443907,0.005714285714285714,0.003048780487804878,0.002857142857142857,0.06285714285714286,2.8485714285714288,0.003048780487804878,0.0,0.020575860957484184,0.0885488723629484,10.073170731707316,0.03962974742127435,0.07619982804100356,0.17377784845276462,0.07926829268292683,0,0.15160450957260937,0.28482707199094687,0.5052137111702087,0.7848821734388016,0.0,0.0,0.0,0.3,0.0,0.3,0.3,0.08,0.003048780487804878,0.05792594948425488,0.25792594948425485
354,0.9782028646750099,0.5473654210403923,0.9732994950798917,0.5466412854925433,0.24908806407921,0.5129617486283248,0.75,0.27510340653504434,0.30761258908246736,0.006097560975609756,0.7028571428571428,0.27451185390744737,0.3076851957858676,0.005714285714285714,0.01524390243902439,0.014285714285714285,0.06285714285714286,2.8285714285714287,0.009146341463414634,0.0,0.020648516376518426,0.08842339666653108,10.073170731707316,0.038440854998636115,0.07400061640217215,0.17306451299918166,0.07926829268292683,0,0.15152964482842485,0.2834029366309921,0.5093951512325189,0.7736525517983692,0.0,0.8,0.0,0.3,0.0,0.3,0.3,0.08,0.01524390243902439,0.05768817099972723,0.25768817099972724
355,0.9791607380301853,0.5464775048378446,0.9741971592527418,0.5459706687428827,0.24908806407921,0.5116355309291732,0.7408536585365854,0.27498145531553214,0.30752112566783324,0.006097560975609756,0.6942857142857143,0.2743975681931617,0.3075994815001533,0.005714285714285714,0.003048780487804878,0.002857142857142857,0.06285714285714286,2.888571428571429,0.006097560975609756,0.0,0.020719646650567317,0.08830168524100625,10.073170731707316,0.03728762934867703,0.07186237899783066,0.1723725776092062,0.07926829268292683,0,0.15120056803285414,0.28198592194783717,0.5020643910650114,0.7863181864362998,0.0,0.0,0.0,0.3,0.0,0.3,0.3,0.08,0.003048780487804878,0.05745752586973541,0.2574575258697354
356,0.980071552969851,0.5455160748488533,0.9750507229676285,0.5450842378227875,0.24908806407921,0.5106507090585758,0.75,0.2747985284862638,0.307383930545882,0.006097560975609756,0.7028571428571428,0.27422613962173303,0.3074709100715819,0.005714285714285714,0.006097560975609756,0.005714285714285714,0.06285714285714286,2.854285714285714,0.003048780487804878,0.0,0.020789263173253674,0.08818362515824717,10.073170731707316,0.036169000468216715,0.06978357135486657,0.17170140028093003,0.07926829268292683,0,0.15130170804983273,0.280575992338098,0.4977373889579968,0.7863181864362998,0.0,0.5,0.0,0.3,0.0,0.3,0.3,0.08,0.006097560975609756,0.057233800093643344,0.25723380009364333
357,0.9796461976366627,0.544784127968634,0.9746521042553833,0.5445472716058103,0.24908806407921,0.5097418999068952,0.7439024390243902,0.2745546260472394,0.307383930545882,0.006097560975609756,0.6971428571428572,0.2739975681931617,0.3074709100715819,0.005714285714285714,0.021341463414634148,0.02,0.06285714285714286,2.84,0.003048780487804878,0.0,0.02085737866358432,0.08806910687797087,10.073170731707316,0.035083930454170215,0.06776267943216419,0.17105035827250212,0.07926829268292683,0,0.1520014866524407,0.27917311237640746,0.5077826411788369,0.8105561232113792,0.0,0.7142857142857143,0.0,0.3,0.0,0.3,0.3,0.08,0.021341463414634148,0.05701678609083405,0.25701678609083406
358,0.9795077305294806,0.5435908300295842,0.9745223407949383,0.5434726853868326,0.24908806407921,0.5088879044280743,0.8109756097560976,0.27461560165699556,0.3076583207897844,0.006097560975609756,0.76,0.2740547110503045,0.30772805292872474,0.005714285714285714,0.01524390243902439,0.014285714285714285,0.06285714285714286,2.862857142857143,0.003048780487804878,0.0,0.020924007057732348,0.08795802414610286,10.073170731707316,0.034031412540545106,0.06579821956907816,0.17041884752432707,0.07926829268292683,0,0.15172719350489278,0.2777772468145254,0.5119127026409743,0.7943450007471515,0.0,1.0,0.0,0.3,0.0,0.3,0.3,0.08,0.01524390243902439,0.05680628250810903,0.256806282508109
359,0.9794937868308313,0.5436023418916643,0.9745092735573468,0.5437881967622192,0.24908806407921,0.5086094011053486,0.7682926829268293,0.27461560165699556,0.3076583207897844,0.006097560975609756,0.72,0.2740547110503045,0.30772805292872474,0.005714285714285714,0.006097560975609756,0.005714285714285714,0.06285714285714286,2.882857142857143,0.003048780487804878,0.0,0.020989163405687513,0.08785027389619086,10.073170731707316,0.03301047016432875,0.06388873839110187,0.16980628209859724,0.07926829268292683,0,0.15142570039451117,0.2763883605804528,0.5073887343024407,0.7784581007322086,0.0,1.0,0.0,0.3,0.0,0.3,0.3,0.08,0.006097560975609756,0.05660209403286576,0.25660209403286577
360,0.9795300244649845,0.54189414855144,0.9745432333973534,0.5420028952512557,0.24908806407921,0.5077921237165672,0.7439024390243902,0.27485950409601995,0.3078412476190527,0.006097560975609756,0.6971428571428572,0.27428328247887596,0.30789948150015334,0.005714285714285714,0.006097560975609756,0.005714285714285714,0.06285714285714286,2.857142857142857,0.003048780487804878,0.0,0.02105286377272013,0.08774575615377626,10.073170731707316,0.03202015605939889,0.062032812676094284,0.16921209363563933,0.07926829268292683,0,0.1512877026540648,0.2750064187775505,0.5029552453306776,0.7628889387175644,0.0,1.0,0.0,0.3,0.0,0.3,0.3,0.08,0.006097560975609756,0.056404031211879785,0.25640403121187977
361,0.9805370381062299,0.5415363284446774,0.9754869490382921,0.5415888382308659,0.24908806407921,0.5067288805040006,0.7225609756097561,0.27461560165699556,0.3076583207897844,0.006097560975609756,0.6771428571428572,0.2740547110503045,0.30772805292872474,0.005714285714285714,0.006097560975609756,0.005714285714285714,0.06285714285714286,2.7914285714285714,0.003048780487804878,0.0,0.02111512514558667,0.0876443739436341,10.073170731707316,0.03105955137761692,0.060229049184251204,0.16863573082657016,0.07926829268292683,0,0.15138840699793735,0.2850798924540897,0.49861042613834966,0.7536419414749017,0.0,0.0,0.0,0.3,0.0,0.3,0.3,0.08,0.006097560975609756,0.056211910275523386,0.25621191027552337
362,0.9805668812272713,0.5409623628799096,0.9755149163060108,0.5412715200839985,0.24908806407921,0.5055978831882157,0.7682926829268293,0.27455462604723946,0.30761258908246736,0.006097560975609756,0.72,0.2739975681931617,0.3076851957858676,0.005714285714285714,0.012195121951219513,0.011428571428571429,0.06285714285714286,2.834285714285714,0.003048780487804878,0.0,0.021175965343390446,0.08754603319979617,10.073170731707316,0.030127764836288415,0.05847608445482888,0.16807665890177304,0.07926829268292683,0,0.15154560782009052,0.2836544929918193,0.5000667890441541,0.7398583239725238,0.0,0.75,0.0,0.3,0.0,0.3,0.3,0.08,0.012195121951219513,0.05602555296725768,0.2560255529672577
363,0.9800548221008898,0.5407478297828154,0.9750350437532876,0.5412796371051912,0.24908806407921,0.504213501992225,0.7378048780487805,0.27467657726675165,0.30770405249710153,0.006097560975609756,0.6914285714285714,0.27411185390744736,0.30777091007158186,0.005714285714285714,0.009146341463414634,0.008571428571428572,0.06285714285714286,2.8114285714285714,0.006097560975609756,0.0,0.021235402932998415,0.08745064267827342,10.073170731707316,0.02922393189119976,0.05677258457246703,0.16753435913471984,0.07926829268292683,0,0.15132988263456149,0.28223622052686015,0.49863688183469956,0.7384885767470412,0.0,0.6666666666666666,0.0,0.3,0.0,0.3,0.3,0.08,0.009146341463414634,0.055844786378239954,0.25584478637823993
364,0.9791895648069064,0.5396906520238888,0.9742241740606401,0.5399936747634698,0.24908806407921,0.5029728819567164,0.7347560975609756,0.27504243092528824,0.30797844274100394,0.009146341463414634,0.6885714285714286,0.2744547110503045,0.30802805292872476,0.008571428571428572,0.024390243902439025,0.022857142857142857,0.06285714285714286,2.857142857142857,0.006097560975609756,0.0,0.021293457148904633,0.08735811387239632,10.073170731707316,0.028347213934463766,0.05511724490579173,0.16700832836067825,0.07926829268292683,0,0.1520684596997475,0.2808250394242259,0.5115212870551483,0.7439581832435901,0.0,0.875,0.0,0.3,0.0,0.3,0.3,0.08,0.024390243902439025,0.05566944278689276,0.25566944278689274
365,0.9801677721322057,0.5393329109694578,0.9751408940683496,0.539882438007339,0.24908806407921,0.5035781954867695,0.7530487804878049,0.27498145531553214,0.30797844274100394,0.009146341463414634,0.7057142857142857,0.2743975681931617,0.30802805292872476,0.008571428571428572,0.003048780487804878,0.002857142857142857,0.06285714285714286,2.9057142857142857,0.006097560975609756,0.0,0.02135014781742212,0.08726836093069555,10.073170731707316,0.027496797516429854,0.053508789820830516,0.1664980785098579,0.07926829268292683,0,0.1517366888298202,0.27942091422710474,0.5041480041711882,0.7479897353280968,0.0,1.0,0.0,0.3,0.0,0.3,0.3,0.08,0.003048780487804878,0.055499359503285974,0.25549935950328595
366,0.9795431088883386,0.5386655252805259,0.9745554953712398,0.5394279436041943,0.24908806407921,0.5041546316945036,0.801829268292683,0.27485950409601995,0.30788697932636977,0.009146341463414634,0.7514285714285714,0.27428328247887596,0.30794233864301046,0.008571428571428572,0.024390243902439025,0.022857142857142857,0.06285714285714286,2.9514285714285715,0.003048780487804878,0.0,0.021405495285078138,0.08718130057724581,10.073170731707316,0.026671893590936958,0.05194597237162091,0.16600313615456216,0.07926829268292683,0,0.15237771967138536,0.27802380965596923,0.5169221869449074,0.7575743655521249,0.0,0.625,0.0,0.3,0.0,0.3,0.3,0.08,0.024390243902439025,0.055334378718187395,0.25533437871818737
367,0.9802378340883228,0.5377636849758733,0.9752065521300821,0.5385217134044252,0.24908806407921,0.5043004363448526,0.7896341463414634,0.2754082845838248,0.30829856469222344,0.012195121951219513,0.74,0.27479756819316165,0.3083280529287247,0.011428571428571429,0.024390243902439025,0.022857142857142857,0.06285714285714286,2.96,0.003048780487804878,0.0,0.021459520351082187,0.08709685203439954,10.073170731707316,0.025871736783208848,0.050427573970253325,0.1655230420699253,0.07926829268292683,0,0.1517582603587427,0.2766336906076894,0.5294408860631521,0.7424228782410823,0.0,1.0,0.0,0.3,0.0,0.3,0.3,0.08,0.024390243902439025,0.05517434735664177,0.2551743473566418
368,0.9814318318402798,0.5375427693443203,0.9763254985947732,0.5383435772780415,0.24908806407921,0.5050947724773903,0.7591463414634146,0.2757131626326053,0.30852722322880877,0.012195121951219513,0.7114285714285714,0.2750832824788759,0.30854233864301045,0.011428571428571429,0.01524390243902439,0.014285714285714285,0.06285714285714286,2.9771428571428573,0.003048780487804878,0.0,0.021512244203731948,0.08701493694783867,10.073170731707316,0.025095584679712582,0.048952404038457686,0.16505735080782755,0.07926829268292683,0,0.15167685315995497,0.27525052215465096,0.5331377826276033,0.7275744206762607,0.0,1.0,0.0,0.3,0.0,0.3,0.3,0.08,0.01524390243902439,0.05501911693594252,0.25501911693594254
369,0.9820317899702172,0.5371238823936976,0.9768877450708289,0.5378240330191755,0.24908806407921,0.5055392633050052,0.7378048780487805,0.2755912114130931,0.30871015005807706,0.012195121951219513,0.6914285714285714,0.2749689967645902,0.30871376721443905,0.011428571428571429,0.021341463414634148,0.02,0.06285714285714286,2.9914285714285715,0.006097560975609756,0.0,0.021563688360619407,0.08693547931387459,10.073170731707316,0.024342717139321204,0.04751929964270851,0.1646056302835927,0.07926829268292683,0,0.15143261175129807,0.27387426954387767,0.5424750269750512,0.717370660356126,0.0,0.8571428571428571,0.0,0.3,0.0,0.3,0.3,0.08,0.021341463414634148,0.05486854342786424,0.25486854342786425
370,0.9813818654496047,0.5368513334128117,0.9762786729486547,0.5375823229714218,0.24908806407921,0.5053089592508653,0.7530487804878049,0.27492047970577604,0.3082071012775893,0.012195121951219513,0.7057142857142857,0.27434042533601877,0.3082423386430105,0.011428571428571429,0.024390243902439025,0.022857142857142857,0.06285714285714286,3.0428571428571427,0.006097560975609756,0.0,0.02161387461249741,0.08685840540892951,10.073170731707316,0.023612435625141568,0.04612712511470596,0.16416746137508492,0.07926829268292683,0,0.15081787797825583,0.27250489819615825,0.554482669292693,0.7030232471490034,0.0,1.0,0.0,0.3,0.0,0.3,0.3,0.08,0.024390243902439025,0.054722487125028314,0.2547224871250283
371,0.9810887674215577,0.5373994476488032,0.9760039982252277,0.538050254246139,0.24908806407921,0.5052116099715547,0.7652439024390244,0.27479852848626385,0.30811563786295515,0.012195121951219513,0.7171428571428572,0.27422613962173303,0.3081566243572962,0.011428571428571429,0.003048780487804878,0.002857142857142857,0.06285714285714286,3.0028571428571427,0.006097560975609756,0.0,0.021662824970666014,0.08678364372113273,10.073170731707316,0.02290406255638732,0.04477477165897081,0.16374243753383239,0.07926829268292683,0,0.15031584814060708,0.27114237370517746,0.546250158763982,0.6889627822060232,0.0,1.0,0.0,0.3,0.0,0.3,0.3,0.08,0.003048780487804878,0.054580812511277464,0.25458081251127745
372,0.9803668898276315,0.5365966866271672,0.9753274957943483,0.5373747353385355,0.24908806407921,0.5053805208935281,0.7621951219512195,0.2737619431204102,0.30733819883856495,0.009146341463414634,0.7142857142857143,0.2732547110503045,0.3074280529287247,0.008571428571428572,0.03353658536585366,0.03142857142857143,0.06285714285714286,3.0914285714285716,0.012195121951219513,0.0,0.021710561617737698,0.08671112488396984,10.073170731707316,0.0222169406796957,0.043461156949179625,0.16333016440781742,0.07926829268292683,0,0.15113441461061833,0.27068791295342187,0.5667537270172738,0.700007599508985,0.0,0.7272727272727273,0.0,0.3,0.0,0.3,0.3,0.08,0.03353658536585366,0.054443388135939144,0.25444338813593914
373,0.9790801028864069,0.5358486082496784,0.9741215926037151,0.5368050957387881,0.24908806407921,0.5049421176030122,0.7682926829268293,0.2735790162911419,0.30720100371661374,0.009146341463414634,0.72,0.2730832824788759,0.3072994815001533,0.008571428571428572,0.009146341463414634,0.008571428571428572,0.06285714285714286,3.1485714285714286,0.012195121951219513,0.0,0.02175710686164115,0.08664078161192189,10.073170731707316,0.021550432459304828,0.042185224714760716,0.1629302594755829,0.07926829268292683,0,0.1504358853947081,0.2693344733886548,0.5639900810483569,0.6860074475188053,0.0,1.0,0.0,0.3,0.0,0.3,0.3,0.08,0.009146341463414634,0.05431008649186097,0.254310086491861
374,0.9792180121249084,0.5359242008575766,0.9742508332615109,0.5366504263208426,0.24908806407921,0.5043690695510479,0.7469512195121951,0.2732724515052125,0.3070040119149453,0.009146341463414634,0.7,0.2727959874794907,0.3071148720403041,0.008571428571428572,0.012195121951219513,0.011428571428571429,0.06285714285714286,3.142857142857143,0.012195121951219513,0.0,0.021802483092724444,0.08657254863803533,10.073170731707316,0.020903919485525682,0.040945944319172756,0.1625423516913154,0.07926829268292683,0,0.1501408488248774,0.2679878010217115,0.5641388508559612,0.6722872985684292,0.0,1.0,0.0,0.3,0.0,0.3,0.3,0.08,0.012195121951219513,0.054180783897105136,0.25418078389710513
375,0.9792401953427626,0.5342595831898971,0.9742716221056711,0.53521300458761,0.24908806407921,0.504020602191936,0.7164634146341463,0.2722358661393589,0.30622657289055505,0.006097560975609756,0.6714285714285714,0.2718245589080621,0.30638630061173266,0.005714285714285714,0.03353658536585366,0.03142857142857143,0.06285714285714286,3.2085714285714286,0.012195121951219513,0.0,0.02184671274382025,0.0865063626533654,10.073170731707316,0.02027680190095991,0.03974231033118736,0.16216608114057593,0.07926829268292683,0,0.1516185731521816,0.26664786201660295,0.5842846452674134,0.7004035533889048,0.0,0.6363636363636364,0.0,0.3,0.0,0.3,0.3,0.08,0.03353658536585366,0.054055360380191986,0.254055360380192
376,0.9786536993899907,0.5331814405282825,0.9737262442411438,0.5338432104498045,0.24908806407921,0.5020634105686568,0.7431192660550459,0.2700102877483478,0.30464010981070966,0.0030581039755351682,0.6942857142857143,0.2718245589080621,0.30638630061173266,0.005714285714285714,0.0,0.0,0.06571428571428571,3.277142857142857,0.012232415902140673,0.002857142857142857,0.021890784153266882,0.08644216224823553,10.048929663608563,0.019668497843931113,0.03857334209041252,0.16180109870635867,0.0764525993883792,0,0.15086048028642068,0.26531462270651995,0.572598952362065,0.6863954823211268,0.0,0.0,0.0,0.3,0.0,0.3,0.3,0.08,0.0,0.05393369956878623,0.2539336995687862
377,0.9805832252155299,0.5324965032295848,0.9755289726552906,0.533252426481632,0.24908806407921,0.4993719218120744,0.7033639143730887,0.26964331527128355,0.3043648804529115,0.0030581039755351682,0.6571428571428571,0.2714817017652049,0.30612915775458976,0.005714285714285714,0.01834862385321101,0.017142857142857144,0.06571428571428571,3.2914285714285714,0.012232415902140673,0.0,0.02194465432465543,0.0863798878552596,10.048929663608563,0.01907844290861318,0.03743808326820253,0.1614470657451679,0.07951070336391437,0,0.15150589217070287,0.26398804959298733,0.5782898304576809,0.6726675726747042,0.0,1.0,0.0,0.3,0.0,0.3,0.3,0.08,0.01834862385321101,0.053815688581722636,0.25381568858172265
378,0.9804753994069142,0.5317283527304958,0.9754282325426697,0.532519692675469,0.24908806407921,0.49658447918986753,0.6880733944954128,0.2692763427942193,0.3040896510951133,0.0,0.6428571428571429,0.27113884462234783,0.305872014897447,0.002857142857142857,0.012232415902140673,0.011428571428571429,0.06571428571428571,3.2714285714285714,0.0061162079510703364,0.0,0.02198563514128355,0.08631948169407289,10.048929663608563,0.018506089621354783,0.03633560142501968,0.16110365377281285,0.07951070336391437,0,0.1509462340849564,0.26266810934502244,0.5781526052770988,0.6592142212212101,0.0,1.0,0.0,0.3,0.0,0.3,0.3,0.08,0.012232415902140673,0.05370121792427096,0.25370121792427097
379,0.9807179487853483,0.5304565520867662,0.9756548429619498,0.5310799044818462,0.24908806407921,0.49658447918986753,0.7186544342507645,0.26872588407862297,0.3037685501776821,0.0,0.6714285714285714,0.2706245589080621,0.30557201489744695,0.002857142857142857,0.024464831804281346,0.022857142857142857,0.06571428571428571,3.302857142857143,0.009174311926605505,0.0,0.022025557317115328,0.08626088771772186,10.048929663608563,0.01795090693271414,0.03526498756523999,0.1607705441596285,0.07951070336391437,0,0.1511342172002459,0.2613547687982973,0.5894466960286996,0.6903003260606677,0.0,0.875,0.0,0.3,0.0,0.3,0.3,0.08,0.024464831804281346,0.05359018138654283,0.2535901813865428
380,0.9805648011504805,0.5297354990937804,0.9755117593145162,0.5305397163906973,0.24908806407921,0.49658447918986753,0.7400611620795107,0.2685423978400909,0.30363093549878306,0.0,0.6914285714285714,0.27045313033663354,0.30544344346887553,0.002857142857142857,0.0061162079510703364,0.005714285714285714,0.06571428571428571,3.382857142857143,0.0030581039755351682,0.0,0.022064443027880146,0.08620405156066129,10.048929663608563,0.017412379724732717,0.03422535569031393,0.16044742783483962,0.07951070336391437,0,0.1504071175428161,0.2600479949543058,0.5833720478224113,0.6764943195394544,0.0,1.0,0.0,0.3,0.0,0.3,0.3,0.08,0.0061162079510703364,0.053482475944946546,0.25348247594494655
381,0.9814214829612248,0.5291759487737611,0.9763121448919828,0.5301546261955834,0.24908806407921,0.49658447918986753,0.709480122324159,0.2683589116015588,0.30349332081988395,0.0,0.6628571428571428,0.270281701765205,0.3053148720403041,0.002857142857142857,0.0061162079510703364,0.005714285714285714,0.06571428571428571,3.388571428571429,0.009174311926605505,0.0,0.02210231430654052,0.08614892048831257,10.048929663608563,0.016890008332990734,0.033215842351134284,0.16013400499979444,0.07951070336391437,0,0.15014065338367344,0.2593386543774519,0.5774188925802488,0.6690271454835094,0.0,0.5,0.0,0.3,0.0,0.3,0.3,0.08,0.0061162079510703364,0.053378001666598146,0.25337800166659813
382,0.9817273124983601,0.5284663582214801,0.976597877059535,0.5297047917429855,0.24908806407921,0.49658447918986753,0.7889908256880734,0.26780845288596244,0.3030804767831867,0.0,0.7371428571428571,0.26976741605091925,0.30492915775458984,0.002857142857142857,0.021406727828746176,0.02,0.06571428571428571,3.4,0.009174311926605505,0.0,0.02213919302045041,0.08609544334813432,10.048929663608563,0.01638330808300101,0.032235606200388345,0.1598299848498006,0.07951070336391437,0,0.15201837868818366,0.263336919633175,0.5858705147286438,0.6708608764583154,0.0,0.8571428571428571,0.0,0.3,0.0,0.3,0.3,0.08,0.021406727828746176,0.053276661616600204,0.25327666161660023
383,0.9814952166568267,0.5274522950024906,0.9763810332304453,0.5284933836784568,0.24908806407921,0.49658447918986753,0.6941896024464832,0.26750264248840894,0.30285727588506234,0.0,0.6485714285714286,0.269481701765205,0.3047206243440565,0.002857142857142857,0.009174311926605505,0.008571428571428572,0.06571428571428571,3.3285714285714287,0.0030581039755351682,0.0,0.02217510085048321,0.08604357052216138,10.048929663608563,0.01589180884051098,0.03128382754561865,0.15953508530430657,0.07951070336391437,0,0.1517154296518856,0.2642094983352841,0.5827245330054994,0.6840415384339681,0.0,0.6666666666666666,0.0,0.3,0.0,0.3,0.3,0.08,0.009174311926605505,0.0531783617681022,0.2531783617681022
384,0.9801356306442419,0.5266543764802537,0.9751107914415447,0.5275776820914378,0.24908806407921,0.49658447918986753,0.691131498470948,0.2671356700113447,0.30258204652726417,0.0,0.6457142857142857,0.26913884462234783,0.30446348148691366,0.002857142857142857,0.012232415902140673,0.011428571428571429,0.06571428571428571,3.3142857142857145,0.0030581039755351682,0.0,0.022210059272020886,0.08599325388096768,10.048929663608563,0.01541505457529565,0.030359707903652278,0.15924903274517738,0.07951070336391437,0,0.15189928178934045,0.2657174398240849,0.5824986137739608,0.6953007805610345,0.0,0.5,0.0,0.3,0.0,0.3,0.3,0.08,0.012232415902140673,0.05308301091505913,0.25308301091505914
385,0.9793521721267407,0.5260464752267199,0.9743788173409077,0.5270751739910235,0.24908806407921,0.49658447918986753,0.7247706422018348,0.26689102169330187,0.30239856028873213,0.0,0.6771428571428572,0.2689102731937764,0.30429205291548506,0.002857142857142857,0.009174311926605505,0.008571428571428572,0.06571428571428571,3.26,0.009174311926605505,0.0,0.022244089537700136,0.08594444673900976,10.048929663608563,0.01495260293803678,0.029462469557007154,0.15897156176282207,0.07951070336391437,0,0.1515969282375366,0.2643888526249645,0.5794200700699101,0.6833432994144512,0.0,0.6666666666666666,0.0,0.3,0.0,0.3,0.3,0.08,0.009174311926605505,0.05299052058760736,0.25299052058760735
386,0.979768325162501,0.5249416694855279,0.9747676231771752,0.5258714301116207,0.24908806407921,0.49658447918986753,0.6941896024464832,0.2665240492162377,0.30212333093093396,0.0,0.6485714285714286,0.2685674160509192,0.3040349100583422,0.002857142857142857,0.012232415902140673,0.011428571428571429,0.06571428571428571,3.3057142857142856,0.0061162079510703364,0.0,0.022277212661815156,0.08589710381131058,10.048929663608563,0.014504024849895677,0.02859135511283384,0.1587024149099374,0.07951070336391437,0,0.15253854948881562,0.26810988081856646,0.5792602400970835,0.6775247766836722,0.0,0.75,0.0,0.3,0.0,0.3,0.3,0.08,0.012232415902140673,0.05290080496997914,0.25290080496997913
387,0.9797820697480197,0.5247019901070351,0.9747804645470741,0.5255857030114219,0.24908806407921,0.49658447918986753,0.7033639143730887,0.26627940089819485,0.3019398446924018,0.0,0.6571428571428571,0.2683388446223478,0.3038634814869136,0.002857142857142857,0.0061162079510703364,0.005714285714285714,0.06571428571428571,3.2942857142857145,0.0,0.0,0.02230944940628073,0.08585118117144239,10.048929663608563,0.014068904104398806,0.02774562706489825,0.15844134246263927,0.07951070336391437,0,0.1526329995985144,0.2717834892064465,0.5733893210094275,0.7286464518079018,0.0,0.0,0.0,0.3,0.0,0.3,0.3,0.08,0.0061162079510703364,0.052813780820879765,0.25281378082087974
388,0.9802179647793051,0.5248528045363103,0.9751877150477322,0.5258548234211803,0.24908806407921,0.49658447918986753,0.7247706422018348,0.26615707673917344,0.30184810157313574,0.0,0.6771428571428572,0.2682245589080621,0.3037777672011993,0.002857142857142857,0.0061162079510703364,0.005714285714285714,0.06571428571428571,3.2857142857142856,0.0030581039755351682,0.0,0.0223408202680631,0.0858066362107702,10.048929663608563,0.013646836981266841,0.02692456735907056,0.1581881021887601,0.07951070336391437,0,0.15257777671214595,0.2704245717604143,0.5676358203035247,0.7140735227717437,0.0,1.0,0.0,0.3,0.0,0.3,0.3,0.08,0.0061162079510703364,0.05272936739625337,0.25272936739625335
389,0.9802841792807987,0.52474559900391,0.9752495783105559,0.5257983998567014,0.24908806407921,0.49658447918986753,0.6513761467889908,0.2656677801030878,0.30148112909607155,0.0,0.6085714285714285,0.26776741605091925,0.30343491005834217,0.002857142857142857,0.01834862385321101,0.017142857142857144,0.06571428571428571,3.3114285714285714,0.0,0.0,0.022371345467990217,0.08576342759891821,10.048929663608563,0.013237431871828836,0.026127476962740204,0.1579424591230973,0.07951070336391437,0,0.15321403353929952,0.26907244890161225,0.5734259610403113,0.6997920523163089,0.0,1.0,0.0,0.3,0.0,0.3,0.3,0.08,0.01834862385321101,0.05264748637436577,0.2526474863743658
390,0.9808028467689441,0.5249811674968026,0.975734161935195,0.5262584680438096,0.24908806407921,0.49658447918986753,0.654434250764526,0.26548429386455574,0.30134351441717244,0.0,0.6114285714285714,0.26759598747949065,0.3033063386297708,0.002857142857142857,0.009174311926605505,0.008571428571428572,0.06571428571428571,3.2914285714285714,0.0,0.0,0.022401044940856527,0.0857215152454218,10.048929663608563,0.01284030891567397,0.025353675438536172,0.15770418534940436,0.07951070336391437,0,0.1533336776573173,0.26772708665710415,0.5705288703909336,0.6857962112699827,0.0,1.0,0.0,0.3,0.0,0.3,0.3,0.08,0.009174311926605505,0.0525680617831348,0.2525680617831348
391,0.9799988500404361,0.5247086081861064,0.9749829992774173,0.5259980812683038,0.24908806407921,0.49658447918986753,0.6666666666666666,0.26505615930798077,0.3009765419401082,0.0,0.6228571428571429,0.2671959874794907,0.30296348148691365,0.002857142857142857,0.01529051987767584,0.014285714285714285,0.06571428571428571,3.2885714285714287,0.0030581039755351682,0.0,0.022429938326741495,0.08568086026253026,10.048929663608563,0.012455099648203752,0.02460250052269808,0.15747305978892223,0.07951070336391437,0,0.15430986641188787,0.26872909736114503,0.5734040072688292,0.6732816750501077,0.0,0.8,0.0,0.3,0.0,0.3,0.3,0.08,0.01529051987767584,0.05249101992964075,0.25249101992964074
392,0.9804910426863309,0.5236050854486248,0.9754428478351532,0.5249374609158041,0.24908806407921,0.49658447918986753,0.7400611620795107,0.2646891868309166,0.3007013125823101,0.0,0.6914285714285714,0.26685313033663355,0.30270633862977075,0.002857142857142857,0.012232415902140673,0.011428571428571429,0.06571428571428571,3.2142857142857144,0.0061162079510703364,0.0,0.02245804496346453,0.08564142492912544,10.048929663608563,0.01208144665875764,0.023873307708403013,0.1572488679952546,0.07951070336391437,0,0.15485260279411414,0.26800004620819384,0.573364498552024,0.6676079717550942,0.0,0.75,0.0,0.3,0.0,0.3,0.3,0.08,0.012232415902140673,0.052416289331751534,0.25241628933175153
393,0.9814342044760104,0.52322312967293,0.9763240304215112,0.5246478854273439,0.24908806407921,0.49658447918986753,0.7584097859327217,0.2644445385128737,0.30051782634377794,0.0,0.7085714285714285,0.2666245589080621,0.3025349100583422,0.002857142857142857,0.009174311926605505,0.008571428571428572,0.06571428571428571,3.145714285714286,0.0030581039755351682,0.0,0.02248538388010286,0.0856031726557228,10.048929663608563,0.01171900325899491,0.02316546983432588,0.15703140195539694,0.07951070336391437,0,0.1547862818917677,0.26666004597715287,0.5704686371524123,0.6558565080895163,0.0,0.6666666666666666,0.0,0.3,0.0,0.3,0.3,0.08,0.009174311926605505,0.052343800651798986,0.25234380065179896
394,0.9808877967740322,0.5216736121175094,0.9758135295113772,0.5231420538037349,0.24908806407921,0.49658447918986753,0.7614678899082569,0.2641998901948309,0.30033434010524585,0.0,0.7114285714285714,0.26639598747949067,0.3023634814869136,0.002857142857142857,0.0061162079510703364,0.005714285714285714,0.06571428571428571,3.145714285714286,0.009174311926605505,0.0,0.022511973791501973,0.08556606795052224,10.048929663608563,0.011367433161225063,0.022478376678675915,0.15682045989673504,0.07951070336391437,0,0.15486949333945177,0.2671841513456776,0.5647735501236497,0.6592950255774218,0.0,0.0,0.0,0.3,0.0,0.3,0.3,0.08,0.0061162079510703364,0.052273486632245014,0.252273486632245
395,0.9818937216761279,0.5212468111679973,0.9767533507770493,0.5228084283426885,0.24908806407921,0.49658447918986753,0.6636085626911316,0.2640775660358095,0.30024259698597977,0.0,0.62,0.266281701765205,0.3022777672011993,0.002857142857142857,0.0030581039755351682,0.002857142857142857,0.06571428571428571,3.177142857142857,0.0061162079510703364,0.0,0.02253783309371227,0.08553007638647768,10.048929663608563,0.01102641016638831,0.02181143455892587,0.15661584609983298,0.07951070336391437,0,0.15452371730132594,0.26865226067207765,0.5563352219783193,0.6736721806019789,0.0,0.0,0.0,0.3,0.0,0.3,0.3,0.08,0.0030581039755351682,0.052205282033277664,0.2522052820332777
396,0.9805262538315325,0.5205748123553122,0.9754925780446825,0.522157365264203,0.24908806407921,0.49658447918986753,0.6533742331288344,0.26407928147586535,0.30092925185884983,0.0,0.6085714285714285,0.266281701765205,0.3022777672011993,0.002857142857142857,0.0,0.0,0.06857142857142857,3.1285714285714286,0.006134969325153374,0.002857142857142857,0.022558903803585675,0.08549516456935446,10.036809815950921,0.01069561786139666,0.02116406593742237,0.15641737071683798,0.07975460122699386,0,0.1537510987148193,0.26730899936871727,0.5452085175387531,0.6601987369899392,0.0,0.0,0.0,0.3,0.0,0.3,0.3,0.08,0.0,0.05213912357227934,0.25213912357227936
397,0.981645403177387,0.5202641780592799,0.9765349857211069,0.5216800953867073,0.24908806407921,0.49658447918986753,0.7852760736196319,0.2639565820893623,0.30083722731897256,0.0,0.7314285714285714,0.26616741605091926,0.302192052915485,0.002857142857142857,0.003067484662576687,0.002857142857142857,0.06857142857142857,3.0914285714285716,0.006134969325153374,0.0,0.02259300656619559,0.08546130010674494,10.036809815950921,0.01037474932555476,0.020535709033042693,0.15622484959533284,0.07975460122699386,0,0.1534109146498166,0.27327698036789444,0.5371614900451208,0.7031862648887743,0.0,0.0,0.0,0.3,0.0,0.3,0.3,0.08,0.003067484662576687,0.05207494986511096,0.252074949865111
398,0.9818904212618867,0.5198208643468943,0.9767632025655267,0.5214267586491089,0.24908806407921,0.49658447918986753,0.7484662576687117,0.2637725330096077,0.3007912150490339,0.0,0.6971428571428572,0.26599598747949066,0.3021491957726279,0.002857142857142857,0.006134969325153374,0.005714285714285714,0.06857142857142857,3.0914285714285716,0.006134969325153374,0.0,0.022616793408298645,0.0854284515780137,10.036809815950921,0.010063506845788116,0.01992581743903754,0.15603810410747287,0.07975460122699386,0,0.15350100293371038,0.27366245662790417,0.5321325459585041,0.7241671543584886,0.0,0.5,0.0,0.3,0.0,0.3,0.3,0.08,0.006134969325153374,0.05201270136915763,0.2520127013691576
399,0.9821333779135514,0.5196560048995937,0.9769894993325058,0.5211848160292472,0.24908806407921,0.49658447918986753,0.745398773006135,0.26340443485009846,0.300515141429402,0.0,0.6942857142857143,0.2656531303366335,0.30189205291548504,0.002857142857142857,0.009202453987730062,0.008571428571428572,0.06857142857142857,3.16,0.003067484662576687,0.0,0.02263991962625297,0.08539658850514442,10.036809815950921,0.009761601640414473,0.01933385974717905,0.15585696098424867,0.07975460122699386,0,0.15401921220475612,0.2722941443447646,0.5300613236107626,0.7265027412442386,0.0,0.6666666666666666,0.0,0.3,0.0,0.3,0.3,0.08,0.009202453987730062,0.0519523203280829,0.2519523203280829
400,0.981153149063386,0.5192579908887885,0.9760764861749233,0.520829478378349,0.24908806407921,0.49658447918986753,0.6871165644171779,0.26340443485009846,0.300515141429402,0.0,0.64,0.2656531303366335,0.30189205291548504,0.002857142857142857,0.0,0.0,0.06857142857142857,3.1342857142857143,0.009202453987730062,0.0,0.022662401991243565,0.08536568132446119,10.036809815950921,0.009468753591202039,0.01875931917831508,0.15568125215472123,0.07975460122699386,0,0.15324911614373235,0.27093267362304085,0.5194600971385472,0.7119726864193539,0.0,0.0,0.0,0.3,0.0,0.3,0.3,0.08,0.0,0.051893750718240414,0.2518937507182404
401,0.98127475833067,0.5187935950350261,0.976189756521022,0.5203393064235738,0.24908806407921,0.49658447918986753,0.696319018404908,0.26322038577034385,0.300377104619586,0.0,0.6485714285714286,0.26548170176520497,0.30176348148691357,0.002857142857142857,0.006134969325153374,0.005714285714285714,0.06857142857142857,3.0828571428571427,0.006134969325153374,0.0,0.022684256944176685,0.08533570135919846,10.036809815950921,0.009184690983465978,0.01820169321940779,0.1555108145900796,0.07975460122699386,0,0.15316350154382766,0.2695780102549256,0.5147851809100621,0.7108665808580357,0.0,0.5,0.0,0.3,0.0,0.3,0.3,0.08,0.006134969325153374,0.051836938196693196,0.25183693819669317
402,0.9817451949742515,0.5180185246227826,0.9764129975916769,0.5196979021222393,0.24908806407921,0.49658447918986753,0.7446153846153846,0.262987803891854,0.30044450599863093,0.0,0.6914285714285714,0.26548170176520497,0.30176348148691357,0.002857142857142857,0.0,0.0,0.07142857142857142,3.0714285714285716,0.003076923076923077,0.002857142857142857,0.02269751521697409,0.08530662079289364,10.036923076923078,0.008909150253961998,0.01766049326712238,0.1553454901523772,0.08,0,0.1523976840361085,0.268230120203651,0.5044894772918609,0.6966492492408749,0.0,0.0,0.0,0.3,0.0,0.3,0.3,0.08,0.0,0.0517818300507924,0.2517818300507924
403,0.9812178712832,0.5178633973123209,0.9759233398785578,0.5194787430944783,0.24908806407921,0.49658447918986753,0.7323076923076923,0.26255703466108476,0.30012142907555395,0.0,0.68,0.26508170176520496,0.3014634814869136,0.002857142857142857,0.015384615384615385,0.014285714285714285,0.07142857142857142,3.0885714285714285,0.006153846153846154,0.0,0.022719809843853155,0.08527841264357794,10.036923076923078,0.008641875746343139,0.017135244278011386,0.15518512544780588,0.08,0,0.1537785527587851,0.26688896960263275,0.5086854020317378,0.7097511766774289,0.0,0.6,0.0,0.3,0.0,0.3,0.3,0.08,0.015384615384615385,0.05172837514926863,0.2517283751492686
404,0.9817955371748478,0.5176977809675872,0.976459743920802,0.5193463089904331,0.24908806407921,0.49658447918986753,0.7230769230769231,0.2624954961995463,0.30007527522940014,0.0,0.6714285714285714,0.2650245589080621,0.30142062434405653,0.002857142857142857,0.003076923076923077,0.002857142857142857,0.07142857142857142,3.0714285714285716,0.003076923076923077,0.0,0.02273986642855268,0.08525105073874172,10.036923076923078,0.008382619473952845,0.01662548442532863,0.1550295716843717,0.08,0,0.15343823142356258,0.26555452475461955,0.5013688368482461,0.6955561531438803,0.0,1.0,0.0,0.3,0.0,0.3,0.3,0.08,0.003076923076923077,0.05167652389479057,0.25167652389479056
405,0.981518144426953,0.5172478053430598,0.9762021649406141,0.5188032202084555,0.24908806407921,0.49658447918986753,0.7292307692307692,0.2622493423533925,0.29989065984478475,0.0,0.6771428571428572,0.2647959874794907,0.30124919577262793,0.002857142857142857,0.006153846153846154,0.005714285714285714,0.07142857142857142,3.0342857142857143,0.006153846153846154,0.0,0.022759358406840596,0.08522450969105055,10.036923076923078,0.008131140889734259,0.016130764762490424,0.15487868453384054,0.08,0,0.15352818312358762,0.27864010103806214,0.4970557458255667,0.6982175696569806,0.0,0.0,0.0,0.3,0.0,0.3,0.3,0.08,0.006153846153846154,0.051626228177946855,0.25162622817794683
406,0.981200741634076,0.5165149865628301,0.9759074337757998,0.5182366446359367,0.24908806407921,0.49658447918986753,0.7261538461538461,0.2619416500457002,0.2996598906140155,0.0,0.6742857142857143,0.2645102731937764,0.3010349100583422,0.002857142857142857,0.009230769230769232,0.008571428571428572,0.07142857142857142,3.0742857142857143,0.003076923076923077,0.0,0.02277830057334631,0.08519876487479018,10.036923076923078,0.007887206663042231,0.015650648893192565,0.15473232399782533,0.08,0,0.15404625649368398,0.2772469005328718,0.495686059480484,0.7766054762057257,0.0,0.3333333333333333,0.0,0.3,0.0,0.3,0.3,0.08,0.009230769230769232,0.05157744133260845,0.25157744133260845
407,0.9819568218369011,0.5170815871031225,0.9766095082498516,0.5186225201136618,0.24908806407921,0.49658447918986753,0.6861538461538461,0.26181857312262324,0.2996137367678616,0.0,0.6371428571428571,0.26439598747949067,0.3009920529154851,0.002857142857142857,0.006153846153846154,0.005714285714285714,0.07142857142857142,3.1514285714285712,0.003076923076923077,0.0,0.02279670740133201,0.08517379240301759,10.036923076923078,0.007650590463150964,0.01518471264817578,0.15459035427789058,0.08,0,0.15413316806835842,0.2758606660302075,0.49148662400515997,0.7610733666816111,0.0,1.0,0.0,0.3,0.0,0.3,0.3,0.08,0.006153846153846154,0.051530118092630195,0.2515301180926302
408,0.9833181780407466,0.5168595803051788,0.977873624724851,0.5184461140161286,0.24908806407921,0.49658447918986753,0.7169230769230769,0.2616954961995463,0.29952142907555396,0.0,0.6657142857142857,0.26428170176520493,0.3009063386297708,0.002857142857142857,0.006153846153846154,0.005714285714285714,0.07142857142857142,3.1314285714285712,0.003076923076923077,0.0,0.022814593045460622,0.08514956910539816,10.036923076923078,0.0074210727492564355,0.014732543768625317,0.15445264364955386,0.08,0,0.15362824581096976,0.27448136270005646,0.4873711772393426,0.7458518993479789,0.0,1.0,0.0,0.3,0.0,0.3,0.3,0.08,0.006153846153846154,0.05148421454985129,0.25148421454985126
409,0.9819047650438099,0.517741292908289,0.9765611697991241,0.5191529249948125,0.24908806407921,0.49658447918986753,0.7138461538461538,0.2614493423533925,0.29933681369093856,0.0,0.6628571428571428,0.2640531303366335,0.3007349100583422,0.002857142857142857,0.009230769230769232,0.008571428571428572,0.07142857142857142,3.0514285714285716,0.003076923076923077,0.0,0.02283197134485544,0.08512607250670734,10.036923076923078,0.007198440566778742,0.014293741596179688,0.15431906434006723,0.08,0,0.15382742628773133,0.27310895588655615,0.4861951822659843,0.7309348613610194,0.0,1.0,0.0,0.3,0.0,0.3,0.3,0.08,0.009230769230769232,0.05143968811335575,0.25143968811335576
410,0.9828107235209698,0.5166587079579877,0.9774024169564869,0.5180617074523255,0.24908806407921,0.49658447918986753,0.7538461538461538,0.26132626543031556,0.29924450599863084,0.0,0.7,0.2639388446223478,0.3006491957726279,0.002857142857142857,0.006153846153846154,0.005714285714285714,0.07142857142857142,3.06,0.0,0.0,0.022848855826423126,0.08510328080597725,10.036923076923078,0.0069824873497753796,0.013867916769512711,0.1541894924098652,0.08,0,0.15308686058486407,0.27174341110712336,0.4821855643349502,0.716316164133799,0.0,1.0,0.0,0.3,0.0,0.3,0.3,0.08,0.006153846153846154,0.05139649746995508,0.25139649746995507
411,0.9803014308039355,0.5169936526564415,0.9750723594335263,0.518243874325741,0.24908806407921,0.49658447918986753,0.76,0.26114165004570017,0.29910604446016936,0.0,0.7057142857142857,0.26376741605091925,0.3005206243440565,0.002857142857142857,0.006153846153846154,0.005714285714285714,0.07142857142857142,3.0485714285714285,0.0,0.0,0.022865259708413778,0.08508117285626901,10.036923076923078,0.006773012729282118,0.013454690927448443,0.15406380763756927,0.08,0,0.1530293683935639,0.2773882766570091,0.4782561387625369,0.733185104754754,0.0,0.5,0.0,0.3,0.0,0.3,0.3,0.08,0.006153846153846154,0.05135460254585643,0.2513546025458564
412,0.9809443340658355,0.5160129822193239,0.975669341033862,0.5172295552788676,0.24908806407921,0.49658447918986753,0.7630769230769231,0.2610185731226232,0.2990137367678617,0.0,0.7085714285714285,0.2636531303366335,0.3004349100583422,0.002857142857142857,0.003076923076923077,0.002857142857142857,0.07142857142857142,3.0742857142857143,0.0,0.0,0.022881195904193324,0.08505972814505204,10.036923076923078,0.006569822347403655,0.013053696418557914,0.1539418934084422,0.08,0,0.15237765297659608,0.27600133527372406,0.4715481588444291,0.7185214026596588,0.0,1.0,0.0,0.3,0.0,0.3,0.3,0.08,0.003076923076923077,0.051313964469480736,0.25131396446948073
413,0.9810705660337348,0.5161023755294752,0.9757865564326257,0.5172566480705405,0.24908806407921,0.49658447918986753,0.7507692307692307,0.2607724192764694,0.2988291213832463,0.0,0.6971428571428572,0.2634245589080621,0.3002634814869137,0.002857142857142857,0.009230769230769232,0.008571428571428572,0.07142857142857142,3.06,0.0,0.0,0.022896677026204938,0.08503892677517164,10.036923076923078,0.006372727676981545,0.01266457601718185,0.15382363660618892,0.08,0,0.1529014789974274,0.27462132859735544,0.470688624238969,0.7541288356485293,0.0,0.6666666666666666,0.0,0.3,0.0,0.3,0.3,0.08,0.009230769230769232,0.051274545535396315,0.2512745455353963
414,0.9781132454920054,0.5164789127313139,0.9730404730724483,0.5176134845151081,0.24908806407921,0.49658447918986753,0.7569230769230769,0.26058780389185404,0.29869065984478477,0.0,0.7028571428571428,0.26325313033663356,0.3001349100583422,0.002857142857142857,0.006153846153846154,0.005714285714285714,0.07142857142857142,3.08,0.0,0.0,0.022911715390098022,0.08501874944638761,10.036923076923078,0.006181545846672099,0.012286982645817623,0.15370892750800325,0.08,0,0.1526789744560117,0.27324822195436865,0.46698913746847537,0.7440377080258611,0.0,0.5,0.0,0.3,0.0,0.3,0.3,0.08,0.006153846153846154,0.05123630916933442,0.2512363091693344
415,0.979460995297519,0.5155136972481059,0.9742919550347111,0.5164892714370397,0.24908806407921,0.49658447918986753,0.7661538461538462,0.26021857312262325,0.2984137367678617,0.0,0.7114285714285714,0.2629102731937764,0.2998777672011993,0.002857142857142857,0.012307692307692308,0.011428571428571429,0.07142857142857142,3.08,0.0,0.0,0.022926323019004487,0.08499917743746709,10.036923076923078,0.005996099471271936,0.011920579103801288,0.15359765968276315,0.08,0,0.1528012938694459,0.30252123205335973,0.4690779261476773,0.7364644221562388,0.0,0.5,0.0,0.3,0.0,0.3,0.3,0.08,0.012307692307692308,0.05119921989425439,0.25119921989425437
416,0.9783999092896434,0.5153027220498545,0.9733066608845408,0.5160623792616688,0.24908806407921,0.49658447918986753,0.7476923076923077,0.26003395773800786,0.2982752752294001,0.0,0.6942857142857143,0.2627388446223478,0.29974919577262793,0.002857142857142857,0.006153846153846154,0.005714285714285714,0.07142857142857142,3.1,0.0,0.0,0.022940511647943383,0.08498019258881417,10.036923076923078,0.005816216487133778,0.011565037802213185,0.15348972989228027,0.08,0,0.15223734642064032,0.30100862589309296,0.46541065333900944,0.7217351337131139,0.0,1.0,0.0,0.3,0.0,0.3,0.3,0.08,0.006153846153846154,0.05116324329742676,0.25116324329742673
417,0.9789803146041672,0.515269514484936,0.9738456086765986,0.5159669196149753,0.24908806407921,0.49658447918986753,0.7446153846153846,0.25966472696877707,0.2980445059986309,0.0,0.6914285714285714,0.26239598747949067,0.2995349100583422,0.002857142857142857,0.015384615384615385,0.014285714285714285,0.07142857142857142,3.14,0.0,0.0,0.02295429272833642,0.08496177728562083,10.036923076923078,0.005641729992519764,0.011220040504929751,0.15338503799551184,0.08,0,0.1521596024922156,0.2995035827636275,0.4703881545579436,0.7179706059509234,0.0,1.0,0.0,0.3,0.0,0.3,0.3,0.08,0.015384615384615385,0.05112834599850396,0.251128345998504
418,0.9796605263351486,0.5140146067713519,0.974477233855367,0.5147256830289965,0.24908806407921,0.49658447918986753,0.7415384615384616,0.25966472696877707,0.2980445059986309,0.0,0.6885714285714286,0.26239598747949067,0.2995349100583422,0.002857142857142857,0.0,0.0,0.07142857142857142,3.157142857142857,0.003076923076923077,0.0,0.02296767743261795,0.08494391444152337,10.036923076923078,0.005472478092744171,0.010885278075740024,0.1532834868556465,0.08,0,0.15139880447975454,0.2980060648498094,0.4609803914667846,0.7036111938319048,0.0,0.0,0.0,0.3,0.0,0.3,0.3,0.08,0.0,0.051094495618548834,0.25109449561854885
419,0.9798490960193,0.5136450934508309,0.9746523342763647,0.514255107161063,0.24908806407921,0.49658447918986753,0.7476923076923077,0.25966472696877707,0.2980445059986309,0.0,0.6942857142857143,0.26239598747949067,0.2995349100583422,0.002857142857142857,0.0,0.0,0.07142857142857142,3.1085714285714285,0.0,0.0,0.022980676658924247,0.08492658748274876,10.036923076923078,0.0053083037499618456,0.01056045023144403,0.1531849822499771,0.08,0,0.15064181045735575,0.2965160345255603,0.451760783637449,0.6895389699552668,0.0,0.0,0.0,0.3,0.0,0.3,0.3,0.08,0.0,0.05106166074999237,0.25106166074999237
420,0.9797906174970554,0.5134043389884052,0.9745980327914235,0.5139230181248333,0.24908806407921,0.49658447918986753,0.7630769230769231,0.2595416500457002,0.2979521983063232,0.0,0.7085714285714285,0.262281701765205,0.2994491957726279,0.002857142857142857,0.006153846153846154,0.005714285714285714,0.07142857142857142,3.06,0.0,0.0,0.022993301035847905,0.08490978033273743,10.036923076923078,0.00514905463746299,0.01024526530084413,0.15308943278247777,0.08,0,0.1499738878336404,0.2950334543529325,0.4484398536789857,0.6757481905561614,0.0,1.0,0.0,0.3,0.0,0.3,0.3,0.08,0.006153846153846154,0.0510298109274926,0.2510298109274926
421,0.9795204904240824,0.5138074393577856,0.9743472005093772,0.5142149283414494,0.24908806407921,0.49658447918986753,0.7907692307692308,0.25923395773800784,0.2977675829217078,0.0,0.7342857142857143,0.26199598747949066,0.2992777672011993,0.002857142857142857,0.012307692307692308,0.011428571428571429,0.07142857142857142,3.077142857142857,0.0,0.0,0.02300556092724424,0.08489347739722641,10.036923076923078,0.0049945829983391,0.009939439989540277,0.15299674979900346,0.08,0,0.1506231641051865,0.2935582870811679,0.45089962803397743,0.6703607076652887,0.0,0.75,0.0,0.3,0.0,0.3,0.3,0.08,0.012307692307692308,0.05099891659966782,0.25099891659966783
422,0.9790298437229892,0.5129059013529219,0.9738916000012192,0.5131865065115406,0.24908806407921,0.49658447918986753,0.7876923076923077,0.2589262654303155,0.2975368136909386,0.0,0.7314285714285714,0.2617102731937764,0.2990634814869136,0.002857142857142857,0.009230769230769232,0.008571428571428572,0.07142857142857142,3.1342857142857143,0.0,0.0,0.023017466437077673,0.08487766354978075,10.036923076923078,0.004844745508388927,0.00964269915043725,0.15290684730503334,0.08,0,0.15038419114180346,0.292090495645762,0.4504530640447264,0.6835229159484089,0.0,0.6666666666666666,0.0,0.3,0.0,0.3,0.3,0.08,0.009230769230769232,0.05096894910167779,0.2509689491016778
423,0.9783885151420264,0.5122265171144746,0.9732960806046107,0.512684475092938,0.24908806407921,0.49658447918986753,0.7415384615384616,0.2586801115841617,0.29735219830632326,0.0,0.6885714285714286,0.26148170176520497,0.29889205291548504,0.002857142857142857,0.006153846153846154,0.005714285714285714,0.07142857142857142,3.1857142857142855,0.0,0.0,0.02302902741429665,0.08486232411775842,10.036923076923078,0.0046994031431372586,0.009354775559869521,0.15281964188588235,0.08,0,0.15008941304323725,0.29914881310966684,0.4471582884781175,0.6698524576294407,0.0,0.5,0.0,0.3,0.0,0.3,0.3,0.08,0.006153846153846154,0.050939880628627456,0.25093988062862743
424,0.9801275314796264,0.5122063327065258,0.974910881489525,0.5124305929423143,0.24908806407921,0.49658447918986753,0.76,0.2586801115841617,0.29735219830632326,0.0,0.7057142857142857,0.26148170176520497,0.29889205291548504,0.002857142857142857,0.0,0.0,0.07142857142857142,3.24,0.003076923076923077,0.0,0.023040253457726968,0.08484744486869678,10.036923076923078,0.0045584210488431405,0.00907540969924825,0.15273505262930587,0.08,0,0.1493389659780211,0.2976530690441185,0.4382151227085551,0.6564554084768518,0.0,0.0,0.0,0.3,0.0,0.3,0.3,0.08,0.0,0.05091168420976863,0.2509116842097686
425,0.9803704708480292,0.5116884480197269,0.975136468045899,0.5120296623948707,0.24908806407921,0.49658447918986753,0.7446153846153846,0.2584954961995463,0.29721373676786167,0.0,0.6914285714285714,0.2613102731937764,0.2987634814869136,0.002857142857142857,0.006153846153846154,0.005714285714285714,0.07142857142857142,3.2857142857142856,0.0,0.0,0.023051153920973705,0.08483301199710702,10.036923076923078,0.004421668417377846,0.008804349542133605,0.1526530010504267,0.08,0,0.1494494140052738,0.29616480369889786,0.4351651059686698,0.6628787718256249,0.0,0.5,0.0,0.3,0.0,0.3,0.3,0.08,0.006153846153846154,0.05088433368347557,0.25088433368347557
426,0.980428657481544,0.5108832670592792,0.9751904984913056,0.5111926517135508,0.24908806407921,0.49658447918986753,0.72,0.2583108808149309,0.29707527522940014,0.0,0.6685714285714286,0.2611388446223478,0.29863491005834214,0.002857142857142857,0.006153846153846154,0.005714285714285714,0.07142857142857142,3.28,0.0,0.0,0.023061737917323143,0.08481901211166488,10.036923076923078,0.004289018364856511,0.008541350346634835,0.1525734110189139,0.08,0,0.14955930979239032,0.2946839796804034,0.4321760895635821,0.652443609589982,0.0,0.5,0.0,0.3,0.0,0.3,0.3,0.08,0.006153846153846154,0.050857803672971304,0.2508578036729713
427,0.9790788031965598,0.5103975562738363,0.9739370623695347,0.5106010460306254,0.24908806407921,0.49658447918986753,0.72,0.25818780389185403,0.29698296753709247,0.0,0.6685714285714286,0.26102455890806214,0.2985491957726279,0.002857142857142857,0.006153846153846154,0.005714285714285714,0.07142857142857142,3.36,0.0,0.0,0.023072014324636483,0.08480543222278605,10.036923076923078,0.0041603478139108155,0.008286174453038697,0.15249620868834649,0.08,0,0.14923231962292752,0.2932105597820014,0.4292468534865962,0.6393947373981823,0.0,1.0,0.0,0.3,0.0,0.3,0.3,0.08,0.006153846153846154,0.05083206956278217,0.25083206956278215
428,0.9788123301636243,0.5112059337330871,0.9736896231246661,0.5110513450512506,0.24908806407921,0.49658447918986753,0.7076923076923077,0.25781857312262324,0.2967983521524771,0.0,0.6571428571428571,0.260681701765205,0.2983777672011993,0.002857142857142857,0.012307692307692308,0.011428571428571429,0.07142857142857142,3.3142857142857145,0.0,0.0,0.023081991790227917,0.08479225973057358,10.036923076923078,0.004035537379493491,0.008038591086568347,0.1524213224276961,0.08,0,0.14894330088195573,0.29174450698309135,0.43209048784543574,0.6395880046604856,0.0,0.75,0.0,0.3,0.0,0.3,0.3,0.08,0.012307692307692308,0.0508071074758987,0.2508071074758987
429,0.9779539066358629,0.5103351210124484,0.9728925155631734,0.5100433349865531,0.24908806407921,0.49658447918986753,0.6892307692307692,0.2576954961995463,0.29670604446016935,0.0,0.64,0.26056741605091926,0.298292052915485,0.002857142857142857,0.006153846153846154,0.005714285714285714,0.07142857142857142,3.2857142857142856,0.0,0.0,0.023091678735720347,0.08477948241312751,10.036923076923078,0.003914471258108686,0.007798376165171983,0.1523486827548652,0.08,0,0.14905572723468882,0.29028578444817593,0.42916296380281277,0.6267962445672759,0.0,1.0,0.0,0.3,0.0,0.3,0.3,0.08,0.006153846153846154,0.05078289425162174,0.25078289425162176
430,0.9772145290629433,0.5103148023836894,0.9722059506740336,0.5100452179499644,0.24908806407921,0.49658447918986753,0.7569230769230769,0.25751088081493095,0.2965675829217078,0.0,0.7028571428571428,0.26039598747949066,0.29816348148691363,0.002857142857142857,0.006153846153846154,0.005714285714285714,0.07142857142857142,3.2285714285714286,0.003076923076923077,0.0,0.02310108336187243,0.08476708841520478,10.036923076923078,0.0037970371203654256,0.007565312112242317,0.15227822227221924,0.08,0,0.14916759145565825,0.288834355525935,0.4262939902410422,0.6168825029865558,0.0,0.5,0.0,0.3,0.0,0.3,0.3,0.08,0.006153846153846154,0.05075940742407309,0.2507594074240731
431,0.9784596922499955,0.5088735354355578,0.9733621736334391,0.5087212607725503,0.24908806407921,0.49658447918986753,0.76,0.25695703466108477,0.2961521983063232,0.0,0.7057142857142857,0.2598817017652049,0.29777776720119936,0.002857142857142857,0.015384615384615385,0.014285714285714285,0.07142857142857142,3.2314285714285713,0.003076923076923077,0.0,0.023110213653371438,0.08475506623721973,10.036923076923078,0.0036831260067544625,0.007339187674166858,0.15220987560405266,0.08,0,0.15056461064123708,0.2950122661058741,0.43205382472193554,0.657942982294964,0.0,0.4,0.0,0.3,0.0,0.3,0.3,0.08,0.015384615384615385,0.050736625201350895,0.25073662520135087
432,0.9785869123795772,0.5090915698592976,0.9734803066109079,0.5088750364757427,0.24908806407921,0.49658447918986753,0.7846153846153846,0.2568954961995463,0.29610604446016936,0.0,0.7285714285714285,0.2598245589080621,0.2977349100583422,0.002857142857142857,0.003076923076923077,0.002857142857142857,0.07142857142857142,3.2342857142857144,0.006153846153846154,0.0,0.02311907738358668,0.08474340472457431,10.036923076923078,0.0035726322265518286,0.007119797742611067,0.1521435793359311,0.08,0,0.1500638471402734,0.29353720477534473,0.4262698910846398,0.6447841226490646,0.0,1.0,0.0,0.3,0.0,0.3,0.3,0.08,0.003076923076923077,0.05071452644531037,0.2507145264453104
433,0.9790312243619232,0.5094472116102272,0.9738928820230864,0.5089589489733516,0.24908806407921,0.49658447918986753,0.7323076923076923,0.2568954961995463,0.29610604446016936,0.0,0.68,0.2598245589080621,0.2977349100583422,0.002857142857142857,0.0,0.0,0.07142857142857142,3.2,0.0,0.0,0.023127682119278896,0.08473209305730815,10.036923076923078,0.0034654532597552736,0.006906943181432812,0.15207927195585316,0.08,0,0.14931352790457206,0.292069518751468,0.41774449326294694,0.6318884401960833,0.0,0.0,0.0,0.3,0.0,0.3,0.3,0.08,0.0,0.05069309065195106,0.25069309065195106
434,0.9784232553211895,0.5094620508510199,0.9733283393424048,0.5090273852555544,0.24908806407921,0.49658447918986753,0.7476923076923077,0.2566493423533925,0.29596758292170783,0.0,0.6942857142857143,0.2595959874794907,0.29760633862977076,0.002857142857142857,0.009230769230769232,0.008571428571428572,0.07142857142857142,3.262857142857143,0.0,0.0,0.02313603522526142,0.08472112074006001,10.036923076923078,0.0033614896619626154,0.006700430658132306,0.15201689379717756,0.08,0,0.14985267455076348,0.29060917115771073,0.41796103196911655,0.656281472706657,0.0,0.6666666666666666,0.0,0.3,0.0,0.3,0.3,0.08,0.009230769230769232,0.05067229793239253,0.25067229793239254
435,0.9789541379373782,0.5093376292020609,0.9738213017717231,0.5089335821455264,0.24908806407921,0.49658447918986753,0.76,0.2564647269687771,0.2958394839374252,0.0,0.7057142857142857,0.25942455890806215,0.29748738957293697,0.002857142857142857,0.006153846153846154,0.005714285714285714,0.07142857142857142,3.2342857142857144,0.006153846153846154,0.0,0.02314414386900938,0.08471047759232936,10.036923076923078,0.003260644972103737,0.006500072479738717,0.15195638698326225,0.08,0,0.14994803257339126,0.2891561253019222,0.41531609704401995,0.643155843252524,0.0,1.0,0.0,0.3,0.0,0.3,0.3,0.08,0.006153846153846154,0.05065212899442075,0.25065212899442074
436,0.9806367842464548,0.508687004516646,0.975383759058723,0.5083566291005459,0.24908806407921,0.49658447918986753,0.7569230769230769,0.2562185731226232,0.29565486855280987,0.0,0.7028571428571428,0.2591959874794907,0.29731596100150837,0.002857142857142857,0.006153846153846154,0.005714285714285714,0.07142857142857142,3.2457142857142856,0.006153846153846154,0.0,0.023152015025213468,0.0847001537390306,10.036923076923078,0.0031628256229406246,0.006305686433034863,0.15189769537376438,0.08,0,0.15005543526766713,0.2896648327117479,0.41272406081742524,0.6667878278272253,0.0,0.0,0.0,0.3,0.0,0.3,0.3,0.08,0.006153846153846154,0.05063256512458813,0.25063256512458815
437,0.9803953377224099,0.508260309223571,0.9751595587149671,0.5079620664056252,0.24908806407921,0.49658447918986753,0.7630769230769231,0.25597241927646935,0.29547025316819453,0.0,0.7085714285714285,0.2589674160509192,0.29714453243007977,0.002857142857142857,0.006153846153846154,0.005714285714285714,0.07142857142857142,3.3142857142857145,0.003076923076923077,0.0,0.023159655480275404,0.08469013960133076,10.036923076923078,0.0030679408542524057,0.0061170956290268474,0.15184076451255143,0.08,0,0.15016230094847166,0.2882165085481892,0.41018386531536244,0.6699781921660757,0.0,0.5,0.0,0.3,0.0,0.3,0.3,0.08,0.006153846153846154,0.05061358817085048,0.2506135881708505
438,0.9816871447329892,0.5071695619315522,0.9763590937962191,0.50693008056944,0.24908806407921,0.49658447918986753,0.7476923076923077,0.25597241927646935,0.29547025316819453,0.0,0.6942857142857143,0.2589674160509192,0.29714453243007977,0.002857142857142857,0.0,0.0,0.07142857142857142,3.334285714285714,0.006153846153846154,0.0,0.023167071836742367,0.08468042588776199,10.036923076923078,0.0029759026286248335,0.005934128351560153,0.1517855415771749,0.08,0,0.14941148944372928,0.2867754260054483,0.40198018800905516,0.6565786283227542,0.0,0.0,0.0,0.3,0.0,0.3,0.3,0.08,0.0,0.05059518052572497,0.250595180525725
439,0.9799440373928621,0.5068148059759254,0.9747404941232438,0.5064883171421354,0.24908806407921,0.49658447918986753,0.7507692307692307,0.2557262654303155,0.2953109920362447,0.0,0.6971428571428572,0.2587388446223478,0.29699664709326934,0.002857142857142857,0.006153846153846154,0.005714285714285714,0.07142857142857142,3.388571428571429,0.003076923076923077,0.0,0.02317427051767802,0.0846710035856002,10.036923076923078,0.0028866255497660884,0.005756617909990158,0.15173197532985966,0.08,0,0.14952157485365353,0.285341548875421,0.39965486996315974,0.6957637726205239,0.0,0.0,0.0,0.3,0.0,0.3,0.3,0.08,0.006153846153846154,0.05057732510995322,0.25057732510995323
440,0.9798238953984999,0.5063245484510873,0.9746289336999076,0.5059718879525088,0.24908806407921,0.49658447918986753,0.7384615384615385,0.2554801115841617,0.29512637665162933,0.0,0.6857142857142857,0.2585102731937764,0.29682521852184074,0.002857142857142857,0.006153846153846154,0.005714285714285714,0.07142857142857142,3.462857142857143,0.003076923076923077,0.0,0.02318125777096819,0.08466186395250333,10.036923076923078,0.002800026783273106,0.0055844024958126015,0.15168001606996387,0.08,0,0.14963110983652808,0.29015682245864305,0.3973760582781823,0.6892487824235349,0.0,0.0,0.0,0.3,0.0,0.3,0.3,0.08,0.006153846153846154,0.05056000535665462,0.2505600053566546
441,0.9803336328369155,0.5060788327232474,0.9751022613212935,0.5057806851857611,0.24908806407921,0.49658447918986753,0.7076923076923077,0.2552954961995463,0.29498791511316785,0.0,0.6571428571428571,0.2583388446223478,0.2966966470932693,0.002857142857142857,0.006153846153846154,0.005714285714285714,0.07142857142857142,3.4571428571428573,0.0,0.0,0.023188039673559403,0.08465299850839936,10.036923076923078,0.0027160259797749126,0.00541732504316228,0.15162961558786495,0.08,0,0.14974009714448833,0.2887060383463498,0.3951428228269044,0.6754638067750642,0.0,1.0,0.0,0.3,0.0,0.3,0.3,0.08,0.006153846153846154,0.05054320519595498,0.25054320519595497
442,0.9806015947575403,0.5063250953238734,0.9753510831047308,0.5061483977734595,0.24908806407921,0.49658447918986753,0.7353846153846154,0.254987803891854,0.29489560742086013,0.0,0.6828571428571428,0.2580531303366335,0.296610932807555,0.002857142857142857,0.009230769230769232,0.008571428571428572,0.07142857142857142,3.462857142857143,0.003076923076923077,0.0,0.023194622135628708,0.08464439902761847,10.036923076923078,0.002634545200381665,0.005255233093089617,0.151580727120229,0.08,0,0.14961699296271166,0.28726250815461807,0.39581139494179485,0.6811406394008346,0.0,0.6666666666666666,0.0,0.3,0.0,0.3,0.3,0.08,0.009230769230769232,0.05052690904007633,0.25052690904007635
443,0.9802515752547253,0.5057724001814623,0.9750260649949741,0.5055611305238937,0.24908806407921,0.49658447918986753,0.7538461538461538,0.25486472696877704,0.29480329972855246,0.0,0.7,0.25793884462234784,0.2965252185218407,0.002857142857142857,0.003076923076923077,0.002857142857142857,0.07142857142857142,3.525714285714286,0.0,0.0,0.023201010904683694,0.08463605753126104,10.036923076923078,0.002555508844370215,0.005097978661524283,0.15153330530662212,0.08,0,0.14929747942646954,0.285826195613845,0.39075230990010174,0.7012678176112923,0.0,0.0,0.0,0.3,0.0,0.3,0.3,0.08,0.003076923076923077,0.050511101768874044,0.25051110176887403
444,0.9805979384147162,0.5055843605463193,0.9753476879292512,0.5054988981475627,0.24908806407921,0.49658447918986753,0.7476923076923077,0.25449549619954626,0.29457311121263313,0.0,0.6942857142857143,0.25759598747949064,0.29631147204277286,0.002857142857142857,0.012307692307692308,0.011428571428571429,0.07142857142857142,3.58,0.003076923076923077,0.0,0.023207211569591404,0.08462796627979431,10.036923076923078,0.0024788435790391084,0.004945418110839261,0.15148730614742345,0.08,0,0.15017029027554077,0.28756468874202357,0.39436583513067114,0.7554772279965127,0.0,0.5,0.0,0.3,0.0,0.3,0.3,0.08,0.012307692307692308,0.050495768715807826,0.2504957687158078
445,0.9797885605090106,0.5058883381393906,0.9745961227310961,0.5059511125056237,0.24908806407921,0.49658447918986753,0.7507692307692307,0.25437241927646936,0.29448080352032546,0.0,0.6971428571428572,0.25748170176520496,0.29622575775705856,0.002857142857142857,0.003076923076923077,0.002857142857142857,0.07142857142857142,3.5914285714285716,0.006153846153846154,0.0,0.02321322956453566,0.08462011776587164,10.036923076923078,0.002404478271667935,0.004797412024927561,0.15144268696300076,0.08,0,0.1498480102527345,0.28612686529831344,0.3893356612852006,0.758187535761953,0.0,0.0,0.0,0.3,0.0,0.3,0.3,0.08,0.003076923076923077,0.05048089565433359,0.25048089565433357
446,0.9808622280938408,0.5055107589607986,0.9755930997741527,0.5053450527515486,0.24908806407921,0.49658447918986753,0.7076923076923077,0.25431088081493086,0.2944346496741716,0.0,0.6571428571428571,0.2574245589080621,0.2961829006142014,0.002857142857142857,0.003076923076923077,0.002857142857142857,0.07142857142857142,3.6342857142857143,0.006153846153846154,0.0,0.023219070172901785,0.08461250470736657,10.036923076923078,0.002332343923517897,0.004653825087704844,0.15139940635411073,0.08,0,0.14952734163004222,0.28469623097182184,0.3844060909166394,0.743023785046714,0.0,1.0,0.0,0.3,0.0,0.3,0.3,0.08,0.003076923076923077,0.05046646878470358,0.2504664687847036
447,0.9808413949365133,0.5044701314595716,0.9755737546994915,0.5045182903148729,0.24908806407921,0.49658447918986753,0.6707692307692308,0.2540647269687771,0.2942500342895562,0.0,0.6228571428571429,0.2571959874794907,0.29601147204277284,0.002857142857142857,0.009230769230769232,0.008571428571428572,0.07142857142857142,3.585714285714286,0.006153846153846154,0.0,0.023224738531088543,0.08460512004061668,10.036923076923078,0.0022623736058123597,0.00451452596495705,0.1513574241634874,0.08,0,0.15006541920760633,0.28327274981696277,0.38528939766973525,0.7281633093457797,0.0,1.0,0.0,0.3,0.0,0.3,0.3,0.08,0.009230769230769232,0.050452474721162474,0.2504524747211625
448,0.9805028129579245,0.504589664232256,0.9752593571479448,0.5046075456369358,0.24908806407921,0.49658447918986753,0.7076923076923077,0.2540647269687771,0.2942500342895562,0.0,0.6571428571428571,0.2571959874794907,0.29601147204277284,0.002857142857142857,0.0,0.0,0.07142857142857142,3.5942857142857143,0.006153846153846154,0.0,0.023230239632246883,0.0845979569138693,10.036923076923078,0.002194502397637989,0.0043793871894469705,0.15131670143858278,0.08,0,0.14931509211156826,0.28185638606787794,0.3775836097163405,0.713600043158864,0.0,0.0,0.0,0.3,0.0,0.3,0.3,0.08,0.0,0.0504389004795276,0.2504389004795276
449,0.9809214954494003,0.5050143268903257,0.9756481337471722,0.5050436300215713,0.24908806407921,0.49658447918986753,0.7015384615384616,0.2540031885072386,0.2942038804434024,0.0,0.6514285714285715,0.2571388446223478,0.29596861489991566,0.002857142857142857,0.003076923076923077,0.002857142857142857,0.07142857142857142,3.617142857142857,0.003076923076923077,0.0,0.02323557832994521,0.08459100868092433,10.036923076923078,0.002128667325708849,0.004248285049200606,0.1512772003954253,0.08,0,0.14899708807958184,0.28044710413753854,0.3728890803791566,0.6993280422956868,0.0,1.0,0.0,0.3,0.0,0.3,0.3,0.08,0.003076923076923077,0.05042573346514177,0.25042573346514174
