t,mean_x,mean_y,mean_x_all,mean_y_all,mean_L,y0,mean_epc,mean_r,mean_b,fund_prevalence,mean_epc_all,mean_r_all,mean_b_all,fund_prevalence_all,punish_rate,mean_punished,exit_rate,mean_exit_intent,exit_attempt_rate,exit_success_rate,p_opp_mean,stay_value,mean_degree_active,threat,A,budget,enforcer_frac,n_cadre_fallback,cap_mean,cap_p90,service_mean,service_p90,monopoly_on,enforcer_punish_share_step,alpha_punish_revalue,delta_outside_degrade,mu_membership_reward,current_delta,eta_delta_drift,punish_floor,punish_intensity_step,pi_reward,lam_punish
0,0.3408321910373803,0.5038930472994475,0.3408321910373803,0.5038930472994475,0.23694709746888695,0.5,0.0,0.34133879019015617,0.3416119573654826,0.005714285714285714,0.0,0.34133879019015617,0.3416119573654826,0.005714285714285714,0.0,0.0,0.0,0.0,0.0,0.0,0.5,0.0,11.794285714285714,0.0,0.0,0.0,0.0,0,0.0,0.0,0.0,0.0,0.0,0.0,0.0,0.95,0.0,0.95,0.0,0.08,0.0,0.5,0.25
1,0.3496798136109513,0.5036932868010626,0.3496798136109513,0.5036932868010626,0.23694709746888695,0.5030196136943192,0.6285714285714286,0.34253879019015615,0.3425119573654826,0.005714285714285714,0.6285714285714286,0.34253879019015615,0.3425119573654826,0.005714285714285714,0.03142857142857143,0.03142857142857143,0.0,0.03142857142857143,0.0,0.0,0.02647425309555618,0.11836634914903713,11.794285714285714,0.0,0.0,0.15,0.08,28,0.004714285714285714,0.0,0.03142857142857143,0.0,0.0,0.8181818181818182,0.0,0.95,0.0,0.95,0.0,0.08,0.03142857142857143,0.5,0.25
2,0.3582583749377651,0.5049413871518632,0.3582583749377651,0.5049413871518632,0.23694709746888695,0.5051197713656752,0.8542857142857143,0.3439673616187276,0.3435833859369112,0.008571428571428572,0.8542857142857143,0.3439673616187276,0.3435833859369112,0.008571428571428572,0.037142857142857144,0.037142857142857144,0.0,0.005714285714285714,0.0,0.0,0.02647425309555618,0.11836634914903713,11.794285714285714,0.0,0.0,0.15,0.08,25,0.010262142857142855,0.0,0.06794285714285715,0.0,0.0,1.0,0.0,0.95,0.0,0.95,0.0,0.08,0.037142857142857144,0.5,0.25
3,0.36813996212381395,0.5048428103905678,0.36813996212381395,0.5048428103905678,0.23694709746888695,0.5033736576690325,0.9314285714285714,0.34488164733301335,0.34426910022262547,0.008571428571428572,0.9314285714285714,0.34488164733301335,0.34426910022262547,0.008571428571428572,0.02857142857142857,0.02857142857142857,0.0,0.02,0.0,0.0,0.02647425309555618,0.11836634914903713,11.794285714285714,0.0,0.0,0.15,0.08,18,0.014496546428571429,0.0,0.09515542857142857,0.0,0.0,0.8,0.0,0.95,0.0,0.95,0.0,0.08,0.02857142857142857,0.5,0.25
4,0.3770141306112473,0.5048008986612175,0.3770141306112473,0.5048008986612175,0.23694709746888695,0.5017202743615725,0.8885714285714286,0.3457387901901562,0.3449119573654826,0.008571428571428572,0.8885714285714286,0.3457387901901562,0.3449119573654826,0.008571428571428572,0.022857142857142857,0.022857142857142857,0.0,0.02,0.0,0.0,0.02647425309555618,0.11836634914903713,11.794285714285714,0.0,0.0,0.15,0.08,17,0.017852635125,0.0,0.11610946285714285,0.0,0.0,1.0,0.0,0.95,0.0,0.95,0.0,0.08,0.022857142857142857,0.5,0.25
5,0.3886133427574954,0.5058071670951403,0.3886133427574954,0.5058071670951403,0.23694709746888695,0.5005395854688837,0.8771428571428571,0.34756736161872764,0.34628338593691116,0.017142857142857144,0.8771428571428571,0.34756736161872764,0.34628338593691116,0.017142857142857144,0.04857142857142857,0.04857142857142857,0.0,0.022857142857142857,0.0,0.0,0.02647425309555618,0.11836634914903713,11.794285714285714,0.0,0.0,0.15,0.08,16,0.02504908623508929,0.0,0.16235870217142856,0.0,0.0,1.0,0.0,0.95,0.0,0.95,0.0,0.08,0.04857142857142857,0.5,0.25
6,0.39567088017502083,0.5066167638024762,0.39567088017502083,0.5066167638024762,0.23694709746888695,0.5024169685628147,0.9314285714285714,0.3495102187615847,0.34774052879405404,0.02,0.9314285714285714,0.3495102187615847,0.34774052879405404,0.02,0.045714285714285714,0.054285714285714284,0.0,0.025714285714285714,0.0,0.0,0.02647425309555618,0.11836634914903713,11.794285714285714,0.0,0.0,0.15,0.08,15,0.03306669794677098,0.0,0.21339724241371427,0.0,0.0,0.9473684210526315,0.0,0.95,0.0,0.95,0.0,0.08,0.045714285714285714,0.5,0.25
7,0.406016532514788,0.5062868300021929,0.406016532514788,0.5062868300021929,0.23694709746888695,0.5055200089576509,0.9285714285714286,0.350595933047299,0.3485548145083398,0.02,0.9285714285714286,0.350595933047299,0.3485548145083398,0.02,0.03142857142857143,0.03142857142857143,0.0,0.02857142857142857,0.0,0.0,0.02647425309555618,0.11836634914903713,11.794285714285714,0.0,0.0,0.15,0.08,13,0.03761565017132284,0.0,0.2405578689940114,0.0,0.0,0.9090909090909091,0.0,0.95,0.0,0.95,0.0,0.08,0.03142857142857143,0.5,0.25
8,0.41615081555406813,0.5062700778004958,0.41615081555406813,0.5062700778004958,0.23694709746888695,0.508739200769915,0.9257142857142857,0.35180860712428624,0.3495833859369112,0.02,0.9257142857142857,0.35180860712428624,0.3495833859369112,0.02,0.03428571428571429,0.03428571428571429,0.0,0.03142857142857143,0.0,0.0,0.02647425309555618,0.11836634914903713,11.794285714285714,0.0,0.0,0.15,0.08,13,0.04257042906332336,0.0,0.27003242589984544,0.0,0.0,1.0,0.0,0.95,0.0,0.95,0.0,0.08,0.03428571428571429,0.5,0.25
9,0.4251734771592438,0.5069643357287915,0.4251734771592438,0.5069643357287915,0.23694709746888695,0.5115038365204054,0.8885714285714286,0.35395980345922495,0.3512976716511969,0.02857142857142857,0.8885714285714286,0.35395980345922495,0.3512976716511969,0.02857142857142857,0.06,0.06,0.0,0.025714285714285714,0.0,0.0,0.02647425309555618,0.11836634914903713,11.794285714285714,0.0,0.0,0.15,0.08,13,0.05135757691800675,0.0,0.32463177738184856,0.0,0.0,0.9047619047619048,0.0,0.95,0.0,0.95,0.0,0.08,0.06,0.5,0.25
10,0.43206479070977205,0.5073487471506565,0.43206479070977205,0.5073487471506565,0.23694709746888695,0.5138260037422856,0.9142857142857143,0.35564977774944806,0.3527976716511969,0.02857142857142857,0.9142857142857143,0.35564977774944806,0.3527976716511969,0.02857142857142857,0.045714285714285714,0.05714285714285714,0.0,0.04857142857142857,0.0,0.0,0.02647425309555618,0.11836634914903713,11.794285714285714,0.0,0.0,0.15,0.08,11,0.05948619659999759,0.0,0.37528199897706865,0.0,0.0,0.85,0.0,0.95,0.0,0.95,0.0,0.08,0.045714285714285714,0.5,0.25
11,0.438957974661129,0.5076854224613296,0.438957974661129,0.5076854224613296,0.23694709746888695,0.5160775022518258,0.8971428571428571,0.3569640634637338,0.3538359691995327,0.02857142857142857,0.8971428571428571,0.3569640634637338,0.3538359691995327,0.02857142857142857,0.04,0.04,0.0,0.04,0.0,0.0,0.02647425309555618,0.11836634914903713,11.794285714285714,0.0,0.0,0.15,0.08,8,0.06478876561699759,0.0,0.4077763589975273,0.0,0.0,0.7142857142857143,0.0,0.95,0.0,0.95,0.0,0.08,0.04,0.5,0.25
12,0.4493107630094869,0.5084161237422038,0.4493107630094869,0.5084161237422038,0.23694709746888695,0.518198453467498,0.9057142857142857,0.3582783491780195,0.35507882634238985,0.03142857142857143,0.9057142857142857,0.3582783491780195,0.35507882634238985,0.03142857142857143,0.06,0.06,0.0,0.06285714285714286,0.0,0.0,0.02647425309555618,0.11836634914903713,11.794285714285714,0.0,0.0,0.15,0.08,7,0.0709300632851777,0.14209621195017821,0.45962083181757685,0.8040329918878318,0.0,0.8571428571428571,0.0,0.95,0.0,0.95,0.0,0.08,0.06,0.5,0.25
13,0.4585832182563302,0.5088106469627686,0.4585832182563302,0.5088106469627686,0.23694709746888695,0.5193432120193666,0.9514285714285714,0.35943412695991306,0.3561502549138184,0.03428571428571429,0.9514285714285714,0.35943412695991306,0.3561502549138184,0.03428571428571429,0.04857142857142857,0.04857142857142857,0.0,0.07428571428571429,0.0,0.0,0.02647425309555618,0.11836634914903713,11.794285714285714,0.0,0.0,0.15,0.08,4,0.07562621764066461,0.14555587640343984,0.49899984375265377,0.8858423808639998,0.0,0.8823529411764706,0.0,0.95,0.0,0.95,0.0,0.08,0.04857142857142857,0.5,0.25
14,0.4682862609499747,0.5088207391447398,0.4682862609499747,0.5088207391447398,0.23694709746888695,0.5196856010908724,0.9228571428571428,0.36064683971312467,0.35726454062810414,0.037142857142857144,0.9228571428571428,0.36064683971312467,0.35726454062810414,0.037142857142857144,0.04857142857142857,0.04857142857142857,0.0,0.08285714285714285,0.0,0.0,0.02647425309555618,0.11836634914903713,11.794285714285714,0.0,0.0,0.15,0.08,4,0.08087665798103273,0.14497401861610854,0.5375912754490293,0.8717050596020486,0.0,0.9411764705882353,0.0,0.95,0.0,0.95,0.0,0.08,0.04857142857142857,0.5,0.25
15,0.4778271274861335,0.5093482985661286,0.4778271274861335,0.5093482985661286,0.23694709746888695,0.5197979643783925,0.92,0.3627252898893464,0.3591073977709613,0.037142857142857144,0.92,0.3627252898893464,0.3591073977709613,0.037142857142857144,0.07142857142857142,0.07428571428571429,0.0,0.08857142857142856,0.0,0.0,0.02647425309555618,0.11836634914903713,11.794285714285714,0.0,0.0,0.15,0.08,4,0.0889165478410603,0.14562902005992398,0.6011251642257629,0.8876502224576002,0.0,0.9615384615384616,0.0,0.95,0.0,0.95,0.0,0.08,0.07142857142857142,0.5,0.25
16,0.48516879790697937,0.5092261281264823,0.48516879790697937,0.5092261281264823,0.23694709746888695,0.5197465379640094,0.9142857142857143,0.3635185497059046,0.3604359691995327,0.037142857142857144,0.9142857142857143,0.3635185497059046,0.3604359691995327,0.037142857142857144,0.06,0.06285714285714286,0.0,0.1,0.0,0.0,0.02647425309555618,0.11836634914903713,11.794285714285714,0.0,0.0,0.15,0.08,3,0.09258568010185501,0.14562902005992398,0.6519598037983906,0.8876502224576002,0.0,0.9545454545454546,0.0,0.95,0.0,0.95,0.0,0.08,0.06,0.5,0.25
17,0.49475966413993644,0.5092731902938247,0.49475966413993644,0.5092731902938247,0.23694709746888695,0.5196437703072728,0.8942857142857142,0.36518534492871774,0.3623394539676869,0.04,0.8942857142857142,0.36518534492871774,0.3623394539676869,0.04,0.07142857142857142,0.07714285714285714,0.0,0.11428571428571428,0.0,0.0,0.02647425309555618,0.11836634914903713,11.794285714285714,0.0,0.0,0.15,0.08,3,0.09870561875948722,0.14555587640343984,0.7160634648652799,0.8858423808639998,0.0,0.9259259259259259,0.0,0.95,0.0,0.95,0.0,0.08,0.07142857142857142,0.5,0.25
18,0.5043279711442823,0.5094101824474264,0.5043279711442823,0.5094101824474264,0.23694709746888695,0.5196397564381044,0.8971428571428571,0.3665547213121123,0.36385075272215117,0.04285714285714286,0.8971428571428571,0.3665547213121123,0.36385075272215117,0.04285714285714286,0.06857142857142857,0.07714285714285714,0.0,0.16,0.0,0.0,0.02647425309555618,0.11836634914903713,11.794285714285714,0.0,0.0,0.15,0.08,3,0.10205877336874185,0.14482809702142263,0.7788850527108314,0.8681255332467198,0.0,1.0,0.0,0.95,0.0,0.95,0.0,0.08,0.06857142857142857,0.5,0.25
19,0.5145374488452248,0.5092905736522126,0.5145374488452248,0.5092905736522126,0.23694709746888695,0.5198971036781024,0.8942857142857142,0.3683832927406838,0.3657224339450119,0.045714285714285714,0.8942857142857142,0.3683832927406838,0.3657224339450119,0.045714285714285714,0.09714285714285714,0.10571428571428572,0.0,0.15428571428571428,0.0,0.0,0.02647425309555618,0.11836634914903713,11.794285714285714,0.0,0.0,0.15,0.08,3,0.107919337359041,0.14482809702142263,0.8690216373709004,0.8681255332467198,0.0,0.9459459459459459,0.0,0.95,0.0,0.95,0.0,0.08,0.09714285714285714,0.5,0.25
20,0.5217140506655885,0.5099665908318345,0.5217140506655885,0.5099665908318345,0.23694709746888695,0.5200748363900299,0.9171428571428571,0.3695856929155409,0.3667938625164405,0.04857142857142857,0.9171428571428571,0.3695856929155409,0.3667938625164405,0.04857142857142857,0.07428571428571429,0.08,0.0,0.1742857142857143,0.0,0.0,0.02647425309555618,0.11836634914903713,11.794285714285714,0.0,0.0,0.15,0.08,3,0.11240802638653151,0.14417637058482624,0.9316412046234825,0.8524992736482793,0.0,0.9642857142857143,0.0,0.95,0.0,0.95,0.0,0.08,0.07428571428571429,0.5,0.25
21,0.5306056467469107,0.5099712624828054,0.5306056467469107,0.5099712624828054,0.23694709746888695,0.5203379044527373,0.8914285714285715,0.37049997862982664,0.3675652910878691,0.04857142857142857,0.8914285714285715,0.37049997862982664,0.3675652910878691,0.04857142857142857,0.06,0.06,0.0,0.1742857142857143,0.002857142857142857,0.0,0.02647425309555618,0.11836634914903713,11.794285714285714,0.0,0.0,0.15,0.08,1,0.11593155768317026,0.14417637058482624,0.9730083805310127,0.8524992736482793,0.0,0.9523809523809523,0.0,0.95,0.0,0.95,0.0,0.08,0.06,0.5,0.25
22,0.5401743276200126,0.5099117259287936,0.5401743276200126,0.5099117259287936,0.23694709746888695,0.5206483704923106,0.9,0.37101426434411233,0.3680040513987479,0.04857142857142857,0.9,0.37101426434411233,0.3680040513987479,0.04857142857142857,0.054285714285714284,0.05714285714285714,0.0,0.1742857142857143,0.005714285714285714,0.0,0.02647425309555618,0.11836634914903713,11.794285714285714,0.0,0.0,0.15,0.08,1,0.11778004275189728,0.14345548873190211,1.0106910700632497,0.8354492881753136,0.0,1.0,0.0,0.95,0.0,0.95,0.0,0.08,0.054285714285714284,0.5,0.25
23,0.5450098050153167,0.5096320808683008,0.5450098050153167,0.5096320808683008,0.23694709746888695,0.5209283824342388,0.8885714285714286,0.3721574717918372,0.3691611942558908,0.05142857142857143,0.8885714285714286,0.3721574717918372,0.3691611942558908,0.05142857142857143,0.06285714285714286,0.07428571428571429,0.0,0.20285714285714285,0.005714285714285714,0.0,0.02647425309555618,0.11836634914903713,11.794285714285714,0.0,0.0,0.15,0.08,1,0.12227557396313779,0.14417637058482624,1.0647629629476991,0.8524992736482793,0.0,0.9230769230769231,0.0,0.95,0.0,0.95,0.0,0.08,0.06285714285714286,0.5,0.25
24,0.5537829720305858,0.5089629390191572,0.5537829720305858,0.5089629390191572,0.23694709746888695,0.5209741933283244,0.92,0.37322940743854166,0.37048976568446224,0.05142857142857143,0.92,0.37322940743854166,0.37048976568446224,0.05142857142857143,0.07714285714285714,0.08857142857142856,0.0,0.23142857142857143,0.005714285714285714,0.0,0.02647425309555618,0.11836634914903713,11.794285714285714,0.0,0.0,0.15,0.08,1,0.12643377464691138,0.14417637058482624,1.1320391322601735,0.8524992736482793,0.0,0.967741935483871,0.0,0.95,0.0,0.95,0.0,0.08,0.07714285714285714,0.5,0.25
25,0.5617447262031393,0.5093426793090593,0.5617447262031393,0.5093426793090593,0.23694709746888695,0.520921663707084,0.9028571428571428,0.3740294074385417,0.37177547997017646,0.054285714285714284,0.9028571428571428,0.3740294074385417,0.37177547997017646,0.054285714285714284,0.08,0.08285714285714285,0.0,0.26857142857142857,0.005714285714285714,0.0,0.02647425309555618,0.11836634914903713,11.794285714285714,0.0,0.0,0.15,0.08,1,0.13000103505939112,0.14410395653631553,1.192255492472113,0.8507630225817854,0.0,0.9655172413793104,0.0,0.95,0.0,0.95,0.0,0.08,0.08,0.5,0.25
26,0.5712201985084358,0.5093238913164916,0.5712201985084358,0.5093238913164916,0.23694709746888695,0.5209793286154629,0.9,0.37488655029568446,0.3729326228273193,0.054285714285714284,0.9,0.37488655029568446,0.3729326228273193,0.054285714285714284,0.07142857142857142,0.07714285714285714,0.0,0.2857142857142857,0.005714285714285714,0.0,0.02647425309555618,0.11836634914903713,11.794285714285714,0.0,0.0,0.15,0.08,1,0.13323302368846102,0.14338343675363394,1.2455532397655278,0.8337477621301497,0.0,0.9629629629629629,0.0,0.95,0.0,0.95,0.0,0.08,0.07142857142857142,0.5,0.25
27,0.5773914203446767,0.5094385351340653,0.5773914203446767,0.5094385351340653,0.23694709746888695,0.5209887348318436,0.88,0.37574369315282735,0.3740897656844623,0.05714285714285714,0.88,0.37574369315282735,0.3740897656844623,0.05714285714285714,0.08285714285714285,0.09142857142857143,0.0,0.32,0.005714285714285714,0.0,0.02647425309555618,0.11836634914903713,11.794285714285714,0.0,0.0,0.15,0.08,0,0.13720467598912775,0.14266651956986576,1.3120707463987886,0.8170728068875467,0.0,1.0,0.0,0.95,0.0,0.95,0.0,0.08,0.08285714285714285,0.5,0.25
28,0.586285748811492,0.5088157849150862,0.586285748811492,0.5088157849150862,0.23694709746888695,0.5206916000169157,0.8628571428571429,0.3769436181009709,0.375727885117203,0.06,0.8628571428571429,0.3769436181009709,0.375727885117203,0.06,0.1,0.11142857142857143,0.0,0.3742857142857143,0.008571428571428572,0.0,0.02647425309555618,0.11836634914903713,11.794285714285714,0.0,0.0,0.15,0.08,0,0.14046710704350165,0.14417637058482624,1.3972579028993843,0.8524992736482793,0.0,0.9487179487179487,0.0,0.95,0.0,0.95,0.0,0.08,0.1,0.5,0.25
29,0.5946471483895014,0.5094666596676465,0.5946471483895014,0.5094666596676465,0.23694709746888695,0.5201025732917779,0.9228571428571428,0.37791504667239945,0.37677779816397083,0.06285714285714286,0.9228571428571428,0.37791504667239945,0.37677779816397083,0.06285714285714286,0.08571428571428572,0.09428571428571429,0.0,0.4342857142857143,0.008571428571428572,0.0,0.02647425309555618,0.11836634914903713,11.794285714285714,0.0,0.0,0.15,0.08,0,0.14323043742072383,0.14424914852302798,1.4635984591271107,0.8542709584100077,0.0,0.9696969696969697,0.0,0.95,0.0,0.95,0.0,0.08,0.08571428571428572,0.5,0.25
30,0.6034832062116705,0.5100642648083216,0.6034832062116705,0.5100642648083216,0.23694709746888695,0.5194643808386176,0.8771428571428571,0.37916677222657913,0.37832065530682796,0.06285714285714286,0.8771428571428571,0.37916677222657913,0.37832065530682796,0.06285714285714286,0.09714285714285714,0.10571428571428572,0.0,0.47714285714285715,0.008571428571428572,0.0,0.02647425309555618,0.11836634914903713,11.794285714285714,0.0,0.0,0.15,0.08,0,0.1468077889592023,0.14482809702142263,1.5400407756588546,0.8681255332467198,0.0,0.972972972972973,0.0,0.95,0.0,0.95,0.0,0.08,0.09714285714285714,0.5,0.25
31,0.6123462571339969,0.5109271206494764,0.6123462571339969,0.5109271206494764,0.23694709746888695,0.5188189007427849,0.8685714285714285,0.3799598215729387,0.3797300587927212,0.06857142857142857,0.8685714285714285,0.3799598215729387,0.3797300587927212,0.06857142857142857,0.11142857142857143,0.12571428571428572,0.0,0.5371428571428571,0.011428571428571429,0.0,0.02647425309555618,0.11836634914903713,11.794285714285714,0.0,0.0,0.15,0.08,0,0.1488443221572634,0.14410395653631553,1.6349542458599629,0.8507630225817854,0.0,1.0,0.0,0.95,0.0,0.95,0.0,0.08,0.11142857142857143,0.5,0.25
32,0.6224364208208075,0.5114878374919748,0.6224364208208075,0.5114878374919748,0.23694709746888695,0.5183849609895139,0.8542857142857143,0.38075982157293864,0.38074812386051926,0.06857142857142857,0.8542857142857143,0.38075982157293864,0.38074812386051926,0.06857142857142857,0.08285714285714285,0.1,0.0,0.58,0.011428571428571429,0.0,0.02647425309555618,0.11836634914903713,11.794285714285714,0.0,0.0,0.15,0.08,0,0.15067415213750354,0.14417637058482624,1.7022551609427636,0.8524992736482793,0.0,0.9428571428571428,0.0,0.95,0.0,0.95,0.0,0.08,0.08285714285714285,0.5,0.25
33,0.6311244573968962,0.5119718179997534,0.6311244573968962,0.5119718179997534,0.23694709746888695,0.5180656117619469,0.8514285714285714,0.38144553585865293,0.38165937980601833,0.06857142857142857,0.8514285714285714,0.38144553585865293,0.38165937980601833,0.06857142857142857,0.08857142857142856,0.10857142857142857,0.0,0.6657142857142857,0.011428571428571429,0.0,0.02647425309555618,0.11836634914903713,11.794285714285714,0.0,0.0,0.15,0.08,0,0.15303435280538744,0.14345548873190211,1.7767814862953368,0.8354492881753136,0.0,1.0,0.0,0.95,0.0,0.95,0.0,0.08,0.08857142857142856,0.5,0.25
34,0.6414240346772072,0.5120835102608817,0.6414240346772072,0.5120835102608817,0.23694709746888695,0.5176778068319844,0.88,0.38204077327081615,0.3822472415521511,0.07142857142857142,0.88,0.38204077327081615,0.3822472415521511,0.07142857142857142,0.09714285714285714,0.10857142857142857,0.0,0.7228571428571429,0.014285714285714285,0.0,0.02647425309555618,0.11836634914903713,11.794285714285714,0.0,0.0,0.15,0.08,0,0.15456128655226592,0.1427382112882426,1.8498172851408585,0.8187403024118074,0.0,1.0,0.0,0.95,0.0,0.95,0.0,0.08,0.09714285714285714,0.5,0.25
35,0.6507409742404135,0.5127328216446221,0.6507409742404135,0.5127328216446221,0.23694709746888695,0.51726797010469,0.8742857142857143,0.38272648755653044,0.38276152726643675,0.07428571428571429,0.8742857142857143,0.38272648755653044,0.38276152726643675,0.07428571428571429,0.07428571428571429,0.07714285714285714,0.0,0.8228571428571428,0.017142857142857144,0.0,0.02647425309555618,0.11836634914903713,11.794285714285714,0.0,0.0,0.15,0.08,0,0.15670248011950455,0.14202452023180137,1.8899637965808986,0.8023654963635712,0.0,1.0,0.0,0.95,0.0,0.95,0.0,0.08,0.07428571428571429,0.5,0.25
36,0.6586759753899478,0.5124638274886607,0.6586759753899478,0.5124638274886607,0.23694709746888695,0.516933839699078,0.8428571428571429,0.38346934469938754,0.3832140837604116,0.07428571428571429,0.8428571428571429,0.38346934469938754,0.3832140837604116,0.07428571428571429,0.1,0.10285714285714286,0.0,0.8914285714285715,0.017142857142857144,0.0,0.02647425309555618,0.11836634914903713,11.794285714285714,0.0,0.0,0.15,0.08,0,0.15750959863087974,0.14131439763064235,1.9550216635064235,0.7863181864362998,0.0,1.0,0.0,0.95,0.0,0.95,0.0,0.08,0.1,0.5,0.25
37,0.6665958587047945,0.5139489749855185,0.6665958587047945,0.5139489749855185,0.23694709746888695,0.5165230958553212,0.8485714285714285,0.3843800722999507,0.38428551233184016,0.07714285714285714,0.8485714285714285,0.3843800722999507,0.38428551233184016,0.07714285714285714,0.11428571428571428,0.13428571428571429,0.0,0.9857142857142858,0.025714285714285714,0.0,0.02647425309555618,0.11836634914903713,11.794285714285714,0.0,0.0,0.15,0.08,0,0.15934793101374992,0.14145742260880415,2.0502069445220092,0.7896198275743359,0.0,0.9787234042553191,0.0,0.95,0.0,0.95,0.0,0.08,0.11428571428571428,0.5,0.25
38,0.6758558056906301,0.5134790404635639,0.6758558056906301,0.5134790404635639,0.23694709746888695,0.5162172763006464,0.8314285714285714,0.38472292944280795,0.3848855123318401,0.07714285714285714,0.8314285714285714,0.38472292944280795,0.3848855123318401,0.07714285714285714,0.10285714285714286,0.11142857142857143,0.0,1.042857142857143,0.03142857142857143,0.0,0.02647425309555618,0.11836634914903713,11.794285714285714,0.0,0.0,0.15,0.08,0,0.16037933421582404,0.1427382112882426,2.120631377060141,0.8187403024118074,0.0,0.9487179487179487,0.0,0.95,0.0,0.95,0.0,0.08,0.10285714285714286,0.5,0.25
39,0.6829196631287586,0.5128185749338053,0.6823090785441892,0.5127210910129182,0.23694709746888695,0.5159622606026074,0.8567335243553008,0.3860940066356746,0.38547701884587604,0.07736389684813753,0.8542857142857143,0.38534560048722377,0.38565694090326874,0.07714285714285714,0.11174785100286533,0.12571428571428572,0.002857142857142857,1.1514285714285715,0.03151862464183381,0.002857142857142857,0.026527444022422672,0.11836634914903713,11.627507163323783,0.0,0.0,0.15,0.08022922636103152,0,0.16115580483785266,0.1432502426128793,2.203933035233223,0.8314055261987953,0.0,0.9772727272727273,0.0,0.95,0.0,0.95,0.0,0.08,0.11428571428571428,0.5,0.25
40,0.6898531334280592,0.5129390873755397,0.6892227389283488,0.5128310802028497,0.23694709746888695,0.5157818423598032,0.8080229226361032,0.3866670725382534,0.3862877154200113,0.08022922636103152,0.8057142857142857,0.3859170290586524,0.38646532120147786,0.08,0.1174785100286533,0.12571428571428572,0.002857142857142857,1.217142857142857,0.034383954154727794,0.0,0.02653902392937774,0.11836634914903713,11.627507163323783,0.0,0.0,0.15,0.08022922636103152,0,0.1623777408136634,0.147835483125,2.2855686602428444,0.9431128000000003,0.0,0.9772727272727273,0.0,0.95,0.0,0.95,0.0,0.08,0.1174785100286533,0.5,0.25
41,0.6984875901287596,0.5141769239725165,0.6978325257527617,0.5140497750863999,0.23694709746888695,0.5156526310842112,0.8108882521489972,0.38754227034829725,0.38738040061581636,0.08022922636103152,0.8085714285714286,0.3867897263035247,0.38755488443958064,0.08,0.12607449856733524,0.1457142857142857,0.002857142857142857,1.322857142857143,0.03724928366762178,0.0,0.02653902392937774,0.11836634914903713,11.627507163323783,0.0,0.0,0.15,0.08022922636103152,0,0.16573542924530937,0.148578375,2.3855715727522737,0.9623600000000003,0.0,0.9411764705882353,0.0,0.95,0.0,0.95,0.0,0.08,0.12607449856733524,0.5,0.25
42,0.7068164699527774,0.5146038878782532,0.706137608777282,0.5145000305699152,0.23694709746888695,0.5156479256595276,0.8194842406876791,0.3879345684347609,0.3880680796989109,0.08022922636103152,0.8171428571428572,0.38718090353831275,0.38824059872529487,0.08,0.09169054441260745,0.10571428571428572,0.002857142857142857,1.4314285714285715,0.04297994269340974,0.0,0.02653902392937774,0.11836634914903713,11.627507163323783,0.0,0.0,0.15,0.08022922636103152,0,0.16722046638479712,0.147835483125,2.4435744270115136,0.9431128000000003,0.0,1.0,0.0,0.95,0.0,0.95,0.0,0.08,0.09169054441260745,0.5,0.25
43,0.7146462524041626,0.5150571760324343,0.7139450204216634,0.5149501851467487,0.23694709746888695,0.5156784415653773,0.8108882521489972,0.38861251027555926,0.38909733137125924,0.08022922636103152,0.8085714285714286,0.3878569084024231,0.38926690967857924,0.08,0.1174785100286533,0.14,0.002857142857142857,1.5542857142857143,0.04871060171919771,0.0,0.02653902392937774,0.11836634914903713,11.627507163323783,0.0,0.0,0.15,0.08022922636103152,0,0.16896175118533283,0.147835483125,2.534702938471283,0.9431128000000003,0.0,0.9795918367346939,0.0,0.95,0.0,0.95,0.0,0.08,0.1174785100286533,0.5,0.25
44,0.7226964194167174,0.5142219946637112,0.7219108180703383,0.5143699283406179,0.23694709746888695,0.5157823265477627,0.8103448275862069,0.3888877244645843,0.3901119807872523,0.08045977011494253,0.8057142857142857,0.3879711941167089,0.38978320829246815,0.08,0.12931034482758622,0.15142857142857144,0.005714285714285714,1.6714285714285715,0.05172413793103448,0.002857142857142857,0.026592467657385516,0.11836634914903711,11.425287356321839,0.0,0.0,0.15,0.08045977011494253,0,0.16937294314369186,0.147096305709375,2.635437451130429,0.9242505440000003,0.0,1.0,0.0,0.95,0.0,0.95,0.0,0.08,0.1318051575931232,0.5,0.25
45,0.7313342260464947,0.5142323319522475,0.7304992658050883,0.5144126121096043,0.23694709746888695,0.5157339718860311,0.7873563218390804,0.38940496584389467,0.39082789337656115,0.08333333333333333,0.7828571428571428,0.3884854798309946,0.3904950299526953,0.08285714285714285,0.13505747126436782,0.15142857142857144,0.005714285714285714,1.78,0.05172413793103448,0.0,0.02661875117021158,0.11836634914903711,11.425287356321839,0.0,0.0,0.15,0.08045977011494253,0,0.17058264985654484,0.14702242509375,2.734157273536392,0.9223681599999999,0.0,0.9811320754716981,0.0,0.95,0.0,0.95,0.0,0.08,0.13505747126436782,0.5,0.25
46,0.7386902084619041,0.5141530472082373,0.7378132140352669,0.5143504197204777,0.23694709746888695,0.5157354023931943,0.7586206896551724,0.3895773796369981,0.3909768431455683,0.08333333333333333,0.7542857142857143,0.3886569084024231,0.39064312858016526,0.08285714285714285,0.11494252873563218,0.12571428571428572,0.005714285714285714,1.9028571428571428,0.05172413793103448,0.0,0.02661875117021158,0.11836634914903711,11.425287356321839,0.0,0.0,0.15,0.08045977011494253,0,0.17075802232154783,0.14628731296828124,2.8051884137799497,0.9039207967999998,0.0,0.9772727272727273,0.0,0.95,0.0,0.95,0.0,0.08,0.11494252873563218,0.5,0.25
47,0.7471774638693816,0.5139686029128351,0.7462519708404161,0.5142266035100115,0.23694709746888695,0.5158043897646141,0.7413793103448276,0.38978994989876015,0.3912785672834994,0.08333333333333333,0.7371428571428571,0.38886826397697505,0.39094312858016533,0.08285714285714285,0.11494252873563218,0.13714285714285715,0.005714285714285714,2.0142857142857142,0.0603448275862069,0.0,0.02661875117021158,0.11836634914903711,11.425287356321839,0.0,0.0,0.15,0.08045977011494253,0,0.17116009006708297,0.14570253127247088,2.8862275026472077,0.8894949587776007,0.0,0.9791666666666666,0.0,0.95,0.0,0.95,0.0,0.08,0.11494252873563218,0.5,0.25
48,0.7536081736288871,0.512617801520588,0.75264593368701,0.5128941176746198,0.23694709746888695,0.5155959742126573,0.7442528735632183,0.38978994989876015,0.391341898344538,0.08333333333333333,0.74,0.38886826397697505,0.39100609774942646,0.08285714285714285,0.09195402298850575,0.11714285714285715,0.005714285714285714,2.117142857142857,0.07183908045977011,0.0,0.02661875117021158,0.11836634914903711,11.425287356321839,0.0,0.0,0.15,0.08045977011494253,0,0.17090386104531896,0.14497401861610854,2.9456458097371208,0.8717050596020486,0.0,1.0,0.0,0.95,0.0,0.95,0.0,0.08,0.09195402298850575,0.5,0.25
49,0.7610792331334849,0.512374236198159,0.7600743014230101,0.5126171256358804,0.23694709746888695,0.5155134444346258,0.7729885057471264,0.3900773062205992,0.3915574155859173,0.08333333333333333,0.7685714285714286,0.3891539782626894,0.39122038346371224,0.08285714285714285,0.14080459770114942,0.1657142857142857,0.005714285714285714,2.2742857142857145,0.07471264367816093,0.0,0.02661875117021158,0.11836634914903711,11.425287356321839,0.0,0.0,0.15,0.08045977011494253,0,0.17221948531152095,0.147096305709375,3.052447179256664,0.9242505440000003,0.0,0.9655172413793104,0.0,0.95,0.0,0.95,0.0,0.08,0.14080459770114942,0.5,0.25
50,0.7692459775006478,0.51261848384725,0.7684880713643883,0.5126929313749424,0.23694709746888695,0.5154409109543491,0.7492795389048992,0.3897442947265506,0.3920223451035213,0.08357348703170028,0.7428571428571429,0.3891539782626894,0.39122038346371224,0.08285714285714285,0.14121037463976946,0.15714285714285714,0.008571428571428572,2.36,0.07780979827089338,0.002857142857142857,0.026631005161011547,0.11836634914903714,11.406340057636887,0.0,0.0,0.15,0.08069164265129683,0,0.1721572478813919,0.14636082418082813,3.148541092814388,0.9057655331200002,0.0,1.0,0.0,0.95,0.0,0.95,0.0,0.08,0.14367816091954022,0.5,0.25
51,0.775925818987085,0.5125025057364995,0.7749719578632461,0.5126438403048413,0.23694709746888695,0.5152485782589,0.7630057803468208,0.38875850663197725,0.3926054373387999,0.0838150289017341,0.7542857142857143,0.38932540683411787,0.3913489548922836,0.08285714285714285,0.13872832369942195,0.14857142857142858,0.011428571428571429,2.4885714285714284,0.0838150289017341,0.002857142857142857,0.02665491983141698,0.11836634914903713,11.300578034682081,0.0,0.0,0.15,0.08092485549132948,0,0.17275331878484212,0.14636082418082813,3.234141699529529,0.9057655331200002,0.0,0.9807692307692307,0.0,0.95,0.0,0.95,0.0,0.08,0.138328530259366,0.5,0.25
52,0.7826401899232267,0.5123214549821954,0.781761300617427,0.5124850914211524,0.23694709746888695,0.5151547060682742,0.7267441860465116,0.38981175360699893,0.39307384052755623,0.08430232558139535,0.7142857142857143,0.38938254969126074,0.3913918120351408,0.08285714285714285,0.11918604651162791,0.12571428571428572,0.017142857142857144,2.6314285714285712,0.07848837209302326,0.005714285714285714,0.02669025878979324,0.11836634914903714,11.261627906976743,0.0,0.0,0.15,0.08139534883720931,0,0.17297455219091787,0.14643470479645315,3.295173151253223,0.9076479171200007,0.0,0.9772727272727273,0.0,0.95,0.0,0.95,0.0,0.08,0.11849710982658959,0.5,0.25
53,0.7891589434043063,0.5125778110920741,0.7885919190878438,0.5130264784406376,0.23694709746888695,0.5149853832580067,0.760932944606414,0.39030753145183056,0.3920800339557613,0.08454810495626822,0.7457142857142857,0.38949683540554647,0.39147752632085503,0.08285714285714285,0.14285714285714285,0.17142857142857143,0.02,2.777142857142857,0.08163265306122448,0.002857142857142857,0.0267147655513447,0.11836634914903713,11.230320699708455,0.0,0.0,0.15,0.08163265306122448,0,0.173536111569249,0.14702242509375,3.4006982596567306,0.9223681599999999,0.0,0.9833333333333333,0.0,0.95,0.0,0.95,0.0,0.08,0.14534883720930233,0.5,0.25
54,0.7958653688436979,0.5128588596483836,0.7939239776211493,0.5135585095976197,0.23694709746888695,0.5149097220640225,0.7777777777777778,0.39096743187971467,0.39223907067006475,0.0847953216374269,0.76,0.38949683540554647,0.39147752632085503,0.08285714285714285,0.14327485380116958,0.16,0.022857142857142857,2.914285714285714,0.08187134502923976,0.002857142857142857,0.02680242679036273,0.11836634914903711,10.87719298245614,0.0,0.0,0.15,0.07894736842105263,0,0.17338243101140277,0.14628731296828124,3.4926842944635954,0.9039207967999998,0.0,1.0,0.0,0.95,0.0,0.95,0.0,0.08,0.1457725947521866,0.5,0.25
55,0.8024432344903307,0.5127351631231021,0.7993092607965251,0.5134618416337893,0.23694709746888695,0.5146608199798671,0.7360703812316716,0.3920673745372813,0.3913227309089411,0.08504398826979472,0.7171428571428572,0.38961112111983215,0.3915632406065694,0.08285714285714285,0.09090909090909091,0.11142857142857143,0.025714285714285714,3.0285714285714285,0.08504398826979472,0.002857142857142857,0.026826940037924702,0.11836634914903714,10.879765395894427,0.0,0.0,0.15,0.07917888563049853,0,0.1735436617134886,0.14570253127247088,3.5342591800028953,0.8894949587776007,0.0,0.9743589743589743,0.0,0.95,0.0,0.95,0.0,0.08,0.0935672514619883,0.5,0.25
56,0.8064621819589154,0.5125066098565939,0.803641524756509,0.5131410784584317,0.23694709746888695,0.5144408256527728,0.7088235294117647,0.39166059321480223,0.3924177067299643,0.08529411764705883,0.6885714285714286,0.38972540683411794,0.3916489548922836,0.08285714285714285,0.14705882352941177,0.18,0.02857142857142857,3.157142857142857,0.08529411764705883,0.002857142857142857,0.026837193857532814,0.11836634914903713,10.841176470588236,0.0,0.0,0.15,0.07941176470588235,0,0.173989086262064,0.14636082418082813,3.6435739964028375,0.9057655331200002,0.0,0.9841269841269841,0.0,0.95,0.0,0.95,0.0,0.08,0.1495601173020528,0.5,0.25
57,0.8121332219441295,0.512014648350189,0.8091505350278596,0.5126744260180227,0.23694709746888695,0.5143781596567197,0.7264705882352941,0.39166059321480223,0.3924177067299643,0.08529411764705883,0.7057142857142857,0.38972540683411794,0.3916489548922836,0.08285714285714285,0.12058823529411765,0.15142857142857144,0.02857142857142857,3.282857142857143,0.08823529411764706,0.0,0.026854966798822728,0.11836634914903713,10.841176470588236,0.0,0.0,0.15,0.07941176470588235,0,0.17386156940218228,0.14562902005992398,3.7221310879033522,0.8876502224576002,0.0,1.0,0.0,0.95,0.0,0.95,0.0,0.08,0.12058823529411765,0.5,0.25
58,0.8165187144765143,0.5114155172475947,0.8134107277736049,0.5120765215230901,0.23694709746888695,0.5141493890321006,0.6735294117647059,0.3923076520383316,0.3929030008476114,0.08529411764705883,0.6542857142857142,0.39035397826268936,0.3921203834637122,0.08285714285714285,0.1411764705882353,0.16857142857142857,0.02857142857142857,3.4085714285714284,0.08823529411764706,0.0,0.026854966798822728,0.11836634914903713,10.841176470588236,0.0,0.0,0.15,0.07941176470588235,0,0.17627754726945707,0.147835483125,3.8162598947167137,0.9431128000000003,0.0,0.9491525423728814,0.0,0.95,0.0,0.95,0.0,0.08,0.1411764705882353,0.5,0.25
59,0.8208704503524835,0.5114012759695864,0.8176381283388322,0.5121383045973474,0.23694709746888695,0.5139364947177617,0.7235294117647059,0.3923076520383316,0.3929030008476114,0.08529411764705883,0.7028571428571428,0.39035397826268936,0.3921203834637122,0.08285714285714285,0.12058823529411765,0.14,0.02857142857142857,3.537142857142857,0.1,0.0,0.026854966798822728,0.11836634914903713,10.841176470588236,0.0,0.0,0.15,0.07941176470588235,0,0.1761384452473955,0.147096305709375,3.879934696822379,0.9242505440000003,0.0,1.0,0.0,0.95,0.0,0.95,0.0,0.08,0.12058823529411765,0.5,0.25
60,0.8248182868587491,0.5111490548254656,0.8214731695163472,0.511857294149532,0.23694709746888695,0.5137363598578581,0.7088235294117647,0.39289588733244923,0.3932532379709731,0.08529411764705883,0.6885714285714286,0.39092540683411797,0.3924606138121208,0.08285714285714285,0.14705882352941177,0.16285714285714287,0.02857142857142857,3.682857142857143,0.10294117647058823,0.0,0.026854966798822728,0.11836634914903713,10.841176470588236,0.0,0.0,0.15,0.07941176470588235,0,0.17785865022920808,0.14850375,3.9651931457430742,0.932923646818415,0.0,0.9473684210526315,0.0,0.95,0.0,0.95,0.0,0.08,0.14705882352941177,0.5,0.25
61,0.8294936004026593,0.5114604917550585,0.8260149026732883,0.5122814359726665,0.23694709746888695,0.5135497350880636,0.6882352941176471,0.39324882850891985,0.393297355618032,0.08529411764705883,0.6685714285714286,0.3912682639769751,0.3925034709549779,0.08285714285714285,0.14411764705882352,0.15714285714285714,0.02857142857142857,3.8085714285714287,0.10588235294117647,0.0,0.026854966798822728,0.11836634914903713,10.841176470588236,0.0,0.0,0.15,0.07941176470588235,0,0.17816835769234776,0.14776123124999999,4.04303213997107,0.9158978947516112,0.0,0.9818181818181818,0.0,0.95,0.0,0.95,0.0,0.08,0.14411764705882352,0.5,0.25
62,0.8350992683029628,0.5117784128506296,0.8314604086335833,0.5125066309832595,0.23694709746888695,0.5133506856089025,0.6823529411764706,0.3934841226265669,0.393297355618032,0.08529411764705883,0.6628571428571428,0.3914968354055465,0.3925034709549779,0.08285714285714285,0.11470588235294117,0.13714285714285715,0.02857142857142857,3.92,0.10588235294117647,0.0,0.026854966798822728,0.11836634914903713,10.841176470588236,0.0,0.0,0.15,0.07941176470588235,0,0.1780763737610289,0.14702242509375,4.099314354314505,0.897579936856579,0.0,1.0,0.0,0.95,0.0,0.95,0.0,0.08,0.11470588235294117,0.5,0.25
63,0.8387722847491548,0.5114037697154701,0.8343171426131274,0.5122489207257072,0.23694709746888695,0.5131561988210456,0.7050147492625368,0.3943933002494611,0.39397781010232685,0.0855457227138643,0.6828571428571428,0.3918968354055465,0.39271775666926356,0.08285714285714285,0.1504424778761062,0.16857142857142857,0.03142857142857143,4.042857142857143,0.11504424778761062,0.002857142857142857,0.026855451077788316,0.11836634914903711,10.820058997050147,0.0,0.0,0.15,0.07964601769911504,0,0.17924242046365232,0.14643470479645315,4.185899495799644,0.9039207967999998,0.0,0.9491525423728814,0.0,0.95,0.0,0.95,0.0,0.08,0.15,0.5,0.25
64,0.8446566222656656,0.5114034501205381,0.8385632157345788,0.5118949887953803,0.23694709746888695,0.5129805129123465,0.6943620178041543,0.3946894108334191,0.39425565607006907,0.08605341246290801,0.6685714285714286,0.39207639309135167,0.392846328097835,0.08285714285714285,0.14836795252225518,0.17714285714285713,0.037142857142857144,4.194285714285714,0.11572700296735905,0.005714285714285714,0.02685772699425299,0.11836634914903711,10.807121661721068,0.0,0.0,0.15,0.08011869436201781,0,0.18045949478990547,0.149325,4.279324363026507,0.9223681599999999,0.0,0.9516129032258065,0.0,0.95,0.0,0.95,0.0,0.08,0.1504424778761062,0.5,0.25
65,0.848378537663919,0.5108297030641444,0.842458467048225,0.5115292420990478,0.23694709746888695,0.5127349288219241,0.6607142857142857,0.3948484256317264,0.39428375798549165,0.08630952380952381,0.6342857142857142,0.39213353594849454,0.39288918524069216,0.08285714285714285,0.14583333333333334,0.18,0.04,4.305714285714286,0.11607142857142858,0.002857142857142857,0.026865542897015312,0.11836634914903713,10.791666666666666,0.0,0.0,0.15,0.08035714285714286,0,0.18075676874452737,0.14925,4.373737875765978,0.9095687171200011,0.0,0.9841269841269841,0.0,0.95,0.0,0.95,0.0,0.08,0.14836795252225518,0.5,0.25
66,0.8535063857543805,0.5105956735891711,0.8476322217020122,0.5113610907703862,0.23694709746888695,0.5123995355557031,0.7134328358208956,0.39628407743832467,0.3951851370687069,0.08656716417910448,0.6828571428571428,0.3924763930913517,0.39314632809783495,0.08285714285714285,0.12238805970149254,0.12857142857142856,0.04285714285714286,4.448571428571428,0.11343283582089553,0.002857142857142857,0.026906460113071476,0.11836634914903711,10.698507462686567,0.0,0.0,0.15,0.08059701492537313,0,0.18208155632937617,0.15,4.414834546822086,0.9603999999999999,0.0,0.9111111111111111,0.0,0.95,0.0,0.95,0.0,0.08,0.12202380952380952,0.5,0.25
67,0.8572638576058449,0.5109912880961424,0.8510119166840375,0.5118036842724092,0.23694709746888695,0.5119967621146442,0.6976047904191617,0.3970729708684618,0.395889145695415,0.08682634730538923,0.6657142857142857,0.3924763930913517,0.39314632809783495,0.08285714285714285,0.1377245508982036,0.16285714285714287,0.045714285714285714,4.58,0.11676646706586827,0.002857142857142857,0.02699081576108055,0.11836634914903711,10.479041916167665,0.0,0.0,0.15,0.08083832335329341,0,0.1820554356905864,0.14925,4.489394998742787,0.9411919999999999,0.0,1.0,0.0,0.95,0.0,0.95,0.0,0.08,0.1373134328358209,0.5,0.25
68,0.8605595107370183,0.5107033494198399,0.8541569113863573,0.511414738366695,0.23694709746888695,0.5116796579604428,0.6407185628742516,0.3970729708684618,0.395889145695415,0.08682634730538923,0.6114285714285714,0.3924763930913517,0.39314632809783495,0.08285714285714285,0.17964071856287425,0.19714285714285715,0.045714285714285714,4.72,0.11676646706586827,0.0,0.027010375501333336,0.11836634914903711,10.479041916167665,0.0,0.0,0.15,0.08083832335329341,0,0.1820013027978478,0.14850375,4.59674995591079,0.9223681599999999,0.0,1.0,0.0,0.95,0.0,0.95,0.0,0.08,0.17964071856287425,0.5,0.25
69,0.8640669027941545,0.5114759159753239,0.8578923457986124,0.5119921603651822,0.23694709746888695,0.51132817224982,0.6966966966966966,0.39768223693780963,0.39644552540354133,0.08708708708708708,0.6628571428571428,0.3924763930913517,0.39314632809783495,0.08285714285714285,0.15015015015015015,0.15428571428571428,0.04857142857142857,4.8342857142857145,0.12012012012012012,0.002857142857142857,0.027038197297944253,0.11836634914903713,10.432432432432432,0.0,0.0,0.15,0.08108108108108109,0,0.18171972485528712,0.14776123124999999,4.659100671078288,0.9039207967999998,0.0,1.0,0.0,0.95,0.0,0.95,0.0,0.08,0.1497005988023952,0.5,0.25
70,0.8679363724835963,0.5110268819986412,0.8619511944674711,0.5117685981012821,0.23694709746888695,0.5111418712610135,0.677710843373494,0.3986230232902628,0.3951027712663232,0.08734939759036145,0.6428571428571429,0.3924763930913517,0.39314632809783495,0.08285714285714285,0.13855421686746988,0.16857142857142857,0.05142857142857143,4.98,0.11746987951807229,0.002857142857142857,0.027075437767236872,0.11836634914903713,10.343373493975903,0.0,0.0,0.15,0.08132530120481928,0,0.18175043682067074,0.14702242509375,4.734490086228151,0.8858423808639998,0.0,1.0,0.0,0.95,0.0,0.95,0.0,0.08,0.14114114114114115,0.5,0.25
71,0.8714621715686733,0.5116591827411139,0.8642583547529264,0.5123447903783989,0.23694709746888695,0.5108968507248317,0.6797583081570997,0.399863436284084,0.395552722604654,0.08761329305135952,0.6428571428571429,0.3925906788056374,0.39323204238354925,0.08285714285714285,0.12386706948640483,0.13714285714285715,0.054285714285714284,5.062857142857143,0.11782477341389729,0.002857142857142857,0.02709720736813158,0.11836634914903711,10.326283987915408,0.0,0.0,0.15,0.08157099697885196,0,0.1818981139222817,0.15504346070160113,4.776943141646444,0.8717050596020486,0.0,0.9791666666666666,0.0,0.95,0.0,0.95,0.0,0.08,0.12349397590361445,0.5,0.25
72,0.8749289010857448,0.5111886407225658,0.8673840885540709,0.5121802857459283,0.23694709746888695,0.5106474361679602,0.706060606060606,0.39992759686642243,0.39615665287932417,0.08787878787878788,0.6657142857142857,0.3925906788056374,0.39323204238354925,0.08285714285714285,0.1393939393939394,0.15142857142857144,0.05714285714285714,5.168571428571428,0.11515151515151516,0.002857142857142857,0.02709866713255072,0.11836634914903713,10.32121212121212,0.0,0.0,0.15,0.07878787878787878,0,0.18181619478124172,0.15426824339809314,4.832832850242087,0.8542709584100077,0.0,0.9811320754716981,0.0,0.95,0.0,0.95,0.0,0.08,0.1419939577039275,0.5,0.25
73,0.8792949506336996,0.5107719242979861,0.8715006495564281,0.5117533912064861,0.23694709746888695,0.5102826220018987,0.693939393939394,0.4000488089876345,0.39624756197023314,0.08787878787878788,0.6542857142857142,0.3927049645199231,0.3933177566692635,0.08285714285714285,0.1393939393939394,0.1657142857142857,0.05714285714285714,5.311428571428571,0.11515151515151516,0.0,0.027108939750648417,0.11836634914903713,10.32121212121212,0.0,0.0,0.15,0.07878787878787878,0,0.1821912602323355,0.1581516148618222,4.901890478951531,0.8681255332467198,0.0,0.9827586206896551,0.0,0.95,0.0,0.95,0.0,0.08,0.1393939393939394,0.5,0.25
74,0.8821330659871165,0.5101932048919142,0.8741765868896498,0.5112205421920498,0.23694709746888695,0.5099127902410493,0.6303030303030303,0.4001700211088467,0.39633847106114234,0.08787878787878788,0.5942857142857143,0.39281925023420877,0.3934034709549778,0.08285714285714285,0.1484848484848485,0.1742857142857143,0.05714285714285714,5.422857142857143,0.11818181818181818,0.0,0.027108939750648417,0.11836634914903713,10.32121212121212,0.0,0.0,0.15,0.07878787878787878,0,0.18287959035974527,0.2305696438467264,4.978138383658214,0.9820000000000004,0.0,0.9672131147540983,0.0,0.95,0.0,0.95,0.0,0.08,0.1484848484848485,0.5,0.25
75,0.8847491323560424,0.5109170082423019,0.8766431637517799,0.5118665303425478,0.23694709746888695,0.5095636308294678,0.6696969696969697,0.40023062716945274,0.39638392560659685,0.08787878787878788,0.6314285714285715,0.3928763930913517,0.393446328097835,0.08285714285714285,0.1787878787878788,0.18571428571428572,0.05714285714285714,5.594285714285714,0.12727272727272726,0.0,0.027108939750648417,0.11836634914903713,10.32121212121212,0.0,0.0,0.15,0.07878787878787878,0,0.1831361924079465,0.2334926413882513,5.064289901699336,0.9990452426834392,0.0,0.9846153846153847,0.0,0.95,0.0,0.95,0.0,0.08,0.1787878787878788,0.5,0.25
76,0.8876024701025825,0.5114102703609875,0.8797806374862532,0.5127004527610565,0.23694709746888695,0.5092630163872971,0.6951219512195121,0.40160288259312577,0.39688361080105156,0.08841463414634146,0.6514285714285715,0.39293353594849456,0.3934891852406921,0.08285714285714285,0.14634146341463414,0.17714285714285713,0.06285714285714286,5.7057142857142855,0.125,0.005714285714285714,0.027171900409760932,0.11836634914903711,10.201219512195122,0.0,0.0,0.15,0.07926829268292683,0,0.18339122644590677,0.23232517818131004,5.140146960808206,1.0147043378297695,0.0,0.9838709677419355,0.0,0.95,0.0,0.95,0.0,0.08,0.15151515151515152,0.5,0.25
77,0.8898081964386018,0.5117171022886345,0.8818392100017725,0.513029372562925,0.23694709746888695,0.5091035351986829,0.6880733944954128,0.4025924885750923,0.3981028107828511,0.08868501529051988,0.6428571428571429,0.39304782166278024,0.3935748995264064,0.08285714285714285,0.1559633027522936,0.16,0.06571428571428571,5.877142857142857,0.12538226299694188,0.002857142857142857,0.02718422917454572,0.11836634914903711,10.18348623853211,0.0,0.0,0.15,0.07951070336391437,0,0.1836451274565344,0.2311635522904035,5.197344021592042,1.0124102510731736,0.0,0.9821428571428571,0.0,0.95,0.0,0.95,0.0,0.08,0.15548780487804878,0.5,0.25
78,0.8931012725952865,0.5129093912300201,0.8835130688649829,0.5138504813329867,0.23694709746888695,0.509079993660045,0.6840490797546013,0.4027297501987561,0.39858308843277424,0.08895705521472393,0.6371428571428571,0.3931049645199231,0.3936177566692636,0.08285714285714285,0.18404907975460122,0.19142857142857142,0.06857142857142857,6.031428571428571,0.12883435582822086,0.002857142857142857,0.027227426314777904,0.11836634914903713,10.098159509202453,0.0,0.0,0.15,0.07975460122699386,0,0.18398347324782313,0.23000773452895146,5.2848257125887725,1.0101620460517098,0.0,0.9850746268656716,0.0,0.95,0.0,0.95,0.0,0.08,0.18654434250764526,0.5,0.25
79,0.8953974492979625,0.5124297775694758,0.8850152569661028,0.5137468243155563,0.23694709746888695,0.5092683519688718,0.64,0.4034004660262362,0.3983912593681257,0.08923076923076922,0.5942857142857143,0.3931049645199231,0.3936177566692636,0.08285714285714285,0.13538461538461538,0.15142857142857144,0.07142857142857142,6.151428571428571,0.12615384615384614,0.002857142857142857,0.02724064316608923,0.11836634914903711,10.04923076923077,0.0,0.0,0.15,0.08,0,0.1836919844530126,0.22885769585630672,5.330557769765568,0.9899588051306755,0.0,1.0,0.0,0.95,0.0,0.95,0.0,0.08,0.13803680981595093,0.5,0.25
80,0.8980575251277462,0.5116726101172169,0.8874853273794733,0.5131071074776906,0.23694709746888695,0.5093652335122753,0.6553846153846153,0.4035850814108517,0.3985297209065873,0.08923076923076922,0.6085714285714285,0.39327639309135165,0.39374632809783505,0.08285714285714285,0.12615384615384614,0.14285714285714285,0.07142857142857142,6.271428571428571,0.12615384615384614,0.0,0.027263449858457967,0.11836634914903711,10.04923076923077,0.0,0.0,0.15,0.08,0,0.18428709595931897,0.2277134073770252,5.3668037572274,1.005799629028061,0.0,0.96,0.0,0.95,0.0,0.95,0.0,0.08,0.12615384615384614,0.5,0.25
81,0.8996651600849868,0.5114773504842812,0.8889781312683394,0.5127003224348002,0.23694709746888695,0.5094000608890785,0.68,0.4036466198723901,0.39857587475274103,0.08923076923076922,0.6314285714285715,0.3933335359484945,0.3937891852406921,0.08285714285714285,0.13846153846153847,0.1657142857142857,0.07142857142857142,6.385714285714286,0.12923076923076923,0.0,0.027263449858457967,0.11836634914903711,10.04923076923077,0.0,0.0,0.15,0.08,0,0.1846502319080938,0.22657484034014005,5.425181967797137,1.0036836364474995,0.0,0.9827586206896551,0.0,0.95,0.0,0.95,0.0,0.08,0.13846153846153847,0.5,0.25
82,0.9016793892546674,0.5121051248993278,0.8908484869258999,0.513370214743667,0.23694709746888695,0.5095666799868441,0.6369230769230769,0.4036466198723901,0.39857587475274103,0.08923076923076922,0.5914285714285714,0.3933335359484945,0.3937891852406921,0.08285714285714285,0.12307692307692308,0.1457142857142857,0.07142857142857142,6.525714285714286,0.13230769230769232,0.0,0.027263449858457967,0.11836634914903711,10.04923076923077,0.0,0.0,0.15,0.08,0,0.1844121236056962,0.22544196613843936,5.462392614155481,0.9836099637185495,0.0,1.0,0.0,0.95,0.0,0.95,0.0,0.08,0.12307692307692308,0.5,0.25
83,0.903526133515018,0.5112282248331279,0.8927696005103148,0.5128303103452853,0.23694709746888695,0.5098196976522107,0.6521739130434783,0.40473792680062376,0.3982204923112785,0.09006211180124224,0.6,0.3933335359484945,0.3937891852406921,0.08285714285714285,0.17391304347826086,0.18857142857142858,0.08,6.6657142857142855,0.13664596273291926,0.008571428571428572,0.027303609069522037,0.11836634914903711,9.950310559006212,0.0,0.0,0.15,0.08074534161490683,0,0.18434634870195338,0.22431475630774717,5.541716190443799,0.9639377644441783,0.0,1.0,0.0,0.95,0.0,0.95,0.0,0.08,0.17846153846153845,0.5,0.25
84,0.906485432002987,0.510829415814679,0.8955768289155595,0.5125286644455045,0.23694709746888695,0.5099623873999534,0.6635514018691588,0.4054934494125041,0.3982517815692033,0.09034267912772585,0.6085714285714285,0.3934478216627802,0.3938748995264064,0.08285714285714285,0.1308411214953271,0.15428571428571428,0.08285714285714285,6.811428571428571,0.13395638629283488,0.002857142857142857,0.027332925385263506,0.11836634914903711,9.906542056074766,0.0,0.0,0.15,0.08099688473520249,0,0.18499575981558652,0.242332040629911,5.585167580920638,1.0044808682837136,0.0,0.9629629629629629,0.0,0.95,0.0,0.95,0.0,0.08,0.13354037267080746,0.5,0.25
85,0.9079027531276707,0.5106043674679864,0.8965769055885225,0.5121961833234929,0.23694709746888695,0.5100820322807358,0.6561514195583596,0.4064827034565078,0.3990441076084321,0.0914826498422713,0.5942857142857143,0.3936192502342088,0.3940034709549779,0.08285714285714285,0.12302839116719243,0.1657142857142857,0.09428571428571429,6.94,0.12302839116719243,0.011428571428571429,0.027452025084829614,0.11836634914903711,9.583596214511042,0.0,0.0,0.15,0.08201892744479496,0,0.18558478101650858,0.24473757094054294,5.63917851501651,1.0284908407205864,0.0,0.9655172413793104,0.0,0.95,0.0,0.95,0.0,0.08,0.13395638629283488,0.5,0.25
86,0.9093400877428269,0.5099647401446148,0.8978787200828213,0.5114927151901822,0.23694709746888695,0.510127036699441,0.694006309148265,0.4066088864218075,0.3991387448324069,0.0914826498422713,0.6285714285714286,0.3937335359484946,0.3940891852406922,0.08285714285714285,0.1167192429022082,0.13714285714285715,0.09428571428571429,7.065714285714286,0.12618296529968454,0.0,0.02752004055788281,0.11836634914903711,9.583596214511042,0.0,0.0,0.15,0.07886435331230283,0,0.18610082785762372,0.2435138830858402,5.663537801859037,1.0079210239061747,0.0,0.9583333333333334,0.0,0.95,0.0,0.95,0.0,0.08,0.1167192429022082,0.5,0.25
87,0.9111790135633587,0.5104000961175456,0.8996930084508962,0.5118847428160838,0.23694709746888695,0.5099568145601959,0.680379746835443,0.40706107282215825,0.39880840441179716,0.09177215189873418,0.6142857142857143,0.3937335359484946,0.3940891852406922,0.08285714285714285,0.1550632911392405,0.17142857142857143,0.09714285714285714,7.1971428571428575,0.12341772151898735,0.002857142857142857,0.027521288595957948,0.1183663491490371,9.575949367088608,0.0,0.0,0.15,0.07911392405063292,0,0.18611161228619275,0.24229631367041102,5.721695617250426,0.9877626034280512,0.0,1.0,0.0,0.95,0.0,0.95,0.0,0.08,0.15772870662460567,0.5,0.25
88,0.914722326921698,0.5101657216856691,0.9017312186821125,0.5116437082301498,0.23694709746888695,0.5098139980374843,0.6126984126984127,0.4071617158533431,0.39972165754491573,0.09206349206349207,0.5514285714285714,0.3937335359484946,0.3940891852406922,0.08285714285714285,0.15873015873015872,0.1742857142857143,0.1,7.3428571428571425,0.12063492063492064,0.002857142857142857,0.02753935561778862,0.11836634914903713,9.536507936507936,0.0,0.0,0.15,0.07936507936507936,0,0.18583819708190463,0.24108483210205897,5.781547419191133,0.9680073513594901,0.0,1.0,0.0,0.95,0.0,0.95,0.0,0.08,0.16139240506329114,0.5,0.25
89,0.9201941842430852,0.5095923807273787,0.9029495739637998,0.511644420262275,0.23694709746888695,0.5098180124797683,0.6442307692307693,0.4088601647540982,0.40087123625781274,0.09294871794871795,0.5742857142857143,0.3937335359484946,0.3940891852406922,0.08285714285714285,0.13141025641025642,0.15428571428571428,0.10857142857142857,7.474285714285714,0.12179487179487179,0.008571428571428572,0.027562578963423876,0.11836634914903713,9.461538461538462,0.0,0.0,0.15,0.08012820512820513,0,0.18567887036437014,0.23987940794154866,5.820202185093025,0.9486472043323003,0.0,0.9814814814814815,0.0,0.95,0.0,0.95,0.0,0.08,0.13333333333333333,0.5,0.25
90,0.9219119091455625,0.5096422379540544,0.9034332419808304,0.5111931627417944,0.23694709746888695,0.5098564203680254,0.6699029126213593,0.41125975973731754,0.40136389330957023,0.09385113268608414,0.5914285714285714,0.39379067880563734,0.3941320423835493,0.08285714285714285,0.12297734627831715,0.13142857142857142,0.11714285714285715,7.574285714285714,0.11974110032362459,0.008571428571428572,0.027698460008300205,0.11836634914903713,9.119741100323624,0.0,0.0,0.15,0.08090614886731391,0,0.18586390529826255,0.2386800109018409,5.835226712819735,0.9702282718811421,0.0,0.9782608695652174,0.0,0.95,0.0,0.95,0.0,0.08,0.1282051282051282,0.5,0.25
91,0.924230579900062,0.5102583470881447,0.9051849309971766,0.5119348007714919,0.23694709746888695,0.5099623070504623,0.724025974025974,0.41122523694726926,0.4010462723649241,0.09415584415584416,0.6371428571428571,0.39379067880563734,0.3941320423835493,0.08285714285714285,0.14285714285714285,0.16857142857142857,0.12,7.671428571428572,0.11363636363636363,0.002857142857142857,0.02775850478591916,0.11836634914903711,8.96103896103896,0.0,0.0,0.15,0.08116883116883117,0,0.1857623000574855,0.2374866108473317,5.887093607134768,0.9508237064435193,0.0,1.0,0.0,0.95,0.0,0.95,0.0,0.08,0.14563106796116504,0.5,0.25
92,0.9261160158758319,0.510291509677584,0.9068441146558541,0.5123306107383787,0.23694709746888695,0.5101232913177343,0.6623376623376623,0.4114849772070095,0.40124107755972926,0.09415584415584416,0.5828571428571429,0.3940192502342088,0.39430347095497786,0.08285714285714285,0.17207792207792208,0.17714285714285713,0.12,7.765714285714286,0.12012987012987013,0.0,0.027807858345918045,0.11836634914903711,8.96103896103896,0.0,0.0,0.15,0.08116883116883117,0,0.18643320284291243,0.24185904009864662,5.946494592134931,1.0026984846075695,0.0,0.967741935483871,0.0,0.95,0.0,0.95,0.0,0.08,0.17207792207792208,0.5,0.25
93,0.9268742335112655,0.5106232180190295,0.9074315731517315,0.512602612753704,0.23694709746888695,0.5101738430634208,0.6677524429967426,0.41221588157670047,0.40088956119072144,0.09446254071661238,0.5857142857142857,0.39413353594849454,0.39438918524069216,0.08285714285714285,0.1563517915309446,0.1657142857142857,0.12285714285714286,7.86,0.11726384364820847,0.002857142857142857,0.027840403919706148,0.1183663491490371,8.905537459283387,0.0,0.0,0.15,0.08143322475570032,0,0.1869867511144121,0.24305137327261264,5.993278986006518,1.0082536460136517,0.0,0.9655172413793104,0.0,0.95,0.0,0.95,0.0,0.08,0.1590909090909091,0.5,0.25
94,0.9277673651161977,0.5101707322974485,0.9082244480448656,0.5124284232270101,0.23694709746888695,0.5101298820529782,0.6568627450980392,0.411954586173542,0.40062479910251014,0.09477124183006536,0.5742857142857143,0.39413353594849454,0.39438918524069216,0.08285714285714285,0.12091503267973856,0.12857142857142856,0.12571428571428572,7.942857142857143,0.11764705882352941,0.002857142857142857,0.02794041911121898,0.11836634914903713,8.69281045751634,0.0,0.0,0.15,0.08169934640522876,0,0.18670824664455435,0.24183611640624958,6.001984834857817,0.9880885730933786,0.0,1.0,0.0,0.95,0.0,0.95,0.0,0.08,0.1237785016286645,0.5,0.25
95,0.9312818056972006,0.5097031243021594,0.9086323341399972,0.5122375547767474,0.23694709746888695,0.5101354462540163,0.6743421052631579,0.41378000872925325,0.40072055942826745,0.09539473684210527,0.5857142857142857,0.3943049645199231,0.39451775666926364,0.08285714285714285,0.13815789473684212,0.15142857142857144,0.13142857142857142,8.017142857142858,0.1118421052631579,0.005714285714285714,0.027964202741552174,0.11836634914903711,8.585526315789474,0.0,0.0,0.15,0.07894736842105263,0,0.18737413398276012,0.24062693582421832,6.033373709589231,1.0,0.0,0.9622641509433962,0.0,0.95,0.0,0.95,0.0,0.08,0.1437908496732026,0.5,0.25
96,0.9331898859867348,0.5099360083398273,0.9091999430983724,0.5120189655923028,0.23694709746888695,0.5101204904963819,0.693069306930693,0.41463141352166105,0.40144784458303495,0.09570957095709572,0.6,0.3943049645199231,0.39451775666926364,0.08285714285714285,0.1353135313531353,0.13428571428571429,0.13428571428571429,8.151428571428571,0.12211221122112212,0.002857142857142857,0.028045056699789662,0.1183663491490371,8.488448844884488,0.0,0.0,0.15,0.07920792079207921,0,0.1870371204557035,0.2394238011450972,6.046991949683161,0.98,0.0,1.0,0.0,0.95,0.0,0.95,0.0,0.08,0.13815789473684212,0.5,0.25
97,0.9330730833513311,0.5093466270588394,0.9090988253882945,0.5112219295223227,0.23694709746888695,0.5101097914678496,0.6765676567656765,0.41463141352166105,0.40144784458303495,0.09570957095709572,0.5857142857142857,0.3943049645199231,0.39451775666926364,0.08285714285714285,0.132013201320132,0.14285714285714285,0.13428571428571429,8.274285714285714,0.12211221122112212,0.0,0.028062401804727015,0.1183663491490371,8.488448844884488,0.0,0.0,0.15,0.07920792079207921,0,0.18687208056413923,0.23822668213937173,6.06890925354664,0.9603999999999999,0.0,1.0,0.0,0.95,0.0,0.95,0.0,0.08,0.132013201320132,0.5,0.25
98,0.9365204627682122,0.50868934643932,0.911164512232754,0.5108568569391658,0.23694709746888695,0.5102170460800912,0.707641196013289,0.41406334512569415,0.4034363336261206,0.09634551495016612,0.6085714285714285,0.3943049645199231,0.39451775666926364,0.08285714285714285,0.14285714285714285,0.15428571428571428,0.14,8.434285714285714,0.11960132890365449,0.005714285714285714,0.028083791185211572,0.11836634914903711,8.40531561461794,0.0,0.0,0.15,0.07973421926910298,0,0.18668014873274713,0.23703554872867486,6.101816782761421,0.9411919999999999,0.0,1.0,0.0,0.95,0.0,0.95,0.0,0.08,0.1485148514851485,0.5,0.25
99,0.938173323401958,0.5093387248357599,0.9117398426999479,0.5112409218759607,0.23694709746888695,0.5104569848056494,0.6555183946488294,0.41328361843810374,0.4040722534368922,0.09698996655518395,0.56,0.3944192502342089,0.39460347095497794,0.08285714285714285,0.12709030100334448,0.12,0.1457142857142857,8.557142857142857,0.12040133779264214,0.005714285714285714,0.028195162984105692,0.1183663491490371,8.187290969899665,0.0,0.0,0.15,0.0802675585284281,0,0.18671803370336912,0.23585037098503148,6.099780447106193,0.9234518208324465,0.0,0.9761904761904762,0.0,0.95,0.0,0.95,0.0,0.08,0.12956810631229235,0.5,0.25
100,0.941508220902747,0.508408596707276,0.914717812460186,0.5106683103088456,0.23694709746888695,0.510707577184587,0.6543624161073825,0.41281801935896884,0.4040911780237906,0.09731543624161074,0.5571428571428572,0.3944763930913517,0.394646328097835,0.08285714285714285,0.1342281879194631,0.13142857142857142,0.14857142857142858,8.66,0.12416107382550336,0.002857142857142857,0.028254360677876747,0.11836634914903711,8.167785234899329,0.0,0.0,0.15,0.08053691275167785,0,0.18692658639199514,0.23467111913010635,6.109213409592641,0.9151991345194344,0.0,0.9782608695652174,0.0,0.95,0.0,0.95,0.0,0.08,0.13377926421404682,0.5,0.25
101,0.9419930504669101,0.5087130366685396,0.9151306102033879,0.510683819637503,0.23694709746888695,0.5109627936593558,0.674496644295302,0.41308647573480767,0.40429252030566976,0.09731543624161074,0.5742857142857143,0.39470496451992315,0.3948177566692636,0.08285714285714285,0.14429530201342283,0.14857142857142858,0.14857142857142858,8.777142857142858,0.13087248322147652,0.0,0.028254360677876747,0.11836634914903711,8.167785234899329,0.0,0.0,0.15,0.08053691275167785,0,0.1876482398886066,0.2334977635344558,6.135600569972215,0.9313801989917868,0.0,0.9615384615384616,0.0,0.95,0.0,0.95,0.0,0.08,0.14429530201342283,0.5,0.25
102,0.942873865638048,0.5091539655413786,0.9158805614062424,0.5110063798829964,0.23694709746888695,0.511209239910924,0.6711409395973155,0.4132207039227272,0.4043931914466094,0.09731543624161074,0.5714285714285714,0.39481925023420883,0.3949034709549778,0.08285714285714285,0.14093959731543623,0.14285714285714285,0.14857142857142858,8.885714285714286,0.13087248322147652,0.0,0.028254360677876747,0.11836634914903711,8.167785234899329,0.0,0.0,0.15,0.08053691275167785,0,0.18801905824140605,0.23233027471678352,6.155745701429915,0.9431128000000003,0.0,0.96,0.0,0.95,0.0,0.95,0.0,0.08,0.14093959731543623,0.5,0.25
103,0.9432198706476748,0.5097612795831031,0.9163688645320729,0.5111284416668351,0.23694709746888695,0.5113481796983436,0.7142857142857143,0.4133345353224994,0.4070616205788956,0.09863945578231292,0.6,0.39481925023420883,0.3949034709549778,0.08285714285714285,0.14285714285714285,0.14285714285714285,0.16,9.002857142857144,0.11564625850340136,0.011428571428571429,0.02835120624333748,0.11836634914903711,7.91156462585034,0.0,0.0,0.15,0.08163265306122448,0,0.18776439152162758,0.2311686233431996,6.175487930258459,0.9242505440000003,0.0,1.0,0.0,0.95,0.0,0.95,0.0,0.08,0.1476510067114094,0.5,0.25
104,0.9465986058247685,0.5104193778841568,0.9185461487447393,0.5116765950156912,0.23694709746888695,0.5114827156531987,0.6907216494845361,0.41304530067203504,0.40856985093437453,0.09965635738831616,0.5742857142857143,0.39481925023420883,0.3949034709549778,0.08285714285714285,0.13058419243986255,0.13428571428571429,0.16857142857142857,9.082857142857144,0.1134020618556701,0.008571428571428572,0.028454316518058208,0.11836634914903711,7.718213058419244,0.0,0.0,0.15,0.08247422680412371,0,0.18753928456401947,0.2300127802264836,6.186263885939003,0.9057655331200002,0.0,1.0,0.0,0.95,0.0,0.95,0.0,0.08,0.1360544217687075,0.5,0.25
105,0.9456229313945475,0.5112880184549928,0.9177349451470412,0.5123692888254195,0.23694709746888695,0.5116191630985537,0.6529209621993127,0.41304530067203504,0.40856985093437453,0.09965635738831616,0.5428571428571428,0.39481925023420883,0.3949034709549778,0.08285714285714285,0.13402061855670103,0.12857142857142856,0.16857142857142857,9.211428571428572,0.1134020618556701,0.0,0.0284894633986522,0.11836634914903711,7.718213058419244,0.0,0.0,0.15,0.07903780068728522,0,0.1872298738554851,0.22886271632535118,6.191110036791652,0.8876502224576002,0.0,1.0,0.0,0.95,0.0,0.95,0.0,0.08,0.13402061855670103,0.5,0.25
106,0.9474762642327623,0.5111168151833547,0.918614424637745,0.5126480136804472,0.23694709746888695,0.5117444941965028,0.6586206896551724,0.4133305137030466,0.40884946076705037,0.1,0.5457142857142857,0.39481925023420883,0.3949034709549778,0.08285714285714285,0.11724137931034483,0.11428571428571428,0.17142857142857143,9.297142857142857,0.11379310344827587,0.002857142857142857,0.028518431966873828,0.1183663491490371,7.6689655172413795,0.0,0.0,0.15,0.07931034482758621,0,0.18692186734335053,0.22771840274372443,6.1815735503415326,0.8698972180084482,0.0,1.0,0.0,0.95,0.0,0.95,0.0,0.08,0.12027491408934708,0.5,0.25
107,0.9460644936128266,0.5110106084032127,0.9174446718383696,0.5127554698247203,0.23694709746888695,0.5117973230921492,0.6655172413793103,0.4133994792202879,0.4089011849049814,0.1,0.5514285714285714,0.39487639309135164,0.39494632809783503,0.08285714285714285,0.1103448275862069,0.10857142857142857,0.17142857142857143,9.382857142857143,0.1206896551724138,0.0,0.028524006976142827,0.1183663491490371,7.6689655172413795,0.0,0.0,0.15,0.07931034482758621,0,0.18701540086377663,0.22948934862525805,6.166513507906131,0.8698972180084482,0.0,0.9736842105263158,0.0,0.95,0.0,0.95,0.0,0.08,0.1103448275862069,0.5,0.25
108,0.9474035112212366,0.5112133075915093,0.9185541435710523,0.5129065380939688,0.23694709746888695,0.5118753028450589,0.6448275862068965,0.4133994792202879,0.4089011849049814,0.1,0.5342857142857143,0.39487639309135164,0.39494632809783503,0.08285714285714285,0.12758620689655173,0.12,0.17142857142857143,9.482857142857142,0.12413793103448276,0.0,0.028524006976142827,0.1183663491490371,7.6689655172413795,0.0,0.0,0.15,0.07931034482758621,0,0.1867083238594577,0.22834190188213174,6.163183237748009,0.8524992736482793,0.0,1.0,0.0,0.95,0.0,0.95,0.0,0.08,0.12758620689655173,0.5,0.25
109,0.9491148996643703,0.5114928769771641,0.9199721511382201,0.51300040392761,0.23694709746888695,0.511948948208103,0.6689655172413793,0.41367534128925343,0.4091080814567056,0.10344827586206896,0.5542857142857143,0.3951049645199231,0.3951177566692636,0.08571428571428572,0.10689655172413794,0.10571428571428572,0.17142857142857143,9.577142857142857,0.1310344827586207,0.0,0.028524006976142827,0.1183663491490371,7.6689655172413795,0.0,0.0,0.15,0.07931034482758621,0,0.18757449652587477,0.23664936253323834,6.145633858707333,0.8813129799220508,0.0,0.918918918918919,0.0,0.95,0.0,0.95,0.0,0.08,0.10689655172413794,0.5,0.25
110,0.9498701770621747,0.5111448353251964,0.9204639637805481,0.5127608145934108,0.23694709746888695,0.5119977771079998,0.698961937716263,0.4140100359504632,0.40955144996543336,0.10380622837370242,0.5771428571428572,0.3952192502342088,0.3952034709549779,0.08571428571428572,0.12110726643598616,0.11714285714285715,0.1742857142857143,9.688571428571429,0.12802768166089964,0.002857142857142857,0.02861982207834477,0.1183663491490371,7.384083044982699,0.0,0.0,0.15,0.07958477508650519,0,0.1879766325968346,0.23546611572057216,6.139864038676044,0.98,0.0,0.975609756097561,0.0,0.95,0.0,0.95,0.0,0.08,0.1206896551724138,0.5,0.25
111,0.9502193640488411,0.5115750604181857,0.9207522924638237,0.513025083605705,0.23694709746888695,0.5119888286279457,0.698961937716263,0.4140100359504632,0.40955144996543336,0.10380622837370242,0.5771428571428572,0.3952192502342088,0.3952034709549779,0.08571428571428572,0.12110726643598616,0.11142857142857143,0.1742857142857143,9.785714285714286,0.12802768166089964,0.0,0.0286555687979517,0.1183663491490371,7.384083044982699,0.0,0.0,0.15,0.07958477508650519,0,0.1876363208624219,0.2342887851419693,6.128495329331095,0.9603999999999999,0.0,1.0,0.0,0.95,0.0,0.95,0.0,0.08,0.12110726643598616,0.5,0.25
112,0.9519835936189459,0.51171113591178,0.921962005223509,0.5131902064414617,0.23694709746888695,0.5120269143774082,0.6480836236933798,0.41428708325513336,0.4112997084794276,0.10452961672473868,0.5314285714285715,0.3954478216627802,0.3953748995264065,0.08571428571428572,0.14634146341463414,0.13714285714285715,0.18,9.865714285714287,0.12195121951219512,0.005714285714285714,0.028666806191708343,0.1183663491490371,7.344947735191638,0.0,0.0,0.15,0.08013937282229965,0,0.18864042497239553,0.23577592334968023,6.143068279887331,0.9604887261716574,0.0,0.9375,0.0,0.95,0.0,0.95,0.0,0.08,0.1522491349480969,0.5,0.25
113,0.9513109724858222,0.512797068439151,0.9215296976524748,0.5144317775759005,0.23694709746888695,0.5118837486071603,0.6608391608391608,0.414588699071201,0.41180907377525183,0.1048951048951049,0.54,0.3954478216627802,0.3953748995264065,0.08571428571428572,0.11538461538461539,0.11142857142857143,0.18285714285714286,9.94,0.11888111888111888,0.002857142857142857,0.028714213577189767,0.1183663491490371,7.300699300699301,0.0,0.0,0.15,0.08041958041958042,0,0.18838208070467638,0.2345970437329318,6.131635485718154,0.9412789516482242,0.0,1.0,0.0,0.95,0.0,0.95,0.0,0.08,0.11846689895470383,0.5,0.25
114,0.9537768777753698,0.5138374225035636,0.9225124417594419,0.5149778885968107,0.23694709746888695,0.5118570705967443,0.7147887323943662,0.4126136470847403,0.4128287420996027,0.1056338028169014,0.58,0.3954478216627802,0.3953748995264065,0.08571428571428572,0.10915492957746478,0.10857142857142857,0.18857142857142858,10.028571428571428,0.11971830985915492,0.005714285714285714,0.02884153418817225,0.11836634914903708,7.035211267605634,0.0,0.0,0.15,0.08098591549295775,0,0.1880397417297244,0.23342405851426715,6.11757420457522,0.9224533726152597,0.0,1.0,0.0,0.95,0.0,0.95,0.0,0.08,0.11538461538461539,0.5,0.25
115,0.9550516815888712,0.5135788468289733,0.9236752777635721,0.5152333232191795,0.23694709746888695,0.511855647036304,0.6925795053003534,0.4134217864487926,0.41313525848198784,0.10600706713780919,0.56,0.3954478216627802,0.3953748995264065,0.08571428571428572,0.12014134275618374,0.11428571428571428,0.19142857142857142,10.1,0.1166077738515901,0.002857142857142857,0.028870802616968477,0.11836634914903713,7.024734982332156,0.0,0.0,0.15,0.0812720848056537,0,0.18778440087821865,0.23225693822169582,6.109508434769429,0.9040043051629544,0.0,1.0,0.0,0.95,0.0,0.95,0.0,0.08,0.12323943661971831,0.5,0.25
116,0.9547272529019635,0.5141012580155712,0.9231169296666022,0.5155261778894777,0.23694709746888695,0.5118574739370725,0.6808510638297872,0.4124667573913172,0.4129476469425553,0.10638297872340426,0.5485714285714286,0.39556210737706593,0.39546061381212066,0.08571428571428572,0.12056737588652482,0.12285714285714286,0.19428571428571428,10.18,0.11347517730496454,0.002857142857142857,0.028868314659833555,0.11836634914903711,7.028368794326241,0.0,0.0,0.15,0.08156028368794327,0,0.18835905101668468,0.23109565353058734,6.110175408931184,0.9301313440000016,0.0,0.9534883720930233,0.0,0.95,0.0,0.95,0.0,0.08,0.12014134275618374,0.5,0.25
117,0.9570491749990807,0.5134742759268266,0.9249877354705652,0.5146972519483697,0.23694709746888695,0.5118295797776816,0.6666666666666666,0.4124667573913172,0.4129476469425553,0.10638297872340426,0.5371428571428571,0.39556210737706593,0.39546061381212066,0.08571428571428572,0.11702127659574468,0.11428571428571428,0.19428571428571428,10.274285714285714,0.12411347517730496,0.0,0.028878081260993303,0.11836634914903711,7.028368794326241,0.0,0.0,0.15,0.08156028368794327,0,0.188045541475887,0.22994017526293442,6.102257615038274,0.9115287171200016,0.0,1.0,0.0,0.95,0.0,0.95,0.0,0.08,0.11702127659574468,0.5,0.25
118,0.9563921445690265,0.5148773003024696,0.9244583566669219,0.5153563771343066,0.23694709746888695,0.5117864926903176,0.7163120567375887,0.4125376793771328,0.41300083843191704,0.10638297872340426,0.5771428571428572,0.39561925023420874,0.39550347095497784,0.08571428571428572,0.12056737588652482,0.10571428571428572,0.19428571428571428,10.342857142857143,0.1276595744680851,0.0,0.028878081260993303,0.11836634914903711,7.028368794326241,0.0,0.0,0.15,0.08156028368794327,0,0.1881047430542218,0.22879047438661973,6.0859267484517945,0.9603999999999999,0.0,0.972972972972973,0.0,0.95,0.0,0.95,0.0,0.08,0.12056737588652482,0.5,0.25
119,0.9558562693373507,0.5155653741361444,0.923983150398655,0.5156512991340199,0.23694709746888695,0.5117937263927654,0.7259786476868327,0.41263385601609004,0.41336233403642514,0.10676156583629894,0.5828571428571429,0.3957906788056374,0.3956320423835492,0.08571428571428572,0.11743772241992882,0.11142857142857143,0.19714285714285715,10.4,0.12455516014234876,0.002857142857142857,0.02898274322506215,0.11836634914903708,6.790035587188612,0.0,0.0,0.15,0.08185053380782918,0,0.1886493621960936,0.22764652201468666,6.07563678491133,0.9773983330274468,0.0,0.9487179487179487,0.0,0.95,0.0,0.95,0.0,0.08,0.12056737588652482,0.5,0.25
120,0.9573414505948872,0.5155521689362461,0.9244916481317194,0.5157818208819738,0.23694709746888695,0.5118635233032702,0.7204301075268817,0.41327691709660247,0.41457318493019313,0.10752688172043011,0.5742857142857143,0.3957906788056374,0.3956320423835492,0.08571428571428572,0.11469534050179211,0.11428571428571428,0.20285714285714285,10.471428571428572,0.11827956989247312,0.005714285714285714,0.029124228872491022,0.1183663491490371,6.358422939068101,0.0,0.0,0.15,0.07885304659498207,0,0.18836240181368452,0.2265082894046132,6.068409763498817,0.9578503663668979,0.0,1.0,0.0,0.95,0.0,0.95,0.0,0.08,0.12099644128113879,0.5,0.25
121,0.9589858182842491,0.5166635233515585,0.9235445859435809,0.5162924536591313,0.23694709746888695,0.5120354963623514,0.7292418772563177,0.4147934816392106,0.4157570420977718,0.10830324909747292,0.5771428571428572,0.3958478216627802,0.39567489952640633,0.08571428571428572,0.1263537906137184,0.12,0.20857142857142857,10.56,0.11191335740072202,0.005714285714285714,0.02924598842522251,0.11836634914903711,6.317689530685921,0.0,0.0,0.15,0.07942238267148015,0,0.18842030409033042,0.22537574795759016,6.0670415682288406,0.9386933590395599,0.0,0.9761904761904762,0.0,0.95,0.0,0.95,0.0,0.08,0.13261648745519714,0.5,0.25
122,0.9571330664698522,0.517017264775223,0.9220782652219012,0.516708247811557,0.23694709746888695,0.5123480742561807,0.7617328519855595,0.4147934816392106,0.4157570420977718,0.10830324909747292,0.6028571428571429,0.3958478216627802,0.39567489952640633,0.08571428571428572,0.13357400722021662,0.11714285714285715,0.20857142857142857,10.64,0.11552346570397112,0.0,0.029249670515362213,0.11836634914903711,6.317689530685921,0.0,0.0,0.15,0.07942238267148015,0,0.1881347747127359,0.22424886921780218,6.062843594007122,0.9199194918587686,0.0,1.0,0.0,0.95,0.0,0.95,0.0,0.08,0.13357400722021662,0.5,0.25
123,0.9586659776569805,0.5166677497923896,0.922454414230612,0.5167790546133201,0.23694709746888695,0.5127787045948975,0.7636363636363637,0.41525663298457927,0.4153319436203112,0.10909090909090909,0.6,0.3958478216627802,0.39567489952640633,0.08571428571428572,0.09454545454545454,0.08857142857142856,0.21428571428571427,10.72,0.11636363636363636,0.005714285714285714,0.02927092716251674,0.11836634914903711,6.2690909090909095,0.0,0.0,0.15,0.08,0,0.18765124369631508,0.22312762487171317,6.030158150698408,0.9015211020215932,0.0,1.0,0.0,0.95,0.0,0.95,0.0,0.08,0.09747292418772563,0.5,0.25
124,0.9614269314359832,0.5188372496717507,0.9235665441154481,0.5178643831788248,0.23694709746888695,0.5131221708521442,0.7032967032967034,0.4168148168486808,0.4142538892014151,0.10989010989010989,0.5485714285714286,0.3958478216627802,0.39567489952640633,0.08571428571428572,0.10989010989010989,0.1,0.22,10.797142857142857,0.10622710622710622,0.005714285714285714,0.029362209488971853,0.1183663491490371,6.1611721611721615,0.0,0.0,0.15,0.08058608058608059,0,0.18768398747783352,0.2220119867473546,6.009554987684439,0.8834906799811614,0.0,0.9714285714285714,0.0,0.95,0.0,0.95,0.0,0.08,0.11636363636363636,0.5,0.25
125,0.960915183628347,0.5181995335955348,0.9232227458675214,0.5169227665625081,0.23694709746888695,0.5134463174206022,0.75,0.41559173979086916,0.4141834521375923,0.11029411764705882,0.5828571428571429,0.3958478216627802,0.39567489952640633,0.08571428571428572,0.08823529411764706,0.08,0.22285714285714286,10.865714285714287,0.10294117647058823,0.002857142857142857,0.029359617551214738,0.1183663491490371,6.169117647058823,0.0,0.0,0.15,0.08088235294117647,0,0.18723085325473005,0.22090192681361784,5.969363887930751,0.8658208663815381,0.0,1.0,0.0,0.95,0.0,0.95,0.0,0.08,0.09157509157509157,0.5,0.25
126,0.9612426114818161,0.5171477758574946,0.9234772040850745,0.5159821532736587,0.23694709746888695,0.5136977490649589,0.7389705882352942,0.41559173979086916,0.4141834521375923,0.11029411764705882,0.5742857142857143,0.3958478216627802,0.39567489952640633,0.08571428571428572,0.08455882352941177,0.06857142857142857,0.22285714285714286,10.942857142857143,0.10294117647058823,0.0,0.029359617551214738,0.1183663491490371,6.169117647058823,0.0,0.0,0.15,0.08088235294117647,0,0.18683613041345642,0.21979741717954973,5.918548038743564,0.8485044490539073,0.0,1.0,0.0,0.95,0.0,0.95,0.0,0.08,0.08455882352941177,0.5,0.25
127,0.9627283150435656,0.5169638632419462,0.9246318079959198,0.5158899711256009,0.23694709746888695,0.5140171381475109,0.75,0.4156652692026339,0.4142385991964158,0.11029411764705882,0.5828571428571429,0.39590496451992313,0.3957177566692635,0.08571428571428572,0.08823529411764706,0.07714285714285714,0.22285714285714286,11.017142857142858,0.10661764705882353,0.0,0.029359617551214738,0.1183663491490371,6.169117647058823,0.0,0.0,0.15,0.08088235294117647,0,0.18684409261853197,0.218698430093652,5.877319935111549,0.8354492881753136,0.0,0.9629629629629629,0.0,0.95,0.0,0.95,0.0,0.08,0.08823529411764706,0.5,0.25
128,0.964610382074066,0.5168324692903885,0.9260944429453373,0.5157051089283982,0.23694709746888695,0.5143300944640468,0.7169117647058824,0.4156652692026339,0.4142385991964158,0.11029411764705882,0.5571428571428572,0.39590496451992313,0.3957177566692635,0.08571428571428572,0.09558823529411764,0.08571428571428572,0.22285714285714286,11.08,0.11029411764705882,0.0,0.029359617551214738,0.1183663491490371,6.169117647058823,0.0,0.0,0.15,0.08088235294117647,0,0.1866221621518679,0.21760493794318372,5.845487822123605,0.8187403024118074,0.0,1.0,0.0,0.95,0.0,0.95,0.0,0.08,0.09558823529411764,0.5,0.25
129,0.9642738782454923,0.5173818160595767,0.9258329313985602,0.5163504548122286,0.23694709746888695,0.5147351394003106,0.7573529411764706,0.4156652692026339,0.4142385991964158,0.11029411764705882,0.5885714285714285,0.39590496451992313,0.3957177566692635,0.08571428571428572,0.10294117647058823,0.09142857142857143,0.22285714285714286,11.151428571428571,0.11029411764705882,0.0,0.029359617551214738,0.1183663491490371,6.169117647058823,0.0,0.0,0.15,0.08088235294117647,0,0.18634505276967997,0.2165169132534678,5.820006637109703,0.8023654963635712,0.0,1.0,0.0,0.95,0.0,0.95,0.0,0.08,0.10294117647058823,0.5,0.25
130,0.9640564177804717,0.5173352802348932,0.925663933551458,0.516331013396975,0.23694709746888695,0.5150977459729253,0.7352941176470589,0.4156652692026339,0.4142385991964158,0.11029411764705882,0.5714285714285714,0.39590496451992313,0.3957177566692635,0.08571428571428572,0.08088235294117647,0.06857142857142857,0.22285714285714286,11.237142857142857,0.11029411764705882,0.0,0.029359617551214738,0.1183663491490371,6.169117647058823,0.0,0.0,0.15,0.08088235294117647,0,0.18578461322011727,0.21543432868720047,5.772177932938938,0.7863181864362998,0.0,1.0,0.0,0.95,0.0,0.95,0.0,0.08,0.08088235294117647,0.5,0.25
131,0.965300281372409,0.5175287651356574,0.9265318830299691,0.5158349149711748,0.23694709746888695,0.515507296051515,0.7158671586715867,0.41551588714296633,0.4144721295512196,0.11070110701107011,0.5542857142857143,0.39590496451992313,0.3957177566692635,0.08571428571428572,0.1033210332103321,0.08857142857142856,0.2257142857142857,11.308571428571428,0.11070110701107011,0.002857142857142857,0.02936781288457278,0.11836634914903711,6.154981549815498,0.0,0.0,0.15,0.08118081180811808,0,0.18582626229687385,0.21435715704376446,5.745305802851589,0.7705918227075738,0.0,0.967741935483871,0.0,0.95,0.0,0.95,0.0,0.08,0.10661764705882353,0.5,0.25
132,0.964414397442395,0.5172821154530157,0.9257740336199219,0.5153717125275494,0.23694709746888695,0.5157540354704251,0.7407407407407407,0.41630042907039755,0.4152371987442611,0.1111111111111111,0.5714285714285714,0.39590496451992313,0.3957177566692635,0.08571428571428572,0.08888888888888889,0.08285714285714285,0.22857142857142856,11.38,0.1037037037037037,0.002857142857142857,0.02935829323029266,0.11836634914903713,6.162962962962963,0.0,0.0,0.15,0.08148148148148149,0,0.18563770741038946,0.21328537125854563,5.713256829651699,0.7551799862534223,0.0,1.0,0.0,0.95,0.0,0.95,0.0,0.08,0.09225092250922509,0.5,0.25
133,0.9649336701208149,0.5184404447625676,0.9261053607873976,0.5160902078480257,0.23694709746888695,0.5158523230047928,0.7350746268656716,0.4180867217266613,0.4165342735312164,0.11194029850746269,0.5628571428571428,0.3961335359484945,0.3958891852406921,0.08571428571428572,0.11940298507462686,0.10571428571428572,0.2342857142857143,11.448571428571428,0.09701492537313433,0.005714285714285714,0.029427121243135942,0.11836634914903713,6.007462686567164,0.0,0.0,0.15,0.08208955223880597,0,0.18613766173048035,0.2228527993558968,5.70470597877295,0.7569312429901721,0.0,0.9459459459459459,0.0,0.95,0.0,0.95,0.0,0.08,0.12222222222222222,0.5,0.25
134,0.9635152386404374,0.5185021514211784,0.9246140055012533,0.5157273605260715,0.23694709746888695,0.5159778283521009,0.7368421052631579,0.4200646407348913,0.4172318495759737,0.11278195488721804,0.56,0.39619067880563735,0.3959320423835493,0.08571428571428572,0.08270676691729323,0.07428571428571429,0.24,11.497142857142856,0.09022556390977443,0.005714285714285714,0.029482933844255346,0.11836634914903713,5.932330827067669,0.0,0.0,0.15,0.07894736842105263,0,0.18620583341825653,0.2366925702401777,5.664897573483205,0.7805363850702159,0.0,0.9615384615384616,0.0,0.95,0.0,0.95,0.0,0.08,0.08582089552238806,0.5,0.25
135,0.9631056725507027,0.5189689758125265,0.9243027352730548,0.5161891259049077,0.23694709746888695,0.5160914314189234,0.7518796992481203,0.4200646407348913,0.4172318495759737,0.11278195488721804,0.5714285714285714,0.39619067880563735,0.3959320423835493,0.08571428571428572,0.08646616541353383,0.06571428571428571,0.24,11.571428571428571,0.09022556390977443,0.0,0.029506574407697862,0.11836634914903713,5.932330827067669,0.0,0.0,0.15,0.07894736842105263,0,0.18575980425116526,0.23550910738897682,5.617313907727827,0.7649256573688117,0.0,1.0,0.0,0.95,0.0,0.95,0.0,0.08,0.08646616541353383,0.5,0.25
136,0.9633044414200941,0.5186425828608342,0.9244537996137921,0.516580694447676,0.23694709746888695,0.5164078991050663,0.7330827067669173,0.42013982870481603,0.41728824055341734,0.11278195488721804,0.5571428571428572,0.3962478216627803,0.3959748995264064,0.08571428571428572,0.08646616541353383,0.08285714285714285,0.24,11.631428571428572,0.09022556390977443,0.0,0.029506574407697862,0.11836634914903713,5.932330827067669,0.0,0.0,0.15,0.07894736842105263,0,0.18591571951562372,0.2343315618520319,5.587824772430413,0.8444921859171372,0.0,0.9655172413793104,0.0,0.95,0.0,0.95,0.0,0.08,0.08646616541353383,0.5,0.25
137,0.9644797841904799,0.5181788462710645,0.9246597276044508,0.5162218735493088,0.23694709746888695,0.5167680092560442,0.7471698113207547,0.42022586224971115,0.4171956720267269,0.11320754716981132,0.5657142857142857,0.3963049645199231,0.3960177566692635,0.08571428571428572,0.08679245283018867,0.08285714285714285,0.24285714285714285,11.648571428571428,0.08679245283018867,0.002857142857142857,0.02954935847695491,0.11836634914903714,5.849056603773585,0.0,0.0,0.15,0.07924528301886792,0,0.18601385591804562,0.2383066759006435,5.558925419838948,0.9281313440000012,0.0,0.9655172413793104,0.0,0.95,0.0,0.95,0.0,0.08,0.09022556390977443,0.5,0.25
138,0.9657197934608035,0.5177315677579608,0.9256965352135224,0.515647551457714,0.23694709746888695,0.5170686339028571,0.7424242424242424,0.418832601414377,0.41694713920506604,0.11363636363636363,0.56,0.3963049645199231,0.3960177566692635,0.08571428571428572,0.08712121212121213,0.07142857142857142,0.24571428571428572,11.68,0.08333333333333333,0.002857142857142857,0.029570286061597725,0.11836634914903713,5.825757575757576,0.0,0.0,0.15,0.07954545454545454,0,0.1855120723527411,0.2371151425211403,5.51917548287074,0.9095687171200011,0.0,1.0,0.0,0.95,0.0,0.95,0.0,0.08,0.08679245283018867,0.5,0.25
139,0.9653375206469054,0.5185035428124295,0.9254081922910391,0.5167141893047704,0.23694709746888695,0.5172425627511765,0.7310606060606061,0.41913563171740725,0.4171744119323388,0.11363636363636363,0.5514285714285714,0.39653353594849455,0.3961891852406921,0.08571428571428572,0.08333333333333333,0.07428571428571429,0.24571428571428572,11.702857142857143,0.08333333333333333,0.0,0.029588387157703913,0.11836634914903713,5.825757575757576,0.0,0.0,0.15,0.07954545454545454,0,0.18598365556240595,0.23592956680853458,5.483077687499041,0.9652726554342445,0.0,0.9230769230769231,0.0,0.95,0.0,0.95,0.0,0.08,0.08333333333333333,0.5,0.25
140,0.9652130283411375,0.5182459184845609,0.9253142895232598,0.5166571605095219,0.23694709746888695,0.517471650782938,0.803030303030303,0.41913563171740725,0.4171744119323388,0.11363636363636363,0.6057142857142858,0.39653353594849455,0.3961891852406921,0.08571428571428572,0.08333333333333333,0.07142857142857142,0.24571428571428572,11.745714285714286,0.08712121212121213,0.0,0.029588387157703913,0.11836634914903713,5.825757575757576,0.0,0.0,0.15,0.07954545454545454,0,0.18548202299887967,0.2347499189744919,5.444844705177631,0.9459672023255595,0.0,1.0,0.0,0.95,0.0,0.95,0.0,0.08,0.08333333333333333,0.5,0.25
141,0.9657052521446398,0.5186858588987827,0.9256855669064732,0.5170160163282215,0.23694709746888695,0.5175668193026663,0.7651515151515151,0.41943866202043756,0.41740168465961147,0.11363636363636363,0.5771428571428572,0.3967621073770659,0.39636061381212073,0.08571428571428572,0.10227272727272728,0.08857142857142856,0.24571428571428572,11.808571428571428,0.08712121212121213,0.0,0.029588387157703913,0.11836634914903713,5.825757575757576,0.0,0.0,0.15,0.07954545454545454,0,0.18663776216245667,0.23357616937961945,5.424519239645506,0.9731016468851656,0.0,0.9032258064516129,0.0,0.95,0.0,0.95,0.0,0.08,0.10227272727272728,0.5,0.25
142,0.9669934281298179,0.5174474136182755,0.9266572196495788,0.5162637143577337,0.23694709746888695,0.517669567247246,0.7159090909090909,0.41943866202043756,0.41740168465961147,0.11363636363636363,0.54,0.3967621073770659,0.39636061381212073,0.08571428571428572,0.07575757575757576,0.06571428571428571,0.24571428571428572,11.865714285714287,0.08712121212121213,0.0,0.029588387157703913,0.11836634914903713,5.825757575757576,0.0,0.0,0.15,0.07954545454545454,0,0.186190001923073,0.23240828853272136,5.381743140566882,0.9536396139474623,0.0,1.0,0.0,0.95,0.0,0.95,0.0,0.08,0.07575757575757576,0.5,0.25
143,0.9664779930253118,0.5175682463655403,0.9262684343136084,0.5160498072822477,0.23694709746888695,0.5177212889548859,0.75,0.4195144195961951,0.41745850284142966,0.11363636363636363,0.5657142857142857,0.3968192502342088,0.3964034709549779,0.08571428571428572,0.08333333333333333,0.07142857142857142,0.24571428571428572,11.897142857142857,0.08333333333333333,0.0,0.029588387157703913,0.11836634914903713,5.825757575757576,0.0,0.0,0.15,0.07954545454545454,0,0.18617290905631473,0.23124624709005775,5.345536849184115,0.9603999999999999,0.0,0.96,0.0,0.95,0.0,0.95,0.0,0.08,0.08333333333333333,0.5,0.25
144,0.9678922131175013,0.5176458348375409,0.9271365784756179,0.5159448230716016,0.23694709746888695,0.5177405536420252,0.7414448669201521,0.41927264569447203,0.4182734699096016,0.11406844106463879,0.5571428571428572,0.3968192502342088,0.3964034709549779,0.08571428571428572,0.10266159695817491,0.08857142857142856,0.24857142857142858,11.971428571428572,0.08365019011406843,0.002857142857142857,0.0296011899737921,0.11836634914903713,5.787072243346008,0.0,0.0,0.15,0.07984790874524715,0,0.18586961665389035,0.23009001585460748,5.327197540771862,0.9411919999999999,0.0,1.0,0.0,0.95,0.0,0.95,0.0,0.08,0.10606060606060606,0.5,0.25
145,0.9682955916746416,0.5183349062705982,0.9274396886485546,0.5164195991566269,0.23694709746888695,0.5176075571985305,0.7414448669201521,0.4194247369492249,0.4183875383506663,0.11406844106463879,0.5571428571428572,0.39693353594849456,0.3964891852406921,0.08571428571428572,0.10266159695817491,0.08571428571428572,0.24857142857142858,12.02,0.07984790874524715,0.0,0.029620962860899762,0.11836634914903713,5.787072243346008,0.0,0.0,0.15,0.07984790874524715,0,0.18633983999919226,0.2646329500387996,5.30636787567071,0.9257797123374257,0.0,0.9333333333333333,0.0,0.95,0.0,0.95,0.0,0.08,0.10266159695817491,0.5,0.25
146,0.9717193746020713,0.5187628278778602,0.9269948138102772,0.5164457400051414,0.23694709746888695,0.5175628615743391,0.7624521072796935,0.41937895598061586,0.4204785400204824,0.11494252873563218,0.5685714285714286,0.39710496451992305,0.3966177566692636,0.08571428571428572,0.06896551724137931,0.06285714285714286,0.2542857142857143,12.082857142857144,0.07279693486590039,0.005714285714285714,0.02963011298390913,0.11836634914903713,5.747126436781609,0.0,0.0,0.15,0.08045977011494253,0,0.1865795693706249,0.2633097852886056,5.263097661014439,0.9450728000000008,0.0,0.9090909090909091,0.0,0.95,0.0,0.95,0.0,0.08,0.07224334600760456,0.5,0.25
147,0.9719468838726302,0.5191269138687724,0.9271644707234651,0.5163889788214172,0.23694709746888695,0.5175701431037046,0.7701149425287356,0.4195322126855967,0.420593482549218,0.11877394636015326,0.5742857142857143,0.3972192502342088,0.3967034709549778,0.08857142857142856,0.0842911877394636,0.06857142857142857,0.2542857142857143,12.14,0.07279693486590039,0.0,0.029655070351303468,0.11836634914903713,5.747126436781609,0.0,0.0,0.15,0.08045977011494253,0,0.18706564749626636,0.26199323636216254,5.2264071363655775,0.9647766361778382,0.0,0.9583333333333334,0.0,0.95,0.0,0.95,0.0,0.08,0.0842911877394636,0.5,0.25
148,0.972626612220235,0.5192883000022057,0.9275380739126847,0.5161112342496572,0.23694709746888695,0.517529202511814,0.7538461538461538,0.41957157461168926,0.42065190616506526,0.11923076923076924,0.56,0.3972192502342088,0.3967034709549778,0.08857142857142856,0.08076923076923077,0.06857142857142857,0.2571428571428571,12.191428571428572,0.07692307692307693,0.002857142857142857,0.02970875947231358,0.11836634914903714,5.615384615384615,0.0,0.0,0.15,0.08076923076923077,0,0.1866441764016422,0.26068327018035176,5.190450422209695,0.9454811034542814,0.0,1.0,0.0,0.95,0.0,0.95,0.0,0.08,0.0842911877394636,0.5,0.25
149,0.9745242331289617,0.5200235523237018,0.9285804938728558,0.516572310816147,0.23694709746888695,0.5174337567905832,0.7760617760617761,0.4190357736108384,0.42143484203157394,0.11969111969111969,0.5742857142857143,0.3972192502342088,0.3967034709549778,0.08857142857142856,0.0694980694980695,0.054285714285714284,0.26,12.24,0.0694980694980695,0.002857142857142857,0.029760476935955068,0.11836634914903713,5.583011583011583,0.0,0.0,0.15,0.08108108108108109,0,0.18605352694820543,0.25937985382945,5.140927128051215,0.9265714813851956,0.0,1.0,0.0,0.95,0.0,0.95,0.0,0.08,0.07307692307692308,0.5,0.25
150,0.9742478271112832,0.5195392419936667,0.9283160831091282,0.5162934918549874,0.23694709746888695,0.5173127922631461,0.7596899224806202,0.4195069293378732,0.4225684464623717,0.12015503875968993,0.56,0.3972192502342088,0.3967034709549778,0.08857142857142856,0.10077519379844961,0.08,0.26285714285714284,12.297142857142857,0.06589147286821706,0.002857142857142857,0.029807250567192033,0.11836634914903714,5.4728682170542635,0.0,0.0,0.15,0.08139534883720931,0,0.18580768859917868,0.2580829545603028,5.118108585490191,0.9080400517574917,0.0,1.0,0.0,0.95,0.0,0.95,0.0,0.08,0.10424710424710425,0.5,0.25
151,0.9753275214475208,0.5206895862524208,0.9291119720769834,0.5172371709411967,0.23694709746888695,0.5171283497010994,0.751937984496124,0.4196619680975631,0.42268472553213915,0.12015503875968993,0.5542857142857143,0.3973335359484945,0.3967891852406922,0.08857142857142856,0.08139534883720931,0.06571428571428571,0.26285714285714284,12.334285714285715,0.06589147286821706,0.0,0.029844935363063485,0.11836634914903714,5.4728682170542635,0.0,0.0,0.15,0.08139534883720931,0,0.18562150729903992,0.264945366295088,5.081460699494672,0.9269949463009898,0.0,0.9565217391304348,0.0,0.95,0.0,0.95,0.0,0.08,0.08139534883720931,0.5,0.25
152,0.9751352270100775,0.5207106005387829,0.9281014938065968,0.5173077803759439,0.23694709746888695,0.5169810171729886,0.8274509803921568,0.421841264801,0.4229135752672894,0.12156862745098039,0.6028571428571429,0.3973335359484945,0.3967891852406922,0.08857142857142856,0.09019607843137255,0.07714285714285714,0.2714285714285714,12.377142857142857,0.06274509803921569,0.008571428571428572,0.02988675964377686,0.11836634914903713,5.364705882352941,0.0,0.0,0.15,0.08235294117647059,0,0.185206545473259,0.2636206394636126,5.056974342647637,0.90845504737497,0.0,1.0,0.0,0.95,0.0,0.95,0.0,0.08,0.10077519379844961,0.5,0.25
153,0.9748722997822122,0.5198456301420978,0.9279099325405807,0.5172315849498363,0.23694709746888695,0.5168348286694252,0.7803921568627451,0.42199812754609806,0.4230312223261129,0.12156862745098039,0.5685714285714286,0.39744782166278014,0.39687489952640637,0.08857142857142856,0.09411764705882353,0.07142857142857142,0.2714285714285714,12.42,0.058823529411764705,0.0,0.029926534662916456,0.11836634914903713,5.364705882352941,0.0,0.0,0.15,0.0784313725490196,0,0.1851086563173213,0.27586095667732696,5.0272634272232555,0.90332130357806,0.0,0.96,0.0,0.95,0.0,0.95,0.0,0.08,0.09411764705882353,0.5,0.25
154,0.972832946868261,0.5198798739385934,0.926424118274702,0.5171207881794606,0.23694709746888695,0.516612215461815,0.7529411764705882,0.42199812754609806,0.4230312223261129,0.12156862745098039,0.5485714285714286,0.39744782166278014,0.39687489952640637,0.08857142857142856,0.07450980392156863,0.06,0.2714285714285714,12.462857142857143,0.058823529411764705,0.0,0.029926534662916456,0.11836634914903713,5.364705882352941,0.0,0.0,0.15,0.0784313725490196,0,0.1845539708928775,0.27448165189394036,4.98671815867879,0.8852548775064988,0.0,1.0,0.0,0.95,0.0,0.95,0.0,0.08,0.07450980392156863,0.5,0.25
155,0.9731997442675439,0.5189082672765225,0.9267679285391293,0.5165944812646123,0.23694709746888695,0.5163149596865974,0.7874015748031497,0.42230902652788227,0.42341991533919515,0.1220472440944882,0.5714285714285714,0.39744782166278014,0.39687489952640637,0.08857142857142856,0.06299212598425197,0.05142857142857143,0.2742857142857143,12.51142857142857,0.051181102362204724,0.002857142857142857,0.029932754531981277,0.11836634914903713,5.346456692913386,0.0,0.0,0.15,0.07874015748031496,0,0.18385977246698457,0.27310924363447064,4.938412366933786,0.8675497799563688,0.0,1.0,0.0,0.95,0.0,0.95,0.0,0.08,0.06274509803921569,0.5,0.25
156,0.9723281500680417,0.5189970089369239,0.9261354001772049,0.516220560658613,0.23694709746888695,0.5160039782466579,0.7716535433070866,0.42230902652788227,0.42341991533919515,0.1220472440944882,0.56,0.39744782166278014,0.39687489952640637,0.08857142857142856,0.07874015748031496,0.06,0.2742857142857143,12.562857142857142,0.05511811023622047,0.0,0.029936770039732052,0.11836634914903713,5.346456692913386,0.0,0.0,0.15,0.07874015748031496,0,0.1834817614617925,0.2717436974162983,4.89964411959511,0.8501987843572415,0.0,1.0,0.0,0.95,0.0,0.95,0.0,0.08,0.07874015748031496,0.5,0.25
157,0.9710547284425394,0.5192896868311896,0.9252112599118404,0.5163247283690436,0.23694709746888695,0.5156715218086255,0.7244094488188977,0.42230902652788227,0.42341991533919515,0.1220472440944882,0.5257142857142857,0.39744782166278014,0.39687489952640637,0.08857142857142856,0.09448818897637795,0.07428571428571429,0.2742857142857143,12.602857142857143,0.051181102362204724,0.0,0.029936770039732052,0.11836634914903713,5.346456692913386,0.0,0.0,0.15,0.07874015748031496,0,0.18321752324057222,0.27038497892921676,4.875936951488922,0.8331948086700965,0.0,1.0,0.0,0.95,0.0,0.95,0.0,0.08,0.09448818897637795,0.5,0.25
158,0.9726033703068789,0.5191269592258315,0.9251011263062725,0.5163965446022837,0.23694709746888695,0.5153694022517846,0.758893280632411,0.42110465792436913,0.4218225145025967,0.11857707509881422,0.5485714285714286,0.39744782166278014,0.39687489952640637,0.08857142857142856,0.06324110671936758,0.05142857142857143,0.27714285714285714,12.634285714285713,0.05138339920948617,0.002857142857142857,0.029996445247658057,0.11836634914903713,5.256916996047431,0.0,0.0,0.15,0.07905138339920949,0,0.1826155784815122,0.2690330540345707,4.829846783887715,0.8165309124966946,0.0,1.0,0.0,0.95,0.0,0.95,0.0,0.08,0.06692913385826772,0.5,0.25
159,0.9761100437502487,0.5183062413705675,0.9264757384934793,0.516195306287266,0.23694709746888695,0.5151080537636532,0.7817460317460317,0.421692122850059,0.42262789779512083,0.12301587301587301,0.5628571428571428,0.39756210737706593,0.3969606138121208,0.09142857142857143,0.0873015873015873,0.07142857142857142,0.28,12.677142857142858,0.051587301587301584,0.002857142857142857,0.03001149199960216,0.11836634914903713,5.238095238095238,0.0,0.0,0.15,0.07936507936507936,0,0.1826162148748189,0.2800466527158223,4.804678419638532,0.8505026710723403,0.0,0.96,0.0,0.95,0.0,0.95,0.0,0.08,0.09090909090909091,0.5,0.25
160,0.9764935015080904,0.5175487218666439,0.9267518280791254,0.5157451172068243,0.23694709746888695,0.5147913380589705,0.7817460317460317,0.42185085300878916,0.42274694541416846,0.12301587301587301,0.5628571428571428,0.3976763930913516,0.397046328097835,0.09142857142857143,0.07142857142857142,0.05714285714285714,0.28,12.702857142857143,0.051587301587301584,0.0,0.030026929422910117,0.11836634914903713,5.238095238095238,0.0,0.0,0.15,0.07936507936507936,0,0.1829587123540341,0.27864641945224317,4.765727708388618,0.8993280815405209,0.0,0.9,0.0,0.95,0.0,0.95,0.0,0.08,0.07142857142857142,0.5,0.25
161,0.9772795675074396,0.517262426869554,0.9273177955986567,0.5154451606891756,0.23694709746888695,0.5145573420592657,0.7619047619047619,0.42185085300878916,0.42274694541416846,0.12301587301587301,0.5485714285714286,0.3976763930913516,0.397046328097835,0.09142857142857143,0.07142857142857142,0.05714285714285714,0.28,12.731428571428571,0.051587301587301584,0.0,0.030026929422910117,0.11836634914903713,5.238095238095238,0.0,0.0,0.15,0.07936507936507936,0,0.18250049022083537,0.27725318735498194,4.727556011363704,0.8813415199097104,0.0,1.0,0.0,0.95,0.0,0.95,0.0,0.08,0.07142857142857142,0.5,0.25
162,0.9770945092639928,0.5175087666658014,0.9268395022308693,0.5152122114595331,0.23694709746888695,0.5142720448111869,0.7729083665338645,0.4215215507468377,0.424164628185045,0.12350597609561753,0.5542857142857143,0.3977906788056373,0.3971320423835493,0.09142857142857143,0.09561752988047809,0.07142857142857142,0.28285714285714286,12.788571428571428,0.05179282868525897,0.002857142857142857,0.030039506359406956,0.11836634914903713,5.219123505976095,0.0,0.0,0.15,0.0796812749003984,0,0.18244455991258832,0.28969967265597046,4.704433462565,0.9191354575009494,0.0,0.96,0.0,0.95,0.0,0.95,0.0,0.08,0.09523809523809523,0.5,0.25
163,0.9767754514253527,0.5173670953356493,0.9266106921808732,0.5152055736910893,0.23694709746888695,0.5140385420876074,0.7888446215139442,0.4215215507468377,0.424164628185045,0.12350597609561753,0.5657142857142857,0.3977906788056373,0.3971320423835493,0.09142857142857143,0.0796812749003984,0.06,0.28285714285714286,12.845714285714285,0.05179282868525897,0.0,0.030039506359406956,0.11836634914903713,5.219123505976095,0.0,0.0,0.15,0.0796812749003984,0,0.1819884828237397,0.2882511742926906,4.670344793313699,0.9007527483509304,0.0,1.0,0.0,0.95,0.0,0.95,0.0,0.08,0.0796812749003984,0.5,0.25
164,0.9784320090184537,0.5175527764654629,0.9277986806262113,0.5152120694326624,0.23694709746888695,0.5139085550564731,0.8127490039840638,0.42160123202173805,0.4242243891412204,0.12350597609561753,0.5828571428571429,0.3978478216627802,0.39717489952640644,0.09142857142857143,0.08366533864541832,0.06857142857142857,0.28285714285714286,12.871428571428572,0.055776892430278883,0.0,0.030039506359406956,0.11836634914903713,5.219123505976095,0.0,0.0,0.15,0.0796812749003984,0,0.18196354112390672,0.28680991842122716,4.645509326018853,0.9006326527898809,0.0,0.9583333333333334,0.0,0.95,0.0,0.95,0.0,0.08,0.08366533864541832,0.5,0.25
165,0.9782914036814772,0.5185084400931388,0.9276090635663016,0.5158400044399065,0.23694709746888695,0.513849706143159,0.7590361445783133,0.4212868383684066,0.42470385437374364,0.12449799196787148,0.54,0.39801925023420887,0.3973034709549779,0.09142857142857143,0.08835341365461848,0.07142857142857142,0.2885714285714286,12.914285714285715,0.04819277108433735,0.005714285714285714,0.030051599380105737,0.11836634914903713,5.164658634538153,0.0,0.0,0.15,0.08032128514056225,0,0.18233900913257287,0.285375868829121,4.624027710927049,1.0966477237245544,0.0,0.92,0.0,0.95,0.0,0.95,0.0,0.08,0.09561752988047809,0.5,0.25
166,0.9795185827280251,0.5170663720909823,0.9284821138022744,0.5147720344910355,0.23694709746888695,0.5139145892830008,0.7951807228915663,0.42144748093868767,0.4248243363014545,0.12449799196787148,0.5657142857142857,0.39813353594849443,0.3973891852406921,0.09142857142857143,0.08835341365461848,0.06571428571428571,0.2885714285714286,12.96,0.04819277108433735,0.0,0.030083566077293296,0.11836634914903713,5.164658634538153,0.0,0.0,0.15,0.08032128514056225,0,0.18265559980119572,0.2839489894849754,4.597261442422793,1.0833209714085155,0.0,0.9130434782608695,0.0,0.95,0.0,0.95,0.0,0.08,0.08835341365461848,0.5,0.25
167,0.9790477763055941,0.5169576196303934,0.9281591559316582,0.5147722161300643,0.23694709746888695,0.5139932729933412,0.7813765182186235,0.4224893444473416,0.4253083679245124,0.12550607287449392,0.5514285714285714,0.39813353594849443,0.3973891852406921,0.09142857142857143,0.06477732793522267,0.054285714285714284,0.29428571428571426,12.997142857142856,0.03643724696356275,0.005714285714285714,0.03013472056621588,0.11836634914903714,5.068825910931174,0.0,0.0,0.15,0.08097165991902834,0,0.18205632180218975,0.28252924453755046,4.559601927860052,1.061654551980345,0.0,1.0,0.0,0.95,0.0,0.95,0.0,0.08,0.07228915662650602,0.5,0.25
168,0.9796038843666073,0.5172965173473183,0.9284970517725976,0.5148209713240692,0.23694709746888695,0.5140165128718763,0.8373983739837398,0.42374489833924556,0.42392979884360205,0.12601626016260162,0.5885714285714285,0.39813353594849443,0.3973891852406921,0.09142857142857143,0.08130081300813008,0.06,0.29714285714285715,13.04,0.04065040650406504,0.002857142857142857,0.030150548860454818,0.11836634914903714,5.065040650406504,0.0,0.0,0.15,0.08130081300813008,0,0.18151718305032166,0.28111659831486274,4.52840988930285,1.0404214609407383,0.0,1.0,0.0,0.95,0.0,0.95,0.0,0.08,0.08097165991902834,0.5,0.25
169,0.9772363084476782,0.5166810932751561,0.9268329841267217,0.5143214843690606,0.23694709746888695,0.5141400973724831,0.8617886178861789,0.42374489833924556,0.42392979884360205,0.12601626016260162,0.6057142857142858,0.39813353594849443,0.3973891852406921,0.09142857142857143,0.06910569105691057,0.05142857142857143,0.29714285714285715,13.082857142857144,0.044715447154471545,0.0,0.030159357374532854,0.11836634914903714,5.065040650406504,0.0,0.0,0.15,0.08130081300813008,0,0.1810368864172129,0.2797110153232884,4.489270262945365,1.0196130317219234,0.0,1.0,0.0,0.95,0.0,0.95,0.0,0.08,0.06910569105691057,0.5,0.25
170,0.9771699215761264,0.5173637157157637,0.9267863236398595,0.5144431478149508,0.23694709746888695,0.5142606975890421,0.8211382113821138,0.42374489833924556,0.42392979884360205,0.12601626016260162,0.5771428571428572,0.39813353594849443,0.3973891852406921,0.09142857142857143,0.06910569105691057,0.05142857142857143,0.29714285714285715,13.108571428571429,0.044715447154471545,0.0,0.030159357374532854,0.11836634914903714,5.065040650406504,0.0,0.0,0.15,0.08130081300813008,0,0.18044570198512686,0.27831246024667194,4.450913429115029,0.9992207710874851,0.0,1.0,0.0,0.95,0.0,0.95,0.0,0.08,0.06910569105691057,0.5,0.25
171,0.9779560930777396,0.5169005786228835,0.9273388898952791,0.5138109262145646,0.23694709746888695,0.5144881194229858,0.7926829268292683,0.42390749996526184,0.42405175006311424,0.12601626016260162,0.5571428571428572,0.3982478216627802,0.39747489952640647,0.09142857142857143,0.08943089430894309,0.06571428571428571,0.29714285714285715,13.134285714285713,0.044715447154471545,0.0,0.030159357374532854,0.11836634914903714,5.065040650406504,0.0,0.0,0.15,0.08130081300813008,0,0.180540069779147,0.2769208979454386,4.427609446247014,1.000203726709605,0.0,0.9565217391304348,0.0,0.95,0.0,0.95,0.0,0.08,0.08943089430894309,0.5,0.25
172,0.9780027159569864,0.51712853814386,0.927392162236086,0.5132036102999745,0.23694709746888695,0.5148088234317232,0.8081632653061225,0.4246658398612249,0.4246494326117021,0.12653061224489795,0.5657142857142857,0.39830496451992303,0.3975177566692636,0.09142857142857143,0.07346938775510205,0.05142857142857143,0.3,13.18,0.044897959183673466,0.002857142857142857,0.030154927645556755,0.11836634914903714,5.053061224489796,0.0,0.0,0.15,0.08163265306122448,0,0.18046381223392974,0.27553629345571146,4.390485828750644,0.982206916730939,0.0,0.9444444444444444,0.0,0.95,0.0,0.95,0.0,0.08,0.07317073170731707,0.5,0.25
173,0.9780884136342477,0.5170547605509603,0.9274521506101691,0.512687037576292,0.23694709746888695,0.5149755743519299,0.8163265306122449,0.4246658398612249,0.4246494326117021,0.12653061224489795,0.5714285714285714,0.39830496451992303,0.3975177566692636,0.09142857142857143,0.06938775510204082,0.05142857142857143,0.3,13.2,0.044897959183673466,0.0,0.030169162345638927,0.11836634914903714,5.053061224489796,0.0,0.0,0.15,0.08163265306122448,0,0.1799892081727601,0.2741586119884329,4.354104683604203,0.9625627783963201,0.0,1.0,0.0,0.95,0.0,0.95,0.0,0.08,0.06938775510204082,0.5,0.25
174,0.9775790025324755,0.5168611043649857,0.9270955628389285,0.5123703192264767,0.23694709746888695,0.515103952510658,0.8122448979591836,0.4246658398612249,0.4246494326117021,0.12653061224489795,0.5685714285714286,0.39830496451992303,0.3975177566692636,0.09142857142857143,0.061224489795918366,0.045714285714285714,0.3,13.24,0.044897959183673466,0.0,0.030169162345638927,0.11836634914903714,5.053061224489796,0.0,0.0,0.15,0.08163265306122448,0,0.18002956207843193,0.2727878189284907,4.312736875646404,0.9433115228283937,0.0,0.9375,0.0,0.95,0.0,0.95,0.0,0.08,0.061224489795918366,0.5,0.25
175,0.9772286709600337,0.5165580416274856,0.9268503307382192,0.5127282940138772,0.23694709746888695,0.5153002868621309,0.7918367346938775,0.4246658398612249,0.4246494326117021,0.12653061224489795,0.5542857142857143,0.39830496451992303,0.3975177566692636,0.09142857142857143,0.05714285714285714,0.045714285714285714,0.3,13.268571428571429,0.044897959183673466,0.0,0.030169162345638927,0.11836634914903714,5.053061224489796,0.0,0.0,0.15,0.08163265306122448,0,0.1796418499644862,0.27142387983384825,4.272196423847762,0.9244452923718258,0.0,1.0,0.0,0.95,0.0,0.95,0.0,0.08,0.05714285714285714,0.5,0.25
176,0.9757636385299824,0.5163074922946801,0.9258248080371833,0.5126671080284687,0.23694709746888695,0.5154499100075833,0.8244897959183674,0.4248291051673474,0.424771881591294,0.12653061224489795,0.5771428571428572,0.3984192502342088,0.3976034709549779,0.09142857142857143,0.09795918367346938,0.07428571428571429,0.3,13.331428571428571,0.044897959183673466,0.0,0.030169162345638927,0.11836634914903714,5.053061224489796,0.0,0.0,0.15,0.08163265306122448,0,0.1795719264289495,0.270066760434679,4.261038209656521,0.9091694630557914,0.0,0.9615384615384616,0.0,0.95,0.0,0.95,0.0,0.08,0.09795918367346938,0.5,0.25
177,0.9759606799026893,0.5159461595674277,0.9260747197753981,0.5125200378699094,0.23694709746888695,0.5154990825027678,0.8189300411522634,0.42641787330492736,0.4258646889071611,0.12757201646090535,0.5685714285714286,0.39847639309135163,0.39764632809783507,0.09142857142857143,0.09053497942386832,0.07142857142857142,0.3057142857142857,13.368571428571428,0.0411522633744856,0.005714285714285714,0.03017325048551031,0.11836634914903715,5.02880658436214,0.0,0.0,0.15,0.0823045267489712,0,0.17964421322180474,0.2797210531197704,4.247246016891963,0.8909860737946755,0.0,0.96,0.0,0.95,0.0,0.95,0.0,0.08,0.09795918367346938,0.5,0.25
178,0.9766484160363345,0.5156169051754665,0.9265522051481858,0.5117285946061991,0.23694709746888695,0.5155118352445344,0.8436213991769548,0.42666478688517423,0.42604987409234635,0.12757201646090535,0.5857142857142857,0.3986478216627802,0.39777489952640643,0.09142857142857143,0.09465020576131687,0.06857142857142857,0.3057142857142857,13.4,0.0411522633744856,0.0,0.030188008481698243,0.11836634914903715,5.02880658436214,0.0,0.0,0.15,0.07818930041152264,0,0.18043127858426714,0.2803388792916591,4.230872525125552,0.8946332509875075,0.0,0.875,0.0,0.95,0.0,0.95,0.0,0.08,0.09465020576131687,0.5,0.25
179,0.9754950300413884,0.5155874209917446,0.9257514257288377,0.5118240217445191,0.23694709746888695,0.515365437194142,0.7901234567901234,0.42666478688517423,0.42604987409234635,0.12757201646090535,0.5485714285714286,0.3986478216627802,0.39777489952640643,0.09142857142857143,0.08641975308641975,0.06285714285714286,0.3057142857142857,13.43142857142857,0.0411522633744856,0.0,0.030188008481698243,0.11836634914903715,5.02880658436214,0.0,0.0,0.15,0.07818930041152264,0,0.17995726504848866,0.27893718489520086,4.209112217480183,0.8767405859677574,0.0,1.0,0.0,0.95,0.0,0.95,0.0,0.08,0.08641975308641975,0.5,0.25
180,0.9747476968886648,0.5153038075073569,0.9252325629970897,0.5118174271273234,0.23694709746888695,0.5152737409390385,0.8271604938271605,0.42666478688517423,0.42604987409234635,0.12757201646090535,0.5742857142857143,0.3986478216627802,0.39777489952640643,0.09142857142857143,0.06995884773662552,0.05142857142857143,0.3057142857142857,13.474285714285715,0.0411522633744856,0.0,0.030188008481698243,0.11836634914903715,5.02880658436214,0.0,0.0,0.15,0.07818930041152264,0,0.17940019300896048,0.27754249897072486,4.176358544559151,0.8592057742484022,0.0,1.0,0.0,0.95,0.0,0.95,0.0,0.08,0.06995884773662552,0.5,0.25
181,0.9746694275940995,0.5158584094995752,0.9251782217440057,0.5118862166781575,0.23694709746888695,0.5150840811247598,0.7736625514403292,0.42666478688517423,0.42604987409234635,0.12757201646090535,0.5371428571428571,0.3986478216627802,0.39777489952640643,0.09142857142857143,0.06172839506172839,0.04285714285714286,0.3057142857142857,13.497142857142856,0.0411522633744856,0.0,0.030188008481698243,0.11836634914903715,5.02880658436214,0.0,0.0,0.15,0.07818930041152264,0,0.1788454784724871,0.2761547864758712,4.135688516525112,0.8420216587634342,0.0,1.0,0.0,0.95,0.0,0.95,0.0,0.08,0.06172839506172839,0.5,0.25
182,0.975635210186727,0.5161991331076642,0.925848750801173,0.5114935354123863,0.23694709746888695,0.5148613165020935,0.7777777777777778,0.42666478688517423,0.42604987409234635,0.12757201646090535,0.54,0.3986478216627802,0.39777489952640643,0.09142857142857143,0.09876543209876543,0.07428571428571429,0.3057142857142857,13.537142857142857,0.0411522633744856,0.0,0.030188008481698243,0.11836634914903715,5.02880658436214,0.0,0.0,0.15,0.07818930041152264,0,0.17860654036226756,0.2747740125434919,4.127260460480323,0.8251812255881655,0.0,1.0,0.0,0.95,0.0,0.95,0.0,0.08,0.09876543209876543,0.5,0.25
183,0.9767514945644665,0.5157576368511868,0.9262585688833207,0.5111306278523791,0.23694709746888695,0.5146086516599222,0.8181818181818182,0.42785945836040773,0.4273742846657445,0.128099173553719,0.5657142857142857,0.3986478216627802,0.39777489952640643,0.09142857142857143,0.08677685950413223,0.06571428571428571,0.30857142857142855,13.585714285714285,0.045454545454545456,0.002857142857142857,0.030235515444103057,0.11836634914903715,4.892561983471074,0.0,0.0,0.15,0.07851239669421488,0,0.17814193623188476,0.27340014248077443,4.110429536985002,0.8086776010764022,0.0,1.0,0.0,0.95,0.0,0.95,0.0,0.08,0.08641975308641975,0.5,0.25
184,0.97722036557285,0.5160738302219533,0.9265827596948316,0.5114802540897834,0.23694709746888695,0.5143872257589694,0.78099173553719,0.42785945836040773,0.4273742846657445,0.128099173553719,0.54,0.3986478216627802,0.39777489952640643,0.09142857142857143,0.07851239669421488,0.06,0.30857142857142855,13.62,0.045454545454545456,0.0,0.03027874130834203,0.11836634914903715,4.892561983471074,0.0,0.0,0.15,0.07851239669421488,0,0.17759394083643962,0.27203314176837057,4.088220946245301,0.7925040490548741,0.0,1.0,0.0,0.95,0.0,0.95,0.0,0.08,0.07851239669421488,0.5,0.25
185,0.9788082108979829,0.5161406980201151,0.9273369302485795,0.5116413665614312,0.23694709746888695,0.5142818286326963,0.7676348547717843,0.42636483040715506,0.428006956794426,0.12863070539419086,0.5285714285714286,0.3987049645199231,0.39781775666926356,0.09142857142857143,0.06639004149377593,0.04857142857142857,0.31142857142857144,13.66,0.04564315352697095,0.002857142857142857,0.03029035341973047,0.11836634914903714,4.8796680497925315,0.0,0.0,0.15,0.07883817427385892,0,0.17747697113225744,0.271624790674526,4.055027955891824,0.7781454426653333,0.0,0.9411764705882353,0.0,0.95,0.0,0.95,0.0,0.08,0.07024793388429752,0.5,0.25
186,0.9782278776304448,0.516757094705551,0.9269373293415034,0.5117791638746857,0.23694709746888695,0.5142734302837962,0.8132780082987552,0.42636483040715506,0.428006956794426,0.12863070539419086,0.56,0.3987049645199231,0.39781775666926356,0.09142857142857143,0.058091286307053944,0.045714285714285714,0.31142857142857144,13.7,0.04564315352697095,0.0,0.030302430980953705,0.11836634914903714,4.8796680497925315,0.0,0.0,0.15,0.07883817427385892,0,0.17707444413373902,0.27026666672115335,4.019641682488274,0.7625825338120265,0.0,1.0,0.0,0.95,0.0,0.95,0.0,0.08,0.058091286307053944,0.5,0.25
187,0.9784720286007966,0.5164085189589479,0.9271054447239456,0.5119173328795957,0.23694709746888695,0.5143478368073093,0.8340248962655602,0.4264478179590223,0.4280691974583265,0.12863070539419086,0.5742857142857143,0.39876210737706597,0.39786061381212073,0.09142857142857143,0.07053941908713693,0.05142857142857143,0.31142857142857144,13.745714285714286,0.04979253112033195,0.0,0.030302430980953705,0.11836634914903714,4.8796680497925315,0.0,0.0,0.15,0.07883817427385892,0,0.17696035762735604,0.2689153333875476,3.9906774202670787,0.8040329918878318,0.0,0.9444444444444444,0.0,0.95,0.0,0.95,0.0,0.08,0.07053941908713693,0.5,0.25
188,0.9783465267251399,0.5166591523376131,0.9270190277181363,0.5121633670605478,0.23694709746888695,0.5144678354742462,0.8132780082987552,0.4264478179590223,0.4280691974583265,0.12863070539419086,0.56,0.39876210737706597,0.39786061381212073,0.09142857142857143,0.0912863070539419,0.06571428571428571,0.31142857142857144,13.782857142857143,0.05394190871369295,0.0,0.030302430980953705,0.11836634914903714,4.8796680497925315,0.0,0.0,0.15,0.07883817427385892,0,0.17670213297493356,0.26757075672060987,3.976578157576023,0.7879523320500753,0.0,1.0,0.0,0.95,0.0,0.95,0.0,0.08,0.0912863070539419,0.5,0.25
189,0.9774731383472097,0.5170913451014105,0.9264176374350472,0.5122646861213621,0.23694709746888695,0.5145228742450049,0.7883817427385892,0.4264478179590223,0.4280691974583265,0.12863070539419086,0.5428571428571428,0.39876210737706597,0.39786061381212073,0.09142857142857143,0.0912863070539419,0.06571428571428571,0.31142857142857144,13.834285714285715,0.05394190871369295,0.0,0.030302430980953705,0.11836634914903714,4.8796680497925315,0.0,0.0,0.15,0.07883817427385892,0,0.176218479452916,0.26623290293700685,3.9627608801387884,0.7721932854090737,0.0,1.0,0.0,0.95,0.0,0.95,0.0,0.08,0.0912863070539419,0.5,0.25
190,0.9776847180627593,0.517335984731404,0.9265633251820399,0.5128005737625025,0.23694709746888695,0.514478695045716,0.7842323651452282,0.4265308055108895,0.4281314381222268,0.12863070539419086,0.54,0.3988192502342088,0.39790347095497786,0.09142857142857143,0.07468879668049792,0.054285714285714284,0.31142857142857144,13.888571428571428,0.05394190871369295,0.0,0.030302430980953705,0.11836634914903714,4.8796680497925315,0.0,0.0,0.15,0.07883817427385892,0,0.17610867276993714,0.270290871684369,3.9377913768217265,0.7858896478686893,0.0,0.9473684210526315,0.0,0.95,0.0,0.95,0.0,0.08,0.07468879668049792,0.5,0.25
191,0.9779549294154857,0.517284114662818,0.9267493849992031,0.513166896086422,0.23694709746888695,0.514528192257249,0.7800829875518672,0.4268627557183584,0.4283804007778285,0.12863070539419086,0.5371428571428571,0.39904782166278024,0.39807489952640646,0.09142857142857143,0.07883817427385892,0.06,0.31142857142857144,13.951428571428572,0.05394190871369295,0.0,0.030302430980953705,0.11836634914903714,4.8796680497925315,0.0,0.0,0.15,0.07883817427385892,0,0.17651327297751604,0.272402036199711,3.9190355492852924,0.7859760328672972,0.0,0.9047619047619048,0.0,0.95,0.0,0.95,0.0,0.08,0.07883817427385892,0.5,0.25
192,0.9782388253139171,0.5172790799192769,0.9269448676035514,0.5128447322738736,0.23694709746888695,0.514584717064048,0.7468879668049793,0.4268627557183584,0.4283804007778285,0.12863070539419086,0.5142857142857142,0.39904782166278024,0.39807489952640646,0.09142857142857143,0.08713692946058091,0.06285714285714286,0.31142857142857144,13.991428571428571,0.06224066390041494,0.0,0.030302430980953705,0.11836634914903714,4.8796680497925315,0.0,0.0,0.15,0.07883817427385892,0,0.17611542232691416,0.2710400260187124,3.9035119811567296,0.7702565122099513,0.0,1.0,0.0,0.95,0.0,0.95,0.0,0.08,0.08713692946058091,0.5,0.25
193,0.9795941760041484,0.5182111036073301,0.9278781233645392,0.5130786091203327,0.23694709746888695,0.5147548565430184,0.7593360995850622,0.4268627557183584,0.4283804007778285,0.12863070539419086,0.5228571428571429,0.39904782166278024,0.39807489952640646,0.09142857142857143,0.07053941908713693,0.05142857142857143,0.31142857142857144,14.037142857142857,0.06224066390041494,0.0,0.030302430980953705,0.11836634914903714,4.8796680497925315,0.0,0.0,0.15,0.07883817427385892,0,0.175520416643851,0.26968482588861886,3.8768703129621658,0.7548513819657522,0.0,1.0,0.0,0.95,0.0,0.95,0.0,0.08,0.07053941908713693,0.5,0.25
194,0.977971583384056,0.5182803008611732,0.926760852446133,0.5132800031888421,0.23694709746888695,0.5149052512533633,0.7759336099585062,0.42711171837396006,0.4285671227695298,0.12863070539419086,0.5342857142857143,0.3992192502342088,0.3982034709549779,0.09142857142857143,0.07053941908713693,0.05142857142857143,0.31142857142857144,14.097142857142858,0.06639004149377593,0.0,0.030302430980953705,0.11836634914903714,4.8796680497925315,0.0,0.0,0.15,0.07883817427385892,0,0.17584224384634606,0.2683364017591757,3.8507614781314934,0.8750438324759325,0.0,0.8888888888888888,0.0,0.95,0.0,0.95,0.0,0.08,0.07053941908713693,0.5,0.25
195,0.9800665421164363,0.5180213863119038,0.9278930320963426,0.5129564001052553,0.23694709746888695,0.5151031900959833,0.8200836820083682,0.4296023148274194,0.4272561284299295,0.1297071129707113,0.56,0.3992763930913517,0.398246328097835,0.09142857142857143,0.08786610878661087,0.06857142857142857,0.3171428571428571,14.142857142857142,0.05439330543933055,0.005714285714285714,0.03042187235007975,0.11836634914903713,4.694560669456067,0.0,0.0,0.15,0.0794979079497908,0,0.1760181797664,0.26699471975037986,3.842317677140293,0.9247061195252504,0.0,0.9583333333333334,0.0,0.95,0.0,0.95,0.0,0.08,0.0912863070539419,0.5,0.25
196,0.9807606813005584,0.5169986472248828,0.9283066289498412,0.511645076987698,0.23694709746888695,0.5152351077888512,0.8319327731092437,0.4304661271206948,0.42808224319136295,0.13025210084033614,0.5657142857142857,0.3992763930913517,0.398246328097835,0.09142857142857143,0.046218487394957986,0.03428571428571429,0.32,14.168571428571429,0.0546218487394958,0.002857142857142857,0.0304983085580092,0.11836634914903714,4.5966386554621845,0.0,0.0,0.15,0.07983193277310924,0,0.17539508886756802,0.26565974615162796,3.799757037883201,0.9062119971347453,0.0,1.0,0.0,0.95,0.0,0.95,0.0,0.08,0.04602510460251046,0.5,0.25
197,0.9794702231293094,0.5163143182410169,0.9274291173933918,0.5115123176742175,0.23694709746888695,0.515302314874316,0.8109243697478992,0.4304661271206948,0.42808224319136295,0.13025210084033614,0.5514285714285714,0.3992763930913517,0.398246328097835,0.09142857142857143,0.07983193277310924,0.054285714285714284,0.32,14.211428571428572,0.0546218487394958,0.0,0.030515557283222895,0.11836634914903714,4.5966386554621845,0.0,0.0,0.15,0.07983193277310924,0,0.17500197769110518,0.26433144742086984,3.778047611411252,0.8880877571920504,0.0,1.0,0.0,0.95,0.0,0.95,0.0,0.08,0.07983193277310924,0.5,0.25
198,0.9780574234711056,0.5170082118480507,0.9264684136258133,0.5121490426643088,0.23694709746888695,0.5154215543726489,0.7773109243697479,0.43063419434758554,0.42820829361153107,0.13025210084033614,0.5285714285714286,0.3993906788056374,0.3983320423835493,0.09142857142857143,0.07563025210084033,0.054285714285714284,0.32,14.254285714285714,0.058823529411764705,0.0,0.030515557283222895,0.11836634914903714,4.5966386554621845,0.0,0.0,0.15,0.07983193277310924,0,0.17498339708836397,0.27322353443379005,3.75677237346874,0.9242505440000003,0.0,0.9473684210526315,0.0,0.95,0.0,0.95,0.0,0.08,0.07563025210084033,0.5,0.25
199,0.9778698484041911,0.5183978443479996,0.9262380650299202,0.5128007487173972,0.23694709746888695,0.5155603834030006,0.8270042194092827,0.4310078002060096,0.4299573655373391,0.1308016877637131,0.56,0.39944782166278026,0.3983748995264065,0.09142857142857143,0.0759493670886076,0.054285714285714284,0.32285714285714284,14.3,0.05907172995780591,0.002857142857142857,0.03057933278662645,0.11836634914903715,4.523206751054852,0.0,0.0,0.15,0.08016877637130802,0,0.17507791438149356,0.27185741676162106,3.73592264028508,0.932198658415284,0.0,0.9473684210526315,0.0,0.95,0.0,0.95,0.0,0.08,0.07983193277310924,0.5,0.25
200,0.9787090325325284,0.5180311950807538,0.9258231842093901,0.5135168757415132,0.23694709746888695,0.5156131480065385,0.8177966101694916,0.4308617259946986,0.4311354966149023,0.13135593220338984,0.5514285714285714,0.39944782166278026,0.3983748995264065,0.09142857142857143,0.07203389830508475,0.054285714285714284,0.32571428571428573,14.351428571428572,0.05508474576271186,0.002857142857142857,0.030601745156000115,0.11836634914903714,4.4576271186440675,0.0,0.0,0.15,0.08050847457627118,0,0.17463066766672897,0.270498129677813,3.7154899017650926,0.9135546852469784,0.0,1.0,0.0,0.95,0.0,0.95,0.0,0.08,0.0759493670886076,0.5,0.25
201,0.9795376719529704,0.5174961822348361,0.9263082670154332,0.5130095180124319,0.23694709746888695,0.515666658611879,0.7914893617021277,0.4326257531040423,0.4322454739960212,0.13191489361702127,0.5314285714285715,0.39950496451992307,0.3984177566692636,0.09142857142857143,0.07659574468085106,0.05714285714285714,0.32857142857142857,14.388571428571428,0.05106382978723404,0.002857142857142857,0.03063358005244277,0.11836634914903714,4.451063829787234,0.0,0.0,0.15,0.08085106382978724,0,0.174585800042681,0.2691456390294239,3.6983229608726482,0.9822290388799314,0.0,0.95,0.0,0.95,0.0,0.95,0.0,0.08,0.08050847457627118,0.5,0.25
202,0.9810402119167693,0.5173942682893906,0.9264543666183103,0.513517021731427,0.23694709746888695,0.515694814546449,0.811965811965812,0.43383616335811803,0.4325862355852591,0.13247863247863248,0.5428571428571428,0.39950496451992307,0.3984177566692636,0.09142857142857143,0.08547008547008547,0.06285714285714286,0.3314285714285714,14.428571428571429,0.04700854700854701,0.002857142857142857,0.030678239284164195,0.11836634914903714,4.410256410256411,0.0,0.0,0.15,0.0811965811965812,0,0.17411258532818188,0.2677999108342768,3.6872136445123385,0.9625844581023328,0.0,1.0,0.0,0.95,0.0,0.95,0.0,0.08,0.08936170212765958,0.5,0.25
203,0.9812013622552767,0.5177768848049235,0.9263639120393852,0.513706490433286,0.23694709746888695,0.5157095698329235,0.8369098712446352,0.43556524302919547,0.432328231127963,0.13304721030042918,0.5571428571428572,0.39950496451992307,0.3984177566692636,0.09142857142857143,0.07725321888412018,0.05714285714285714,0.3342857142857143,14.465714285714286,0.04291845493562232,0.002857142857142857,0.030687426901078174,0.11836634914903715,4.394849785407725,0.0,0.0,0.15,0.0815450643776824,0,0.1736976009551303,0.2664609112801054,3.6706122287649485,0.9433327689402861,0.0,1.0,0.0,0.95,0.0,0.95,0.0,0.08,0.0811965811965812,0.5,0.25
204,0.9822834956113045,0.517912125883235,0.9270843036735408,0.5135739718381863,0.23694709746888695,0.5157383711338268,0.8369098712446352,0.4357369168489379,0.43245698649276987,0.13304721030042918,0.5571428571428572,0.39961925023420886,0.3985034709549779,0.09142857142857143,0.05150214592274678,0.04,0.3342857142857143,14.491428571428571,0.04291845493562232,0.0,0.030693699905188734,0.11836634914903715,4.394849785407725,0.0,0.0,0.15,0.0815450643776824,0,0.17391468437892607,0.2651286067237048,3.637199984189649,1.0049077026736797,0.0,0.8571428571428571,0.0,0.95,0.0,0.95,0.0,0.08,0.05150214592274678,0.5,0.25
205,0.9825216065806098,0.5182526476065504,0.9272428175473926,0.5134479673646046,0.23694709746888695,0.5158562791292672,0.8497854077253219,0.4357369168489379,0.43245698649276987,0.13304721030042918,0.5657142857142857,0.39961925023420886,0.3985034709549779,0.09142857142857143,0.060085836909871244,0.04,0.3342857142857143,14.52,0.04291845493562232,0.0,0.030693699905188734,0.11836634914903715,4.394849785407725,0.0,0.0,0.15,0.0815450643776824,0,0.17338725452846,0.2638029636900863,3.604455984505856,0.9848095486202061,0.0,1.0,0.0,0.95,0.0,0.95,0.0,0.08,0.060085836909871244,0.5,0.25
206,0.98285166461708,0.5193744356860899,0.9272356532358637,0.5146191912263102,0.23694709746888695,0.5159472760403054,0.8181818181818182,0.43681404577018607,0.43406558706792736,0.1341991341991342,0.54,0.39961925023420886,0.3985034709549779,0.09142857142857143,0.04329004329004329,0.03142857142857143,0.34,14.554285714285715,0.03463203463203463,0.005714285714285714,0.030742820553070982,0.11836634914903714,4.2770562770562774,0.0,0.0,0.15,0.08225108225108226,0,0.17277689039867483,0.2624839488716359,3.5637954362443103,0.9651133576478019,0.0,1.0,0.0,0.95,0.0,0.95,0.0,0.08,0.04721030042918455,0.5,0.25
207,0.982048093869558,0.519491614281582,0.9267052965424991,0.5146705640443572,0.23694709746888695,0.516021407510334,0.8225108225108225,0.43681404577018607,0.43406558706792736,0.1341991341991342,0.5428571428571428,0.39961925023420886,0.3985034709549779,0.09142857142857143,0.047619047619047616,0.03142857142857143,0.34,14.58,0.03463203463203463,0.0,0.030781169317721,0.11836634914903714,4.2770562770562774,0.0,0.0,0.15,0.07792207792207792,0,0.17225472308596718,0.26117152912727776,3.523948098947996,0.9458110904948459,0.0,1.0,0.0,0.95,0.0,0.95,0.0,0.08,0.047619047619047616,0.5,0.25
208,0.982726096958087,0.519458556096719,0.9271527785809284,0.5142802203660467,0.23694709746888695,0.5161343719697792,0.8528138528138528,0.43690062585676614,0.43413052213286235,0.1341991341991342,0.5628571428571428,0.39967639309135167,0.3985463280978351,0.09142857142857143,0.03896103896103896,0.025714285714285714,0.34,14.6,0.04329004329004329,0.0,0.030781169317721,0.11836634914903714,4.2770562770562774,0.0,0.0,0.15,0.07792207792207792,0,0.17207816660982303,0.2598656714816413,3.479183422683322,0.9708717221645329,0.0,0.8888888888888888,0.0,0.95,0.0,0.95,0.0,0.08,0.03896103896103896,0.5,0.25
209,0.9816788404671709,0.5187195875884948,0.9264615892969237,0.5134735884984541,0.23694709746888695,0.5162457297788812,0.8441558441558441,0.43690062585676614,0.43413052213286235,0.1341991341991342,0.5571428571428572,0.39967639309135167,0.3985463280978351,0.09142857142857143,0.06493506493506493,0.04285714285714286,0.34,14.645714285714286,0.04329004329004329,0.0,0.030781169317721,0.11836634914903714,4.2770562770562774,0.0,0.0,0.15,0.07792207792207792,0,0.17181407929116668,0.25856634312423316,3.4524568970867975,0.9514542877212423,0.0,1.0,0.0,0.95,0.0,0.95,0.0,0.08,0.06493506493506493,0.5,0.25
210,0.9814360598253403,0.5183078309978374,0.9263013540733154,0.5132552210760848,0.23694709746888695,0.5163775343597515,0.8441558441558441,0.43690062585676614,0.43413052213286235,0.1341991341991342,0.5571428571428572,0.39967639309135167,0.3985463280978351,0.09142857142857143,0.06060606060606061,0.04,0.34,14.665714285714285,0.04329004329004329,0.0,0.030781169317721,0.11836634914903714,4.2770562770562774,0.0,0.0,0.15,0.07792207792207792,0,0.17126886675185374,0.25727351140861193,3.423407759145062,0.9324252019668173,0.0,1.0,0.0,0.95,0.0,0.95,0.0,0.08,0.06060606060606061,0.5,0.25
211,0.98300742367043,0.5185593417554506,0.9273384542110745,0.5133387182927556,0.23694709746888695,0.5165134427587943,0.8614718614718615,0.43690062585676614,0.43413052213286235,0.1341991341991342,0.5685714285714286,0.39967639309135167,0.3985463280978351,0.09142857142857143,0.07792207792207792,0.054285714285714284,0.34,14.697142857142858,0.04329004329004329,0.0,0.030781169317721,0.11836634914903714,4.2770562770562774,0.0,0.0,0.15,0.07792207792207792,0,0.17106611164677293,0.2559871438515689,3.4092253182478744,0.9137766979274811,0.0,1.0,0.0,0.95,0.0,0.95,0.0,0.08,0.07792207792207792,0.5,0.25
212,0.9821651130457782,0.5184938890848416,0.9268036434323355,0.5133259960932505,0.23694709746888695,0.5168068750842796,0.8217391304347826,0.43612388171987043,0.43571698010939214,0.13478260869565217,0.54,0.39979067880563735,0.39863204238354927,0.09142857142857143,0.06086956521739131,0.04285714285714286,0.34285714285714286,14.725714285714286,0.0391304347826087,0.002857142857142857,0.030808928278808555,0.11836634914903714,4.243478260869566,0.0,0.0,0.15,0.0782608695652174,0,0.17132492394568194,0.25470720813231107,3.3838979547400596,0.9233861725459559,0.0,0.8666666666666667,0.0,0.95,0.0,0.95,0.0,0.08,0.06493506493506493,0.5,0.25
213,0.982547527046542,0.5182021554630032,0.9270549440614088,0.5133171169745449,0.23694709746888695,0.5171430742803205,0.8434782608695652,0.43612388171987043,0.43571698010939214,0.13478260869565217,0.5542857142857143,0.39979067880563735,0.39863204238354927,0.09142857142857143,0.043478260869565216,0.02857142857142857,0.34285714285714286,14.745714285714286,0.0391304347826087,0.0,0.030808928278808555,0.11836634914903714,4.243478260869566,0.0,0.0,0.15,0.0782608695652174,0,0.17075358504023921,0.2534336720916495,3.344791424216687,0.9049184490950367,0.0,1.0,0.0,0.95,0.0,0.95,0.0,0.08,0.043478260869565216,0.5,0.25
214,0.9835151144607568,0.51819998739505,0.9276907872193216,0.5130978497308092,0.23694709746888695,0.5175002059325167,0.7695652173913043,0.43612388171987043,0.43571698010939214,0.13478260869565217,0.5057142857142857,0.39979067880563735,0.39863204238354927,0.09142857142857143,0.06521739130434782,0.045714285714285714,0.34285714285714286,14.765714285714285,0.0391304347826087,0.0,0.030808928278808555,0.11836634914903714,4.243478260869566,0.0,0.0,0.15,0.0782608695652174,0,0.17038424711503805,0.25216650373119126,3.3236098814466395,0.886820080113136,0.0,1.0,0.0,0.95,0.0,0.95,0.0,0.08,0.06521739130434782,0.5,0.25
215,0.9843159811993173,0.5185154581449852,0.9282170710760899,0.5137944243846019,0.23694709746888695,0.51781755398822,0.7956521739130434,0.43612388171987043,0.43571698010939214,0.13478260869565217,0.5228571428571429,0.39979067880563735,0.39863204238354927,0.09142857142857143,0.04782608695652174,0.03428571428571429,0.34285714285714286,14.78,0.0391304347826087,0.0,0.030808928278808555,0.11836634914903714,4.243478260869566,0.0,0.0,0.15,0.0782608695652174,0,0.16993161230803427,0.2509056712125353,3.2914233981034204,0.8690836785108732,0.0,1.0,0.0,0.95,0.0,0.95,0.0,0.08,0.04782608695652174,0.5,0.25
216,0.9819934976634606,0.5192875512847215,0.9266908676096698,0.5148943282450308,0.23694709746888695,0.5180316056065697,0.8,0.43612388171987043,0.43571698010939214,0.13478260869565217,0.5257142857142857,0.39979067880563735,0.39863204238354927,0.09142857142857143,0.04782608695652174,0.03428571428571429,0.34285714285714286,14.788571428571428,0.0391304347826087,0.0,0.030808928278808555,0.11836634914903714,4.243478260869566,0.0,0.0,0.15,0.0782608695652174,0,0.16936752567506552,0.24965114285647264,3.2598806444270663,0.8517020049406557,0.0,1.0,0.0,0.95,0.0,0.95,0.0,0.08,0.04782608695652174,0.5,0.25
217,0.982922777795701,0.5188923537982807,0.9270521732469963,0.514651901626022,0.23694709746888695,0.5182486227861629,0.8209606986899564,0.4357904936631944,0.4346574182771693,0.13537117903930132,0.5371428571428571,0.39979067880563735,0.39863204238354927,0.09142857142857143,0.05240174672489083,0.03428571428571429,0.3457142857142857,14.814285714285715,0.034934497816593885,0.002857142857142857,0.030819052596853014,0.11836634914903713,4.22707423580786,0.0,0.0,0.15,0.07860262008733625,0,0.1688914030466902,0.24840288714219025,3.2289687458242393,0.8346679648418426,0.0,1.0,0.0,0.95,0.0,0.95,0.0,0.08,0.05217391304347826,0.5,0.25
218,0.9814951054314991,0.5198809141425206,0.9261180676144182,0.5154799643310481,0.23694709746888695,0.5184800563751771,0.8296943231441049,0.4357904936631944,0.4346574182771693,0.13537117903930132,0.5428571428571428,0.39979067880563735,0.39863204238354927,0.09142857142857143,0.07860262008733625,0.05142857142857143,0.3457142857142857,14.834285714285715,0.034934497816593885,0.0,0.03082196630206296,0.11836634914903713,4.22707423580786,0.0,0.0,0.15,0.07860262008733625,0,0.16893137745645675,0.2471608727064793,3.2158179423363262,0.8179746055450058,0.0,0.9444444444444444,0.0,0.95,0.0,0.95,0.0,0.08,0.07860262008733625,0.5,0.25
219,0.9811479374882398,0.5190048879217317,0.9259447836244337,0.5150569597408154,0.23694709746888695,0.518758504528304,0.8421052631578947,0.4369602014824853,0.43595062343269864,0.13596491228070176,0.5485714285714286,0.399904964519923,0.39871775666926357,0.09142857142857143,0.06140350877192982,0.04285714285714286,0.3485714285714286,14.86,0.03070175438596491,0.002857142857142857,0.030813814874558667,0.11836634914903714,4.228070175438597,0.0,0.0,0.15,0.07894736842105263,0,0.16885772056917447,0.24592506834294692,3.1943587263467426,0.810155188895419,0.0,0.9333333333333333,0.0,0.95,0.0,0.95,0.0,0.08,0.0611353711790393,0.5,0.25
220,0.9807047153132918,0.5195022404698677,0.925656056036182,0.5151712460899485,0.23694709746888695,0.5188496609843715,0.8289473684210527,0.43704792078073096,0.43601641290638277,0.13596491228070176,0.54,0.39996210737706595,0.39876061381212075,0.09142857142857143,0.05263157894736842,0.03428571428571429,0.3485714285714286,14.871428571428572,0.03070175438596491,0.0,0.0308190582553962,0.11836634914903714,4.228070175438597,0.0,0.0,0.15,0.07894736842105263,0,0.16869886053775715,0.2446954430012322,3.164757266105522,0.8053600235468774,0.0,0.9166666666666666,0.0,0.95,0.0,0.95,0.0,0.08,0.05263157894736842,0.5,0.25
221,0.9791934988793183,0.5197800430743643,0.924671606473479,0.5158324691955491,0.23694709746888695,0.5189779257852654,0.8333333333333334,0.4371356400789765,0.43608220238006706,0.13596491228070176,0.5428571428571428,0.4000192502342088,0.39880347095497787,0.09142857142857143,0.06140350877192982,0.04,0.3485714285714286,14.894285714285715,0.03070175438596491,0.0,0.0308190582553962,0.11836634914903714,4.228070175438597,0.0,0.0,0.15,0.07894736842105263,0,0.16896936623506836,0.24347196578622604,3.141462120783411,0.8451942613829745,0.0,0.8571428571428571,0.0,0.95,0.0,0.95,0.0,0.08,0.06140350877192982,0.5,0.25
222,0.9798611473112364,0.520723564552764,0.9251065317377002,0.5162487037894592,0.23694709746888695,0.5190543353750436,0.8201754385964912,0.4372233593772222,0.4361479918537512,0.13596491228070176,0.5342857142857143,0.4000763930913516,0.39884632809783493,0.09142857142857143,0.05701754385964912,0.04,0.3485714285714286,14.922857142857143,0.03070175438596491,0.0,0.0308190582553962,0.11836634914903714,4.228070175438597,0.0,0.0,0.15,0.07894736842105263,0,0.16892380583246444,0.2468211459076727,3.118632878367743,0.8374353329544805,0.0,0.9285714285714286,0.0,0.95,0.0,0.95,0.0,0.08,0.05701754385964912,0.5,0.25
223,0.9787026801252214,0.5209599353380817,0.9243518731136672,0.5165393015153861,0.23694709746888695,0.5192259849231066,0.8333333333333334,0.4372233593772222,0.4361479918537512,0.13596491228070176,0.5428571428571428,0.4000763930913516,0.39884632809783493,0.09142857142857143,0.05701754385964912,0.04,0.3485714285714286,14.934285714285714,0.03070175438596491,0.0,0.0308190582553962,0.11836634914903714,4.228070175438597,0.0,0.0,0.15,0.07894736842105263,0,0.16859105392474857,0.24558704017813435,3.0962602208003878,0.8206866262953909,0.0,1.0,0.0,0.95,0.0,0.95,0.0,0.08,0.05701754385964912,0.5,0.25
224,0.9793004326180952,0.5218550257734818,0.9247604446897425,0.5164775329456305,0.23694709746888695,0.5194214038684337,0.8502202643171806,0.43660998277721935,0.4361624091065473,0.13656387665198239,0.5514285714285714,0.4000763930913516,0.39884632809783493,0.09142857142857143,0.06607929515418502,0.04285714285714286,0.3514285714285714,14.962857142857143,0.02643171806167401,0.002857142857142857,0.030830152731047732,0.11836634914903715,4.202643171806168,0.0,0.0,0.15,0.07929515418502203,0,0.16820297003023188,0.24435910497724364,3.0771921592415232,0.8042728937694831,0.0,1.0,0.0,0.95,0.0,0.95,0.0,0.08,0.06578947368421052,0.5,0.25
225,0.9818045178910827,0.5209226371482977,0.9263845228525086,0.5161685567372469,0.23694709746888695,0.519617930991264,0.8414096916299559,0.43687429995783605,0.4363606469920099,0.13656387665198239,0.5457142857142857,0.40024782166278017,0.3989748995264064,0.09142857142857143,0.06167400881057269,0.04,0.3514285714285714,14.982857142857142,0.02643171806167401,0.0,0.03083687126221569,0.11836634914903715,4.202643171806168,0.0,0.0,0.15,0.07929515418502203,0,0.168561384465795,0.27547011843703073,3.0556483160566925,0.8199812287215529,0.0,0.8571428571428571,0.0,0.95,0.0,0.95,0.0,0.08,0.06167400881057269,0.5,0.25
226,0.9796650025173683,0.5204770857965912,0.9246269819101336,0.516160283518091,0.23694709746888695,0.51976113600439,0.8230088495575221,0.43726108686890314,0.437216436018382,0.13716814159292035,0.5314285714285715,0.40024782166278017,0.3989748995264064,0.09142857142857143,0.0752212389380531,0.054285714285714284,0.35428571428571426,15.005714285714285,0.02654867256637168,0.002857142857142857,0.030839579975743277,0.11836634914903714,4.176991150442478,0.0,0.0,0.15,0.07964601769911504,0,0.16817500682918032,0.2740927678448456,3.0488210640212725,0.8035816041471219,0.0,1.0,0.0,0.95,0.0,0.95,0.0,0.08,0.07929515418502203,0.5,0.25
227,0.9799160935497785,0.5198144590289977,0.9247891149767757,0.5150169009502464,0.23694709746888695,0.5198293006919835,0.8628318584070797,0.43726108686890314,0.437216436018382,0.13716814159292035,0.5571428571428572,0.40024782166278017,0.3989748995264064,0.09142857142857143,0.05752212389380531,0.04,0.35428571428571426,15.034285714285714,0.02654867256637168,0.0,0.03085850072915478,0.11836634914903714,4.176991150442478,0.0,0.0,0.15,0.07964601769911504,0,0.16764798965217728,0.2727223040056213,3.027844642740847,0.7875099720641794,0.0,1.0,0.0,0.95,0.0,0.95,0.0,0.08,0.05752212389380531,0.5,0.25
228,0.9810426289791551,0.5200036796688553,0.9252904440571851,0.5145183610163756,0.23694709746888695,0.5198820640416196,0.8533333333333334,0.43764995400633366,0.43617940883217493,0.13777777777777778,0.5485714285714286,0.40024782166278017,0.3989748995264064,0.09142857142857143,0.02666666666666667,0.017142857142857144,0.35714285714285715,15.045714285714286,0.02666666666666667,0.002857142857142857,0.030913130354215994,0.11836634914903714,4.08,0.0,0.0,0.15,0.08,0,0.16695246398963068,0.27135869248559324,2.984430607028888,0.7717597726228959,0.0,1.0,0.0,0.95,0.0,0.95,0.0,0.08,0.02654867256637168,0.5,0.25
229,0.9813310052144653,0.5191726567705337,0.9254758287798842,0.513961827533413,0.23694709746888695,0.519969317648686,0.8088888888888889,0.4378277317841115,0.43631274216550825,0.13777777777777778,0.52,0.40036210737706596,0.3990606138121207,0.09142857142857143,0.05333333333333334,0.03428571428571429,0.35714285714285715,15.057142857142857,0.022222222222222223,0.0,0.030939892920642423,0.11836634914903714,4.08,0.0,0.0,0.15,0.08,0,0.16703056024111107,0.2700018990231653,2.959027709174024,0.835443377419886,0.0,0.9166666666666666,0.0,0.95,0.0,0.95,0.0,0.08,0.05333333333333334,0.5,0.25
230,0.9800735735842093,0.519550305808237,0.9246674798747199,0.514520234336734,0.23694709746888695,0.5200759218095814,0.84,0.4380055095618892,0.43644607549884157,0.13777777777777778,0.54,0.40047639309135175,0.399146328097835,0.09142857142857143,0.07111111111111111,0.045714285714285714,0.35714285714285715,15.074285714285715,0.022222222222222223,0.0,0.030939892920642423,0.11836634914903714,4.08,0.0,0.0,0.15,0.08,0,0.1671079831506198,0.2686518895280494,2.945561440704829,0.834139794710679,0.0,0.9375,0.0,0.95,0.0,0.95,0.0,0.08,0.07111111111111111,0.5,0.25
231,0.9810550103441761,0.5198423807289562,0.9252984035061269,0.5146698619724779,0.23694709746888695,0.5202477501996673,0.8533333333333334,0.4380055095618892,0.43644607549884157,0.13777777777777778,0.5485714285714286,0.40047639309135175,0.399146328097835,0.09142857142857143,0.06222222222222222,0.04285714285714286,0.35714285714285715,15.088571428571429,0.022222222222222223,0.0,0.030939892920642423,0.11836634914903714,4.08,0.0,0.0,0.15,0.08,0,0.16661487252058102,0.2673086300804092,2.929507354747875,0.8174569988164655,0.0,1.0,0.0,0.95,0.0,0.95,0.0,0.08,0.06222222222222222,0.5,0.25
232,0.9810989984464507,0.5192758425542623,0.9254305436340854,0.5142327377466271,0.23694709746888695,0.5202990166211691,0.8295964125560538,0.43820674744385973,0.4347683910730267,0.14349775784753363,0.5285714285714286,0.40059067880563737,0.3992320423835493,0.09428571428571429,0.04484304932735426,0.037142857142857144,0.3628571428571429,15.102857142857143,0.013452914798206279,0.005714285714285714,0.030968942886443217,0.11836634914903713,4.044843049327354,0.0,0.0,0.15,0.08071748878923767,0,0.16695265601512094,0.2988267535955321,2.908060064795775,0.8060379929076374,0.0,0.8461538461538461,0.0,0.95,0.0,0.95,0.0,0.08,0.05333333333333334,0.5,0.25
233,0.9803089283797704,0.5193419411706978,0.9249271561344575,0.5137511186366791,0.23694709746888695,0.5203566496867688,0.8565022421524664,0.43820674744385973,0.4347683910730267,0.14349775784753363,0.5457142857142857,0.40059067880563737,0.3992320423835493,0.09428571428571429,0.03587443946188341,0.022857142857142857,0.3628571428571429,15.111428571428572,0.013452914798206279,0.0,0.030975187250695594,0.11836634914903713,4.044843049327354,0.0,0.0,0.15,0.08071748878923767,0,0.1663177498779025,0.2973326198275545,2.872756006357002,0.7899172330494847,0.0,1.0,0.0,0.95,0.0,0.95,0.0,0.08,0.03587443946188341,0.5,0.25
234,0.9800733820735874,0.5183172505744534,0.9247770794879466,0.5130830379194867,0.23694709746888695,0.5203900756623776,0.8295964125560538,0.43847580573982387,0.4349701847949998,0.14349775784753363,0.5285714285714286,0.4007621073770659,0.3993606138121207,0.09428571428571429,0.05829596412556054,0.037142857142857144,0.3628571428571429,15.131428571428572,0.017937219730941704,0.0,0.030975187250695594,0.11836634914903713,4.044843049327354,0.0,0.0,0.15,0.08071748878923767,0,0.1666851625570844,0.29584595672841674,2.8524437433727194,0.8407650655971363,0.0,0.8461538461538461,0.0,0.95,0.0,0.95,0.0,0.08,0.05829596412556054,0.5,0.25
235,0.9789138667130615,0.5178303405077153,0.92403830255824,0.5126468218344085,0.23694709746888695,0.5203400198211081,0.8834080717488789,0.43847580573982387,0.4349701847949998,0.14349775784753363,0.5628571428571428,0.4007621073770659,0.3993606138121207,0.09428571428571429,0.03587443946188341,0.022857142857142857,0.3628571428571429,15.14,0.017937219730941704,0.0,0.030975187250695594,0.11836634914903713,4.044843049327354,0.0,0.0,0.15,0.08071748878923767,0,0.16613631102644183,0.2943667269447746,2.8182520113624077,0.8239497642851935,0.0,1.0,0.0,0.95,0.0,0.95,0.0,0.08,0.03587443946188341,0.5,0.25
236,0.9795823005063543,0.5178244758847199,0.9244641903751095,0.5124765259866119,0.23694709746888695,0.5203172697246417,0.852017937219731,0.43856549183847865,0.43503744936899086,0.14349775784753363,0.5428571428571428,0.4008192502342087,0.39940347095497786,0.09428571428571429,0.06278026905829596,0.04285714285714286,0.3628571428571429,15.16,0.02242152466367713,0.0,0.030975187250695594,0.11836634914903713,4.044843049327354,0.0,0.0,0.15,0.08071748878923767,0,0.16632994291454115,0.2928948933100508,2.8047441139923017,0.87735297992205,0.0,0.9333333333333333,0.0,0.95,0.0,0.95,0.0,0.08,0.06278026905829596,0.5,0.25
237,0.9807236581802473,0.5169091277869335,0.9251913982644757,0.511916597560219,0.23694709746888695,0.5202455677862456,0.8565022421524664,0.4386551779371333,0.4351047139429819,0.14349775784753363,0.5457142857142857,0.4008763930913517,0.399446328097835,0.09428571428571429,0.05829596412556054,0.04,0.3628571428571429,15.174285714285714,0.017937219730941704,0.0,0.030975187250695594,0.11836634914903713,4.044843049327354,0.0,0.0,0.15,0.08071748878923767,0,0.16658400748568272,0.29583545747621715,2.788649231712456,0.9488852996614363,0.0,0.8571428571428571,0.0,0.95,0.0,0.95,0.0,0.08,0.05829596412556054,0.5,0.25
238,0.9804142603338343,0.5167919644304966,0.9249942676366183,0.5115184296921405,0.23694709746888695,0.5200732870433011,0.8071748878923767,0.4386551779371333,0.4351047139429819,0.14349775784753363,0.5142857142857142,0.4008763930913517,0.399446328097835,0.09428571428571429,0.04932735426008968,0.03142857142857143,0.3628571428571429,15.194285714285714,0.02242152466367713,0.0,0.030975187250695594,0.11836634914903713,4.044843049327354,0.0,0.0,0.15,0.08071748878923767,0,0.16643594744468287,0.2943562801888361,2.764304818506779,0.9299075936682076,0.0,1.0,0.0,0.95,0.0,0.95,0.0,0.08,0.04932735426008968,0.5,0.25
239,0.9818360455799818,0.5171689742131188,0.9259001479505923,0.5116854515902913,0.23694709746888695,0.5198504021956961,0.820627802690583,0.4386551779371333,0.4351047139429819,0.14349775784753363,0.5228571428571429,0.4008763930913517,0.399446328097835,0.09428571428571429,0.04932735426008968,0.03142857142857143,0.3628571428571429,15.205714285714286,0.017937219730941704,0.0,0.030975187250695594,0.11836634914903713,4.044843049327354,0.0,0.0,0.15,0.08071748878923767,0,0.1664873469753345,0.29288449878789186,2.740447293565214,0.9113094417948434,0.0,0.9090909090909091,0.0,0.95,0.0,0.95,0.0,0.08,0.04932735426008968,0.5,0.25
240,0.9812531799707706,0.5168480608240822,0.9255287792910091,0.511202330248118,0.23694709746888695,0.519571241145393,0.8026905829596412,0.4388345501344427,0.43523924309096396,0.14349775784753363,0.5114285714285715,0.4009906788056374,0.3995320423835493,0.09428571428571429,0.053811659192825115,0.03428571428571429,0.3628571428571429,15.228571428571428,0.02242152466367713,0.0,0.030975187250695594,0.11836634914903713,4.044843049327354,0.0,0.0,0.15,0.08071748878923767,0,0.16722576809760065,0.29142007629395245,2.7199240619796243,1.0022413115553364,0.0,0.8333333333333334,0.0,0.95,0.0,0.95,0.0,0.08,0.053811659192825115,0.5,0.25
241,0.9812290171939098,0.5164263522070938,0.9255133841503234,0.5110751301596462,0.23694709746888695,0.5192299239965699,0.8340807174887892,0.4388345501344427,0.43523924309096396,0.14349775784753363,0.5314285714285715,0.4009906788056374,0.3995320423835493,0.09428571428571429,0.06278026905829596,0.04285714285714286,0.3628571428571429,15.254285714285714,0.02242152466367713,0.0,0.030975187250695594,0.11836634914903713,4.044843049327354,0.0,0.0,0.15,0.08071748878923767,0,0.16772979706079114,0.28996297591248266,2.7083827235971745,0.9821964853242297,0.0,1.0,0.0,0.95,0.0,0.95,0.0,0.08,0.06278026905829596,0.5,0.25
242,0.9802216535786415,0.5162559506333865,0.9245414726511277,0.5107909068049424,0.23694709746888695,0.5187646463935557,0.8108108108108109,0.4393720705097292,0.4341430313980464,0.14414414414414414,0.5142857142857142,0.4009906788056374,0.3995320423835493,0.09428571428571429,0.04054054054054054,0.025714285714285714,0.3657142857142857,15.262857142857143,0.018018018018018018,0.002857142857142857,0.030983396416476718,0.11836634914903714,4.036036036036036,0.0,0.0,0.15,0.08108108108108109,0,0.16726280552351697,0.28851316103292024,2.679929354839517,0.962552555617745,0.0,1.0,0.0,0.95,0.0,0.95,0.0,0.08,0.04035874439461883,0.5,0.25
243,0.9795454702640647,0.5164679385763444,0.9236507396902989,0.5108777251885204,0.23694709746888695,0.5183966306154131,0.8506787330316742,0.4387657055074604,0.4325758026033039,0.14479638009049775,0.5371428571428571,0.4009906788056374,0.3995320423835493,0.09428571428571429,0.04524886877828054,0.03142857142857143,0.36857142857142855,15.28,0.013574660633484163,0.002857142857142857,0.030992833442237428,0.11836634914903714,4.009049773755656,0.0,0.0,0.15,0.08144796380090498,0,0.1667117772101851,0.28707059522775563,2.6577593391712977,0.9433015045053901,0.0,1.0,0.0,0.95,0.0,0.95,0.0,0.08,0.04954954954954955,0.5,0.25
244,0.9763456161102226,0.5169768336602103,0.9216302603531585,0.5114360735863569,0.23694709746888695,0.5180965872881623,0.7873303167420814,0.43894670098257355,0.4327115492096388,0.14479638009049775,0.49714285714285716,0.40110496451992306,0.3996177566692635,0.09428571428571429,0.049773755656108594,0.03428571428571429,0.36857142857142855,15.294285714285714,0.01809954751131222,0.0,0.03100365236378455,0.11836634914903714,4.009049773755656,0.0,0.0,0.15,0.08144796380090498,0,0.1670480825920092,0.28563524225161685,2.638889866673586,0.9444687431166884,0.0,0.8333333333333334,0.0,0.95,0.0,0.95,0.0,0.08,0.049773755656108594,0.5,0.25
245,0.9782174434814705,0.5177001868766209,0.9228121856361466,0.5116498799640518,0.23694709746888695,0.5179020157940112,0.7873303167420814,0.43894670098257355,0.4327115492096388,0.14479638009049775,0.49714285714285716,0.40110496451992306,0.3996177566692635,0.09428571428571429,0.027149321266968326,0.017142857142857144,0.36857142857142855,15.308571428571428,0.01809954751131222,0.0,0.03100365236378455,0.11836634914903714,4.009049773755656,0.0,0.0,0.15,0.08144796380090498,0,0.16629855646476344,0.2842070660403588,2.603254926482971,0.9255793682543546,0.0,1.0,0.0,0.95,0.0,0.95,0.0,0.08,0.027149321266968326,0.5,0.25
246,0.9804758304428001,0.5191568745865286,0.9242381956888718,0.5128607687274337,0.23694709746888695,0.5177927873579308,0.8461538461538461,0.43894670098257355,0.4327115492096388,0.14479638009049775,0.5342857142857143,0.40110496451992306,0.3996177566692635,0.09428571428571429,0.04072398190045249,0.025714285714285714,0.36857142857142855,15.317142857142857,0.01809954751131222,0.0,0.03100365236378455,0.11836634914903714,4.009049773755656,0.0,0.0,0.15,0.08144796380090498,0,0.16603564224672532,0.28278603071015695,2.5769041136675974,0.9070677808892674,0.0,1.0,0.0,0.95,0.0,0.95,0.0,0.08,0.04072398190045249,0.5,0.25
247,0.9808312596271801,0.51930293948018,0.924462623831009,0.5128730770607779,0.23694709746888695,0.5178794971330062,0.8416289592760181,0.43894670098257355,0.4327115492096388,0.14479638009049775,0.5314285714285715,0.40110496451992306,0.3996177566692635,0.09428571428571429,0.03619909502262444,0.022857142857142857,0.36857142857142855,15.325714285714286,0.013574660633484163,0.0,0.03100365236378455,0.11836634914903714,4.009049773755656,0.0,0.0,0.15,0.08144796380090498,0,0.16560347187479527,0.2813721005566062,2.5482231742513886,0.888926425271482,0.0,1.0,0.0,0.95,0.0,0.95,0.0,0.08,0.03619909502262444,0.5,0.25
248,0.9812037542566814,0.5183654163519202,0.9246978275827799,0.5122668643975822,0.23694709746888695,0.5178814125827442,0.8416289592760181,0.43894670098257355,0.4327115492096388,0.14479638009049775,0.5314285714285715,0.40110496451992306,0.3996177566692635,0.09428571428571429,0.04524886877828054,0.02857142857142857,0.36857142857142855,15.322857142857142,0.013574660633484163,0.0,0.03100365236378455,0.11836634914903714,4.009049773755656,0.0,0.0,0.15,0.08144796380090498,0,0.16522835140927594,0.27996524005382317,2.5258301393377893,0.8711478967660523,0.0,1.0,0.0,0.95,0.0,0.95,0.0,0.08,0.04524886877828054,0.5,0.25
249,0.9830750864031211,0.5188085127528593,0.925726778758441,0.5125078743509531,0.23694709746888695,0.5178832429530851,0.8318181818181818,0.4379197832335059,0.432804689577317,0.14545454545454545,0.5228571428571429,0.40110496451992306,0.3996177566692635,0.09428571428571429,0.03636363636363636,0.025714285714285714,0.37142857142857144,15.325714285714286,0.00909090909090909,0.002857142857142857,0.031033599351442485,0.11836634914903714,3.963636363636364,0.0,0.0,0.15,0.08181818181818182,0,0.16465906679508668,0.27856541385355404,2.5010278222653186,0.8537249388307313,0.0,1.0,0.0,0.95,0.0,0.95,0.0,0.08,0.04072398190045249,0.5,0.25
250,0.9815369093357729,0.5186634257788182,0.924759924601822,0.5118259550931596,0.23694709746888695,0.5179582002617638,0.8363636363636363,0.4379197832335059,0.432804689577317,0.14545454545454545,0.5257142857142857,0.40110496451992306,0.3996177566692635,0.09428571428571429,0.05,0.03142857142857143,0.37142857142857144,15.34,0.00909090909090909,0.0,0.031043258607310737,0.11836634914903714,3.963636363636364,0.0,0.0,0.15,0.08181818181818182,0,0.16426291788611125,0.27717258678428625,2.4824358372485844,0.8366504400541167,0.0,1.0,0.0,0.95,0.0,0.95,0.0,0.08,0.05,0.5,0.25
251,0.9811839811725028,0.517064801125377,0.9245380840420523,0.5111352141884077,0.23694709746888695,0.5180740238905698,0.8636363636363636,0.4379197832335059,0.432804689577317,0.14545454545454545,0.5428571428571428,0.40110496451992306,0.3996177566692635,0.09428571428571429,0.04090909090909091,0.025714285714285714,0.37142857142857144,15.325714285714286,0.00909090909090909,0.0,0.031043258607310737,0.11836634914903714,3.963636363636364,0.0,0.0,0.15,0.08181818181818182,0,0.1637544675645557,0.27578672385036485,2.4585014062178985,0.8199174312530344,0.0,1.0,0.0,0.95,0.0,0.95,0.0,0.08,0.04090909090909091,0.5,0.25
252,0.9820186805051612,0.5170867112326332,0.925062752194009,0.5112745251952024,0.23694709746888695,0.5181071324580127,0.8727272727272727,0.4379197832335059,0.432804689577317,0.14545454545454545,0.5485714285714286,0.40110496451992306,0.3996177566692635,0.09428571428571429,0.04090909090909091,0.025714285714285714,0.37142857142857144,15.331428571428571,0.00909090909090909,0.0,0.031043258607310737,0.11836634914903714,3.963636363636364,0.0,0.0,0.15,0.08181818181818182,0,0.16324898379459007,0.274407790231113,2.4350456638078257,0.8035190826279737,0.0,1.0,0.0,0.95,0.0,0.95,0.0,0.08,0.04090909090909091,0.5,0.25
253,0.9831334754770319,0.5162835366632254,0.925763480462042,0.5106999130656515,0.23694709746888695,0.5181115934041621,0.8727272727272727,0.4381016014153241,0.43294105321368065,0.14545454545454545,0.5485714285714286,0.4012192502342088,0.3997034709549778,0.09428571428571429,0.04090909090909091,0.02857142857142857,0.37142857142857144,15.342857142857143,0.00909090909090909,0.0,0.031043258607310737,0.11836634914903714,3.963636363636364,0.0,0.0,0.15,0.08181818181818182,0,0.16317488244704567,0.2767809359511487,2.414916179103098,0.798378462066501,0.0,0.9,0.0,0.95,0.0,0.95,0.0,0.08,0.04090909090909091,0.5,0.25
254,0.981716335877487,0.5164079315655755,0.9248727069994711,0.5106927601042207,0.23694709746888695,0.5180671899321982,0.8818181818181818,0.4381016014153241,0.43294105321368065,0.14545454545454545,0.5542857142857143,0.4012192502342088,0.3997034709549778,0.09428571428571429,0.045454545454545456,0.02857142857142857,0.37142857142857144,15.34,0.00909090909090909,0.0,0.031043258607310737,0.11836634914903714,3.963636363636364,0.0,0.0,0.15,0.08181818181818182,0,0.1626158651776676,0.275397031271393,2.3951892840924645,0.782410892825171,0.0,1.0,0.0,0.95,0.0,0.95,0.0,0.08,0.045454545454545456,0.5,0.25
255,0.9819841148785976,0.5162970168892363,0.9250410252287404,0.5109964320519922,0.23694709746888695,0.5180691879386992,0.8818181818181818,0.4381016014153241,0.43294105321368065,0.14545454545454545,0.5542857142857143,0.4012192502342088,0.3997034709549778,0.09428571428571429,0.03636363636363636,0.022857142857142857,0.37142857142857144,15.348571428571429,0.00909090909090909,0.0,0.031043258607310737,0.11836634914903714,3.963636363636364,0.0,0.0,0.15,0.08181818181818182,0,0.16214393583394,0.274020046115036,2.370142641267758,0.7667626749686676,0.0,1.0,0.0,0.95,0.0,0.95,0.0,0.08,0.03636363636363636,0.5,0.25
256,0.9819573105580905,0.5163248096195613,0.9250241767987074,0.5114480664943264,0.23694709746888695,0.5179596528428323,0.8636363636363636,0.4381016014153241,0.43294105321368065,0.14545454545454545,0.5428571428571428,0.4012192502342088,0.3997034709549778,0.09428571428571429,0.05,0.03142857142857143,0.37142857142857144,15.357142857142858,0.013636363636363636,0.0,0.031043258607310737,0.11836634914903714,3.963636363636364,0.0,0.0,0.15,0.08181818181818182,0,0.16192895816943037,0.27264994588446084,2.3541683598709744,0.7514274214692941,0.0,1.0,0.0,0.95,0.0,0.95,0.0,0.08,0.05,0.5,0.25
257,0.981518782198088,0.5161805139434085,0.9247485304009916,0.5113279503384615,0.23694709746888695,0.517753758028276,0.8181818181818182,0.4381016014153241,0.43294105321368065,0.14545454545454545,0.5142857142857142,0.4012192502342088,0.3997034709549778,0.09428571428571429,0.045454545454545456,0.03142857142857143,0.37142857142857144,15.365714285714287,0.013636363636363636,0.0,0.031043258607310737,0.11836634914903714,3.963636363636364,0.0,0.0,0.15,0.08181818181818182,0,0.1614900283785832,0.27128669615503853,2.338513564102126,0.7363988730399083,0.0,1.0,0.0,0.95,0.0,0.95,0.0,0.08,0.045454545454545456,0.5,0.25
258,0.9830526862290285,0.5179198736729567,0.9257126986490113,0.5122095422391828,0.23694709746888695,0.5177411460254514,0.8863636363636364,0.4381016014153241,0.43294105321368065,0.14545454545454545,0.5571428571428572,0.4012192502342088,0.3997034709549778,0.09428571428571429,0.031818181818181815,0.02,0.37142857142857144,15.368571428571428,0.013636363636363636,0.0,0.031043258607310737,0.11836634914903714,3.963636363636364,0.0,0.0,0.15,0.08181818181818182,0,0.16082529252240457,0.26993026267426334,2.311743292820083,0.7216708955791101,0.0,1.0,0.0,0.95,0.0,0.95,0.0,0.08,0.031818181818181815,0.5,0.25
259,0.983168468497052,0.5192750626707978,0.9257854760746259,0.5129167322648711,0.23694709746888695,0.5178090143594088,0.8545454545454545,0.4381016014153241,0.43294105321368065,0.14545454545454545,0.5371428571428571,0.4012192502342088,0.3997034709549778,0.09428571428571429,0.045454545454545456,0.02857142857142857,0.37142857142857144,15.38,0.013636363636363636,0.0,0.031043258607310737,0.11836634914903714,3.963636363636364,0.0,0.0,0.15,0.08181818181818182,0,0.1603347382026497,0.268580611360892,2.2940798555351107,0.7072374776675279,0.0,1.0,0.0,0.95,0.0,0.95,0.0,0.08,0.045454545454545456,0.5,0.25
260,0.9825621896097911,0.5198115047982268,0.925404386488348,0.5127501093687348,0.23694709746888695,0.5180245925555943,0.8181818181818182,0.43828341959714234,0.43307741685004425,0.14545454545454545,0.5142857142857142,0.40133353594849447,0.3997891852406921,0.09428571428571429,0.03636363636363636,0.022857142857142857,0.37142857142857144,15.374285714285714,0.013636363636363636,0.0,0.031043258607310737,0.11836634914903714,3.963636363636364,0.0,0.0,0.15,0.08181818181818182,0,0.16027463950806503,0.26723770830408755,2.271055401281551,0.6967696664435519,0.0,0.875,0.0,0.95,0.0,0.95,0.0,0.08,0.03636363636363636,0.5,0.25
261,0.9828275967406125,0.5198307314684438,0.9255712138277213,0.5129842845481729,0.23694709746888695,0.5182820819618873,0.8318181818181818,0.43828341959714234,0.43307741685004425,0.14545454545454545,0.5228571428571429,0.40133353594849447,0.3997891852406921,0.09428571428571429,0.05454545454545454,0.03428571428571429,0.37142857142857144,15.382857142857143,0.013636363636363636,0.0,0.031043258607310737,0.11836634914903714,3.963636363636364,0.0,0.0,0.15,0.08181818181818182,0,0.16001398630338184,0.2659015197625671,2.259920007541634,0.6828342731146808,0.0,1.0,0.0,0.95,0.0,0.95,0.0,0.08,0.05454545454545454,0.5,0.25
262,0.9826250473033885,0.5188293136585644,0.9254438970386091,0.5123584332798378,0.23694709746888695,0.5186017630545003,0.8681818181818182,0.43828341959714234,0.43307741685004425,0.14545454545454545,0.5457142857142857,0.40133353594849447,0.3997891852406921,0.09428571428571429,0.02727272727272727,0.017142857142857144,0.37142857142857144,15.391428571428571,0.013636363636363636,0.0,0.031043258607310737,0.11836634914903714,3.963636363636364,0.0,0.0,0.15,0.08181818181818182,0,0.15935677351472205,0.26457201216375426,2.2318644645336585,0.6691775876523872,0.0,1.0,0.0,0.95,0.0,0.95,0.0,0.08,0.02727272727272727,0.5,0.25
263,0.9817425478988769,0.5187828888126959,0.9248891831272018,0.512344033257663,0.23694709746888695,0.5188403918175345,0.8590909090909091,0.43837432868805143,0.43314559866822616,0.14545454545454545,0.54,0.40139067880563734,0.3998320423835493,0.09428571428571429,0.05,0.03142857142857143,0.37142857142857144,15.388571428571428,0.013636363636363636,0.0,0.031043258607310737,0.11836634914903714,3.963636363636364,0.0,0.0,0.15,0.08181818181818182,0,0.15941471816511268,0.2902285570795202,2.2186557466715566,0.6754986736630871,0.0,0.9090909090909091,0.0,0.95,0.0,0.95,0.0,0.08,0.05,0.5,0.25
264,0.9833002845508588,0.5195786723212453,0.925868331879876,0.5130725749609316,0.23694709746888695,0.5190794954967444,0.8363636363636363,0.43855614686986955,0.4332819623045898,0.14545454545454545,0.5257142857142857,0.40150496451992307,0.39991775666926355,0.09428571428571429,0.03636363636363636,0.025714285714285714,0.37142857142857144,15.394285714285715,0.013636363636363636,0.0,0.031043258607310737,0.11836634914903714,3.963636363636364,0.0,0.0,0.15,0.08181818181818182,0,0.15944450599928708,0.2887774142941226,2.1999969174524114,0.6943974226550985,0.0,0.8888888888888888,0.0,0.95,0.0,0.95,0.0,0.08,0.03636363636363636,0.5,0.25
265,0.9823834270431819,0.5196785847457198,0.9252920214464793,0.5127191379417141,0.23694709746888695,0.5192861144353166,0.8227272727272728,0.43855614686986955,0.4332819623045898,0.14545454545454545,0.5171428571428571,0.40150496451992307,0.39991775666926355,0.09428571428571429,0.05,0.03428571428571429,0.37142857142857144,15.391428571428571,0.013636363636363636,0.0,0.031043258607310737,0.11836634914903714,3.963636363636364,0.0,0.0,0.15,0.08181818181818182,0,0.15893271204071924,0.28733352722265204,2.1902826933890776,0.6805094742019965,0.0,1.0,0.0,0.95,0.0,0.95,0.0,0.08,0.05,0.5,0.25
266,0.9827303639138837,0.5192373088896194,0.9255100960509205,0.5125362320017479,0.23694709746888695,0.5195800403522358,0.8272727272727273,0.43864705596077863,0.43335014412277156,0.14545454545454545,0.52,0.40156210737706594,0.3999606138121207,0.09428571428571429,0.045454545454545456,0.02857142857142857,0.37142857142857144,15.394285714285715,0.01818181818181818,0.0,0.031043258607310737,0.11836634914903714,3.963636363636364,0.0,0.0,0.15,0.08181818181818182,0,0.1590214856055335,0.28589685958653877,2.1750484680927245,0.7224054306456992,0.0,0.9,0.0,0.95,0.0,0.95,0.0,0.08,0.045454545454545456,0.5,0.25
267,0.9849586915556301,0.5180711424770619,0.9269107591400181,0.5115584800378948,0.23694709746888695,0.5198875228482533,0.8363636363636363,0.43864705596077863,0.43335014412277156,0.14545454545454545,0.5257142857142857,0.40156210737706594,0.3999606138121207,0.09428571428571429,0.045454545454545456,0.02857142857142857,0.37142857142857144,15.411428571428571,0.01818181818181818,0.0,0.031043258607310737,0.11836634914903714,3.963636363636364,0.0,0.0,0.15,0.08181818181818182,0,0.1585118067489344,0.28446737528860605,2.1601189273022983,0.7079573220327852,0.0,1.0,0.0,0.95,0.0,0.95,0.0,0.08,0.045454545454545456,0.5,0.25
268,0.9875255082413684,0.5175082681857113,0.9285241867710535,0.5111330498438099,0.23694709746888695,0.520048826009555,0.8818181818181818,0.43864705596077863,0.43335014412277156,0.14545454545454545,0.5542857142857143,0.40156210737706594,0.3999606138121207,0.09428571428571429,0.02727272727272727,0.017142857142857144,0.37142857142857144,15.411428571428571,0.01818181818181818,0.0,0.031043258607310737,0.11836634914903714,3.963636363636364,0.0,0.0,0.15,0.08181818181818182,0,0.15789053342947543,0.283045038412163,2.1340594058991096,0.6937981755921295,0.0,1.0,0.0,0.95,0.0,0.95,0.0,0.08,0.02727272727272727,0.5,0.25
269,0.986684473212776,0.5173485174163879,0.9279955361816525,0.5111337045909045,0.23694709746888695,0.5201289636527192,0.8681818181818182,0.43864705596077863,0.43335014412277156,0.14545454545454545,0.5457142857142857,0.40156210737706594,0.3999606138121207,0.09428571428571429,0.04090909090909091,0.02857142857142857,0.37142857142857144,15.42,0.01818181818181818,0.0,0.031043258607310737,0.11836634914903714,3.963636363636364,0.0,0.0,0.15,0.08181818181818182,0,0.15755608860163164,0.28162981322010217,2.119949646352556,0.6799222120802869,0.0,1.0,0.0,0.95,0.0,0.95,0.0,0.08,0.04090909090909091,0.5,0.25
270,0.9853970101042157,0.5158985361499625,0.9270888106687247,0.5099807622199708,0.23694709746888695,0.5200561120557387,0.8767123287671232,0.4380303193850999,0.4346993822176652,0.1461187214611872,0.5485714285714286,0.4016192502342088,0.4000034709549779,0.09428571428571429,0.0410958904109589,0.02857142857142857,0.3742857142857143,15.434285714285714,0.0136986301369863,0.002857142857142857,0.031062960139669478,0.11836634914903713,3.9360730593607305,0.0,0.0,0.15,0.0821917808219178,0,0.15793888101576634,0.2802216641540017,2.1061220819969333,0.7283623696607457,0.0,0.8,0.0,0.95,0.0,0.95,0.0,0.08,0.045454545454545456,0.5,0.25
271,0.9851340367259923,0.5163748282515158,0.926924264469208,0.5103381544671981,0.23694709746888695,0.520016084038254,0.8310502283105022,0.4380303193850999,0.4346993822176652,0.1461187214611872,0.52,0.4016192502342088,0.4000034709549779,0.09428571428571429,0.0365296803652968,0.022857142857142857,0.3742857142857143,15.44,0.0136986301369863,0.0,0.0310665874066315,0.11836634914903713,3.9360730593607305,0.0,0.0,0.15,0.0821917808219178,0,0.1578629016106875,0.2788205558332317,2.0868567832141376,0.7137951222675308,0.0,1.0,0.0,0.95,0.0,0.95,0.0,0.08,0.0365296803652968,0.5,0.25
272,0.9848589924711441,0.5168688114238814,0.9267521653497457,0.5104012074575989,0.23694709746888695,0.5199868843034684,0.8858447488584474,0.4380303193850999,0.4346993822176652,0.1461187214611872,0.5542857142857143,0.4016192502342088,0.4000034709549779,0.09428571428571429,0.0547945205479452,0.03428571428571429,0.3742857142857143,15.445714285714285,0.0136986301369863,0.0,0.0310665874066315,0.11836634914903713,3.9360730593607305,0.0,0.0,0.15,0.0821917808219178,0,0.15798432697800843,0.2774264530540655,2.079405361835569,0.6995192198221801,0.0,1.0,0.0,0.95,0.0,0.95,0.0,0.08,0.0547945205479452,0.5,0.25
273,0.984805723754812,0.517204082953399,0.9267188343529551,0.5099572975311683,0.23694709746888695,0.5198820964744407,0.8538812785388128,0.4380303193850999,0.4346993822176652,0.1461187214611872,0.5342857142857143,0.4016192502342088,0.4000034709549779,0.09428571428571429,0.0365296803652968,0.022857142857142857,0.3742857142857143,15.457142857142857,0.0136986301369863,0.0,0.0310665874066315,0.11836634914903713,3.9360730593607305,0.0,0.0,0.15,0.0821917808219178,0,0.15745055105383268,0.2760393207887952,2.0606743974560002,0.6855288354257365,0.0,1.0,0.0,0.95,0.0,0.95,0.0,0.08,0.0365296803652968,0.5,0.25
274,0.9849224954141919,0.5160985088766902,0.9267919000483955,0.5092094116497226,0.23694709746888695,0.5199507474143169,0.8767123287671232,0.4384869403896662,0.4350418479710898,0.1461187214611872,0.5485714285714286,0.4019049645199231,0.40021775666926357,0.09428571428571429,0.0502283105022831,0.03428571428571429,0.3742857142857143,15.462857142857143,0.0136986301369863,0.0,0.0310665874066315,0.11836634914903713,3.9360730593607305,0.0,0.0,0.15,0.0821917808219178,0,0.1586910132985635,0.27465912418485117,2.0537466237925948,0.8176239162668638,0.0,0.75,0.0,0.95,0.0,0.95,0.0,0.08,0.0502283105022831,0.5,0.25
275,0.984353194159379,0.5159275656796912,0.926435680120384,0.5087672843333972,0.23694709746888695,0.5199089423645987,0.8447488584474886,0.4384869403896662,0.4350418479710898,0.1461187214611872,0.5285714285714286,0.4019049645199231,0.40021775666926357,0.09428571428571429,0.0410958904109589,0.025714285714285714,0.3742857142857143,15.457142857142857,0.0091324200913242,0.0,0.0310665874066315,0.11836634914903713,3.9360730593607305,0.0,0.0,0.15,0.0821917808219178,0,0.1589658254852048,0.2732858285639269,2.0383859770310284,0.8012714379415266,0.0,1.0,0.0,0.95,0.0,0.95,0.0,0.08,0.0410958904109589,0.5,0.25
276,0.9814016507526995,0.5152841128666938,0.9245888572459189,0.5081420898774833,0.23694709746888695,0.519810807142087,0.8858447488584474,0.4386695887914926,0.4351788342724596,0.1461187214611872,0.5542857142857143,0.40201925023420876,0.4003034709549779,0.09428571428571429,0.0502283105022831,0.03142857142857143,0.3742857142857143,15.468571428571428,0.0091324200913242,0.0,0.0310665874066315,0.11836634914903713,3.9360730593607305,0.0,0.0,0.15,0.0821917808219178,0,0.15888485350063594,0.2753246431686676,2.0290468289189794,0.7953857699621758,0.0,0.9090909090909091,0.0,0.95,0.0,0.95,0.0,0.08,0.0502283105022831,0.5,0.25
277,0.9813499856037663,0.515031834817172,0.924556529624158,0.5076350548997693,0.23694709746888695,0.5197744921611646,0.8447488584474886,0.43912620979605893,0.43552130002588435,0.1461187214611872,0.5285714285714286,0.40230496451992315,0.40051775666926365,0.09428571428571429,0.045662100456621,0.02857142857142857,0.3742857142857143,15.485714285714286,0.0091324200913242,0.0,0.0310665874066315,0.11836634914903713,3.9360730593607305,0.0,0.0,0.15,0.0821917808219178,0,0.15954742923313275,0.291188041855897,2.0170373209120283,0.872238919608297,0.0,0.7,0.0,0.95,0.0,0.95,0.0,0.08,0.045662100456621,0.5,0.25
278,0.9812026104473653,0.5134757269683209,0.9244643148834384,0.5064473105239162,0.23694709746888695,0.5197274392332366,0.863013698630137,0.43912620979605893,0.43552130002588435,0.1461187214611872,0.54,0.40230496451992315,0.40051775666926365,0.09428571428571429,0.0365296803652968,0.022857142857142857,0.3742857142857143,15.491428571428571,0.0091324200913242,0.0,0.0310665874066315,0.11836634914903713,3.9360730593607305,0.0,0.0,0.15,0.0821917808219178,0,0.15911955279768136,0.2897321016466175,1.9995537173509306,0.8547941412161311,0.0,1.0,0.0,0.95,0.0,0.95,0.0,0.08,0.0365296803652968,0.5,0.25
279,0.9819118665551182,0.5147536641189778,0.9249081065622896,0.507474559999001,0.23694709746888695,0.5194834648362713,0.8904109589041096,0.43912620979605893,0.43552130002588435,0.1461187214611872,0.5571428571428572,0.40230496451992315,0.40051775666926365,0.09428571428571429,0.0365296803652968,0.022857142857142857,0.3742857142857143,15.491428571428571,0.0091324200913242,0.0,0.0310665874066315,0.11836634914903713,3.9360730593607305,0.0,0.0,0.15,0.0821917808219178,0,0.15852366931940723,0.2882834411383844,1.9824197858610548,0.8376982583918084,0.0,1.0,0.0,0.95,0.0,0.95,0.0,0.08,0.0365296803652968,0.5,0.25
280,0.980916469864595,0.51667911735803,0.9242541082306646,0.5087680665531976,0.23694709746888695,0.5194004839260736,0.8486238532110092,0.4399541220498143,0.43492865144415965,0.14678899082568808,0.5285714285714286,0.40230496451992315,0.40051775666926365,0.09428571428571429,0.027522935779816515,0.02,0.37714285714285717,15.51142857142857,0.013761467889908258,0.002857142857142857,0.031083171012408543,0.11836634914903714,3.9174311926605503,0.0,0.0,0.15,0.08256880733944955,0,0.158069805009522,0.2868420239326925,1.9627713901438333,0.8209442932239723,0.0,1.0,0.0,0.95,0.0,0.95,0.0,0.08,0.0319634703196347,0.5,0.25
281,0.9808614717603241,0.516817304929152,0.9242198522685757,0.5088572710416304,0.23694709746888695,0.5192038572930371,0.8394495412844036,0.4399541220498143,0.43492865144415965,0.14678899082568808,0.5228571428571429,0.40230496451992315,0.40051775666926365,0.09428571428571429,0.03669724770642202,0.025714285714285714,0.37714285714285717,15.522857142857143,0.013761467889908258,0.0,0.031083171012408543,0.11836634914903714,3.9174311926605503,0.0,0.0,0.15,0.0779816513761468,0,0.15804366267600262,0.285407813813029,1.9492302480552426,0.8045254073594929,0.0,1.0,0.0,0.95,0.0,0.95,0.0,0.08,0.03669724770642202,0.5,0.25
282,0.9788292585863329,0.5163374929646746,0.9229540737773468,0.5087093667562488,0.23694709746888695,0.5191092454073443,0.8577981651376146,0.4399541220498143,0.43492865144415965,0.14678899082568808,0.5342857142857143,0.40230496451992315,0.40051775666926365,0.09428571428571429,0.04128440366972477,0.025714285714285714,0.37714285714285717,15.522857142857143,0.013761467889908258,0.0,0.031083171012408543,0.11836634914903714,3.9174311926605503,0.0,0.0,0.15,0.0779816513761468,0,0.15748201579119403,0.2839807747439638,1.9359599288084233,0.788434899212303,0.0,1.0,0.0,0.95,0.0,0.95,0.0,0.08,0.04128440366972477,0.5,0.25
283,0.9796310690392377,0.5173006605760354,0.9234534871451562,0.5092235231988355,0.23694709746888695,0.5189954789003831,0.8440366972477065,0.4399541220498143,0.43492865144415965,0.14678899082568808,0.5257142857142857,0.40230496451992315,0.40051775666926365,0.09428571428571429,0.01834862385321101,0.011428571428571429,0.37714285714285717,15.514285714285714,0.013761467889908258,0.0,0.031083171012408543,0.11836634914903714,3.9174311926605503,0.0,0.0,0.15,0.0779816513761468,0,0.15686546356938094,0.282560870870244,1.9086693016608265,0.772666201228057,0.0,1.0,0.0,0.95,0.0,0.95,0.0,0.08,0.01834862385321101,0.5,0.25
284,0.9808320389209272,0.5170782920839971,0.9242015198143229,0.5088780911297335,0.23694709746888695,0.5189036264704265,0.8302752293577982,0.44004586516908034,0.4349974587836092,0.14678899082568808,0.5171428571428571,0.40236210737706596,0.4005606138121207,0.09428571428571429,0.045871559633027525,0.02857142857142857,0.37714285714285717,15.52,0.013761467889908258,0.0,0.031083171012408543,0.11836634914903714,3.9174311926605503,0.0,0.0,0.15,0.0779816513761468,0,0.15701946171681724,0.28114806651589275,1.8990673441990384,0.7902987634385955,0.0,0.9,0.0,0.95,0.0,0.95,0.0,0.08,0.045871559633027525,0.5,0.25
285,0.9809676814832763,0.5169894653364994,0.9242860057531574,0.508402871341044,0.23694709746888695,0.5188090751932548,0.8577981651376146,0.44004586516908034,0.4349974587836092,0.14678899082568808,0.5342857142857143,0.40236210737706596,0.4005606138121207,0.09428571428571429,0.04128440366972477,0.025714285714285714,0.37714285714285717,15.522857142857143,0.013761467889908258,0.0,0.031083171012408543,0.11836634914903714,3.9174311926605503,0.0,0.0,0.15,0.0779816513761468,0,0.15671765867610815,0.2797423261833133,1.8868002830293433,0.7744927881698236,0.0,1.0,0.0,0.95,0.0,0.95,0.0,0.08,0.04128440366972477,0.5,0.25
286,0.98115460755757,0.5177817698370781,0.9244024339937176,0.5091311894341483,0.23694709746888695,0.5186293040704526,0.8577981651376146,0.44013760828834636,0.4350662661230587,0.14678899082568808,0.5342857142857143,0.4024192502342088,0.4006034709549779,0.09428571428571429,0.045871559633027525,0.02857142857142857,0.37714285714285717,15.531428571428572,0.013761467889908258,0.0,0.031083171012408543,0.11836634914903714,3.9174311926605503,0.0,0.0,0.15,0.0779816513761468,0,0.15670435895058474,0.27834361455239676,1.8776357059401851,0.7847167237347998,0.0,0.9,0.0,0.95,0.0,0.95,0.0,0.08,0.045871559633027525,0.5,0.25
287,0.9812757849743823,0.5172643565475804,0.9244779102133319,0.5090693349793544,0.23694709746888695,0.518397277087596,0.8211009174311926,0.44013760828834636,0.4350662661230587,0.14678899082568808,0.5114285714285715,0.4024192502342088,0.4006034709549779,0.09428571428571429,0.045871559633027525,0.02857142857142857,0.37714285714285717,15.545714285714286,0.009174311926605505,0.0,0.031083171012408543,0.11836634914903714,3.9174311926605503,0.0,0.0,0.15,0.0779816513761468,0,0.15620598072726039,0.27695189647963475,1.8686544203928102,0.7690223892601038,0.0,1.0,0.0,0.95,0.0,0.95,0.0,0.08,0.045871559633027525,0.5,0.25
288,0.9815390415372949,0.5170730554328175,0.9246418814439461,0.509599576331706,0.23694709746888695,0.518213112266548,0.8440366972477065,0.44032109452687845,0.4352038808019578,0.14678899082568808,0.5257142857142857,0.4025335359484945,0.4006891852406922,0.09428571428571429,0.045871559633027525,0.02857142857142857,0.37714285714285717,15.542857142857143,0.013761467889908258,0.0,0.031083171012408543,0.11836634914903714,3.9174311926605503,0.0,0.0,0.15,0.0779816513761468,0,0.15622395225219554,0.27556713699723656,1.8598527605563822,0.7536419414749017,0.0,0.9,0.0,0.95,0.0,0.95,0.0,0.08,0.045871559633027525,0.5,0.25
289,0.9809549776233535,0.517208757771982,0.9242780930632626,0.509832511818881,0.23694709746888695,0.5180179421122715,0.8119266055045872,0.44032109452687845,0.4352038808019578,0.14678899082568808,0.5057142857142857,0.4025335359484945,0.4006891852406922,0.09428571428571429,0.04128440366972477,0.02857142857142857,0.37714285714285717,15.548571428571428,0.009174311926605505,0.0,0.031083171012408543,0.11836634914903714,3.9174311926605503,0.0,0.0,0.15,0.0779816513761468,0,0.15578440748736314,0.2741893013122504,1.8512271339166833,0.7385691026454037,0.0,1.0,0.0,0.95,0.0,0.95,0.0,0.08,0.04128440366972477,0.5,0.25
290,0.9808391095130067,0.5163319933007461,0.9242059237831037,0.5095876818657934,0.23694709746888695,0.5177608312359183,0.8669724770642202,0.44032109452687845,0.4352038808019578,0.14678899082568808,0.54,0.4025335359484945,0.4006891852406922,0.09428571428571429,0.05045871559633028,0.03142857142857143,0.37714285714285717,15.551428571428572,0.013761467889908258,0.0,0.031083171012408543,0.11836634914903714,3.9174311926605503,0.0,0.0,0.15,0.0779816513761468,0,0.15534762902135488,0.2728183548056891,1.845631162666921,0.7237977205924956,0.0,1.0,0.0,0.95,0.0,0.95,0.0,0.08,0.05045871559633028,0.5,0.25
291,0.9821166429823844,0.5156727064022935,0.9250016446297449,0.5087448610644838,0.23694709746888695,0.5175132429154955,0.8532110091743119,0.4405045807654106,0.4353414954808569,0.14678899082568808,0.5314285714285715,0.4026478216627803,0.40077489952640644,0.09428571428571429,0.05504587155963303,0.03428571428571429,0.37714285714285717,15.56,0.013761467889908258,0.0,0.031083171012408543,0.11836634914903714,3.9174311926605503,0.0,0.0,0.15,0.0779816513761468,0,0.15542660872981956,0.27145426303166065,1.8430042536992965,0.71320223129283,0.0,0.9166666666666666,0.0,0.95,0.0,0.95,0.0,0.08,0.05504587155963303,0.5,0.25
292,0.9822083798801254,0.5170863370464075,0.9250587836117662,0.5094718919853516,0.23694709746888695,0.5170898652423266,0.8348623853211009,0.4405045807654106,0.4353414954808569,0.14678899082568808,0.52,0.4026478216627803,0.40077489952640644,0.09428571428571429,0.03211009174311927,0.022857142857142857,0.37714285714285717,15.56857142857143,0.013761467889908258,0.0,0.031083171012408543,0.11836634914903714,3.9174311926605503,0.0,0.0,0.15,0.0779816513761468,0,0.1549060478290276,0.27009699171650237,1.8290013114824537,0.6989381866669734,0.0,1.0,0.0,0.95,0.0,0.95,0.0,0.08,0.03211009174311927,0.5,0.25
293,0.9808090423106794,0.5183380397826957,0.9241871962113685,0.5105896669688504,0.23694709746888695,0.516784565202121,0.8440366972477065,0.4406653042675451,0.435479110159756,0.14678899082568808,0.5257142857142857,0.40274792944410964,0.4008606138121208,0.09428571428571429,0.03669724770642202,0.022857142857142857,0.37714285714285717,15.582857142857144,0.01834862385321101,0.0,0.031083171012408543,0.11836634914903714,3.9174311926605503,0.0,0.0,0.15,0.0779816513761468,0,0.154759661161311,0.26874650675791983,1.8152784281099477,0.6849594229336339,0.0,0.875,0.0,0.95,0.0,0.95,0.0,0.08,0.03669724770642202,0.5,0.25
294,0.980889586643534,0.5176262877361866,0.9242373638244037,0.5107236525011856,0.23694709746888695,0.5164986610884894,0.8577981651376146,0.44084879050607717,0.43561672483865505,0.14678899082568808,0.5342857142857143,0.40286221515839543,0.400946328097835,0.09428571428571429,0.03211009174311927,0.02,0.37714285714285717,15.58,0.01834862385321101,0.0,0.031083171012408543,0.11836634914903714,3.9174311926605503,0.0,0.0,0.15,0.0779816513761468,0,0.15472772142693303,0.2674027742241302,1.798972859547748,0.7059227272427576,0.0,0.8571428571428571,0.0,0.95,0.0,0.95,0.0,0.08,0.03211009174311927,0.5,0.25
295,0.979390209230009,0.5172376161138466,0.9233034658925509,0.5112609750922643,0.23694709746888695,0.5162270925199067,0.8073394495412844,0.44084879050607717,0.43561672483865505,0.14678899082568808,0.5028571428571429,0.40286221515839543,0.400946328097835,0.09428571428571429,0.04128440366972477,0.025714285714285714,0.37714285714285717,15.582857142857144,0.013761467889908258,0.0,0.031083171012408543,0.11836634914903714,3.9174311926605503,0.0,0.0,0.15,0.0779816513761468,0,0.15435223138408405,0.26606576035300955,1.788707688071079,0.6918042726979025,0.0,1.0,0.0,0.95,0.0,0.95,0.0,0.08,0.04128440366972477,0.5,0.25
296,0.9776770382833737,0.5172278727510607,0.9222364051315038,0.5111529302837526,0.23694709746888695,0.5161084642087448,0.8165137614678899,0.44084879050607717,0.43561672483865505,0.14678899082568808,0.5085714285714286,0.40286221515839543,0.400946328097835,0.09428571428571429,0.03669724770642202,0.022857142857142857,0.37714285714285717,15.59142857142857,0.013761467889908258,0.0,0.031083171012408543,0.11836634914903714,3.9174311926605503,0.0,0.0,0.15,0.0779816513761468,0,0.15392147806646722,0.2647354315512445,1.7757906771668006,0.6779681872439445,0.0,1.0,0.0,0.95,0.0,0.95,0.0,0.08,0.03669724770642202,0.5,0.25
297,0.9784443882129616,0.5168858709043864,0.9227143545162186,0.5109267503244235,0.23694709746888695,0.5160031173847642,0.8119266055045872,0.44084879050607717,0.43561672483865505,0.14678899082568808,0.5057142857142857,0.40286221515839543,0.400946328097835,0.09428571428571429,0.03211009174311927,0.02,0.37714285714285717,15.608571428571429,0.013761467889908258,0.0,0.031083171012408543,0.11836634914903714,3.9174311926605503,0.0,0.0,0.15,0.0779816513761468,0,0.15340844281899202,0.26341175439348835,1.7602748636234642,0.6644088234990655,0.0,1.0,0.0,0.95,0.0,0.95,0.0,0.08,0.03211009174311927,0.5,0.25
298,0.9773182953596792,0.5181174671484564,0.9220129595390313,0.5119090030982019,0.23694709746888695,0.5158996339964627,0.8715596330275229,0.44084879050607717,0.43561672483865505,0.14678899082568808,0.5428571428571428,0.40286221515839543,0.400946328097835,0.09428571428571429,0.03669724770642202,0.022857142857142857,0.37714285714285717,15.62,0.01834862385321101,0.0,0.031083171012408543,0.11836634914903714,3.9174311926605503,0.0,0.0,0.15,0.0779816513761468,0,0.1529546877477542,0.2620946956215209,1.7479265092081377,0.6511206470290842,0.0,1.0,0.0,0.95,0.0,0.95,0.0,0.08,0.03669724770642202,0.5,0.25
299,0.9789142217103413,0.5170500101229957,0.9230069936660152,0.51096093966718,0.23694709746888695,0.515880047432223,0.8486238532110092,0.44084879050607717,0.43575433951755416,0.15137614678899083,0.5285714285714286,0.40286221515839543,0.40103204238354934,0.09714285714285714,0.05504587155963303,0.037142857142857144,0.37714285714285717,15.634285714285713,0.013761467889908258,0.0,0.031083171012408543,0.11836634914903714,3.9174311926605503,0.0,0.0,0.15,0.0779816513761468,0,0.15318608275581838,0.26078422214341324,1.750110836166832,0.6380982340885025,0.0,0.9230769230769231,0.0,0.95,0.0,0.95,0.0,0.08,0.05504587155963303,0.5,0.25
300,0.977970124901799,0.5171453249078635,0.9224189562252659,0.5108907008104825,0.23694709746888695,0.5158870182090224,0.8715596330275229,0.4410322767446093,0.43589195419645327,0.15137614678899083,0.5428571428571428,0.4029765008726811,0.4011177566692636,0.09714285714285714,0.022935779816513763,0.017142857142857144,0.37714285714285717,15.648571428571428,0.013761467889908258,0.0,0.031083171012408543,0.11836634914903714,3.9174311926605503,0.0,0.0,0.15,0.0779816513761468,0,0.15316073800286062,0.25948030103269615,1.7322514765863526,0.6480415143670861,0.0,0.8333333333333334,0.0,0.95,0.0,0.95,0.0,0.08,0.022935779816513763,0.5,0.25
301,0.979371219456595,0.5172055143813628,0.9232916379765389,0.5112005829520467,0.23694709746888695,0.5158879966954033,0.8348623853211009,0.44112401986387534,0.4359607615359028,0.15137614678899083,0.52,0.40303364372982403,0.40116061381212076,0.09714285714285714,0.05963302752293578,0.037142857142857144,0.37714285714285717,15.668571428571429,0.013761467889908258,0.0,0.031083171012408543,0.11836634914903714,3.9174311926605503,0.0,0.0,0.15,0.0779816513761468,0,0.1532510778842749,0.2581828995275327,1.7347493041974826,0.7122464998271222,0.0,0.9230769230769231,0.0,0.95,0.0,0.95,0.0,0.08,0.05963302752293578,0.5,0.25
302,0.9802870096124084,0.5166340385219486,0.9239183672461243,0.5107342428027918,0.23694709746888695,0.5159447884508006,0.8571428571428571,0.4423717723043391,0.4374868317861267,0.15207373271889402,0.5314285714285715,0.40303364372982403,0.40116061381212076,0.09714285714285714,0.04608294930875576,0.03428571428571429,0.38,15.682857142857143,0.013824884792626729,0.002857142857142857,0.031086411875969115,0.11836634914903715,3.9078341013824884,0.0,0.0,0.15,0.07834101382488479,0,0.15279853749485356,0.2568919850298951,1.7343400323992475,0.6980015698305797,0.0,1.0,0.0,0.95,0.0,0.95,0.0,0.08,0.05045871559633028,0.5,0.25
303,0.9809299126047177,0.5179747276650581,0.9243169671013559,0.5113830681261073,0.23694709746888695,0.5160293333577957,0.8894009216589862,0.4423717723043391,0.4374868317861267,0.15207373271889402,0.5514285714285714,0.40303364372982403,0.40116061381212076,0.09714285714285714,0.03225806451612903,0.02,0.38,15.694285714285714,0.02304147465437788,0.0,0.031089769474547568,0.11836634914903715,3.9078341013824884,0.0,0.0,0.15,0.07834101382488479,0,0.15231926194666498,0.25560752510474555,1.7196532317512623,0.6840415384339681,0.0,1.0,0.0,0.95,0.0,0.95,0.0,0.08,0.03225806451612903,0.5,0.25
304,0.9814399926759911,0.51822668396607,0.9246332167455457,0.5113750606755295,0.23694709746888695,0.5162135740253607,0.8387096774193549,0.44255610410157414,0.437625080634053,0.15207373271889402,0.52,0.4031479294441097,0.40124632809783506,0.09714285714285714,0.05069124423963134,0.03428571428571429,0.38,15.705714285714286,0.02304147465437788,0.0,0.031089769474547568,0.11836634914903715,3.9078341013824884,0.0,0.0,0.15,0.07834101382488479,0,0.15235680920836023,0.2543294874792218,1.7195458814019515,0.7030165952984041,0.0,0.9166666666666666,0.0,0.95,0.0,0.95,0.0,0.08,0.05069124423963134,0.5,0.25
305,0.9809162196978578,0.5179635028004328,0.9243084774991028,0.5108904165327235,0.23694709746888695,0.5163988957105747,0.8433179723502304,0.44255610410157414,0.437625080634053,0.15207373271889402,0.5228571428571429,0.4031479294441097,0.40124632809783506,0.09714285714285714,0.04608294930875576,0.02857142857142857,0.38,15.711428571428572,0.02304147465437788,0.0,0.031089769474547568,0.11836634914903715,3.9078341013824884,0.0,0.0,0.15,0.07834101382488479,0,0.151936600158747,0.2530578400418257,1.713726392345341,0.688956263392436,0.0,1.0,0.0,0.95,0.0,0.95,0.0,0.08,0.04608294930875576,0.5,0.25
306,0.9798498688043578,0.5195928772656871,0.9236473399451328,0.5119366998208744,0.23694709746888695,0.5165363003886221,0.7926267281105991,0.44255610410157414,0.437625080634053,0.15207373271889402,0.49142857142857144,0.4031479294441097,0.40124632809783506,0.09714285714285714,0.055299539170506916,0.03428571428571429,0.38,15.728571428571428,0.02304147465437788,0.0,0.031089769474547568,0.11836634914903715,3.9078341013824884,0.0,0.0,0.15,0.07834101382488479,0,0.15157620358652468,0.25179255084161656,1.7137375787841485,0.6751771381245872,0.0,1.0,0.0,0.95,0.0,0.95,0.0,0.08,0.055299539170506916,0.5,0.25
307,0.9782682443946585,0.520404024336682,0.9226667328111195,0.5121768191874597,0.23694709746888695,0.5168434177764805,0.7926267281105991,0.44255610410157414,0.437625080634053,0.15207373271889402,0.49142857142857144,0.4031479294441097,0.40124632809783506,0.09714285714285714,0.055299539170506916,0.03428571428571429,0.38,15.74,0.02304147465437788,0.0,0.031089769474547568,0.11836634914903715,3.9078341013824884,0.0,0.0,0.15,0.07834101382488479,0,0.15118889685073494,0.2505335880874085,1.7137485414941798,0.6616735953620955,0.0,1.0,0.0,0.95,0.0,0.95,0.0,0.08,0.055299539170506916,0.5,0.25
308,0.9773317584352952,0.5202709965552176,0.9220861115163141,0.5120109640224663,0.23694709746888695,0.517261700251133,0.8617511520737328,0.4428326017974267,0.4378324539059424,0.15207373271889402,0.5342857142857143,0.40331935801553825,0.4013748995264064,0.09714285714285714,0.03686635944700461,0.022857142857142857,0.38,15.751428571428571,0.02304147465437788,0.0,0.031089769474547568,0.11836634914903715,3.9078341013824884,0.0,0.0,0.15,0.07834101382488479,0,0.15151781236290982,0.24928092014697145,1.7023307135214392,0.7691551269991725,0.0,0.75,0.0,0.95,0.0,0.95,0.0,0.08,0.03686635944700461,0.5,0.25
309,0.9783271556121019,0.5200292985381489,0.9227032577659341,0.5120418065278814,0.23694709746888695,0.5178150962987296,0.847926267281106,0.4428326017974267,0.4378324539059424,0.15207373271889402,0.5257142857142857,0.40331935801553825,0.4013748995264064,0.09714285714285714,0.03225806451612903,0.02,0.38,15.762857142857143,0.02304147465437788,0.0,0.031089769474547568,0.11836634914903715,3.9078341013824884,0.0,0.0,0.15,0.07834101382488479,0,0.15095993758680953,0.24803451554623657,1.6882840992510098,0.7537720244591891,0.0,1.0,0.0,0.95,0.0,0.95,0.0,0.08,0.03225806451612903,0.5,0.25
310,0.9788504950816773,0.5208740930666513,0.923027728237071,0.5125707997626033,0.23694709746888695,0.5182609368235048,0.8525345622119815,0.4428326017974267,0.4378324539059424,0.15207373271889402,0.5285714285714286,0.40331935801553825,0.4013748995264064,0.09714285714285714,0.041474654377880185,0.025714285714285714,0.38,15.777142857142858,0.02304147465437788,0.0,0.031089769474547568,0.11836634914903715,3.9078341013824884,0.0,0.0,0.15,0.07834101382488479,0,0.1509752828988755,0.2467943429685054,1.6802327029802753,0.7386965839700053,0.0,0.8888888888888888,0.0,0.95,0.0,0.95,0.0,0.08,0.041474654377880185,0.5,0.25
311,0.9796625891774673,0.5217122420327505,0.9232324224967481,0.5134757594161171,0.23694709746888695,0.5186322073556062,0.8333333333333334,0.44310567268049966,0.43934858228060586,0.1527777777777778,0.5142857142857142,0.4033765008726812,0.4014177566692636,0.09714285714285714,0.041666666666666664,0.03428571428571429,0.38285714285714284,15.785714285714286,0.018518518518518517,0.002857142857142857,0.03111790522730667,0.11836634914903714,3.8518518518518516,0.0,0.0,0.15,0.0787037037037037,0,0.15127427503439897,0.25102000482551595,1.6809137632063844,0.7239226522906052,0.0,0.9166666666666666,0.0,0.95,0.0,0.95,0.0,0.08,0.04608294930875576,0.5,0.25
312,0.979714229028527,0.5208833640629903,0.9232642916619735,0.5132240634848462,0.23694709746888695,0.5189815438498122,0.8194444444444444,0.44319826527309225,0.43941802672505037,0.1527777777777778,0.5057142857142857,0.403433643729824,0.4014606138121207,0.09714285714285714,0.041666666666666664,0.025714285714285714,0.38285714285714284,15.802857142857142,0.018518518518518517,0.0,0.031138120429990174,0.11836634914903714,3.8518518518518516,0.0,0.0,0.15,0.0787037037037037,0,0.151174618659227,0.24976490480138838,1.6730097736565424,0.7370942793805002,0.0,0.8888888888888888,0.0,0.95,0.0,0.95,0.0,0.08,0.041666666666666664,0.5,0.25
313,0.9793584511374436,0.5201913420717913,0.9230447258777622,0.5124164595946482,0.23694709746888695,0.5193220729592236,0.8611111111111112,0.44329085786568484,0.4394874711694947,0.1527777777777778,0.5314285714285715,0.40349078658696685,0.40150347095497785,0.09714285714285714,0.046296296296296294,0.02857142857142857,0.38285714285714284,15.82,0.018518518518518517,0.0,0.031138120429990174,0.11836634914903714,3.8518518518518516,0.0,0.0,0.15,0.0787037037037037,0,0.151132317708788,0.2704359970914336,1.66812100675484,0.7705918227075738,0.0,0.9,0.0,0.95,0.0,0.95,0.0,0.08,0.046296296296296294,0.5,0.25
314,0.980727448667051,0.5202360144474901,0.9238895929246055,0.5126412756274468,0.23694709746888695,0.5194768491959367,0.8240740740740741,0.4433834504582774,0.4395569156139392,0.1527777777777778,0.5085714285714286,0.4035479294441097,0.401546328097835,0.09714285714285714,0.032407407407407406,0.02,0.38285714285714284,15.831428571428571,0.018518518518518517,0.0,0.031138120429990174,0.11836634914903714,3.8518518518518516,0.0,0.0,0.15,0.0787037037037037,0,0.15094794183452978,0.26908381710597645,1.6547585866197434,0.7741369288811275,0.0,0.8571428571428571,0.0,0.95,0.0,0.95,0.0,0.08,0.032407407407407406,0.5,0.25
315,0.9811455354225013,0.5208781207076151,0.9241476121793978,0.5133283014962772,0.23694709746888695,0.5196659855804506,0.8657407407407407,0.44347604305087,0.4396263600583836,0.1527777777777778,0.5342857142857143,0.40360507230125253,0.4015891852406922,0.09714285714285714,0.032407407407407406,0.02,0.38285714285714284,15.837142857142856,0.018518518518518517,0.0,0.031138120429990174,0.11836634914903714,3.8518518518518516,0.0,0.0,0.15,0.0787037037037037,0,0.1508780606967857,0.2677383980204466,1.6416634148873481,0.8064107250480874,0.0,0.8571428571428571,0.0,0.95,0.0,0.95,0.0,0.08,0.032407407407407406,0.5,0.25
316,0.9791684994915412,0.5205738622116344,0.9229274985762909,0.5133456971733713,0.23694709746888695,0.5198631540156459,0.8796296296296297,0.44347604305087,0.4396263600583836,0.1527777777777778,0.5428571428571428,0.40360507230125253,0.4015891852406922,0.09714285714285714,0.027777777777777776,0.017142857142857144,0.38285714285714284,15.854285714285714,0.018518518518518517,0.0,0.031138120429990174,0.11836634914903714,3.8518518518518516,0.0,0.0,0.15,0.0787037037037037,0,0.1504361068040339,0.2663997060303443,1.625973003732458,0.7902825105471257,0.0,1.0,0.0,0.95,0.0,0.95,0.0,0.08,0.027777777777777776,0.5,0.25
317,0.9812402671647744,0.5205705267561838,0.9242060751974863,0.512815423127216,0.23694709746888695,0.5200656892463018,0.8472222222222222,0.44347604305087,0.4396263600583836,0.1527777777777778,0.5228571428571429,0.40360507230125253,0.4015891852406922,0.09714285714285714,0.027777777777777776,0.017142857142857144,0.38285714285714284,15.86,0.018518518518518517,0.0,0.031138120429990174,0.11836634914903714,3.8518518518518516,0.0,0.0,0.15,0.0787037037037037,0,0.1500805154986922,0.2650677075001926,1.6105964008006664,0.7744768603361831,0.0,1.0,0.0,0.95,0.0,0.95,0.0,0.08,0.027777777777777776,0.5,0.25
318,0.9824543063353232,0.5206730669664176,0.9249215424737217,0.513522581048081,0.23694709746888695,0.5202679256957901,0.8837209302325582,0.4408875595301764,0.43701997103539936,0.14883720930232558,0.5428571428571428,0.40360507230125253,0.4015891852406922,0.09714285714285714,0.03255813953488372,0.022857142857142857,0.38571428571428573,15.877142857142857,0.013953488372093023,0.002857142857142857,0.03117588933356346,0.11836634914903714,3.7767441860465114,0.0,0.0,0.15,0.07906976744186046,0,0.14958668506405592,0.2637423689626916,1.6012416156417957,0.7589873231294595,0.0,1.0,0.0,0.95,0.0,0.95,0.0,0.08,0.037037037037037035,0.5,0.25
319,0.9827160421639236,0.5208868302247761,0.9250823230541477,0.5135447104743902,0.23694709746888695,0.5204531830343585,0.8697674418604651,0.44098058278599034,0.43708973847725985,0.14883720930232558,0.5342857142857143,0.40366221515839545,0.4016320423835493,0.09714285714285714,0.03255813953488372,0.022857142857142857,0.38571428571428573,15.891428571428571,0.013953488372093023,0.0,0.031203158921730517,0.11836634914903714,3.7767441860465114,0.0,0.0,0.15,0.07906976744186046,0,0.14977636638616168,0.26242365711787813,1.592073926186103,0.769163011203283,0.0,0.875,0.0,0.95,0.0,0.95,0.0,0.08,0.03255813953488372,0.5,0.25
320,0.9836682339079226,0.5202592524770836,0.925667240839747,0.5125072105260575,0.23694709746888695,0.5206286304386724,0.8697674418604651,0.4410736060418043,0.4371595059191203,0.14883720930232558,0.5342857142857143,0.4037193580155383,0.4016748995264065,0.09714285714285714,0.037209302325581395,0.022857142857142857,0.38571428571428573,15.905714285714286,0.013953488372093023,0.0,0.031203158921730517,0.11836634914903714,3.7767441860465114,0.0,0.0,0.15,0.07906976744186046,0,0.14976736657246242,0.26111153883228877,1.5830895905195235,0.7846927320023593,0.0,0.875,0.0,0.95,0.0,0.95,0.0,0.08,0.037209302325581395,0.5,0.25
321,0.9825497695762577,0.5205916757716657,0.9249801841788673,0.5132458196253012,0.23694709746888695,0.5206194402884152,0.8465116279069768,0.44125965255343225,0.4372990408028412,0.14883720930232558,0.52,0.4038336437298241,0.40176061381212075,0.09714285714285714,0.037209302325581395,0.022857142857142857,0.38571428571428573,15.914285714285715,0.013953488372093023,0.0,0.031203158921730517,0.11836634914903714,3.7767441860465114,0.0,0.0,0.15,0.07906976744186046,0,0.14973125115033223,0.2598059811381273,1.5742849415662756,0.7840192686500951,0.0,0.875,0.0,0.95,0.0,0.95,0.0,0.08,0.037209302325581395,0.5,0.25
322,0.9838932347915206,0.5200895787074252,0.925805455668243,0.5128370452100797,0.23694709746888695,0.520619753112792,0.8697674418604651,0.44125965255343225,0.4372990408028412,0.14883720930232558,0.5342857142857143,0.4038336437298241,0.40176061381212075,0.09714285714285714,0.04186046511627907,0.02857142857142857,0.38571428571428573,15.922857142857143,0.013953488372093023,0.0,0.031203158921730517,0.11836634914903714,3.7767441860465114,0.0,0.0,0.15,0.07906976744186046,0,0.14935259846243773,0.25850695123243667,1.5713706713063789,0.7683388832770931,0.0,1.0,0.0,0.95,0.0,0.95,0.0,0.08,0.04186046511627907,0.5,0.25
323,0.9828411097623264,0.5204714364384556,0.9251591502931666,0.5130396969592306,0.23694709746888695,0.5206868965124927,0.8232558139534883,0.44125965255343225,0.4372990408028412,0.14883720930232558,0.5057142857142857,0.4038336437298241,0.40176061381212075,0.09714285714285714,0.027906976744186046,0.017142857142857144,0.38571428571428573,15.937142857142858,0.013953488372093023,0.0,0.031203158921730517,0.11836634914903714,3.7767441860465114,0.0,0.0,0.15,0.07906976744186046,0,0.14869154975583979,0.25721441647627447,1.5570861150231083,0.7529721056115513,0.0,1.0,0.0,0.95,0.0,0.95,0.0,0.08,0.027906976744186046,0.5,0.25
324,0.9814682740276136,0.5201445290717186,0.9243158369132717,0.5124925177599748,0.23694709746888695,0.5208037819571796,0.8558139534883721,0.44125965255343225,0.4372990408028412,0.14883720930232558,0.5257142857142857,0.4038336437298241,0.40176061381212075,0.09714285714285714,0.023255813953488372,0.017142857142857144,0.38571428571428573,15.945714285714285,0.018604651162790697,0.0,0.031203158921730517,0.11836634914903714,3.7767441860465114,0.0,0.0,0.15,0.07906976744186046,0,0.14851413461162954,0.2559283443938931,1.5430872498655035,0.7379126634993202,0.0,1.0,0.0,0.95,0.0,0.95,0.0,0.08,0.023255813953488372,0.5,0.25
325,0.9819631744455914,0.5203952739271174,0.9246198471700294,0.5125041575379239,0.23694709746888695,0.5209500692634366,0.813953488372093,0.4413526758092462,0.4373688082447017,0.14883720930232558,0.5,0.4038907865869669,0.40180347095497787,0.09714285714285714,0.04186046511627907,0.025714285714285714,0.38571428571428573,15.96,0.018604651162790697,0.0,0.031203158921730517,0.11836634914903714,3.7767441860465114,0.0,0.0,0.15,0.07906976744186046,0,0.14845613822071427,0.2546487026719237,1.537939790582479,0.7790034854432475,0.0,0.8888888888888888,0.0,0.95,0.0,0.95,0.0,0.08,0.04186046511627907,0.5,0.25
326,0.9837830149542053,0.5197115548369966,0.9255689504120234,0.5122013768451051,0.23694709746888695,0.5212175383796533,0.8411214953271028,0.441614134135291,0.4366428799591641,0.14953271028037382,0.5142857142857142,0.4038907865869669,0.40180347095497787,0.09714285714285714,0.037383177570093455,0.025714285714285714,0.38857142857142857,15.974285714285715,0.014018691588785047,0.002857142857142857,0.031209683828041904,0.11836634914903713,3.7663551401869158,0.0,0.0,0.15,0.0794392523364486,0,0.14797057181532497,0.253375459158564,1.5328952804851153,0.7634234157343825,0.0,1.0,0.0,0.95,0.0,0.95,0.0,0.08,0.04186046511627907,0.5,0.25
327,0.9823719571994807,0.5195657092110159,0.9247061893848488,0.5123833163969925,0.23694709746888695,0.5212906124621599,0.8504672897196262,0.44180105002314146,0.436783066875052,0.14953271028037382,0.52,0.4040050723012526,0.40188918524069217,0.09714285714285714,0.04672897196261682,0.02857142857142857,0.38857142857142857,15.985714285714286,0.018691588785046728,0.0,0.031209683828041904,0.11836634914903713,3.7663551401869158,0.0,0.0,0.15,0.0794392523364486,0,0.14791586252767694,0.25758459521323596,1.5308088034468414,0.8124145604875078,0.0,0.9,0.0,0.95,0.0,0.95,0.0,0.08,0.04672897196261682,0.5,0.25
328,0.9840903492471941,0.5193438021946993,0.9257137436478914,0.5117744642791355,0.23694709746888695,0.5212582285374394,0.8873239436619719,0.44349509720105185,0.4365380063254086,0.15023474178403756,0.54,0.4040050723012526,0.40188918524069217,0.09714285714285714,0.03286384976525822,0.022857142857142857,0.3914285714285714,15.997142857142856,0.014084507042253521,0.002857142857142857,0.03121294036206016,0.11836634914903713,3.7652582159624415,0.0,0.0,0.15,0.07981220657276995,0,0.1476832281802341,0.25629667223716973,1.5230497702350474,0.7961662692777576,0.0,1.0,0.0,0.95,0.0,0.95,0.0,0.08,0.037383177570093455,0.5,0.25
329,0.9856936119143487,0.5190418825379309,0.926689443499617,0.5123104049487863,0.23694709746888695,0.5211141193692913,0.8215962441314554,0.44349509720105185,0.4365380063254086,0.15023474178403756,0.5,0.4040050723012526,0.40188918524069217,0.09714285714285714,0.03755868544600939,0.022857142857142857,0.3914285714285714,16.005714285714287,0.014084507042253521,0.0,0.031219002572207295,0.11836634914903713,3.7652582159624415,0.0,0.0,0.15,0.07981220657276995,0,0.14717309775361864,0.2550151888759839,1.5154459176874893,0.7802429438922025,0.0,1.0,0.0,0.95,0.0,0.95,0.0,0.08,0.03755868544600939,0.5,0.25
330,0.9855778454527274,0.5191298010884774,0.9266189913386873,0.512170328941964,0.23694709746888695,0.5210537252023246,0.8262910798122066,0.4436828906282819,0.4366788513958312,0.15023474178403756,0.5028571428571429,0.4041193580155383,0.40197489952640647,0.09714285714285714,0.04225352112676056,0.025714285714285714,0.3914285714285714,16.014285714285716,0.014084507042253521,0.0,0.031219002572207295,0.11836634914903713,3.7652582159624415,0.0,0.0,0.15,0.07981220657276995,0,0.14715094726485056,0.253740112931604,1.5108512850480253,0.8101704494536316,0.0,0.8888888888888888,0.0,0.95,0.0,0.95,0.0,0.08,0.04225352112676056,0.5,0.25
331,0.9848200165596936,0.5188436407180489,0.9261577983266414,0.511938074125716,0.23694709746888695,0.5209600343922335,0.8497652582159625,0.4436828906282819,0.4366788513958312,0.15023474178403756,0.5171428571428571,0.4041193580155383,0.40197489952640647,0.09714285714285714,0.03286384976525822,0.022857142857142857,0.3914285714285714,16.02285714285714,0.014084507042253521,0.0,0.031219002572207295,0.11836634914903713,3.7652582159624415,0.0,0.0,0.15,0.07981220657276995,0,0.14667148109638345,0.252471412366946,1.5034914022042076,0.7939670404645589,0.0,1.0,0.0,0.95,0.0,0.95,0.0,0.08,0.03286384976525822,0.5,0.25
332,0.9851370433316371,0.5192366396580442,0.926350731762138,0.5122432982740145,0.23694709746888695,0.5208793618603476,0.8732394366197183,0.44377678734189685,0.43674927393104246,0.15023474178403756,0.5314285714285715,0.40417650087268125,0.40201775666926365,0.09714285714285714,0.04225352112676056,0.025714285714285714,0.3914285714285714,16.03142857142857,0.014084507042253521,0.0,0.031219002572207295,0.11836634914903713,3.7652582159624415,0.0,0.0,0.15,0.07981220657276995,0,0.1467900403860012,0.25473243277756136,1.4991358598744091,0.7866253988329429,0.0,0.8888888888888888,0.0,0.95,0.0,0.95,0.0,0.08,0.04225352112676056,0.5,0.25
333,0.9836642871868108,0.519886427245915,0.9254544544511438,0.5125300502308143,0.23694709746888695,0.5208319832800117,0.863849765258216,0.44377678734189685,0.43674927393104246,0.15023474178403756,0.5257142857142857,0.40417650087268125,0.40201775666926365,0.09714285714285714,0.051643192488262914,0.03428571428571429,0.3914285714285714,16.04,0.014084507042253521,0.0,0.031219002572207295,0.11836634914903713,3.7652582159624415,0.0,0.0,0.15,0.07981220657276995,0,0.1466516900558741,0.25345877061367356,1.5034388569626351,0.770892890856284,0.0,1.0,0.0,0.95,0.0,0.95,0.0,0.08,0.051643192488262914,0.5,0.25
334,0.9823445381369187,0.521073255303472,0.9246512928864953,0.5135818668639449,0.23694709746888695,0.5208556232828048,0.8450704225352113,0.44377678734189685,0.43674927393104246,0.15023474178403756,0.5142857142857142,0.40417650087268125,0.40201775666926365,0.09714285714285714,0.03755868544600939,0.022857142857142857,0.3914285714285714,16.048571428571428,0.014084507042253521,0.0,0.031219002572207295,0.11836634914903713,3.7652582159624415,0.0,0.0,0.15,0.07981220657276995,0,0.14608986017702333,0.2521914767606052,1.4962272226805255,0.7554750330391583,0.0,1.0,0.0,0.95,0.0,0.95,0.0,0.08,0.03755868544600939,0.5,0.25
335,0.9818132292872719,0.5215334021919444,0.9243279535008531,0.5134541771568987,0.23694709746888695,0.5209081356748534,0.8497652582159625,0.444152374196357,0.4370309640718875,0.15023474178403756,0.5171428571428571,0.4044050723012526,0.4021891852406922,0.09714285714285714,0.051643192488262914,0.03428571428571429,0.3914285714285714,16.057142857142857,0.014084507042253521,0.0,0.031219002572207295,0.11836634914903713,3.7652582159624415,0.0,0.0,0.15,0.07981220657276995,0,0.14667212872970964,0.25093051937680216,1.5005883925126289,0.7625982105724014,0.0,0.8333333333333334,0.0,0.95,0.0,0.95,0.0,0.08,0.051643192488262914,0.5,0.25
336,0.9810423018980208,0.5208912293591056,0.9238587891182517,0.5130516416278537,0.23694709746888695,0.5211064450820516,0.8403755868544601,0.4442462709099721,0.4371013866070988,0.15023474178403756,0.5114285714285715,0.4044622151583954,0.4022320423835493,0.09714285714285714,0.046948356807511735,0.03142857142857143,0.3914285714285714,16.065714285714286,0.014084507042253521,0.0,0.031219002572207295,0.11836634914903713,3.7652582159624415,0.0,0.0,0.15,0.07981220657276995,0,0.1466810545146325,0.2641178203601327,1.502005196090948,0.797143900957085,0.0,0.9090909090909091,0.0,0.95,0.0,0.95,0.0,0.08,0.046948356807511735,0.5,0.25
337,0.9811731965780656,0.5209518419625918,0.9239384478806789,0.5132334668873708,0.23694709746888695,0.5212546720903589,0.8403755868544601,0.4442462709099721,0.4371013866070988,0.15023474178403756,0.5114285714285715,0.4044622151583954,0.4022320423835493,0.09714285714285714,0.046948356807511735,0.03142857142857143,0.3914285714285714,16.074285714285715,0.014084507042253521,0.0,0.031219002572207295,0.11836634914903713,3.7652582159624415,0.0,0.0,0.15,0.07981220657276995,0,0.14626164924205937,0.26279723125833204,1.5033936635977005,0.7812010229379434,0.0,1.0,0.0,0.95,0.0,0.95,0.0,0.08,0.046948356807511735,0.5,0.25
338,0.982116464821526,0.5214395777914509,0.9245124939831277,0.5139496087337914,0.23694709746888695,0.5215434353998849,0.8215962441314554,0.4444340643372021,0.43724223167752135,0.15023474178403756,0.5,0.4045765008726812,0.4023177566692636,0.09714285714285714,0.051643192488262914,0.03142857142857143,0.3914285714285714,16.082857142857144,0.014084507042253521,0.0,0.031219002572207295,0.11836634914903713,3.7652582159624415,0.0,0.0,0.15,0.07981220657276995,0,0.14624419885299192,0.26148324510204035,1.5047543617543175,0.7694272963589518,0.0,0.9090909090909091,0.0,0.95,0.0,0.95,0.0,0.08,0.051643192488262914,0.5,0.25
339,0.981176161750839,0.5207900086147129,0.9239402524001095,0.513539099359391,0.23694709746888695,0.521864582883318,0.8403755868544601,0.4444340643372021,0.43724223167752135,0.15023474178403756,0.5114285714285715,0.4045765008726812,0.4023177566692636,0.09714285714285714,0.014084507042253521,0.008571428571428572,0.3914285714285714,16.091428571428573,0.014084507042253521,0.0,0.031219002572207295,0.11836634914903713,3.7652582159624415,0.0,0.0,0.15,0.07981220657276995,0,0.14559854928729837,0.2601758288765302,1.48323070309066,0.7540387504317727,0.0,1.0,0.0,0.95,0.0,0.95,0.0,0.08,0.014084507042253521,0.5,0.25
340,0.9822990915257431,0.5202179889783726,0.9244352286667468,0.5134059528217706,0.23694709746888695,0.5221511620136202,0.9009433962264151,0.44648531149216364,0.43771645745801335,0.1509433962264151,0.5457142857142857,0.4047479294441097,0.402446328097835,0.09714285714285714,0.05188679245283019,0.03428571428571429,0.3942857142857143,16.094285714285714,0.009433962264150943,0.002857142857142857,0.03124753958719738,0.11836634914903714,3.7264150943396226,0.0,0.0,0.15,0.08018867924528301,0,0.14612655725514762,0.25887494973214753,1.4878518033145611,0.7958823527031803,0.0,0.8333333333333334,0.0,0.95,0.0,0.95,0.0,0.08,0.056338028169014086,0.5,0.25
341,0.9847412030504951,0.5196751337729855,0.9259144505045963,0.512509283935824,0.23694709746888695,0.5224401143610784,0.8632075471698113,0.4466739907374466,0.4378579668919756,0.1509433962264151,0.5228571428571429,0.4048622151583954,0.4025320423835493,0.09714285714285714,0.04245283018867924,0.025714285714285714,0.3942857142857143,16.1,0.009433962264150943,0.0,0.03125235062006859,0.11836634914903714,3.7264150943396226,0.0,0.0,0.15,0.08018867924528301,0,0.14602406804030046,0.2575805749834868,1.4838090529625554,0.7799647056491167,0.0,0.8888888888888888,0.0,0.95,0.0,0.95,0.0,0.08,0.04245283018867924,0.5,0.25
342,0.9831454938249833,0.5178486334921176,0.9249479066308579,0.5112511941004048,0.23694709746888695,0.5226401323175079,0.8349056603773585,0.44686266998272967,0.4379994763259379,0.1509433962264151,0.5057142857142857,0.40497650087268117,0.4026177566692636,0.09714285714285714,0.02358490566037736,0.014285714285714285,0.3942857142857143,16.105714285714285,0.009433962264150943,0.0,0.03125235062006859,0.11836634914903714,3.7264150943396226,0.0,0.0,0.15,0.08018867924528301,0,0.14580823341438467,0.2713786656114865,1.4684185861890182,0.8201571514421773,0.0,0.8,0.0,0.95,0.0,0.95,0.0,0.08,0.02358490566037736,0.5,0.25
343,0.9820638395907603,0.5182069060534681,0.9242927332089855,0.5114947894983035,0.23694709746888695,0.5227786733970756,0.8962264150943396,0.44705134922801265,0.4381409857599001,0.1509433962264151,0.5428571428571428,0.40509078658696684,0.4027034709549779,0.09714285714285714,0.03773584905660377,0.022857142857142857,0.3942857142857143,16.111428571428572,0.009433962264150943,0.0,0.03125235062006859,0.11836634914903714,3.7264150943396226,0.0,0.0,0.15,0.08018867924528301,0,0.1457921958151699,0.2700217722834291,1.4619073573223809,0.8515312401626557,0.0,0.875,0.0,0.95,0.0,0.95,0.0,0.08,0.03773584905660377,0.5,0.25
344,0.9827888280236223,0.5178022849967798,0.9247318690597478,0.5111652364085394,0.23694709746888695,0.5230411288193149,0.8773584905660378,0.44705134922801265,0.4384240046278246,0.1509433962264151,0.5314285714285715,0.40509078658696684,0.4028748995264064,0.09714285714285714,0.04716981132075472,0.03142857142857143,0.3942857142857143,16.117142857142856,0.009433962264150943,0.0,0.03125235062006859,0.11836634914903714,3.7264150943396226,0.0,0.0,0.15,0.08018867924528301,0,0.14648528953362716,0.26867166342201193,1.4640977816045049,0.8345006153594026,0.0,0.8181818181818182,0.0,0.95,0.0,0.95,0.0,0.08,0.04716981132075472,0.5,0.25
345,0.9817796854740953,0.5188625206347076,0.9241206170011771,0.5119018181007288,0.23694709746888695,0.5232199380683796,0.8443396226415094,0.44705134922801265,0.4384240046278246,0.1509433962264151,0.5114285714285715,0.40509078658696684,0.4028748995264064,0.09714285714285714,0.04245283018867924,0.025714285714285714,0.3942857142857143,16.122857142857143,0.009433962264150943,0.0,0.03125235062006859,0.11836634914903714,3.7264150943396226,0.0,0.0,0.15,0.08018867924528301,0,0.14609458022524474,0.26732830510490185,1.4605301116867004,0.8178106030522145,0.0,1.0,0.0,0.95,0.0,0.95,0.0,0.08,0.04245283018867924,0.5,0.25
346,0.9821094370047868,0.5172105677594946,0.9242915320026445,0.5106480690260419,0.23694709746888695,0.5233855411251942,0.7914691943127962,0.44822064954158436,0.4389448129839302,0.15165876777251186,0.47714285714285715,0.40509078658696684,0.4028748995264064,0.09714285714285714,0.03317535545023697,0.022857142857142857,0.39714285714285713,16.12857142857143,0.004739336492890996,0.002857142857142857,0.031249883593094715,0.11836634914903714,3.7251184834123223,0.0,0.0,0.15,0.08056872037914692,0,0.14570469298493988,0.26599166357937737,1.4541766523101092,0.8014543909911702,0.0,1.0,0.0,0.95,0.0,0.95,0.0,0.08,0.03773584905660377,0.5,0.25
347,0.9835985900843912,0.5166708499973833,0.9251892785734918,0.5099994320650394,0.23694709746888695,0.5235483751454129,0.8957345971563981,0.44822064954158436,0.4389448129839302,0.15165876777251186,0.54,0.40509078658696684,0.4028748995264064,0.09714285714285714,0.02843601895734597,0.017142857142857144,0.39714285714285713,16.13142857142857,0.004739336492890996,0.0,0.031249883593094715,0.11836634914903714,3.7251184834123223,0.0,0.0,0.15,0.08056872037914692,0,0.14520417023430088,0.26466170526148053,1.4422359764067643,0.7854253031713468,0.0,1.0,0.0,0.95,0.0,0.95,0.0,0.08,0.02843601895734597,0.5,0.25
348,0.9831724500965286,0.5173993911846305,0.9249323770379517,0.5101950892223143,0.23694709746888695,0.5237946395656512,0.8625592417061612,0.44822064954158436,0.4389448129839302,0.15165876777251186,0.52,0.40509078658696684,0.4028748995264064,0.09714285714285714,0.037914691943127965,0.025714285714285714,0.39714285714285713,16.134285714285713,0.004739336492890996,0.0,0.031249883593094715,0.11836634914903714,3.7251184834123223,0.0,0.0,0.15,0.08056872037914692,0,0.14476329295455795,0.26333839673517306,1.4391055425929145,0.7697167971079198,0.0,1.0,0.0,0.95,0.0,0.95,0.0,0.08,0.037914691943127965,0.5,0.25
349,0.9841276328335665,0.5192871629401763,0.9255082157737089,0.5118413735253619,0.23694709746888695,0.5241532934360084,0.8436018957345972,0.44850500973115787,0.4391580831261103,0.15165876777251186,0.5085714285714286,0.40526221515839544,0.4030034709549779,0.09714285714285714,0.02843601895734597,0.02,0.39714285714285713,16.13714285714286,0.004739336492890996,0.0,0.031249883593094715,0.11836634914903714,3.7251184834123223,0.0,0.0,0.15,0.08056872037914692,0,0.14512433648621373,0.28669590854722937,1.430323431741056,0.761694029036674,0.0,0.7142857142857143,0.0,0.95,0.0,0.95,0.0,0.08,0.02843601895734597,0.5,0.25
350,0.9847080255976609,0.5185961024745205,0.9258581096972057,0.5109542176954445,0.23694709746888695,0.5245326704256478,0.8625592417061612,0.4486945831908736,0.43930026322089705,0.15165876777251186,0.52,0.4053765008726811,0.40308918524069215,0.09714285714285714,0.023696682464454975,0.014285714285714285,0.39714285714285713,16.14,0.004739336492890996,0.0,0.031249883593094715,0.11836634914903714,3.7251184834123223,0.0,0.0,0.15,0.08056872037914692,0,0.14502643194306836,0.3022530945399747,1.4160026773919494,0.759150322005116,0.0,0.8,0.0,0.95,0.0,0.95,0.0,0.08,0.023696682464454975,0.5,0.25
351,0.9845474198571668,0.5193663130539655,0.9257612873793648,0.5115464717657813,0.23694709746888695,0.5248234725166445,0.8246445497630331,0.44897894338044697,0.4395135333630771,0.15165876777251186,0.49714285714285716,0.4055479294441097,0.4032177566692636,0.09714285714285714,0.04739336492890995,0.03142857142857143,0.39714285714285713,16.142857142857142,0.004739336492890996,0.0,0.031249883593094715,0.11836634914903714,3.7251184834123223,0.0,0.0,0.15,0.08056872037914692,0,0.14547201478335303,0.3007418290672748,1.4191111952726816,0.8022276682113252,0.0,0.8181818181818182,0.0,0.95,0.0,0.95,0.0,0.08,0.04739336492890995,0.5,0.25
352,0.984891956002165,0.521514249646914,0.9259689934553496,0.5128265809939393,0.23694709746888695,0.525062779870773,0.8672985781990521,0.44907373011030477,0.43958462341047055,0.15165876777251186,0.5228571428571429,0.4056050723012526,0.4032606138121207,0.09714285714285714,0.03317535545023697,0.02,0.39714285714285713,16.145714285714284,0.004739336492890996,0.0,0.031249883593094715,0.11836634914903714,3.7251184834123223,0.0,0.0,0.15,0.08056872037914692,0,0.1455416717952576,0.29923811992193844,1.410728971367228,0.80423119710955,0.0,0.8571428571428571,0.0,0.95,0.0,0.95,0.0,0.08,0.03317535545023697,0.5,0.25
353,0.9832992131714383,0.5222219816475626,0.9250087970631116,0.5130067849060617,0.23694709746888695,0.525263651370549,0.9241706161137441,0.44907373011030477,0.43958462341047055,0.15165876777251186,0.5571428571428572,0.4056050723012526,0.4032606138121207,0.09714285714285714,0.02843601895734597,0.017142857142857144,0.39714285714285713,16.14857142857143,0.004739336492890996,0.0,0.031249883593094715,0.11836634914903714,3.7251184834123223,0.0,0.0,0.15,0.08056872037914692,0,0.1451265419898706,0.29774192932232874,1.3996572490827406,0.788146573167359,0.0,1.0,0.0,0.95,0.0,0.95,0.0,0.08,0.02843601895734597,0.5,0.25
354,0.9821575609119325,0.5215316046454729,0.9243205438438096,0.511849634127465,0.23694709746888695,0.5254669764348189,0.8862559241706162,0.4492633035700205,0.4397268035052573,0.15165876777251186,0.5342857142857143,0.40571935801553827,0.4033463280978351,0.09714285714285714,0.03317535545023697,0.02,0.39714285714285713,16.15142857142857,0.004739336492890996,0.0,0.031249883593094715,0.11836634914903714,3.7251184834123223,0.0,0.0,0.15,0.08056872037914692,0,0.1449723378513498,0.2990082895037259,1.3916641041010858,0.8156951994459515,0.0,0.8571428571428571,0.0,0.95,0.0,0.95,0.0,0.08,0.03317535545023697,0.5,0.25
355,0.9809064521696667,0.5216882250160274,0.9235663040020435,0.5124637593753625,0.23694709746888695,0.5255863146166848,0.8767772511848341,0.4492633035700205,0.4397268035052573,0.15165876777251186,0.5285714285714286,0.40571935801553827,0.4033463280978351,0.09714285714285714,0.018957345971563982,0.011428571428571429,0.39714285714285713,16.154285714285713,0.004739336492890996,0.0,0.031249883593094715,0.11836634914903714,3.7251184834123223,0.0,0.0,0.15,0.08056872037914692,0,0.14450333687280734,0.2975132480562072,1.3752593934476354,0.7993812954570325,0.0,1.0,0.0,0.95,0.0,0.95,0.0,0.08,0.018957345971563982,0.5,0.25
356,0.9828500469993793,0.5223121195406613,0.924738014027956,0.5125159717530626,0.23694709746888695,0.525711022370127,0.8815165876777251,0.4492633035700205,0.4397268035052573,0.15165876777251186,0.5314285714285715,0.40571935801553827,0.4033463280978351,0.09714285714285714,0.04265402843601896,0.025714285714285714,0.39714285714285713,16.15714285714286,0.004739336492890996,0.0,0.031249883593094715,0.11836634914903714,3.7251184834123223,0.0,0.0,0.15,0.08056872037914692,0,0.14429240159560403,0.29602568181592614,1.3734684912929687,0.7833936695478918,0.0,1.0,0.0,0.95,0.0,0.95,0.0,0.08,0.04265402843601896,0.5,0.25
357,0.9841289452561315,0.5219612048100647,0.9255090069770264,0.5122517766178822,0.23694709746888695,0.5258001456739555,0.8672985781990521,0.4493580902998783,0.4397978935526506,0.15165876777251186,0.5228571428571429,0.4057765008726811,0.40338918524069217,0.09714285714285714,0.03317535545023697,0.022857142857142857,0.39714285714285713,16.16,0.004739336492890996,0.0,0.031249883593094715,0.11836634914903714,3.7251184834123223,0.0,0.0,0.15,0.08056872037914692,0,0.14419936815905457,0.2945455534068465,1.3688562643242521,0.7879523944685658,0.0,0.875,0.0,0.95,0.0,0.95,0.0,0.08,0.03317535545023697,0.5,0.25
358,0.9828905056449648,0.5219027286728403,0.9247624048114373,0.5126521626988292,0.23694709746888695,0.5259187492845325,0.8672985781990521,0.4493580902998783,0.4397978935526506,0.15165876777251186,0.5228571428571429,0.4057765008726811,0.40338918524069217,0.09714285714285714,0.04265402843601896,0.02857142857142857,0.39714285714285713,16.162857142857142,0.004739336492890996,0.0,0.031249883593094715,0.11836634914903714,3.7251184834123223,0.0,0.0,0.15,0.08056872037914692,0,0.14379222846111644,0.29307282563981224,1.3700505676091954,0.7721933465791944,0.0,1.0,0.0,0.95,0.0,0.95,0.0,0.08,0.04265402843601896,0.5,0.25
359,0.9831624889110906,0.5205755976046487,0.924926371866159,0.5119897313066417,0.23694709746888695,0.5260652556136934,0.9052132701421801,0.4493580902998783,0.4397978935526506,0.15165876777251186,0.5457142857142857,0.4057765008726811,0.40338918524069217,0.09714285714285714,0.03317535545023697,0.02,0.39714285714285713,16.165714285714287,0.004739336492890996,0.0,0.031249883593094715,0.11836634914903714,3.7251184834123223,0.0,0.0,0.15,0.08056872037914692,0,0.143216124461668,0.2916074615116132,1.3626495562570113,0.7567494796476105,0.0,1.0,0.0,0.95,0.0,0.95,0.0,0.08,0.03317535545023697,0.5,0.25
360,0.9831176706101774,0.5189870714820147,0.9248993528333228,0.5115458879181469,0.23694709746888695,0.5261708580260838,0.8672985781990521,0.4493580902998783,0.4397978935526506,0.15165876777251186,0.5228571428571429,0.4057765008726811,0.40338918524069217,0.09714285714285714,0.02843601895734597,0.017142857142857144,0.39714285714285713,16.16857142857143,0.004739336492890996,0.0,0.031249883593094715,0.11836634914903714,3.7251184834123223,0.0,0.0,0.15,0.08056872037914692,0,0.1429526557332143,0.29014942420405515,1.3525394222747285,0.7416144900546583,0.0,1.0,0.0,0.95,0.0,0.95,0.0,0.08,0.02843601895734597,0.5,0.25
361,0.9831706048954808,0.5187669336340417,0.9249312646453199,0.5115940334529578,0.23694709746888695,0.5260880136325191,0.9052132701421801,0.4493580902998783,0.4397978935526506,0.15165876777251186,0.5457142857142857,0.4057765008726811,0.40338918524069217,0.09714285714285714,0.03317535545023697,0.02,0.39714285714285713,16.17142857142857,0.004739336492890996,0.0,0.031249883593094715,0.11836634914903714,3.7251184834123223,0.0,0.0,0.15,0.08056872037914692,0,0.1424944645974054,0.28869867708303487,1.345488633829234,0.7267822002535651,0.0,1.0,0.0,0.95,0.0,0.95,0.0,0.08,0.03317535545023697,0.5,0.25
362,0.9823817091602287,0.5190951106565513,0.9244556732163538,0.51181452436517,0.23694709746888695,0.5259063936872304,0.8672985781990521,0.4493580902998783,0.4397978935526506,0.15165876777251186,0.5228571428571429,0.4057765008726811,0.40338918524069217,0.09714285714285714,0.02843601895734597,0.017142857142857144,0.39714285714285713,16.174285714285713,0.004739336492890996,0.0,0.031249883593094715,0.11836634914903714,3.7251184834123223,0.0,0.0,0.15,0.08056872037914692,0,0.14198184941727549,0.2872551836976197,1.3357217182955063,0.7122465562484938,0.0,1.0,0.0,0.95,0.0,0.95,0.0,0.08,0.02843601895734597,0.5,0.25
363,0.9827007022747991,0.518182555155454,0.9246479804939947,0.5110756238586884,0.23694709746888695,0.5257625210872474,0.8530805687203792,0.44945287702973613,0.439868983600044,0.15639810426540285,0.5142857142857142,0.405833643729824,0.4034320423835493,0.1,0.02843601895734597,0.017142857142857144,0.39714285714285713,16.177142857142858,0.004739336492890996,0.0,0.031249883593094715,0.11836634914903714,3.7251184834123223,0.0,0.0,0.15,0.08056872037914692,0,0.14184322588447484,0.28906648588309186,1.3261501410724532,0.7660475700875528,0.0,0.8333333333333334,0.0,0.95,0.0,0.95,0.0,0.08,0.02843601895734597,0.5,0.25
364,0.9831641783122619,0.5184195302053273,0.9249273903337223,0.5109044775980172,0.23694709746888695,0.5255276010974208,0.8862559241706162,0.44945287702973613,0.439868983600044,0.15639810426540285,0.5342857142857143,0.405833643729824,0.4034320423835493,0.1,0.023696682464454975,0.014285714285714285,0.39714285714285713,16.18,0.004739336492890996,0.0,0.031249883593094715,0.11836634914903714,3.7251184834123223,0.0,0.0,0.15,0.08056872037914692,0,0.14138902398730235,0.28762115345367645,1.3139128525367183,0.7507266186858017,0.0,1.0,0.0,0.95,0.0,0.95,0.0,0.08,0.023696682464454975,0.5,0.25
365,0.9803286006667432,0.5193725748022147,0.9232179420959954,0.511455773860347,0.23694709746888695,0.5252499929405715,0.8341232227488151,0.4497372372193096,0.44008225374222404,0.15639810426540285,0.5028571428571429,0.40600507230125266,0.40356061381212077,0.1,0.037914691943127965,0.022857142857142857,0.39714285714285713,16.18285714285714,0.004739336492890996,0.0,0.031249883593094715,0.11836634914903714,3.7251184834123223,0.0,0.0,0.15,0.08056872037914692,0,0.14179579386736585,0.286183047686408,1.310491738343127,0.7546820846085891,0.0,0.75,0.0,0.95,0.0,0.95,0.0,0.08,0.037914691943127965,0.5,0.25
366,0.9818580608406496,0.5189660976678638,0.9241399880865504,0.5111498557309196,0.23694709746888695,0.5250012097843508,0.8767772511848341,0.4497372372193096,0.44008225374222404,0.15639810426540285,0.5285714285714286,0.40600507230125266,0.40356061381212077,0.1,0.018957345971563982,0.014285714285714285,0.39714285714285713,16.185714285714287,0.004739336492890996,0.0,0.031249883593094715,0.11836634914903714,3.7251184834123223,0.0,0.0,0.15,0.08056872037914692,0,0.14145526055527893,0.284752132447976,1.2985676178619785,0.7395884429164172,0.0,1.0,0.0,0.95,0.0,0.95,0.0,0.08,0.018957345971563982,0.5,0.25
367,0.9807234411835299,0.5185095971944644,0.9234559745218296,0.511509222581541,0.23694709746888695,0.5246328759739112,0.8578199052132701,0.4497372372193096,0.44008225374222404,0.15639810426540285,0.5171428571428571,0.40600507230125266,0.40356061381212077,0.1,0.03317535545023697,0.02,0.39714285714285713,16.18857142857143,0.004739336492890996,0.0,0.031249883593094715,0.11836634914903714,3.7251184834123223,0.0,0.0,0.15,0.08056872037914692,0,0.14114373828921434,0.2833283717857361,1.2925962655047392,0.7247966740580889,0.0,1.0,0.0,0.95,0.0,0.95,0.0,0.08,0.03317535545023697,0.5,0.25
368,0.9813065007040083,0.5177411986838556,0.9238074761184608,0.5111781196095251,0.23694709746888695,0.524164490033658,0.8246445497630331,0.4500215974088831,0.44029552388440407,0.15639810426540285,0.49714285714285716,0.4061765008726812,0.40368918524069225,0.1,0.037914691943127965,0.025714285714285714,0.39714285714285713,16.19142857142857,0.004739336492890996,0.0,0.031249883593094715,0.11836634914903714,3.7251184834123223,0.0,0.0,0.15,0.08056872037914692,0,0.14158016316919683,0.2819117299268074,1.2924586259089297,0.726353314592371,0.0,0.7777777777777778,0.0,0.95,0.0,0.95,0.0,0.08,0.037914691943127965,0.5,0.25
369,0.9796654284610675,0.5185377036060389,0.9228181439948594,0.5121663945000159,0.23694709746888695,0.5236149593112318,0.8815165876777251,0.4503059575984565,0.44050879402658427,0.15639810426540285,0.5314285714285715,0.4063479294441098,0.40381775666926356,0.1,0.037914691943127965,0.022857142857142857,0.39714285714285713,16.194285714285716,0.004739336492890996,0.0,0.031249883593094715,0.11836634914903714,3.7251184834123223,0.0,0.0,0.15,0.08056872037914692,0,0.14206914437158238,0.2805021712771734,1.2894665962478942,0.7854252060419245,0.0,0.75,0.0,0.95,0.0,0.95,0.0,0.08,0.037914691943127965,0.5,0.25
370,0.9803274294974353,0.5194883199628926,0.9232172360482126,0.5125603230833065,0.23694709746888695,0.5233027166152447,0.8483412322274881,0.4503059575984565,0.44050879402658427,0.15639810426540285,0.5114285714285715,0.4063479294441098,0.40381775666926356,0.1,0.03317535545023697,0.022857142857142857,0.39714285714285713,16.197142857142858,0.004739336492890996,0.0,0.031249883593094715,0.11836634914903714,3.7251184834123223,0.0,0.0,0.15,0.08056872037914692,0,0.1417005157890102,0.27909966042078754,1.286534407180079,0.769716701921086,0.0,1.0,0.0,0.95,0.0,0.95,0.0,0.08,0.03317535545023697,0.5,0.25
371,0.9806092943341761,0.5189855410074963,0.923387160278362,0.5124687940082433,0.23694709746888695,0.5230172365348076,0.8909952606635071,0.4503059575984565,0.44050879402658427,0.15639810426540285,0.5371428571428571,0.4063479294441098,0.40381775666926356,0.1,0.023696682464454975,0.017142857142857144,0.39714285714285713,16.2,0.004739336492890996,0.0,0.031249883593094715,0.11836634914903714,3.7251184834123223,0.0,0.0,0.15,0.08056872037914692,0,0.14130501677792226,0.2777041621186836,1.2779465761793345,0.7543223678826642,0.0,1.0,0.0,0.95,0.0,0.95,0.0,0.08,0.023696682464454975,0.5,0.25
372,0.9788523535723603,0.5192294190139665,0.9223279759905245,0.5128215551068408,0.23694709746888695,0.5228137429002274,0.8246445497630331,0.4503059575984565,0.44050879402658427,0.15639810426540285,0.49714285714285716,0.4063479294441098,0.40381775666926356,0.1,0.014218009478672985,0.008571428571428572,0.39714285714285713,16.202857142857145,0.004739336492890996,0.0,0.031249883593094715,0.11836634914903714,3.7251184834123223,0.0,0.0,0.15,0.08056872037914692,0,0.14074092097974691,0.27631564130809017,1.2609590732271763,0.7392359205250109,0.0,1.0,0.0,0.95,0.0,0.95,0.0,0.08,0.014218009478672985,0.5,0.25
373,0.9803100168441842,0.5198504386601626,0.923206738705824,0.5136330910968798,0.23694709746888695,0.5225597766923934,0.8388625592417062,0.4504007443283143,0.4405798840739775,0.15639810426540285,0.5057142857142857,0.4064050723012526,0.40386061381212074,0.1,0.02843601895734597,0.017142857142857144,0.39714285714285713,16.205714285714286,0.004739336492890996,0.0,0.031249883593094715,0.11836634914903714,3.7251184834123223,0.0,0.0,0.15,0.08056872037914692,0,0.14072193208913392,0.29398868682086987,1.2528827489054901,0.7320962702010549,0.0,0.8333333333333334,0.0,0.95,0.0,0.95,0.0,0.08,0.02843601895734597,0.5,0.25
374,0.9806631609483246,0.5204981148868746,0.9234196341514631,0.5138190559815384,0.23694709746888695,0.5223333889380701,0.8815165876777251,0.4504007443283143,0.4405798840739775,0.15639810426540285,0.5314285714285715,0.4064050723012526,0.40386061381212074,0.1,0.023696682464454975,0.014285714285714285,0.39714285714285713,16.208571428571428,0.004739336492890996,0.0,0.031249883593094715,0.11836634914903714,3.7251184834123223,0.0,0.0,0.15,0.08056872037914692,0,0.1402177517144025,0.2925187433867655,1.2421108082130945,0.7174543447970338,0.0,1.0,0.0,0.95,0.0,0.95,0.0,0.08,0.023696682464454975,0.5,0.25
375,0.9794248506122277,0.5208082418784277,0.9226731099202732,0.5141367633824788,0.23694709746888695,0.5221268076948808,0.8293838862559242,0.45059031778802994,0.4407220641687643,0.15639810426540285,0.5,0.4065193580155383,0.40394632809783504,0.1,0.023696682464454975,0.014285714285714285,0.39714285714285713,16.21142857142857,0.004739336492890996,0.0,0.031249883593094715,0.11836634914903714,3.7251184834123223,0.0,0.0,0.15,0.08056872037914692,0,0.14008794867011623,0.2910561496698317,1.231554306334547,0.7186172826551405,0.0,0.8,0.0,0.95,0.0,0.95,0.0,0.08,0.023696682464454975,0.5,0.25
376,0.9798476563592535,0.520963604921194,0.9229280013849086,0.5136802325155793,0.23694709746888695,0.5219802316120684,0.8767772511848341,0.45059031778802994,0.4407220641687643,0.15639810426540285,0.5285714285714286,0.4065193580155383,0.40394632809783504,0.1,0.014218009478672985,0.008571428571428572,0.39714285714285713,16.214285714285715,0.004739336492890996,0.0,0.031249883593094715,0.11836634914903714,3.7251184834123223,0.0,0.0,0.15,0.08056872037914692,0,0.13958608748035492,0.2896008689214825,1.2154946487792844,0.7042449370020376,0.0,1.0,0.0,0.95,0.0,0.95,0.0,0.08,0.014218009478672985,0.5,0.25
377,0.979499196900841,0.5212963317229978,0.9227179301114085,0.5136156120794291,0.23694709746888695,0.5216909192258685,0.8151658767772512,0.45059031778802994,0.4407220641687643,0.15639810426540285,0.49142857142857144,0.4065193580155383,0.40394632809783504,0.1,0.03317535545023697,0.02,0.39714285714285713,16.217142857142857,0.004739336492890996,0.0,0.031249883593094715,0.11836634914903714,3.7251184834123223,0.0,0.0,0.15,0.08056872037914692,0,0.13911615775723887,0.2881528645768751,1.2111847558036988,0.6901600382619969,0.0,1.0,0.0,0.95,0.0,0.95,0.0,0.08,0.03317535545023697,0.5,0.25
378,0.9801951525005715,0.5223256039211901,0.9231374919158176,0.514555228232828,0.23694709746888695,0.5213164316555942,0.8151658767772512,0.45059031778802994,0.4407220641687643,0.15639810426540285,0.49142857142857144,0.4065193580155383,0.40394632809783504,0.1,0.037914691943127965,0.025714285714285714,0.39714285714285713,16.22,0.004739336492890996,0.0,0.031249883593094715,0.11836634914903714,3.7251184834123223,0.0,0.0,0.15,0.08056872037914692,0,0.1388457454152556,0.28671210025399074,1.2126753464019107,0.6763568374967569,0.0,1.0,0.0,0.95,0.0,0.95,0.0,0.08,0.037914691943127965,0.5,0.25
379,0.979636147053709,0.5212956897255336,0.9228004914892804,0.5139256291613856,0.23694709746888695,0.5210734477467572,0.8767772511848341,0.45059031778802994,0.4407220641687643,0.15639810426540285,0.5285714285714286,0.4065193580155383,0.40394632809783504,0.1,0.014218009478672985,0.011428571428571429,0.39714285714285713,16.222857142857144,0.004739336492890996,0.0,0.031249883593094715,0.11836634914903714,3.7251184834123223,0.0,0.0,0.15,0.08056872037914692,0,0.13843425584926802,0.28527853975272083,1.1998504109024435,0.6628297007468218,0.0,1.0,0.0,0.95,0.0,0.95,0.0,0.08,0.014218009478672985,0.5,0.25
380,0.9808382548445946,0.5211675423086017,0.9235251907575,0.5146286242757342,0.23694709746888695,0.5208687764037504,0.8530805687203792,0.45077989124774553,0.44086424426355103,0.15639810426540285,0.5142857142857142,0.40663364372982397,0.4040320423835493,0.1,0.04739336492890995,0.03142857142857143,0.39714285714285713,16.225714285714286,0.004739336492890996,0.0,0.031249883593094715,0.11836634914903714,3.7251184834123223,0.0,0.0,0.15,0.08056872037914692,0,0.1388753372713059,0.2838521470539572,1.2072819741129661,0.6534960389817424,0.0,0.9090909090909091,0.0,0.95,0.0,0.95,0.0,0.08,0.04739336492890995,0.5,0.25
381,0.9801605103011095,0.5218729200159146,0.9231166076184276,0.5152771342911797,0.23694709746888695,0.5207796976924163,0.8578199052132701,0.45077989124774553,0.44086424426355103,0.15639810426540285,0.5171428571428571,0.40663364372982397,0.4040320423835493,0.1,0.037914691943127965,0.022857142857142857,0.39714285714285713,16.228571428571428,0.004739336492890996,0.0,0.031249883593094715,0.11836634914903714,3.7251184834123223,0.0,0.0,0.15,0.08056872037914692,0,0.1384376755849494,0.28243288631868746,1.2059934774878498,0.6404261182021075,0.0,1.0,0.0,0.95,0.0,0.95,0.0,0.08,0.037914691943127965,0.5,0.25
382,0.9803471529580629,0.5220952367383644,0.9232291264773338,0.5153975845621873,0.23694709746888695,0.5206562526668153,0.8625592417061612,0.45096946470746124,0.44100642435833776,0.16113744075829384,0.52,0.40674792944410976,0.4041177566692636,0.10285714285714286,0.052132701421800945,0.03428571428571429,0.39714285714285713,16.231428571428573,0.004739336492890996,0.0,0.031249883593094715,0.11836634914903714,3.7251184834123223,0.0,0.0,0.15,0.08056872037914692,0,0.13888805863559606,0.281020721887094,1.216159322223807,0.6594357238952254,0.0,0.8333333333333334,0.0,0.95,0.0,0.95,0.0,0.08,0.052132701421800945,0.5,0.25
383,0.9818393356794679,0.52233642169956,0.9241286994893807,0.5153058564530137,0.23694709746888695,0.5205133097884731,0.8578199052132701,0.45096946470746124,0.44100642435833776,0.16113744075829384,0.5171428571428571,0.40674792944410976,0.4041177566692636,0.10285714285714286,0.037914691943127965,0.022857142857142857,0.39714285714285713,16.234285714285715,0.004739336492890996,0.0,0.031249883593094715,0.11836634914903714,3.7251184834123223,0.0,0.0,0.15,0.08056872037914692,0,0.13850648261029308,0.2796156182776586,1.2146932786364735,0.6462470094173209,0.0,1.0,0.0,0.95,0.0,0.95,0.0,0.08,0.037914691943127965,0.5,0.25
384,0.983810589412165,0.5229166091833789,0.925317083882521,0.5155464357990994,0.23694709746888695,0.520349244071075,0.8246445497630331,0.45115903816717684,0.4411486044531245,0.16113744075829384,0.49714285714285716,0.40686221515839543,0.404203470954978,0.10285714285714286,0.04265402843601896,0.025714285714285714,0.39714285714285713,16.237142857142857,0.004739336492890996,0.0,0.031249883593094715,0.11836634914903714,3.7251184834123223,0.0,0.0,0.15,0.08056872037914692,0,0.13892766519724162,0.2943229942886932,1.2161136987780299,0.6434977563795746,0.0,0.7777777777777778,0.0,0.95,0.0,0.95,0.0,0.08,0.04265402843601896,0.5,0.25
385,0.9838544771313903,0.5238015991072107,0.9253435419075396,0.5158840029165181,0.23694709746888695,0.5202481415909472,0.8436018957345972,0.45115903816717684,0.4411486044531245,0.16113744075829384,0.5085714285714286,0.40686221515839543,0.404203470954978,0.10285714285714286,0.023696682464454975,0.014285714285714285,0.39714285714285713,16.24,0.004739336492890996,0.0,0.031249883593094715,0.11836634914903714,3.7251184834123223,0.0,0.0,0.15,0.08056872037914692,0,0.1384608847283983,0.2928513793172497,1.2060771390881837,0.630627801251983,0.0,1.0,0.0,0.95,0.0,0.95,0.0,0.08,0.023696682464454975,0.5,0.25
386,0.9829966963766159,0.5222751108924905,0.9248264226525186,0.5153993955669859,0.23694709746888695,0.5201897052829715,0.8483412322274881,0.45115903816717684,0.4411486044531245,0.16113744075829384,0.5114285714285715,0.40686221515839543,0.404203470954978,0.10285714285714286,0.023696682464454975,0.014285714285714285,0.39714285714285713,16.242857142857144,0.004739336492890996,0.0,0.031249883593094715,0.11836634914903714,3.7251184834123223,0.0,0.0,0.15,0.08056872037914692,0,0.13802500959047057,0.2913871224206635,1.1962413105921341,0.6180152452269434,0.0,1.0,0.0,0.95,0.0,0.95,0.0,0.08,0.023696682464454975,0.5,0.25
387,0.9834214933817371,0.5213055584362724,0.9250825145613203,0.515033606631055,0.23694709746888695,0.5200345577371829,0.8341232227488151,0.45115903816717684,0.4411486044531245,0.16113744075829384,0.5028571428571429,0.40686221515839543,0.404203470954978,0.10285714285714286,0.018957345971563982,0.014285714285714285,0.39714285714285713,16.245714285714286,0.004739336492890996,0.0,0.031249883593094715,0.11836634914903714,3.7251184834123223,0.0,0.0,0.15,0.08056872037914692,0,0.13750602739966106,0.2899301868085602,1.1866021986660056,0.6056549403224045,0.0,1.0,0.0,0.95,0.0,0.95,0.0,0.08,0.018957345971563982,0.5,0.25
388,0.9833100426713394,0.5210465762236722,0.9250153257044805,0.5150981748849496,0.23694709746888695,0.5198998782071089,0.8767772511848341,0.45115903816717684,0.4411486044531245,0.16113744075829384,0.5285714285714286,0.40686221515839543,0.404203470954978,0.10285714285714286,0.03317535545023697,0.022857142857142857,0.39714285714285713,16.248571428571427,0.004739336492890996,0.0,0.031249883593094715,0.11836634914903714,3.7251184834123223,0.0,0.0,0.15,0.08056872037914692,0,0.13710378297694847,0.2884805358745174,1.1857272975498283,0.5935418415159565,0.0,1.0,0.0,0.95,0.0,0.95,0.0,0.08,0.03317535545023697,0.5,0.25
389,0.9827243224488881,0.520598254074785,0.9246622200846598,0.5150334459998069,0.23694709746888695,0.5198709024794118,0.8199052132701422,0.45115903816717684,0.4411486044531245,0.16113744075829384,0.4942857142857143,0.40686221515839543,0.404203470954978,0.10285714285714286,0.03317535545023697,0.02,0.39714285714285713,16.251428571428573,0.004739336492890996,0.0,0.031249883593094715,0.11836634914903714,3.7251184834123223,0.0,0.0,0.15,0.08056872037914692,0,0.1368439925978137,0.28703813319514476,1.182012751598832,0.5816710046856374,0.0,1.0,0.0,0.95,0.0,0.95,0.0,0.08,0.03317535545023697,0.5,0.25
390,0.9824529279090174,0.5206837892387539,0.9244986079477664,0.5146089243468076,0.23694709746888695,0.5198443830098115,0.8672985781990521,0.4512538248970347,0.4412196945005179,0.16113744075829384,0.5228571428571429,0.40691935801553836,0.40424632809783506,0.10285714285714286,0.03317535545023697,0.02,0.39714285714285713,16.254285714285714,0.004739336492890996,0.0,0.031249883593094715,0.11836634914903714,3.7251184834123223,0.0,0.0,0.15,0.08056872037914692,0,0.1367596297776818,0.28560294252916907,1.1783724965668552,0.6034647297788965,0.0,0.8571428571428571,0.0,0.95,0.0,0.95,0.0,0.08,0.03317535545023697,0.5,0.25
391,0.9824379520078078,0.5216782932760704,0.9244895796187513,0.5146332228946172,0.23694709746888695,0.5197355959468543,0.8578199052132701,0.4512538248970347,0.4412196945005179,0.16113744075829384,0.5171428571428571,0.40691935801553836,0.40424632809783506,0.10285714285714286,0.018957345971563982,0.011428571428571429,0.39714285714285713,16.257142857142856,0.004739336492890996,0.0,0.031249883593094715,0.11836634914903714,3.7251184834123223,0.0,0.0,0.15,0.08056872037914692,0,0.13624697448593623,0.2841749278165232,1.1662336180640895,0.5913954351833186,0.0,1.0,0.0,0.95,0.0,0.95,0.0,0.08,0.018957345971563982,0.5,0.25
392,0.9824886269117844,0.5222446100466315,0.9245201293465772,0.5153535402484928,0.23694709746888695,0.519765841799356,0.8957345971563981,0.4512538248970347,0.4412196945005179,0.16113744075829384,0.54,0.40691935801553836,0.40424632809783506,0.10285714285714286,0.023696682464454975,0.017142857142857144,0.39714285714285713,16.26,0.004739336492890996,0.0,0.031249883593094715,0.11836634914903714,3.7251184834123223,0.0,0.0,0.15,0.08056872037914692,0,0.13585031389564942,0.28275405317744057,1.1600518028456648,0.5795675264796523,0.0,1.0,0.0,0.95,0.0,0.95,0.0,0.08,0.023696682464454975,0.5,0.25
393,0.9832614204252044,0.5214715000435775,0.9249860134360962,0.5150571970922999,0.23694709746888695,0.5199048628244403,0.8720379146919431,0.4514433983567503,0.4413618745953047,0.16113744075829384,0.5257142857142857,0.40703364372982404,0.4043320423835493,0.10285714285714286,0.018957345971563982,0.011428571428571429,0.39714285714285713,16.262857142857143,0.004739336492890996,0.0,0.031249883593094715,0.11836634914903714,3.7251184834123223,0.0,0.0,0.15,0.08056872037914692,0,0.13574220518331404,0.2813402829115534,1.1482793382173229,0.5683700310845767,0.0,0.75,0.0,0.95,0.0,0.95,0.0,0.08,0.018957345971563982,0.5,0.25
394,0.9848791738334908,0.5220067361784758,0.9256555143432522,0.5147648839042626,0.23694709746888695,0.5198980335530705,0.8904761904761904,0.45131971432617024,0.4427833035879668,0.1619047619047619,0.5342857142857143,0.40703364372982404,0.4043320423835493,0.10285714285714286,0.02857142857142857,0.022857142857142857,0.4,16.265714285714285,0.0,0.002857142857142857,0.03126045822366172,0.11836634914903714,3.6952380952380954,0.0,0.0,0.15,0.08095238095238096,0,0.13557493270741533,0.2799335814969956,1.1481708943101194,0.5570026304628852,0.0,1.0,0.0,0.95,0.0,0.95,0.0,0.08,0.03317535545023697,0.5,0.25
395,0.9855481812185634,0.5201378668082708,0.9260569187742959,0.5135753718149972,0.23694709746888695,0.5199287718635955,0.8523809523809524,0.4515101905166465,0.44292616073082397,0.1619047619047619,0.5114285714285715,0.4071479294441097,0.40441775666926366,0.10285714285714286,0.023809523809523808,0.014285714285714285,0.4,16.265714285714285,0.0,0.0,0.031276270257575886,0.11836634914903714,3.6952380952380954,0.0,0.0,0.15,0.08095238095238096,0,0.13543991518673537,0.27853391358951063,1.1394931907096313,0.5522969663328738,0.0,0.8,0.0,0.95,0.0,0.95,0.0,0.08,0.023809523809523808,0.5,0.25
396,0.9854770558949294,0.5196911446759147,0.9260142435801154,0.5136019161964958,0.23694709746888695,0.5198846263574516,0.861904761904762,0.4517006667071226,0.44306901787368114,0.1619047619047619,0.5171428571428571,0.4072622151583954,0.40450347095497785,0.10285714285714286,0.01904761904761905,0.011428571428571429,0.4,16.265714285714285,0.0,0.0,0.031276270257575886,0.11836634914903714,3.6952380952380954,0.0,0.0,0.15,0.08095238095238096,0,0.135362144896516,0.288096652087423,1.12813189832401,0.5680189138389755,0.0,0.75,0.0,0.95,0.0,0.95,0.0,0.08,0.01904761904761905,0.5,0.25
397,0.9848141951631381,0.5193358896129321,0.9256165271410409,0.5131747356062742,0.23694709746888695,0.5199520394789097,0.9095238095238095,0.4519863809928369,0.44328330358796675,0.1619047619047619,0.5457142857142857,0.407433643729824,0.40463204238354933,0.10285714285714286,0.04285714285714286,0.025714285714285714,0.4,16.265714285714285,0.0,0.0,0.031276270257575886,0.11836634914903714,3.6952380952380954,0.0,0.0,0.15,0.08095238095238096,0,0.13619919131489056,0.28665616882698586,1.1312835460718156,0.584434968128388,0.0,0.6666666666666666,0.0,0.95,0.0,0.95,0.0,0.08,0.04285714285714286,0.5,0.25
398,0.9841570526433868,0.5197301535165978,0.9252222416291901,0.5137903236128262,0.23694709746888695,0.520095302047959,0.8857142857142857,0.4519863809928369,0.44328330358796675,0.1619047619047619,0.5314285714285715,0.407433643729824,0.40463204238354933,0.10285714285714286,0.023809523809523808,0.014285714285714285,0.4,16.265714285714285,0.0,0.0,0.031276270257575886,0.11836634914903714,3.6952380952380954,0.0,0.0,0.15,0.08095238095238096,0,0.13610459752951382,0.28522288798285095,1.1229435894360937,0.5727462687658202,0.0,1.0,0.0,0.95,0.0,0.95,0.0,0.08,0.023809523809523808,0.5,0.25
399,0.9839903230341417,0.5180163157537073,0.925122203863643,0.5120888543412565,0.23694709746888695,0.5202126787554371,0.8523809523809524,0.4519863809928369,0.44328330358796675,0.1619047619047619,0.5114285714285715,0.407433643729824,0.40463204238354933,0.10285714285714286,0.014285714285714285,0.008571428571428572,0.4,16.265714285714285,0.0,0.0,0.031276270257575886,0.11836634914903714,3.6952380952380954,0.0,0.0,0.15,0.08095238095238096,0,0.1355665038275805,0.2837967735429367,1.1090561462188002,0.5612913433905038,0.0,1.0,0.0,0.95,0.0,0.95,0.0,0.08,0.014285714285714285,0.5,0.25
400,0.9833130988292109,0.5186278402755974,0.9247158693406844,0.5130136692139097,0.23694709746888695,0.5203009666257418,0.8285714285714286,0.4520816190880749,0.4433547321593954,0.1619047619047619,0.49714285714285716,0.40749078658696686,0.40467489952640645,0.10285714285714286,0.03333333333333333,0.02,0.4,16.265714285714285,0.0,0.0,0.031276270257575886,0.11836634914903714,3.6952380952380954,0.0,0.0,0.15,0.08095238095238096,0,0.13571454339783537,0.28356494158505147,1.1068750232944242,0.5651604928315005,0.0,0.8571428571428571,0.0,0.95,0.0,0.95,0.0,0.08,0.03333333333333333,0.5,0.25
401,0.984640458229751,0.5185729682615451,0.9255122849810082,0.5131719608606641,0.23694709746888695,0.5204732713438347,0.8857142857142857,0.45246257146902735,0.4436404464451097,0.1619047619047619,0.5314285714285715,0.40771935801553827,0.404846328097835,0.10285714285714286,0.03333333333333333,0.02,0.4,16.265714285714285,0.0,0.0,0.031276270257575886,0.11836634914903714,3.6952380952380954,0.0,0.0,0.15,0.08095238095238096,0,0.13617754567727477,0.28214711687712624,1.1047375228285357,0.6097572870658596,0.0,0.7142857142857143,0.0,0.95,0.0,0.95,0.0,0.08,0.03333333333333333,0.5,0.25
402,0.9826297644259177,0.5180672521725678,0.9243058686987085,0.5123288013202458,0.23694709746888695,0.520735245716488,0.8428571428571429,0.45246257146902735,0.4436404464451097,0.1619047619047619,0.5057142857142857,0.40771935801553827,0.404846328097835,0.10285714285714286,0.014285714285714285,0.011428571428571429,0.4,16.265714285714285,0.0,0.0,0.031276270257575886,0.11836634914903714,3.6952380952380954,0.0,0.0,0.15,0.08095238095238096,0,0.13563937223460268,0.2807363812927406,1.0940713438005363,0.5975621413245424,0.0,1.0,0.0,0.95,0.0,0.95,0.0,0.08,0.014285714285714285,0.5,0.25
403,0.9827777609182988,0.5179746196111229,0.9243946665941373,0.5123758069312113,0.23694709746888695,0.5209317008919677,0.9095238095238095,0.45246257146902735,0.4436404464451097,0.1619047619047619,0.5457142857142857,0.40771935801553827,0.404846328097835,0.10285714285714286,0.02857142857142857,0.02,0.4,16.265714285714285,0.0,0.0,0.031276270257575886,0.11836634914903714,3.6952380952380954,0.0,0.0,0.15,0.08095238095238096,0,0.13560998246721456,0.2793326993862769,1.0921899169245255,0.5856108984980516,0.0,1.0,0.0,0.95,0.0,0.95,0.0,0.08,0.02857142857142857,0.5,0.25
404,0.9830580977042458,0.5183417846160552,0.9245628686657054,0.5122088921486126,0.23694709746888695,0.5209576120392408,0.8904761904761904,0.45246257146902735,0.4436404464451097,0.1619047619047619,0.5342857142857143,0.40771935801553827,0.404846328097835,0.10285714285714286,0.01904761904761905,0.011428571428571429,0.4,16.265714285714285,0.0,0.0,0.031276270257575886,0.11836634914903714,3.6952380952380954,0.0,0.0,0.15,0.08095238095238096,0,0.13513136184059277,0.27793603588934557,1.0817746900146064,0.5738986805280906,0.0,1.0,0.0,0.95,0.0,0.95,0.0,0.08,0.01904761904761905,0.5,0.25
405,0.9828836598333365,0.5193879757455138,0.9244582059431599,0.5132308141642422,0.23694709746888695,0.5210394051607496,0.8952380952380953,0.45246257146902735,0.4436404464451097,0.1619047619047619,0.5371428571428571,0.40771935801553827,0.404846328097835,0.10285714285714286,0.023809523809523808,0.017142857142857144,0.4,16.265714285714285,0.0,0.0,0.031276270257575886,0.11836634914903714,3.6952380952380954,0.0,0.0,0.15,0.08095238095238096,0,0.13485371215640765,0.27654635570989883,1.0772820533571716,0.5624207069175288,0.0,1.0,0.0,0.95,0.0,0.95,0.0,0.08,0.023809523809523808,0.5,0.25
406,0.9822015738805763,0.5192452135292304,0.9240489543715036,0.5129882080086982,0.23694709746888695,0.5210693918089401,0.8809523809523809,0.45246257146902735,0.4436404464451097,0.1619047619047619,0.5285714285714286,0.40771935801553827,0.404846328097835,0.10285714285714286,0.02857142857142857,0.017142857142857144,0.4,16.265714285714285,0.0,0.0,0.031276270257575886,0.11836634914903714,3.6952380952380954,0.0,0.0,0.15,0.08095238095238096,0,0.1344644443099113,0.2751636239313493,1.072879269432885,0.5511722927791782,0.0,1.0,0.0,0.95,0.0,0.95,0.0,0.08,0.02857142857142857,0.5,0.25
407,0.9837844069798221,0.5202266845543438,0.9249986542310512,0.5137093422206015,0.23694709746888695,0.5211527513554043,0.919047619047619,0.45246257146902735,0.4436404464451097,0.1619047619047619,0.5514285714285714,0.40771935801553827,0.404846328097835,0.10285714285714286,0.014285714285714285,0.008571428571428572,0.4,16.265714285714285,0.0,0.0,0.031276270257575886,0.11836634914903714,3.6952380952380954,0.0,0.0,0.15,0.08095238095238096,0,0.13393455137407606,0.27378780581169254,1.059993112615656,0.5401488469235945,0.0,1.0,0.0,0.95,0.0,0.95,0.0,0.08,0.014285714285714285,0.5,0.25
408,0.9817270738310891,0.5203444781959428,0.9237642543418113,0.5134319537004858,0.23694709746888695,0.5213284824294742,0.8857142857142857,0.45246257146902735,0.4436404464451097,0.1619047619047619,0.5314285714285715,0.40771935801553827,0.404846328097835,0.10285714285714286,0.014285714285714285,0.008571428571428572,0.4,16.265714285714285,0.0,0.0,0.031276270257575886,0.11836634914903714,3.6952380952380954,0.0,0.0,0.15,0.08095238095238096,0,0.13346402290291998,0.2724188667826341,1.0473646789347715,0.5293458699851227,0.0,1.0,0.0,0.95,0.0,0.95,0.0,0.08,0.014285714285714285,0.5,0.25
409,0.9819602064561934,0.5198547451422256,0.9239041339168739,0.5128492290010963,0.23694709746888695,0.5215572577576525,0.8761904761904762,0.45246257146902735,0.4436404464451097,0.1619047619047619,0.5257142857142857,0.40771935801553827,0.404846328097835,0.10285714285714286,0.02857142857142857,0.017142857142857144,0.4,16.265714285714285,0.0,0.0,0.031276270257575886,0.11836634914903714,3.6952380952380954,0.0,0.0,0.15,0.08095238095238096,0,0.1331099899312625,0.27105677244872095,1.0435602424989332,0.5187589525854202,0.0,1.0,0.0,0.95,0.0,0.95,0.0,0.08,0.02857142857142857,0.5,0.25
410,0.9816439711754529,0.5200745465993465,0.9237143927484297,0.5135025538902868,0.23694709746888695,0.5217215249193973,0.8238095238095238,0.4525578095642655,0.4437118750165382,0.1619047619047619,0.4942857142857143,0.40777650087268114,0.4048891852406921,0.10285714285714286,0.047619047619047616,0.03142857142857143,0.4,16.265714285714285,0.0,0.0,0.031276270257575886,0.11836634914903714,3.6952380952380954,0.0,0.0,0.15,0.08095238095238096,0,0.13346945352805262,0.2716927499146633,1.054117609077526,0.5083837735337118,0.0,0.9090909090909091,0.0,0.95,0.0,0.95,0.0,0.08,0.047619047619047616,0.5,0.25
411,0.9848036242403805,0.5204206935032488,0.9256101845873861,0.5143913455542937,0.23694709746888695,0.521977479534737,0.9,0.4525578095642655,0.4437118750165382,0.1619047619047619,0.54,0.40777650087268114,0.4048891852406921,0.10285714285714286,0.02857142857142857,0.017142857142857144,0.4,16.265714285714285,0.0,0.0,0.031276270257575886,0.11836634914903714,3.6952380952380954,0.0,0.0,0.15,0.08095238095238096,0,0.1329733919746981,0.27033428616509003,1.0501781140388324,0.49821609806303746,0.0,1.0,0.0,0.95,0.0,0.95,0.0,0.08,0.02857142857142857,0.5,0.25
412,0.9832024500438731,0.5211191002628092,0.9246494800694818,0.5147924054451918,0.23694709746888695,0.522326279479493,0.9095238095238095,0.4525578095642655,0.4437118750165382,0.1619047619047619,0.5457142857142857,0.40777650087268114,0.4048891852406921,0.10285714285714286,0.01904761904761905,0.011428571428571429,0.4,16.265714285714285,0.0,0.0,0.031276270257575886,0.11836634914903714,3.6952380952380954,0.0,0.0,0.15,0.08095238095238096,0,0.132508096443396,0.2689826147342646,1.040603123186627,0.4882517761017767,0.0,1.0,0.0,0.95,0.0,0.95,0.0,0.08,0.01904761904761905,0.5,0.25
413,0.9832601906071712,0.5206955289818892,0.9246841244074605,0.5143724249718302,0.23694709746888695,0.5226485977821467,0.8571428571428571,0.4525578095642655,0.4437118750165382,0.1619047619047619,0.5142857142857142,0.40777650087268114,0.4048891852406921,0.10285714285714286,0.03333333333333333,0.02,0.4,16.265714285714285,0.0,0.0,0.031276270257575886,0.11836634914903714,3.6952380952380954,0.0,0.0,0.15,0.08095238095238096,0,0.13213069881832187,0.26763770166059325,1.0397910607228946,0.47848674057974117,0.0,1.0,0.0,0.95,0.0,0.95,0.0,0.08,0.03333333333333333,0.5,0.25
414,0.9825395851599258,0.5201070648736335,0.9242517611391133,0.5145799813260137,0.23694709746888695,0.5229841755665047,0.8761904761904762,0.4525578095642655,0.4437118750165382,0.1619047619047619,0.5257142857142857,0.40777650087268114,0.4048891852406921,0.10285714285714286,0.02857142857142857,0.017142857142857144,0.4,16.265714285714285,0.0,0.0,0.031276270257575886,0.11836634914903714,3.6952380952380954,0.0,0.0,0.15,0.08095238095238096,0,0.13175476246351597,0.2662995131522903,1.0361380966512939,0.4689170057681464,0.0,1.0,0.0,0.95,0.0,0.95,0.0,0.08,0.02857142857142857,0.5,0.25
415,0.9837509294444305,0.5198768140605794,0.9249785677098163,0.5152435398201848,0.23694709746888695,0.5233845606027272,0.8476190476190476,0.4525578095642655,0.4437118750165382,0.1619047619047619,0.5085714285714286,0.40777650087268114,0.4048891852406921,0.10285714285714286,0.04285714285714286,0.025714285714285714,0.4,16.265714285714285,0.0,0.0,0.031276270257575886,0.11836634914903714,3.6952380952380954,0.0,0.0,0.15,0.08095238095238096,0,0.13155099649050198,0.2649680155865288,1.0411296204325537,0.45953866565278345,0.0,1.0,0.0,0.95,0.0,0.95,0.0,0.08,0.04285714285714286,0.5,0.25
416,0.9833389926896537,0.5214842654950533,0.9247314056569501,0.5164038581205116,0.23694709746888695,0.5237874872417865,0.861904761904762,0.4525578095642655,0.4437118750165382,0.1619047619047619,0.5171428571428571,0.40777650087268114,0.4048891852406921,0.10285714285714286,0.009523809523809525,0.005714285714285714,0.4,16.265714285714285,0.0,0.0,0.031276270257575886,0.11836634914903714,3.6952380952380954,0.0,0.0,0.15,0.08095238095238096,0,0.1309788129366209,0.2636431755085962,1.0260213137381882,0.4503478923397278,0.0,1.0,0.0,0.95,0.0,0.95,0.0,0.08,0.009523809523809525,0.5,0.25
417,0.9845013605878475,0.5213496849501372,0.9254288263958665,0.516762773937535,0.23694709746888695,0.5241336616392741,0.8809523809523809,0.4525578095642655,0.4437118750165382,0.1619047619047619,0.5285714285714286,0.40777650087268114,0.4048891852406921,0.10285714285714286,0.01904761904761905,0.014285714285714285,0.4,16.265714285714285,0.0,0.0,0.031276270257575886,0.11836634914903714,3.6952380952380954,0.0,0.0,0.15,0.08095238095238096,0,0.13055206172908063,0.2623249596310532,1.0197866017491388,0.4413409344929332,0.0,1.0,0.0,0.95,0.0,0.95,0.0,0.08,0.01904761904761905,0.5,0.25
418,0.9832056971101429,0.520395933220662,0.9246514283092436,0.5159578683078512,0.23694709746888695,0.5244557501454671,0.8380952380952381,0.4529387619452178,0.4439975893022525,0.1619047619047619,0.5028571428571429,0.4080050723012526,0.4050606138121207,0.10285714285714286,0.05238095238095238,0.03142857142857143,0.4,16.265714285714285,0.0,0.0,0.031276270257575886,0.11836634914903714,3.6952380952380954,0.0,0.0,0.15,0.08095238095238096,0,0.1312400207025781,0.26925788176363147,1.0308194411427276,0.5408036608919153,0.0,0.8181818181818182,0.0,0.95,0.0,0.95,0.0,0.08,0.05238095238095238,0.5,0.25
419,0.9823467271055246,0.5212569014428068,0.9241360463064726,0.516283050141207,0.23694709746888695,0.5246059363987955,0.8714285714285714,0.4529387619452178,0.4439975893022525,0.1619047619047619,0.5228571428571429,0.4080050723012526,0.4050606138121207,0.10285714285714286,0.02857142857142857,0.02,0.4,16.265714285714285,0.0,0.0,0.031276270257575886,0.11836634914903714,3.6952380952380954,0.0,0.0,0.15,0.08095238095238096,0,0.13089710916692238,0.2679115923548133,1.0302030523198729,0.529987587674077,0.0,1.0,0.0,0.95,0.0,0.95,0.0,0.08,0.02857142857142857,0.5,0.25
420,0.984228273628456,0.5221426382834119,0.9252649742202315,0.5161194470214366,0.23694709746888695,0.5248194037241621,0.8857142857142857,0.4529387619452178,0.4439975893022525,0.1619047619047619,0.5314285714285715,0.4080050723012526,0.4050606138121207,0.10285714285714286,0.023809523809523808,0.014285714285714285,0.4,16.265714285714285,0.0,0.0,0.031276270257575886,0.11836634914903714,3.6952380952380954,0.0,0.0,0.15,0.08095238095238096,0,0.13044219504965915,0.2665720343930393,1.02388470555919,0.5193878359205955,0.0,1.0,0.0,0.95,0.0,0.95,0.0,0.08,0.023809523809523808,0.5,0.25
421,0.9827227659396802,0.5218868853457309,0.9243616696069661,0.5159128997129795,0.23694709746888695,0.525058203434729,0.8904761904761904,0.4529387619452178,0.4439975893022525,0.1619047619047619,0.5342857142857143,0.4080050723012526,0.4050606138121207,0.10285714285714286,0.023809523809523808,0.017142857142857144,0.4,16.265714285714285,0.0,0.0,0.031276270257575886,0.11836634914903714,3.6952380952380954,0.0,0.0,0.15,0.08095238095238096,0,0.12998969836012517,0.26523917422107407,1.020549868590863,0.5090000792021836,0.0,1.0,0.0,0.95,0.0,0.95,0.0,0.08,0.023809523809523808,0.5,0.25
422,0.9832744935272011,0.5224644512313217,0.9246927061594785,0.5155012610098219,0.23694709746888695,0.5252212737809209,0.8666666666666667,0.4529387619452178,0.4439975893022525,0.1619047619047619,0.52,0.4080050723012526,0.4050606138121207,0.10285714285714286,0.02857142857142857,0.02,0.4,16.265714285714285,0.0,0.0,0.031276270257575886,0.11836634914903714,3.6952380952380954,0.0,0.0,0.15,0.08095238095238096,0,0.12968160843975313,0.26391297834996863,1.0201388712190458,0.4988200776181399,0.0,1.0,0.0,0.95,0.0,0.95,0.0,0.08,0.02857142857142857,0.5,0.25
423,0.9828778995766635,0.5207920320186745,0.924454749789156,0.5148304580842428,0.23694709746888695,0.5255678695784552,0.8571428571428571,0.45303400004045596,0.4440690178736811,0.1619047619047619,0.5142857142857142,0.4080622151583954,0.4051034709549779,0.10285714285714286,0.01904761904761905,0.011428571428571429,0.4,16.265714285714285,0.0,0.0,0.031276270257575886,0.11836634914903714,3.6952380952380954,0.0,0.0,0.15,0.08095238095238096,0,0.12960377467969722,0.2625934134582188,1.0111646652232362,0.5165857499287063,0.0,0.75,0.0,0.95,0.0,0.95,0.0,0.08,0.01904761904761905,0.5,0.25
424,0.9829082654949646,0.5210863648111123,0.9244729693401368,0.5146579426945342,0.23694709746888695,0.5259208904228161,0.8714285714285714,0.45303400004045596,0.4440690178736811,0.1619047619047619,0.5228571428571429,0.4080622151583954,0.4051034709549779,0.10285714285714286,0.02857142857142857,0.02,0.4,16.265714285714285,0.0,0.0,0.031276270257575886,0.11836634914903714,3.6952380952380954,0.0,0.0,0.15,0.08095238095238096,0,0.12935461366344156,0.26128044639092773,1.0109413719187714,0.5062540349301321,0.0,1.0,0.0,0.95,0.0,0.95,0.0,0.08,0.02857142857142857,0.5,0.25
425,0.982638088958637,0.5212790467403873,0.9243108634183402,0.514712692315406,0.23694709746888695,0.5261987635319603,0.8285714285714286,0.45303400004045596,0.4440690178736811,0.1619047619047619,0.49714285714285716,0.4080622151583954,0.4051034709549779,0.10285714285714286,0.023809523809523808,0.014285714285714285,0.4,16.265714285714285,0.0,0.0,0.031276270257575886,0.11836634914903714,3.6952380952380954,0.0,0.0,0.15,0.08095238095238096,0,0.12887912630941006,0.25997404415897307,1.0050082587661102,0.4961289542315295,0.0,1.0,0.0,0.95,0.0,0.95,0.0,0.08,0.023809523809523808,0.5,0.25
426,0.9824640584611211,0.5205752564910477,0.9242064451198306,0.5148995641594591,0.23694709746888695,0.5265297486844767,0.8571428571428571,0.45303400004045596,0.4440690178736811,0.1619047619047619,0.5142857142857142,0.4080622151583954,0.4051034709549779,0.10285714285714286,0.0380952380952381,0.022857142857142857,0.4,16.265714285714285,0.0,0.0,0.031276270257575886,0.11836634914903714,3.6952380952380954,0.0,0.0,0.15,0.08095238095238096,0,0.12860501924572018,0.25867417393817826,1.007765236447931,0.4862063751468989,0.0,1.0,0.0,0.95,0.0,0.95,0.0,0.08,0.0380952380952381,0.5,0.25
427,0.9819752392630844,0.5206770599007758,0.9239131536010085,0.5153880209344982,0.23694709746888695,0.5268540835558619,0.8571428571428571,0.45303400004045596,0.4440690178736811,0.1619047619047619,0.5142857142857142,0.4080622151583954,0.4051034709549779,0.10285714285714286,0.03333333333333333,0.022857142857142857,0.4,16.265714285714285,0.0,0.0,0.031276270257575886,0.11836634914903714,3.6952380952380954,0.0,0.0,0.15,0.08095238095238096,0,0.1284433203290605,0.2573808030684873,1.010467074576115,0.4764822476439609,0.0,1.0,0.0,0.95,0.0,0.95,0.0,0.08,0.03333333333333333,0.5,0.25
428,0.9805285528401702,0.5206732707828534,0.9230451417472599,0.5154052516524877,0.23694709746888695,0.5272140029126445,0.8809523809523809,0.45303400004045596,0.4440690178736811,0.1619047619047619,0.5285714285714286,0.4080622151583954,0.4051034709549779,0.10285714285714286,0.02857142857142857,0.017142857142857144,0.4,16.265714285714285,0.0,0.0,0.031276270257575886,0.11836634914903714,3.6952380952380954,0.0,0.0,0.15,0.08095238095238096,0,0.12800096087027235,0.2560938990531449,1.0074005902274499,0.4669526026910817,0.0,1.0,0.0,0.95,0.0,0.95,0.0,0.08,0.02857142857142857,0.5,0.25
429,0.9808894539956845,0.520358403837523,0.9232616824405685,0.5154249131294744,0.23694709746888695,0.5274786927586075,0.8809523809523809,0.4532244762309321,0.44421187501653825,0.1619047619047619,0.5285714285714286,0.4081765008726811,0.4051891852406922,0.10285714285714286,0.01904761904761905,0.011428571428571429,0.4,16.265714285714285,0.0,0.0,0.031276270257575886,0.11836634914903714,3.6952380952380954,0.0,0.0,0.15,0.08095238095238096,0,0.1279035274944924,0.2548134295578792,0.9986811498514723,0.47998774094109947,0.0,0.75,0.0,0.95,0.0,0.95,0.0,0.08,0.01904761904761905,0.5,0.25
430,0.9820178992617936,0.5203386915454199,0.923938749600234,0.5157860012841268,0.23694709746888695,0.5278301093093462,0.819047619047619,0.4532244762309321,0.44421187501653825,0.1619047619047619,0.49142857142857144,0.4081765008726811,0.4051891852406922,0.10285714285714286,0.03333333333333333,0.02,0.4,16.265714285714285,0.0,0.0,0.031276270257575886,0.11836634914903714,3.6952380952380954,0.0,0.0,0.15,0.08095238095238096,0,0.1276055841391628,0.25353936241008984,0.998707526854443,0.4703879861222775,0.0,1.0,0.0,0.95,0.0,0.95,0.0,0.08,0.03333333333333333,0.5,0.25
431,0.9812887108220709,0.5210568158044259,0.9235012365364006,0.5163783765229142,0.23694709746888695,0.528167814741536,0.8380952380952381,0.4532244762309321,0.44421187501653825,0.1619047619047619,0.5028571428571429,0.4081765008726811,0.4051891852406922,0.10285714285714286,0.03333333333333333,0.02,0.4,16.265714285714285,0.0,0.0,0.031276270257575886,0.11836634914903714,3.6952380952380954,0.0,0.0,0.15,0.08095238095238096,0,0.12733727478632414,0.2522716655980394,0.998733376317354,0.46098022639983194,0.0,1.0,0.0,0.95,0.0,0.95,0.0,0.08,0.03333333333333333,0.5,0.25
432,0.9813944831590253,0.5217027151332446,0.9235646999385732,0.5170430667780868,0.23694709746888695,0.5285736208598227,0.861904761904762,0.45331971432617024,0.4442833035879668,0.1619047619047619,0.5171428571428571,0.408233643729824,0.40523204238354926,0.10285714285714286,0.0380952380952381,0.025714285714285714,0.4,16.265714285714285,0.0,0.0,0.031276270257575886,0.11836634914903714,3.6952380952380954,0.0,0.0,0.15,0.08095238095238096,0,0.12752787698024964,0.2722650201002373,1.0044729945052928,0.4549730309655379,0.0,0.8888888888888888,0.0,0.95,0.0,0.95,0.0,0.08,0.0380952380952381,0.5,0.25
433,0.98179798450012,0.5217766184497442,0.9238068007432299,0.5168763128364807,0.23694709746888695,0.5289051143399585,0.8761904761904762,0.45331971432617024,0.4442833035879668,0.1619047619047619,0.5257142857142857,0.408233643729824,0.40523204238354926,0.10285714285714286,0.01904761904761905,0.011428571428571429,0.4,16.265714285714285,0.0,0.0,0.031276270257575886,0.11836634914903714,3.6952380952380954,0.0,0.0,0.15,0.08095238095238096,0,0.1270329518810627,0.2709036949997361,0.9958121060437581,0.4458735703462271,0.0,1.0,0.0,0.95,0.0,0.95,0.0,0.08,0.01904761904761905,0.5,0.25
434,0.9815673534847199,0.5212688962086872,0.9236684221339897,0.5161661854295252,0.23694709746888695,0.5291929345027917,0.8761904761904762,0.45331971432617024,0.4442833035879668,0.1619047619047619,0.5257142857142857,0.408233643729824,0.40523204238354926,0.10285714285714286,0.01904761904761905,0.014285714285714285,0.4,16.265714285714285,0.0,0.0,0.031276270257575886,0.11836634914903714,3.6952380952380954,0.0,0.0,0.15,0.08095238095238096,0,0.12665421640737165,0.2695491765247374,0.9901815782085972,0.4369560989393025,0.0,1.0,0.0,0.95,0.0,0.95,0.0,0.08,0.01904761904761905,0.5,0.25
435,0.9813854719648043,0.5214123051540469,0.9235592932220406,0.5159506482272291,0.23694709746888695,0.5293514695448384,0.861904761904762,0.45331971432617024,0.4442833035879668,0.1619047619047619,0.5171428571428571,0.408233643729824,0.40523204238354926,0.10285714285714286,0.01904761904761905,0.011428571428571429,0.4,16.265714285714285,0.0,0.0,0.031276270257575886,0.11836634914903714,3.6952380952380954,0.0,0.0,0.15,0.08095238095238096,0,0.12622037461104907,0.2682014306421137,0.9818065180729968,0.4282169769605164,0.0,1.0,0.0,0.95,0.0,0.95,0.0,0.08,0.01904761904761905,0.5,0.25
436,0.9810780702382802,0.5212380309263593,0.9233748521861261,0.5159848966667152,0.23694709746888695,0.5294574924354187,0.8809523809523809,0.45331971432617024,0.4442833035879668,0.1619047619047619,0.5285714285714286,0.408233643729824,0.40523204238354926,0.10285714285714286,0.023809523809523808,0.014285714285714285,0.4,16.265714285714285,0.0,0.0,0.031276270257575886,0.11836634914903714,3.6952380952380954,0.0,0.0,0.15,0.08095238095238096,0,0.1259305620201367,0.26686042348890315,0.976456101997251,0.4196526374213061,0.0,1.0,0.0,0.95,0.0,0.95,0.0,0.08,0.023809523809523808,0.5,0.25
437,0.9828028720969709,0.5203241063474847,0.9244097333013404,0.5154053920802549,0.23694709746888695,0.5296257126908178,0.8333333333333334,0.45331971432617024,0.4442833035879668,0.1619047619047619,0.5,0.408233643729824,0.40523204238354926,0.10285714285714286,0.04285714285714286,0.025714285714285714,0.4,16.265714285714285,0.0,0.0,0.031276270257575886,0.11836634914903714,3.6952380952380954,0.0,0.0,0.15,0.08095238095238096,0,0.12581291704933958,0.26552612137145865,0.9826412656715917,0.41125958467288,0.0,1.0,0.0,0.95,0.0,0.95,0.0,0.08,0.04285714285714286,0.5,0.25
438,0.9837372540768705,0.5205957113111055,0.9249703624892803,0.5154743168585343,0.23694709746888695,0.5297885900512552,0.8714285714285714,0.45331971432617024,0.4442833035879668,0.1619047619047619,0.5228571428571429,0.408233643729824,0.40523204238354926,0.10285714285714286,0.009523809523809525,0.008571428571428572,0.4,16.265714285714285,0.0,0.0,0.031276270257575886,0.11836634914903714,3.6952380952380954,0.0,0.0,0.15,0.08095238095238096,0,0.12529799532123573,0.26419849076460133,0.9715598689295883,0.4030343929794224,0.0,1.0,0.0,0.95,0.0,0.95,0.0,0.08,0.009523809523809525,0.5,0.25
439,0.9858173920988662,0.5201910793538781,0.9262184453024777,0.5155575217523057,0.23694709746888695,0.5299480680975172,0.8809523809523809,0.45331971432617024,0.4442833035879668,0.1619047619047619,0.5285714285714286,0.408233643729824,0.40523204238354926,0.10285714285714286,0.023809523809523808,0.014285714285714285,0.4,16.265714285714285,0.0,0.0,0.031276270257575886,0.11836634914903714,3.6952380952380954,0.0,0.0,0.15,0.08095238095238096,0,0.12484264820177243,0.26287749831077833,0.9664143858367109,0.39497370511983393,0.0,1.0,0.0,0.95,0.0,0.95,0.0,0.08,0.023809523809523808,0.5,0.25
440,0.9855747719081739,0.5203430850874066,0.9260728731880623,0.5152407378620116,0.23694709746888695,0.5301444718664738,0.8904761904761904,0.45331971432617024,0.4442833035879668,0.1619047619047619,0.5342857142857143,0.408233643729824,0.40523204238354926,0.10285714285714286,0.02857142857142857,0.017142857142857144,0.4,16.265714285714285,0.0,0.0,0.031276270257575886,0.11836634914903714,3.6952380952380954,0.0,0.0,0.15,0.08095238095238096,0,0.12456000853219212,0.26156311081922445,0.9642289552628339,0.38707423101743726,0.0,1.0,0.0,0.95,0.0,0.95,0.0,0.08,0.02857142857142857,0.5,0.25
441,0.9861287889025526,0.5211279097724424,0.9264052833846894,0.5155718522596477,0.23694709746888695,0.53029597655451,0.8571428571428571,0.45331971432617024,0.4442833035879668,0.1619047619047619,0.5142857142857142,0.408233643729824,0.40523204238354926,0.10285714285714286,0.023809523809523808,0.014285714285714285,0.4,16.265714285714285,0.0,0.0,0.031276270257575886,0.11836634914903714,3.6952380952380954,0.0,0.0,0.15,0.08095238095238096,0,0.12419335420024546,0.2602552952651283,0.9592300904432915,0.37933274639708847,0.0,1.0,0.0,0.95,0.0,0.95,0.0,0.08,0.023809523809523808,0.5,0.25
442,0.9837993820990363,0.5211180845530334,0.9250076393025796,0.5155016176034726,0.23694709746888695,0.53048216376484,0.9,0.45331971432617024,0.4442833035879668,0.1619047619047619,0.54,0.408233643729824,0.40523204238354926,0.10285714285714286,0.03333333333333333,0.02,0.4,16.265714285714285,0.0,0.0,0.031276270257575886,0.11836634914903714,3.6952380952380954,0.0,0.0,0.15,0.08095238095238096,0,0.12388553313995852,0.2589540187888027,0.9600454886344255,0.37174609146914667,0.0,1.0,0.0,0.95,0.0,0.95,0.0,0.08,0.03333333333333333,0.5,0.25
443,0.9830083240074151,0.5210815243840121,0.9245330044476069,0.5150850666649164,0.23694709746888695,0.5305482293090378,0.9047619047619048,0.45331971432617024,0.4442833035879668,0.1619047619047619,0.5428571428571428,0.408233643729824,0.40523204238354926,0.10285714285714286,0.02857142857142857,0.017142857142857144,0.4,16.265714285714285,0.0,0.0,0.031276270257575886,0.11836634914903714,3.6952380952380954,0.0,0.0,0.15,0.08095238095238096,0,0.12363511970650864,0.2576592486948587,0.9579874360045944,0.36431116963976373,0.0,1.0,0.0,0.95,0.0,0.95,0.0,0.08,0.02857142857142857,0.5,0.25
444,0.9844907150709461,0.521861606676943,0.9254224390857255,0.5158492035801446,0.23694709746888695,0.5305890798684986,0.8285714285714286,0.45360542861188446,0.4444975893022525,0.1619047619047619,0.49714285714285716,0.40840507230125256,0.40536061381212074,0.10285714285714286,0.0380952380952381,0.022857142857142857,0.4,16.265714285714285,0.0,0.0,0.031276270257575886,0.11836634914903714,3.6952380952380954,0.0,0.0,0.15,0.08095238095238096,0,0.12404537267940466,0.2609343657721792,0.9616848301416453,0.3593284732649276,0.0,0.75,0.0,0.95,0.0,0.95,0.0,0.08,0.0380952380952381,0.5,0.25
445,0.9845607269049285,0.5211114416730201,0.925464446186115,0.5154425928993952,0.23694709746888695,0.5305389709176622,0.8761904761904762,0.45370066670712256,0.4445690178736811,0.1619047619047619,0.5257142857142857,0.4084622151583954,0.40540347095497786,0.10285714285714286,0.023809523809523808,0.017142857142857144,0.4,16.265714285714285,0.0,0.0,0.031276270257575886,0.11836634914903714,3.6952380952380954,0.0,0.0,0.15,0.08095238095238096,0,0.12419458222673979,0.30253411757281945,0.9595939906816693,0.3621183553230844,0.0,0.8333333333333334,0.0,0.95,0.0,0.95,0.0,0.08,0.023809523809523808,0.5,0.25
446,0.983609703282485,0.5214958029588369,0.924893832012649,0.5152429770380387,0.23694709746888695,0.5305725582205814,0.8761904761904762,0.4537959048023607,0.4446404464451097,0.1619047619047619,0.5257142857142857,0.40851935801553824,0.40544632809783504,0.10285714285714286,0.04285714285714286,0.02857142857142857,0.4,16.265714285714285,0.0,0.0,0.031276270257575886,0.11836634914903714,3.6952380952380954,0.0,0.0,0.15,0.08095238095238096,0,0.12434432431560606,0.30102144698495537,0.9689735394394646,0.36165411063023495,0.0,0.9,0.0,0.95,0.0,0.95,0.0,0.08,0.04285714285714286,0.5,0.25
447,0.9824279440649445,0.5217988534786471,0.9241847764821245,0.5156592545389633,0.23694709746888695,0.5307583313255781,0.8666666666666667,0.4537959048023607,0.4446404464451097,0.1619047619047619,0.52,0.40851935801553824,0.40544632809783504,0.10285714285714286,0.02857142857142857,0.017142857142857144,0.4,16.265714285714285,0.0,0.0,0.031276270257575886,0.11836634914903714,3.6952380952380954,0.0,0.0,0.15,0.08095238095238096,0,0.12406361053333163,0.29951633975003056,0.9667369257935323,0.35442102841763024,0.0,1.0,0.0,0.95,0.0,0.95,0.0,0.08,0.02857142857142857,0.5,0.25
448,0.9833723183980946,0.5209480474309423,0.9247514010820146,0.5147330569993884,0.23694709746888695,0.5311783554276752,0.9095238095238095,0.4537959048023607,0.4446404464451097,0.1619047619047619,0.5457142857142857,0.40851935801553824,0.40544632809783504,0.10285714285714286,0.023809523809523808,0.017142857142857144,0.4,16.265714285714285,0.0,0.0,0.031276270257575886,0.11836634914903714,3.6952380952380954,0.0,0.0,0.15,0.08095238095238096,0,0.12367143533780782,0.2980187580512804,0.9645450444205189,0.3473326078492776,0.0,1.0,0.0,0.95,0.0,0.95,0.0,0.08,0.023809523809523808,0.5,0.25
449,0.9827676327783262,0.521343347415543,0.9243885897101537,0.5143163878545822,0.23694709746888695,0.531587340252852,0.8523809523809524,0.4537959048023607,0.4446404464451097,0.1619047619047619,0.5114285714285715,0.40851935801553824,0.40544632809783504,0.10285714285714286,0.01904761904761905,0.011428571428571429,0.4,16.265714285714285,0.0,0.0,0.031276270257575886,0.11836634914903714,3.6952380952380954,0.0,0.0,0.15,0.08095238095238096,0,0.12319579244683307,0.296528664261024,0.9566827149606799,0.3403859556922921,0.0,1.0,0.0,0.95,0.0,0.95,0.0,0.08,0.01904761904761905,0.5,0.25
