t,mean_x,mean_y,mean_x_all,mean_y_all,mean_L,y0,mean_epc,mean_r,mean_b,fund_prevalence,mean_epc_all,mean_r_all,mean_b_all,fund_prevalence_all,punish_rate,mean_punished,exit_rate,mean_exit_intent,exit_attempt_rate,exit_success_rate,p_opp_mean,stay_value,mean_degree_active,threat,A,budget,enforcer_frac,n_cadre_fallback,cap_mean,cap_p90,service_mean,service_p90,monopoly_on,enforcer_punish_share_step,alpha_punish_revalue,delta_outside_degrade,mu_membership_reward,current_delta,eta_delta_drift,punish_floor,punish_intensity_step,pi_reward,lam_punish
0,0.35453726374136707,0.5015790382783338,0.35453726374136707,0.5015790382783338,0.2462483218342688,0.5,0.0,0.31322810629680825,0.3419399783630503,0.0,0.0,0.31322810629680825,0.3419399783630503,0.0,0.0,0.0,0.0,0.0,0.0,0.0,0.5,0.0,11.794285714285714,0.0,0.0,0.0,0.0,0,0.0,0.0,0.0,0.0,0.0,0.0,0.0,0.3,0.0,0.3,0.2,0.08,0.0,0.5,0.25
1,0.36528593093272743,0.5010796905475573,0.36528593093272743,0.5010796905475573,0.2462483218342688,0.5,0.58,0.3142566777253797,0.3427114069344788,0.0,0.58,0.3142566777253797,0.3427114069344788,0.0,0.02857142857142857,0.03142857142857143,0.0,0.04,0.0,0.0,0.0319862684477541,0.08436634914903715,11.794285714285714,0.0,0.0,0.15,0.08,28,0.004714285714285714,0.0,0.03142857142857143,0.0,0.0,0.7272727272727273,0.0,0.3,0.0,0.3,0.2,0.08,0.02857142857142857,0.5,0.25
2,0.3753047554896976,0.5004594015544482,0.3753047554896976,0.5004594015544482,0.2462483218342688,0.5,0.84,0.31545667772537966,0.3436114069344789,0.0,0.84,0.31545667772537966,0.3436114069344789,0.0,0.037142857142857144,0.037142857142857144,0.0,0.03142857142857143,0.0,0.0,0.0319862684477541,0.08436634914903715,11.794285714285714,0.0,0.0,0.15,0.08,26,0.010262142857142859,0.0,0.06794285714285714,0.0,0.0,0.9230769230769231,0.0,0.3,0.0,0.3,0.2,0.08,0.037142857142857144,0.5,0.25
3,0.38484591759977677,0.4994056467603581,0.38484591759977677,0.4994056467603581,0.2462483218342688,0.5,0.8742857142857143,0.31734239201109393,0.34502569264876454,0.0,0.8742857142857143,0.31734239201109393,0.34502569264876454,0.0,0.05142857142857143,0.05142857142857143,0.0,0.02857142857142857,0.0,0.0,0.0319862684477541,0.08436634914903715,11.794285714285714,0.0,0.0,0.15,0.08,21,0.017925117857142858,0.0,0.11801257142857141,0.0,0.0,0.9444444444444444,0.0,0.3,0.0,0.3,0.2,0.08,0.05142857142857143,0.5,0.25
4,0.3932325064536304,0.49937784301229204,0.3932325064536304,0.49937784301229204,0.2462483218342688,0.5,0.9257142857142857,0.3178566777253796,0.34541140693447886,0.002857142857142857,0.9257142857142857,0.3178566777253796,0.34541140693447886,0.002857142857142857,0.017142857142857144,0.017142857142857144,0.0,0.037142857142857144,0.0,0.0,0.0319862684477541,0.08436634914903715,11.794285714285714,0.0,0.0,0.15,0.08,16,0.020406920839285716,0.0,0.13279517714285716,0.0,0.0,0.8333333333333334,0.0,0.3,0.0,0.3,0.2,0.08,0.017142857142857144,0.5,0.25
5,0.40226800432310483,0.4988676765357265,0.40226800432310483,0.4988676765357265,0.2462483218342688,0.49534500619973615,0.9257142857142857,0.31945667772537967,0.3466114069344789,0.005714285714285714,0.9257142857142857,0.31945667772537967,0.3466114069344789,0.005714285714285714,0.045714285714285714,0.045714285714285714,0.0,0.02857142857142857,0.0,0.0,0.0319862684477541,0.08436634914903715,11.794285714285714,0.0,0.0,0.15,0.08,15,0.027162029092232143,0.0,0.17585355931428573,0.0,0.0,1.0,0.0,0.3,0.0,0.3,0.2,0.08,0.045714285714285714,0.5,0.25
6,0.412272567000673,0.5000616949629966,0.412272567000673,0.5000616949629966,0.2462483218342688,0.49777003458106694,0.9285714285714286,0.3207138205825225,0.34755426407733603,0.005714285714285714,0.9285714285714286,0.3207138205825225,0.34755426407733603,0.005714285714285714,0.04,0.04,0.0,0.06,0.0,0.0,0.0319862684477541,0.08436634914903715,11.794285714285714,0.0,0.0,0.15,0.08,11,0.03302621894677098,0.0,0.21233648812800002,0.0,0.0,0.9285714285714286,0.0,0.3,0.0,0.3,0.2,0.08,0.04,0.5,0.25
7,0.4185009851499938,0.5002876015748571,0.4185009851499938,0.5002876015748571,0.2462483218342688,0.5001373753973493,0.9057142857142857,0.321342392011094,0.3480256926487646,0.005714285714285714,0.9057142857142857,0.321342392011094,0.3480256926487646,0.005714285714285714,0.02,0.02,0.0,0.05142857142857143,0.0,0.0,0.0319862684477541,0.08436634914903715,11.794285714285714,0.0,0.0,0.15,0.08,9,0.03586108785203713,0.0,0.22808975836544002,0.0,0.0,0.8571428571428571,0.0,0.3,0.0,0.3,0.2,0.08,0.02,0.5,0.25
8,0.4270974836651504,0.4995667422818055,0.4270974836651504,0.4995667422818055,0.2462483218342688,0.5019477873126721,0.9228571428571428,0.32351382058252254,0.349654264077336,0.008571428571428572,0.9228571428571428,0.32351382058252254,0.349654264077336,0.008571428571428572,0.05142857142857143,0.06,0.0,0.06285714285714286,0.0,0.0,0.0319862684477541,0.08436634914903715,11.794285714285714,0.0,0.0,0.15,0.08,9,0.044476793452451896,0.0,0.28352796319813117,0.0,0.0,1.0,0.0,0.3,0.0,0.3,0.2,0.08,0.05142857142857143,0.5,0.25
9,0.4369542391754752,0.49959627674390805,0.4369542391754752,0.49959627674390805,0.2462483218342688,0.5022640856196509,0.9085714285714286,0.32596224422648573,0.3516534288403469,0.014285714285714285,0.9085714285714286,0.32596224422648573,0.3516534288403469,0.014285714285714285,0.07428571428571429,0.08,0.0,0.1,0.0,0.0,0.0319862684477541,0.08436634914903715,11.794285714285714,0.0,0.0,0.15,0.08,8,0.05499726662804678,0.0,0.35785740393416854,0.0,0.0,0.8571428571428571,0.0,0.3,0.0,0.3,0.2,0.08,0.07428571428571429,0.5,0.25
10,0.44592707195338727,0.49931974852707095,0.44592707195338727,0.49931974852707095,0.2462483218342688,0.4995410163794245,0.9228571428571428,0.32813367279791433,0.3532820002689183,0.025714285714285714,0.9228571428571428,0.32813367279791433,0.3532820002689183,0.025714285714285714,0.06571428571428571,0.06571428571428571,0.0,0.1,0.0,0.0,0.0319862684477541,0.08436634914903715,11.794285714285714,0.0,0.0,0.15,0.08,7,0.06332228029490654,0.0,0.4164145415697708,0.0,0.0,1.0,0.0,0.3,0.0,0.3,0.2,0.08,0.06571428571428571,0.5,0.25
11,0.456882097582309,0.4995180135415345,0.456882097582309,0.4995180135415345,0.2462483218342688,0.49922309277975185,0.8742857142857143,0.3292255425944482,0.3542248574117755,0.025714285714285714,0.8742857142857143,0.3292255425944482,0.3542248574117755,0.025714285714285714,0.037142857142857144,0.04285714285714286,0.0,0.12857142857142856,0.0,0.0,0.0319862684477541,0.08436634914903715,11.794285714285714,0.0,0.0,0.15,0.08,6,0.06781725792827217,0.0,0.4509433935955183,0.0,0.0,1.0,0.0,0.3,0.0,0.3,0.2,0.08,0.037142857142857144,0.5,0.25
12,0.4665693925028982,0.4995259845929433,0.4665693925028982,0.4995259845929433,0.2462483218342688,0.4989635014794423,0.9057142857142857,0.33204643446352416,0.35717876132279597,0.03142857142857143,0.9057142857142857,0.33204643446352416,0.35717876132279597,0.03142857142857143,0.10285714285714286,0.12,0.0,0.16285714285714287,0.0,0.0,0.031323981707525934,0.08436634914903715,11.794285714285714,0.0,0.0,0.15,0.08,6,0.08011820703835787,0.14195318697201642,0.5619245257236078,0.8007313507497957,0.0,0.9285714285714286,0.0,0.3,0.0,0.3617142857142857,0.2,0.08,0.10285714285714286,0.5,0.25
13,0.4757539526546501,0.4994321458842992,0.4757539526546501,0.4994321458842992,0.2462483218342688,0.4984755553789822,0.9171428571428571,0.3341607201778099,0.3589359041799388,0.03142857142857143,0.9171428571428571,0.3341607201778099,0.3589359041799388,0.03142857142857143,0.08857142857142856,0.09142857142857143,0.0,0.24,0.0,0.0,0.030903350689467948,0.08436634914903715,11.794285714285714,0.0,0.0,0.15,0.08,4,0.08966047314602321,0.14202452023180137,0.6421146066377073,0.8023654963635712,0.0,0.9375,0.0,0.3,0.0,0.4025142857142857,0.2,0.08,0.08857142857142856,0.5,0.25
14,0.4848651492735105,0.4992845144382404,0.4848651492735105,0.4992845144382404,0.2462483218342688,0.49781149788768714,0.8828571428571429,0.3354433867021656,0.36047876132279605,0.03428571428571429,0.8828571428571429,0.3354433867021656,0.36047876132279605,0.03428571428571429,0.06571428571428571,0.06857142857142857,0.0,0.23142857142857143,0.0,0.0,0.030903350689467948,0.08436634914903715,11.794285714285714,0.0,0.0,0.15,0.08,4,0.09623034342937936,0.14202452023180137,0.6978437430763815,0.8023654963635712,0.0,0.9583333333333334,0.0,0.3,0.0,0.4025142857142857,0.2,0.08,0.06571428571428571,0.5,0.25
15,0.4942115930465341,0.5003636571750668,0.4942115930465341,0.5003636571750668,0.2462483218342688,0.4968675663941207,0.9228571428571428,0.3368150811776208,0.3627930470370817,0.037142857142857144,0.9228571428571428,0.3368150811776208,0.3627930470370817,0.037142857142857144,0.09142857142857143,0.09428571428571429,0.0,0.2857142857142857,0.0,0.0,0.03055951601896555,0.08436634914903715,11.794285714285714,0.0,0.0,0.15,0.08,4,0.10112091029765712,0.14131439763064235,0.7781725825005682,0.7863181864362998,0.0,1.0,0.0,0.3,0.0,0.43686857142857144,0.2,0.08,0.09142857142857143,0.5,0.25
16,0.5040592030871485,0.5002370152553178,0.5040592030871485,0.5002370152553178,0.2462483218342688,0.4962130335911883,0.9285714285714286,0.3372649830155665,0.3647244512951761,0.037142857142857144,0.9285714285714286,0.3372649830155665,0.3647244512951761,0.037142857142857144,0.09142857142857143,0.09428571428571429,0.0,0.33714285714285713,0.0,0.0,0.03029111915254058,0.08436634914903715,11.794285714285714,0.0,0.0,0.15,0.08,4,0.10333048597479241,0.1413857308904273,0.8568948451362712,0.7879523320500753,0.0,0.9696969696969697,0.0,0.3,0.0,0.464352,0.2,0.08,0.09142857142857143,0.5,0.25
17,0.5130832038003218,0.5012748415036461,0.5130832038003218,0.5012748415036461,0.2462483218342688,0.4954891151440204,0.8914285714285715,0.3382364115869951,0.3665244512951761,0.04,0.8914285714285715,0.3382364115869951,0.3665244512951761,0.04,0.07428571428571429,0.08285714285714285,0.0,0.37142857142857144,0.0,0.0,0.03029111915254058,0.08436634914903715,11.794285714285714,0.0,0.0,0.15,0.08,3,0.10687097640206134,0.14281026326651078,0.9226140910906885,0.8204418284569713,0.0,0.9655172413793104,0.0,0.3,0.0,0.464352,0.2,0.08,0.07428571428571429,0.5,0.25
18,0.5217110852053118,0.5015511807658043,0.5217110852053118,0.5015511807658043,0.2462483218342688,0.49449178617539036,0.9028571428571428,0.34008059683709185,0.3687611189767735,0.045714285714285714,0.9028571428571428,0.34008059683709185,0.3687611189767735,0.045714285714285714,0.12571428571428572,0.13428571428571429,0.0,0.49714285714285716,0.0,0.0,0.02988696266823511,0.08436634914903715,11.794285714285714,0.0,0.0,0.15,0.08,2,0.11453533723433673,0.14209621195017821,1.0384475235545891,0.8040329918878318,0.0,1.0,0.0,0.3,0.0,0.5069101714285714,0.2,0.08,0.12571428571428572,0.5,0.25
19,0.5329776592715386,0.5013778195271514,0.5329776592715386,0.5013778195271514,0.2462483218342688,0.4937832198631703,0.9,0.3413377396942347,0.37056235487878697,0.04857142857142857,0.9,0.3413377396942347,0.37056235487878697,0.04857142857142857,0.09428571428571429,0.1,0.0,0.6285714285714286,0.0,0.0,0.029746028935213345,0.08436634914903715,11.794285714285714,0.0,0.0,0.15,0.08,2,0.11897209861266948,0.1413857308904273,1.1176785730834973,0.7879523320500753,0.0,0.9714285714285714,0.0,0.3,0.0,0.5220995657142857,0.2,0.08,0.09428571428571429,0.5,0.25
20,0.5413416800910382,0.5016786136031994,0.5413416800910382,0.5016786136031994,0.2462483218342688,0.4935255144882785,0.8657142857142858,0.34232646761735264,0.37214806916450127,0.04857142857142857,0.8657142857142858,0.34232646761735264,0.37214806916450127,0.04857142857142857,0.11714285714285715,0.12,0.0,0.7142857142857143,0.002857142857142857,0.0,0.029509977947004298,0.08436634914903715,11.794285714285714,0.0,0.0,0.15,0.08,0,0.12100509597674901,0.14195318697201642,1.2153250016218273,0.8007313507497957,0.0,0.9761904761904762,0.0,0.3,0.0,0.5479653668571429,0.2,0.08,0.11714285714285715,0.5,0.25
21,0.5493345469050781,0.5016561291148363,0.5493345469050781,0.5016561291148363,0.2462483218342688,0.493262476609426,0.8657142857142858,0.34335503904592407,0.3734328935174122,0.04857142857142857,0.8657142857142858,0.34335503904592407,0.3734328935174122,0.04857142857142857,0.08285714285714285,0.08285714285714285,0.0,0.82,0.005714285714285714,0.0,0.029508883361604153,0.08436634914903715,11.794285714285714,0.0,0.0,0.15,0.08,0,0.12534278478257957,0.14145742260880415,1.2738756444465336,0.7896198275743359,0.0,0.9655172413793104,0.0,0.3,0.0,0.5480865792,0.2,0.08,0.08285714285714285,0.5,0.25
22,0.5573412165994962,0.5027167573489633,0.5576788967119025,0.5028632461494066,0.2462483218342688,0.493078143263186,0.8481375358166189,0.3442115837094688,0.37391519858607725,0.05157593123209169,0.8457142857142858,0.3437550390459241,0.3742438628030679,0.05142857142857143,0.10315186246418338,0.12571428571428572,0.002857142857142857,0.9714285714285714,0.0057306590257879654,0.002857142857142857,0.02942695983237544,0.08436634914903715,11.759312320916905,0.0,0.0,0.15,0.08022922636103152,0,0.1278862144300952,0.1427382112882426,1.3741124172718886,0.8187403024118074,0.0,0.9545454545454546,0.0,0.3,0.0,0.5601835490742857,0.2,0.08,0.10285714285714286,0.5,0.25
23,0.5635334643968788,0.5027873257344724,0.5638534523727212,0.5028962377125966,0.2462483218342688,0.4927462614444429,0.839541547277937,0.3451189151283962,0.37486075732533225,0.05157593123209169,0.8371428571428572,0.3446597780893688,0.37518671994592506,0.05142857142857143,0.10315186246418338,0.11714285714285715,0.002857142857142857,1.082857142857143,0.014326647564469915,0.0,0.029342101850618398,0.08436634914903715,11.759312320916905,0.0,0.0,0.15,0.08022922636103152,0,0.13070335550080187,0.14202452023180137,1.4637730260693083,0.8023654963635712,0.0,1.0,0.0,0.3,0.0,0.5700379567379386,0.2,0.08,0.10315186246418338,0.5,0.25
24,0.5725173523236351,0.5026870769071841,0.5728116720482581,0.5027721268491289,0.2462483218342688,0.4923437144495554,0.830945558739255,0.34666619306535895,0.37625344731107135,0.054441260744985676,0.8285714285714286,0.34620263523222594,0.37657543081741907,0.054285714285714284,0.12893982808022922,0.14,0.002857142857142857,1.282857142857143,0.014326647564469915,0.0,0.029136331760851293,0.08436634914903715,11.759312320916905,0.0,0.0,0.15,0.08022922636103152,0,0.13501450452602334,0.1421682639284464,1.5744975655479216,0.8057345179329959,0.0,0.9795918367346939,0.0,0.3,0.0,0.5933942622384883,0.2,0.08,0.12893982808022922,0.5,0.25
25,0.5794050672064002,0.5024098082199528,0.5796797077456438,0.5024760631342534,0.2462483218342688,0.49207086783708437,0.7851002865329513,0.34849702294533935,0.3773471312957258,0.05730659025787966,0.7828571428571428,0.3480282341696921,0.37766598999068884,0.05714285714285714,0.13753581661891118,0.15428571428571428,0.002857142857142857,1.4514285714285715,0.017191977077363897,0.0,0.028930290271104435,0.08436634914903715,11.759312320916905,0.0,0.0,0.15,0.08022922636103152,0,0.13866951403760397,0.14345548873190211,1.6972933285226774,0.8354492881753136,0.0,0.9814814814814815,0.0,0.3,0.0,0.6172368997621374,0.2,0.08,0.13753581661891118,0.5,0.25
26,0.5894710728927756,0.5018653167493072,0.5897169534157725,0.501895022825888,0.2462483218342688,0.491799719841137,0.7736389684813754,0.35055890626154407,0.37880844934730173,0.06017191977077364,0.7714285714285715,0.35008422639070763,0.37912313284783167,0.06,0.10315186246418338,0.11428571428571428,0.002857142857142857,1.6485714285714286,0.02005730659025788,0.0,0.028943616558445316,0.08436634914903715,11.759312320916905,0.0,0.0,0.15,0.08022922636103152,0,0.1434615950388445,0.1427382112882426,1.777633176237938,0.8187403024118074,0.0,1.0,0.0,0.3,0.0,0.6156806372882199,0.2,0.08,0.10315186246418338,0.5,0.25
27,0.5994317715856452,0.5027251301975508,0.5996491929695198,0.5027230632082121,0.2462483218342688,0.4910757963667608,0.7535816618911175,0.35147581170567016,0.3794101685450094,0.06303724928366762,0.7514285714285714,0.35099851210499344,0.37972313284783166,0.06285714285714286,0.12034383954154727,0.13142857142857142,0.002857142857142857,1.8085714285714285,0.03724928366762178,0.0,0.028866187695651573,0.08436634914903715,11.759312320916905,0.0,0.0,0.15,0.08022922636103152,0,0.1450241204499384,0.1428826773150215,1.873509084141751,0.8221780795234651,0.0,0.9782608695652174,0.0,0.3,0.0,0.6247508135555042,0.2,0.08,0.12034383954154727,0.5,0.25
28,0.6070465638564286,0.5026235349898833,0.6072422286909581,0.502601652725039,0.2462483218342688,0.49076081361096674,0.7793696275071633,0.35251811079881745,0.3800492081465484,0.06303724928366762,0.7771428571428571,0.35203783320073173,0.3803603466219376,0.06285714285714286,0.10888252148997135,0.13142857142857142,0.002857142857142857,2.0171428571428573,0.04297994269340974,0.0,0.028862961874777097,0.08436634914903715,11.759312320916905,0.0,0.0,0.15,0.08022922636103152,0,0.1473841434191173,0.14417637058482624,1.9674674738874873,0.8524992736482793,0.0,0.9782608695652174,0.0,0.3,0.0,0.6251301637383861,0.2,0.08,0.10888252148997135,0.5,0.25
29,0.6151399182738035,0.5018563860367141,0.6157015777157693,0.5019181904099708,0.2462483218342688,0.4906357967663107,0.75,0.3543177183701954,0.38031284071063953,0.06609195402298851,0.7457142857142857,0.3530336585784037,0.3812603466219376,0.06571428571428571,0.14942528735632185,0.16285714285714287,0.005714285714285714,2.277142857142857,0.04885057471264368,0.002857142857142857,0.028633780142607018,0.08436634914903715,11.758620689655173,0.0,0.0,0.15,0.08045977011494253,0,0.15106508903460336,0.14417637058482624,2.0909752672668804,0.8524992736482793,0.0,0.9824561403508771,0.0,0.3,0.0,0.6512216095007376,0.2,0.08,0.1518624641833811,0.5,0.25
30,0.6217125065148029,0.5019299914379657,0.622586175735215,0.5020946649064898,0.2462483218342688,0.49030421145752806,0.7319884726224783,0.3558383908179964,0.38142008625813417,0.069164265129683,0.7257142857142858,0.3542336585784037,0.38237463233622326,0.06857142857142857,0.138328530259366,0.1457142857142857,0.008571428571428572,2.5628571428571427,0.05187319884726225,0.002857142857142857,0.02857171999407073,0.08436634914903715,11.677233429394812,0.0,0.0,0.15,0.08069164265129683,0,0.15459547787514466,0.14410395653631553,2.1948700476358285,0.8507630225817854,0.0,0.9803921568627451,0.0,0.3,0.0,0.6637359082902452,0.2,0.08,0.13793103448275862,0.5,0.25
31,0.6302951784817528,0.5023783612165315,0.6302326203557252,0.5025433551725396,0.2462483218342688,0.4901591262875982,0.6878612716763006,0.35649889712395927,0.3820953089474302,0.06936416184971098,0.68,0.3546143240767777,0.3829341379953488,0.06857142857142857,0.14450867052023122,0.15714285714285714,0.011428571428571429,2.82,0.06069364161849711,0.002857142857142857,0.02851921679578721,0.08436634914903715,11.54913294797688,0.0,0.0,0.15,0.08092485549132948,0,0.15601819979152484,0.14352790278041283,2.308115503825969,0.8371855392418075,0.0,0.9818181818181818,0.0,0.3,0.0,0.679173164672542,0.2,0.08,0.14697406340057637,0.5,0.25
32,0.6366296347492453,0.5017084034596843,0.6363587242401193,0.5018302353768727,0.2462483218342688,0.4900954615628181,0.7072463768115942,0.35767338372149543,0.38265219211202445,0.06956521739130435,0.6971428571428572,0.35524289550534915,0.3836627094239202,0.06857142857142857,0.12173913043478261,0.14,0.014285714285714285,3.0742857142857143,0.06956521739130435,0.002857142857142857,0.028570989868027998,0.08436634914903716,11.513043478260869,0.0,0.0,0.15,0.08115942028985507,0,0.15575225164971007,0.14281026326651078,2.4019531937494496,0.8204418284569713,0.0,1.0,0.0,0.3,0.0,0.6779050057264728,0.2,0.08,0.12427745664739884,0.5,0.25
33,0.6437404948591029,0.5000179898882332,0.6433680006341219,0.5001246383749643,0.2462483218342688,0.49000062533314653,0.6405797101449275,0.35828697250481184,0.38347827906854615,0.07246376811594203,0.6314285714285715,0.3558477187346181,0.384476995138206,0.07142857142857142,0.11304347826086956,0.13714285714285715,0.014285714285714285,3.2885714285714287,0.08115942028985507,0.0,0.02863528441470728,0.08436634914903716,11.513043478260869,0.0,0.0,0.15,0.08115942028985507,0,0.15760177610574724,0.14345548873190211,2.491056987017318,0.8354492881753136,0.0,0.9791666666666666,0.0,0.3,0.0,0.6701500915377,0.2,0.08,0.11304347826086956,0.5,0.25
34,0.650663486431517,0.5000361960999391,0.65019209232693,0.5001210196192637,0.2462483218342688,0.4897808055187116,0.6579710144927536,0.35834494351930457,0.3839401611146622,0.07246376811594203,0.6485714285714286,0.355904861591761,0.3849322788693775,0.07142857142857142,0.10434782608695652,0.11714285714285715,0.014285714285714285,3.4771428571428573,0.09565217391304348,0.0,0.02873073009537909,0.08436634914903716,11.513043478260869,0.0,0.0,0.15,0.08115942028985507,0,0.15775605293950423,0.1427382112882426,2.5583787044198285,0.8187403024118074,0.0,1.0,0.0,0.3,0.0,0.6587287688823339,0.2,0.08,0.10434782608695652,0.5,0.25
35,0.6571984741779048,0.5002184904902325,0.6566337231055124,0.5002868219047022,0.2462483218342688,0.48951142184974894,0.6463768115942029,0.35927247975118864,0.3846358132885752,0.07536231884057971,0.6371428571428571,0.3568191473060467,0.3856179931550917,0.07428571428571429,0.11014492753623188,0.11714285714285715,0.014285714285714285,3.6942857142857144,0.11014492753623188,0.0,0.02877835386407643,0.08436634914903716,11.513043478260869,0.0,0.0,0.15,0.08115942028985507,0,0.16087326571589242,0.14202452023180137,2.624353987474289,0.8023654963635712,0.0,1.0,0.0,0.3,0.0,0.6530699716276063,0.2,0.08,0.11014492753623188,0.5,0.25
36,0.6626560760730641,0.5009559333328973,0.6622466838787692,0.500726791706067,0.2462483218342688,0.48927966752229174,0.5843023255813954,0.3595792171673422,0.385602483707269,0.0755813953488372,0.5742857142857143,0.35710486159176097,0.3859608502979489,0.07428571428571429,0.10755813953488372,0.12285714285714286,0.017142857142857144,3.862857142857143,0.1308139534883721,0.002857142857142857,0.02883107551667923,0.08436634914903716,11.505813953488373,0.0,0.0,0.15,0.08139534883720931,0,0.1610113279587415,0.14209621195017821,2.694724050581946,0.8040329918878318,0.0,0.9767441860465116,0.0,0.3,0.0,0.6468038033890415,0.2,0.08,0.1072463768115942,0.5,0.25
37,0.6710061205170174,0.5008908023758103,0.669869693958662,0.500609369288089,0.2462483218342688,0.4891164806233234,0.5830903790087464,0.3610788090414738,0.38660996260512615,0.07580174927113703,0.5714285714285714,0.35778847688802223,0.38690370744080593,0.07428571428571429,0.14868804664723032,0.16285714285714287,0.02,4.14,0.13702623906705538,0.002857142857142857,0.028662907620121428,0.08436634914903715,11.498542274052479,0.0,0.0,0.15,0.08163265306122448,0,0.1614328470296621,0.1427382112882426,2.80368671242745,0.8187403024118074,0.0,0.9824561403508771,0.0,0.3,0.0,0.6663965310833262,0.2,0.08,0.14825581395348839,0.5,0.25
38,0.6769792813806378,0.5000107360324461,0.6749874797892682,0.5000490648100199,0.2462483218342688,0.48885523055531727,0.5964912280701754,0.3606443160668217,0.3867518673010709,0.07602339181286549,0.5828571428571429,0.3579782956353554,0.38735308540175506,0.07428571428571429,0.11695906432748537,0.12571428571428572,0.022857142857142857,4.388571428571429,0.13742690058479531,0.002857142857142857,0.028726606838883683,0.08436634914903715,11.450292397660819,0.0,0.0,0.15,0.07894736842105263,0,0.1615112542230852,0.1427382112882426,2.8733272638931866,0.8187403024118074,0.0,0.9772727272727273,0.0,0.3,0.0,0.6648373414847367,0.2,0.08,0.119533527696793,0.5,0.25
39,0.6819974125046663,0.500321137524618,0.679890910773319,0.5004465050426569,0.2462483218342688,0.4885091607727832,0.5555555555555556,0.3608197546633129,0.38727094953220403,0.07602339181286549,0.5428571428571428,0.358149724206784,0.38786030289617657,0.07428571428571429,0.13742690058479531,0.14857142857142858,0.022857142857142857,4.668571428571428,0.13742690058479531,0.0,0.02864728367752215,0.08436634914903715,11.450292397660819,0.0,0.0,0.15,0.07894736842105263,0,0.16258884080911265,0.14424914852302798,2.964432147186751,0.8542709584100077,0.0,0.9423076923076923,0.0,0.3,0.0,0.6743260135386666,0.2,0.08,0.13742690058479531,0.5,0.25
40,0.6876184569568743,0.5015664284435736,0.6852671760036002,0.501381793557891,0.2462483218342688,0.4880055790030179,0.5617647058823529,0.3601838843731017,0.38678868404238,0.07647058823529412,0.5457142857142857,0.35820686706392685,0.388201830304522,0.07428571428571429,0.12352941176470589,0.14,0.02857142857142857,4.9314285714285715,0.1588235294117647,0.005714285714285714,0.028717964336304077,0.08436634914903715,11.023529411764706,0.0,0.0,0.15,0.07941176470588235,0,0.16280375446220996,0.1450475298286554,3.0451435042430166,0.8735497959220491,0.0,0.9795918367346939,0.0,0.3,0.0,0.6748994073221614,0.2,0.08,0.12573099415204678,0.5,0.25
41,0.6932590489392875,0.5012672351027853,0.6907466082150874,0.5010322656070004,0.2462483218342688,0.487518416532811,0.5411764705882353,0.36036035496133706,0.387033425025682,0.07647058823529412,0.5257142857142857,0.35837829563535545,0.38843957868830103,0.07428571428571429,0.11176470588235295,0.13714285714285715,0.02857142857142857,5.14,0.17647058823529413,0.0,0.02890894829774709,0.08436634914903715,11.023529411764706,0.0,0.0,0.15,0.07941176470588235,0,0.1633893071184703,0.14432229217951215,3.121383491301013,0.856078800003608,0.0,1.0,0.0,0.3,0.0,0.6669783493871408,0.2,0.08,0.11176470588235295,0.5,0.25
42,0.7011146670540327,0.5009559085048313,0.6971092636557035,0.500369871851665,0.2462483218342688,0.48703619932001235,0.5014749262536873,0.36058483213406856,0.38748383607678605,0.07669616519174041,0.4857142857142857,0.3586640099210697,0.3886538644025867,0.07428571428571429,0.12979351032448377,0.14285714285714285,0.03142857142857143,5.38,0.17699115044247787,0.002857142857142857,0.028863118244716594,0.08436634914903716,11.020648967551622,0.0,0.0,0.15,0.07964601769911504,0,0.16334402303686313,0.14360068071861457,3.201812964332136,0.8389572240035359,0.0,1.0,0.0,0.3,0.0,0.6712297383332421,0.2,0.08,0.12941176470588237,0.5,0.25
43,0.708375729534913,0.5002657528565612,0.7041421213157563,0.49969199429170186,0.2462483218342688,0.4866780646558215,0.5191740412979351,0.36093881443495357,0.3877493228024498,0.07669616519174041,0.5028571428571429,0.35900686706392687,0.38891100725972966,0.07428571428571429,0.13274336283185842,0.1457142857142857,0.03142857142857143,5.645714285714286,0.19469026548672566,0.0,0.02882210042963882,0.08436634914903716,11.020648967551622,0.0,0.0,0.15,0.07964601769911504,0,0.16342855938216225,0.1428826773150215,3.283490990759779,0.8221780795234651,0.0,1.0,0.0,0.3,0.0,0.6766298083657087,0.2,0.08,0.13274336283185842,0.5,0.25
44,0.7131540004009068,0.5002567192874448,0.7084267142088448,0.4998167314893601,0.2462483218342688,0.48635494013363817,0.4925373134328358,0.36159041439737644,0.3873849843755528,0.07761194029850746,0.4714285714285714,0.3591319939608657,0.38908243583115815,0.07428571428571429,0.14029850746268657,0.16,0.04285714285714286,5.845714285714286,0.19402985074626866,0.011428571428571429,0.02879825698378692,0.08436634914903715,10.901492537313432,0.0,0.0,0.15,0.08059701492537313,0,0.16335327444239428,0.1421682639284464,3.377821170944583,0.8057345179329959,0.0,1.0,0.0,0.3,0.0,0.6880295104093812,0.2,0.08,0.14454277286135694,0.5,0.25
45,0.717545044326989,0.4991928682539518,0.7125502611480367,0.4995753039797033,0.2462483218342688,0.4862054937965439,0.5105740181268882,0.36337820289349415,0.38797322609493806,0.07854984894259819,0.4828571428571429,0.3592462796751514,0.3892371719986316,0.07428571428571429,0.14803625377643503,0.17142857142857143,0.054285714285714284,6.051428571428572,0.2054380664652568,0.011428571428571429,0.02882936981640632,0.08436634914903715,10.598187311178247,0.0,0.0,0.15,0.08157099697885196,0,0.16402193664161088,0.14417637058482624,3.481693318954263,0.8524992736482793,0.0,0.9666666666666667,0.0,0.3,0.0,0.6999758471334752,0.2,0.08,0.14925373134328357,0.5,0.25
46,0.7249766832102231,0.4996183978512264,0.7168912868121385,0.4995391553685138,0.2462483218342688,0.4860537037642861,0.4923547400611621,0.3627884769225959,0.3880264336140597,0.07951070336391437,0.46,0.3592462796751514,0.3892371719986316,0.07428571428571429,0.12538226299694188,0.15142857142857144,0.06571428571428571,6.2457142857142856,0.19877675840978593,0.011428571428571429,0.029090209145926846,0.08436634914903715,10.030581039755353,0.0,0.0,0.15,0.07951070336391437,0,0.16377296981554568,0.14345548873190211,3.5634880240037488,0.8354492881753136,0.0,1.0,0.0,0.3,0.0,0.6997389858638798,0.2,0.08,0.13293051359516617,0.5,0.25
47,0.7322323741018278,0.49837475724390357,0.7223052454671783,0.49883094349502927,0.2462483218342688,0.485883300186065,0.5356037151702786,0.36302744217633764,0.3891485761546062,0.0804953560371517,0.4942857142857143,0.3593034225322943,0.3892800291414887,0.07428571428571429,0.13622291021671826,0.14285714285714285,0.07714285714285714,6.454285714285715,0.18885448916408668,0.011428571428571429,0.029196006548715882,0.08436634914903715,9.808049535603715,0.0,0.0,0.15,0.0804953560371517,0,0.16392524782361081,0.1427382112882426,3.6350754063808166,0.8187403024118074,0.0,0.98,0.0,0.3,0.0,0.7041948584158745,0.2,0.08,0.14067278287461774,0.5,0.25
48,0.7399903998709828,0.49740447343498184,0.7273791972697371,0.49791080812004435,0.2462483218342688,0.48581690267027733,0.48742138364779874,0.36405067367283356,0.38950587439330375,0.08176100628930817,0.44285714285714284,0.3593034225322943,0.3892800291414887,0.07428571428571429,0.12264150943396226,0.15428571428571428,0.09142857142857143,6.6257142857142854,0.18553459119496854,0.014285714285714285,0.029506894836270788,0.08436634914903715,9.138364779874214,0.0,0.0,0.15,0.08176100628930817,0,0.16387576587020702,0.14202452023180137,3.7166596125389146,0.8023654963635712,0.0,1.0,0.0,0.3,0.0,0.7013744625840928,0.2,0.08,0.13003095975232198,0.5,0.25
49,0.745815068830404,0.49745975761043887,0.7314137657756244,0.49795285375108334,0.2462483218342688,0.4856383234739102,0.5379746835443038,0.3632888400364035,0.3903643983914161,0.08227848101265822,0.4857142857142857,0.3593034225322943,0.3892800291414887,0.07428571428571429,0.16139240506329114,0.15714285714285714,0.09714285714285714,6.851428571428571,0.18037974683544303,0.005714285714285714,0.02948821612796126,0.08436634914903715,9.113924050632912,0.0,0.0,0.15,0.07911392405063292,0,0.1636276727551417,0.14131439763064235,3.7994692774309935,0.7863181864362998,0.0,1.0,0.0,0.3,0.0,0.719212777614444,0.2,0.08,0.16352201257861634,0.5,0.25
50,0.7521390621173837,0.49790757335169733,0.7371234282861545,0.49860250404563733,0.2462483218342688,0.4854616240357861,0.5031645569620253,0.3632888400364035,0.3903643983914161,0.08227848101265822,0.4542857142857143,0.3593034225322943,0.3892800291414887,0.07428571428571429,0.13291139240506328,0.13428571428571429,0.09714285714285714,7.0285714285714285,0.18670886075949367,0.0,0.0295316020206804,0.08436634914903715,9.113924050632912,0.0,0.0,0.15,0.07911392405063292,0,0.16343739224850887,0.14060782564248914,3.857765606168088,0.7705918227075738,0.0,1.0,0.0,0.3,0.0,0.7151170575345932,0.2,0.08,0.13291139240506328,0.5,0.25
51,0.7561866259155311,0.49761191413821343,0.7413818381130451,0.49838587142552937,0.2462483218342688,0.48533786998547523,0.47770700636942676,0.36373856109692637,0.3921519743445906,0.08280254777070063,0.42857142857142855,0.3593034225322943,0.3892800291414887,0.07428571428571429,0.15605095541401273,0.1657142857142857,0.10285714285714286,7.194285714285714,0.1942675159235669,0.005714285714285714,0.029417579369731814,0.08436634914903715,9.101910828025478,0.0,0.0,0.15,0.07961783439490445,0,0.16330534814440917,0.13990478651427668,3.9463245797590116,0.7551799862534223,0.0,1.0,0.0,0.3,0.0,0.727030354888434,0.2,0.08,0.15822784810126583,0.5,0.25
52,0.7627456481013718,0.4964820191153197,0.7468256899069446,0.49720382900840826,0.2462483218342688,0.48507874678895874,0.5079872204472844,0.36352622353478503,0.39196277499973825,0.08306709265175719,0.4542857142857143,0.3593034225322943,0.3892800291414887,0.07428571428571429,0.1597444089456869,0.15428571428571428,0.10571428571428572,7.408571428571428,0.19488817891373802,0.002857142857142857,0.029336698064538914,0.08436634914903716,9.099041533546325,0.0,0.0,0.15,0.07987220447284345,0,0.1630885356894014,0.1392052625817053,4.021683802449545,0.7400763865283538,0.0,1.0,0.0,0.3,0.0,0.7371656851846325,0.2,0.08,0.1592356687898089,0.5,0.25
53,0.7699858844655304,0.4967841677863005,0.751879422895731,0.4976138246752787,0.2462483218342688,0.4848124090735435,0.532051282051282,0.3629508110964248,0.39293977568053345,0.08333333333333333,0.4742857142857143,0.3593034225322943,0.3892800291414887,0.07428571428571429,0.14743589743589744,0.16,0.10857142857142857,7.574285714285714,0.19230769230769232,0.002857142857142857,0.029351082463806782,0.08436634914903716,9.051282051282051,0.0,0.0,0.15,0.08012820512820513,0,0.16290123586809727,0.13850923626879677,4.101250126400555,0.7252748587977867,0.0,1.0,0.0,0.3,0.0,0.7398283947930735,0.2,0.08,0.1501597444089457,0.5,0.25
54,0.7733116942944614,0.49720921502860027,0.7552280015517324,0.49828497237482516,0.2462483218342688,0.4845535735312032,0.47096774193548385,0.36304653503283424,0.3934252865274812,0.08387096774193549,0.41714285714285715,0.3593034225322943,0.3892800291414887,0.07428571428571429,0.14193548387096774,0.14857142857142858,0.11428571428571428,7.757142857142857,0.18387096774193548,0.005714285714285714,0.029450906945080655,0.08436634914903715,8.90967741935484,0.0,0.0,0.15,0.08064516129032258,0,0.16271487254589964,0.1378166900874528,4.167796552443972,0.710769361621831,0.0,1.0,0.0,0.3,0.0,0.7364781004498434,0.2,0.08,0.14102564102564102,0.5,0.25
55,0.7793344380072826,0.49741742763834895,0.760562431697374,0.49831113238678737,0.2462483218342688,0.48435996182426744,0.4935483870967742,0.36311105116186654,0.39347367362425545,0.08387096774193549,0.43714285714285717,0.3593605653894371,0.3893228862843458,0.07428571428571429,0.11935483870967742,0.13142857142857142,0.11428571428571428,7.945714285714286,0.1935483870967742,0.0,0.02962112840391888,0.08436634914903715,8.90967741935484,0.0,0.0,0.15,0.08064516129032258,0,0.16284372675459868,0.1378166900874528,4.215869192823664,0.710769361621831,0.0,0.9782608695652174,0.0,0.3,0.0,0.7207953835856812,0.2,0.08,0.11935483870967742,0.5,0.25
56,0.7845069270326027,0.4974256388575269,0.7641460659060896,0.49844012119458286,0.2462483218342688,0.4844148563689672,0.4642857142857143,0.36303486716973526,0.3944530514683424,0.08441558441558442,0.4085714285714286,0.3593605653894371,0.3893228862843458,0.07428571428571429,0.13636363636363635,0.14285714285714285,0.12,8.088571428571429,0.19155844155844157,0.005714285714285714,0.029642618833130366,0.08436634914903715,8.85064935064935,0.0,0.0,0.15,0.08116883116883117,0,0.16268593669225428,0.13712760663701554,4.274408951824333,0.6965539743893944,0.0,1.0,0.0,0.3,0.0,0.7198621133201578,0.2,0.08,0.13870967741935483,0.5,0.25
57,0.789536468568284,0.4963258887720808,0.7681572270270767,0.4971785838395439,0.2462483218342688,0.48444867167440625,0.5392156862745098,0.3609459444335794,0.3921977806026068,0.08169934640522876,0.4714285714285714,0.3593605653894371,0.3893228862843458,0.07428571428571429,0.1503267973856209,0.16285714285714287,0.12571428571428572,8.237142857142857,0.19934640522875818,0.005714285714285714,0.029701631319832313,0.08436634914903716,8.660130718954248,0.0,0.0,0.15,0.0784313725490196,0,0.16255750772307873,0.13644196860383045,4.351777915644989,0.6826228949016064,0.0,1.0,0.0,0.3,0.0,0.7274481322145678,0.2,0.08,0.1525974025974026,0.5,0.25
58,0.7958968715080552,0.4955574460802,0.7720859242277033,0.49658502282946876,0.2462483218342688,0.48442239872026266,0.4868421052631579,0.3610631815582377,0.3925036375493739,0.08223684210526316,0.4228571428571429,0.3593605653894371,0.3893228862843458,0.07428571428571429,0.15789473684210525,0.16,0.13142857142857142,8.44,0.19407894736842105,0.005714285714285714,0.02971722967376523,0.08436634914903715,8.5,0.0,0.0,0.15,0.07894736842105263,0,0.16234457732732047,0.13575975876081128,4.424742357332089,0.6689704370035743,0.0,1.0,0.0,0.3,0.0,0.7380369371442033,0.2,0.08,0.16013071895424835,0.5,0.25
59,0.8012051112622817,0.4955777207894923,0.7744880702232646,0.4961720296145994,0.2462483218342688,0.4844348006808845,0.5149501661129569,0.36193336611407506,0.3912987616367356,0.08305647840531562,0.44285714285714284,0.3593605653894371,0.3893228862843458,0.07428571428571429,0.15946843853820597,0.15428571428571428,0.14,8.605714285714285,0.2059800664451827,0.008571428571428572,0.029647088227928973,0.08436634914903715,8.438538205980066,0.0,0.0,0.15,0.07973421926910298,0,0.16213271158354103,0.13508095996700725,4.490533224471162,0.6555910282635028,0.0,1.0,0.0,0.3,0.0,0.7471400760311521,0.2,0.08,0.1611842105263158,0.5,0.25
60,0.8041107467724857,0.4950519837630674,0.7766781141419457,0.49493215100487653,0.2462483218342688,0.4844693706452816,0.4865771812080537,0.3650000795378625,0.39133805948780137,0.08389261744966443,0.4142857142857143,0.35941770824658,0.389365743427203,0.07428571428571429,0.1476510067114094,0.14857142857142858,0.14857142857142858,8.771428571428572,0.20469798657718122,0.008571428571428572,0.029816582072391396,0.08436634914903715,8.228187919463087,0.0,0.0,0.15,0.08053691275167785,0,0.16229333373990903,0.13501311418098663,4.549293988553167,0.6542558123199923,0.0,0.9807692307692307,0.0,0.3,0.0,0.745419702020935,0.2,0.08,0.1461794019933555,0.5,0.25
61,0.8086502720906013,0.4948185770078612,0.779914799473234,0.49534710386747033,0.2462483218342688,0.4844846204278642,0.48148148148148145,0.36460431613813216,0.3920823683766334,0.08417508417508418,0.4085714285714286,0.35941770824658,0.389365743427203,0.07428571428571429,0.14814814814814814,0.15428571428571428,0.15142857142857144,8.911428571428571,0.2053872053872054,0.002857142857142857,0.02984401878015303,0.08436634914903715,8.215488215488216,0.0,0.0,0.15,0.08080808080808081,0,0.16208158135692377,0.1343380486100817,4.612593823067819,0.6411706960735924,0.0,1.0,0.0,0.3,0.0,0.7469397884623856,0.2,0.08,0.15100671140939598,0.5,0.25
62,0.8115733201661347,0.49464877901226084,0.7823952145544723,0.49527182092114813,0.2462483218342688,0.4845093397020296,0.531986531986532,0.36467165620547226,0.3921328734271384,0.08417508417508418,0.4514285714285714,0.35947485110372285,0.38940860057006016,0.07428571428571429,0.13804713804713806,0.1457142857142857,0.15142857142857144,9.154285714285715,0.2053872053872054,0.0,0.029912721717665364,0.08436634914903715,8.215488215488216,0.0,0.0,0.15,0.08080808080808081,0,0.16224245916442487,0.13373352739133634,4.666056232320747,0.629629623544268,0.0,0.9803921568627451,0.0,0.3,0.0,0.7403801135981913,0.2,0.08,0.13804713804713806,0.5,0.25
63,0.8181404125211946,0.4941903112459286,0.786794979563601,0.49472018852484684,0.2462483218342688,0.4844547577103345,0.5,0.36428496284641704,0.39192194781053746,0.08503401360544217,0.42,0.3595319939608657,0.3894514577129173,0.07428571428571429,0.14965986394557823,0.15142857142857144,0.16,9.291428571428572,0.20068027210884354,0.008571428571428572,0.029882330344669916,0.08436634914903715,8.19047619047619,0.0,0.0,0.15,0.08163265306122448,0,0.16243096115431704,0.13400559582051713,4.7241636791029045,0.6350260870226133,0.0,0.9811320754716981,0.0,0.3,0.0,0.743213181787644,0.2,0.08,0.15151515151515152,0.5,0.25
64,0.8227718226927386,0.4934492668392588,0.7897935352089583,0.49408210568495936,0.2462483218342688,0.48433501379033916,0.4948805460750853,0.36446249042919815,0.3908664839219756,0.08532423208191127,0.4142857142857143,0.3595319939608657,0.3894514577129173,0.07428571428571429,0.13993174061433447,0.14,0.16285714285714287,9.42,0.20477815699658702,0.002857142857142857,0.029928078561936505,0.08436634914903715,8.184300341296929,0.0,0.0,0.15,0.08191126279863481,0,0.16216137777711687,0.13333556784141454,4.769680405520846,0.622325565282161,0.0,1.0,0.0,0.3,0.0,0.7402848311444009,0.2,0.08,0.14285714285714285,0.5,0.25
65,0.8257599388779909,0.4926234908631979,0.7920477703996055,0.49321980966184975,0.2462483218342688,0.48416581126056063,0.5448275862068965,0.36285776638173806,0.39150982023101205,0.08620689655172414,0.4514285714285714,0.35964627967515145,0.3895371719986316,0.07428571428571429,0.16206896551724137,0.1457142857142857,0.17142857142857143,9.597142857142858,0.2,0.008571428571428572,0.02990728724622765,0.08436634914903715,7.9862068965517246,0.0,0.0,0.15,0.07931034482758621,0,0.1629195851204812,0.1430285989097074,4.820001083124715,0.825757605878794,0.0,0.9607843137254902,0.0,0.3,0.0,0.7525691618438484,0.2,0.08,0.16723549488054607,0.5,0.25
66,0.8308206964173723,0.4929506935811994,0.7954608837426055,0.49366041396600174,0.2462483218342688,0.4840470188923551,0.5555555555555556,0.3620689915424904,0.39150898030653875,0.08680555555555555,0.45714285714285713,0.3597034225322943,0.38958002914148876,0.07428571428571429,0.1388888888888889,0.13428571428571429,0.17714285714285713,9.771428571428572,0.19791666666666666,0.005714285714285714,0.030064740898161288,0.08436634914903715,7.909722222222222,0.0,0.0,0.15,0.0798611111111111,0,0.16310441648059307,0.14231345591515884,4.857886775747934,0.8092424537612181,0.0,0.9787234042553191,0.0,0.3,0.0,0.7468829156819753,0.2,0.08,0.1413793103448276,0.5,0.25
67,0.8333811088834423,0.4931906219968002,0.7975677374289717,0.4943845733188174,0.2462483218342688,0.48392226221898443,0.5520833333333334,0.3620689915424904,0.39150898030653875,0.08680555555555555,0.4542857142857143,0.3597034225322943,0.38958002914148876,0.07428571428571429,0.1597222222222222,0.1457142857142857,0.17714285714285713,9.894285714285715,0.21180555555555555,0.0,0.030018647296781737,0.08436634914903715,7.909722222222222,0.0,0.0,0.15,0.0798611111111111,0,0.16297375225533298,0.14160188863558304,4.906443325947261,0.7930576046859937,0.0,1.0,0.0,0.3,0.0,0.7533396658789135,0.2,0.08,0.1597222222222222,0.5,0.25
68,0.8382358373834798,0.49343823930762387,0.8015624854518598,0.49433772805379284,0.2462483218342688,0.4839236355630883,0.5486111111111112,0.3620689915424904,0.39150898030653875,0.08680555555555555,0.4514285714285714,0.3597034225322943,0.38958002914148876,0.07428571428571429,0.14583333333333334,0.13142857142857142,0.17714285714285713,10.06857142857143,0.21180555555555555,0.0,0.030048790546861444,0.08436634914903715,7.909722222222222,0.0,0.0,0.15,0.0798611111111111,0,0.16264445492262772,0.14089387919240515,4.939743030856887,0.7771964525922738,0.0,1.0,0.0,0.3,0.0,0.7501717327031309,0.2,0.08,0.14583333333333334,0.5,0.25
69,0.8420442132430485,0.49345773352117517,0.8044436004597828,0.49460360277532817,0.2462483218342688,0.4839172759389794,0.5296167247386759,0.35991592182661064,0.38967549783765154,0.08362369337979095,0.4342857142857143,0.3597605653894372,0.3896228862843459,0.07428571428571429,0.14634146341463414,0.13714285714285715,0.18,10.231428571428571,0.21254355400696864,0.002857142857142857,0.03006849368946949,0.08436634914903715,7.902439024390244,0.0,0.0,0.15,0.08013937282229965,0,0.16288751907658602,0.14352790278041283,4.9780910273826064,0.8371855392418075,0.0,0.9791666666666666,0.0,0.3,0.0,0.7476373861625047,0.2,0.08,0.14583333333333334,0.5,0.25
70,0.8458772975171327,0.49477752551168863,0.8059259745642665,0.4956005498512796,0.2462483218342688,0.4837180374501636,0.4911660777385159,0.3622665278991482,0.3909975287783018,0.08480565371024736,0.39714285714285713,0.3597605653894372,0.3896228862843459,0.07428571428571429,0.1413427561837456,0.13142857142857142,0.19142857142857142,10.325714285714286,0.1978798586572438,0.011428571428571429,0.03012390541106371,0.08436634914903715,7.76678445229682,0.0,0.0,0.15,0.0812720848056537,0,0.16272936790977452,0.14281026326651078,5.0099577782635265,0.8204418284569713,0.0,1.0,0.0,0.3,0.0,0.7459147869787843,0.2,0.08,0.14634146341463414,0.5,0.25
71,0.853409559941791,0.49504243652025054,0.80858905469973,0.4953016109096927,0.2462483218342688,0.483441692982357,0.5392857142857143,0.36363348958880176,0.39051725656000125,0.08571428571428572,0.43142857142857144,0.35981770824658,0.38966574342720295,0.07428571428571429,0.15,0.12857142857142856,0.2,10.457142857142857,0.19642857142857142,0.008571428571428572,0.030171507336221457,0.08436634914903716,7.714285714285714,0.0,0.0,0.15,0.08214285714285714,0,0.1628868639273685,0.14345548873190211,5.038330051269684,0.8354492881753136,0.0,0.9777777777777777,0.0,0.3,0.0,0.7478979073215434,0.2,0.08,0.1519434628975265,0.5,0.25
72,0.8593053258938945,0.4942691187174907,0.8124839429228718,0.49437344345409845,0.2462483218342688,0.4832014015581741,0.5448028673835126,0.3635070175702781,0.39044296040661824,0.08602150537634409,0.4342857142857143,0.35987485110372286,0.3897086005700601,0.07428571428571429,0.12186379928315412,0.11714285714285715,0.20285714285714285,10.585714285714285,0.1863799283154122,0.002857142857142857,0.030353161618214507,0.08436634914903714,7.698924731182796,0.0,0.0,0.15,0.07885304659498207,0,0.1630147160363031,0.14352790278041283,5.054706307387148,0.8371855392418075,0.0,0.975609756097561,0.0,0.3,0.0,0.7333183258572347,0.2,0.08,0.125,0.5,0.25
73,0.8626716994197475,0.4929497136754129,0.8143178102205652,0.4930905924012157,0.2462483218342688,0.4829722669552471,0.5179856115107914,0.3625973281353118,0.3911867763615683,0.08633093525179857,0.4114285714285714,0.3599891368180086,0.3897943148557744,0.07428571428571429,0.1474820143884892,0.1457142857142857,0.2057142857142857,10.711428571428572,0.18345323741007194,0.002857142857142857,0.030341850837873816,0.08436634914903714,7.676258992805756,0.0,0.0,0.15,0.07913669064748201,0,0.16379821531326444,0.14717055758437503,5.0993264669536895,0.8937526171572213,0.0,0.9607843137254902,0.0,0.3,0.0,0.736977241330949,0.2,0.08,0.15053763440860216,0.5,0.25
74,0.8667797010299231,0.49312062065240536,0.8169306346537698,0.4929488140477697,0.2462483218342688,0.48278847192866353,0.5128205128205128,0.3640817561162147,0.39306713099861396,0.08791208791208792,0.4,0.3601034225322943,0.38988002914148867,0.07428571428571429,0.12454212454212454,0.12571428571428572,0.22,10.874285714285714,0.17582417582417584,0.014285714285714285,0.03057203387660748,0.08436634914903716,7.311355311355311,0.0,0.0,0.15,0.08058608058608059,0,0.16435036709384096,0.148578375,5.123054223328903,0.9420691174627774,0.0,0.9545454545454546,0.0,0.3,0.0,0.7315961815539678,0.2,0.08,0.1366906474820144,0.5,0.25
75,0.8719962585804976,0.4932364940128614,0.8188581897184283,0.4929887837319531,0.2462483218342688,0.48252647881565847,0.5571955719557196,0.36257996860823183,0.39468111613946333,0.08856088560885608,0.43142857142857144,0.36021770824658,0.389965743427203,0.07428571428571429,0.12915129151291513,0.12,0.2257142857142857,10.997142857142856,0.17343173431734318,0.005714285714285714,0.030755576467364522,0.08436634914903714,7.099630996309963,0.0,0.0,0.15,0.08118081180811808,0,0.16495633025837175,0.148578375,5.140593138862323,0.9431128000000003,0.0,0.9523809523809523,0.0,0.3,0.0,0.7265956265618555,0.2,0.08,0.13553113553113552,0.5,0.25
76,0.8716786782749811,0.4933246095059737,0.8189741618664135,0.4927998179025368,0.2462483218342688,0.48215350251413175,0.5481481481481482,0.3619250656186272,0.39536012349803124,0.08888888888888889,0.4228571428571429,0.36021770824658,0.389965743427203,0.07428571428571429,0.15555555555555556,0.14285714285714285,0.22857142857142856,11.111428571428572,0.17037037037037037,0.002857142857142857,0.03079705503174933,0.08436634914903715,7.044444444444444,0.0,0.0,0.15,0.08148148148148149,0,0.1648732636070799,0.147835483125,5.1806384189422205,0.9242505440000003,0.0,1.0,0.0,0.3,0.0,0.7342654311387833,0.2,0.08,0.15498154981549817,0.5,0.25
77,0.8767693972060391,0.4931734620542283,0.8196050043227433,0.4923993494207833,0.2462483218342688,0.48191160875227756,0.5522388059701493,0.36217296720364694,0.3963663352212685,0.08955223880597014,0.4228571428571429,0.36021770824658,0.389965743427203,0.07428571428571429,0.11567164179104478,0.10857142857142857,0.2342857142857143,11.265714285714285,0.16044776119402984,0.005714285714285714,0.031007030667137735,0.08436634914903715,6.925373134328358,0.0,0.0,0.15,0.08208955223880597,0,0.16447732586047306,0.147096305709375,5.185597079134804,0.9057655331200002,0.0,1.0,0.0,0.3,0.0,0.7185234560221377,0.2,0.08,0.11851851851851852,0.5,0.25
78,0.8792416974949815,0.4925959498428261,0.8214980799725621,0.49219400480377495,0.2462483218342688,0.4816722901073981,0.5634328358208955,0.3623222209349902,0.396478275519776,0.08955223880597014,0.43142857142857144,0.36033199396086574,0.3900514577129172,0.07428571428571429,0.1417910447761194,0.12,0.2342857142857143,11.377142857142857,0.17164179104477612,0.0,0.031052004499268333,0.08436634914903715,6.925373134328358,0.0,0.0,0.15,0.07835820895522388,0,0.1652250828025993,0.147096305709375,5.201885137552108,0.9057655331200002,0.0,0.9523809523809523,0.0,0.3,0.0,0.7198933916833818,0.2,0.08,0.1417910447761194,0.5,0.25
79,0.8829100239898474,0.4917046613050197,0.8235322321407008,0.491789882639492,0.2462483218342688,0.48146000462377403,0.5886792452830188,0.3641567716723523,0.3971317770164423,0.09056603773584905,0.44571428571428573,0.3603891368180086,0.3900943148557745,0.07428571428571429,0.1509433962264151,0.13142857142857142,0.24285714285714285,11.494285714285715,0.15471698113207547,0.008571428571428572,0.031003653353676938,0.08436634914903716,6.807547169811321,0.0,0.0,0.15,0.07924528301886792,0,0.16539867167430058,0.14724518258437505,5.229276006229637,0.9039207967999998,0.0,0.9782608695652174,0.0,0.3,0.0,0.7299445640929741,0.2,0.08,0.15671641791044777,0.5,0.25
80,0.8868133942011553,0.4901630550201448,0.824555484656849,0.49095580627722624,0.2462483218342688,0.4811068317346296,0.6121673003802282,0.3647698598793383,0.3982897352636466,0.09125475285171103,0.46,0.3603891368180086,0.3900943148557745,0.07428571428571429,0.13307984790874525,0.11714285714285715,0.24857142857142858,11.582857142857144,0.155893536121673,0.005714285714285714,0.031197300177600796,0.08436634914903715,6.722433460076045,0.0,0.0,0.15,0.07984790874524715,0,0.16508553617307192,0.14650895667145317,5.241833343247902,0.8858423808639998,0.0,1.0,0.0,0.3,0.0,0.7232009342932473,0.2,0.08,0.1320754716981132,0.5,0.25
81,0.8900453578649379,0.49090854936612754,0.8264645315764068,0.4918386077728776,0.2462483218342688,0.48082013939086554,0.6307692307692307,0.3668272958229011,0.39845687013846,0.09230769230769231,0.4685714285714286,0.3605034225322943,0.3901800291414887,0.07428571428571429,0.12692307692307692,0.11714285714285715,0.2571428571428571,11.705714285714286,0.14615384615384616,0.008571428571428572,0.03125087028146485,0.08436634914903716,6.7153846153846155,0.0,0.0,0.15,0.08076923076923077,0,0.16568796634934943,0.147835483125,5.254139533525801,0.8913773427776011,0.0,0.9512195121951219,0.0,0.3,0.0,0.7161272873585522,0.2,0.08,0.12927756653992395,0.5,0.25
82,0.8951696483570198,0.489659162457373,0.82935979040749,0.4904237493006297,0.2462483218342688,0.4807813488833158,0.5984555984555985,0.3669342287240822,0.39977387319096347,0.09266409266409266,0.44285714285714284,0.3605034225322943,0.3901800291414887,0.07428571428571429,0.11196911196911197,0.10571428571428572,0.26,11.854285714285714,0.14671814671814673,0.002857142857142857,0.0314681290536761,0.08436634914903716,6.694980694980695,0.0,0.0,0.15,0.08108108108108109,0,0.16543024151760266,0.147096305709375,5.254771028569571,0.8735497959220491,0.0,1.0,0.0,0.3,0.0,0.6998249068099187,0.2,0.08,0.11153846153846154,0.5,0.25
83,0.8976674572150176,0.49026912894290847,0.8305635282265144,0.4910518303860572,0.2462483218342688,0.4806587410155832,0.5813953488372093,0.3680078545825199,0.4008753012545891,0.09302325581395349,0.42857142857142855,0.3605034225322943,0.3901800291414887,0.07428571428571429,0.12790697674418605,0.11714285714285715,0.26285714285714284,11.934285714285714,0.1434108527131783,0.002857142857142857,0.03147842634134201,0.08436634914903715,6.689922480620155,0.0,0.0,0.15,0.08139534883720931,0,0.1651453767385861,0.14636082418082813,5.266818465141036,0.856078800003608,0.0,1.0,0.0,0.3,0.0,0.6986244042124137,0.2,0.08,0.13127413127413126,0.5,0.25
84,0.9009925318846593,0.48967135205463136,0.8321431439058917,0.4904254951249147,0.2462483218342688,0.4805297192650924,0.6264591439688716,0.3655487411762262,0.39854407674585207,0.08949416342412451,0.46,0.3605034225322943,0.3901800291414887,0.07428571428571429,0.11284046692607004,0.11142857142857143,0.26571428571428574,12.065714285714286,0.14785992217898833,0.002857142857142857,0.03162417376807094,0.08436634914903715,6.599221789883268,0.0,0.0,0.15,0.08171206225680934,0,0.16483364985489316,0.14562902005992398,5.272910667266786,0.8389572240035359,0.0,1.0,0.0,0.3,0.0,0.688666965230396,0.2,0.08,0.11627906976744186,0.5,0.25
85,0.9032095821140871,0.4892094424010516,0.8337710922172142,0.49013140707646335,0.2462483218342688,0.480524642356231,0.5758754863813229,0.3655487411762262,0.39854407674585207,0.08949416342412451,0.4228571428571429,0.3605034225322943,0.3901800291414887,0.07428571428571429,0.10894941634241245,0.1,0.26571428571428574,12.134285714285713,0.14007782101167315,0.0,0.03179850916016782,0.08436634914903715,6.599221789883268,0.0,0.0,0.15,0.08171206225680934,0,0.1644664816056187,0.14490087495962437,5.26745245392145,0.8221780795234651,0.0,1.0,0.0,0.3,0.0,0.6763032219897643,0.2,0.08,0.10894941634241245,0.5,0.25
86,0.9053410374334638,0.49032544088752755,0.835336189408871,0.4912038032268382,0.2462483218342688,0.4803929040764206,0.5758754863813229,0.3655487411762262,0.39854407674585207,0.08949416342412451,0.4228571428571429,0.3605034225322943,0.3901800291414887,0.07428571428571429,0.10116731517509728,0.09142857142857143,0.26571428571428574,12.22,0.14396887159533073,0.0,0.03195880679366034,0.08436634914903715,6.599221789883268,0.0,0.0,0.15,0.08171206225680934,0,0.1641578641975906,0.14417637058482624,5.253531976271592,0.8057345179329959,0.0,1.0,0.0,0.3,0.0,0.6617429666968698,0.2,0.08,0.10116731517509728,0.5,0.25
87,0.9066359645782841,0.48979185609708725,0.8362870359123532,0.49074146669752766,0.2462483218342688,0.48017418432517966,0.5953307392996109,0.3657043831995725,0.39866080826336175,0.08949416342412451,0.43714285714285717,0.36061770824658,0.39026574342720305,0.07428571428571429,0.11673151750972763,0.10285714285714286,0.26571428571428574,12.317142857142857,0.14785992217898833,0.0,0.031984403108021725,0.08436634914903715,6.599221789883268,0.0,0.0,0.15,0.08171206225680934,0,0.1647079327337455,0.14600028876309595,5.251318479603303,0.835174025753778,0.0,0.9444444444444444,0.0,0.3,0.0,0.6594332838633324,0.2,0.08,0.11673151750972763,0.5,0.25
88,0.9112959988227157,0.4891540385687879,0.8374511998204713,0.4903556653695596,0.2462483218342688,0.48012865946333577,0.5826771653543307,0.3630036310478908,0.3971600942417116,0.08661417322834646,0.4228571428571429,0.3607319939608657,0.3903514577129173,0.07428571428571429,0.1220472440944882,0.11428571428571428,0.2742857142857143,12.485714285714286,0.14566929133858267,0.008571428571428572,0.032173211579545884,0.08436634914903716,6.05511811023622,0.0,0.0,0.15,0.08267716535433071,0,0.16528382235579106,0.1569248390774981,5.260577824296952,0.8313199475722057,0.0,0.95,0.0,0.3,0.0,0.6669240589972807,0.2,0.08,0.13229571984435798,0.5,0.25
89,0.9113330942599658,0.490081599835248,0.8372892911269465,0.4912597129284094,0.2462483218342688,0.4799995255278578,0.6047430830039525,0.36299696114975777,0.39652390908884044,0.08695652173913043,0.43714285714285717,0.3607319939608657,0.3903514577129173,0.07428571428571429,0.09881422924901186,0.09714285714285714,0.27714285714285714,12.571428571428571,0.1383399209486166,0.002857142857142857,0.032494625206053555,0.08436634914903715,5.992094861660079,0.0,0.0,0.15,0.07905138339920949,0,0.16497111824401212,0.1561402148821106,5.25250912495387,0.8146935486207616,0.0,1.0,0.0,0.3,0.0,0.6549565700324702,0.2,0.08,0.10236220472440945,0.5,0.25
90,0.9144572106308022,0.48914875414400727,0.8376099119579447,0.4904453845192087,0.2462483218342688,0.479903398863539,0.6071428571428571,0.36402028699086353,0.3978352282810507,0.0873015873015873,0.43714285714285717,0.3607319939608657,0.3903514577129173,0.07428571428571429,0.12301587301587301,0.10571428571428572,0.28,12.642857142857142,0.1349206349206349,0.002857142857142857,0.032532248189506154,0.08436634914903715,5.920634920634921,0.0,0.0,0.15,0.07936507936507936,0,0.16468883408136345,0.15535951380770005,5.253173228169078,0.7983996776483463,0.0,1.0,0.0,0.3,0.0,0.6598545840892173,0.2,0.08,0.12648221343873517,0.5,0.25
91,0.9160351740303678,0.4881143952008325,0.8380042739828787,0.4896980145447489,0.2462483218342688,0.47970587257356834,0.5856573705179283,0.36148650327369564,0.3954361654455171,0.08366533864541832,0.42,0.3607319939608657,0.3903514577129173,0.07428571428571429,0.08366533864541832,0.07428571428571429,0.28285714285714286,12.68,0.13147410358565736,0.002857142857142857,0.03290512377703055,0.08436634914903716,5.697211155378486,0.0,0.0,0.15,0.0796812749003984,0,0.1642082470538138,0.15458271623866154,5.22239547789141,0.7824316840953793,0.0,1.0,0.0,0.3,0.0,0.6402646196523262,0.2,0.08,0.0873015873015873,0.5,0.25
92,0.9189729735463423,0.48680510579108494,0.8393423400511074,0.48880306517502303,0.2462483218342688,0.47941216799438396,0.5943775100401606,0.36269156234564914,0.39342844462358156,0.08433734939759036,0.4228571428571429,0.3607891368180086,0.39039431485577436,0.07428571428571429,0.08032128514056225,0.06857142857142857,0.2885714285714286,12.811428571428571,0.12449799196787148,0.005714285714285714,0.032997721668582246,0.08436634914903715,5.582329317269076,0.0,0.0,0.15,0.08032128514056225,0,0.16424377724711617,0.22235708896016265,5.186518996905011,0.7721932854090737,0.0,0.9583333333333334,0.0,0.3,0.0,0.6402646196523262,0.2,0.08,0.0796812749003984,0.5,0.25
93,0.9230669843059752,0.4869688377287083,0.8399275409304814,0.48909849109511844,0.2462483218342688,0.47894372160969734,0.5668016194331984,0.36434318913375086,0.39495553557912716,0.08502024291497975,0.4,0.3608462796751514,0.3904371719986316,0.07428571428571429,0.08502024291497975,0.06571428571428571,0.29428571428571426,12.945714285714285,0.11740890688259109,0.005714285714285714,0.03327391925272071,0.08436634914903719,5.5465587044534415,0.0,0.0,0.15,0.08097165991902834,0,0.16430741621802342,0.22124530351536184,5.148502902681197,0.7948292894477221,0.0,0.9565217391304348,0.0,0.3,0.0,0.6228141053604151,0.2,0.08,0.08433734939759036,0.5,0.25
94,0.9286651010597794,0.4873148182893324,0.8421467831864675,0.48951810093281684,0.2462483218342688,0.47860310180205656,0.5795918367346938,0.3652092419296879,0.3959245617942909,0.08571428571428572,0.4057142857142857,0.3608462796751514,0.3904371719986316,0.07428571428571429,0.08571428571428572,0.06857142857142857,0.3,13.04,0.11428571428571428,0.005714285714285714,0.03350508177268395,0.08436634914903716,5.436734693877551,0.0,0.0,0.15,0.08163265306122448,0,0.1639988805655047,0.220139076997785,5.114104273199001,0.7789327036587677,0.0,1.0,0.0,0.3,0.0,0.6116925798348908,0.2,0.08,0.08906882591093117,0.5,0.25
95,0.9308515874495273,0.48774238283301624,0.8436773236592912,0.4899022370687009,0.2462483218342688,0.4784665244692877,0.6163265306122448,0.3652092419296879,0.3959245617942909,0.08571428571428572,0.43142857142857144,0.3608462796751514,0.3904371719986316,0.07428571428571429,0.09387755102040816,0.08857142857142856,0.3,13.088571428571429,0.11428571428571428,0.0,0.03362010499597897,0.08436634914903716,5.436734693877551,0.0,0.0,0.15,0.08163265306122448,0,0.16380645830553436,0.2190383816127961,5.100393616306449,0.7633540495855923,0.0,1.0,0.0,0.3,0.0,0.6056805944801575,0.2,0.08,0.09387755102040816,0.5,0.25
96,0.9346726473305467,0.4878217840518823,0.8449095106729135,0.4903989422911593,0.2462483218342688,0.47835646849989627,0.6270491803278688,0.3663594010770439,0.3955920010663804,0.0860655737704918,0.43714285714285717,0.3608462796751514,0.3904371719986316,0.07428571428571429,0.11065573770491803,0.08857142857142856,0.3028571428571429,13.142857142857142,0.11065573770491803,0.002857142857142857,0.033561292396675796,0.08436634914903718,5.39344262295082,0.0,0.0,0.15,0.08196721311475409,0,0.16350128387114954,0.2179431897047321,5.086957172551749,0.7480869685938805,0.0,1.0,0.0,0.3,0.0,0.6131159041555546,0.2,0.08,0.11428571428571428,0.5,0.25
97,0.9371807661265718,0.48881492182170694,0.8466580277764281,0.491160867462794,0.2462483218342688,0.47832680456563076,0.6270491803278688,0.3663594010770439,0.3955920010663804,0.0860655737704918,0.43714285714285717,0.3608462796751514,0.3904371719986316,0.07428571428571429,0.0942622950819672,0.08857142857142856,0.3028571428571429,13.242857142857142,0.11065573770491803,0.0,0.03365254298993408,0.08436634914903718,5.39344262295082,0.0,0.0,0.15,0.08196721311475409,0,0.16316934888036522,0.21685347375620845,5.0737894576721425,0.7331252292220028,0.0,1.0,0.0,0.3,0.0,0.6070501003736241,0.2,0.08,0.0942622950819672,0.5,0.25
98,0.9372896151283614,0.48772940247361474,0.846733911080533,0.4908139007450314,0.2462483218342688,0.478383569588394,0.5860655737704918,0.3663594010770439,0.3955920010663804,0.0860655737704918,0.4085714285714286,0.3608462796751514,0.3904371719986316,0.07428571428571429,0.10245901639344263,0.08285714285714285,0.3028571428571429,13.274285714285714,0.11065573770491803,0.0,0.03365173152840737,0.08436634914903718,5.39344262295082,0.0,0.0,0.15,0.08196721311475409,0,0.16283907356453484,0.2157692063874274,5.0551708113758425,0.7184627246375628,0.0,1.0,0.0,0.3,0.0,0.6071154901349648,0.2,0.08,0.10245901639344263,0.5,0.25
99,0.9378208903314447,0.4877105509642159,0.8467166416372587,0.4911419957081244,0.2462483218342688,0.47822675147596966,0.5761316872427984,0.36711202987464286,0.3957461720187424,0.08641975308641975,0.4,0.3608462796751514,0.3904371719986316,0.07428571428571429,0.09053497942386832,0.07428571428571429,0.3057142857142857,13.38,0.11522633744855967,0.002857142857142857,0.033830213246671986,0.08436634914903718,5.234567901234568,0.0,0.0,0.15,0.0823045267489712,0,0.1624533067681407,0.21469036035549025,5.028353109434039,0.7040934701448115,0.0,1.0,0.0,0.3,0.0,0.6022497691571521,0.2,0.08,0.0942622950819672,0.5,0.25
100,0.9379156198776493,0.48708246268143385,0.846702856801513,0.4910196629720383,0.2462483218342688,0.4780710072625782,0.5950413223140496,0.3680883604365661,0.39536621378762976,0.08677685950413223,0.4114285714285714,0.36090342253229435,0.39048002914148877,0.07428571428571429,0.07851239669421488,0.07142857142857142,0.30857142857142855,13.454285714285714,0.1115702479338843,0.002857142857142857,0.033865079825077735,0.08436634914903716,5.181818181818182,0.0,0.0,0.15,0.07851239669421488,0,0.16255489737715717,0.21361690855371282,4.999214618673931,0.7740034519555533,0.0,0.96,0.0,0.3,0.0,0.6022497691571521,0.2,0.08,0.07818930041152264,0.5,0.25
101,0.9401230329792474,0.48635283053881967,0.8475308557472314,0.49056114038460236,0.2462483218342688,0.4778585816559353,0.6099585062240664,0.36898578672883936,0.39615522127871605,0.08713692946058091,0.42,0.36090342253229435,0.39048002914148877,0.07428571428571429,0.07053941908713693,0.05714285714285714,0.31142857142857144,13.534285714285714,0.11203319502074689,0.002857142857142857,0.03399592050458533,0.08436634914903716,5.087136929460581,0.0,0.0,0.15,0.07883817427385892,0,0.16205640860455708,0.21254882401094424,4.956373183443309,0.7585233829164422,0.0,1.0,0.0,0.3,0.0,0.6022497691571521,0.2,0.08,0.07024793388429752,0.5,0.25
102,0.942600997582397,0.48534663402980105,0.8483463880167624,0.49016561595230707,0.2462483218342688,0.4775901721267093,0.6375,0.36899519349879206,0.3953019021642235,0.0875,0.43714285714285717,0.36090342253229435,0.39048002914148877,0.07428571428571429,0.0875,0.07428571428571429,0.3142857142857143,13.571428571428571,0.10833333333333334,0.002857142857142857,0.034085453605614095,0.08436634914903716,5.091666666666667,0.0,0.0,0.15,0.07916666666666666,0,0.16178784227582002,0.21148607989088952,4.931531434060156,0.7433529152581133,0.0,1.0,0.0,0.3,0.0,0.5940819730020702,0.2,0.08,0.08713692946058091,0.5,0.25
103,0.9442771389523306,0.4856054251006288,0.8483521505990734,0.49051144485289505,0.2462483218342688,0.4772796063722349,0.6401673640167364,0.3688550372056076,0.39630036842028277,0.08786610878661087,0.43714285714285717,0.3610177082465801,0.39056574342720296,0.07428571428571429,0.09623430962343096,0.08571428571428572,0.3171428571428571,13.637142857142857,0.10460251046025104,0.002857142857142857,0.03418042358506616,0.08436634914903718,4.928870292887029,0.0,0.0,0.15,0.0794979079497908,0,0.16232118949301233,0.21897673080228608,4.918615091093239,0.8221234567468129,0.0,0.9333333333333333,0.0,0.3,0.0,0.5952655784016562,0.2,0.08,0.1,0.5,0.25
104,0.9477624674464853,0.48480665496388287,0.8497102317904689,0.48996775982657076,0.2462483218342688,0.47695974924722767,0.6075949367088608,0.36983493015122926,0.3965994482971114,0.08860759493670886,0.4114285714285714,0.3610177082465801,0.39056574342720296,0.07428571428571429,0.0759493670886076,0.07142857142857142,0.32285714285714284,13.688571428571429,0.0970464135021097,0.005714285714285714,0.03441056409495962,0.08436634914903718,4.8354430379746836,0.0,0.0,0.15,0.08016877637130802,0,0.16188086925983303,0.21788184714827466,4.891671360699946,0.8056809876118766,0.0,1.0,0.0,0.3,0.0,0.5864216677422455,0.2,0.08,0.08368200836820083,0.5,0.25
105,0.9470721449119411,0.48517586485218006,0.8490324147740482,0.49038778805786243,0.2462483218342688,0.4766124480704017,0.6313559322033898,0.3690053637901291,0.39721025994806525,0.08898305084745763,0.4257142857142857,0.3610177082465801,0.39056574342720296,0.07428571428571429,0.0847457627118644,0.06571428571428571,0.32571428571428573,13.777142857142858,0.09745762711864407,0.002857142857142857,0.03454339222894914,0.08436634914903718,4.813559322033898,0.0,0.0,0.15,0.08050847457627118,0,0.16155603919567668,0.21679243791253328,4.859552219200232,0.7895673678596391,0.0,1.0,0.0,0.3,0.0,0.5797702455862015,0.2,0.08,0.08438818565400844,0.5,0.25
106,0.947695414700864,0.48388591341091847,0.8483897213412404,0.48962181594670323,0.2462483218342688,0.47626785998779797,0.6297872340425532,0.36905157919515946,0.3969539678728819,0.08936170212765958,0.4228571428571429,0.3610748511037229,0.39060860057006014,0.07428571428571429,0.0851063829787234,0.07428571428571429,0.32857142857142857,13.854285714285714,0.08936170212765958,0.002857142857142857,0.034594074724942823,0.08436634914903718,4.782978723404256,0.0,0.0,0.15,0.08085106382978724,0,0.16166183114255545,0.2277118093497364,4.836646889101942,0.8216078229286518,0.0,0.9615384615384616,0.0,0.3,0.0,0.5772060269774357,0.2,0.08,0.08898305084745763,0.5,0.25
107,0.9489582616638678,0.4830947701514663,0.8486852043170152,0.4890795108571324,0.2462483218342688,0.4759858757298889,0.5665236051502146,0.36976493940850436,0.39681239653653544,0.09012875536480687,0.37714285714285717,0.3610748511037229,0.39060860057006014,0.07428571428571429,0.07725321888412018,0.06571428571428571,0.3342857142857143,13.897142857142857,0.08583690987124463,0.005714285714285714,0.03476215589973601,0.08436634914903716,4.721030042918455,0.0,0.0,0.15,0.0815450643776824,0,0.1612818077011284,0.22657325030298772,4.805628237034188,0.8051756664700787,0.0,1.0,0.0,0.3,0.0,0.570275459879821,0.2,0.08,0.08085106382978724,0.5,0.25
108,0.9485590112770087,0.48334817893732523,0.8483736091582679,0.4889990910879001,0.2462483218342688,0.47561876261577923,0.625,0.3673070296645754,0.39440641548712396,0.08620689655172414,0.4142857142857143,0.36124627967515144,0.39073717199863156,0.07428571428571429,0.07327586206896551,0.06285714285714286,0.33714285714285713,13.971428571428572,0.08189655172413793,0.002857142857142857,0.034759456807778026,0.08436634914903716,4.732758620689655,0.0,0.0,0.15,0.08189655172413793,0,0.1621608272340513,0.23832380484995674,4.772372815150647,0.9102207473290169,0.0,0.8636363636363636,0.0,0.3,0.0,0.570275459879821,0.2,0.08,0.07725321888412018,0.5,0.25
109,0.9482943191745246,0.4832559255399706,0.848107112274584,0.4892826695151914,0.2462483218342688,0.47528303729498655,0.6796536796536796,0.3679233523112008,0.3950196533929625,0.08658008658008658,0.44857142857142857,0.3613605653894371,0.3908228862843458,0.07428571428571429,0.06060606060606061,0.05142857142857143,0.34,14.002857142857144,0.08225108225108226,0.002857142857142857,0.0348414014454944,0.08436634914903718,4.632034632034632,0.0,0.0,0.15,0.08225108225108226,0,0.16257830881216676,0.24324839567845205,4.728353930276206,0.9515440469011205,0.0,0.8888888888888888,0.0,0.3,0.0,0.570275459879821,0.2,0.08,0.06465517241379311,0.5,0.25
110,0.9521250867914061,0.4827008486628006,0.849023867724749,0.4889734157138352,0.2462483218342688,0.4749629206202482,0.6200873362445415,0.3688599649495384,0.3947266723472809,0.08733624454148471,0.4057142857142857,0.3615319939608657,0.3909514577129172,0.07428571428571429,0.07860262008733625,0.06571428571428571,0.3457142857142857,14.022857142857143,0.07860262008733625,0.005714285714285714,0.0349490000732831,0.08436634914903718,4.550218340611353,0.0,0.0,0.15,0.07860262008733625,0,0.16345041798239163,0.24614654803203126,4.699501137384968,1.0,0.0,0.8695652173913043,0.0,0.3,0.0,0.570275459879821,0.2,0.08,0.07792207792207792,0.5,0.25
111,0.9525132996747181,0.48268552024725103,0.8492807653386668,0.4891853242419933,0.2462483218342688,0.47483024279631236,0.631578947368421,0.3693138661077526,0.3960881498543052,0.08771929824561403,0.4114285714285714,0.3615891368180086,0.3909943148557744,0.07428571428571429,0.05701754385964912,0.054285714285714284,0.3485714285714286,14.1,0.07456140350877193,0.002857142857142857,0.03499210634219765,0.08436634914903718,4.5,0.0,0.0,0.15,0.07894736842105263,0,0.16348959517819397,0.24491581529187112,4.659796828922983,0.9820000000000004,0.0,0.9473684210526315,0.0,0.3,0.0,0.570275459879821,0.2,0.08,0.0611353711790393,0.5,0.25
112,0.952643163896863,0.4821198525526045,0.8493653626033786,0.48868221135022427,0.2462483218342688,0.4747319439780295,0.6096491228070176,0.3693138661077526,0.3960881498543052,0.08771929824561403,0.39714285714285713,0.3615891368180086,0.3909943148557744,0.07428571428571429,0.05263157894736842,0.045714285714285714,0.3485714285714286,14.151428571428571,0.07456140350877193,0.0,0.03502320806716478,0.08436634914903718,4.5,0.0,0.0,0.15,0.07894736842105263,0,0.1630715764880173,0.24369123621541175,4.612315178058808,0.9623600000000003,0.0,1.0,0.0,0.3,0.0,0.570275459879821,0.2,0.08,0.05263157894736842,0.5,0.25
113,0.9545629439021999,0.48278664622474965,0.8506159621497122,0.48889121279027326,0.2462483218342688,0.4746844290662619,0.6578947368421053,0.3693138661077526,0.3960881498543052,0.08771929824561403,0.42857142857142855,0.3615891368180086,0.3909943148557744,0.07428571428571429,0.07894736842105263,0.06285714285714286,0.3485714285714286,14.228571428571428,0.07456140350877193,0.0,0.03502320806716478,0.08436634914903718,4.5,0.0,0.0,0.15,0.07894736842105263,0,0.16271279074843437,0.24247278003433467,4.582926017354775,0.9431128000000003,0.0,1.0,0.0,0.3,0.0,0.570275459879821,0.2,0.08,0.07894736842105263,0.5,0.25
114,0.9544933856275453,0.48297975975887164,0.850570649902223,0.4887445016584303,0.2462483218342688,0.4746389255119756,0.7105263157894737,0.3693138661077526,0.3960881498543052,0.08771929824561403,0.46285714285714286,0.3615891368180086,0.3909943148557744,0.07428571428571429,0.07017543859649122,0.05714285714285714,0.3485714285714286,14.322857142857142,0.07894736842105263,0.0,0.03502320806716478,0.08436634914903718,4.5,0.0,0.0,0.15,0.07894736842105263,0,0.1622135125089779,0.241260416134163,4.548410354150536,0.9242505440000003,0.0,1.0,0.0,0.3,0.0,0.570275459879821,0.2,0.08,0.07017543859649122,0.5,0.25
115,0.9529146001888709,0.48281424067235973,0.8490791737845096,0.4878244817954437,0.2462483218342688,0.47463072750234164,0.6784140969162996,0.36943522209752433,0.3968097754928905,0.0881057268722467,0.44,0.3615891368180086,0.3909943148557744,0.07428571428571429,0.07048458149779736,0.054285714285714284,0.3514285714285714,14.34,0.07048458149779736,0.002857142857142857,0.0350504160596502,0.08436634914903716,4.475770925110132,0.0,0.0,0.15,0.07929515418502203,0,0.16171658780357587,0.2400541140534922,4.51172786135324,0.9057655331200002,0.0,1.0,0.0,0.3,0.0,0.570275459879821,0.2,0.08,0.07456140350877193,0.5,0.25
116,0.9551874376002224,0.4824707823358929,0.8491137933574415,0.4882301503519618,0.2462483218342688,0.474663705791989,0.6283185840707964,0.37029749858093003,0.39564906834017877,0.08849557522123894,0.4057142857142857,0.3617034225322943,0.3910800291414887,0.07428571428571429,0.07964601769911504,0.06571428571428571,0.35428571428571426,14.417142857142856,0.07079646017699115,0.002857142857142857,0.03507041788095061,0.08436634914903716,4.442477876106195,0.0,0.0,0.15,0.07964601769911504,0,0.16225014843598656,0.24262419130783866,4.4872075898404615,0.9537266944987005,0.0,0.9130434782608695,0.0,0.3,0.0,0.570275459879821,0.2,0.08,0.07929515418502203,0.5,0.25
117,0.9556877449895459,0.48221714089952533,0.8494368489859764,0.4882159487282502,0.2462483218342688,0.474866843504799,0.672566371681416,0.37038599415615125,0.3957154400215947,0.08849557522123894,0.4342857142857143,0.3617605653894372,0.39112288628434577,0.07428571428571429,0.035398230088495575,0.03142857142857143,0.35428571428571426,14.465714285714286,0.07079646017699115,0.0,0.03508527947493053,0.08436634914903716,4.442477876106195,0.0,0.0,0.15,0.07964601769911504,0,0.16212461197952088,0.24780039130463283,4.428892009472223,0.9853748567452361,0.0,0.9090909090909091,0.0,0.3,0.0,0.570275459879821,0.2,0.08,0.035398230088495575,0.5,0.25
118,0.9545771784895154,0.4818112451923413,0.848719740331671,0.48752542672488874,0.2462483218342688,0.4751000196348475,0.6991150442477876,0.37038599415615125,0.3957154400215947,0.08849557522123894,0.4514285714285714,0.3617605653894372,0.39112288628434577,0.07428571428571429,0.05752212389380531,0.045714285714285714,0.35428571428571426,14.525714285714285,0.0752212389380531,0.0,0.03508527947493053,0.08436634914903716,4.442477876106195,0.0,0.0,0.15,0.07964601769911504,0,0.16168513177676613,0.24656138934810967,4.3860284549970645,0.9656673596103313,0.0,1.0,0.0,0.3,0.0,0.570275459879821,0.2,0.08,0.05752212389380531,0.5,0.25
119,0.9539806414835778,0.4814381504821016,0.8483345478649796,0.48723909735624,0.2462483218342688,0.47540773841500666,0.6548672566371682,0.37038599415615125,0.3957154400215947,0.08849557522123894,0.4228571428571429,0.3617605653894372,0.39112288628434577,0.07428571428571429,0.05752212389380531,0.045714285714285714,0.35428571428571426,14.574285714285715,0.07964601769911504,0.0,0.03508527947493053,0.08436634914903716,4.442477876106195,0.0,0.0,0.15,0.07964601769911504,0,0.16130442183216803,0.24532858240136912,4.344022171611408,0.9463540124181247,0.0,1.0,0.0,0.3,0.0,0.570275459879821,0.2,0.08,0.05752212389380531,0.5,0.25
120,0.9546088711423756,0.4817350318666104,0.8487402047303749,0.48744173309222505,0.2462483218342688,0.4757316136740188,0.6327433628318584,0.37047448973137254,0.39578181170301063,0.08849557522123894,0.4085714285714286,0.36181770824658005,0.391165743427203,0.07428571428571429,0.07079646017699115,0.06,0.35428571428571426,14.611428571428572,0.0752212389380531,0.0,0.03508527947493053,0.08436634914903716,4.442477876106195,0.0,0.0,0.15,0.07964601769911504,0,0.1613261854372929,0.24410193948936226,4.31714172817918,0.9730008434340841,0.0,0.9523809523809523,0.0,0.3,0.0,0.570275459879821,0.2,0.08,0.07079646017699115,0.5,0.25
121,0.9564129949966329,0.4826167850736735,0.8492553315678714,0.48747127707937216,0.2462483218342688,0.47608511506176365,0.6755555555555556,0.3715626209481271,0.3965426376879327,0.08888888888888889,0.4342857142857143,0.36187485110372286,0.3912086005700602,0.07428571428571429,0.07111111111111111,0.05714285714285714,0.35714285714285715,14.642857142857142,0.07111111111111111,0.002857142857142857,0.0351504144971929,0.08436634914903718,4.266666666666667,0.0,0.0,0.15,0.08,0,0.1613194116529636,0.25502353421813956,4.287941750758454,0.9565436501729849,0.0,0.95,0.0,0.3,0.0,0.570275459879821,0.2,0.08,0.0752212389380531,0.5,0.25
122,0.9557234629234465,0.48314650977317036,0.8486276608844017,0.4877029580580289,0.2462483218342688,0.47651070619207175,0.7008928571428571,0.37301670377504287,0.39756656117847117,0.08928571428571429,0.44857142857142857,0.3619319939608657,0.39125145771291725,0.07428571428571429,0.04017857142857143,0.037142857142857144,0.36,14.688571428571429,0.06696428571428571,0.002857142857142857,0.03530159602254685,0.08436634914903716,4.196428571428571,0.0,0.0,0.15,0.08035714285714286,0,0.16122695745184165,0.2607011479174088,4.239325772886142,0.9617057412001325,0.0,0.9230769230769231,0.0,0.3,0.0,0.570275459879821,0.2,0.08,0.044444444444444446,0.5,0.25
123,0.9584876033625294,0.4828500927490532,0.8486329996121261,0.4876687095483069,0.2462483218342688,0.4768064468130728,0.7354260089686099,0.3741908770752501,0.3976970347741901,0.08968609865470852,0.4685714285714286,0.3619319939608657,0.39125145771291725,0.07428571428571429,0.04484304932735426,0.045714285714285714,0.3628571428571429,14.722857142857142,0.06278026905829596,0.002857142857142857,0.03538610772284241,0.08436634914903718,4.161434977578475,0.0,0.0,0.15,0.08071748878923767,0,0.16084882266458242,0.25939764217782174,4.200253543142704,0.9424716263761299,0.0,1.0,0.0,0.3,0.0,0.570275459879821,0.2,0.08,0.049107142857142856,0.5,0.25
124,0.9575144817136116,0.48225141738266464,0.8480129821043871,0.4872397962098252,0.2462483218342688,0.47703561115337695,0.7533632286995515,0.3741908770752501,0.3976970347741901,0.08968609865470852,0.48,0.3619319939608657,0.39125145771291725,0.07428571428571429,0.04484304932735426,0.03142857142857143,0.3628571428571429,14.777142857142858,0.06278026905829596,0.0,0.03538610772284241,0.08436634914903718,4.161434977578475,0.0,0.0,0.15,0.08071748878923767,0,0.16027300712268808,0.25810065396693266,4.147677043708422,0.9236221938486073,0.0,1.0,0.0,0.3,0.0,0.570275459879821,0.2,0.08,0.04484304932735426,0.5,0.25
125,0.9598056657894396,0.48219042064973705,0.8479960060494763,0.4869565487675137,0.2462483218342688,0.47721407826106593,0.7252252252252253,0.37486059764631374,0.39835294197622656,0.09009009009009009,0.46,0.3619319939608657,0.39125145771291725,0.07428571428571429,0.036036036036036036,0.03428571428571429,0.3657142857142857,14.851428571428572,0.05855855855855856,0.002857142857142857,0.035431750960329834,0.08436634914903719,4.117117117117117,0.0,0.0,0.15,0.08108108108108109,0,0.1598994992299318,0.25681015069709795,4.099009217119968,0.9051497499716351,0.0,1.0,0.0,0.3,0.0,0.570275459879821,0.2,0.08,0.04035874439461883,0.5,0.25
126,0.9631861000894839,0.4817996027900644,0.8496377526092912,0.48664052971165656,0.2462483218342688,0.47724606017279436,0.6832579185520362,0.37472750986258224,0.39864253271610745,0.09049773755656108,0.43142857142857144,0.36198913681800854,0.39129431485577437,0.07428571428571429,0.04524886877828054,0.03428571428571429,0.36857142857142855,14.917142857142856,0.05429864253393665,0.002857142857142857,0.03544187131890425,0.08436634914903718,4.099547511312217,0.0,0.0,0.15,0.08144796380090498,0,0.15978557316235356,0.2555260999436125,4.051314747063283,0.9009130874171752,0.0,0.9166666666666666,0.0,0.3,0.0,0.570275459879821,0.2,0.08,0.04504504504504504,0.5,0.25
127,0.9635222297818756,0.48104581508811145,0.8498499945007729,0.48588297318143286,0.2462483218342688,0.47726396344070604,0.7194570135746606,0.37472750986258224,0.39864253271610745,0.09049773755656108,0.4542857142857143,0.36198913681800854,0.39129431485577437,0.07428571428571429,0.03167420814479638,0.022857142857142857,0.36857142857142855,14.957142857142857,0.05429864253393665,0.0,0.03546639261312753,0.08436634914903718,4.099547511312217,0.0,0.0,0.15,0.08144796380090498,0,0.15915807386797035,0.2542484694438944,3.99314559497916,0.8828948256688317,0.0,1.0,0.0,0.3,0.0,0.570275459879821,0.2,0.08,0.03167420814479638,0.5,0.25
128,0.9630227461328843,0.48129447656502666,0.8495346062538384,0.48627984449143224,0.2462483218342688,0.477361091084387,0.6742081447963801,0.37481800760013884,0.3987104060192748,0.09049773755656108,0.4257142857142857,0.36204627967515146,0.39133717199863155,0.07428571428571429,0.04072398190045249,0.02857142857142857,0.36857142857142855,14.968571428571428,0.049773755656108594,0.0,0.03546639261312753,0.08436634914903718,4.099547511312217,0.0,0.0,0.15,0.08144796380090498,0,0.15907557206648765,0.2529772270966749,3.941854111651005,0.9064671785873702,0.0,0.9,0.0,0.3,0.0,0.570275459879821,0.2,0.08,0.04072398190045249,0.5,0.25
129,0.9640542970389623,0.48103950825740355,0.8500162477263478,0.48616707700660017,0.2462483218342688,0.4774404587808756,0.7272727272727273,0.37576795058167456,0.39861241838631506,0.09090909090909091,0.45714285714285713,0.36216056538943714,0.39142288628434585,0.07428571428571429,0.04090909090909091,0.04,0.37142857142857144,15.008571428571429,0.045454545454545456,0.002857142857142857,0.0355050485312592,0.08436634914903716,4.0636363636363635,0.0,0.0,0.15,0.08181818181818182,0,0.15956448348829805,0.2565539465817782,3.9030170294179842,1.0367546648313266,0.0,0.8571428571428571,0.0,0.3,0.0,0.570275459879821,0.2,0.08,0.04524886877828054,0.5,0.25
130,0.9641906124771161,0.4802329956965065,0.8499229428708563,0.4859027470603014,0.2462483218342688,0.47755441377818764,0.7488584474885844,0.3769208492301358,0.3993616739204833,0.091324200913242,0.4685714285714286,0.36216056538943714,0.39142288628434585,0.07428571428571429,0.045662100456621,0.03428571428571429,0.3742857142857143,15.002857142857144,0.0410958904109589,0.002857142857142857,0.03551420601114695,0.08436634914903716,4.063926940639269,0.0,0.0,0.15,0.0821917808219178,0,0.15902380392799942,0.25527117684886935,3.8592424031153394,1.0160195715347002,0.0,1.0,0.0,0.3,0.0,0.570275459879821,0.2,0.08,0.045454545454545456,0.5,0.25
131,0.9657465077349094,0.48081498084376767,0.849726927217403,0.4861991377409845,0.2462483218342688,0.47773219006553297,0.7018348623853211,0.3760156738990374,0.40046411374046936,0.09174311926605505,0.43714285714285717,0.36216056538943714,0.39142288628434585,0.07428571428571429,0.027522935779816515,0.025714285714285714,0.37714285714285717,15.037142857142857,0.03669724770642202,0.002857142857142857,0.035527371775205645,0.08436634914903718,4.045871559633028,0.0,0.0,0.15,0.08256880733944955,0,0.15842868490835943,0.253994820964625,3.8077718407673182,0.9956991801040062,0.0,1.0,0.0,0.3,0.0,0.570275459879821,0.2,0.08,0.0319634703196347,0.5,0.25
132,0.9659557148934914,0.48156284963134105,0.8498572333904627,0.4866437531090976,0.2462483218342688,0.4778067992781113,0.7339449541284404,0.3760156738990374,0.40046411374046936,0.09174311926605505,0.45714285714285713,0.36216056538943714,0.39142288628434585,0.07428571428571429,0.03669724770642202,0.03142857142857143,0.37714285714285717,15.045714285714286,0.03669724770642202,0.0,0.03554572655985756,0.08436634914903718,4.045871559633028,0.0,0.0,0.15,0.0779816513761468,0,0.1579219700552462,0.25272484685980184,3.763044975380543,0.975785196501926,0.0,1.0,0.0,0.3,0.0,0.570275459879821,0.2,0.08,0.03669724770642202,0.5,0.25
133,0.9653821801573186,0.4814631397078678,0.8495000031833608,0.48693557760763756,0.2462483218342688,0.4779661294428472,0.6972477064220184,0.3760156738990374,0.40046411374046936,0.09174311926605505,0.4342857142857143,0.36216056538943714,0.39142288628434585,0.07428571428571429,0.03211009174311927,0.022857142857142857,0.37714285714285717,15.088571428571429,0.03669724770642202,0.0,0.03554572655985756,0.08436634914903718,4.045871559633028,0.0,0.0,0.15,0.0779816513761468,0,0.15730378877639856,0.2514612226255028,3.7106412187300752,0.9562694925718874,0.0,1.0,0.0,0.3,0.0,0.570275459879821,0.2,0.08,0.03211009174311927,0.5,0.25
134,0.9666712931418746,0.481026343584657,0.8492558252993514,0.48710580904568945,0.2462483218342688,0.478161799375703,0.7096774193548387,0.3771361640178263,0.40169530740457643,0.09216589861751152,0.44,0.36221770824658,0.391465743427203,0.07428571428571429,0.03225806451612903,0.03142857142857143,0.38,15.14,0.03686635944700461,0.002857142857142857,0.03557384984765814,0.08436634914903716,4.009216589861751,0.0,0.0,0.15,0.07834101382488479,0,0.15723126983251653,0.2502039165123753,3.667856965784045,0.9655217578238261,0.0,0.9090909090909091,0.0,0.3,0.0,0.570275459879821,0.2,0.08,0.03669724770642202,0.5,0.25
135,0.9685043064912169,0.48123109084461313,0.8503922935759436,0.4875571960745291,0.2462483218342688,0.47841280257567914,0.7050691244239631,0.3771361640178263,0.40169530740457643,0.09216589861751152,0.43714285714285717,0.36221770824658,0.391465743427203,0.07428571428571429,0.03686635944700461,0.02857142857142857,0.38,15.214285714285714,0.03686635944700461,0.0,0.03558215961546474,0.08436634914903716,4.009216589861751,0.0,0.0,0.15,0.07834101382488479,0,0.15664511348335394,0.2489528969298134,3.6230712550397923,0.9462113226673495,0.0,1.0,0.0,0.3,0.0,0.570275459879821,0.2,0.08,0.03686635944700461,0.5,0.25
136,0.9695642955427844,0.4812133205258805,0.8510494867879155,0.4877094034995098,0.2462483218342688,0.47876642994062707,0.7142857142857143,0.3772283299164438,0.4017644318285395,0.09216589861751152,0.44285714285714284,0.3622748511037229,0.39150860057006015,0.07428571428571429,0.041474654377880185,0.03142857142857143,0.38,15.274285714285714,0.03686635944700461,0.0,0.03558215961546474,0.08436634914903716,4.009216589861751,0.0,0.0,0.15,0.07834101382488479,0,0.15649045934450864,0.24792517256554203,3.5820384013675683,0.941660101292202,0.0,0.9090909090909091,0.0,0.3,0.0,0.570275459879821,0.2,0.08,0.041474654377880185,0.5,0.25
137,0.9682844219547508,0.48057114771192844,0.8502559651633346,0.4872776927420289,0.2462483218342688,0.47902684907210624,0.6682027649769585,0.3772283299164438,0.4017644318285395,0.09216589861751152,0.4142857142857143,0.3622748511037229,0.39150860057006015,0.07428571428571429,0.02304147465437788,0.02,0.38,15.32857142857143,0.03686635944700461,0.0,0.03558215961546474,0.08436634914903716,4.009216589861751,0.0,0.0,0.15,0.07834101382488479,0,0.15585086419064323,0.2466855467027143,3.5303976333402165,0.9228268992663581,0.0,1.0,0.0,0.3,0.0,0.570275459879821,0.2,0.08,0.02304147465437788,0.5,0.25
138,0.9686921628251979,0.4805581755334229,0.8505087645030117,0.48742136543710235,0.2462483218342688,0.4792713071613811,0.6589861751152074,0.3772283299164438,0.4017644318285395,0.09216589861751152,0.4085714285714286,0.3622748511037229,0.39150860057006015,0.07428571428571429,0.013824884792626729,0.014285714285714285,0.38,15.342857142857143,0.03225806451612903,0.0,0.03558215961546474,0.08436634914903716,4.009216589861751,0.0,0.0,0.15,0.07834101382488479,0,0.1552143241554043,0.24545211896920074,3.4740753949591263,0.9043703612810309,0.0,1.0,0.0,0.3,0.0,0.570275459879821,0.2,0.08,0.013824884792626729,0.5,0.25
139,0.9690661667560431,0.4813348792720959,0.8507406469401356,0.4874833437327415,0.2462483218342688,0.47948923400700755,0.5806451612903226,0.3772283299164438,0.4017644318285395,0.09216589861751152,0.36,0.3622748511037229,0.39150860057006015,0.07428571428571429,0.009216589861751152,0.011428571428571429,0.38,15.385714285714286,0.03225806451612903,0.0,0.03558215961546474,0.08436634914903716,4.009216589861751,0.0,0.0,0.15,0.07834101382488479,0,0.15458096682034156,0.24422485837435473,3.416022458488515,0.8862829540554102,0.0,1.0,0.0,0.3,0.0,0.570275459879821,0.2,0.08,0.009216589861751152,0.5,0.25
140,0.9692446081540788,0.482178468250647,0.8508512806069178,0.48805818950296986,0.2462483218342688,0.4798594669991346,0.6221198156682027,0.37732049581506133,0.40183355625250267,0.09216589861751152,0.38571428571428573,0.36233199396086574,0.3915514577129172,0.07428571428571429,0.027649769585253458,0.025714285714285714,0.38,15.402857142857142,0.03225806451612903,0.0,0.03558215961546474,0.08436634914903716,4.009216589861751,0.0,0.0,0.15,0.07834101382488479,0,0.15449320555766843,0.24300373408248296,3.3734162950330306,0.8886698748169638,0.0,0.8888888888888888,0.0,0.3,0.0,0.570275459879821,0.2,0.08,0.027649769585253458,0.5,0.25
141,0.9669715239931258,0.48327578115846487,0.849441968427127,0.4883104405057144,0.2462483218342688,0.4802955545897299,0.6082949308755761,0.37732049581506133,0.40183355625250267,0.09216589861751152,0.37714285714285717,0.36233199396086574,0.3915514577129172,0.07428571428571429,0.02304147465437788,0.014285714285714285,0.38,15.457142857142857,0.03225806451612903,0.0,0.03558215961546474,0.08436634914903716,4.009216589861751,0.0,0.0,0.15,0.07834101382488479,0,0.15380645381559438,0.24178871541207056,3.320233683418085,0.8708964773206245,0.0,1.0,0.0,0.3,0.0,0.570275459879821,0.2,0.08,0.02304147465437788,0.5,0.25
142,0.9690194980970525,0.48284903876732843,0.8506100681669705,0.4890498806822687,0.2462483218342688,0.4809246569316723,0.6203703703703703,0.37857382721880367,0.4023651179900438,0.09259259259259259,0.38285714285714284,0.36238913681800855,0.39159431485577445,0.07428571428571429,0.027777777777777776,0.022857142857142857,0.38285714285714284,15.508571428571429,0.032407407407407406,0.002857142857142857,0.03558500636715889,0.08436634914903715,4.0,0.0,0.0,0.15,0.0787037037037037,0,0.15366570726080211,0.2412344711056286,3.276686152606865,0.8779726877081004,0.0,0.875,0.0,0.3,0.0,0.570275459879821,0.2,0.08,0.03225806451612903,0.5,0.25
143,0.9701778444170467,0.4827889885174096,0.8513249333244526,0.48923184983215623,0.2462483218342688,0.48147184202521154,0.625,0.37857382721880367,0.4023651179900438,0.09259259259259259,0.38571428571428573,0.36238913681800855,0.39159431485577445,0.07428571428571429,0.027777777777777776,0.02,0.38285714285714284,15.482857142857142,0.032407407407407406,0.0,0.03559089245702032,0.08436634914903715,4.0,0.0,0.0,0.15,0.0787037037037037,0,0.15304023586735524,0.24002829875010046,3.2311524295547276,0.8604132339539384,0.0,1.0,0.0,0.3,0.0,0.570275459879821,0.2,0.08,0.027777777777777776,0.5,0.25
144,0.971275833743011,0.48301096112855185,0.8520025495941903,0.48908475235128573,0.2462483218342688,0.48198151899957564,0.6296296296296297,0.3788516049965814,0.4025734513233772,0.09259259259259259,0.38857142857142857,0.3625605653894372,0.3917228862843458,0.07428571428571429,0.037037037037037035,0.03142857142857143,0.38285714285714284,15.514285714285714,0.032407407407407406,0.0,0.03559089245702032,0.08436634914903715,4.0,0.0,0.0,0.15,0.0787037037037037,0,0.1538170375415899,0.24771699588442636,3.197957952392205,0.8981447984608794,0.0,0.7272727272727273,0.0,0.3,0.0,0.570275459879821,0.2,0.08,0.037037037037037035,0.5,0.25
145,0.9703255024412314,0.4819021468241459,0.8514160594193778,0.48871240608547495,0.2462483218342688,0.48225538141403695,0.6064814814814815,0.37894419758917397,0.4026428957678216,0.09259259259259259,0.3742857142857143,0.36261770824657996,0.391765743427203,0.07428571428571429,0.027777777777777776,0.025714285714285714,0.38285714285714284,15.534285714285714,0.041666666666666664,0.0,0.03559089245702032,0.08436634914903715,4.0,0.0,0.0,0.15,0.0787037037037037,0,0.15364795235388193,0.2533579848565196,3.1597130790586463,0.9115287171200016,0.0,0.8888888888888888,0.0,0.3,0.0,0.570275459879821,0.2,0.08,0.027777777777777776,0.5,0.25
146,0.9688477818069169,0.48235769359390035,0.8505931010227528,0.48949134051363896,0.2462483218342688,0.4823135858154881,0.6046511627906976,0.37605556595005396,0.39986449063185797,0.08837209302325581,0.37142857142857144,0.36261770824657996,0.391765743427203,0.07428571428571429,0.018604651162790697,0.02,0.38571428571428573,15.534285714285714,0.03255813953488372,0.002857142857142857,0.035589794961380365,0.08436634914903719,4.0,0.0,0.0,0.15,0.07441860465116279,0,0.1530225697349697,0.252091194932237,3.1165188174774734,0.8932981427776016,0.0,1.0,0.0,0.3,0.0,0.570275459879821,0.2,0.08,0.018518518518518517,0.5,0.25
147,0.9703292735923913,0.4827151689469412,0.8515031602624011,0.49011802173096963,0.2462483218342688,0.4824863018227726,0.6744186046511628,0.3762416124616818,0.4000040255155789,0.08837209302325581,0.4142857142857143,0.3627319939608657,0.3918514577129173,0.07428571428571429,0.03255813953488372,0.025714285714285714,0.38571428571428573,15.522857142857143,0.037209302325581395,0.0,0.035592842955707235,0.08436634914903719,4.0,0.0,0.0,0.15,0.07906976744186046,0,0.15325745688629483,0.2508307389575758,3.0799027268422092,1.001196139563408,0.0,0.7777777777777778,0.0,0.3,0.0,0.570275459879821,0.2,0.08,0.03255813953488372,0.5,0.25
148,0.9695305777624692,0.48281595197804333,0.8510125328240205,0.49044193051365237,0.2462483218342688,0.48268230963273595,0.6744186046511628,0.3762416124616818,0.4000040255155789,0.08837209302325581,0.4142857142857143,0.3627319939608657,0.3918514577129173,0.07428571428571429,0.018604651162790697,0.011428571428571429,0.38571428571428573,15.525714285714285,0.037209302325581395,0.0,0.035592842955707235,0.08436634914903719,4.0,0.0,0.0,0.15,0.07906976744186046,0,0.15254831245900619,0.2495765852627879,3.029733243733937,0.9811722167721397,0.0,1.0,0.0,0.3,0.0,0.570275459879821,0.2,0.08,0.018604651162790697,0.5,0.25
149,0.9702922393766649,0.48302289454764874,0.8514804106727407,0.4908187282971913,0.2462483218342688,0.4827551831875403,0.6558139534883721,0.3762416124616818,0.4000040255155789,0.08837209302325581,0.40285714285714286,0.3627319939608657,0.3918514577129173,0.07428571428571429,0.023255813953488372,0.017142857142857144,0.38571428571428573,15.54,0.037209302325581395,0.0,0.035592842955707235,0.08436634914903719,4.0,0.0,0.0,0.15,0.07906976744186046,0,0.15195671375385403,0.24832870233647394,2.9862814360021144,0.9615487724366969,0.0,1.0,0.0,0.3,0.0,0.570275459879821,0.2,0.08,0.023255813953488372,0.5,0.25
150,0.9715301028888863,0.48269820341632935,0.852240812544534,0.49050966508965366,0.2462483218342688,0.4828041444070704,0.7023255813953488,0.37633463571749576,0.40007379295743933,0.08837209302325581,0.43142857142857144,0.36278913681800856,0.3918943148557744,0.07428571428571429,0.013953488372093023,0.011428571428571429,0.38571428571428573,15.577142857142857,0.03255813953488372,0.0,0.035592842955707235,0.08436634914903719,4.0,0.0,0.0,0.15,0.07906976744186046,0,0.1517679308993705,0.24808415326394898,2.9379843787106443,0.9542450538954563,0.0,0.75,0.0,0.3,0.0,0.570275459879821,0.2,0.08,0.013953488372093023,0.5,0.25
151,0.9694438685228819,0.482893401645289,0.8509592685768456,0.49102177628019894,0.2462483218342688,0.48285720204556726,0.6697674418604651,0.37633463571749576,0.40007379295743933,0.08837209302325581,0.4114285714285714,0.36278913681800856,0.3918943148557744,0.07428571428571429,0.018604651162790697,0.017142857142857144,0.38571428571428573,15.614285714285714,0.03255813953488372,0.0,0.035592842955707235,0.08436634914903719,4.0,0.0,0.0,0.15,0.07906976744186046,0,0.15115180553058793,0.24684373249762925,2.8963675482792883,0.9351601528175473,0.0,1.0,0.0,0.3,0.0,0.570275459879821,0.2,0.08,0.018604651162790697,0.5,0.25
152,0.9709821022966382,0.48310949019863214,0.8519041836092957,0.4909199736074207,0.2462483218342688,0.48315288417084695,0.6744186046511628,0.3766137054849376,0.40028309528302075,0.08837209302325581,0.4142857142857143,0.36296056538943716,0.3920228862843458,0.07428571428571429,0.027906976744186046,0.025714285714285714,0.38571428571428573,15.625714285714286,0.037209302325581395,0.0,0.035592842955707235,0.08436634914903719,4.0,0.0,0.0,0.15,0.07906976744186046,0,0.15145276150293496,0.2490531528200122,2.8641544830279884,0.9484026332182165,0.0,0.7777777777777778,0.0,0.3,0.0,0.570275459879821,0.2,0.08,0.027906976744186046,0.5,0.25
153,0.9725647356523388,0.4826633009177229,0.8528763726706545,0.49064189011763715,0.2462483218342688,0.48340853059304423,0.6976744186046512,0.37670672874075156,0.40035286272488124,0.08837209302325581,0.42857142857142855,0.36301770824658003,0.39206574342720296,0.07428571428571429,0.013953488372093023,0.011428571428571429,0.38571428571428573,15.648571428571428,0.037209302325581395,0.0,0.035592842955707235,0.08436634914903719,4.0,0.0,0.0,0.15,0.07906976744186046,0,0.15120978340970603,0.2478078870559121,2.818299964796,0.9294345805538522,0.0,0.75,0.0,0.3,0.0,0.570275459879821,0.2,0.08,0.013953488372093023,0.5,0.25
154,0.9722572809851454,0.48337592430783854,0.8526875076608073,0.4912186742796405,0.2462483218342688,0.4835709232404572,0.6232558139534884,0.37670672874075156,0.40035286272488124,0.08837209302325581,0.38285714285714284,0.36301770824658003,0.39206574342720296,0.07428571428571429,0.023255813953488372,0.017142857142857144,0.38571428571428573,15.682857142857143,0.037209302325581395,0.0,0.035592842955707235,0.08436634914903719,4.0,0.0,0.0,0.15,0.07906976744186046,0,0.15062487734980032,0.24656884762063255,2.779076822642937,0.9108458889427752,0.0,1.0,0.0,0.3,0.0,0.570275459879821,0.2,0.08,0.023255813953488372,0.5,0.25
155,0.9704745259018729,0.48324292661731977,0.8515923866810827,0.4917027161511097,0.2462483218342688,0.4838040688478007,0.6186046511627907,0.37670672874075156,0.40035286272488124,0.08837209302325581,0.38,0.36301770824658003,0.39206574342720296,0.07428571428571429,0.018604651162790697,0.02,0.38571428571428573,15.705714285714286,0.037209302325581395,0.0,0.035592842955707235,0.08436634914903719,4.0,0.0,0.0,0.15,0.07906976744186046,0,0.15004303867733704,0.2453360033825294,2.743495286190078,0.8926289711639196,0.0,1.0,0.0,0.3,0.0,0.570275459879821,0.2,0.08,0.018604651162790697,0.5,0.25
156,0.9701728275910424,0.4827694815923372,0.8513988282372208,0.4916327818830434,0.2462483218342688,0.4840096187193381,0.6495327102803738,0.3773801965302133,0.401142049396293,0.08878504672897196,0.39714285714285713,0.36301770824658003,0.39206574342720296,0.07428571428571429,0.018691588785046728,0.014285714285714285,0.38857142857142857,15.757142857142858,0.03271028037383177,0.002857142857142857,0.03561548697485538,0.08436634914903718,3.9626168224299065,0.0,0.0,0.15,0.0794392523364486,0,0.14937853776966464,0.24410932336561675,2.702911094751991,0.8747763917406411,0.0,1.0,0.0,0.3,0.0,0.570275459879821,0.2,0.08,0.018604651162790697,0.5,0.25
157,0.9691402043270658,0.48229917295559505,0.850044012410012,0.4920300612634734,0.2462483218342688,0.48428469056518797,0.6525821596244131,0.3773775197750567,0.40148925401576724,0.0892018779342723,0.39714285714285713,0.36301770824658003,0.39206574342720296,0.07428571428571429,0.009389671361502348,0.011428571428571429,0.3914285714285714,15.782857142857143,0.03286384976525822,0.002857142857142857,0.03563347293869851,0.08436634914903716,3.9624413145539905,0.0,0.0,0.15,0.07981220657276995,0,0.14880278793795915,0.24288877674878867,2.6602814442855225,0.8572808639058282,0.0,1.0,0.0,0.3,0.0,0.570275459879821,0.2,0.08,0.009345794392523364,0.5,0.25
158,0.9694843645122396,0.48235422426922575,0.8502534584655606,0.4916924676386858,0.2462483218342688,0.4845690203518395,0.6384976525821596,0.3773775197750567,0.40148925401576724,0.0892018779342723,0.38857142857142857,0.36301770824658003,0.39206574342720296,0.07428571428571429,0.018779342723004695,0.02,0.3914285714285714,15.811428571428571,0.028169014084507043,0.0,0.03564040816424511,0.08436634914903716,3.9624413145539905,0.0,0.0,0.15,0.07981220657276995,0,0.1482300597125551,0.24167433286504475,2.6270758153998117,0.8401352466277117,0.0,1.0,0.0,0.3,0.0,0.570275459879821,0.2,0.08,0.018779342723004695,0.5,0.25
159,0.9706132159888957,0.48177503270749106,0.8509404452213543,0.4913178186497258,0.2462483218342688,0.4848472558902835,0.6619718309859155,0.3775653132022867,0.4016300990861898,0.0892018779342723,0.40285714285714286,0.3631319939608657,0.39215145771291726,0.07428571428571429,0.028169014084507043,0.022857142857142857,0.3914285714285714,15.748571428571429,0.023474178403755867,0.0,0.03564040816424511,0.08436634914903716,3.9624413145539905,0.0,0.0,0.15,0.07981220657276995,0,0.1484603379854209,0.2404659612007195,2.5973914419489583,0.8724151040772211,0.0,0.75,0.0,0.3,0.0,0.570275459879821,0.2,0.08,0.028169014084507043,0.5,0.25
160,0.9707306696839358,0.4822873965180727,0.8510119241843358,0.4916069894264176,0.2462483218342688,0.4850411137837719,0.7230046948356808,0.3775653132022867,0.4016300990861898,0.0892018779342723,0.44,0.3631319939608657,0.39215145771291726,0.07428571428571429,0.018779342723004695,0.014285714285714285,0.3914285714285714,15.76,0.023474178403755867,0.0,0.03564040816424511,0.08436634914903716,3.9624413145539905,0.0,0.0,0.15,0.07981220657276995,0,0.14780375058120807,0.2392636313947159,2.5597293273956936,0.8549668019956767,0.0,1.0,0.0,0.3,0.0,0.570275459879821,0.2,0.08,0.018779342723004695,0.5,0.25
161,0.9704518163091729,0.48191283619015846,0.8508422219876945,0.4919203598175183,0.2462483218342688,0.48547090056658965,0.676056338028169,0.3775653132022867,0.4016300990861898,0.0892018779342723,0.4114285714285714,0.3631319939608657,0.39215145771291726,0.07428571428571429,0.018779342723004695,0.02,0.3914285714285714,15.748571428571429,0.023474178403755867,0.0,0.03564040816424511,0.08436634914903716,3.9624413145539905,0.0,0.0,0.15,0.07981220657276995,0,0.14729273254258773,0.23806731323774233,2.5285347408477796,0.8378674659557631,0.0,1.0,0.0,0.3,0.0,0.570275459879821,0.2,0.08,0.018779342723004695,0.5,0.25
162,0.9711622631195606,0.48145020987808446,0.8512745796180161,0.4910958167781732,0.2462483218342688,0.48589289748374764,0.7183098591549296,0.37765920991590163,0.40170052162140113,0.0892018779342723,0.43714285714285717,0.3631891368180086,0.39219431485577444,0.07428571428571429,0.014084507042253521,0.011428571428571429,0.3914285714285714,15.737142857142857,0.023474178403755867,0.0,0.03564040816424511,0.08436634914903716,3.9624413145539905,0.0,0.0,0.15,0.07981220657276995,0,0.14707055459416052,0.23870341286156993,2.489392617459395,0.8211101166366479,0.0,0.75,0.0,0.3,0.0,0.570275459879821,0.2,0.08,0.014084507042253521,0.5,0.25
163,0.970653542983715,0.48329368003431933,0.8509649870782015,0.491633247877241,0.2462483218342688,0.4863044084034849,0.6995305164319249,0.3778470033431317,0.40184136669182363,0.0892018779342723,0.4257142857142857,0.3633034225322943,0.39228002914148874,0.07428571428571429,0.028169014084507043,0.022857142857142857,0.3914285714285714,15.694285714285714,0.023474178403755867,0.0,0.03564040816424511,0.08436634914903716,3.9624413145539905,0.0,0.0,0.15,0.07981220657276995,0,0.14736348753547543,0.2375098957972621,2.4624619079673504,0.8605614369194033,0.0,0.75,0.0,0.3,0.0,0.570275459879821,0.2,0.08,0.028169014084507043,0.5,0.25
164,0.97070728806466,0.4847290555927153,0.850850229370398,0.49182318904147254,0.2462483218342688,0.4869181982607898,0.75,0.3769557025063878,0.40206221926341174,0.08962264150943396,0.4542857142857143,0.3633034225322943,0.39228002914148874,0.07428571428571429,0.009433962264150943,0.008571428571428572,0.3942857142857143,15.722857142857142,0.02358490566037736,0.002857142857142857,0.03565244090865661,0.08436634914903718,3.952830188679245,0.0,0.0,0.15,0.08018867924528301,0,0.1467408129549409,0.23632234631827578,2.421784098379432,0.8433502081810154,0.0,1.0,0.0,0.3,0.0,0.570275459879821,0.2,0.08,0.009389671361502348,0.5,0.25
165,0.9718686767444005,0.48540651227834236,0.8515536990849838,0.4919835989810315,0.2462483218342688,0.48758472590625546,0.7547169811320755,0.3771443817516709,0.40220372869737403,0.09433962264150944,0.45714285714285713,0.36341770824658,0.39236574342720293,0.07714285714285714,0.02358490566037736,0.02,0.3942857142857143,15.734285714285715,0.02358490566037736,0.0,0.0356571734479042,0.08436634914903718,3.952830188679245,0.0,0.0,0.15,0.08018867924528301,0,0.14703539460445192,0.24219010181142828,2.3933484164118433,0.8646575403022816,0.0,0.7142857142857143,0.0,0.3,0.0,0.570275459879821,0.2,0.08,0.02358490566037736,0.5,0.25
166,0.9721331193635687,0.4853368596497353,0.8517138757571657,0.4920436196896419,0.2462483218342688,0.4882576384402979,0.7264150943396226,0.37723872137431236,0.4022744834143552,0.09433962264150944,0.44,0.36347485110372285,0.39240860057006005,0.07714285714285714,0.02358490566037736,0.02,0.3942857142857143,15.745714285714286,0.02358490566037736,0.0,0.0356571734479042,0.08436634914903718,3.952830188679245,0.0,0.0,0.15,0.08018867924528301,0,0.1468430747742868,0.24097915130237116,2.3654814480836066,0.8681255332467198,0.0,0.8571428571428571,0.0,0.3,0.0,0.570275459879821,0.2,0.08,0.02358490566037736,0.5,0.25
167,0.9721245044579585,0.4857686204221463,0.8517086575857674,0.49255403943198683,0.2462483218342688,0.48891792411949714,0.7830188679245284,0.37733306099695396,0.40234523813133627,0.09433962264150944,0.4742857142857143,0.3635319939608657,0.39245145771291734,0.07714285714285714,0.02358490566037736,0.022857142857142857,0.3942857142857143,15.797142857142857,0.02358490566037736,0.0,0.0356571734479042,0.08436634914903718,3.952830188679245,0.0,0.0,0.15,0.08018867924528301,0,0.14673700297184394,0.25263434699240017,2.341028961979077,0.8579235363236084,0.0,0.875,0.0,0.3,0.0,0.570275459879821,0.2,0.08,0.02358490566037736,0.5,0.25
168,0.9712052717813947,0.48657514317496225,0.8511518652216773,0.49268384919716124,0.2462483218342688,0.4893369782451301,0.7877358490566038,0.37733306099695396,0.40234523813133627,0.09433962264150944,0.47714285714285715,0.3635319939608657,0.39245145771291734,0.07714285714285714,0.018867924528301886,0.017142857142857144,0.3942857142857143,15.771428571428572,0.02358490566037736,0.0,0.0356571734479042,0.08436634914903718,3.952830188679245,0.0,0.0,0.15,0.08018867924528301,0,0.1461176036712704,0.2513711752574382,2.311351239882353,0.8407650655971363,0.0,1.0,0.0,0.3,0.0,0.570275459879821,0.2,0.08,0.018867924528301886,0.5,0.25
169,0.9710965031078507,0.48742478054721866,0.8510859824822736,0.49354621726985987,0.2462483218342688,0.4897979642736521,0.7877358490566038,0.37742740061959545,0.4024159928483174,0.09433962264150944,0.47714285714285715,0.3635891368180086,0.3924943148557744,0.07714285714285714,0.02358490566037736,0.02,0.3942857142857143,15.865714285714287,0.02358490566037736,0.0,0.0356571734479042,0.08436634914903718,3.952830188679245,0.0,0.0,0.15,0.08018867924528301,0,0.14592987279577121,0.250114319381151,2.2851242150847058,0.8858423808639998,0.0,0.8571428571428571,0.0,0.3,0.0,0.570275459879821,0.2,0.08,0.02358490566037736,0.5,0.25
170,0.970767859257186,0.4865083574117074,0.8508869182070138,0.4928927646522254,0.2462483218342688,0.4901113019129207,0.7594339622641509,0.37752174024223695,0.4024974176729055,0.09433962264150944,0.46,0.36364627967515145,0.39254363503523915,0.07714285714285714,0.02358490566037736,0.02,0.3942857142857143,15.837142857142856,0.02358490566037736,0.0,0.0356571734479042,0.08436634914903718,3.952830188679245,0.0,0.0,0.15,0.08018867924528301,0,0.14579979557464953,0.24886374778424522,2.259421730783011,0.8735497959220491,0.0,0.8571428571428571,0.0,0.3,0.0,0.570275459879821,0.2,0.08,0.02358490566037736,0.5,0.25
171,0.9697320556285753,0.4863020656246595,0.8502595171519698,0.49245346117113853,0.2462483218342688,0.49031572418111435,0.7075471698113207,0.37752174024223695,0.4024974176729055,0.09433962264150944,0.42857142857142855,0.36364627967515145,0.39254363503523915,0.07714285714285714,0.018867924528301886,0.02,0.3942857142857143,15.834285714285715,0.02358490566037736,0.0,0.0356571734479042,0.08436634914903718,3.952830188679245,0.0,0.0,0.15,0.08018867924528301,0,0.14524208231106198,0.247619429045324,2.2342332961673512,0.856078800003608,0.0,1.0,0.0,0.3,0.0,0.570275459879821,0.2,0.08,0.018867924528301886,0.5,0.25
172,0.9712841800741908,0.48684851310849,0.8511996611018854,0.4931435123293894,0.2462483218342688,0.4905814972391441,0.7028301886792453,0.37752174024223695,0.4024974176729055,0.09433962264150944,0.4257142857142857,0.36364627967515145,0.39254363503523915,0.07714285714285714,0.018867924528301886,0.02,0.3942857142857143,15.925714285714285,0.02358490566037736,0.0,0.0356571734479042,0.08436634914903718,3.952830188679245,0.0,0.0,0.15,0.08018867924528301,0,0.1446587290423638,0.24638133190009737,2.209548630244004,0.8389572240035359,0.0,1.0,0.0,0.3,0.0,0.570275459879821,0.2,0.08,0.018867924528301886,0.5,0.25
173,0.971233724232848,0.4871917632992455,0.8511690992779862,0.49307435252445064,0.2462483218342688,0.4908908781036481,0.660377358490566,0.37752174024223695,0.4024974176729055,0.09433962264150944,0.4,0.36364627967515145,0.39254363503523915,0.07714285714285714,0.018867924528301886,0.02,0.3942857142857143,15.93142857142857,0.02358490566037736,0.0,0.0356571734479042,0.08436634914903718,3.952830188679245,0.0,0.0,0.15,0.08018867924528301,0,0.14407829254000912,0.24514942524059688,2.185357657639124,0.8221780795234651,0.0,1.0,0.0,0.3,0.0,0.570275459879821,0.2,0.08,0.018867924528301886,0.5,0.25
174,0.9694736021078804,0.4865524013743141,0.8498915998997203,0.4928476077903695,0.2462483218342688,0.4910891563722691,0.6966824644549763,0.37833403888940265,0.404162591556323,0.0947867298578199,0.42,0.36381770824658005,0.39268476486160303,0.07714285714285714,0.03317535545023697,0.02857142857142857,0.39714285714285713,15.982857142857142,0.023696682464454975,0.002857142857142857,0.03570537985056797,0.08436634914903718,3.8862559241706163,0.0,0.0,0.15,0.08056872037914692,0,0.14478647250588053,0.2439236781143939,2.17022193305777,0.9057655331200002,0.0,0.7,0.0,0.3,0.0,0.570275459879821,0.2,0.08,0.0330188679245283,0.5,0.25
175,0.9708337127570802,0.48638111858874644,0.8507115523196667,0.4926666552969702,0.2462483218342688,0.49109600678219156,0.6966824644549763,0.37852361234911824,0.40430477165110973,0.0947867298578199,0.42,0.36393199396086573,0.3927704791473174,0.07714285714285714,0.014218009478672985,0.014285714285714285,0.39714285714285713,16.0,0.018957345971563982,0.0,0.03574626837929971,0.08436634914903718,3.8862559241706163,0.0,0.0,0.15,0.08056872037914692,0,0.14460539728620825,0.24270405972382195,2.1411032086823285,0.9060719810870655,0.0,0.8,0.0,0.3,0.0,0.570275459879821,0.2,0.08,0.014218009478672985,0.5,0.25
176,0.9731108855960623,0.4861364619245417,0.8520843622311671,0.49234284217937696,0.2462483218342688,0.4910417431629228,0.7203791469194313,0.37852361234911824,0.40430477165110973,0.0947867298578199,0.4342857142857143,0.36393199396086573,0.3927704791473174,0.07714285714285714,0.018957345971563982,0.017142857142857144,0.39714285714285713,16.1,0.023696682464454975,0.0,0.03574626837929971,0.08436634914903718,3.8862559241706163,0.0,0.0,0.15,0.08056872037914692,0,0.1440250845854915,0.24149053942520282,2.1154240016515393,0.8879505414653243,0.0,1.0,0.0,0.3,0.0,0.570275459879821,0.2,0.08,0.018957345971563982,0.5,0.25
177,0.9733240363458674,0.4843293473550508,0.8512132944685121,0.49118102814073283,0.2462483218342688,0.4909706873769112,0.7047619047619048,0.3791712526355383,0.4048217054448541,0.09523809523809523,0.4228571428571429,0.36393199396086573,0.3927704791473174,0.07714285714285714,0.014285714285714285,0.02,0.4,16.13714285714286,0.01904761904761905,0.002857142857142857,0.035772280584421466,0.08436634914903716,3.8476190476190477,0.0,0.0,0.15,0.08095238095238096,0,0.14347624487684973,0.2402830867280768,2.093115521618509,0.8701915306360177,0.0,1.0,0.0,0.3,0.0,0.570275459879821,0.2,0.08,0.018957345971563982,0.5,0.25
178,0.9734234976069724,0.4855072837186927,0.8512729712251751,0.4919320528302385,0.2462483218342688,0.49083863048367565,0.6476190476190476,0.37926649073077645,0.40489313401628263,0.09523809523809523,0.38857142857142857,0.3639891368180086,0.3928133362901745,0.07714285714285714,0.01904761904761905,0.014285714285714285,0.4,16.14857142857143,0.023809523809523808,0.0,0.03578687934217728,0.08436634914903716,3.8476190476190477,0.0,0.0,0.15,0.08095238095238096,0,0.14327314936675123,0.23908167129443642,2.0655389254718526,0.8761456332972118,0.0,0.8,0.0,0.3,0.0,0.570275459879821,0.2,0.08,0.01904761904761905,0.5,0.25
179,0.9720107113294733,0.4847569447321069,0.8504252994586755,0.4916377867660469,0.2462483218342688,0.4908615064738229,0.6190476190476191,0.3793617288260145,0.40496456258771124,0.09523809523809523,0.37142857142857144,0.3640462796751514,0.39285619343303163,0.07714285714285714,0.01904761904761905,0.017142857142857144,0.4,16.12,0.01904761904761905,0.0,0.03578687934217728,0.08436634914903716,3.8476190476190477,0.0,0.0,0.15,0.08095238095238096,0,0.14315649790563173,0.23788626293796425,2.041371004105273,0.9039207967999998,0.0,0.8333333333333334,0.0,0.3,0.0,0.570275459879821,0.2,0.08,0.01904761904761905,0.5,0.25
180,0.9713192508771462,0.48350662664322414,0.8500104231872794,0.491093832875531,0.2462483218342688,0.49086180150046144,0.6571428571428571,0.3794569669212526,0.4050359911591398,0.09523809523809523,0.3942857142857143,0.36410342253229433,0.3928990505758888,0.07714285714285714,0.01904761904761905,0.02,0.4,16.114285714285714,0.01904761904761905,0.0,0.03578687934217728,0.08436634914903716,3.8476190476190477,0.0,0.0,0.15,0.08095238095238096,0,0.14304057255896074,0.2366968316232744,2.020543584023167,0.8858423808639998,0.0,0.8571428571428571,0.0,0.3,0.0,0.570275459879821,0.2,0.08,0.01904761904761905,0.5,0.25
181,0.9769355665976597,0.4835818817023521,0.8507186803385867,0.4913596523028184,0.2462483218342688,0.4909100096681368,0.6889952153110048,0.3793042158108959,0.4048231123304143,0.09569377990430622,0.4114285714285714,0.36416056538943714,0.392941907718746,0.07714285714285714,0.009569377990430622,0.014285714285714285,0.40285714285714286,16.134285714285713,0.019138755980861243,0.002857142857142857,0.03586552187261557,0.08436634914903715,3.770334928229665,0.0,0.0,0.15,0.08133971291866028,0,0.14286822683902306,0.23551334746515803,1.994418426628418,0.8698972180084482,0.0,0.8,0.0,0.3,0.0,0.570275459879821,0.2,0.08,0.014285714285714285,0.5,0.25
182,0.9764155344884913,0.48496858963884876,0.8505425719290209,0.49156318036257995,0.2462483218342688,0.4910005504148547,0.6859903381642513,0.3779500924053766,0.40446020309219866,0.09178743961352658,0.4057142857142857,0.36416056538943714,0.392941907718746,0.07714285714285714,0.004830917874396135,0.011428571428571429,0.4085714285714286,16.174285714285713,0.00966183574879227,0.005714285714285714,0.035919197060637995,0.08436634914903718,3.7294685990338166,0.0,0.0,0.15,0.0821256038647343,0,0.1422680285619708,0.23433578072783226,1.9659586295244211,0.8524992736482793,0.0,1.0,0.0,0.3,0.0,0.570275459879821,0.2,0.08,0.009569377990430622,0.5,0.25
183,0.97686873094761,0.4853150164291032,0.8508106052634142,0.49153354852620496,0.2462483218342688,0.491299747519877,0.6666666666666666,0.3779500924053766,0.40446020309219866,0.09178743961352658,0.3942857142857143,0.36416056538943714,0.392941907718746,0.07714285714285714,0.004830917874396135,0.008571428571428572,0.4085714285714286,16.17142857142857,0.00966183574879227,0.0,0.035946937381780536,0.08436634914903718,3.7294685990338166,0.0,0.0,0.15,0.0821256038647343,0,0.14164240270487524,0.2331641018241931,1.9352108855053611,0.8354492881753136,0.0,1.0,0.0,0.3,0.0,0.570275459879821,0.2,0.08,0.004830917874396135,0.5,0.25
184,0.9769124976972844,0.48384142689496734,0.8508364901696502,0.49052870324404435,0.2462483218342688,0.49163611447430766,0.7391304347826086,0.3779500924053766,0.40446020309219866,0.09178743961352658,0.43714285714285717,0.36416056538943714,0.392941907718746,0.07714285714285714,0.004830917874396135,0.008571428571428572,0.4085714285714286,16.217142857142857,0.004830917874396135,0.0,0.035946937381780536,0.08436634914903718,3.7294685990338166,0.0,0.0,0.15,0.0821256038647343,0,0.14101990497706512,0.23199828131507214,1.9050780963666822,0.8187403024118074,0.0,1.0,0.0,0.3,0.0,0.570275459879821,0.2,0.08,0.004830917874396135,0.5,0.25
185,0.9748475928910312,0.4834869755764678,0.8496152464699518,0.49024316065326584,0.2462483218342688,0.49183729980904606,0.6956521739130435,0.3779500924053766,0.40446020309219866,0.09178743961352658,0.4114285714285714,0.36416056538943714,0.392941907718746,0.07714285714285714,0.004830917874396135,0.008571428571428572,0.4085714285714286,16.251428571428573,0.004830917874396135,0.0,0.035946937381780536,0.08436634914903718,3.7294685990338166,0.0,0.0,0.15,0.0821256038647343,0,0.14040051973789408,0.23083828990849678,1.8755479630107772,0.8023654963635712,0.0,1.0,0.0,0.3,0.0,0.570275459879821,0.2,0.08,0.004830917874396135,0.5,0.25
186,0.974217349395317,0.4834766299717145,0.8492425024596295,0.49001492213750014,0.2462483218342688,0.49200063337418715,0.6956521739130435,0.3779500924053766,0.40446020309219866,0.09178743961352658,0.4114285714285714,0.36416056538943714,0.392941907718746,0.07714285714285714,0.004830917874396135,0.008571428571428572,0.4085714285714286,16.242857142857144,0.004830917874396135,0.0,0.035946937381780536,0.08436634914903718,3.7294685990338166,0.0,0.0,0.15,0.0821256038647343,0,0.13978423142491891,0.2296840984589543,1.8466084323219905,0.7863181864362998,0.0,1.0,0.0,0.3,0.0,0.570275459879821,0.2,0.08,0.004830917874396135,0.5,0.25
187,0.972967995500138,0.4837669914834547,0.8485035988701949,0.4900808685513666,0.2462483218342688,0.4923531591637692,0.6231884057971014,0.3779500924053766,0.40446020309219866,0.09178743961352658,0.36857142857142855,0.36416056538943714,0.392941907718746,0.07714285714285714,0.004830917874396135,0.002857142857142857,0.4085714285714286,16.214285714285715,0.00966183574879227,0.0,0.035946937381780536,0.08436634914903718,3.7294685990338166,0.0,0.0,0.15,0.0821256038647343,0,0.13911388169636574,0.22853567796665952,1.8125334065326932,0.7705918227075738,0.0,1.0,0.0,0.3,0.0,0.570275459879821,0.2,0.08,0.004830917874396135,0.5,0.25
188,0.9739804509113863,0.485006233192631,0.8491023939277047,0.490728555989855,0.2462483218342688,0.49266099460530954,0.6328502415458938,0.3781433291203525,0.4046051306284305,0.09178743961352658,0.3742857142857143,0.3642748511037228,0.3930276220044602,0.07714285714285714,0.014492753623188406,0.014285714285714285,0.4085714285714286,16.214285714285715,0.00966183574879227,0.0,0.035946937381780536,0.08436634914903718,3.7294685990338166,0.0,0.0,0.15,0.0821256038647343,0,0.1394180265735982,0.22739299957682624,1.7905684526877537,0.8187403024118074,0.0,0.6,0.0,0.3,0.0,0.570275459879821,0.2,0.08,0.014492753623188406,0.5,0.25
189,0.9739927719270738,0.48463488814403977,0.8491096809284113,0.490783535277438,0.2462483218342688,0.49310372359605653,0.6473429951690821,0.3781433291203525,0.4046051306284305,0.09178743961352658,0.38285714285714284,0.3642748511037228,0.3930276220044602,0.07714285714285714,0.004830917874396135,0.005714285714285714,0.4085714285714286,16.17142857142857,0.014492753623188406,0.0,0.035946937381780536,0.08436634914903718,3.7294685990338166,0.0,0.0,0.15,0.0821256038647343,0,0.13877807929787306,0.22625603457894208,1.7604713693482843,0.8023654963635712,0.0,1.0,0.0,0.3,0.0,0.570275459879821,0.2,0.08,0.004830917874396135,0.5,0.25
190,0.9732075700781968,0.4848997381860087,0.8486452901206468,0.49115130655466177,0.2462483218342688,0.4933924296522444,0.6859903381642513,0.3781433291203525,0.4046051306284305,0.09178743961352658,0.4057142857142857,0.3642748511037228,0.3930276220044602,0.07714285714285714,0.004830917874396135,0.005714285714285714,0.4085714285714286,16.18,0.00966183574879227,0.0,0.035946937381780536,0.08436634914903718,3.7294685990338166,0.0,0.0,0.15,0.0821256038647343,0,0.13816976032995512,0.22512475440604737,1.7309762276756044,0.7863181864362998,0.0,1.0,0.0,0.3,0.0,0.570275459879821,0.2,0.08,0.004830917874396135,0.5,0.25
191,0.9734223511285311,0.4853796696735269,0.8487723177704162,0.4911039331653314,0.2462483218342688,0.4936713017899741,0.6763285024154589,0.3781433291203525,0.4046051306284305,0.09178743961352658,0.4,0.3642748511037228,0.3930276220044602,0.07714285714285714,0.004830917874396135,0.005714285714285714,0.4085714285714286,16.165714285714287,0.014492753623188406,0.0,0.035946937381780536,0.08436634914903718,3.7294685990338166,0.0,0.0,0.15,0.0821256038647343,0,0.1375644829568768,0.22399913063401714,1.7020709888363779,0.7705918227075738,0.0,1.0,0.0,0.3,0.0,0.570275459879821,0.2,0.08,0.004830917874396135,0.5,0.25
192,0.973517689107234,0.4856947103126202,0.8488287033749631,0.49089134756296254,0.2462483218342688,0.4936614279264722,0.6908212560386473,0.3782399474778404,0.4046775943965465,0.09178743961352658,0.4085714285714286,0.36433199396086574,0.3930704791473173,0.07714285714285714,0.00966183574879227,0.011428571428571429,0.4085714285714286,16.14857142857143,0.00966183574879227,0.0,0.035946937381780536,0.08436634914903718,3.7294685990338166,0.0,0.0,0.15,0.0821256038647343,0,0.1374193748278067,0.22287913498084708,1.6794581404882216,0.7711632941626252,0.0,0.75,0.0,0.3,0.0,0.570275459879821,0.2,0.08,0.00966183574879227,0.5,0.25
193,0.9739645730925919,0.4862795948535252,0.8490930033320178,0.49077183567523996,0.2462483218342688,0.49347592977108967,0.7198067632850241,0.3783365658353284,0.4047500581646624,0.09178743961352658,0.4257142857142857,0.36438913681800855,0.3931133362901746,0.07714285714285714,0.00966183574879227,0.011428571428571429,0.4085714285714286,16.222857142857144,0.014492753623188406,0.0,0.035946937381780536,0.08436634914903718,3.7294685990338166,0.0,0.0,0.15,0.0821256038647343,0,0.13724656366795335,0.23272798266670475,1.657297549107029,0.775632200941126,0.0,0.75,0.0,0.3,0.0,0.570275459879821,0.2,0.08,0.00966183574879227,0.5,0.25
194,0.9743448127448525,0.4864332641392881,0.849317887926355,0.49051601026434777,0.2462483218342688,0.4933108213051325,0.7004830917874396,0.3784331841928163,0.40482252193277835,0.09178743961352658,0.4142857142857143,0.3644462796751514,0.39315619343303165,0.07714285714285714,0.00966183574879227,0.008571428571428572,0.4085714285714286,16.262857142857143,0.00966183574879227,0.0,0.035946937381780536,0.08436634914903718,3.7294685990338166,0.0,0.0,0.15,0.0821256038647343,0,0.13704604513532787,0.23156434275337123,1.6327230266963166,0.7700144916090558,0.0,0.6666666666666666,0.0,0.3,0.0,0.570275459879821,0.2,0.08,0.00966183574879227,0.5,0.25
195,0.973392437786556,0.48772349327713976,0.8487546261653052,0.4918373986301474,0.2462483218342688,0.49328655629206036,0.7198067632850241,0.37862642090779214,0.40496744946901025,0.09178743961352658,0.4257142857142857,0.36456056538943715,0.39324190771874595,0.07714285714285714,0.00966183574879227,0.014285714285714285,0.4085714285714286,16.3,0.014492753623188406,0.0,0.035946937381780536,0.08436634914903718,3.7294685990338166,0.0,0.0,0.15,0.0821256038647343,0,0.13733210062393697,0.23040652103960435,1.6143542804481046,0.7951806293640434,0.0,0.6,0.0,0.3,0.0,0.570275459879821,0.2,0.08,0.00966183574879227,0.5,0.25
196,0.9754497044247296,0.4881821948538156,0.8499713524341678,0.4919895439336543,0.2462483218342688,0.4933352646363089,0.7439613526570048,0.37862642090779214,0.40496744946901025,0.09178743961352658,0.44,0.36456056538943715,0.39324190771874595,0.07714285714285714,0.004830917874396135,0.008571428571428572,0.4085714285714286,16.268571428571427,0.00966183574879227,0.0,0.035946937381780536,0.08436634914903718,3.7294685990338166,0.0,0.0,0.15,0.0821256038647343,0,0.13673115440653155,0.22925448843440635,1.5906386234105712,0.7792770167767625,0.0,1.0,0.0,0.3,0.0,0.570275459879821,0.2,0.08,0.004830917874396135,0.5,0.25
197,0.9760545874444987,0.48865341672716694,0.8503290975344312,0.4914632438176599,0.2462483218342688,0.49330985055637855,0.714975845410628,0.37862642090779214,0.40496744946901025,0.09178743961352658,0.4228571428571429,0.36456056538943715,0.39324190771874595,0.07714285714285714,0.004830917874396135,0.008571428571428572,0.4085714285714286,16.31714285714286,0.014492753623188406,0.0,0.035946937381780536,0.08436634914903718,3.7294685990338166,0.0,0.0,0.15,0.0821256038647343,0,0.1361332129202132,0.2281082159922343,1.5673972795137883,0.7636914764412273,0.0,1.0,0.0,0.3,0.0,0.570275459879821,0.2,0.08,0.004830917874396135,0.5,0.25
198,0.9754332770491935,0.4885364170334922,0.849961636814922,0.49140555583608636,0.2462483218342688,0.4934101508598278,0.748792270531401,0.37862642090779214,0.40496744946901025,0.09178743961352658,0.44285714285714284,0.36456056538943715,0.39324190771874595,0.07714285714285714,0.004830917874396135,0.005714285714285714,0.4085714285714286,16.357142857142858,0.00966183574879227,0.0,0.035946937381780536,0.08436634914903718,3.7294685990338166,0.0,0.0,0.15,0.0821256038647343,0,0.13550968971275495,0.22696767491227313,1.5417636196377982,0.7484176469124028,0.0,1.0,0.0,0.3,0.0,0.570275459879821,0.2,0.08,0.004830917874396135,0.5,0.25
199,0.974665578590835,0.48795333542059643,0.8495075980124073,0.49068114014705155,0.2462483218342688,0.4933508406141268,0.7198067632850241,0.37862642090779214,0.40496744946901025,0.09178743961352658,0.4257142857142857,0.36456056538943715,0.39324190771874595,0.07714285714285714,0.004830917874396135,0.008571428571428572,0.4085714285714286,16.337142857142858,0.014492753623188406,0.0,0.035946937381780536,0.08436634914903718,3.7294685990338166,0.0,0.0,0.15,0.0821256038647343,0,0.13494628412133408,0.22583283653771177,1.5194997758164706,0.7334492939741547,0.0,1.0,0.0,0.3,0.0,0.570275459879821,0.2,0.08,0.004830917874396135,0.5,0.25
200,0.9746059102902151,0.4886961686895704,0.8494723084746121,0.4907541569970202,0.2462483218342688,0.49323582343195005,0.7101449275362319,0.37862642090779214,0.40496744946901025,0.09178743961352658,0.42,0.36456056538943715,0.39324190771874595,0.07714285714285714,0.004830917874396135,0.008571428571428572,0.4085714285714286,16.294285714285714,0.014492753623188406,0.0,0.035946937381780536,0.08436634914903718,3.7294685990338166,0.0,0.0,0.15,0.0821256038647343,0,0.13435726698644165,0.2247036723550232,1.4976812088715699,0.7187803080946716,0.0,1.0,0.0,0.3,0.0,0.570275459879821,0.2,0.08,0.004830917874396135,0.5,0.25
201,0.9752892852420282,0.48872381995793596,0.8498764759461128,0.4909838298622609,0.2462483218342688,0.49311167830402985,0.7391304347826086,0.37862642090779214,0.40496744946901025,0.09178743961352658,0.43714285714285717,0.36456056538943715,0.39324190771874595,0.07714285714285714,0.004830917874396135,0.008571428571428572,0.4085714285714286,16.277142857142856,0.014492753623188406,0.0,0.035946937381780536,0.08436634914903718,3.7294685990338166,0.0,0.0,0.15,0.0821256038647343,0,0.13377119493722375,0.22358015399324807,1.476299013265567,0.7044047019327782,0.0,1.0,0.0,0.3,0.0,0.570275459879821,0.2,0.08,0.004830917874396135,0.5,0.25
202,0.9744687345608573,0.4883881955399781,0.8493911788289631,0.49065418426144486,0.2462483218342688,0.4929185857199308,0.6811594202898551,0.3787230392652801,0.4050399132371261,0.09178743961352658,0.40285714285714286,0.36461770824658,0.3932847648616031,0.07714285714285714,0.00966183574879227,0.011428571428571429,0.4085714285714286,16.285714285714285,0.00966183574879227,0.0,0.035946937381780536,0.08436634914903718,3.7294685990338166,0.0,0.0,0.15,0.0821256038647343,0,0.13361662467682334,0.24044916505819802,1.458201604428827,0.7599850280161676,0.0,0.75,0.0,0.3,0.0,0.570275459879821,0.2,0.08,0.00966183574879227,0.5,0.25
203,0.9749824806031141,0.48868156103731,0.8496950229168124,0.4911358973698492,0.2462483218342688,0.49275972246248967,0.7198067632850241,0.3787230392652801,0.4050399132371261,0.09178743961352658,0.4257142857142857,0.36461770824658,0.3932847648616031,0.07714285714285714,0.004830917874396135,0.008571428571428572,0.4085714285714286,16.28857142857143,0.00966183574879227,0.0,0.035946937381780536,0.08436634914903718,3.7294685990338166,0.0,0.0,0.15,0.0821256038647343,0,0.13303425583915351,0.23924691923290703,1.437609000911679,0.7447853274558442,0.0,1.0,0.0,0.3,0.0,0.570275459879821,0.2,0.08,0.004830917874396135,0.5,0.25
204,0.9763883418918886,0.48875414675798795,0.8505264894504591,0.49072582601092896,0.2462483218342688,0.49259370316778434,0.7439613526570048,0.3788196576227679,0.40511237700524216,0.09178743961352658,0.44,0.36467485110372283,0.39332762200446025,0.07714285714285714,0.00966183574879227,0.011428571428571429,0.4085714285714286,16.254285714285714,0.014492753623188406,0.0,0.035946937381780536,0.08436634914903718,3.7294685990338166,0.0,0.0,0.15,0.0821256038647343,0,0.13288337027424343,0.2380506846367425,1.420285392322017,0.7866600047838284,0.0,0.75,0.0,0.3,0.0,0.570275459879821,0.2,0.08,0.00966183574879227,0.5,0.25
205,0.9768193904808745,0.4895604948936983,0.8507814239016592,0.4916463192228904,0.2462483218342688,0.49246471858560875,0.714975845410628,0.3789162759802559,0.40518484077335803,0.09178743961352658,0.4228571428571429,0.36473199396086575,0.3933704791473174,0.07714285714285714,0.00966183574879227,0.005714285714285714,0.4085714285714286,16.28,0.00966183574879227,0.0,0.035946937381780536,0.08436634914903718,3.7294685990338166,0.0,0.0,0.15,0.0821256038647343,0,0.13267609628001512,0.23686043121355876,1.397593970189862,0.7893330242615009,0.0,0.5,0.0,0.3,0.0,0.570275459879821,0.2,0.08,0.00966183574879227,0.5,0.25
206,0.9779206808318223,0.4886128679598594,0.8514327584806481,0.491156434587812,0.2462483218342688,0.49250624669440246,0.7342995169082126,0.3789162759802559,0.40518484077335803,0.09178743961352658,0.4342857142857143,0.36473199396086575,0.3933704791473174,0.07714285714285714,0.004830917874396135,0.008571428571428572,0.4085714285714286,16.268571428571427,0.00966183574879227,0.0,0.035946937381780536,0.08436634914903718,3.7294685990338166,0.0,0.0,0.15,0.0821256038647343,0,0.13215528722718642,0.23567612905749097,1.3782135193574934,0.773546363776271,0.0,1.0,0.0,0.3,0.0,0.570275459879821,0.2,0.08,0.004830917874396135,0.5,0.25
207,0.9781684717282917,0.4893347241861976,0.8515793090965602,0.4912003329634399,0.2462483218342688,0.49248566593846643,0.6859903381642513,0.37910951269523174,0.4053297683095899,0.09178743961352658,0.4057142857142857,0.36484627967515143,0.3934561934330316,0.07714285714285714,0.014492753623188406,0.014285714285714285,0.4085714285714286,16.31714285714286,0.004830917874396135,0.0,0.035946937381780536,0.08436634914903718,3.7294685990338166,0.0,0.0,0.15,0.0821256038647343,0,0.13243736793390765,0.23449774841220353,1.364934963256058,0.7847167237347998,0.0,0.6,0.0,0.3,0.0,0.570275459879821,0.2,0.08,0.014492753623188406,0.5,0.25
208,0.9781303329391844,0.48894055098661837,0.8515567527270024,0.49028776550808856,0.2462483218342688,0.49274803444785775,0.714975845410628,0.37910951269523174,0.4053297683095899,0.09178743961352658,0.4228571428571429,0.36484627967515143,0.3934561934330316,0.07714285714285714,0.004830917874396135,0.008571428571428572,0.4085714285714286,16.31142857142857,0.004830917874396135,0.0,0.035946937381780536,0.08436634914903718,3.7294685990338166,0.0,0.0,0.15,0.0821256038647343,0,0.1318608953799524,0.2333252596701425,1.3462076925623654,0.7690223892601038,0.0,1.0,0.0,0.3,0.0,0.570275459879821,0.2,0.08,0.004830917874396135,0.5,0.25
209,0.9770497594395208,0.48939851978314575,0.8509176706857727,0.49115233382701995,0.2462483218342688,0.49274242634657306,0.7246376811594203,0.3792061310527196,0.4054022320777059,0.09178743961352658,0.42857142857142855,0.3649034225322943,0.3934990505758888,0.07714285714285714,0.004830917874396135,0.008571428571428572,0.4085714285714286,16.28,0.004830917874396135,0.0,0.035946937381780536,0.08436634914903718,3.7294685990338166,0.0,0.0,0.15,0.0821256038647343,0,0.13168730518876695,0.2321586333717918,1.3278549672825466,0.754422208035097,0.0,0.6666666666666666,0.0,0.3,0.0,0.570275459879821,0.2,0.08,0.004830917874396135,0.5,0.25
210,0.9760813945451309,0.48996755903439787,0.8503449520196622,0.49202706230801163,0.2462483218342688,0.4927994709847868,0.714975845410628,0.3792061310527196,0.4054022320777059,0.09178743961352658,0.4228571428571429,0.3649034225322943,0.3934990505758888,0.07714285714285714,0.004830917874396135,0.008571428571428572,0.4085714285714286,16.277142857142856,0.004830917874396135,0.0,0.035946937381780536,0.08436634914903718,3.7294685990338166,0.0,0.0,0.15,0.0821256038647343,0,0.13114301151996596,0.23099784020493283,1.3098692965083243,0.739333763874395,0.0,1.0,0.0,0.3,0.0,0.570275459879821,0.2,0.08,0.004830917874396135,0.5,0.25
211,0.977305650589017,0.4896200232931166,0.8510690120227605,0.49158202418096203,0.2462483218342688,0.4929561201650252,0.6521739130434783,0.3792061310527196,0.4054022320777059,0.09178743961352658,0.38571428571428573,0.3649034225322943,0.3934990505758888,0.07714285714285714,0.004830917874396135,0.008571428571428572,0.4085714285714286,16.28857142857143,0.004830917874396135,0.0,0.035946937381780536,0.08436634914903718,3.7294685990338166,0.0,0.0,0.15,0.0821256038647343,0,0.13057301074808042,0.22984285100390817,1.2922433391495864,0.7245470885969071,0.0,1.0,0.0,0.3,0.0,0.570275459879821,0.2,0.08,0.004830917874396135,0.5,0.25
212,0.977766284939373,0.48969862653585966,0.8513414443385425,0.4914859078939375,0.2462483218342688,0.49282894720489845,0.642512077294686,0.37930274941020753,0.4054746958458218,0.09178743961352658,0.38,0.36496056538943716,0.3935419077187459,0.07714285714285714,0.00966183574879227,0.011428571428571429,0.4085714285714286,16.32,0.004830917874396135,0.0,0.035946937381780536,0.08436634914903718,3.7294685990338166,0.0,0.0,0.15,0.0821256038647343,0,0.13043443140862573,0.22869363674888865,1.2778270437951658,0.723066106689452,0.0,0.75,0.0,0.3,0.0,0.570275459879821,0.2,0.08,0.00966183574879227,0.5,0.25
213,0.9773750900260891,0.49016681625434366,0.8511100804898288,0.49178203932805414,0.2462483218342688,0.4927669121914877,0.6859903381642513,0.37930274941020753,0.4054746958458218,0.09178743961352658,0.4057142857142857,0.36496056538943716,0.3935419077187459,0.07714285714285714,0.004830917874396135,0.008571428571428572,0.4085714285714286,16.334285714285713,0.004830917874396135,0.0,0.035946937381780536,0.08436634914903718,3.7294685990338166,0.0,0.0,0.15,0.0821256038647343,0,0.12986797353729687,0.2275501685651442,1.2608419314906911,0.708604784555663,0.0,1.0,0.0,0.3,0.0,0.570275459879821,0.2,0.08,0.004830917874396135,0.5,0.25
214,0.9788306715043781,0.49174053461257866,0.8501659705926503,0.4928095910883932,0.2462483218342688,0.49278545999614176,0.6553398058252428,0.3802877467969112,0.40651927339074123,0.09223300970873786,0.38571428571428573,0.36496056538943716,0.3935419077187459,0.07714285714285714,0.0,0.005714285714285714,0.4114285714285714,16.31714285714286,0.0,0.002857142857142857,0.03598807384940927,0.08436634914903718,3.6310679611650487,0.0,0.0,0.15,0.0825242718446602,0,0.12927577652675326,0.2264124177223185,1.241339378575163,0.6944326888645498,0.0,1.0,0.0,0.3,0.0,0.570275459879821,0.2,0.08,0.004830917874396135,0.5,0.25
215,0.9773212531531231,0.49154552827048464,0.8492775700773403,0.4929285164247044,0.2462483218342688,0.4929218128134381,0.7184466019417476,0.3802877467969112,0.40651927339074123,0.09223300970873786,0.4228571428571429,0.36496056538943716,0.3935419077187459,0.07714285714285714,0.0,0.0,0.4114285714285714,16.314285714285713,0.0,0.0,0.036060858230039086,0.08436634914903718,3.6310679611650487,0.0,0.0,0.15,0.07766990291262135,0,0.1286293976441195,0.22528035563370688,1.2165125910036596,0.6805440350872588,0.0,0.0,0.0,0.3,0.0,0.570275459879821,0.2,0.08,0.0,0.5,0.25
216,0.9794279440712945,0.49227821360798746,0.8505175081606069,0.4933774612744956,0.2462483218342688,0.4930378402383981,0.7184466019417476,0.3803848341755519,0.4065920889247219,0.09223300970873786,0.4228571428571429,0.36501770824658003,0.39358476486160304,0.07714285714285714,0.0048543689320388345,0.002857142857142857,0.4114285714285714,16.271428571428572,0.0048543689320388345,0.0,0.036060858230039086,0.08436634914903718,3.6310679611650487,0.0,0.0,0.15,0.07766990291262135,0,0.1284148220844703,0.22968590068244302,1.1950394820407293,0.7257653926965526,0.0,0.0,0.0,0.3,0.0,0.570275459879821,0.2,0.08,0.0048543689320388345,0.5,0.25
217,0.9808951117387009,0.49189382192781517,0.851381041130566,0.4931736865138015,0.2462483218342688,0.4931736623361417,0.7038834951456311,0.3804819215541927,0.4066649044587024,0.09223300970873786,0.4142857142857143,0.3650748511037229,0.3936276220044602,0.07714285714285714,0.0048543689320388345,0.002857142857142857,0.4114285714285714,16.305714285714284,0.0048543689320388345,0.0,0.036060858230039086,0.08436634914903718,3.6310679611650487,0.0,0.0,0.15,0.07766990291262135,0,0.12820131940261942,0.24252442409954594,1.1739958352570576,0.7622691433502375,0.0,0.0,0.0,0.3,0.0,0.570275459879821,0.2,0.08,0.0048543689320388345,0.5,0.25
218,0.9807414480098554,0.4905890567964459,0.8512905990501599,0.4927718936119424,0.2462483218342688,0.49347180988467,0.7038834951456311,0.3804819215541927,0.4066649044587024,0.09223300970873786,0.4142857142857143,0.3650748511037229,0.3936276220044602,0.07714285714285714,0.0,0.0,0.4114285714285714,16.34285714285714,0.0048543689320388345,0.0,0.036060858230039086,0.08436634914903718,3.6310679611650487,0.0,0.0,0.15,0.07766990291262135,0,0.12756031280560629,0.24131180197904822,1.1505159185519165,0.7470237604832327,0.0,0.0,0.0,0.3,0.0,0.570275459879821,0.2,0.08,0.0,0.5,0.25
219,0.9809804610042051,0.4908551352063867,0.8514312752696914,0.49239304419016505,0.2462483218342688,0.49381860065983113,0.7038834951456311,0.3805790089328335,0.40673771999268304,0.09223300970873786,0.4142857142857143,0.36513199396086576,0.3936704791473174,0.07714285714285714,0.0048543689320388345,0.002857142857142857,0.4114285714285714,16.414285714285715,0.0,0.0,0.036060858230039086,0.08436634914903718,3.6310679611650487,0.0,0.0,0.15,0.07766990291262135,0,0.1273510826701497,0.2514160312460038,1.130362743038021,0.7400763865283538,0.0,0.0,0.0,0.3,0.0,0.570275459879821,0.2,0.08,0.0048543689320388345,0.5,0.25
220,0.9789932244443444,0.4906967515475484,0.8502616446087448,0.49260485807922316,0.2462483218342688,0.4939918011500489,0.6213592233009708,0.3805790089328335,0.40673771999268304,0.09223300970873786,0.3657142857142857,0.36513199396086576,0.3936704791473174,0.07714285714285714,0.0,0.0,0.4114285714285714,16.402857142857144,0.0,0.0,0.036060858230039086,0.08436634914903718,3.6310679611650487,0.0,0.0,0.15,0.07766990291262135,0,0.12671432725679893,0.2501589510897738,1.1077554881772604,0.7252748587977867,0.0,0.0,0.0,0.3,0.0,0.570275459879821,0.2,0.08,0.0,0.5,0.25
221,0.9781723203364824,0.49043553271916673,0.8497784839052605,0.49265736007028776,0.2462483218342688,0.4943119697332794,0.7087378640776699,0.3805790089328335,0.40673771999268304,0.09223300970873786,0.41714285714285715,0.36513199396086576,0.3936704791473174,0.07714285714285714,0.0,0.0,0.4114285714285714,16.37142857142857,0.0,0.0,0.036060858230039086,0.08436634914903718,3.6310679611650487,0.0,0.0,0.15,0.07766990291262135,0,0.12608075562051493,0.24890815633432498,1.0856003784137154,0.710769361621831,0.0,0.0,0.0,0.3,0.0,0.570275459879821,0.2,0.08,0.0,0.5,0.25
222,0.9778009059351932,0.4910989810116144,0.8495598800005013,0.49345394342739424,0.2462483218342688,0.49462759402785605,0.6844660194174758,0.3805790089328335,0.40673771999268304,0.09223300970873786,0.40285714285714286,0.36513199396086576,0.3936704791473174,0.07714285714285714,0.0,0.0,0.4114285714285714,16.411428571428573,0.0048543689320388345,0.0,0.036060858230039086,0.08436634914903718,3.6310679611650487,0.0,0.0,0.15,0.07766990291262135,0,0.12545035184241238,0.24766361555265334,1.063888370845441,0.6965539743893944,0.0,0.0,0.0,0.3,0.0,0.570275459879821,0.2,0.08,0.0,0.5,0.25
223,0.9779827303411504,0.4909320570013174,0.8496668966508649,0.4930069170968625,0.2462483218342688,0.4949604353755728,0.6601941747572816,0.38067609631147425,0.4068105355266636,0.09223300970873786,0.38857142857142857,0.36518913681800863,0.3937133362901745,0.07714285714285714,0.0048543689320388345,0.002857142857142857,0.4114285714285714,16.37142857142857,0.0,0.0,0.036060858230039086,0.08436634914903718,3.6310679611650487,0.0,0.0,0.15,0.07766990291262135,0,0.12525167151177172,0.24642529747489006,1.045467746285675,0.6963977340274315,0.0,0.0,0.0,0.3,0.0,0.570275459879821,0.2,0.08,0.0048543689320388345,0.5,0.25
224,0.9785041674497266,0.49001908048389387,0.8499737996347698,0.49242279586849275,0.2462483218342688,0.49527325546168116,0.6844660194174758,0.38067609631147425,0.4068105355266636,0.09223300970873786,0.40285714285714286,0.36518913681800863,0.3937133362901745,0.07714285714285714,0.0,0.0,0.4114285714285714,16.37142857142857,0.0,0.0,0.036060858230039086,0.08436634914903718,3.6310679611650487,0.0,0.0,0.15,0.07766990291262135,0,0.12462541315421287,0.2451931709875156,1.0245583913599616,0.6824697793468829,0.0,0.0,0.0,0.3,0.0,0.570275459879821,0.2,0.08,0.0,0.5,0.25
225,0.9779057310978634,0.49048466929508067,0.8496215770962448,0.4929965524930992,0.2462483218342688,0.49550376034462823,0.6990291262135923,0.38067609631147425,0.4068105355266636,0.09223300970873786,0.4114285714285714,0.36518913681800863,0.3937133362901745,0.07714285714285714,0.0,0.0,0.4114285714285714,16.397142857142857,0.0,0.0,0.036060858230039086,0.08436634914903718,3.6310679611650487,0.0,0.0,0.15,0.07766990291262135,0,0.12400228608844181,0.24396720513257802,1.0040672235327621,0.6688203837599452,0.0,0.0,0.0,0.3,0.0,0.570275459879821,0.2,0.08,0.0,0.5,0.25
226,0.9792691597788273,0.4906790228698822,0.8504240522627547,0.49307856854014875,0.2462483218342688,0.4957995023747677,0.6650485436893204,0.38067609631147425,0.4068105355266636,0.09223300970873786,0.3914285714285714,0.36518913681800863,0.3937133362901745,0.07714285714285714,0.0,0.0,0.4114285714285714,16.382857142857144,0.0,0.0,0.036060858230039086,0.08436634914903718,3.6310679611650487,0.0,0.0,0.15,0.07766990291262135,0,0.1233822746579996,0.24274736910691513,0.983985879062107,0.6554439760847464,0.0,0.0,0.0,0.3,0.0,0.570275459879821,0.2,0.08,0.0,0.5,0.25
227,0.9791391393767704,0.49145484871521,0.8503475259689728,0.4937407047797899,0.2462483218342688,0.49605248670519525,0.6456310679611651,0.38067609631147425,0.4068105355266636,0.09223300970873786,0.38,0.36518913681800863,0.3937133362901745,0.07714285714285714,0.0,0.0,0.4114285714285714,16.337142857142858,0.0,0.0,0.036060858230039086,0.08436634914903718,3.6310679611650487,0.0,0.0,0.15,0.07766990291262135,0,0.12276536328470959,0.24153363226138055,0.9643061614808647,0.6423350965630514,0.0,0.0,0.0,0.3,0.0,0.570275459879821,0.2,0.08,0.0,0.5,0.25
228,0.9789170872032149,0.49295458399255404,0.8502168324039657,0.49482533195524964,0.2462483218342688,0.49615558859986075,0.6747572815533981,0.38067609631147425,0.4068105355266636,0.09223300970873786,0.39714285714285713,0.36518913681800863,0.3937133362901745,0.07714285714285714,0.0,0.0,0.4114285714285714,16.32,0.0,0.0,0.036060858230039086,0.08436634914903718,3.6310679611650487,0.0,0.0,0.15,0.07766990291262135,0,0.12215153646828605,0.24032596410007365,0.9450200382512477,0.6294883946317903,0.0,0.0,0.0,0.3,0.0,0.570275459879821,0.2,0.08,0.0,0.5,0.25
229,0.978977004666081,0.4926361919239975,0.8502520981106811,0.49467139652415043,0.2462483218342688,0.4964738023944022,0.6893203883495146,0.38067609631147425,0.4068105355266636,0.09223300970873786,0.4057142857142857,0.36518913681800863,0.3937133362901745,0.07714285714285714,0.0,0.0,0.4114285714285714,16.302857142857142,0.0,0.0,0.036060858230039086,0.08436634914903718,3.6310679611650487,0.0,0.0,0.15,0.07766990291262135,0,0.12154077878594462,0.23912433427957328,0.9261196374862226,0.6168986267391545,0.0,0.0,0.0,0.3,0.0,0.570275459879821,0.2,0.08,0.0,0.5,0.25
230,0.9773546013825568,0.4927694517418394,0.8492971978923785,0.49522501141294484,0.2462483218342688,0.4967108318286936,0.6990291262135923,0.3808702710687558,0.40695616659462475,0.09223300970873786,0.4114285714285714,0.36530342253229425,0.3937990505758888,0.07714285714285714,0.009708737864077669,0.005714285714285714,0.4114285714285714,16.294285714285714,0.0,0.0,0.036060858230039086,0.08436634914903718,3.6310679611650487,0.0,0.0,0.15,0.07766990291262135,0,0.12179021774915774,0.24228227931337432,0.9133115304507838,0.6158163048454905,0.0,0.0,0.0,0.3,0.0,0.570275459879821,0.2,0.08,0.009708737864077669,0.5,0.25
231,0.9782162008209646,0.49280519436579445,0.8498043107046984,0.49547313348187816,0.2462483218342688,0.49712240299808885,0.7330097087378641,0.3808702710687558,0.40695616659462475,0.09223300970873786,0.43142857142857144,0.36530342253229425,0.3937990505758888,0.07714285714285714,0.0,0.0,0.4114285714285714,16.291428571428572,0.0,0.0,0.036060858230039086,0.08436634914903718,3.6310679611650487,0.0,0.0,0.15,0.07766990291262135,0,0.12118126666041198,0.24107086791680743,0.8950452998417681,0.6034999787485807,0.0,0.0,0.0,0.3,0.0,0.570275459879821,0.2,0.08,0.0,0.5,0.25
232,0.9795839202943993,0.4933524110832544,0.8506093113090628,0.4957984759799512,0.2462483218342688,0.49755648689451404,0.7087378640776699,0.3809673584473966,0.4070289821286054,0.09223300970873786,0.41714285714285715,0.3653605653894372,0.393841907718746,0.07714285714285714,0.0048543689320388345,0.002857142857142857,0.4114285714285714,16.32,0.0,0.0,0.036060858230039086,0.08436634914903718,3.6310679611650487,0.0,0.0,0.15,0.07766990291262135,0,0.12100393175568132,0.2739273955871316,0.8800015367020754,0.6059529850162195,0.0,0.0,0.0,0.3,0.0,0.570275459879821,0.2,0.08,0.0048543689320388345,0.5,0.25
233,0.9793087280976226,0.4937166903239873,0.8504473410446741,0.49609717133983916,0.2462483218342688,0.4979449723407234,0.7572815533980582,0.3809673584473966,0.4070289821286054,0.09223300970873786,0.44571428571428573,0.3653605653894372,0.393841907718746,0.07714285714285714,0.0,0.0,0.4114285714285714,16.33142857142857,0.0,0.0,0.036060858230039086,0.08436634914903718,3.6310679611650487,0.0,0.0,0.15,0.07766990291262135,0,0.12039891209690293,0.2725577586091959,0.862401505968034,0.5938339253158951,0.0,0.0,0.0,0.3,0.0,0.570275459879821,0.2,0.08,0.0,0.5,0.25
234,0.9787350032805673,0.49328773215357663,0.8501096630094932,0.4960481294078888,0.2462483218342688,0.4984567243475741,0.7233009708737864,0.3809673584473966,0.4070289821286054,0.09223300970873786,0.4257142857142857,0.3653605653894372,0.393841907718746,0.07714285714285714,0.0,0.0,0.4114285714285714,16.37142857142857,0.0,0.0,0.036060858230039086,0.08436634914903718,3.6310679611650487,0.0,0.0,0.15,0.07766990291262135,0,0.11979691753641841,0.27119496981614993,0.8451534758486732,0.5819572468095773,0.0,0.0,0.0,0.3,0.0,0.570275459879821,0.2,0.08,0.0,0.5,0.25
235,0.9791818122403297,0.4939469930159418,0.8503726419972392,0.4966806936564819,0.2462483218342688,0.49897661602355364,0.7233009708737864,0.3810644458260374,0.4071017976625859,0.09223300970873786,0.4257142857142857,0.36541770824658,0.39388476486160307,0.07714285714285714,0.0048543689320388345,0.002857142857142857,0.4114285714285714,16.44,0.0,0.0,0.036060858230039086,0.08436634914903718,3.6310679611650487,0.0,0.0,0.15,0.07766990291262135,0,0.11962650437730775,0.2707174280170909,0.8311075491888427,0.5950906198801996,0.0,0.0,0.0,0.3,0.0,0.570275459879821,0.2,0.08,0.0048543689320388345,0.5,0.25
236,0.979412984293561,0.49373464207768525,0.8505087032628551,0.4966553942823087,0.2462483218342688,0.49955198621471636,0.7378640776699029,0.3810644458260374,0.4071017976625859,0.09223300970873786,0.4342857142857143,0.36541770824658,0.39388476486160307,0.07714285714285714,0.0,0.0,0.4114285714285714,16.428571428571427,0.0,0.0,0.036060858230039086,0.08436634914903718,3.6310679611650487,0.0,0.0,0.15,0.07766990291262135,0,0.11902837185542121,0.2693638408770055,0.8144853982050659,0.5831888074825957,0.0,0.0,0.0,0.3,0.0,0.570275459879821,0.2,0.08,0.0,0.5,0.25
237,0.978517139467876,0.4941825208238779,0.8499814345940233,0.49716843563373603,0.2462483218342688,0.5001950670065968,0.6650485436893204,0.3810644458260374,0.4071017976625859,0.09223300970873786,0.3914285714285714,0.36541770824658,0.39388476486160307,0.07714285714285714,0.0,0.0,0.4114285714285714,16.457142857142856,0.0,0.0,0.036060858230039086,0.08436634914903718,3.6310679611650487,0.0,0.0,0.15,0.07766990291262135,0,0.11843322999614408,0.2680170216726205,0.7981956902409645,0.5715250313329437,0.0,0.0,0.0,0.3,0.0,0.570275459879821,0.2,0.08,0.0,0.5,0.25
238,0.9801389454140055,0.4943222883635366,0.8509359832366025,0.4973441903285013,0.2462483218342688,0.5007726895781677,0.6796116504854369,0.3810644458260374,0.4071017976625859,0.09223300970873786,0.4,0.36541770824658,0.39388476486160307,0.07714285714285714,0.0,0.0,0.4114285714285714,16.445714285714285,0.0,0.0,0.036060858230039086,0.08436634914903718,3.6310679611650487,0.0,0.0,0.15,0.07766990291262135,0,0.11784106384616337,0.2666769365642574,0.7822317764361453,0.5600945307062849,0.0,0.0,0.0,0.3,0.0,0.570275459879821,0.2,0.08,0.0,0.5,0.25
239,0.9803061142686232,0.4939626189055487,0.8510343740481775,0.4970387851474561,0.2462483218342688,0.5013652480216085,0.6310679611650486,0.3810644458260374,0.4071017976625859,0.09223300970873786,0.37142857142857144,0.36541770824658,0.39388476486160307,0.07714285714285714,0.0,0.0,0.4114285714285714,16.451428571428572,0.0,0.0,0.036060858230039086,0.08436634914903718,3.6310679611650487,0.0,0.0,0.15,0.07766990291262135,0,0.11725185852693255,0.26534355188143605,0.7665871409074223,0.5488926400921592,0.0,0.0,0.0,0.3,0.0,0.570275459879821,0.2,0.08,0.0,0.5,0.25
240,0.9813828734788118,0.4954795132822762,0.8516681237547455,0.49817945929233265,0.2462483218342688,0.5019307770951925,0.6019417475728155,0.3810644458260374,0.4071017976625859,0.09223300970873786,0.35428571428571426,0.36541770824658,0.39388476486160307,0.07714285714285714,0.0,0.0,0.4114285714285714,16.405714285714286,0.0,0.0,0.036060858230039086,0.08436634914903718,3.6310679611650487,0.0,0.0,0.15,0.07766990291262135,0,0.1166655992342979,0.2640168341220289,0.7512553980892738,0.537914787290316,0.0,0.0,0.0,0.3,0.0,0.570275459879821,0.2,0.08,0.0,0.5,0.25
241,0.9804646226564377,0.4960272759539246,0.8511276675564341,0.4981156113805717,0.2462483218342688,0.5024340487714715,0.6747572815533981,0.3810644458260374,0.4071017976625859,0.09223300970873786,0.39714285714285713,0.36541770824658,0.39388476486160307,0.07714285714285714,0.0,0.0,0.4114285714285714,16.437142857142856,0.0,0.0,0.036060858230039086,0.08436634914903718,3.6310679611650487,0.0,0.0,0.15,0.07766990291262135,0,0.1160822712381264,0.26269674995141873,0.7362302901274883,0.5271564915445097,0.0,0.0,0.0,0.3,0.0,0.570275459879821,0.2,0.08,0.0,0.5,0.25
242,0.9799771416380919,0.4958251757857082,0.8508407501570647,0.49746817345558625,0.2462483218342688,0.5029119810929694,0.6504854368932039,0.3810644458260374,0.4071017976625859,0.09223300970873786,0.38285714285714284,0.36541770824658,0.39388476486160307,0.07714285714285714,0.0,0.0,0.4114285714285714,16.417142857142856,0.0048543689320388345,0.0,0.036060858230039086,0.08436634914903718,3.6310679611650487,0.0,0.0,0.15,0.07766990291262135,0,0.11550185988193577,0.26138326620166163,0.7215056843249386,0.5166133617136195,0.0,0.0,0.0,0.3,0.0,0.570275459879821,0.2,0.08,0.0,0.5,0.25
243,0.9817257603211961,0.49547509600965406,0.8518699371534061,0.49727462060424676,0.2462483218342688,0.5035238036667046,0.6844660194174758,0.38116153320467816,0.40717461319656656,0.09223300970873786,0.40285714285714286,0.36547485110372285,0.3939276220044602,0.07714285714285714,0.0048543689320388345,0.002857142857142857,0.4114285714285714,16.397142857142857,0.0048543689320388345,0.0,0.036060858230039086,0.08436634914903718,3.6310679611650487,0.0,0.0,0.15,0.07766990291262135,0,0.11535292201109752,0.26007634987065337,0.7099327134955826,0.5378848916637772,0.0,0.0,0.0,0.3,0.0,0.570275459879821,0.2,0.08,0.0048543689320388345,0.5,0.25
244,0.9813495916938694,0.49533194655734736,0.8516485350470366,0.4975241296993143,0.2462483218342688,0.5041880715366461,0.7378640776699029,0.38116153320467816,0.40717461319656656,0.09223300970873786,0.4342857142857143,0.36547485110372285,0.3939276220044602,0.07714285714285714,0.0,0.0,0.4114285714285714,16.422857142857143,0.0048543689320388345,0.0,0.036060858230039086,0.08436634914903718,3.6310679611650487,0.0,0.0,0.15,0.07766990291262135,0,0.11477615740104202,0.2587759681213001,0.6957340592256709,0.5271271938305017,0.0,0.0,0.0,0.3,0.0,0.570275459879821,0.2,0.08,0.0,0.5,0.25
245,0.9820449726510379,0.49510173801152924,0.8520578164103988,0.49748252788209224,0.2462483218342688,0.5050184374869068,0.7038834951456311,0.38116153320467816,0.40717461319656656,0.09223300970873786,0.4142857142857143,0.36547485110372285,0.3939276220044602,0.07714285714285714,0.0,0.0,0.4114285714285714,16.388571428571428,0.009708737864077669,0.0,0.036060858230039086,0.08436634914903718,3.6310679611650487,0.0,0.0,0.15,0.07766990291262135,0,0.11420227661403683,0.2574820882806936,0.6818193780411576,0.5165846499538916,0.0,0.0,0.0,0.3,0.0,0.570275459879821,0.2,0.08,0.0,0.5,0.25
246,0.9815911401767994,0.49557464120424605,0.851790703582704,0.497971193144373,0.2462483218342688,0.5059604907672172,0.6747572815533981,0.38125862058331894,0.4072474287305471,0.09223300970873786,0.39714285714285713,0.3655319939608657,0.3939704791473173,0.07714285714285714,0.0048543689320388345,0.002857142857142857,0.4114285714285714,16.354285714285716,0.009708737864077669,0.0,0.036060858230039086,0.08436634914903718,3.6310679611650487,0.0,0.0,0.15,0.07766990291262135,0,0.11405983665953807,0.26034813467555984,0.6710401333374773,0.5358556768389653,0.0,0.0,0.0,0.3,0.0,0.570275459879821,0.2,0.08,0.0048543689320388345,0.5,0.25
247,0.9816033844235942,0.4960064924398937,0.8517979101965318,0.4976680566594322,0.2462483218342688,0.5069375812670919,0.6747572815533981,0.3813557079619597,0.40732024426452773,0.09223300970873786,0.39714285714285713,0.36558913681800864,0.39401333629017454,0.07714285714285714,0.0048543689320388345,0.002857142857142857,0.4114285714285714,16.337142857142858,0.0048543689320388345,0.0,0.036060858230039086,0.08436634914903718,3.6310679611650487,0.0,0.0,0.15,0.07766990291262135,0,0.1139181089048118,0.2629735582782078,0.6604764735278705,0.5419665342065059,0.0,0.0,0.0,0.3,0.0,0.570275459879821,0.2,0.08,0.0048543689320388345,0.5,0.25
248,0.9827304410676729,0.49542156284884475,0.852461263535618,0.4973996580198826,0.2462483218342688,0.5079688254601481,0.7184466019417476,0.3813557079619597,0.40732024426452773,0.09223300970873786,0.4228571428571429,0.36558913681800864,0.39401333629017454,0.07714285714285714,0.0,0.0,0.4114285714285714,16.34,0.0048543689320388345,0.0,0.036060858230039086,0.08436634914903718,3.6310679611650487,0.0,0.0,0.15,0.07766990291262135,0,0.11334851836028774,0.2616586904868168,0.647266944057313,0.5311272035223756,0.0,0.0,0.0,0.3,0.0,0.570275459879821,0.2,0.08,0.0,0.5,0.25
249,0.982279558801106,0.4959429971190121,0.8521958871158674,0.4976253781089271,0.2462483218342688,0.5090973557772737,0.7427184466019418,0.38145279534060056,0.40739305979850826,0.09223300970873786,0.43714285714285717,0.36564627967515145,0.39405619343303167,0.07714285714285714,0.0048543689320388345,0.002857142857142857,0.4114285714285714,16.268571428571427,0.0048543689320388345,0.0,0.036060858230039086,0.08436634914903718,3.6310679611650487,0.0,0.0,0.15,0.07766990291262135,0,0.11321034719705772,0.2603503970343827,0.6371787480333096,0.5513004616559035,0.0,0.0,0.0,0.3,0.0,0.570275459879821,0.2,0.08,0.0048543689320388345,0.5,0.25
250,0.9818398318025456,0.49671886266361354,0.8519370763681432,0.49801961148740526,0.2462483218342688,0.5100824563349851,0.6941747572815534,0.38145279534060056,0.40739305979850826,0.09223300970873786,0.4085714285714286,0.36564627967515145,0.39405619343303167,0.07714285714285714,0.0,0.0,0.4114285714285714,16.222857142857144,0.0,0.0,0.036060858230039086,0.08436634914903718,3.6310679611650487,0.0,0.0,0.15,0.07766990291262135,0,0.11264429546107244,0.25904864504921077,0.6244351730726435,0.5402744524227855,0.0,0.0,0.0,0.3,0.0,0.570275459879821,0.2,0.08,0.0,0.5,0.25
251,0.9815530282009151,0.49676261273551,0.8517682719626122,0.4975089280245781,0.2462483218342688,0.5110303534510536,0.7087378640776699,0.38145279534060056,0.40739305979850826,0.09223300970873786,0.41714285714285715,0.36564627967515145,0.39405619343303167,0.07714285714285714,0.0,0.0,0.4114285714285714,16.262857142857143,0.0,0.0,0.036060858230039086,0.08436634914903718,3.6310679611650487,0.0,0.0,0.15,0.07766990291262135,0,0.11208107398376707,0.2577534018239647,0.6119464696111905,0.5294689633743298,0.0,0.0,0.0,0.3,0.0,0.570275459879821,0.2,0.08,0.0,0.5,0.25
252,0.981713303644782,0.496365935470329,0.8518626055095738,0.4965196376086109,0.2462483218342688,0.5119533608337863,0.6796116504854369,0.38145279534060056,0.40739305979850826,0.09223300970873786,0.4,0.36564627967515145,0.39405619343303167,0.07714285714285714,0.0,0.0,0.4114285714285714,16.214285714285715,0.0,0.0,0.036060858230039086,0.08436634914903718,3.6310679611650487,0.0,0.0,0.15,0.07766990291262135,0,0.11152066861384824,0.2564646348148449,0.5997075402189668,0.5188795841068432,0.0,0.0,0.0,0.3,0.0,0.570275459879821,0.2,0.08,0.0,0.5,0.25
253,0.9811293409097162,0.49756767640107447,0.8515189017283635,0.4977562259947365,0.2462483218342688,0.5128342492849565,0.7233009708737864,0.38145279534060056,0.40739305979850826,0.09223300970873786,0.4257142857142857,0.36564627967515145,0.39405619343303167,0.07714285714285714,0.0,0.0,0.4114285714285714,16.17142857142857,0.0,0.0,0.036060858230039086,0.08436634914903718,3.6310679611650487,0.0,0.0,0.15,0.07766990291262135,0,0.110963065270779,0.25518231164077065,0.5877133894145874,0.5085019924247064,0.0,0.0,0.0,0.3,0.0,0.570275459879821,0.2,0.08,0.0,0.5,0.25
254,0.9810873309515951,0.4979328044240925,0.851494175867298,0.4980866587174406,0.2462483218342688,0.5137274503356243,0.7524271844660194,0.38145279534060056,0.40739305979850826,0.09223300970873786,0.44285714285714284,0.36564627967515145,0.39405619343303167,0.07714285714285714,0.0,0.0,0.4114285714285714,16.134285714285713,0.0,0.0,0.036060858230039086,0.08436634914903718,3.6310679611650487,0.0,0.0,0.15,0.07766990291262135,0,0.11040824994442512,0.2539064000825668,0.5759591216262956,0.49833195257621227,0.0,0.0,0.0,0.3,0.0,0.570275459879821,0.2,0.08,0.0,0.5,0.25
255,0.9823788163863345,0.49825997035981906,0.8522543072946018,0.4981254414779775,0.2462483218342688,0.5145367576034844,0.7572815533980582,0.3815498827192413,0.4074658753324889,0.09223300970873786,0.44571428571428573,0.3657034225322943,0.3940990505758888,0.07714285714285714,0.0048543689320388345,0.002857142857142857,0.4114285714285714,16.16857142857143,0.0,0.0,0.036060858230039086,0.08436634914903718,3.6310679611650487,0.0,0.0,0.15,0.07766990291262135,0,0.1102847801232744,0.255536192295248,0.5672970820509127,0.524215551580842,0.0,0.0,0.0,0.3,0.0,0.570275459879821,0.2,0.08,0.0048543689320388345,0.5,0.25
256,0.9816759123362226,0.49828299991900904,0.8518405980536788,0.4982208554938443,0.2462483218342688,0.5152211530217234,0.7475728155339806,0.38164697009788207,0.40753869086646943,0.09223300970873786,0.44,0.3657605653894372,0.39414190771874585,0.07714285714285714,0.0048543689320388345,0.002857142857142857,0.4114285714285714,16.117142857142856,0.0,0.0,0.036060858230039086,0.08436634914903718,3.6310679611650487,0.0,0.0,0.15,0.07766990291262135,0,0.11016192765122945,0.25425851133377175,0.5588082832670371,0.5179586369560097,0.0,0.0,0.0,0.3,0.0,0.570275459879821,0.2,0.08,0.0048543689320388345,0.5,0.25
257,0.9815003366868735,0.49872850688060577,0.8517372592429191,0.4986713028866061,0.2462483218342688,0.515890761241193,0.7572815533980582,0.38174405747652285,0.4076115064004501,0.0970873786407767,0.44571428571428573,0.36581770824658,0.39418476486160314,0.08,0.0048543689320388345,0.002857142857142857,0.4114285714285714,16.13142857142857,0.0,0.0,0.036060858230039086,0.08436634914903718,3.6310679611650487,0.0,0.0,0.15,0.07766990291262135,0,0.11003968944154473,0.25298721877710284,0.5504892604588393,0.5075994642168895,0.0,0.0,0.0,0.3,0.0,0.570275459879821,0.2,0.08,0.0048543689320388345,0.5,0.25
258,0.981184874418592,0.498938003551119,0.8515515871650164,0.4983579247059823,0.2462483218342688,0.5165378236352844,0.8058252427184466,0.38174405747652285,0.4076115064004501,0.0970873786407767,0.4742857142857143,0.36581770824658,0.39418476486160314,0.08,0.0,0.0,0.4114285714285714,16.174285714285713,0.0,0.0,0.036060858230039086,0.08436634914903718,3.6310679611650487,0.0,0.0,0.15,0.07766990291262135,0,0.10948949099433702,0.25172228268321734,0.5394794752496626,0.4974474749325517,0.0,0.0,0.0,0.3,0.0,0.570275459879821,0.2,0.08,0.0,0.5,0.25
259,0.9835671791136033,0.49877868620233795,0.8529537436426514,0.49828725960273995,0.2462483218342688,0.5171831995864655,0.6796116504854369,0.3818411448551636,0.4076843219344306,0.0970873786407767,0.4,0.36587485110372286,0.39422762200446027,0.08,0.0048543689320388345,0.002857142857142857,0.4114285714285714,16.19142857142857,0.0048543689320388345,0.0,0.036060858230039086,0.08436634914903718,3.6310679611650487,0.0,0.0,0.15,0.07766990291262135,0,0.10937061496793676,0.25046367126980124,0.5315470286018121,0.5026320899326661,0.0,0.0,0.0,0.3,0.0,0.570275459879821,0.2,0.08,0.0048543689320388345,0.5,0.25
260,0.9839049697934213,0.49970655599285585,0.8531525575856301,0.4984839968413992,0.2462483218342688,0.5177507575619154,0.6796116504854369,0.3818411448551636,0.4076843219344306,0.0970873786407767,0.4,0.36587485110372286,0.39422762200446027,0.08,0.0,0.0,0.4114285714285714,16.245714285714286,0.0,0.0,0.036060858230039086,0.08436634914903718,3.6310679611650487,0.0,0.0,0.15,0.07766990291262135,0,0.10882376189309707,0.24921135291345223,0.5209160880297758,0.4925794481340127,0.0,0.0,0.0,0.3,0.0,0.570275459879821,0.2,0.08,0.0,0.5,0.25
261,0.9839396622041504,0.49998802354447525,0.8531729765473733,0.4989606202813966,0.2462483218342688,0.5182539387176961,0.7281553398058253,0.3818411448551636,0.4076843219344306,0.0970873786407767,0.42857142857142855,0.36587485110372286,0.39422762200446027,0.08,0.0,0.0,0.4114285714285714,16.271428571428572,0.0,0.0,0.036060858230039086,0.08436634914903718,3.6310679611650487,0.0,0.0,0.15,0.07766990291262135,0,0.10827964308363158,0.24796529614888496,0.5104977662691803,0.4827278591713325,0.0,0.0,0.0,0.3,0.0,0.570275459879821,0.2,0.08,0.0,0.5,0.25
262,0.9825757015287104,0.4999378456628523,0.8523701882641145,0.499281200924769,0.2462483218342688,0.5185969484638479,0.7135922330097088,0.3819382322338044,0.40775713746841125,0.0970873786407767,0.42,0.3659319939608657,0.39427047914731733,0.08,0.0048543689320388345,0.002857142857142857,0.4114285714285714,16.268571428571427,0.0048543689320388345,0.0,0.036060858230039086,0.08436634914903718,3.6310679611650487,0.0,0.0,0.15,0.07766990291262135,0,0.10816681629678486,0.24672546966814052,0.5031449538009395,0.5083299210306069,0.0,0.0,0.0,0.3,0.0,0.570275459879821,0.2,0.08,0.0048543689320388345,0.5,0.25
263,0.9800406087438798,0.49996447023524443,0.8508781050821855,0.4995351123769644,0.2462483218342688,0.5190198984512855,0.7038834951456311,0.3819382322338044,0.40775713746841125,0.0970873786407767,0.4142857142857143,0.3659319939608657,0.39427047914731733,0.08,0.0,0.0,0.4114285714285714,16.24,0.0,0.0,0.036060858230039086,0.08436634914903718,3.6310679611650487,0.0,0.0,0.15,0.07766990291262135,0,0.10762598221530095,0.2454918423197998,0.4930820547249207,0.4981633226099948,0.0,0.0,0.0,0.3,0.0,0.570275459879821,0.2,0.08,0.0,0.5,0.25
264,0.9796304785283918,0.5009306059016584,0.8506367141553557,0.5004054105085709,0.2462483218342688,0.5196061732319794,0.7621359223300971,0.3819382322338044,0.40775713746841125,0.0970873786407767,0.44857142857142857,0.3659319939608657,0.39427047914731733,0.08,0.0,0.0,0.4114285714285714,16.248571428571427,0.0048543689320388345,0.0,0.036060858230039086,0.08436634914903718,3.6310679611650487,0.0,0.0,0.15,0.07766990291262135,0,0.10708785230422443,0.2442643831082008,0.48322041363042234,0.4882000561577949,0.0,0.0,0.0,0.3,0.0,0.570275459879821,0.2,0.08,0.0,0.5,0.25
265,0.9808725590730013,0.4996458653467152,0.8513677672758971,0.49993563355530074,0.2462483218342688,0.5201653034663284,0.7087378640776699,0.3821324069910859,0.4079027685363724,0.0970873786407767,0.41714285714285715,0.3660462796751514,0.39435619343303163,0.08,0.009708737864077669,0.005714285714285714,0.4114285714285714,16.30857142857143,0.0,0.0,0.036060858230039086,0.08436634914903718,3.6310679611650487,0.0,0.0,0.15,0.07766990291262135,0,0.10740955589984616,0.2430430611926598,0.4792702910720997,0.5047523953347608,0.0,0.0,0.0,0.3,0.0,0.570275459879821,0.2,0.08,0.009708737864077669,0.5,0.25
266,0.9805722146648281,0.4997744626286762,0.8511909931385152,0.500373802801042,0.2462483218342688,0.5205772394312592,0.7475728155339806,0.3821324069910859,0.4079027685363724,0.0970873786407767,0.44,0.3660462796751514,0.39435619343303163,0.08,0.0,0.0,0.4114285714285714,16.33142857142857,0.0,0.0,0.036060858230039086,0.08436634914903718,3.6310679611650487,0.0,0.0,0.15,0.07766990291262135,0,0.10687250812034693,0.2418278458866965,0.46968488525065766,0.4946573474280656,0.0,0.0,0.0,0.3,0.0,0.570275459879821,0.2,0.08,0.0,0.5,0.25
267,0.9810181153305767,0.5004315988364703,0.8514534375303558,0.5009286113841688,0.2462483218342688,0.5209604059495897,0.7621359223300971,0.3821324069910859,0.4079027685363724,0.0970873786407767,0.44857142857142857,0.3660462796751514,0.39435619343303163,0.08,0.0,0.0,0.4114285714285714,16.357142857142858,0.0,0.0,0.036060858230039086,0.08436634914903718,3.6310679611650487,0.0,0.0,0.15,0.07766990291262135,0,0.10633814557974522,0.240618706657263,0.46029118754564446,0.4847642004795043,0.0,0.0,0.0,0.3,0.0,0.570275459879821,0.2,0.08,0.0,0.5,0.25
268,0.9809980751919818,0.49984605915558283,0.8514416424773542,0.5004396195687143,0.2462483218342688,0.5213185482975806,0.7038834951456311,0.3821324069910859,0.4079027685363724,0.0970873786407767,0.4142857142857143,0.3660462796751514,0.39435619343303163,0.08,0.0,0.0,0.4114285714285714,16.388571428571428,0.0,0.0,0.036060858230039086,0.08436634914903718,3.6310679611650487,0.0,0.0,0.15,0.07766990291262135,0,0.10580645485184646,0.2394156131239767,0.4510853637947316,0.4750689164699142,0.0,0.0,0.0,0.3,0.0,0.570275459879821,0.2,0.08,0.0,0.5,0.25
269,0.9819927280974198,0.5005153516477944,0.8520270667588407,0.5007831659423524,0.2462483218342688,0.521711658869816,0.6116504854368932,0.3821324069910859,0.4079027685363724,0.0970873786407767,0.36,0.3660462796751514,0.39435619343303163,0.08,0.0,0.0,0.4114285714285714,16.385714285714286,0.0,0.0,0.036060858230039086,0.08436634914903718,3.6310679611650487,0.0,0.0,0.15,0.07766990291262135,0,0.10527742257758724,0.2382185350583568,0.44206365651883694,0.46556753814051594,0.0,0.0,0.0,0.3,0.0,0.570275459879821,0.2,0.08,0.0,0.5,0.25
270,0.9824688135179112,0.5023982974066562,0.8523072770349014,0.501951396756704,0.2462483218342688,0.5221236651038358,0.6116504854368932,0.3821324069910859,0.4079027685363724,0.0970873786407767,0.36,0.3660462796751514,0.39435619343303163,0.08,0.0,0.0,0.4114285714285714,16.314285714285713,0.0,0.0,0.036060858230039086,0.08436634914903718,3.6310679611650487,0.0,0.0,0.15,0.07766990291262135,0,0.1047510354646993,0.237027442383065,0.4332223833884601,0.45625618737770557,0.0,0.0,0.0,0.3,0.0,0.570275459879821,0.2,0.08,0.0,0.5,0.25
271,0.9836825214855258,0.5027445263732314,0.8530216308672688,0.5024786518223816,0.2462483218342688,0.5225476469557032,0.7281553398058253,0.3821324069910859,0.4079027685363724,0.0970873786407767,0.42857142857142855,0.3660462796751514,0.39435619343303163,0.08,0.0,0.0,0.4114285714285714,16.37142857142857,0.0,0.0,0.036060858230039086,0.08436634914903718,3.6310679611650487,0.0,0.0,0.15,0.07766990291262135,0,0.10422728028737582,0.23584230517114968,0.424557935720691,0.4471310636301514,0.0,0.0,0.0,0.3,0.0,0.570275459879821,0.2,0.08,0.0,0.5,0.25
272,0.9833461203647543,0.5039082630466476,0.8528236347790432,0.5028951627853878,0.2462483218342688,0.5230578617285249,0.6844660194174758,0.38222949436972675,0.40797558407035295,0.0970873786407767,0.40285714285714286,0.3661034225322943,0.3943990505758888,0.08,0.0048543689320388345,0.002857142857142857,0.4114285714285714,16.405714285714286,0.0,0.0,0.036060858230039086,0.08436634914903718,3.6310679611650487,0.0,0.0,0.15,0.07766990291262135,0,0.10413471531451035,0.24421009732514704,0.4189239198634201,0.5354373185588331,0.0,0.0,0.0,0.3,0.0,0.570275459879821,0.2,0.08,0.0048543689320388345,0.5,0.25
273,0.9829142649648657,0.5046111330310945,0.8525694570293945,0.5029554637569337,0.2462483218342688,0.5233774734083693,0.7330097087378641,0.38222949436972675,0.40797558407035295,0.0970873786407767,0.43142857142857144,0.3661034225322943,0.3943990505758888,0.08,0.0,0.0,0.4114285714285714,16.425714285714285,0.0048543689320388345,0.0,0.036060858230039086,0.08436634914903718,3.6310679611650487,0.0,0.0,0.15,0.07766990291262135,0,0.10361404173793781,0.2429890468385213,0.41054544146615163,0.5247285721876565,0.0,0.0,0.0,0.3,0.0,0.570275459879821,0.2,0.08,0.0,0.5,0.25
274,0.9813247475624757,0.5066884099487334,0.8516872703652377,0.5038102035273073,0.2462483218342688,0.523713563501257,0.7268292682926829,0.3829861989719762,0.4080162557389669,0.0975609756097561,0.4257142857142857,0.36621770824657995,0.394484764861603,0.08,0.00975609756097561,0.005714285714285714,0.4142857142857143,16.397142857142857,0.0,0.002857142857142857,0.03606814695608595,0.08436634914903718,3.6097560975609757,0.0,0.0,0.15,0.07804878048780488,0,0.10395311438639096,0.24514354112480533,0.40804881835111434,0.5705169359238331,0.0,0.0,0.0,0.3,0.0,0.570275459879821,0.2,0.08,0.009708737864077669,0.5,0.25
275,0.9810850235534625,0.5086016130876077,0.8515468605885301,0.5049511014278701,0.2462483218342688,0.5241769109803469,0.7073170731707317,0.38308375994758603,0.4080894264706742,0.0975609756097561,0.4142857142857143,0.3662748511037229,0.39452762200446023,0.08,0.004878048780487805,0.002857142857142857,0.4142857142857143,16.408571428571427,0.0,0.0,0.0360791305137384,0.08436634914903718,3.6097560975609757,0.0,0.0,0.15,0.07804878048780488,0,0.10386192024303044,0.2439178234191813,0.4027449848412349,0.5990531131235473,0.0,0.0,0.0,0.3,0.0,0.570275459879821,0.2,0.08,0.004878048780487805,0.5,0.25
276,0.9818453734299775,0.5086948240592006,0.8519922083733461,0.5050648077257526,0.2462483218342688,0.5247876610746645,0.6731707317073171,0.38308375994758603,0.4080894264706742,0.0975609756097561,0.3942857142857143,0.3662748511037229,0.39452762200446023,0.08,0.0,0.0,0.4142857142857143,16.431428571428572,0.0,0.0,0.0360791305137384,0.08436634914903718,3.6097560975609757,0.0,0.0,0.15,0.07804878048780488,0,0.10334261064181528,0.2426982343020854,0.3946900851444101,0.5870720508610763,0.0,0.0,0.0,0.3,0.0,0.570275459879821,0.2,0.08,0.0,0.5,0.25
277,0.9814178677370047,0.5089184335715871,0.8517418121817478,0.5055474145729214,0.2462483218342688,0.525448015660669,0.7317073170731707,0.38308375994758603,0.4080894264706742,0.0975609756097561,0.42857142857142855,0.3662748511037229,0.39452762200446023,0.08,0.0,0.0,0.4142857142857143,16.47142857142857,0.0,0.0,0.0360791305137384,0.08436634914903718,3.6097560975609757,0.0,0.0,0.15,0.07804878048780488,0,0.10282589758860622,0.24148474313057497,0.3867962834415219,0.5753306098438548,0.0,0.0,0.0,0.3,0.0,0.570275459879821,0.2,0.08,0.0,0.5,0.25
278,0.9813489586884621,0.508462899764488,0.8517014511676013,0.5050147670827145,0.2462483218342688,0.5259194250963004,0.697560975609756,0.38318132092319573,0.4081625972023815,0.0975609756097561,0.4085714285714286,0.36633199396086574,0.3945704791473174,0.08,0.004878048780487805,0.002857142857142857,0.4142857142857143,16.47142857142857,0.0,0.0,0.0360791305137384,0.08436634914903718,3.6097560975609757,0.0,0.0,0.15,0.07804878048780488,0,0.10274033952923463,0.24027731941492209,0.38191750062983437,0.5782925676681206,0.0,0.0,0.0,0.3,0.0,0.570275459879821,0.2,0.08,0.004878048780487805,0.5,0.25
279,0.9797097989511785,0.5083119211590704,0.8507413718929067,0.505549197167364,0.2462483218342688,0.526449809162406,0.6878048780487804,0.3832788818988055,0.40823576793408883,0.0975609756097561,0.40285714285714286,0.3663891368180086,0.3946133362901745,0.08,0.004878048780487805,0.002857142857142857,0.4142857142857143,16.49142857142857,0.0,0.0,0.0360791305137384,0.08436634914903718,3.6097560975609757,0.0,0.0,0.15,0.07804878048780488,0,0.10265520926015986,0.23907593281784748,0.37713629347438055,0.5781820084622712,0.0,0.0,0.0,0.3,0.0,0.570275459879821,0.2,0.08,0.004878048780487805,0.5,0.25
280,0.9790243816829096,0.5084919089561994,0.8503399132072065,0.5058775750445652,0.2462483218342688,0.5268272088434495,0.697560975609756,0.3832788818988055,0.40823576793408883,0.0975609756097561,0.4085714285714286,0.3663891368180086,0.3946133362901745,0.08,0.0,0.0,0.4142857142857143,16.46857142857143,0.0,0.0,0.0360791305137384,0.08436634914903718,3.6097560975609757,0.0,0.0,0.15,0.07804878048780488,0,0.10214193321385906,0.23788055315375822,0.3695935676048928,0.5666183682930258,0.0,0.0,0.0,0.3,0.0,0.570275459879821,0.2,0.08,0.0,0.5,0.25
281,0.9786611241204757,0.5093751707461894,0.8501271480634949,0.5058779466017489,0.2462483218342688,0.527009735793664,0.7463414634146341,0.3833764428744153,0.4083089386657962,0.0975609756097561,0.43714285714285717,0.3664462796751514,0.3946561934330316,0.08,0.004878048780487805,0.002857142857142857,0.4142857142857143,16.47142857142857,0.0,0.0,0.0360791305137384,0.08436634914903718,3.6097560975609757,0.0,0.0,0.15,0.07804878048780488,0,0.1020597949763612,0.23951129897283627,0.3650588391099379,0.6041371161433717,0.0,0.0,0.0,0.3,0.0,0.570275459879821,0.2,0.08,0.004878048780487805,0.5,0.25
282,0.9793372917267968,0.5097464349746005,0.8505231890900545,0.5064777330313311,0.2462483218342688,0.5272676430869767,0.7024390243902439,0.3833764428744153,0.4083089386657962,0.0975609756097561,0.4114285714285714,0.3664462796751514,0.3946561934330316,0.08,0.0,0.0,0.4142857142857143,16.445714285714285,0.0,0.0,0.0360791305137384,0.08436634914903718,3.6097560975609757,0.0,0.0,0.15,0.07804878048780488,0,0.1015494960014794,0.2383137424779721,0.3577576623277391,0.5920543738205043,0.0,0.0,0.0,0.3,0.0,0.570275459879821,0.2,0.08,0.0,0.5,0.25
283,0.9799524012413582,0.5100224338655645,0.8508834675200119,0.5070486731539305,0.2462483218342688,0.5274325030787538,0.6878048780487804,0.3833764428744153,0.4083089386657962,0.0975609756097561,0.40285714285714286,0.3664462796751514,0.3946561934330316,0.08,0.0,0.0,0.4142857142857143,16.434285714285714,0.0,0.0,0.0360791305137384,0.08436634914903718,3.6097560975609757,0.0,0.0,0.15,0.07804878048780488,0,0.101041748521472,0.23712217376558223,0.3506025090811844,0.5802132863440943,0.0,0.0,0.0,0.3,0.0,0.570275459879821,0.2,0.08,0.0,0.5,0.25
284,0.9807849974137951,0.5102042064812373,0.8513711309924393,0.5070718540455964,0.2462483218342688,0.5274839421761319,0.6780487804878049,0.38347400385002506,0.4083821093975035,0.0975609756097561,0.39714285714285713,0.3665034225322943,0.3946990505758889,0.08,0.004878048780487805,0.002857142857142857,0.4142857142857143,16.428571428571427,0.0,0.0,0.0360791305137384,0.08436634914903718,3.6097560975609757,0.0,0.0,0.15,0.07804878048780488,0,0.10096511120743605,0.2359365628967543,0.3464476017567035,0.5775226712835426,0.0,0.0,0.0,0.3,0.0,0.570275459879821,0.2,0.08,0.004878048780487805,0.5,0.25
285,0.9808483498010194,0.5095327762864654,0.8514082373906707,0.506799809864002,0.2462483218342688,0.5276150030790758,0.6780487804878049,0.38347400385002506,0.4083821093975035,0.0975609756097561,0.39714285714285713,0.3665034225322943,0.3946990505758889,0.08,0.0,0.0,0.4142857142857143,16.408571428571427,0.0,0.0,0.0360791305137384,0.08436634914903718,3.6097560975609757,0.0,0.0,0.15,0.07804878048780488,0,0.10046028565139888,0.23475688008227052,0.3395186497215694,0.5659722178578718,0.0,0.0,0.0,0.3,0.0,0.570275459879821,0.2,0.08,0.0,0.5,0.25
286,0.980807298933627,0.5092669625752505,0.8513841933111979,0.5063176450166957,0.2462483218342688,0.5276480436504537,0.697560975609756,0.38347400385002506,0.4083821093975035,0.0975609756097561,0.4085714285714286,0.3665034225322943,0.3946990505758889,0.08,0.0,0.0,0.4142857142857143,16.457142857142856,0.0,0.0,0.0360791305137384,0.08436634914903718,3.6097560975609757,0.0,0.0,0.15,0.07804878048780488,0,0.0999579842231419,0.23358309568185917,0.332728276727138,0.5546527735007143,0.0,0.0,0.0,0.3,0.0,0.570275459879821,0.2,0.08,0.0,0.5,0.25
287,0.9806310970121078,0.5090717067357782,0.8512809893285939,0.5060349777535876,0.2462483218342688,0.5277086588928637,0.6829268292682927,0.38347400385002506,0.4083821093975035,0.0975609756097561,0.4,0.3665034225322943,0.3946990505758889,0.08,0.0,0.0,0.4142857142857143,16.428571428571427,0.0,0.0,0.0360791305137384,0.08436634914903718,3.6097560975609757,0.0,0.0,0.15,0.07804878048780488,0,0.09945819430202618,0.23241518020344987,0.3260737111925953,0.5435597180307,0.0,0.0,0.0,0.3,0.0,0.570275459879821,0.2,0.08,0.0,0.5,0.25
288,0.9797733022333207,0.5094545906693719,0.8507785666724471,0.5064030441399038,0.2462483218342688,0.5276779436278196,0.697560975609756,0.3836691258012445,0.40852845086091816,0.0975609756097561,0.4085714285714286,0.36661770824658,0.3947847648616031,0.08,0.00975609756097561,0.005714285714285714,0.4142857142857143,16.465714285714284,0.004878048780487805,0.0,0.0360791305137384,0.08436634914903718,3.6097560975609757,0.0,0.0,0.15,0.07804878048780488,0,0.09981804618765892,0.2327446743695494,0.3252665226830291,0.5631144536018281,0.0,0.0,0.0,0.3,0.0,0.570275459879821,0.2,0.08,0.00975609756097561,0.5,0.25
289,0.9789848878629095,0.5097682116680027,0.8503167811126348,0.5064497975137173,0.2462483218342688,0.5275178356237307,0.7170731707317073,0.383864247752464,0.40867479232433274,0.0975609756097561,0.42,0.36673199396086575,0.39487047914731743,0.08,0.00975609756097561,0.005714285714285714,0.4142857142857143,16.474285714285713,0.0,0.0,0.0360791305137384,0.08436634914903718,3.6097560975609757,0.0,0.0,0.15,0.07804878048780488,0,0.10017609881386347,0.2364269249834203,0.3244754779436542,0.5845143089052453,0.0,0.0,0.0,0.3,0.0,0.570275459879821,0.2,0.08,0.00975609756097561,0.5,0.25
290,0.9786650593598792,0.5093642812560709,0.8501294529894314,0.5058482390129814,0.2462483218342688,0.5274108004952189,0.7073170731707317,0.383864247752464,0.40867479232433274,0.0975609756097561,0.4142857142857143,0.36673199396086575,0.39487047914731743,0.08,0.0,0.0,0.4142857142857143,16.497142857142858,0.0,0.0,0.0360791305137384,0.08436634914903718,3.6097560975609757,0.0,0.0,0.15,0.07804878048780488,0,0.09967521831979416,0.2352447903585032,0.31798596838478105,0.5728240227271404,0.0,0.0,0.0,0.3,0.0,0.570275459879821,0.2,0.08,0.0,0.5,0.25
291,0.9796961152844663,0.5097361651807262,0.8507333571738325,0.5061457506035631,0.2462483218342688,0.527131849425447,0.7073170731707317,0.383864247752464,0.40867479232433274,0.0975609756097561,0.4142857142857143,0.36673199396086575,0.39487047914731743,0.08,0.0,0.0,0.4142857142857143,16.542857142857144,0.0,0.0,0.0360791305137384,0.08436634914903718,3.6097560975609757,0.0,0.0,0.15,0.07804878048780488,0,0.09917684222819517,0.2340685664067107,0.31162624901708547,0.5613675422725976,0.0,0.0,0.0,0.3,0.0,0.570275459879821,0.2,0.08,0.0,0.5,0.25
292,0.9789217492177676,0.5100899344974269,0.8502797999061947,0.5060719482690715,0.2462483218342688,0.5269903527112784,0.6682926829268293,0.3839618087280738,0.40874796305604005,0.0975609756097561,0.3914285714285714,0.36678913681800857,0.39491333629017455,0.08,0.004878048780487805,0.002857142857142857,0.4142857142857143,16.597142857142856,0.0,0.0,0.0360791305137384,0.08436634914903718,3.6097560975609757,0.0,0.0,0.15,0.07804878048780488,0,0.09910952944562562,0.23525214786043963,0.3082508668938866,0.5938920878503551,0.0,0.0,0.0,0.3,0.0,0.570275459879821,0.2,0.08,0.004878048780487805,0.5,0.25
293,0.9785347220686152,0.5114306216830062,0.8500531125759767,0.5069309911472919,0.2462483218342688,0.5268042300349257,0.6829268292682927,0.3839618087280738,0.40874796305604005,0.0975609756097561,0.4,0.36678913681800857,0.39491333629017455,0.08,0.0,0.0,0.4142857142857143,16.64,0.004878048780487805,0.0,0.0360791305137384,0.08436634914903718,3.6097560975609757,0.0,0.0,0.15,0.07804878048780488,0,0.09861398179839752,0.23407588712113744,0.30208584955600887,0.582014246093348,0.0,0.0,0.0,0.3,0.0,0.570275459879821,0.2,0.08,0.0,0.5,0.25
294,0.9780686875862102,0.5110869222697413,0.8497801495219969,0.5067644039654265,0.2462483218342688,0.5267364877622326,0.6634146341463415,0.3839618087280738,0.40874796305604005,0.0975609756097561,0.38857142857142857,0.36678913681800857,0.39491333629017455,0.08,0.0,0.0,0.4142857142857143,16.588571428571427,0.0,0.0,0.0360791305137384,0.08436634914903718,3.6097560975609757,0.0,0.0,0.15,0.07804878048780488,0,0.09812091188940553,0.23290550768553175,0.2960441325648887,0.570373961171481,0.0,0.0,0.0,0.3,0.0,0.570275459879821,0.2,0.08,0.0,0.5,0.25
295,0.9775620357833859,0.511035302262946,0.8494833963231996,0.5065097731139724,0.2462483218342688,0.5266076790905188,0.6536585365853659,0.3839618087280738,0.40874796305604005,0.0975609756097561,0.38285714285714284,0.36678913681800857,0.39491333629017455,0.08,0.0,0.0,0.4142857142857143,16.562857142857144,0.0,0.0,0.0360791305137384,0.08436634914903718,3.6097560975609757,0.0,0.0,0.15,0.07804878048780488,0,0.09763030732995848,0.2317409801471041,0.29012324991359095,0.5589664819480513,0.0,0.0,0.0,0.3,0.0,0.570275459879821,0.2,0.08,0.0,0.5,0.25
296,0.9770061132528376,0.512133305787605,0.849157784555307,0.5074579942248679,0.2462483218342688,0.5265352060428102,0.5609756097560976,0.38405936970368354,0.40882113378774726,0.0975609756097561,0.32857142857142857,0.3668462796751515,0.3949561934330317,0.08,0.004878048780487805,0.002857142857142857,0.4142857142857143,16.525714285714287,0.0,0.0,0.0360791305137384,0.08436634914903718,3.6097560975609757,0.0,0.0,0.15,0.07804878048780488,0,0.09757072722188011,0.23058227524636854,0.287177927772462,0.570940081153494,0.0,0.0,0.0,0.3,0.0,0.570275459879821,0.2,0.08,0.004878048780487805,0.5,0.25
297,0.9771406461321518,0.51197751272562,0.8492365823846194,0.5084176742049538,0.2462483218342688,0.5265504229244014,0.6,0.38415693067929335,0.4088943045194547,0.0975609756097561,0.3514285714285714,0.3669034225322943,0.39499905057588885,0.08,0.004878048780487805,0.002857142857142857,0.4142857142857143,16.462857142857143,0.0,0.0,0.0360791305137384,0.08436634914903718,3.6097560975609757,0.0,0.0,0.15,0.07804878048780488,0,0.09751144501434215,0.2294293638701367,0.2842915120741556,0.6286523661594812,0.0,0.0,0.0,0.3,0.0,0.570275459879821,0.2,0.08,0.004878048780487805,0.5,0.25
298,0.9789346010491976,0.5129865479950284,0.8502873274074607,0.5083091114042125,0.2462483218342688,0.5265193547227943,0.6926829268292682,0.3843520526305128,0.4090406459828693,0.0975609756097561,0.4057142857142857,0.36701770824658003,0.39508476486160304,0.08,0.00975609756097561,0.005714285714285714,0.4142857142857143,16.437142857142856,0.0,0.0,0.0360791305137384,0.08436634914903718,3.6097560975609757,0.0,0.0,0.15,0.07804878048780488,0,0.09788103064641329,0.228282217050786,0.28431996754695815,0.6891173633065678,0.0,0.0,0.0,0.3,0.0,0.570275459879821,0.2,0.08,0.00975609756097561,0.5,0.25
299,0.9803322036881704,0.5134243540606634,0.851105923238859,0.5093642089730266,0.2462483218342688,0.5265343493913994,0.7121951219512195,0.3844496136061225,0.4091138167145766,0.0975609756097561,0.41714285714285715,0.36707485110372284,0.3951276220044602,0.08,0.004878048780487805,0.002857142857142857,0.4142857142857143,16.454285714285714,0.0,0.0,0.0360791305137384,0.08436634914903718,3.6097560975609757,0.0,0.0,0.15,0.07804878048780488,0,0.09782019692175266,0.22714080596553207,0.28149071105316187,0.6808846375202625,0.0,0.0,0.0,0.3,0.0,0.570275459879821,0.2,0.08,0.004878048780487805,0.5,0.25
300,0.9804665326967136,0.5143104947096284,0.8511846016581486,0.5092787622321013,0.2462483218342688,0.5264197280637745,0.6634146341463415,0.3844496136061225,0.4091138167145766,0.0975609756097561,0.38857142857142857,0.36707485110372284,0.3951276220044602,0.08,0.0,0.0,0.4142857142857143,16.422857142857143,0.004878048780487805,0.0,0.0360791305137384,0.08436634914903718,3.6097560975609757,0.0,0.0,0.15,0.07804878048780488,0,0.09733109593714391,0.22600510193570442,0.27586089683209863,0.6672669447698573,0.0,0.0,0.0,0.3,0.0,0.570275459879821,0.2,0.08,0.0,0.5,0.25
301,0.9811944981206514,0.5155594166982574,0.851610981406455,0.5100405784622187,0.2462483218342688,0.5264208515840443,0.7317073170731707,0.3844496136061225,0.4091138167145766,0.0975609756097561,0.42857142857142855,0.36707485110372284,0.3951276220044602,0.08,0.0,0.0,0.4142857142857143,16.46857142857143,0.004878048780487805,0.0,0.0360791305137384,0.08436634914903718,3.6097560975609757,0.0,0.0,0.15,0.07804878048780488,0,0.09684444045745819,0.2248750764260259,0.27034367889545663,0.6539216058744601,0.0,0.0,0.0,0.3,0.0,0.570275459879821,0.2,0.08,0.0,0.5,0.25
302,0.9795766003197275,0.5159359647013101,0.8506633555516282,0.5108193405195035,0.2462483218342688,0.5265878691601211,0.7219512195121951,0.3844496136061225,0.4091138167145766,0.0975609756097561,0.4228571428571429,0.36707485110372284,0.3951276220044602,0.08,0.0,0.0,0.4142857142857143,16.44857142857143,0.004878048780487805,0.0,0.0360791305137384,0.08436634914903718,3.6097560975609757,0.0,0.0,0.15,0.07804878048780488,0,0.09636021825517088,0.22375070104389574,0.2649368053175475,0.640843173756971,0.0,0.0,0.0,0.3,0.0,0.570275459879821,0.2,0.08,0.0,0.5,0.25
303,0.9793855896711595,0.5152721312444719,0.8505514778860384,0.5106135251740613,0.2462483218342688,0.5267075286508428,0.7121951219512195,0.38454717458173227,0.40918698744628396,0.0975609756097561,0.41714285714285715,0.36713199396086577,0.39517047914731734,0.08,0.004878048780487805,0.002857142857142857,0.4142857142857143,16.411428571428573,0.004878048780487805,0.0,0.0360791305137384,0.08436634914903718,3.6097560975609757,0.0,0.0,0.15,0.07804878048780488,0,0.09630698859246646,0.22263194753867627,0.26249521206833937,0.6448138046339986,0.0,0.0,0.0,0.3,0.0,0.570275459879821,0.2,0.08,0.004878048780487805,0.5,0.25
304,0.9784648986005811,0.5152792641152473,0.8499666975823014,0.5109964243892049,0.2462483218342688,0.5266808221029625,0.7401960784313726,0.3835376328138414,0.40901307327411857,0.09803921568627451,0.43142857142857144,0.36713199396086577,0.39517047914731734,0.08,0.0,0.0,0.41714285714285715,16.388571428571428,0.004901960784313725,0.002857142857142857,0.03608760835459896,0.08436634914903718,3.588235294117647,0.0,0.0,0.15,0.0784313725490196,0,0.09582545364950412,0.22151878780098289,0.2572453078269726,0.6319175285413187,0.0,0.0,0.0,0.3,0.0,0.570275459879821,0.2,0.08,0.0,0.5,0.25
305,0.980682832612844,0.5160839977954849,0.8512594362637346,0.5115389394363381,0.2462483218342688,0.5267186934086662,0.6911764705882353,0.3835376328138414,0.40901307327411857,0.09803921568627451,0.40285714285714286,0.36713199396086577,0.39517047914731734,0.08,0.0,0.0,0.41714285714285715,16.402857142857144,0.0,0.0,0.03610802262747428,0.08436634914903718,3.588235294117647,0.0,0.0,0.15,0.0784313725490196,0,0.09534632638125662,0.22041119386197797,0.2521004016704331,0.6192791779704923,0.0,0.0,0.0,0.3,0.0,0.570275459879821,0.2,0.08,0.0,0.5,0.25
306,0.9790844365064062,0.5159475628403603,0.8503277996759822,0.5120544835755731,0.2462483218342688,0.5268157794007625,0.7745098039215687,0.3835376328138414,0.40901307327411857,0.09803921568627451,0.4514285714285714,0.36713199396086577,0.39517047914731734,0.08,0.0,0.0,0.41714285714285715,16.388571428571428,0.0,0.0,0.03610802262747428,0.08436634914903718,3.588235294117647,0.0,0.0,0.15,0.0784313725490196,0,0.09486959474935032,0.21930913789266807,0.2470583936370245,0.6068935944110824,0.0,0.0,0.0,0.3,0.0,0.570275459879821,0.2,0.08,0.0,0.5,0.25
307,0.9794569535122472,0.5170643321289035,0.8505449238736724,0.5128379464814106,0.2462483218342688,0.5270370668441433,0.7303921568627451,0.38363567202952764,0.4090866026858832,0.09803921568627451,0.4257142857142857,0.3671891368180085,0.3952133362901745,0.08,0.004901960784313725,0.002857142857142857,0.41714285714285715,16.374285714285715,0.0,0.0,0.03610802262747428,0.08436634914903718,3.588235294117647,0.0,0.0,0.15,0.0784313725490196,0,0.09482381820417499,0.21821259220320474,0.24497436862142682,0.6336358163608989,0.0,0.0,0.0,0.3,0.0,0.570275459879821,0.2,0.08,0.004901960784313725,0.5,0.25
308,0.982456406047897,0.517760878325638,0.8522931762087369,0.5135520974133514,0.2462483218342688,0.5273109181625824,0.7107843137254902,0.383733711245214,0.40916013209764795,0.09803921568627451,0.4142857142857143,0.36724627967515144,0.39525619343303164,0.08,0.004901960784313725,0.002857142857142857,0.41714285714285715,16.42,0.0,0.0,0.03610802262747428,0.08436634914903718,3.588235294117647,0.0,0.0,0.15,0.0784313725490196,0,0.09477827054172555,0.21712152924218872,0.24293202410614112,0.6681043337048986,0.0,0.0,0.0,0.3,0.0,0.570275459879821,0.2,0.08,0.004901960784313725,0.5,0.25
309,0.9844938633292118,0.5176998257898996,0.8534807227384175,0.5133030349920044,0.2462483218342688,0.527662858955079,0.7598039215686274,0.3838317504609002,0.4092336615094126,0.09803921568627451,0.44285714285714284,0.3673034225322943,0.3952990505758888,0.08,0.004901960784313725,0.002857142857142857,0.41714285714285715,16.44857142857143,0.0,0.0,0.03610802262747428,0.08436634914903718,3.588235294117647,0.0,0.0,0.15,0.0784313725490196,0,0.09473295061758835,0.2160359215959778,0.24093052648116114,0.6614327237658383,0.0,0.0,0.0,0.3,0.0,0.570275459879821,0.2,0.08,0.004901960784313725,0.5,0.25
310,0.9848453319055263,0.5171235051697617,0.8536855787086123,0.5129369371280241,0.2462483218342688,0.5280522607754272,0.7058823529411765,0.3838317504609002,0.4092336615094126,0.09803921568627451,0.4114285714285714,0.3673034225322943,0.3952990505758888,0.08,0.0,0.0,0.41714285714285715,16.474285714285713,0.0,0.0,0.03610802262747428,0.08436634914903718,3.588235294117647,0.0,0.0,0.15,0.0784313725490196,0,0.09425928586450039,0.2149557419879979,0.236111915951538,0.6482040692905215,0.0,0.0,0.0,0.3,0.0,0.570275459879821,0.2,0.08,0.0,0.5,0.25
311,0.9850412063917682,0.5178945141163745,0.8537997455520219,0.512949674930534,0.2462483218342688,0.52834910575919,0.6813725490196079,0.3838317504609002,0.4092336615094126,0.09803921568627451,0.39714285714285713,0.3673034225322943,0.3952990505758888,0.08,0.0,0.0,0.41714285714285715,16.502857142857142,0.0,0.0,0.03610802262747428,0.08436634914903718,3.588235294117647,0.0,0.0,0.15,0.0784313725490196,0,0.09378798943517791,0.21388096327805792,0.23138967763250717,0.6352399879047111,0.0,0.0,0.0,0.3,0.0,0.570275459879821,0.2,0.08,0.0,0.5,0.25
312,0.9832170075561412,0.5183309430150123,0.852736498230685,0.513343383392123,0.2462483218342688,0.52851811327917,0.696078431372549,0.3838317504609002,0.4092336615094126,0.09803921568627451,0.4057142857142857,0.3673034225322943,0.3952990505758888,0.08,0.0,0.0,0.41714285714285715,16.517142857142858,0.0,0.0,0.03610802262747428,0.08436634914903718,3.588235294117647,0.0,0.0,0.15,0.0784313725490196,0,0.09331904948800201,0.21281155846166763,0.22676188407985706,0.622535188146617,0.0,0.0,0.0,0.3,0.0,0.570275459879821,0.2,0.08,0.0,0.5,0.25
313,0.9819391149539298,0.5182670829711026,0.8519916693996817,0.5138323185588857,0.2462483218342688,0.5286798143322116,0.7450980392156863,0.3839297896765865,0.4093071909211773,0.09803921568627451,0.4342857142857143,0.3673605653894371,0.3953419077187459,0.08,0.004901960784313725,0.002857142857142857,0.41714285714285715,16.514285714285716,0.0,0.0,0.03610802262747428,0.08436634914903718,3.588235294117647,0.0,0.0,0.15,0.0784313725490196,0,0.09328102566913345,0.2117475006693593,0.22508378925540276,0.6308250588684429,0.0,0.0,0.0,0.3,0.0,0.570275459879821,0.2,0.08,0.004901960784313725,0.5,0.25
314,0.9838427546106762,0.5190775596214708,0.8531012193710424,0.5142104218911915,0.2462483218342688,0.5289696812524514,0.696078431372549,0.3839297896765865,0.4093071909211773,0.09803921568627451,0.4057142857142857,0.3673605653894371,0.3953419077187459,0.08,0.0,0.0,0.41714285714285715,16.537142857142857,0.0,0.0,0.03610802262747428,0.08436634914903718,3.588235294117647,0.0,0.0,0.15,0.0784313725490196,0,0.09281462054078775,0.21068876316601248,0.2205821134702947,0.618208557691074,0.0,0.0,0.0,0.3,0.0,0.570275459879821,0.2,0.08,0.0,0.5,0.25
315,0.9836166454277332,0.5188076425721905,0.8529694300186985,0.5141936553585684,0.2462483218342688,0.5293591058640975,0.696078431372549,0.3839297896765865,0.4093071909211773,0.09803921568627451,0.4057142857142857,0.3673605653894371,0.3953419077187459,0.08,0.0,0.0,0.41714285714285715,16.5,0.0,0.0,0.03610802262747428,0.08436634914903718,3.588235294117647,0.0,0.0,0.15,0.0784313725490196,0,0.09235054743808381,0.20963531935018243,0.2161704712008888,0.6058443865372525,0.0,0.0,0.0,0.3,0.0,0.570275459879821,0.2,0.08,0.0,0.5,0.25
316,0.9841435845027726,0.5181877329071786,0.8532765602224359,0.5141439214753785,0.2462483218342688,0.5297269643685474,0.7205882352941176,0.3839297896765865,0.4093071909211773,0.09803921568627451,0.42,0.3673605653894371,0.3953419077187459,0.08,0.0,0.0,0.41714285714285715,16.497142857142858,0.0,0.0,0.03610802262747428,0.08436634914903718,3.588235294117647,0.0,0.0,0.15,0.0784313725490196,0,0.09188879470089341,0.20858714275343151,0.21184706177687104,0.5937274988065074,0.0,0.0,0.0,0.3,0.0,0.570275459879821,0.2,0.08,0.0,0.5,0.25
317,0.982793735153844,0.5191527487154877,0.8524897908876317,0.5150459237652026,0.2462483218342688,0.530175794929138,0.696078431372549,0.3839297896765865,0.4093071909211773,0.09803921568627451,0.4057142857142857,0.3673605653894371,0.3953419077187459,0.08,0.0,0.0,0.41714285714285715,16.465714285714284,0.004901960784313725,0.0,0.03610802262747428,0.08436634914903718,3.588235294117647,0.0,0.0,0.15,0.0784313725490196,0,0.09142935072738896,0.20754420703966434,0.20761012054133357,0.5818529488303772,0.0,0.0,0.0,0.3,0.0,0.570275459879821,0.2,0.08,0.0,0.5,0.25
318,0.980640780516728,0.5189939716623208,0.8512349258991412,0.5156739138784618,0.2462483218342688,0.5305527059589585,0.6421568627450981,0.3839297896765865,0.4093071909211773,0.09803921568627451,0.3742857142857143,0.3673605653894371,0.3953419077187459,0.08,0.0,0.0,0.41714285714285715,16.428571428571427,0.004901960784313725,0.0,0.03610802262747428,0.08436634914903718,3.588235294117647,0.0,0.0,0.15,0.0784313725490196,0,0.090972203973752,0.20650648600446603,0.20345791813050693,0.5702158898537697,0.0,0.0,0.0,0.3,0.0,0.570275459879821,0.2,0.08,0.0,0.5,0.25
319,0.9804116813303889,0.5182810413210749,0.8511013938019607,0.5156060173769603,0.2462483218342688,0.5308928374789956,0.6764705882352942,0.3839297896765865,0.4093071909211773,0.09803921568627451,0.3942857142857143,0.3673605653894371,0.3953419077187459,0.08,0.0,0.0,0.41714285714285715,16.482857142857142,0.0,0.0,0.03610802262747428,0.08436634914903718,3.588235294117647,0.0,0.0,0.15,0.0784313725490196,0,0.09051734295388324,0.2054739535744437,0.19938875976789677,0.5588115720566943,0.0,0.0,0.0,0.3,0.0,0.570275459879821,0.2,0.08,0.0,0.5,0.25
320,0.9798878468198027,0.5187035752951721,0.8507960731157905,0.5158971398298596,0.2462483218342688,0.5311880356999337,0.6470588235294118,0.3839297896765865,0.4093071909211773,0.09803921568627451,0.37714285714285717,0.3673605653894371,0.3953419077187459,0.08,0.0,0.0,0.41714285714285715,16.5,0.0,0.0,0.03610802262747428,0.08436634914903718,3.588235294117647,0.0,0.0,0.15,0.0784313725490196,0,0.09006475623911382,0.20444658380657146,0.19540098457253885,0.5476353406155604,0.0,0.0,0.0,0.3,0.0,0.570275459879821,0.2,0.08,0.0,0.5,0.25
321,0.9800861349560509,0.5193470866875063,0.8509116467723467,0.5161482624487084,0.2462483218342688,0.5314479103633848,0.6568627450980392,0.3839297896765865,0.4093071909211773,0.09803921568627451,0.38285714285714284,0.3673605653894371,0.3953419077187459,0.08,0.0,0.0,0.41714285714285715,16.47142857142857,0.0,0.0,0.03610802262747428,0.08436634914903718,3.588235294117647,0.0,0.0,0.15,0.0784313725490196,0,0.08961443245791824,0.20342435088753863,0.19149296488108808,0.5366826338032492,0.0,0.0,0.0,0.3,0.0,0.570275459879821,0.2,0.08,0.0,0.5,0.25
322,0.9795314930644267,0.5190561834746612,0.8505883697840857,0.5163387472410861,0.2462483218342688,0.5318354531568124,0.6764705882352942,0.3839297896765865,0.4093071909211773,0.09803921568627451,0.3942857142857143,0.3673605653894371,0.3953419077187459,0.08,0.0,0.0,0.41714285714285715,16.445714285714285,0.0,0.0,0.03610802262747428,0.08436634914903718,3.588235294117647,0.0,0.0,0.15,0.0784313725490196,0,0.08916636029562865,0.20240722913310094,0.1876631055834663,0.5259489811271841,0.0,0.0,0.0,0.3,0.0,0.570275459879821,0.2,0.08,0.0,0.5,0.25
323,0.9776817020754918,0.5192943422421565,0.8495102058933922,0.5164695107173458,0.2462483218342688,0.5320437928916586,0.6323529411764706,0.3839297896765865,0.4093071909211773,0.09803921568627451,0.36857142857142855,0.3673605653894371,0.3953419077187459,0.08,0.0,0.0,0.41714285714285715,16.44857142857143,0.004901960784313725,0.0,0.03610802262747428,0.08436634914903718,3.588235294117647,0.0,0.0,0.15,0.0784313725490196,0,0.08872052849415052,0.20139519298743544,0.18390984347179695,0.5154300015046405,0.0,0.0,0.0,0.3,0.0,0.570275459879821,0.2,0.08,0.0,0.5,0.25
324,0.9790938328933538,0.5184508938143713,0.8503332764272318,0.5165979939132547,0.2462483218342688,0.5321438968293375,0.6911764705882353,0.3839297896765865,0.4093071909211773,0.09803921568627451,0.40285714285714286,0.3673605653894371,0.3953419077187459,0.08,0.0,0.0,0.41714285714285715,16.431428571428572,0.004901960784313725,0.0,0.03610802262747428,0.08436634914903718,3.588235294117647,0.0,0.0,0.15,0.0784313725490196,0,0.08827692585167976,0.20038821702249826,0.180231646602361,0.5051214014745476,0.0,0.0,0.0,0.3,0.0,0.570275459879821,0.2,0.08,0.0,0.5,0.25
325,0.978762263153854,0.5198595079417594,0.850140018636209,0.5173961417466517,0.2462483218342688,0.5321922815873192,0.6862745098039216,0.3840278288922728,0.40938072033294204,0.09803921568627451,0.4,0.36741770824658,0.3953847648616031,0.08,0.004901960784313725,0.002857142857142857,0.41714285714285715,16.44,0.004901960784313725,0.0,0.03610802262747428,0.08436634914903718,3.588235294117647,0.0,0.0,0.15,0.0784313725490196,0,0.0882641126509928,0.19938627593738578,0.17948415652745667,0.5082136128893976,0.0,0.0,0.0,0.3,0.0,0.570275459879821,0.2,0.08,0.004901960784313725,0.5,0.25
326,0.9813315673897367,0.5197110361518614,0.8516258763598825,0.5174225469229391,0.2462483218342688,0.5322402433395261,0.7241379310344828,0.3850285341492939,0.40964632361682973,0.09852216748768473,0.42,0.36741770824658,0.3953847648616031,0.08,0.0,0.0,0.42,16.437142857142856,0.0,0.002857142857142857,0.03610784542516214,0.08436634914903716,3.5763546798029555,0.0,0.0,0.15,0.07881773399014778,0,0.08782279208773781,0.19838934455769885,0.17589447339690753,0.4980493406316096,0.0,0.0,0.0,0.3,0.0,0.570275459879821,0.2,0.08,0.0,0.5,0.25
327,0.9801207738231978,0.5192488267921403,0.8509236160912901,0.5173139069900932,0.2462483218342688,0.5322639118205772,0.7389162561576355,0.3851270563167816,0.4097202152424455,0.09852216748768473,0.42857142857142855,0.3674748511037228,0.3954276220044602,0.08,0.0049261083743842365,0.002857142857142857,0.42,16.425714285714285,0.0,0.0,0.03611915459522267,0.08436634914903716,3.5763546798029555,0.0,0.0,0.15,0.07881773399014778,0,0.08781224955587058,0.19739739783491037,0.1752337267861122,0.5105941573763848,0.0,0.0,0.0,0.3,0.0,0.570275459879821,0.2,0.08,0.0049261083743842365,0.5,0.25
328,0.9811322561517178,0.5186924316607686,0.8515102758418315,0.5172773618652271,0.2462483218342688,0.5323961093292121,0.7536945812807881,0.3851270563167816,0.4097202152424455,0.09852216748768473,0.43714285714285717,0.3674748511037228,0.3954276220044602,0.08,0.0,0.0,0.42,16.397142857142857,0.0,0.0,0.03611915459522267,0.08436634914903716,3.5763546798029555,0.0,0.0,0.15,0.07881773399014778,0,0.08737318830809121,0.19641041084573582,0.17172905225038995,0.5003822742288572,0.0,0.0,0.0,0.3,0.0,0.570275459879821,0.2,0.08,0.0,0.5,0.25
329,0.9836405435642203,0.519006803702251,0.852965082541083,0.5171289149704913,0.2462483218342688,0.5322697702926104,0.729064039408867,0.3851270563167816,0.4097202152424455,0.09852216748768473,0.4228571428571429,0.3674748511037228,0.3954276220044602,0.08,0.0,0.0,0.42,16.377142857142857,0.0,0.0,0.03611915459522267,0.08436634914903716,3.5763546798029555,0.0,0.0,0.15,0.07881773399014778,0,0.08693632236655077,0.19542835879150713,0.16829447120538218,0.49037462874427995,0.0,0.0,0.0,0.3,0.0,0.570275459879821,0.2,0.08,0.0,0.5,0.25
330,0.9829934455853334,0.5193232037435122,0.8525897657133287,0.5174430636134848,0.2462483218342688,0.5324048919437081,0.7389162561576355,0.3851270563167816,0.4097202152424455,0.09852216748768473,0.42857142857142855,0.3674748511037228,0.3954276220044602,0.08,0.0,0.0,0.42,16.374285714285715,0.0,0.0,0.03611915459522267,0.08436634914903716,3.5763546798029555,0.0,0.0,0.15,0.07881773399014778,0,0.086501640754718,0.1944512169975496,0.16492858178127454,0.4805671361693944,0.0,0.0,0.0,0.3,0.0,0.570275459879821,0.2,0.08,0.0,0.5,0.25
331,0.9823038496188028,0.5201477745571204,0.8521898000527408,0.5176861635356659,0.2462483218342688,0.5324908962176791,0.7586206896551724,0.38522557848426925,0.4097941068680613,0.09852216748768473,0.44,0.3675319939608658,0.39547047914731737,0.08,0.0049261083743842365,0.002857142857142857,0.42,16.414285714285715,0.0,0.0,0.03611915459522267,0.08436634914903716,3.5763546798029555,0.0,0.0,0.15,0.07881773399014778,0,0.08649770397951582,0.19347896091256186,0.1644871530027919,0.4951077063090901,0.0,0.0,0.0,0.3,0.0,0.570275459879821,0.2,0.08,0.0049261083743842365,0.5,0.25
332,0.9811751702499552,0.5196119322175272,0.8515351660188094,0.5174429948699284,0.2462483218342688,0.5326956291928147,0.7241379310344828,0.3854226228192447,0.40994189011929283,0.09852216748768473,0.42,0.36764627967515146,0.39555619343303167,0.08,0.009852216748768473,0.005714285714285714,0.42,16.402857142857144,0.0,0.0,0.03611915459522267,0.08436634914903716,3.5763546798029555,0.0,0.0,0.15,0.07881773399014778,0,0.08692235831676111,0.19251156610799905,0.16691169565702177,0.5097868161459466,0.0,0.0,0.0,0.3,0.0,0.570275459879821,0.2,0.08,0.009852216748768473,0.5,0.25
333,0.9802917297651642,0.5187507731370788,0.8510227705376305,0.5169478453910331,0.2462483218342688,0.5330783143338138,0.7093596059113301,0.3855211449867323,0.4100157817449086,0.09852216748768473,0.4114285714285714,0.3677034225322944,0.39559905057588884,0.08,0.0049261083743842365,0.002857142857142857,0.42,16.48857142857143,0.0,0.0,0.03611915459522267,0.08436634914903716,3.5763546798029555,0.0,0.0,0.15,0.07881773399014778,0,0.08691631795374875,0.19975767249910245,0.16643060460102418,0.506732431415971,0.0,0.0,0.0,0.3,0.0,0.570275459879821,0.2,0.08,0.0049261083743842365,0.5,0.25
334,0.9817377616124613,0.5196815452467554,0.8518614690090627,0.517592831623372,0.2462483218342688,0.5333588376061109,0.7832512315270936,0.3857181893217077,0.4101635649961401,0.09852216748768473,0.4542857142857143,0.36781770824657994,0.3956847648616031,0.08,0.009852216748768473,0.005714285714285714,0.42,16.474285714285713,0.0,0.0,0.03611915459522267,0.08436634914903716,3.5763546798029555,0.0,0.0,0.15,0.07881773399014778,0,0.08733887922112284,0.20574762379699463,0.1688162782232894,0.5103502521525957,0.0,0.0,0.0,0.3,0.0,0.570275459879821,0.2,0.08,0.009852216748768473,0.5,0.25
335,0.982671830610252,0.5191267011260197,0.8524032290277815,0.5176070568066782,0.2462483218342688,0.5335354277903902,0.7389162561576355,0.3858167114891954,0.41023745662175587,0.09852216748768473,0.42857142857142855,0.36787485110372287,0.39572762200446027,0.08,0.0049261083743842365,0.002857142857142857,0.42,16.482857142857142,0.0,0.0,0.03611915459522267,0.08436634914903716,3.5763546798029555,0.0,0.0,0.15,0.07881773399014778,0,0.08733075625358867,0.20471888567800964,0.16829709551596647,0.5170886473436842,0.0,0.0,0.0,0.3,0.0,0.570275459879821,0.2,0.08,0.0049261083743842365,0.5,0.25
336,0.9819856841410867,0.5206797196066999,0.8520052640756655,0.5188085302282192,0.2462483218342688,0.5336150676230464,0.6995073891625616,0.3859152336566831,0.41031134824737164,0.09852216748768473,0.4057142857142857,0.36793199396086573,0.39577047914731733,0.08,0.0049261083743842365,0.002857142857142857,0.42,16.47142857142857,0.0,0.0,0.03611915459522267,0.08436634914903716,3.5763546798029555,0.0,0.0,0.15,0.07881773399014778,0,0.08732267390089216,0.2036952912496196,0.16778829646279,0.5149555780192923,0.0,0.0,0.0,0.3,0.0,0.570275459879821,0.2,0.08,0.0049261083743842365,0.5,0.25
337,0.9818956743297921,0.5204363856595341,0.8519530583851148,0.5183879970800712,0.2462483218342688,0.5337839284661567,0.7438423645320197,0.38601375582417075,0.4103852398729874,0.09852216748768473,0.43142857142857144,0.36798913681800854,0.39581333629017457,0.08,0.0049261083743842365,0.002857142857142857,0.42,16.462857142857143,0.0,0.0,0.03611915459522267,0.08436634914903716,3.5763546798029555,0.0,0.0,0.15,0.07881773399014778,0,0.08731463195995913,0.2026768147933715,0.16728967339067707,0.5214826397783566,0.0,0.0,0.0,0.3,0.0,0.570275459879821,0.2,0.08,0.0049261083743842365,0.5,0.25
338,0.981231840560865,0.5211662380217252,0.8515680347991369,0.5189973643791097,0.2462483218342688,0.5338710797371828,0.7192118226600985,0.38601375582417075,0.4103852398729874,0.09852216748768473,0.41714285714285715,0.36798913681800854,0.39581333629017457,0.08,0.0,0.0,0.42,16.50857142857143,0.0,0.0,0.03611915459522267,0.08436634914903716,3.5763546798029555,0.0,0.0,0.15,0.07881773399014778,0,0.08687805880015934,0.20166343071940465,0.1639438799228635,0.5110529869827894,0.0,0.0,0.0,0.3,0.0,0.570275459879821,0.2,0.08,0.0,0.5,0.25
339,0.9821002732749239,0.5201992050001232,0.852071725773291,0.518548146055848,0.2462483218342688,0.5339890554153081,0.7339901477832512,0.3861122779916584,0.4104591314986032,0.09852216748768473,0.4257142857142857,0.36804627967515136,0.39585619343303163,0.08,0.0049261083743842365,0.002857142857142857,0.42,16.537142857142857,0.0,0.0,0.03611915459522267,0.08436634914903716,3.5763546798029555,0.0,0.0,0.15,0.07881773399014778,0,0.08687223993472995,0.20065511356580762,0.1635221451815491,0.5283028245146932,0.0,0.0,0.0,0.3,0.0,0.570275459879821,0.2,0.08,0.0049261083743842365,0.5,0.25
340,0.9808763187363605,0.5205936850022284,0.8513618321409243,0.5189092780545023,0.2462483218342688,0.534124885687577,0.6502463054187192,0.3861122779916584,0.4104591314986032,0.09852216748768473,0.37714285714285717,0.36804627967515136,0.39585619343303163,0.08,0.0,0.0,0.42,16.591428571428573,0.0,0.0,0.03611915459522267,0.08436634914903716,3.5763546798029555,0.0,0.0,0.15,0.07881773399014778,0,0.0864378787350563,0.19965183799797856,0.1602517022779181,0.5177367680243993,0.0,0.0,0.0,0.3,0.0,0.570275459879821,0.2,0.08,0.0,0.5,0.25
341,0.9794852238753284,0.5210196723066989,0.8505549971215258,0.5193385054470567,0.2462483218342688,0.5341172621814076,0.6502463054187192,0.3861122779916584,0.4104591314986032,0.09852216748768473,0.37714285714285717,0.36804627967515136,0.39585619343303163,0.08,0.0,0.0,0.42,16.63714285714286,0.0,0.0,0.03611915459522267,0.08436634914903716,3.5763546798029555,0.0,0.0,0.15,0.07881773399014778,0,0.08600568934138102,0.19865357880798867,0.15704666823235974,0.5073820326639114,0.0,0.0,0.0,0.3,0.0,0.570275459879821,0.2,0.08,0.0,0.5,0.25
342,0.9802443078720325,0.5217868864712578,0.850995265839614,0.520501050598046,0.2462483218342688,0.5341412017979896,0.6945812807881774,0.38621080015914616,0.41053302312421897,0.09852216748768473,0.40285714285714286,0.3681034225322942,0.3958990505758888,0.08,0.0049261083743842365,0.002857142857142857,0.42,16.645714285714284,0.0,0.0,0.03611915459522267,0.08436634914903716,3.5763546798029555,0.0,0.0,0.15,0.07881773399014778,0,0.08600423232324554,0.20747420033233066,0.1567628777248554,0.49939899165337664,0.0,0.0,0.0,0.3,0.0,0.570275459879821,0.2,0.08,0.0049261083743842365,0.5,0.25
343,0.9809515873647182,0.5225345348488112,0.8514054879453719,0.5208586590136822,0.2462483218342688,0.5341159917251518,0.6896551724137931,0.38630932232663384,0.41060691474983474,0.09852216748768473,0.4,0.36816056538943714,0.39594190771874593,0.08,0.0049261083743842365,0.002857142857142857,0.42,16.625714285714285,0.0049261083743842365,0.0,0.03611915459522267,0.08436634914903716,3.5763546798029555,0.0,0.0,0.15,0.07881773399014778,0,0.08600278259020075,0.21684899839931066,0.15648476302750117,0.49374383484101525,0.0,0.0,0.0,0.3,0.0,0.570275459879821,0.2,0.08,0.0049261083743842365,0.5,0.25
344,0.9792441309089175,0.5230943926047273,0.8504151632010075,0.5212456173179488,0.2462483218342688,0.5341040234424319,0.729064039408867,0.38630932232663384,0.41060691474983474,0.09852216748768473,0.4228571428571429,0.36816056538943714,0.39594190771874593,0.08,0.0,0.0,0.42,16.65142857142857,0.0,0.0,0.03611915459522267,0.08436634914903716,3.5763546798029555,0.0,0.0,0.15,0.07881773399014778,0,0.08557276867724974,0.2157647534073141,0.1533550677669511,0.4838689581441949,0.0,0.0,0.0,0.3,0.0,0.570275459879821,0.2,0.08,0.0,0.5,0.25
345,0.980008478166722,0.523033634336422,0.850858484610534,0.5213418029164325,0.2462483218342688,0.5342602103689972,0.6798029556650246,0.38630932232663384,0.41060691474983474,0.09852216748768473,0.3942857142857143,0.36816056538943714,0.39594190771874593,0.08,0.0,0.0,0.42,16.642857142857142,0.009852216748768473,0.0,0.03611915459522267,0.08436634914903716,3.5763546798029555,0.0,0.0,0.15,0.07881773399014778,0,0.0851449048338635,0.21468592964027755,0.1502879664116121,0.47419157898131103,0.0,0.0,0.0,0.3,0.0,0.570275459879821,0.2,0.08,0.0,0.5,0.25
346,0.9802546382880946,0.5227136350658467,0.8510012574809301,0.5212622663049161,0.2462483218342688,0.5342471684763311,0.7241379310344828,0.3864078444941215,0.41068080637545046,0.09852216748768473,0.42,0.36821770824658,0.3959847648616031,0.08,0.0049261083743842365,0.002857142857142857,0.42,16.65714285714286,0.0049261083743842365,0.0,0.03611915459522267,0.08436634914903716,3.5763546798029555,0.0,0.0,0.15,0.07881773399014778,0,0.08514775173826561,0.23677379285363045,0.1501393499405227,0.4706937177162847,0.0,0.0,0.0,0.3,0.0,0.570275459879821,0.2,0.08,0.0049261083743842365,0.5,0.25
347,0.980650037562213,0.5234920340729645,0.8512305890599188,0.5215734853965756,0.2462483218342688,0.5342140102081645,0.7241379310344828,0.3864078444941215,0.41068080637545046,0.09852216748768473,0.42,0.36821770824658,0.3959847648616031,0.08,0.0,0.0,0.42,16.67142857142857,0.0049261083743842365,0.0,0.03611915459522267,0.08436634914903716,3.5763546798029555,0.0,0.0,0.15,0.07881773399014778,0,0.08472201297957428,0.23558992388936228,0.14713656294171226,0.461279843361959,0.0,0.0,0.0,0.3,0.0,0.570275459879821,0.2,0.08,0.0,0.5,0.25
348,0.9790601669694377,0.523416317848256,0.8503084641161093,0.5212171048624162,0.2462483218342688,0.5340986645199771,0.6896551724137931,0.38650636666160926,0.41075469800106623,0.09852216748768473,0.4,0.3682748511037228,0.39602762200446023,0.08,0.0049261083743842365,0.002857142857142857,0.42,16.674285714285713,0.0049261083743842365,0.0,0.03611915459522267,0.08436634914903716,3.5763546798029555,0.0,0.0,0.15,0.07881773399014778,0,0.08472697434324783,0.2395474483173448,0.14705097454002083,0.4552469422154797,0.0,0.0,0.0,0.3,0.0,0.570275459879821,0.2,0.08,0.0049261083743842365,0.5,0.25
349,0.9803543636546086,0.5231368677938426,0.8510590981935081,0.5212018953146998,0.2462483218342688,0.533881953844536,0.6847290640394089,0.386604888829097,0.410828589626682,0.09852216748768473,0.39714285714285713,0.3683319939608657,0.3960704791473174,0.08,0.0049261083743842365,0.002857142857142857,0.42,16.722857142857144,0.0049261083743842365,0.0,0.03611915459522267,0.08436634914903716,3.5763546798029555,0.0,0.0,0.15,0.07881773399014778,0,0.08473191090010303,0.2383497110757581,0.14696709790636328,0.44614200337117005,0.0,0.0,0.0,0.3,0.0,0.570275459879821,0.2,0.08,0.0049261083743842365,0.5,0.25
350,0.9803236135077776,0.5236981325426462,0.8510412631083463,0.5219291327119654,0.2462483218342688,0.5335692109136855,0.6748768472906403,0.386604888829097,0.410828589626682,0.09852216748768473,0.3914285714285714,0.3683319939608657,0.3960704791473174,0.08,0.0,0.0,0.42,16.69142857142857,0.0,0.0,0.03611915459522267,0.08436634914903716,3.5763546798029555,0.0,0.0,0.15,0.07881773399014778,0,0.08430825134560252,0.2371579625203793,0.14402775594823602,0.4372191633037466,0.0,0.0,0.0,0.3,0.0,0.570275459879821,0.2,0.08,0.0,0.5,0.25
351,0.9797078012541369,0.5224002646395218,0.8506840920012346,0.5212707438373482,0.2462483218342688,0.533407431584967,0.625615763546798,0.386604888829097,0.410828589626682,0.09852216748768473,0.3628571428571429,0.3683319939608657,0.3960704791473174,0.08,0.0,0.0,0.42,16.74,0.0,0.0,0.03611915459522267,0.08436634914903716,3.5763546798029555,0.0,0.0,0.15,0.07881773399014778,0,0.08388671008887451,0.23597217270777743,0.14114720082927132,0.4284747800376717,0.0,0.0,0.0,0.3,0.0,0.570275459879821,0.2,0.08,0.0,0.5,0.25
352,0.9783608719521157,0.5217402777446865,0.8499028730060624,0.5209782790958003,0.2462483218342688,0.5332913776670268,0.6798029556650246,0.38670341099658456,0.4109024812522978,0.09852216748768473,0.3942857142857143,0.3683891368180086,0.3961133362901746,0.08,0.0049261083743842365,0.002857142857142857,0.42,16.737142857142857,0.0,0.0,0.03611915459522267,0.08436634914903716,3.5763546798029555,0.0,0.0,0.15,0.07881773399014778,0,0.08389584796700154,0.23479231184423854,0.14118139966982873,0.42684766707621774,0.0,0.0,0.0,0.3,0.0,0.570275459879821,0.2,0.08,0.0049261083743842365,0.5,0.25
353,0.9790315875250963,0.5225744966145286,0.8502918880383911,0.5211536395625278,0.2462483218342688,0.533103371786909,0.6945812807881774,0.38670341099658456,0.4109024812522978,0.09852216748768473,0.40285714285714286,0.3683891368180086,0.3961133362901746,0.08,0.0,0.0,0.42,16.765714285714285,0.0,0.0,0.03611915459522267,0.08436634914903716,3.5763546798029555,0.0,0.0,0.15,0.07881773399014778,0,0.08347636872716654,0.23361835028501735,0.13835777167643215,0.41831071373469336,0.0,0.0,0.0,0.3,0.0,0.570275459879821,0.2,0.08,0.0,0.5,0.25
354,0.9779826986232715,0.5219630517141786,0.8496835324753329,0.521063280700224,0.2462483218342688,0.533032857454811,0.6403940886699507,0.38670341099658456,0.4109024812522978,0.09852216748768473,0.37142857142857144,0.3683891368180086,0.3961133362901746,0.08,0.0,0.0,0.42,16.777142857142856,0.0,0.0,0.03611915459522267,0.08436634914903716,3.5763546798029555,0.0,0.0,0.15,0.07881773399014778,0,0.08305898688353072,0.23245025853359227,0.13559061624290353,0.4099444994599995,0.0,0.0,0.0,0.3,0.0,0.570275459879821,0.2,0.08,0.0,0.5,0.25
355,0.977783982847921,0.5215300994336186,0.8495682773256296,0.5207849632508973,0.2462483218342688,0.5329747287154543,0.6157635467980296,0.38670341099658456,0.4109024812522978,0.09852216748768473,0.35714285714285715,0.3683891368180086,0.3961133362901746,0.08,0.0,0.0,0.42,16.78,0.0,0.0,0.03611915459522267,0.08436634914903716,3.5763546798029555,0.0,0.0,0.15,0.07881773399014778,0,0.08264369194911304,0.23128800724092433,0.13287880391804544,0.4017456094707995,0.0,0.0,0.0,0.3,0.0,0.570275459879821,0.2,0.08,0.0,0.5,0.25
356,0.9765043057607385,0.5221394875760247,0.8488260646150637,0.5212975035111729,0.2462483218342688,0.5328885470741214,0.6699507389162561,0.38670341099658456,0.4109024812522978,0.09852216748768473,0.38857142857142857,0.3683891368180086,0.3961133362901746,0.08,0.0,0.0,0.42,16.717142857142857,0.0,0.0,0.03611915459522267,0.08436634914903716,3.5763546798029555,0.0,0.0,0.15,0.07881773399014778,0,0.08223047348936748,0.2301315672047197,0.1302212278396845,0.3937106972813835,0.0,0.0,0.0,0.3,0.0,0.570275459879821,0.2,0.08,0.0,0.5,0.25
357,0.97824393058366,0.5224106341292645,0.8498350470123582,0.5215699151968048,0.2462483218342688,0.5327307446061457,0.7142857142857143,0.38670341099658456,0.4109024812522978,0.09852216748768473,0.4142857142857143,0.3683891368180086,0.3961133362901746,0.08,0.0,0.0,0.42,16.737142857142857,0.0,0.0,0.03611915459522267,0.08436634914903716,3.5763546798029555,0.0,0.0,0.15,0.07881773399014778,0,0.08181932112192065,0.22898090936869608,0.12761680328289085,0.3858364833357559,0.0,0.0,0.0,0.3,0.0,0.570275459879821,0.2,0.08,0.0,0.5,0.25
358,0.9773130203397268,0.5213018889343364,0.8492951190708767,0.5214196534000655,0.2462483218342688,0.53251815431299,0.6502463054187192,0.3868019331640723,0.41097637287791355,0.09852216748768473,0.37714285714285717,0.3684462796751515,0.3961561934330317,0.08,0.0049261083743842365,0.002857142857142857,0.42,16.72,0.0049261083743842365,0.0,0.03611915459522267,0.08436634914903716,3.5763546798029555,0.0,0.0,0.15,0.07881773399014778,0,0.08183879594488248,0.22978484040599512,0.12792161007437586,0.3781197536690407,0.0,0.0,0.0,0.3,0.0,0.570275459879821,0.2,0.08,0.0049261083743842365,0.5,0.25
359,0.975876740696988,0.5208928620810098,0.8484620768780883,0.5214430453171056,0.2462483218342688,0.5321269053943348,0.6847290640394089,0.3868019331640723,0.41097637287791355,0.09852216748768473,0.39714285714285713,0.3684462796751515,0.3961561934330317,0.08,0.0,0.0,0.42,16.717142857142857,0.0049261083743842365,0.0,0.03611915459522267,0.08436634914903716,3.5763546798029555,0.0,0.0,0.15,0.07881773399014778,0,0.08142960196515805,0.22863591620396514,0.12536317787288837,0.3705573585956599,0.0,0.0,0.0,0.3,0.0,0.570275459879821,0.2,0.08,0.0,0.5,0.25
360,0.9769162044117498,0.520751904735809,0.84906496583265,0.520578020211683,0.2462483218342688,0.5318565630004909,0.6551724137931034,0.3868019331640723,0.41097637287791355,0.09852216748768473,0.38,0.3684462796751515,0.3961561934330317,0.08,0.0,0.0,0.42,16.69142857142857,0.0049261083743842365,0.0,0.03611915459522267,0.08436634914903716,3.5763546798029555,0.0,0.0,0.15,0.07881773399014778,0,0.08102245395533227,0.2274927366229453,0.1228559143154306,0.3631462114237467,0.0,0.0,0.0,0.3,0.0,0.570275459879821,0.2,0.08,0.0,0.5,0.25
361,0.9787085362907743,0.5213119739677542,0.8501045183224843,0.5204760280242782,0.2462483218342688,0.5314452697470884,0.6650246305418719,0.3869004553315599,0.41105026450352933,0.09852216748768473,0.38571428571428573,0.3685034225322943,0.3961990505758888,0.08,0.0049261083743842365,0.002857142857142857,0.42,16.68857142857143,0.0049261083743842365,0.0,0.03611915459522267,0.08436634914903716,3.5763546798029555,0.0,0.0,0.15,0.07881773399014778,0,0.08104591311412705,0.2263552729398306,0.12325593888626482,0.3827414041610135,0.0,0.0,0.0,0.3,0.0,0.570275459879821,0.2,0.08,0.0049261083743842365,0.5,0.25
362,0.9779430410886999,0.5208541060333485,0.8496605311052812,0.5202857224451134,0.2462483218342688,0.5310936667688908,0.6502463054187192,0.3869004553315599,0.41105026450352933,0.09852216748768473,0.37714285714285717,0.3685034225322943,0.3961990505758888,0.08,0.0,0.0,0.42,16.717142857142857,0.009852216748768473,0.0,0.03611915459522267,0.08436634914903716,3.5763546798029555,0.0,0.0,0.15,0.07881773399014778,0,0.0806406835485564,0.22522349657513144,0.12079082010853955,0.3750865760777932,0.0,0.0,0.0,0.3,0.0,0.570275459879821,0.2,0.08,0.0,0.5,0.25
363,0.977140899530581,0.5204979718638525,0.8491952890015724,0.5201514682708708,0.2462483218342688,0.5307309279267979,0.7142857142857143,0.3869004553315599,0.41105026450352933,0.09852216748768473,0.4142857142857143,0.3685034225322943,0.3961990505758888,0.08,0.0,0.0,0.42,16.71142857142857,0.0049261083743842365,0.0,0.03611915459522267,0.08436634914903716,3.5763546798029555,0.0,0.0,0.15,0.07881773399014778,0,0.08023748013081361,0.2240973790922558,0.11837500370636875,0.36758484455623736,0.0,0.0,0.0,0.3,0.0,0.570275459879821,0.2,0.08,0.0,0.5,0.25
364,0.9769740163394833,0.5211398127647798,0.8490984967507356,0.5202598395645175,0.2462483218342688,0.530132792775272,0.7093596059113301,0.3869004553315599,0.41105026450352933,0.09852216748768473,0.4114285714285714,0.3685034225322943,0.3961990505758888,0.08,0.0,0.0,0.42,16.742857142857144,0.009852216748768473,0.0,0.03611915459522267,0.08436634914903716,3.5763546798029555,0.0,0.0,0.15,0.07881773399014778,0,0.07983629273015955,0.2229768921967945,0.11600750363224137,0.3602331476651126,0.0,0.0,0.0,0.3,0.0,0.570275459879821,0.2,0.08,0.0,0.5,0.25
365,0.9789506799147202,0.5214191176365262,0.8502449616243728,0.5202442151449691,0.2462483218342688,0.5297456150115267,0.6699507389162561,0.38699897749904766,0.4111241561291451,0.09852216748768473,0.38857142857142857,0.3685605653894371,0.3962419077187459,0.08,0.0049261083743842365,0.002857142857142857,0.42,16.71142857142857,0.0049261083743842365,0.0,0.03611915459522267,0.08436634914903716,3.5763546798029555,0.0,0.0,0.15,0.07881773399014778,0,0.07986568269508018,0.22186200773581055,0.11654449641673939,0.38250702030298356,0.0,0.0,0.0,0.3,0.0,0.570275459879821,0.2,0.08,0.0049261083743842365,0.5,0.25
366,0.9792791856869535,0.5212531049899503,0.8504354949722683,0.5200333331289111,0.2462483218342688,0.5294305844768397,0.6403940886699507,0.38699897749904766,0.4111241561291451,0.09852216748768473,0.37142857142857144,0.3685605653894371,0.3962419077187459,0.08,0.0,0.0,0.42,16.685714285714287,0.0049261083743842365,0.0,0.03611915459522267,0.08436634914903716,3.5763546798029555,0.0,0.0,0.15,0.07881773399014778,0,0.07946635428160478,0.22075269769713146,0.1142136064884046,0.3748568798969239,0.0,0.0,0.0,0.3,0.0,0.570275459879821,0.2,0.08,0.0,0.5,0.25
367,0.9771628262811154,0.5199127862093273,0.849208006516882,0.5199824395194064,0.2462483218342688,0.52921509001408,0.6551724137931034,0.38699897749904766,0.4111241561291451,0.09852216748768473,0.38,0.3685605653894371,0.3962419077187459,0.08,0.0,0.0,0.42,16.64,0.0,0.0,0.03611915459522267,0.08436634914903716,3.5763546798029555,0.0,0.0,0.15,0.07881773399014778,0,0.07906902251019675,0.2196489342086458,0.11192933435863651,0.36735974229898544,0.0,0.0,0.0,0.3,0.0,0.570275459879821,0.2,0.08,0.0,0.5,0.25
368,0.9768794743955799,0.5198290009927407,0.8490436624232715,0.5201879917473586,0.2462483218342688,0.5290725964240021,0.6551724137931034,0.387196021834023,0.4112719393803766,0.09852216748768473,0.38,0.36867485110372283,0.3963276220044602,0.08,0.009852216748768473,0.005714285714285714,0.42,16.67142857142857,0.0,0.0,0.03611915459522267,0.08436634914903716,3.5763546798029555,0.0,0.0,0.15,0.07881773399014778,0,0.07953082025478864,0.23965704777966448,0.11540503338574948,0.4108162110827973,0.0,0.0,0.0,0.3,0.0,0.570275459879821,0.2,0.08,0.009852216748768473,0.5,0.25
369,0.9766169230123636,0.5198205149424218,0.8488913826210063,0.5199673233795268,0.2462483218342688,0.5289687635983,0.6305418719211823,0.3872945440015107,0.41134583100599237,0.09852216748768473,0.3657142857142857,0.36873199396086564,0.3963704791473174,0.08,0.0049261083743842365,0.002857142857142857,0.42,16.67142857142857,0.0049261083743842365,0.0,0.03611915459522267,0.08436634914903716,3.5763546798029555,0.0,0.0,0.15,0.07881773399014778,0,0.07956173758208611,0.23845876254076614,0.11595407557517737,0.40609201668398154,0.0,0.0,0.0,0.3,0.0,0.570275459879821,0.2,0.08,0.0049261083743842365,0.5,0.25
370,0.9776970828548665,0.5201250621944412,0.8495178753296578,0.5204459182963241,0.2462483218342688,0.5287947560449213,0.6059113300492611,0.3872945440015107,0.41134583100599237,0.09852216748768473,0.3514285714285714,0.36873199396086564,0.3963704791473174,0.08,0.0,0.0,0.42,16.645714285714284,0.0049261083743842365,0.0,0.03611915459522267,0.08436634914903716,3.5763546798029555,0.0,0.0,0.15,0.07881773399014778,0,0.07916392889417567,0.2372664687280623,0.11363499406367382,0.3979701763503019,0.0,0.0,0.0,0.3,0.0,0.570275459879821,0.2,0.08,0.0,0.5,0.25
371,0.9770130441871052,0.520575988268774,0.8491211329023564,0.5207868628027562,0.2462483218342688,0.528643482996744,0.6600985221674877,0.3872945440015107,0.41134583100599237,0.09852216748768473,0.38285714285714284,0.36873199396086564,0.3963704791473174,0.08,0.0,0.0,0.42,16.617142857142856,0.0049261083743842365,0.0,0.03611915459522267,0.08436634914903716,3.5763546798029555,0.0,0.0,0.15,0.07881773399014778,0,0.07876810924970482,0.23608013638442202,0.11136229418240033,0.3900107728232959,0.0,0.0,0.0,0.3,0.0,0.570275459879821,0.2,0.08,0.0,0.5,0.25
372,0.9774215834431659,0.5195857496039336,0.8493580856708715,0.5196134228626287,0.2462483218342688,0.528481429495497,0.6403940886699507,0.387491588336486,0.4114936142572239,0.09852216748768473,0.37142857142857144,0.36884627967515143,0.3964561934330317,0.08,0.009852216748768473,0.005714285714285714,0.42,16.622857142857143,0.0049261083743842365,0.0,0.03611915459522267,0.08436634914903716,3.5763546798029555,0.0,0.0,0.15,0.07881773399014778,0,0.07923141156059915,0.253003595526046,0.11484933401303804,0.38830467925202666,0.0,0.0,0.0,0.3,0.0,0.570275459879821,0.2,0.08,0.009852216748768473,0.5,0.25
373,0.9781888355471492,0.5203149222815279,0.8498030918911819,0.5206523208735662,0.2462483218342688,0.5282189813416908,0.6798029556650246,0.387491588336486,0.4114936142572239,0.09852216748768473,0.3942857142857143,0.36884627967515143,0.3964561934330317,0.08,0.0,0.0,0.42,16.617142857142856,0.0049261083743842365,0.0,0.03611915459522267,0.08436634914903716,3.5763546798029555,0.0,0.0,0.15,0.07881773399014778,0,0.07883525450279615,0.2517385775484158,0.11255234733277727,0.3805385856669861,0.0,0.0,0.0,0.3,0.0,0.570275459879821,0.2,0.08,0.0,0.5,0.25
374,0.9795664589850052,0.5200115256308288,0.8506021134851381,0.5205627528254896,0.2462483218342688,0.5279633148660435,0.6798029556650246,0.38759011050397374,0.4115675058828397,0.09852216748768473,0.3942857142857143,0.3689034225322943,0.3964990505758888,0.08,0.0049261083743842365,0.002857142857142857,0.42,16.571428571428573,0.0049261083743842365,0.0,0.03611915459522267,0.08436634914903716,3.5763546798029555,0.0,0.0,0.15,0.07881773399014778,0,0.0788696496588536,0.25538355880669567,0.11315844324326459,0.38302414427937365,0.0,0.0,0.0,0.3,0.0,0.570275459879821,0.2,0.08,0.0049261083743842365,0.5,0.25
375,0.9780808876515682,0.5196956964612862,0.849803108147026,0.5204171969339539,0.2462483218342688,0.527718885888377,0.7326732673267327,0.38653257945960523,0.41040074083351324,0.09900990099009901,0.4228571428571429,0.3689034225322943,0.3964990505758888,0.08,0.0,0.0,0.4228571428571429,16.52857142857143,0.009900990099009901,0.002857142857142857,0.0361396710289483,0.08436634914903716,3.5544554455445545,0.0,0.0,0.15,0.07920792079207921,0,0.07847530141055932,0.2541066410126622,0.1108952743783993,0.3753636613937862,0.0,0.0,0.0,0.3,0.0,0.570275459879821,0.2,0.08,0.0,0.5,0.25
376,0.9783655536610321,0.520775763982408,0.8499674011010594,0.5207364601062607,0.2462483218342688,0.5275500264559678,0.6237623762376238,0.38653257945960523,0.41040074083351324,0.09900990099009901,0.36,0.3689034225322943,0.3964990505758888,0.08,0.0,0.0,0.4228571428571429,16.51142857142857,0.0,0.0,0.03614698391529199,0.08436634914903716,3.5544554455445545,0.0,0.0,0.15,0.07920792079207921,0,0.07808292490350652,0.2528361078075989,0.10867736889083131,0.3678563881659105,0.0,0.0,0.0,0.3,0.0,0.570275459879821,0.2,0.08,0.0,0.5,0.25
377,0.9760710894981172,0.520871497359859,0.8486431674984629,0.5209260579018522,0.2462483218342688,0.5274255324639806,0.6881188118811881,0.38653257945960523,0.41040074083351324,0.09900990099009901,0.39714285714285713,0.3689034225322943,0.3964990505758888,0.08,0.0,0.0,0.4228571428571429,16.48,0.0,0.0,0.03614698391529199,0.08436634914903716,3.5544554455445545,0.0,0.0,0.15,0.07920792079207921,0,0.07769251027898898,0.25157192726856087,0.10650382151301467,0.3604992604025922,0.0,0.0,0.0,0.3,0.0,0.570275459879821,0.2,0.08,0.0,0.5,0.25
378,0.9770147622803831,0.520263008604257,0.8491878015042279,0.5210454202823409,0.2462483218342688,0.5272552645903466,0.6633663366336634,0.3866315893605954,0.4104749982592558,0.09900990099009901,0.38285714285714284,0.3689605653894372,0.396541907718746,0.08,0.0049504950495049506,0.002857142857142857,0.4228571428571429,16.502857142857142,0.0,0.0,0.03614698391529199,0.08436634914903716,3.5544554455445545,0.0,0.0,0.15,0.07920792079207921,0,0.07773261915616547,0.25382349880711824,0.10723088793989725,0.3877135414621736,0.0,0.0,0.0,0.3,0.0,0.570275459879821,0.2,0.08,0.0049504950495049506,0.5,0.25
379,0.9772025399383341,0.5197395047092723,0.8492961760382451,0.5212735857766472,0.2462483218342688,0.5270308682190822,0.7475247524752475,0.3866315893605954,0.4104749982592558,0.09900990099009901,0.43142857142857144,0.3689605653894372,0.396541907718746,0.08,0.0,0.0,0.4228571428571429,16.497142857142858,0.0,0.0,0.03614698391529199,0.08436634914903716,3.5544554455445545,0.0,0.0,0.15,0.07920792079207921,0,0.07734395606038463,0.25255438131308267,0.1050862701810993,0.37995927063293017,0.0,0.0,0.0,0.3,0.0,0.570275459879821,0.2,0.08,0.0,0.5,0.25
380,0.9779436233999238,0.5203636726901507,0.8497238870646484,0.5217723755757372,0.2462483218342688,0.5267392958707072,0.6336633663366337,0.3866315893605954,0.4104749982592558,0.09900990099009901,0.3657142857142857,0.3689605653894372,0.396541907718746,0.08,0.0,0.0,0.4228571428571429,16.48857142857143,0.0,0.0,0.03614698391529199,0.08436634914903716,3.5544554455445545,0.0,0.0,0.15,0.07920792079207921,0,0.07695723628008272,0.2512916094065173,0.10298454477747729,0.37236008522027153,0.0,0.0,0.0,0.3,0.0,0.570275459879821,0.2,0.08,0.0,0.5,0.25
381,0.979506076535294,0.5200796918625702,0.8506256457313478,0.5212439384909997,0.2462483218342688,0.5263201311607161,0.7475247524752475,0.38692861906356574,0.41069777053648354,0.09900990099009901,0.43142857142857144,0.3691319939608657,0.39667047914731735,0.08,0.01485148514851485,0.008571428571428572,0.4228571428571429,16.46857142857143,0.0049504950495049506,0.0,0.03614698391529199,0.08436634914903716,3.5544554455445545,0.0,0.0,0.15,0.07920792079207921,0,0.07785816438439659,0.27201478463669393,0.10949628245335634,0.3876044205390573,0.0,0.0,0.0,0.3,0.0,0.570275459879821,0.2,0.08,0.01485148514851485,0.5,0.25
382,0.9785063251876507,0.5203801030988012,0.8500486463821366,0.5213115052750807,0.2462483218342688,0.5259351132378146,0.693069306930693,0.3870276289645557,0.41077202796222606,0.09900990099009901,0.4,0.3691891368180086,0.39671333629017447,0.08,0.0049504950495049506,0.002857142857142857,0.4228571428571429,16.47714285714286,0.0,0.0,0.03614698391529199,0.08436634914903716,3.5544554455445545,0.0,0.0,0.15,0.07920792079207921,0,0.07789744499104605,0.27065471071351044,0.11016349966143206,0.3859614543063115,0.0,0.0,0.0,0.3,0.0,0.570275459879821,0.2,0.08,0.0049504950495049506,0.5,0.25
383,0.9792800345109688,0.5216507507201815,0.8504951871915943,0.5216475403961921,0.2462483218342688,0.5254412948848305,0.7178217821782178,0.3870276289645557,0.41077202796222606,0.09900990099009901,0.4142857142857143,0.3691891368180086,0.39671333629017447,0.08,0.0,0.0,0.4228571428571429,16.485714285714284,0.0049504950495049506,0.0,0.03614698391529199,0.08436634914903716,3.5544554455445545,0.0,0.0,0.15,0.07920792079207921,0,0.07750795776609082,0.26930143715994287,0.10796022966820341,0.37824222522018525,0.0,0.0,0.0,0.3,0.0,0.570275459879821,0.2,0.08,0.0,0.5,0.25
384,0.9807519781305256,0.5203755313081485,0.8513447089377385,0.5202842301966715,0.2462483218342688,0.52497257364517,0.7623762376237624,0.3871266388655459,0.4108462853879687,0.09900990099009901,0.44,0.3692462796751514,0.39675619343303165,0.08,0.0049504950495049506,0.002857142857142857,0.4228571428571429,16.494285714285713,0.0049504950495049506,0.0,0.03614698391529199,0.08436634914903716,3.5544554455445545,0.0,0.0,0.15,0.07920792079207921,0,0.07754898940583178,0.26795492997414316,0.10865816793198219,0.37183443372266994,0.0,0.0,0.0,0.3,0.0,0.570275459879821,0.2,0.08,0.0049504950495049506,0.5,0.25
385,0.9791584291365893,0.5209487605989509,0.8504250035183811,0.5205759258839735,0.2462483218342688,0.5243867802176764,0.7227722772277227,0.3872256487665359,0.4109205428137112,0.09900990099009901,0.41714285714285715,0.36930342253229426,0.3967990505758888,0.08,0.0049504950495049506,0.002857142857142857,0.4228571428571429,16.5,0.0049504950495049506,0.0,0.03614698391529199,0.08436634914903716,3.5544554455445545,0.0,0.0,0.15,0.07920792079207921,0,0.07758981588737404,0.26661515532427243,0.10934214743048541,0.3669654681657643,0.0,0.0,0.0,0.3,0.0,0.570275459879821,0.2,0.08,0.0049504950495049506,0.5,0.25
386,0.9807488985626651,0.5207516736959898,0.8513429315871448,0.5206431171548076,0.2462483218342688,0.523916524463378,0.6881188118811881,0.3872256487665359,0.4109205428137112,0.09900990099009901,0.39714285714285713,0.36930342253229426,0.3967990505758888,0.08,0.0,0.0,0.4228571428571429,16.482857142857142,0.0049504950495049506,0.0,0.03614698391529199,0.08436634914903716,3.5544554455445545,0.0,0.0,0.15,0.07920792079207921,0,0.07720186680793718,0.2652820795476511,0.10715530448187569,0.359626158802449,0.0,0.0,0.0,0.3,0.0,0.570275459879821,0.2,0.08,0.0,0.5,0.25
387,0.9784720730144889,0.5207892188047184,0.8500288779850547,0.5198851221462976,0.2462483218342688,0.523391910608729,0.693069306930693,0.387324658667526,0.41099480023945384,0.09900990099009901,0.4,0.3693605653894372,0.39684190771874595,0.08,0.0049504950495049506,0.002857142857142857,0.4228571428571429,16.494285714285713,0.0049504950495049506,0.0,0.03614698391529199,0.08436634914903716,3.5544554455445545,0.0,0.0,0.15,0.07920792079207921,0,0.07724442890246894,0.2639556691499128,0.10786934124938105,0.35761462584554876,0.0,0.0,0.0,0.3,0.0,0.570275459879821,0.2,0.08,0.0049504950495049506,0.5,0.25
388,0.9797756699365303,0.5199747406744649,0.8507812396372041,0.5198526574112817,0.2462483218342688,0.5232486185873881,0.6237623762376238,0.387324658667526,0.41099480023945384,0.09900990099009901,0.36,0.3693605653894372,0.39684190771874595,0.08,0.0,0.0,0.4228571428571429,16.52,0.0,0.0,0.03614698391529199,0.08436634914903716,3.5544554455445545,0.0,0.0,0.15,0.07920792079207921,0,0.07685820675795658,0.2626358908041633,0.10571195442439343,0.35046233332863774,0.0,0.0,0.0,0.3,0.0,0.570275459879821,0.2,0.08,0.0,0.5,0.25
389,0.9790863467999591,0.5204534360968049,0.8503834017126688,0.5202631740084545,0.2462483218342688,0.5231072370836897,0.6584158415841584,0.3875226784695063,0.411143315090939,0.09900990099009901,0.38,0.36947485110372286,0.39692762200446025,0.08,0.009900990099009901,0.005714285714285714,0.4228571428571429,16.52857142857143,0.0,0.0,0.03614698391529199,0.08436634914903716,3.5544554455445545,0.0,0.0,0.15,0.07920792079207921,0,0.07733105858130965,0.26132271135014246,0.10931200105019126,0.35082309382061594,0.0,0.0,0.0,0.3,0.0,0.570275459879821,0.2,0.08,0.009900990099009901,0.5,0.25
390,0.97979153945897,0.5207514632363484,0.8507903986187265,0.5206337958420507,0.2462483218342688,0.5230189007322616,0.6534653465346535,0.3876216883704963,0.4112175725166815,0.09900990099009901,0.37714285714285717,0.3695319939608657,0.3969704791473173,0.08,0.0049504950495049506,0.002857142857142857,0.4228571428571429,16.534285714285716,0.0,0.0,0.03614698391529199,0.08436634914903716,3.5544554455445545,0.0,0.0,0.15,0.07920792079207921,0,0.07737297471697452,0.26386455374328505,0.1099829038863303,0.34633255779104005,0.0,0.0,0.0,0.3,0.0,0.570275459879821,0.2,0.08,0.0049504950495049506,0.5,0.25
391,0.9794241422818468,0.5211670135106304,0.8505783579622154,0.5202609555468818,0.2462483218342688,0.5228682725704448,0.7128712871287128,0.3877206982714865,0.4112918299424241,0.09900990099009901,0.4114285714285714,0.36958913681800853,0.3970133362901745,0.08,0.0049504950495049506,0.002857142857142857,0.4228571428571429,16.571428571428573,0.0049504950495049506,0.0,0.03614698391529199,0.08436634914903716,3.5544554455445545,0.0,0.0,0.15,0.07920792079207921,0,0.07741468127196108,0.2634781678203246,0.11064038866574655,0.33940590663521925,0.0,0.0,0.0,0.3,0.0,0.570275459879821,0.2,0.08,0.0049504950495049506,0.5,0.25
392,0.9790163707170347,0.5209075521003502,0.8503430155162381,0.5207396498463074,0.2462483218342688,0.5227020909573704,0.7227722772277227,0.3878197081724766,0.41136608736816666,0.09900990099009901,0.41714285714285715,0.36964627967515146,0.3970561934330316,0.08,0.0049504950495049506,0.002857142857142857,0.4228571428571429,16.577142857142857,0.0049504950495049506,0.0,0.03614698391529199,0.08436634914903716,3.5544554455445545,0.0,0.0,0.15,0.07920792079207921,0,0.07745617929417271,0.2701104126732242,0.11128472374957446,0.34364529259676163,0.0,0.0,0.0,0.3,0.0,0.570275459879821,0.2,0.08,0.0049504950495049506,0.5,0.25
393,0.980251114147307,0.5195612877192158,0.8510556388674239,0.5197851545820438,0.2462483218342688,0.5224254972087113,0.7079207920792079,0.3878197081724766,0.41136608736816666,0.09900990099009901,0.4085714285714286,0.36964627967515146,0.3970561934330316,0.08,0.0,0.0,0.4228571428571429,16.585714285714285,0.0,0.0,0.03614698391529199,0.08436634914903716,3.5544554455445545,0.0,0.0,0.15,0.07920792079207921,0,0.07706889839770184,0.26875986060985807,0.10905902927458296,0.3367723867448264,0.0,0.0,0.0,0.3,0.0,0.570275459879821,0.2,0.08,0.0,0.5,0.25
394,0.9804994172810765,0.5198777992331121,0.8511989452474851,0.5198649733005145,0.2462483218342688,0.52203235902411,0.7722772277227723,0.3879187180734666,0.41144034479390923,0.09900990099009901,0.44571428571428573,0.3697034225322943,0.3970990505758888,0.08,0.0049504950495049506,0.002857142857142857,0.4228571428571429,16.605714285714285,0.0,0.0,0.03614698391529199,0.08436634914903716,3.5544554455445545,0.0,0.0,0.15,0.07920792079207921,0,0.07711212533428478,0.2674160613068088,0.10973499154623417,0.3408328311765279,0.0,0.0,0.0,0.3,0.0,0.570275459879821,0.2,0.08,0.0049504950495049506,0.5,0.25
395,0.9812814321561276,0.5207144219560743,0.8516502795468005,0.5199927624134186,0.2462483218342688,0.5217605198713562,0.7079207920792079,0.3879187180734666,0.41144034479390923,0.09900990099009901,0.4085714285714286,0.3697034225322943,0.3970990505758888,0.08,0.0,0.0,0.4228571428571429,16.622857142857143,0.0049504950495049506,0.0,0.03614698391529199,0.08436634914903716,3.5544554455445545,0.0,0.0,0.15,0.07920792079207921,0,0.07672656470761334,0.2660789810002747,0.10754029171530947,0.33401617455299737,0.0,0.0,0.0,0.3,0.0,0.570275459879821,0.2,0.08,0.0,0.5,0.25
396,0.979755362656089,0.520469626508495,0.8507695194353495,0.5201395273435969,0.2462483218342688,0.5214390076085572,0.7029702970297029,0.3879187180734666,0.41144034479390923,0.09900990099009901,0.4057142857142857,0.3697034225322943,0.3970990505758888,0.08,0.0,0.0,0.4228571428571429,16.597142857142856,0.0,0.0,0.03614698391529199,0.08436634914903716,3.5544554455445545,0.0,0.0,0.15,0.07920792079207921,0,0.07634293188407527,0.26474858609527335,0.10538948588100328,0.3273358510619374,0.0,0.0,0.0,0.3,0.0,0.570275459879821,0.2,0.08,0.0,0.5,0.25
397,0.9786235499236464,0.5201866110168255,0.8501163018011968,0.5204501657843514,0.2462483218342688,0.5211305684606274,0.6881188118811881,0.38801772797445677,0.4115146022196518,0.09900990099009901,0.39714285714285713,0.36976056538943713,0.3971419077187459,0.08,0.0049504950495049506,0.002857142857142857,0.4228571428571429,16.597142857142856,0.0,0.0,0.03614698391529199,0.08436634914903716,3.5544554455445545,0.0,0.0,0.15,0.07920792079207921,0,0.07638978865322632,0.263424843164797,0.10613883902052607,0.35254265700561954,0.0,0.0,0.0,0.3,0.0,0.570275459879821,0.2,0.08,0.0049504950495049506,0.5,0.25
398,0.9781802813651398,0.5204888228561021,0.8498604725188589,0.5203766476268802,0.2462483218342688,0.5208233632398935,0.6881188118811881,0.38801772797445677,0.4115146022196518,0.09900990099009901,0.39714285714285713,0.36976056538943713,0.3971419077187459,0.08,0.0,0.0,0.4228571428571429,16.588571428571427,0.0,0.0,0.03614698391529199,0.08436634914903716,3.5544554455445545,0.0,0.0,0.15,0.07920792079207921,0,0.0760078397099602,0.262107718948973,0.10401606224011554,0.34549180386550715,0.0,0.0,0.0,0.3,0.0,0.570275459879821,0.2,0.08,0.0,0.5,0.25
399,0.9777332015968425,0.5204075259783969,0.8496024436240129,0.5200916963380466,0.2462483218342688,0.5203838887857293,0.6435643564356436,0.38811673787544687,0.4115888596453944,0.09900990099009901,0.37142857142857144,0.36981770824657995,0.3971847648616031,0.08,0.0049504950495049506,0.002857142857142857,0.4228571428571429,16.562857142857144,0.0,0.0,0.03614698391529199,0.08436634914903716,3.5544554455445545,0.0,0.0,0.15,0.07920792079207921,0,0.07605637193998183,0.26248275556888234,0.1047928838524561,0.38751876168048394,0.0,0.0,0.0,0.3,0.0,0.570275459879821,0.2,0.08,0.0049504950495049506,0.5,0.25
400,0.9782380147388201,0.5195899286409293,0.8498937929230972,0.5189762925270233,0.2462483218342688,0.5199560889534658,0.6683168316831684,0.3883147576774271,0.4117373744968796,0.09900990099009901,0.38571428571428573,0.36993199396086573,0.3972704791473174,0.08,0.009900990099009901,0.005714285714285714,0.4228571428571429,16.47714285714286,0.0,0.0,0.03614698391529199,0.08436634914903716,3.5544554455445545,0.0,0.0,0.15,0.07920792079207921,0,0.07653323293742477,0.27388516816258146,0.10841131188969269,0.3797683864468742,0.0,0.0,0.0,0.3,0.0,0.570275459879821,0.2,0.08,0.009900990099009901,0.5,0.25
401,0.977205121136451,0.520611463839522,0.8492976657583012,0.5198278436776582,0.2462483218342688,0.5194173222596414,0.7128712871287128,0.38841376757841717,0.41181163192262216,0.09900990099009901,0.4114285714285714,0.3699891368180085,0.39731333629017446,0.08,0.0049504950495049506,0.002857142857142857,0.4228571428571429,16.514285714285716,0.0,0.0,0.03614698391529199,0.08436634914903716,3.5544554455445545,0.0,0.0,0.15,0.07920792079207921,0,0.07657913820130907,0.27251574232176856,0.1091002285090417,0.37859857833279864,0.0,0.0,0.0,0.3,0.0,0.570275459879821,0.2,0.08,0.0049504950495049506,0.5,0.25
402,0.9755981211701367,0.5201339746503107,0.8483701972063141,0.519816851019188,0.2462483218342688,0.5191012536324356,0.7178217821782178,0.38851277747940727,0.41188588934836473,0.09900990099009901,0.4142857142857143,0.3700462796751514,0.3973561934330316,0.08,0.0049504950495049506,0.002857142857142857,0.4228571428571429,16.502857142857142,0.0,0.0,0.03614698391529199,0.08436634914903716,3.5544554455445545,0.0,0.0,0.15,0.07920792079207921,0,0.07662481393887396,0.2711531636101597,0.10977536679600372,0.3832958627976912,0.0,0.0,0.0,0.3,0.0,0.570275459879821,0.2,0.08,0.0049504950495049506,0.5,0.25
403,0.9756840221635548,0.5203885281762388,0.8484197743510867,0.5202139695308728,0.2462483218342688,0.5187515688757944,0.7326732673267327,0.38851277747940727,0.41188588934836473,0.09900990099009901,0.4228571428571429,0.3700462796751514,0.3973561934330316,0.08,0.0,0.0,0.4228571428571429,16.56,0.0,0.0,0.03614698391529199,0.08436634914903716,3.5544554455445545,0.0,0.0,0.15,0.07920792079207921,0,0.07624168986917959,0.2697973977921089,0.10757985946008364,0.37562994554173734,0.0,0.0,0.0,0.3,0.0,0.570275459879821,0.2,0.08,0.0,0.5,0.25
404,0.9756007544351745,0.5205199284433202,0.8483717169764217,0.5207266775606684,0.2462483218342688,0.51844780291116,0.7178217821782178,0.38861178738039737,0.4119601467741073,0.09900990099009901,0.4142857142857143,0.3701034225322943,0.39739905057588876,0.08,0.0049504950495049506,0.002857142857142857,0.4228571428571429,16.50857142857143,0.0,0.0,0.03614698391529199,0.08436634914903716,3.5544554455445545,0.0,0.0,0.15,0.07920792079207921,0,0.07628905284840512,0.27108094207911243,0.10828540512802483,0.36811734663090256,0.0,0.0,0.0,0.3,0.0,0.570275459879821,0.2,0.08,0.0049504950495049506,0.5,0.25
405,0.9740577907760978,0.5198744678352213,0.8474812065217546,0.5203855904779849,0.2462483218342688,0.518119900983646,0.7029702970297029,0.38861178738039737,0.4119601467741073,0.09900990099009901,0.4057142857142857,0.3701034225322943,0.39739905057588876,0.08,0.0,0.0,0.4228571428571429,16.525714285714287,0.0,0.0,0.03614698391529199,0.08436634914903716,3.5544554455445545,0.0,0.0,0.15,0.07920792079207921,0,0.0759076075841631,0.26972553736871685,0.10611969702546432,0.36075499969828456,0.0,0.0,0.0,0.3,0.0,0.570275459879821,0.2,0.08,0.0,0.5,0.25
406,0.9750468256353017,0.5204394752313504,0.8480520209262093,0.5205369001965885,0.2462483218342688,0.5175716729616798,0.7079207920792079,0.38861178738039737,0.4119601467741073,0.09900990099009901,0.4085714285714286,0.3701034225322943,0.39739905057588876,0.08,0.0,0.0,0.4228571428571429,16.54,0.0,0.0,0.03614698391529199,0.08436634914903716,3.5544554455445545,0.0,0.0,0.15,0.07920792079207921,0,0.07552806954624226,0.2683769096818733,0.10399730308495504,0.3535398997043188,0.0,0.0,0.0,0.3,0.0,0.570275459879821,0.2,0.08,0.0,0.5,0.25
407,0.9772792638995232,0.5190596241976595,0.8493404567244173,0.519778535921186,0.2462483218342688,0.516962347507211,0.7178217821782178,0.38861178738039737,0.4119601467741073,0.09900990099009901,0.4142857142857143,0.3701034225322943,0.39739905057588876,0.08,0.0,0.0,0.4228571428571429,16.585714285714285,0.0,0.0,0.03614698391529199,0.08436634914903716,3.5544554455445545,0.0,0.0,0.15,0.07920792079207921,0,0.07515042919851106,0.2670350251334639,0.10191735702325594,0.34646910171023243,0.0,0.0,0.0,0.3,0.0,0.570275459879821,0.2,0.08,0.0,0.5,0.25
408,0.9765912939214993,0.5198089020758393,0.848943399765672,0.5201604550866711,0.2462483218342688,0.5164002548847771,0.7079207920792079,0.38861178738039737,0.4119601467741073,0.09900990099009901,0.4085714285714286,0.3701034225322943,0.39739905057588876,0.08,0.0,0.0,0.4228571428571429,16.554285714285715,0.0,0.0,0.03614698391529199,0.08436634914903716,3.5544554455445545,0.0,0.0,0.15,0.07920792079207921,0,0.07477467705251852,0.26569985000779656,0.09987900988279082,0.33953971967602775,0.0,0.0,0.0,0.3,0.0,0.570275459879821,0.2,0.08,0.0,0.5,0.25
409,0.9776121171105786,0.5192744956781098,0.8495325605776549,0.5191263293754091,0.2462483218342688,0.5159004497414411,0.6485148514851485,0.38861178738039737,0.4119601467741073,0.09900990099009901,0.3742857142857143,0.3701034225322943,0.39739905057588876,0.08,0.0,0.0,0.4228571428571429,16.571428571428573,0.0049504950495049506,0.0,0.03614698391529199,0.08436634914903716,3.5544554455445545,0.0,0.0,0.15,0.07920792079207921,0,0.07440080366725592,0.26437135075775753,0.097881429685135,0.3327489252825072,0.0,0.0,0.0,0.3,0.0,0.570275459879821,0.2,0.08,0.0,0.5,0.25
410,0.9778899403210247,0.5197404909503595,0.8496929042591124,0.5192596257572993,0.2462483218342688,0.5155448780492222,0.6831683168316832,0.3887107972813874,0.4120344041998499,0.09900990099009901,0.3942857142857143,0.3701605653894371,0.39744190771874593,0.08,0.0049504950495049506,0.002857142857142857,0.4228571428571429,16.605714285714285,0.0,0.0,0.03614698391529199,0.08436634914903716,3.5544554455445545,0.0,0.0,0.15,0.07920792079207921,0,0.07445737107749106,0.26304949400396876,0.09878094394857515,0.32609394677685705,0.0,0.0,0.0,0.3,0.0,0.570275459879821,0.2,0.08,0.0049504950495049506,0.5,0.25
411,0.976995059957519,0.5197398173359135,0.8491764304493177,0.5193170890791404,0.2462483218342688,0.5153013096360693,0.6881188118811881,0.38880980718237756,0.41210866162559245,0.09900990099009901,0.39714285714285713,0.37021770824657996,0.39748476486160306,0.08,0.0049504950495049506,0.002857142857142857,0.4228571428571429,16.602857142857143,0.0,0.0,0.03614698391529199,0.08436634914903716,3.5544554455445545,0.0,0.0,0.15,0.07920792079207921,0,0.07451365565067504,0.2643268590356584,0.0996624679267465,0.32821275398139177,0.0,0.0,0.0,0.3,0.0,0.570275459879821,0.2,0.08,0.0049504950495049506,0.5,0.25
412,0.9766415010188879,0.51961531479415,0.8489723764333077,0.5191423679139704,0.2462483218342688,0.5149935334498843,0.6683168316831684,0.38880980718237756,0.41210866162559245,0.09900990099009901,0.38571428571428573,0.37021770824657996,0.39748476486160306,0.08,0.0,0.0,0.4228571428571429,16.611428571428572,0.0,0.0,0.03614698391529199,0.08436634914903716,3.5544554455445545,0.0,0.0,0.15,0.07920792079207921,0,0.07414108737242167,0.2630052247404801,0.09766921856821156,0.32164849890176395,0.0,0.0,0.0,0.3,0.0,0.570275459879821,0.2,0.08,0.0,0.5,0.25
413,0.9762922081485327,0.5191922505562375,0.8487707845481314,0.5185875232603809,0.2462483218342688,0.514723977902202,0.6534653465346535,0.3889088170833677,0.41218291905133503,0.09900990099009901,0.37714285714285717,0.3702748511037229,0.3975276220044602,0.08,0.0049504950495049506,0.002857142857142857,0.4228571428571429,16.654285714285713,0.01485148514851485,0.0,0.03614698391529199,0.08436634914903716,3.5544554455445545,0.0,0.0,0.15,0.07920792079207921,0,0.07419895336413099,0.2616901986167777,0.09857297705399018,0.3314404894368557,0.0,0.0,0.0,0.3,0.0,0.570275459879821,0.2,0.08,0.0049504950495049506,0.5,0.25
414,0.9774160058456877,0.5192665936189506,0.8494193763619179,0.5192149843577893,0.2462483218342688,0.5145867757291658,0.7029702970297029,0.3889088170833677,0.41218291905133503,0.09900990099009901,0.4057142857142857,0.3702748511037229,0.3975276220044602,0.08,0.0,0.0,0.4228571428571429,16.617142857142856,0.009900990099009901,0.0,0.03614698391529199,0.08436634914903716,3.5544554455445545,0.0,0.0,0.15,0.07920792079207921,0,0.07382795859731033,0.26038174762369387,0.09660151751291039,0.32481167964811863,0.0,0.0,0.0,0.3,0.0,0.570275459879821,0.2,0.08,0.0,0.5,0.25
415,0.9770878191032294,0.5190170513302619,0.849229965727699,0.5182370974873846,0.2462483218342688,0.5145823815959474,0.7128712871287128,0.3890078269843578,0.4122571764770776,0.09900990099009901,0.4114285714285714,0.3703319939608657,0.39757047914731736,0.08,0.0049504950495049506,0.002857142857142857,0.4228571428571429,16.60857142857143,0.0049504950495049506,0.0,0.03614698391529199,0.08436634914903716,3.5544554455445545,0.0,0.0,0.15,0.07920792079207921,0,0.0738873902328952,0.2834450256848548,0.09752663001979503,0.3183154460551562,0.0,0.0,0.0,0.3,0.0,0.570275459879821,0.2,0.08,0.0049504950495049506,0.5,0.25
416,0.9763180367318437,0.5189783442700171,0.8487856913304992,0.5182199075758651,0.2462483218342688,0.514661582545088,0.7128712871287128,0.3890078269843578,0.4122571764770776,0.09900990099009901,0.4114285714285714,0.3703319939608657,0.39757047914731736,0.08,0.0,0.0,0.4228571428571429,16.625714285714285,0.0049504950495049506,0.0,0.03614698391529199,0.08436634914903716,3.5544554455445545,0.0,0.0,0.15,0.07920792079207921,0,0.07351795328173073,0.2820278005564305,0.09557609741939914,0.3119491371340531,0.0,0.0,0.0,0.3,0.0,0.570275459879821,0.2,0.08,0.0,0.5,0.25
417,0.9766350630415537,0.5197109780626971,0.8489686608006749,0.518718286458484,0.2462483218342688,0.514775856378446,0.693069306930693,0.3890078269843578,0.4122571764770776,0.09900990099009901,0.4,0.3703319939608657,0.39757047914731736,0.08,0.0,0.0,0.4228571428571429,16.611428571428572,0.0049504950495049506,0.0,0.03614698391529199,0.08436634914903716,3.5544554455445545,0.0,0.0,0.15,0.07920792079207921,0,0.07315036351532209,0.28061766155364837,0.09366457547101115,0.305710154391372,0.0,0.0,0.0,0.3,0.0,0.570275459879821,0.2,0.08,0.0,0.5,0.25
418,0.9760526134163128,0.5202618762565191,0.8486325041598216,0.5192113048778751,0.2462483218342688,0.5147508730917311,0.6534653465346535,0.3890078269843578,0.4122571764770776,0.09900990099009901,0.37714285714285717,0.3703319939608657,0.39757047914731736,0.08,0.0,0.0,0.4228571428571429,16.597142857142856,0.009900990099009901,0.0,0.03614698391529199,0.08436634914903716,3.5544554455445545,0.0,0.0,0.15,0.07920792079207921,0,0.07278461169774547,0.2792145732458801,0.09179128396159092,0.29959595130354455,0.0,0.0,0.0,0.3,0.0,0.570275459879821,0.2,0.08,0.0,0.5,0.25
419,0.9751357016142062,0.5200971942588098,0.8481033150626058,0.5195937101131033,0.2462483218342688,0.5147053371196124,0.693069306930693,0.3890078269843578,0.4122571764770776,0.09900990099009901,0.4,0.3703319939608657,0.39757047914731736,0.08,0.0,0.0,0.4228571428571429,16.63142857142857,0.0049504950495049506,0.0,0.03614698391529199,0.08436634914903716,3.5544554455445545,0.0,0.0,0.15,0.07920792079207921,0,0.07242068863925674,0.2778185003796507,0.0899554582823591,0.29360403227747367,0.0,0.0,0.0,0.3,0.0,0.570275459879821,0.2,0.08,0.0,0.5,0.25
420,0.9763170377967937,0.5178799433966357,0.8487851148022705,0.5184374675327128,0.2462483218342688,0.5147250351225884,0.7029702970297029,0.3890078269843578,0.4122571764770776,0.09900990099009901,0.4057142857142857,0.3703319939608657,0.39757047914731736,0.08,0.0,0.0,0.4228571428571429,16.611428571428572,0.0049504950495049506,0.0,0.03614698391529199,0.08436634914903716,3.5544554455445545,0.0,0.0,0.15,0.07920792079207921,0,0.07205858519606045,0.27642940787775244,0.08815634911671191,0.28773195163192417,0.0,0.0,0.0,0.3,0.0,0.570275459879821,0.2,0.08,0.0,0.5,0.25
421,0.9768045716293533,0.5176409212226651,0.8490664914713478,0.5178207245833752,0.2462483218342688,0.5146778938975937,0.6831683168316832,0.38910683688534786,0.4123314339028202,0.09900990099009901,0.3942857142857143,0.37038913681800856,0.39761333629017453,0.08,0.0049504950495049506,0.002857142857142857,0.4228571428571429,16.62,0.009900990099009901,0.0,0.03614698391529199,0.08436634914903716,3.5544554455445545,0.0,0.0,0.15,0.07920792079207921,0,0.07212686369865158,0.2750472608383637,0.08925036499152054,0.3056223229724427,0.0,0.0,0.0,0.3,0.0,0.570275459879821,0.2,0.08,0.0049504950495049506,0.5,0.25
422,0.9773498100899558,0.5172505482410639,0.849381171954324,0.5174417736281113,0.2462483218342688,0.5146806470968285,0.6881188118811881,0.38910683688534786,0.4123314339028202,0.09900990099009901,0.39714285714285713,0.37038913681800856,0.39761333629017453,0.08,0.0,0.0,0.4228571428571429,16.6,0.0,0.0,0.03614698391529199,0.08436634914903716,3.5544554455445545,0.0,0.0,0.15,0.07920792079207921,0,0.07176622938015832,0.2736720245341719,0.08746535769169013,0.2995098765129939,0.0,0.0,0.0,0.3,0.0,0.570275459879821,0.2,0.08,0.0,0.5,0.25
423,0.9778477369330056,0.5169374180070584,0.84966854687517,0.5172914310422331,0.2462483218342688,0.5145939029485728,0.6485148514851485,0.389205846786338,0.41240569132856275,0.09900990099009901,0.3742857142857143,0.3704462796751514,0.39765619343303166,0.08,0.0049504950495049506,0.002857142857142857,0.4228571428571429,16.585714285714285,0.0,0.0,0.03614698391529199,0.08436634914903716,3.5544554455445545,0.0,0.0,0.15,0.07920792079207921,0,0.07183596966182895,0.2753268952100644,0.08857319339499918,0.29351967898273396,0.0,0.0,0.0,0.3,0.0,0.570275459879821,0.2,0.08,0.0049504950495049506,0.5,0.25
424,0.9781097926663319,0.5166360070686398,0.8498197904698326,0.5173734660397177,0.2462483218342688,0.5143959965785301,0.7128712871287128,0.38930485668732806,0.41247994875430527,0.09900990099009901,0.4114285714285714,0.37050342253229424,0.3976990505758887,0.08,0.0049504950495049506,0.002857142857142857,0.4228571428571429,16.591428571428573,0.0,0.0,0.03614698391529199,0.08436634914903716,3.5544554455445545,0.0,0.0,0.15,0.07920792079207921,0,0.07190536124209124,0.2739502607340141,0.08965887238424204,0.3006630955136867,0.0,0.0,0.0,0.3,0.0,0.570275459879821,0.2,0.08,0.0049504950495049506,0.5,0.25
425,0.9791743266405434,0.5167271124701778,0.8504341786492347,0.5172328167421015,0.2462483218342688,0.5142116993385755,0.7029702970297029,0.3895028764893082,0.4126284636057904,0.10396039603960396,0.4057142857142857,0.37061770824658,0.39778476486160314,0.08285714285714285,0.009900990099009901,0.005714285714285714,0.4228571428571429,16.591428571428573,0.0,0.0,0.03614698391529199,0.08436634914903716,3.5544554455445545,0.0,0.0,0.15,0.07920792079207921,0,0.07240297729302364,0.272580509430344,0.09357998065084293,0.3019884230131187,0.0,0.0,0.0,0.3,0.0,0.570275459879821,0.2,0.08,0.009900990099009901,0.5,0.25
426,0.9781840804027073,0.5166415600875391,0.8498626651062549,0.5168013099734707,0.2462483218342688,0.5140719689550891,0.6782178217821783,0.3895028764893082,0.4126284636057904,0.10396039603960396,0.3914285714285714,0.37061770824658,0.39778476486160314,0.08285714285714285,0.0,0.0,0.4228571428571429,16.594285714285714,0.0,0.0,0.03614698391529199,0.08436634914903716,3.5544554455445545,0.0,0.0,0.15,0.07920792079207921,0,0.07204096240655852,0.2712176068831923,0.09170838103782607,0.29594865455285635,0.0,0.0,0.0,0.3,0.0,0.570275459879821,0.2,0.08,0.0,0.5,0.25
427,0.9780146769227742,0.5177429675405125,0.8497648950978364,0.517148297542361,0.2462483218342688,0.5139540348185411,0.6831683168316832,0.38960188639029836,0.41270272103153305,0.10396039603960396,0.3942857142857143,0.37067485110372284,0.3978276220044602,0.08285714285714285,0.0049504950495049506,0.002857142857142857,0.4228571428571429,16.55142857142857,0.0,0.0,0.03614698391529199,0.08436634914903716,3.5544554455445545,0.0,0.0,0.15,0.07920792079207921,0,0.07210932902309716,0.27477170695674336,0.0927313562742124,0.2900296814617992,0.0,0.0,0.0,0.3,0.0,0.570275459879821,0.2,0.08,0.0049504950495049506,0.5,0.25
428,0.9758996191205639,0.5191734658697812,0.8485442045948464,0.5184349109948108,0.2462483218342688,0.5139037842136699,0.7227722772277227,0.38960188639029836,0.41270272103153305,0.10396039603960396,0.41714285714285715,0.37067485110372284,0.3978276220044602,0.08285714285714285,0.0,0.0,0.4228571428571429,16.52857142857143,0.0,0.0,0.03614698391529199,0.08436634914903716,3.5544554455445545,0.0,0.0,0.15,0.07920792079207921,0,0.07174878237798167,0.27339784842195963,0.09087672914872814,0.2842290878325632,0.0,0.0,0.0,0.3,0.0,0.570275459879821,0.2,0.08,0.0,0.5,0.25
429,0.9755567790826523,0.5192997726371467,0.8483463369158231,0.5182369459368326,0.2462483218342688,0.5138760277377898,0.7178217821782178,0.38960188639029836,0.41270272103153305,0.10396039603960396,0.4142857142857143,0.37067485110372284,0.3978276220044602,0.08285714285714285,0.0,0.0,0.4228571428571429,16.52,0.0,0.0,0.03614698391529199,0.08436634914903716,3.5544554455445545,0.0,0.0,0.15,0.07920792079207921,0,0.07139003846609177,0.2720308591798498,0.08905919456575358,0.27854450607591197,0.0,0.0,0.0,0.3,0.0,0.570275459879821,0.2,0.08,0.0,0.5,0.25
430,0.9761740743516448,0.5193340904786576,0.8487026044710703,0.5185500933840851,0.2462483218342688,0.5138374851593346,0.7128712871287128,0.38960188639029836,0.41270272103153305,0.10396039603960396,0.4114285714285714,0.37067485110372284,0.3978276220044602,0.08285714285714285,0.0,0.0,0.4228571428571429,16.52,0.0049504950495049506,0.0,0.03614698391529199,0.08436634914903716,3.5544554455445545,0.0,0.0,0.15,0.07920792079207921,0,0.07103308827376131,0.27067070488395056,0.08727801067443851,0.2729736159543937,0.0,0.0,0.0,0.3,0.0,0.570275459879821,0.2,0.08,0.0,0.5,0.25
431,0.9764886841118198,0.5195988089882744,0.8488841792469426,0.5187537622581885,0.2462483218342688,0.513815722248824,0.6732673267326733,0.38960188639029836,0.41270272103153305,0.10396039603960396,0.38857142857142857,0.37067485110372284,0.3978276220044602,0.08285714285714285,0.0,0.0,0.4228571428571429,16.545714285714286,0.0,0.0,0.03614698391529199,0.08436634914903716,3.5544554455445545,0.0,0.0,0.15,0.07920792079207921,0,0.07067792283239249,0.26931735135953083,0.08553245046094973,0.26751414363530585,0.0,0.0,0.0,0.3,0.0,0.570275459879821,0.2,0.08,0.0,0.5,0.25
432,0.978035915464317,0.5185982924540086,0.8497771527703841,0.518036380830294,0.2462483218342688,0.5136791903575099,0.7178217821782178,0.38960188639029836,0.41270272103153305,0.10396039603960396,0.4142857142857143,0.37067485110372284,0.3978276220044602,0.08285714285714285,0.0,0.0,0.4228571428571429,16.597142857142856,0.0,0.0,0.03614698391529199,0.08436634914903716,3.5544554455445545,0.0,0.0,0.15,0.07920792079207921,0,0.07032453321823054,0.2679707646027332,0.08382180145173074,0.2621638607625997,0.0,0.0,0.0,0.3,0.0,0.570275459879821,0.2,0.08,0.0,0.5,0.25
433,0.978692709570981,0.5198347968231669,0.8501562167976585,0.5189632606936507,0.2462483218342688,0.5134551159010577,0.693069306930693,0.3897008962912885,0.41277697845727557,0.10396039603960396,0.4,0.3707319939608657,0.3978704791473173,0.08285714285714285,0.0049504950495049506,0.002857142857142857,0.4228571428571429,16.56,0.0,0.0,0.03614698391529199,0.08436634914903716,3.5544554455445545,0.0,0.0,0.15,0.07920792079207921,0,0.0704014819807108,0.2666309107797195,0.08500250827983896,0.29558848177422714,0.0,0.0,0.0,0.3,0.0,0.570275459879821,0.2,0.08,0.0049504950495049506,0.5,0.25
434,0.9777905835215576,0.5193844678662304,0.8496355611919915,0.5188921123550166,0.2462483218342688,0.5132972876464144,0.7524752475247525,0.3897008962912885,0.41277697845727557,0.10396039603960396,0.4342857142857143,0.3707319939608657,0.3978704791473173,0.08285714285714285,0.0,0.0,0.4228571428571429,16.542857142857144,0.0,0.0,0.03614698391529199,0.08436634914903716,3.5544554455445545,0.0,0.0,0.15,0.07920792079207921,0,0.07004947457080726,0.2652977562258209,0.0833024581142422,0.2896767121387426,0.0,0.0,0.0,0.3,0.0,0.570275459879821,0.2,0.08,0.0,0.5,0.25
435,0.9775558442821828,0.5195466346739874,0.849500083116695,0.5194365190408341,0.2462483218342688,0.5133409387318765,0.6881188118811881,0.3897008962912885,0.41277697845727557,0.10396039603960396,0.39714285714285713,0.3707319939608657,0.3978704791473173,0.08285714285714285,0.0,0.0,0.4228571428571429,16.52857142857143,0.0,0.0,0.03614698391529199,0.08436634914903716,3.5544554455445545,0.0,0.0,0.15,0.07920792079207921,0,0.06969922719795323,0.2639712674446918,0.08163640895195734,0.28388317789596773,0.0,0.0,0.0,0.3,0.0,0.570275459879821,0.2,0.08,0.0,0.5,0.25
436,0.9787070350874486,0.5199144982993235,0.8501644846671629,0.5196322927450461,0.2462483218342688,0.5134362738963415,0.6683168316831684,0.3897008962912885,0.41277697845727557,0.10396039603960396,0.38571428571428573,0.3707319939608657,0.3978704791473173,0.08285714285714285,0.0,0.0,0.4228571428571429,16.591428571428573,0.0,0.0,0.03614698391529199,0.08436634914903716,3.5544554455445545,0.0,0.0,0.15,0.07920792079207921,0,0.06935073106196346,0.2626514111074683,0.08000368077291821,0.27820551433804835,0.0,0.0,0.0,0.3,0.0,0.570275459879821,0.2,0.08,0.0,0.5,0.25
437,0.9789459094979115,0.5198589671590329,0.8503023493269156,0.5196407405419865,0.2462483218342688,0.513445114602137,0.698019801980198,0.38989891609326865,0.4129254933087607,0.10396039603960396,0.40285714285714286,0.3708462796751514,0.3979561934330317,0.08285714285714285,0.009900990099009901,0.005714285714285714,0.4228571428571429,16.55142857142857,0.0,0.0,0.03614698391529199,0.08436634914903716,3.5544554455445545,0.0,0.0,0.15,0.07920792079207921,0,0.0698611202637965,0.2615430855314001,0.08411789287174556,0.3146346147886447,0.0,0.0,0.0,0.3,0.0,0.570275459879821,0.2,0.08,0.009900990099009901,0.5,0.25
438,0.9792612099019479,0.5202008598991038,0.8504843227029593,0.5200650491822799,0.2462483218342688,0.513584132862467,0.7326732673267327,0.38989891609326865,0.4129254933087607,0.10396039603960396,0.4228571428571429,0.3708462796751514,0.3979561934330317,0.08285714285714285,0.0,0.0,0.4228571428571429,16.60857142857143,0.0,0.0,0.03614698391529199,0.08436634914903716,3.5544554455445545,0.0,0.0,0.15,0.07920792079207921,0,0.06951181466247751,0.2602353701037431,0.08243553501431064,0.30834192249287173,0.0,0.0,0.0,0.3,0.0,0.570275459879821,0.2,0.08,0.0,0.5,0.25
439,0.9785554162945015,0.519384242135999,0.8500769789638047,0.51913413703011,0.2462483218342688,0.5136940012555602,0.693069306930693,0.38989891609326865,0.4129254933087607,0.10396039603960396,0.4,0.3708462796751514,0.3979561934330317,0.08285714285714285,0.0,0.0,0.4228571428571429,16.594285714285714,0.0,0.0,0.03614698391529199,0.08436634914903716,3.5544554455445545,0.0,0.0,0.15,0.07920792079207921,0,0.06916425558916513,0.25893419325322437,0.08078682431402441,0.3021750840430143,0.0,0.0,0.0,0.3,0.0,0.570275459879821,0.2,0.08,0.0,0.5,0.25
440,0.9766080478122009,0.5190074837122559,0.8489530691540199,0.5186899242260813,0.2462483218342688,0.5137530590038498,0.698019801980198,0.38989891609326865,0.4129254933087607,0.10396039603960396,0.40285714285714286,0.3708462796751514,0.3979561934330317,0.08285714285714285,0.0,0.0,0.4228571428571429,16.617142857142856,0.0,0.0,0.03614698391529199,0.08436634914903716,3.5544554455445545,0.0,0.0,0.15,0.07920792079207921,0,0.0688184343112193,0.25763952228695824,0.07917108782774394,0.29613158236215403,0.0,0.0,0.0,0.3,0.0,0.570275459879821,0.2,0.08,0.0,0.5,0.25
441,0.9778114547959847,0.519977679133645,0.8496476068989465,0.51899431072979,0.2462483218342688,0.5138979345747368,0.6435643564356436,0.3900969358952488,0.41307400816024586,0.10396039603960396,0.37142857142857144,0.3709605653894371,0.39804190771874587,0.08285714285714285,0.009900990099009901,0.005714285714285714,0.4228571428571429,16.571428571428573,0.0049504950495049506,0.0,0.03614698391529199,0.08436634914903716,3.5544554455445545,0.0,0.0,0.15,0.07920792079207921,0,0.06933148499680605,0.2582584654577854,0.08330195178547477,0.29020895071491093,0.0,0.0,0.0,0.3,0.0,0.570275459879821,0.2,0.08,0.009900990099009901,0.5,0.25
442,0.9785680841904518,0.5201173982369369,0.8500842901494674,0.5192625580841648,0.2462483218342688,0.514132639333165,0.6831683168316832,0.3900969358952488,0.41307400816024586,0.10396039603960396,0.3942857142857143,0.3709605653894371,0.39804190771874587,0.08285714285714285,0.0,0.0,0.4228571428571429,16.571428571428573,0.0,0.0,0.03614698391529199,0.08436634914903716,3.5544554455445545,0.0,0.0,0.15,0.07920792079207921,0,0.06898482757182203,0.2569671731304965,0.08163591274976527,0.28440477170061274,0.0,0.0,0.0,0.3,0.0,0.570275459879821,0.2,0.08,0.0,0.5,0.25
443,0.979404005906391,0.5196890034070178,0.8505667363969523,0.518544280951697,0.2462483218342688,0.5144752600299924,0.6732673267326733,0.39019594579623895,0.41314826558598855,0.10396039603960396,0.38857142857142857,0.37101770824658,0.3980847648616031,0.08285714285714285,0.0049504950495049506,0.002857142857142857,0.4228571428571429,16.562857142857144,0.0049504950495049506,0.0,0.03614698391529199,0.08436634914903716,3.5544554455445545,0.0,0.0,0.15,0.07920792079207921,0,0.06906847486253434,0.255682337264844,0.08286033735191282,0.28958444449006127,0.0,0.0,0.0,0.3,0.0,0.570275459879821,0.2,0.08,0.0049504950495049506,0.5,0.25
444,0.9797195604785829,0.5199086303751852,0.8507488564643316,0.518859430415087,0.2462483218342688,0.5146893419571927,0.6881188118811881,0.39029495569722905,0.413222523011731,0.10396039603960396,0.39714285714285713,0.37107485110372285,0.3981276220044603,0.08285714285714285,0.0049504950495049506,0.002857142857142857,0.4228571428571429,16.537142857142857,0.0,0.0,0.03614698391529199,0.08436634914903716,3.5544554455445545,0.0,0.0,0.15,0.07920792079207921,0,0.0691517039167931,0.2544039255785198,0.08406027346201743,0.28407493407771867,0.0,0.0,0.0,0.3,0.0,0.570275459879821,0.2,0.08,0.0049504950495049506,0.5,0.25
445,0.9778253602561003,0.5206430272338161,0.8496556323359274,0.5196060985947845,0.2462483218342688,0.5149300007897939,0.693069306930693,0.39029495569722905,0.413222523011731,0.10396039603960396,0.4,0.37107485110372285,0.3981276220044603,0.08285714285714285,0.0,0.0,0.4228571428571429,16.548571428571428,0.0,0.0,0.03614698391529199,0.08436634914903716,3.5544554455445545,0.0,0.0,0.15,0.07920792079207921,0,0.06880594539720913,0.25313190595062723,0.08237906799277707,0.2783934353961643,0.0,0.0,0.0,0.3,0.0,0.570275459879821,0.2,0.08,0.0,0.5,0.25
446,0.9791776511914014,0.5215625108539227,0.8504360973900155,0.5203794199446293,0.2462483218342688,0.5151702438466229,0.7029702970297029,0.39029495569722905,0.413222523011731,0.10396039603960396,0.4057142857142857,0.37107485110372285,0.3981276220044603,0.08285714285714285,0.0,0.0,0.4228571428571429,16.554285714285715,0.0,0.0,0.03614698391529199,0.08436634914903716,3.5544554455445545,0.0,0.0,0.15,0.07920792079207921,0,0.06846191567022308,0.25186624642087413,0.08073148663292153,0.272825566688241,0.0,0.0,0.0,0.3,0.0,0.570275459879821,0.2,0.08,0.0,0.5,0.25
447,0.9781018530553269,0.5221424415968292,0.8498152081800525,0.5206489098981686,0.2462483218342688,0.515477482150626,0.6633663366336634,0.39029495569722905,0.413222523011731,0.10396039603960396,0.38285714285714284,0.37107485110372285,0.3981276220044603,0.08285714285714285,0.0,0.0,0.4228571428571429,16.545714285714286,0.0,0.0,0.03614698391529199,0.08436634914903716,3.5544554455445545,0.0,0.0,0.15,0.07920792079207921,0,0.06811960609187198,0.25060691518876976,0.0791168569002631,0.26736905535447614,0.0,0.0,0.0,0.3,0.0,0.570275459879821,0.2,0.08,0.0,0.5,0.25
448,0.9763290679686215,0.521422028518989,0.8487601233592615,0.5204623977775112,0.2462483218342688,0.5157740798405344,0.6716417910447762,0.39086001962722056,0.41332468489341306,0.1044776119402985,0.38571428571428573,0.37107485110372285,0.3981276220044603,0.08285714285714285,0.0,0.0,0.4257142857142857,16.50857142857143,0.0,0.002857142857142857,0.036154348055888415,0.08436634914903716,3.54228855721393,0.0,0.0,0.15,0.07960199004975124,0,0.06777900806141261,0.24935388061282587,0.07753451976225784,0.2620216742473866,0.0,0.0,0.0,0.3,0.0,0.570275459879821,0.2,0.08,0.0,0.5,0.25
449,0.9790794616307178,0.5210030150846928,0.8503396351480655,0.5203805267364603,0.2462483218342688,0.5161040310424333,0.7512437810945274,0.39086001962722056,0.41332468489341306,0.1044776119402985,0.43142857142857144,0.37107485110372285,0.3981276220044603,0.08285714285714285,0.0,0.0,0.4257142857142857,16.52,0.0,0.0,0.03616857657080067,0.08436634914903716,3.54228855721393,0.0,0.0,0.15,0.07960199004975124,0,0.06744011302110556,0.24810711120976175,0.07598382936701269,0.25678124076243886,0.0,0.0,0.0,0.3,0.0,0.570275459879821,0.2,0.08,0.0,0.5,0.25
