t,mean_x,mean_y,mean_x_all,mean_y_all,mean_L,y0,mean_epc,mean_r,mean_b,fund_prevalence,mean_epc_all,mean_r_all,mean_b_all,fund_prevalence_all,punish_rate,mean_punished,exit_rate,mean_exit_intent,exit_attempt_rate,exit_success_rate,p_opp_mean,stay_value,mean_degree_active,threat,A,budget,enforcer_frac,n_cadre_fallback,cap_mean,cap_p90,service_mean,service_p90,monopoly_on,enforcer_punish_share_step,alpha_punish_revalue,delta_outside_degrade,mu_membership_reward,current_delta,eta_delta_drift,punish_floor,punish_intensity_step,pi_reward,lam_punish
0,0.3372765214062478,0.4946238113112225,0.3372765214062478,0.4946238113112225,0.24899929058488912,0.5,0.0,0.32571491917163187,0.33885848004507796,0.005714285714285714,0.0,0.32571491917163187,0.33885848004507796,0.005714285714285714,0.0,0.0,0.0,0.0,0.0,0.0,0.5,0.0,11.794285714285714,0.0,0.0,0.0,0.0,0,0.0,0.0,0.0,0.0,0.0,0.0,0.0,0.1,0.0,0.1,0.05,0.08,0.0,0.05,0.25
1,0.3465977636274229,0.4944118665712613,0.3465977636274229,0.4944118665712613,0.24899929058488912,0.49607974450900505,0.5971428571428572,0.32485777631448903,0.33821562290222085,0.005714285714285714,0.5971428571428572,0.32485777631448903,0.33821562290222085,0.005714285714285714,0.03142857142857143,0.03142857142857143,0.0,0.04,0.0,0.0,0.03114234779369486,0.08436634914903715,11.794285714285714,0.0,0.0,0.15,0.08,28,0.004714285714285714,0.0,0.03142857142857143,0.0,0.0,0.8181818181818182,0.0,0.1,0.0,0.1,0.05,0.08,0.03142857142857143,0.05,0.25
2,0.35437408255823405,0.4939427626562899,0.35437408255823405,0.4939427626562899,0.24899929058488912,0.49211679854596413,0.8657142857142858,0.3240006334573462,0.3375727657593637,0.005714285714285714,0.8657142857142858,0.3240006334573462,0.3375727657593637,0.005714285714285714,0.02857142857142857,0.02857142857142857,0.0,0.04,0.0,0.0,0.03114234779369486,0.08436634914903715,11.794285714285714,0.0,0.0,0.15,0.08,24,0.008976428571428571,0.0,0.05937142857142856,0.0,0.0,0.9,0.0,0.1,0.0,0.1,0.05,0.08,0.02857142857142857,0.05,0.25
3,0.36434682005145336,0.4941125952756934,0.36434682005145336,0.4941125952756934,0.24899929058488912,0.4890315514246566,0.9057142857142857,0.3237149191716319,0.33735848004507796,0.005714285714285714,0.9057142857142857,0.3237149191716319,0.33735848004507796,0.005714285714285714,0.014285714285714285,0.014285714285714285,0.0,0.04285714285714286,0.0,0.0,0.03114234779369486,0.08436634914903715,11.794285714285714,0.0,0.0,0.15,0.08,22,0.011074403571428571,0.0,0.07246971428571428,0.0,0.0,1.0,0.0,0.1,0.0,0.1,0.05,0.08,0.014285714285714285,0.05,0.25
4,0.37220943533391443,0.49430644306803695,0.37220943533391443,0.49430644306803695,0.24899929058488912,0.48585951386034776,0.9085714285714286,0.3230863477430605,0.33688705147364945,0.005714285714285714,0.9085714285714286,0.3230863477430605,0.33688705147364945,0.005714285714285714,0.025714285714285714,0.025714285714285714,0.0,0.025714285714285714,0.0,0.0,0.03114234779369486,0.08436634914903715,11.794285714285714,0.0,0.0,0.15,0.08,21,0.014876174410714284,0.0,0.09673460571428572,0.0,0.0,0.7777777777777778,0.0,0.1,0.0,0.1,0.05,0.08,0.025714285714285714,0.05,0.25
5,0.38082204735545555,0.49394193849737394,0.38082204735545555,0.49394193849737394,0.24899929058488912,0.4827346563004773,0.8857142857142857,0.3217720620287748,0.33590133718793513,0.005714285714285714,0.8857142857142857,0.3217720620287748,0.33590133718793513,0.005714285714285714,0.04285714285714286,0.04285714285714286,0.0,0.054285714285714284,0.0,0.0,0.03114234779369486,0.08436634914903715,11.794285714285714,0.0,0.0,0.15,0.08,19,0.021230364967232143,0.0,0.13765705645714282,0.0,0.0,0.8666666666666667,0.0,0.1,0.0,0.1,0.05,0.08,0.04285714285714286,0.05,0.25
6,0.3894460717137203,0.49366290528335954,0.3894460717137203,0.49366290528335954,0.24899929058488912,0.47911526395219,0.9,0.32097206202877476,0.3353013371879351,0.005714285714285714,0.9,0.32097206202877476,0.3353013371879351,0.005714285714285714,0.025714285714285714,0.025714285714285714,0.0,0.06857142857142857,0.0,0.0,0.03114234779369486,0.08436634914903715,11.794285714285714,0.0,0.0,0.15,0.08,17,0.02498135599953884,0.0,0.1606182010422857,0.0,0.0,0.7777777777777778,0.0,0.1,0.0,0.1,0.05,0.08,0.025714285714285714,0.05,0.25
7,0.39742917067763317,0.49366277495003713,0.39742917067763317,0.49366277495003713,0.24899929058488912,0.476088671033623,0.9114285714285715,0.3204577763144891,0.3349156229022209,0.005714285714285714,0.9114285714285715,0.3204577763144891,0.3349156229022209,0.005714285714285714,0.022857142857142857,0.022857142857142857,0.0,0.06285714285714286,0.0,0.0,0.03114234779369486,0.08436634914903715,11.794285714285714,0.0,0.0,0.15,0.08,15,0.028285020648112575,0.0,0.18026297987858284,0.0,0.0,1.0,0.0,0.1,0.0,0.1,0.05,0.08,0.022857142857142857,0.05,0.25
8,0.40511119266704726,0.49322361367666473,0.40511119266704726,0.49322361367666473,0.24899929058488912,0.472415605622848,0.8914285714285715,0.3201149191716319,0.334658480045078,0.005714285714285714,0.8914285714285715,0.3201149191716319,0.334658480045078,0.005714285714285714,0.008571428571428572,0.008571428571428572,0.0,0.06285714285714286,0.0,0.0,0.03114234779369486,0.08436634914903715,11.794285714285714,0.0,0.0,0.15,0.08,15,0.029429309830586295,0.0,0.18522914885243974,0.0,0.0,0.3333333333333333,0.0,0.1,0.0,0.1,0.05,0.08,0.008571428571428572,0.05,0.25
9,0.41313247387675633,0.49298126790427693,0.41313247387675633,0.49298126790427693,0.24899929058488912,0.4691158627081773,0.8685714285714285,0.3191434906002033,0.33392990861650657,0.005714285714285714,0.8685714285714285,0.3191434906002033,0.33392990861650657,0.005714285714285714,0.03142857142857143,0.04,0.0,0.06,0.0,0.0,0.03114234779369486,0.08436634914903715,11.794285714285714,0.0,0.0,0.15,0.08,15,0.03528216328143337,0.0,0.22152456587539093,0.0,0.0,1.0,0.0,0.1,0.0,0.1,0.05,0.08,0.03142857142857143,0.05,0.25
10,0.4242483635795577,0.4929261285222877,0.4242483635795577,0.4929261285222877,0.24899929058488912,0.4660138325535579,0.9,0.31805777631448906,0.33311562290222085,0.005714285714285714,0.9,0.31805777631448906,0.33311562290222085,0.005714285714285714,0.03428571428571429,0.03428571428571429,0.0,0.09142857142857143,0.0,0.0,0.03114234779369486,0.08436634914903715,11.794285714285714,0.0,0.0,0.15,0.08,13,0.04024860960788334,0.014338343675366653,0.2513797888435974,0.08337477621303392,0.0,0.6666666666666666,0.0,0.1,0.0,0.1,0.05,0.08,0.03428571428571429,0.05,0.25
11,0.4351963870201072,0.4928162275053312,0.4351963870201072,0.4928162275053312,0.24899929058488912,0.4632935197977939,0.8885714285714286,0.31737206202877477,0.3326013371879351,0.005714285714285714,0.8885714285714286,0.31737206202877477,0.3326013371879351,0.005714285714285714,0.025714285714285714,0.025714285714285714,0.0,0.08571428571428572,0.0,0.0,0.03114234779369486,0.08436634914903715,11.794285714285714,0.0,0.0,0.15,0.08,10,0.04390450941698678,0.14266651956986576,0.27206647878101115,0.8170728068875467,0.0,0.8888888888888888,0.0,0.1,0.0,0.1,0.05,0.08,0.025714285714285714,0.05,0.25
12,0.44457152607698375,0.49246238762011973,0.44457152607698375,0.49246238762011973,0.24899929058488912,0.4607380801924164,0.9057142857142857,0.31697206202877476,0.33230133718793514,0.005714285714285714,0.9057142857142857,0.31697206202877476,0.33230133718793514,0.005714285714285714,0.017142857142857144,0.017142857142857144,0.0,0.12,0.0,0.0,0.03114234779369486,0.08436634914903715,11.794285714285714,0.0,0.0,0.15,0.08,10,0.04625641544133041,0.14195318697201642,0.28376800634824806,0.8007313507497957,0.0,1.0,0.0,0.1,0.0,0.1,0.05,0.08,0.017142857142857144,0.05,0.25
13,0.452253255855142,0.4906924242255818,0.452253255855142,0.4906924242255818,0.24899929058488912,0.45816712783410873,0.8914285714285715,0.316457776314489,0.3319156229022209,0.005714285714285714,0.8914285714285715,0.316457776314489,0.3319156229022209,0.005714285714285714,0.02,0.02,0.0,0.12285714285714286,0.0,0.0,0.03114234779369486,0.08436634914903715,11.794285714285714,0.0,0.0,0.15,0.08,10,0.04902513336412377,0.14352790278041283,0.2980926462212831,0.8371855392418075,0.0,0.8571428571428571,0.0,0.1,0.0,0.1,0.05,0.08,0.02,0.05,0.25
14,0.45970324523712885,0.4907209131162301,0.45970324523712885,0.4907209131162301,0.24899929058488912,0.45592108625996575,0.9171428571428571,0.31571491917163186,0.3314085941707316,0.005714285714285714,0.9171428571428571,0.31571491917163186,0.3314085941707316,0.005714285714285714,0.025714285714285714,0.025714285714285714,0.0,0.1657142857142857,0.0,0.0,0.03114234779369486,0.08436634914903715,11.794285714285714,0.0,0.0,0.15,0.08,9,0.052637150554446004,0.14410395653631553,0.3178450790111431,0.8507630225817854,0.0,0.7777777777777778,0.0,0.1,0.0,0.1,0.05,0.08,0.025714285714285714,0.05,0.25
15,0.46823322180277355,0.49014085412623315,0.46823322180277355,0.49014085412623315,0.24899929058488912,0.45327168118218664,0.9085714285714286,0.3152577763144891,0.33106573702787445,0.005714285714285714,0.9085714285714286,0.3152577763144891,0.33106573702787445,0.005714285714285714,0.014285714285714285,0.014285714285714285,0.0,0.14857142857142858,0.0,0.0,0.03114234779369486,0.08436634914903715,11.794285714285714,0.0,0.0,0.15,0.08,6,0.054516821944530905,0.14345548873190211,0.3257738917166345,0.8354492881753136,0.0,1.0,0.0,0.1,0.0,0.1,0.05,0.08,0.014285714285714285,0.05,0.25
16,0.4779291656487403,0.48961490816902964,0.4779291656487403,0.48961490816902964,0.24899929058488912,0.4511105979769881,0.9057142857142857,0.3150292048859176,0.33089430845644585,0.005714285714285714,0.9057142857142857,0.3150292048859176,0.33089430845644585,0.005714285714285714,0.008571428571428572,0.008571428571428572,0.0,0.18285714285714286,0.0,0.0,0.03114234779369486,0.08436634914903715,11.794285714285714,0.0,0.0,0.15,0.08,5,0.055529952120522544,0.14345548873190211,0.32782984245373037,0.8354492881753136,0.0,0.6666666666666666,0.0,0.1,0.0,0.1,0.05,0.08,0.008571428571428572,0.05,0.25
17,0.4884587655416324,0.48826209150624256,0.4884587655416324,0.48826209150624256,0.24899929058488912,0.4488468614826155,0.8885714285714286,0.3146292048859176,0.3305943084564459,0.005714285714285714,0.8885714285714286,0.3146292048859176,0.3305943084564459,0.005714285714285714,0.014285714285714285,0.014285714285714285,0.0,0.17142857142857143,0.0,0.0,0.03114234779369486,0.08436634914903715,11.794285714285714,0.0,0.0,0.15,0.08,5,0.05739515950277707,0.14338343675363394,0.3355589598903701,0.8337477621301497,0.0,0.8,0.0,0.1,0.0,0.1,0.05,0.08,0.014285714285714285,0.05,0.25
18,0.4988494687224969,0.4873865185151956,0.4988494687224969,0.4873865185151956,0.24899929058488912,0.4462308880262118,0.9457142857142857,0.3139434906002033,0.33008002274216014,0.005714285714285714,0.9457142857142857,0.3139434906002033,0.33008002274216014,0.005714285714285714,0.022857142857142857,0.022857142857142857,0.0,0.19714285714285715,0.0,0.0,0.03114234779369486,0.08436634914903715,11.794285714285714,0.0,0.0,0.15,0.08,5,0.060536755133834615,0.14410395653631553,0.3517049235497055,0.8507630225817854,0.0,0.625,0.0,0.1,0.0,0.1,0.05,0.08,0.022857142857142857,0.05,0.25
19,0.507127991640445,0.4855180063332683,0.507127991640445,0.4855180063332683,0.24899929058488912,0.44422003211421335,0.9285714285714286,0.3134292048859176,0.3296943084564459,0.005714285714285714,0.9285714285714286,0.3134292048859176,0.3296943084564459,0.005714285714285714,0.017142857142857144,0.017142857142857144,0.0,0.2,0.0,0.0,0.03114234779369486,0.08436634914903715,11.794285714285714,0.0,0.0,0.15,0.08,4,0.06280549992959401,0.14424914852302798,0.36181368222156857,0.8542709584100077,0.0,0.6666666666666666,0.0,0.1,0.0,0.1,0.05,0.08,0.017142857142857144,0.05,0.25
20,0.5185225537537228,0.484535739423135,0.5185225537537228,0.484535739423135,0.24899929058488912,0.44203731027091187,0.9142857142857143,0.31308634774306043,0.329437165599303,0.005714285714285714,0.9142857142857143,0.31308634774306043,0.329437165599303,0.005714285714285714,0.014285714285714285,0.014285714285714285,0.0,0.19714285714285715,0.0,0.0,0.03114234779369486,0.08436634914903715,11.794285714285714,0.0,0.0,0.15,0.08,4,0.06463432957280318,0.14352790278041283,0.36886312286285144,0.8371855392418075,0.0,1.0,0.0,0.1,0.0,0.1,0.05,0.08,0.014285714285714285,0.05,0.25
21,0.5288296747629431,0.4835870554128852,0.5288296747629431,0.4835870554128852,0.24899929058488912,0.44045676396433364,0.8742857142857143,0.3126292048859176,0.3290943084564458,0.005714285714285714,0.8742857142857143,0.3126292048859176,0.3290943084564458,0.005714285714285714,0.011428571428571429,0.014285714285714285,0.0,0.21428571428571427,0.0,0.0,0.03114234779369486,0.08436634914903715,11.794285714285714,0.0,0.0,0.15,0.08,3,0.0664540150677963,0.14482809702142263,0.37577157469130873,0.8681255332467198,0.0,0.6,0.0,0.1,0.0,0.1,0.05,0.08,0.011428571428571429,0.05,0.25
22,0.5387615287724737,0.48293069423390533,0.5387615287724737,0.48293069423390533,0.24899929058488912,0.4386943005032084,0.8885714285714286,0.312457776314489,0.3289657370278744,0.005714285714285714,0.8885714285714286,0.312457776314489,0.3289657370278744,0.005714285714285714,0.005714285714285714,0.005714285714285714,0.0,0.23714285714285716,0.0,0.0,0.03114234779369486,0.08436634914903715,11.794285714285714,0.0,0.0,0.15,0.08,3,0.06697888784960018,0.14424914852302798,0.3739704289117682,0.8542709584100077,0.0,1.0,0.0,0.1,0.0,0.1,0.05,0.08,0.005714285714285714,0.05,0.25
23,0.5484182112179137,0.48201206759842935,0.5484182112179137,0.48201206759842935,0.24899929058488912,0.43701651639459327,0.9057142857142857,0.3122292048859176,0.3287943084564458,0.005714285714285714,0.9057142857142857,0.3122292048859176,0.3287943084564458,0.005714285714285714,0.008571428571428572,0.008571428571428572,0.0,0.31142857142857144,0.0,0.0,0.03114234779369486,0.08436634914903715,11.794285714285714,0.0,0.0,0.15,0.08,2,0.06792970769606647,0.14490087495962437,0.37506244890496143,0.8698972180084482,0.0,0.6666666666666666,0.0,0.1,0.0,0.1,0.05,0.08,0.008571428571428572,0.05,0.25
24,0.5584028000362316,0.4812673252166618,0.5584028000362316,0.4812673252166618,0.24899929058488912,0.4351605028968371,0.8828571428571429,0.31160063345734623,0.3283228798850173,0.005714285714285714,0.8828571428571429,0.31160063345734623,0.3283228798850173,0.005714285714285714,0.022857142857142857,0.022857142857142857,0.0,0.36,0.0,0.0,0.03114234779369486,0.08436634914903715,11.794285714285714,0.0,0.0,0.15,0.08,2,0.07101863058615757,0.14417637058482624,0.39041834278400506,0.8524992736482793,0.0,1.0,0.0,0.1,0.0,0.1,0.05,0.08,0.022857142857142857,0.05,0.25
25,0.5676702016876266,0.4804407899607056,0.5676702016876266,0.4804407899607056,0.24899929058488912,0.43321933698886805,0.9142857142857143,0.31160063345734623,0.3283228798850173,0.005714285714285714,0.9142857142857143,0.31160063345734623,0.3283228798850173,0.005714285714285714,0.0,0.0,0.0,0.39714285714285713,0.0,0.0,0.03114234779369486,0.08436634914903715,11.794285714285714,0.0,0.0,0.15,0.08,2,0.07066353743322677,0.14345548873190211,0.38260997592832496,0.8354492881753136,0.0,0.0,0.0,0.1,0.0,0.1,0.05,0.08,0.0,0.05,0.25
26,0.5790611411524001,0.479778171178808,0.5790611411524001,0.479778171178808,0.24899929058488912,0.4314712440246159,0.9,0.3112577763144891,0.32806573702787445,0.005714285714285714,0.9,0.3112577763144891,0.32806573702787445,0.005714285714285714,0.011428571428571429,0.011428571428571429,0.0,0.4,0.0,0.0,0.03114234779369486,0.08436634914903715,11.794285714285714,0.0,0.0,0.15,0.08,2,0.07202450546034636,0.14345548873190211,0.3863863478383299,0.8354492881753136,0.0,0.75,0.0,0.1,0.0,0.1,0.05,0.08,0.011428571428571429,0.05,0.25
27,0.5876623357722618,0.4793449665436698,0.5876623357722618,0.4793449665436698,0.24899929058488912,0.4295127120109102,0.8828571428571429,0.3110863477430605,0.327937165599303,0.005714285714285714,0.8828571428571429,0.3110863477430605,0.327937165599303,0.005714285714285714,0.005714285714285714,0.005714285714285714,0.0,0.44285714285714284,0.0,0.0,0.03114234779369486,0.08436634914903715,11.794285714285714,0.0,0.0,0.15,0.08,2,0.07252152579018747,0.14338343675363394,0.38437290659584894,0.8337477621301497,0.0,0.5,0.0,0.1,0.0,0.1,0.05,0.08,0.005714285714285714,0.05,0.25
28,0.5978159006786006,0.479158260381651,0.5978159006786006,0.479158260381651,0.24899929058488912,0.4276772879946586,0.8942857142857142,0.31028634774306046,0.327337165599303,0.005714285714285714,0.8942857142857142,0.31028634774306046,0.327337165599303,0.005714285714285714,0.02857142857142857,0.03142857142857143,0.0,0.5028571428571429,0.0,0.0,0.03114234779369486,0.08436634914903715,11.794285714285714,0.0,0.0,0.15,0.08,1,0.07687320387552225,0.14352790278041283,0.4081140198925035,0.8371855392418075,0.0,0.8181818181818182,0.0,0.1,0.0,0.1,0.05,0.08,0.02857142857142857,0.05,0.25
29,0.6080767094487196,0.47781501879290084,0.6080767094487196,0.47781501879290084,0.24899929058488912,0.42591196789798613,0.9114285714285715,0.3097720620287747,0.32695145131358866,0.005714285714285714,0.9114285714285715,0.3097720620287747,0.32695145131358866,0.005714285714285714,0.02,0.022857142857142857,0.0,0.5114285714285715,0.0,0.0,0.03114234779369486,0.08436634914903715,11.794285714285714,0.0,0.0,0.15,0.08,0,0.07991740928471608,0.14410395653631553,0.4228088823517962,0.8507630225817854,0.0,0.875,0.0,0.1,0.0,0.1,0.05,0.08,0.02,0.05,0.25
30,0.6171254459252951,0.476586150125282,0.6171254459252951,0.476586150125282,0.24899929058488912,0.4247018297751043,0.8971428571428571,0.3094863477430605,0.3267804736731475,0.005714285714285714,0.8971428571428571,0.3094863477430605,0.3267804736731475,0.005714285714285714,0.011428571428571429,0.011428571428571429,0.0,0.5457142857142857,0.0,0.0,0.03114234779369486,0.08436634914903715,11.794285714285714,0.0,0.0,0.15,0.08,0,0.08099421568454478,0.14338343675363394,0.4257812761333318,0.8337477621301497,0.0,1.0,0.0,0.1,0.0,0.1,0.05,0.08,0.011428571428571429,0.05,0.25
31,0.6249726754237926,0.4746930764910907,0.6249726754237926,0.4746930764910907,0.24899929058488912,0.42438445771701583,0.8914285714285715,0.3091434906002033,0.32656618795886183,0.005714285714285714,0.8914285714285715,0.3091434906002033,0.32656618795886183,0.005714285714285714,0.014285714285714285,0.014285714285714285,0.0,0.6485714285714286,0.0,0.0,0.03114234779369486,0.08436634914903715,11.794285714285714,0.0,0.0,0.15,0.08,0,0.0827321017489792,0.14281026326651078,0.4315513648963794,0.8204418284569713,0.0,0.8,0.0,0.1,0.0,0.1,0.05,0.08,0.014285714285714285,0.05,0.25
32,0.6366956549779004,0.47312666240326096,0.6366956549779004,0.47312666240326096,0.24899929058488912,0.4238231397302441,0.8685714285714285,0.30874349060020334,0.32626618795886186,0.005714285714285714,0.8685714285714285,0.30874349060020334,0.32626618795886186,0.005714285714285714,0.014285714285714285,0.014285714285714285,0.0,0.7085714285714285,0.0,0.0,0.03114234779369486,0.08436634914903715,11.794285714285714,0.0,0.0,0.15,0.08,0,0.08366115552594859,0.14360068071861457,0.437206051884166,0.8389572240035359,0.0,0.8,0.0,0.1,0.0,0.1,0.05,0.08,0.014285714285714285,0.05,0.25
33,0.6471579846290794,0.47158140681981375,0.6471579846290794,0.47158140681981375,0.24899929058488912,0.42376460555236284,0.8714285714285714,0.3084006334573462,0.32600904510171896,0.005714285714285714,0.8714285714285714,0.3084006334573462,0.32600904510171896,0.005714285714285714,0.011428571428571429,0.011428571428571429,0.0,0.6857142857142857,0.0,0.0,0.03114234779369486,0.08436634914903715,11.794285714285714,0.0,0.0,0.15,0.08,0,0.08495713546260455,0.14490087495962437,0.4398905022750541,0.8698972180084482,0.0,0.75,0.0,0.1,0.0,0.1,0.05,0.08,0.011428571428571429,0.05,0.25
34,0.6559098068505914,0.4716938132450182,0.6559098068505914,0.4716938132450182,0.24899929058488912,0.42332760454805674,0.86,0.3084006334573462,0.32600904510171896,0.005714285714285714,0.86,0.3084006334573462,0.32600904510171896,0.005714285714285714,0.0,0.0,0.0,0.76,0.0,0.0,0.03114234779369486,0.08436634914903715,11.794285714285714,0.0,0.0,0.15,0.08,0,0.08453234978529155,0.14417637058482624,0.4310926922295531,0.8524992736482793,0.0,0.0,0.0,0.1,0.0,0.1,0.05,0.08,0.0,0.05,0.25
35,0.6626220657022611,0.4708769163194323,0.6626220657022611,0.4708769163194323,0.24899929058488912,0.42360326257698316,0.88,0.30817206202877473,0.3259130185515395,0.005714285714285714,0.88,0.30817206202877473,0.3259130185515395,0.005714285714285714,0.008571428571428572,0.008571428571428572,0.0,0.8628571428571429,0.002857142857142857,0.0,0.03114234779369486,0.08436634914903715,11.794285714285714,0.0,0.0,0.15,0.08,0,0.08539540232207936,0.14345548873190211,0.4310422669563906,0.8354492881753136,0.0,1.0,0.0,0.1,0.0,0.1,0.05,0.08,0.008571428571428572,0.05,0.25
36,0.6712894018063983,0.4699454848682915,0.6712894018063983,0.4699454848682915,0.24899929058488912,0.42433438431708687,0.8771428571428571,0.3076006334573462,0.32557016140868233,0.005714285714285714,0.8771428571428571,0.3076006334573462,0.32557016140868233,0.005714285714285714,0.014285714285714285,0.017142857142857144,0.0,0.9742857142857143,0.002857142857142857,0.0,0.03114234779369486,0.08436634914903715,11.794285714285714,0.0,0.0,0.15,0.08,0,0.08753985388189754,0.14417637058482624,0.4395642787601199,0.8524992736482793,0.0,0.5,0.0,0.1,0.0,0.1,0.05,0.08,0.014285714285714285,0.05,0.25
37,0.6816094799642509,0.46890816672391405,0.6816094799642509,0.46890816672391405,0.24899929058488912,0.4249802867192336,0.8457142857142858,0.30714349060020335,0.32522730426582525,0.005714285714285714,0.8457142857142858,0.30714349060020335,0.32522730426582525,0.005714285714285714,0.014285714285714285,0.014285714285714285,0.0,0.9485714285714286,0.002857142857142857,0.0,0.03114234779369486,0.08436634914903715,11.794285714285714,0.0,0.0,0.15,0.08,0,0.0886693310861131,0.14562902005992398,0.4450587074706318,0.8876502224576002,0.0,0.6,0.0,0.1,0.0,0.1,0.05,0.08,0.014285714285714285,0.05,0.25
38,0.6894864022192939,0.46920933940911025,0.6894864022192939,0.46920933940911025,0.24899929058488912,0.4258343577392446,0.82,0.3068006334573462,0.3249701614086824,0.005714285714285714,0.82,0.3068006334573462,0.3249701614086824,0.005714285714285714,0.011428571428571429,0.011428571428571429,0.0,1.0085714285714287,0.002857142857142857,0.0,0.03114234779369486,0.08436634914903715,11.794285714285714,0.0,0.0,0.15,0.08,0,0.08994027014496823,0.14562902005992398,0.44758610474979055,0.8876502224576002,0.0,0.75,0.0,0.1,0.0,0.1,0.05,0.08,0.011428571428571429,0.05,0.25
39,0.6988896544346935,0.46834445440438444,0.6988896544346935,0.46834445440438444,0.24899929058488912,0.42623289609452364,0.7942857142857143,0.3064006334573462,0.3246701614086823,0.005714285714285714,0.7942857142857143,0.3064006334573462,0.3246701614086823,0.005714285714285714,0.014285714285714285,0.014285714285714285,0.0,1.0885714285714285,0.005714285714285714,0.0,0.03114234779369486,0.08436634914903715,11.794285714285714,0.0,0.0,0.15,0.08,0,0.09163342593710054,0.1457764118880959,0.45292009694050905,0.8913773427776011,0.0,0.8,0.0,0.1,0.0,0.1,0.05,0.08,0.014285714285714285,0.05,0.25
40,0.7057580777016038,0.4681359698497951,0.7060847256528435,0.4684511498367022,0.24899929058488912,0.4265790187646772,0.7994269340974212,0.30664121060506744,0.3242773225490674,0.0057306590257879654,0.7971428571428572,0.3062292048859176,0.324584447122968,0.005714285714285714,0.0057306590257879654,0.005714285714285714,0.002857142857142857,1.14,0.0028653295128939827,0.002857142857142857,0.031133394476427562,0.08436634914903715,11.793696275071634,0.0,0.0,0.15,0.07736389684813753,0,0.09203240166455791,0.14702242509375,0.44957598071598454,0.9223681599999999,0.0,0.5,0.0,0.1,0.0,0.1,0.05,0.08,0.005714285714285714,0.05,0.25
41,0.7137063061739211,0.46782941705603914,0.7140102449009542,0.4680999740950972,0.24899929058488912,0.42676157530472353,0.8424068767908309,0.30652659742455174,0.3241913626636806,0.0057306590257879654,0.84,0.30611491917163186,0.3244987328372538,0.005714285714285714,0.0057306590257879654,0.005714285714285714,0.002857142857142857,1.14,0.0028653295128939827,0.0,0.03113341750722539,0.08436634914903715,11.793696275071634,0.0,0.0,0.15,0.08022922636103152,0,0.09242938251337797,0.14628731296828124,0.4462987468159506,0.9039207967999998,0.0,1.0,0.0,0.1,0.0,0.1,0.05,0.08,0.0057306590257879654,0.05,0.25
42,0.7240603499734796,0.4680889802258283,0.7243347057182282,0.4683949609239955,0.24899929058488912,0.4272821595960117,0.8424068767908309,0.30612545129274654,0.32397646295021354,0.0057306590257879654,0.84,0.3057149191716319,0.32428444712296806,0.005714285714285714,0.014326647564469915,0.014285714285714285,0.002857142857142857,1.1742857142857144,0.0028653295128939827,0.0,0.03113341750722539,0.08436634914903715,11.793696275071634,0.0,0.0,0.15,0.08022922636103152,1,0.09411009274366822,0.14555587640343984,0.4516584861653459,0.8858423808639998,0.0,0.8,0.0,0.1,0.0,0.1,0.05,0.08,0.014326647564469915,0.05,0.25
43,0.7282037895822879,0.4671556626041884,0.7284663069281543,0.46746508639499146,0.24899929058488912,0.4275229667191578,0.7908309455587392,0.3060108381122308,0.32389050306482675,0.0057306590257879654,0.7885714285714286,0.30560063345734617,0.32419873283725376,0.005714285714285714,0.0057306590257879654,0.005714285714285714,0.002857142857142857,1.262857142857143,0.0028653295128939827,0.0,0.03113341750722539,0.08436634914903715,11.793696275071634,0.0,0.0,0.15,0.08022922636103152,1,0.09449668513709274,0.14482809702142263,0.4483396021563246,0.8681255332467198,0.0,1.0,0.0,0.1,0.0,0.1,0.05,0.08,0.0057306590257879654,0.05,0.25
44,0.7361520139026785,0.4667881719559359,0.736391822036201,0.4670889875492534,0.24899929058488912,0.42735975765193374,0.7822349570200573,0.30583891834145716,0.3237615632367465,0.0057306590257879654,0.78,0.3054292048859176,0.3240701614086824,0.005714285714285714,0.0057306590257879654,0.005714285714285714,0.002857142857142857,1.2685714285714285,0.0028653295128939827,0.0,0.03113341750722539,0.08436634914903715,11.793696275071634,0.0,0.0,0.15,0.08022922636103152,1,0.09488134456855014,0.14417637058482624,0.44508709582748385,0.8524992736482793,0.0,0.5,0.0,0.1,0.0,0.1,0.05,0.08,0.0057306590257879654,0.05,0.25
45,0.7445885031063678,0.46594079158897006,0.7448042069850227,0.4662929291150136,0.24899929058488912,0.42684345972598997,0.8080229226361032,0.3056669985706835,0.3236326234086663,0.0057306590257879654,0.8057142857142857,0.305257776314489,0.3239415899801109,0.005714285714285714,0.0057306590257879654,0.005714285714285714,0.002857142857142857,1.3657142857142857,0.0028653295128939827,0.0,0.03113341750722539,0.08436634914903715,11.793696275071634,0.0,0.0,0.15,0.08022922636103152,1,0.09526408070285024,0.14410395653631553,0.4418996396252199,0.8507630225817854,0.0,0.5,0.0,0.1,0.0,0.1,0.05,0.08,0.0057306590257879654,0.05,0.25
46,0.7509571399569832,0.4648798185580547,0.7511546477303505,0.4652502864923833,0.24899929058488912,0.4264930600854919,0.8108882521489972,0.30551894509202865,0.32354666352327943,0.0057306590257879654,0.8085714285714286,0.3051101458457732,0.3238558756943966,0.005714285714285714,0.0057306590257879654,0.005714285714285714,0.002857142857142857,1.4428571428571428,0.0028653295128939827,0.0,0.03113341750722539,0.08436634914903715,11.793696275071634,0.0,0.0,0.15,0.08022922636103152,1,0.09564490315647883,0.14338343675363394,0.43877593254700115,0.8337477621301497,0.0,1.0,0.0,0.1,0.0,0.1,0.05,0.08,0.0057306590257879654,0.05,0.25
47,0.7582628835093363,0.4647142519839691,0.758439517729697,0.4650869358437217,0.24899929058488912,0.4266143076344054,0.8481375358166189,0.30500318577970775,0.32320282398173217,0.0057306590257879654,0.8457142857142858,0.3045958601314875,0.32351301855153947,0.005714285714285714,0.017191977077363897,0.017142857142857144,0.002857142857142857,1.5142857142857142,0.0028653295128939827,0.0,0.03113341750722539,0.08436634914903715,11.793696275071634,0.0,0.0,0.15,0.08022922636103152,1,0.09773810721212503,0.14345548873190211,0.44714327103891827,0.8354492881753136,0.0,0.6666666666666666,0.0,0.1,0.0,0.1,0.05,0.08,0.017191977077363897,0.05,0.25
48,0.7650711714058988,0.46372411945403647,0.7652283533751263,0.46410166423311744,0.24899929058488912,0.42776038078048884,0.8166189111747851,0.304888572599192,0.3231168640963453,0.0057306590257879654,0.8142857142857143,0.30448157441720175,0.32342730426582517,0.005714285714285714,0.0028653295128939827,0.002857142857142857,0.002857142857142857,1.62,0.0,0.0,0.03113341750722539,0.08436634914903715,11.793696275071634,0.0,0.0,0.15,0.08022922636103152,0,0.09767798810463582,0.1427382112882426,0.4410575484752828,0.8187403024118074,0.0,1.0,0.0,0.1,0.0,0.1,0.05,0.08,0.0028653295128939827,0.05,0.25
49,0.7721377898847189,0.464355650138273,0.7722747815154357,0.4647284150972219,0.24899929058488912,0.42894618867788425,0.7707736389684814,0.3046020396479026,0.32290196438287827,0.0057306590257879654,0.7685714285714286,0.30419586013148747,0.3232130185515395,0.005714285714285714,0.008595988538681949,0.008571428571428572,0.002857142857142857,1.6828571428571428,0.0,0.0,0.03113341750722539,0.08436634914903715,11.793696275071634,0.0,0.0,0.15,0.08022922636103152,0,0.09847531244982695,0.14202452023180137,0.44080782607720576,0.8023654963635712,0.0,1.0,0.0,0.1,0.0,0.1,0.05,0.08,0.008595988538681949,0.05,0.25
50,0.7785172927757621,0.46301263996856307,0.7786360572553616,0.46340923747552265,0.24899929058488912,0.43013341517428816,0.7908309455587392,0.304430119877129,0.32277302455479806,0.0057306590257879654,0.7885714285714286,0.3040244315600589,0.3230844471229681,0.005714285714285714,0.0057306590257879654,0.005714285714285714,0.002857142857142857,1.7514285714285713,0.0,0.0,0.03113341750722539,0.08436634914903715,11.793696275071634,0.0,0.0,0.15,0.08022922636103152,0,0.09884007874472063,0.1421682639284464,0.43770595526994727,0.8012337885295013,0.0,0.5,0.0,0.1,0.0,0.1,0.05,0.08,0.0057306590257879654,0.05,0.25
51,0.786532557556172,0.46253398780690835,0.7866284212792558,0.46293469889998085,0.24899929058488912,0.4314027174584572,0.7736389684813754,0.3041435869258396,0.322558124841331,0.0057306590257879654,0.7714285714285715,0.30373871727434465,0.32287016140868235,0.005714285714285714,0.008595988538681949,0.008571428571428572,0.002857142857142857,1.7257142857142858,0.0,0.0,0.03113341750722539,0.08436634914903715,11.793696275071634,0.0,0.0,0.15,0.08022922636103152,1,0.09963159263671133,0.14490087495962437,0.43752326473597675,0.8371855392418075,0.0,0.3333333333333333,0.0,0.1,0.0,0.1,0.05,0.08,0.008595988538681949,0.05,0.25
52,0.7923161900757205,0.4618091041871422,0.7923955291344627,0.4621946725738992,0.24899929058488912,0.43266775854757894,0.7851002865329513,0.3036851342037765,0.3223002451851706,0.0057306590257879654,0.7828571428571428,0.30328157441720177,0.32261301855153945,0.005714285714285714,0.02005730659025788,0.02,0.002857142857142857,1.7914285714285714,0.0,0.0,0.03113341750722539,0.08436634914903715,11.793696275071634,0.0,0.0,0.15,0.08022922636103152,1,0.10213343467352778,0.14497401861610854,0.44877279944125736,0.8524992736482793,0.0,0.8571428571428571,0.0,0.1,0.0,0.1,0.05,0.08,0.02005730659025788,0.05,0.25
53,0.7970483667426186,0.46139689228850905,0.7971141852965983,0.4617565268363439,0.24899929058488912,0.4338393566635706,0.7707736389684814,0.3031120683011977,0.3218704457582364,0.0057306590257879654,0.7685714285714286,0.30271014584577316,0.322184447122968,0.005714285714285714,0.017191977077363897,0.017142857142857144,0.002857142857142857,1.8657142857142857,0.0028653295128939827,0.0,0.03113341750722539,0.08436634914903715,11.793696275071634,0.0,0.0,0.15,0.08022922636103152,1,0.1041941960715887,0.147835483125,0.4569402005952893,0.8894079961618991,0.0,0.6666666666666666,0.0,0.1,0.0,0.1,0.05,0.08,0.017191977077363897,0.05,0.25
54,0.8038720186463935,0.46157622047415947,0.8039183410520767,0.4619310963166512,0.24899929058488912,0.43485808782875834,0.7793696275071633,0.3025963089888768,0.3214836262739958,0.0057306590257879654,0.7771428571428571,0.30219586013148747,0.32179873283725374,0.005714285714285714,0.014326647564469915,0.014285714285714285,0.002857142857142857,2.005714285714286,0.0,0.0,0.03113341750722539,0.08436634914903715,11.793696275071634,0.0,0.0,0.15,0.08022922636103152,0,0.10581608223408791,0.147835483125,0.4620871108690978,0.9242505440000003,0.0,0.6,0.0,0.1,0.0,0.1,0.05,0.08,0.014326647564469915,0.05,0.25
55,0.8103395261905203,0.4613029678173441,0.8103673700032205,0.4616195071997651,0.24899929058488912,0.4361239553131618,0.8022922636103151,0.302023243086298,0.3210538268470617,0.0057306590257879654,0.8,0.3016244315600589,0.3213701614086823,0.005714285714285714,0.017191977077363897,0.017142857142857144,0.002857142857142857,2.097142857142857,0.0,0.0,0.03113341750722539,0.08436634914903715,11.793696275071634,0.0,0.0,0.15,0.08022922636103152,0,0.10785843039434602,0.149325,0.469988225794573,0.9431128000000003,0.0,0.5,0.0,0.1,0.0,0.1,0.05,0.08,0.017191977077363897,0.05,0.25
56,0.8185098235744984,0.46118429451751386,0.818514323680387,0.4614756362512573,0.24899929058488912,0.43769976576895864,0.7621776504297995,0.3014501771837192,0.32075296724820784,0.0057306590257879654,0.76,0.3010530029886303,0.32107016140868233,0.005714285714285714,0.022922636103151862,0.022857142857142857,0.002857142857142857,2.222857142857143,0.0,0.0,0.03113341750722539,0.08436634914903715,11.793696275071634,0.0,0.0,0.15,0.08022922636103152,0,0.11074770967094573,0.149325,0.4834456041358244,0.9623600000000003,0.0,0.75,0.0,0.1,0.0,0.1,0.05,0.08,0.022922636103151862,0.05,0.25
57,0.823767954829205,0.4610821559116694,0.8237574317029375,0.46138926183424556,0.24899929058488912,0.43967359831304803,0.7249283667621776,0.3012209508226877,0.3205810474774342,0.0057306590257879654,0.7228571428571429,0.3008244315600589,0.3208987328372538,0.005714285714285714,0.008595988538681949,0.008571428571428572,0.002857142857142857,2.34,0.0,0.0,0.03113341750722539,0.08436634914903715,11.793696275071634,0.0,0.0,0.15,0.08022922636103152,0,0.11147968540830527,0.148578375,0.48234812062453647,0.9431128000000003,0.0,1.0,0.0,0.1,0.0,0.1,0.05,0.08,0.008595988538681949,0.05,0.25
58,0.8309455216225572,0.46185824747776366,0.8309144911625942,0.462207079957591,0.24899929058488912,0.4418724045517451,0.7277936962750716,0.30070519151036673,0.32032316782127374,0.0057306590257879654,0.7257142857142858,0.3003101458457732,0.3206415899801109,0.005714285714285714,0.02005730659025788,0.02,0.002857142857142857,2.4485714285714284,0.0,0.0,0.03113341750722539,0.08436634914903715,11.793696275071634,0.0,0.0,0.15,0.08022922636103152,0,0.11392228698126376,0.14850375,0.4927011582120458,0.9411919999999999,0.0,0.8571428571428571,0.0,0.1,0.0,0.1,0.05,0.08,0.02005730659025788,0.05,0.25
59,0.8347745593946254,0.4621365121217539,0.8347325888267424,0.46249958597615093,0.24899929058488912,0.4442386717318076,0.7335243553008596,0.3003613519688195,0.32006528816511326,0.0057306590257879654,0.7314285714285714,0.29996728870291606,0.32038444712296804,0.005714285714285714,0.011461318051575931,0.011428571428571429,0.002857142857142857,2.5485714285714285,0.0,0.0,0.03113341750722539,0.08436634914903715,11.793696275071634,0.0,0.0,0.15,0.08022922636103152,0,0.11506696126064314,0.14776123124999999,0.4942757064763761,0.9223681599999999,0.0,1.0,0.0,0.1,0.0,0.1,0.05,0.08,0.011461318051575931,0.05,0.25
60,0.8382110171900854,0.461719361583027,0.8381592281713581,0.462100419468411,0.24899929058488912,0.4467456533024659,0.6962750716332379,0.2997309794759828,0.31959250879548573,0.0057306590257879654,0.6942857142857143,0.29933871727434463,0.3199130185515395,0.005714285714285714,0.02005730659025788,0.02,0.002857142857142857,2.62,0.0057306590257879654,0.0,0.03113341750722539,0.08436634914903715,11.793696275071634,0.0,0.0,0.15,0.08022922636103152,0,0.11749162645433991,0.15,0.5043901923468488,0.9261713440000008,0.0,0.5714285714285714,0.0,0.1,0.0,0.1,0.05,0.08,0.02005730659025788,0.05,0.25
61,0.8418277257476527,0.46061893432614387,0.841837149579343,0.4611007668230387,0.24899929058488912,0.4492319403991204,0.6724137931034483,0.2991253454307713,0.3200830473399375,0.005747126436781609,0.6685714285714286,0.2992244315600589,0.31982730426582523,0.005714285714285714,0.0028735632183908046,0.002857142857142857,0.005714285714285714,2.5628571428571427,0.005747126436781609,0.002857142857142857,0.031144373246738806,0.08436634914903715,11.781609195402298,0.0,0.0,0.15,0.07758620689655173,0,0.11733273975063967,0.14925,0.4971595313570546,0.9450728000000008,0.0,0.0,0.0,0.1,0.0,0.1,0.05,0.08,0.0028653295128939827,0.05,0.25
62,0.845690975967729,0.4597321035068003,0.845678324083876,0.4602746262871152,0.24899929058488912,0.45222549163454917,0.6752873563218391,0.2988379891089322,0.3198675300985582,0.005747126436781609,0.6714285714285714,0.2989387172743446,0.3196130185515395,0.005714285714285714,0.008620689655172414,0.008571428571428572,0.005714285714285714,2.6285714285714286,0.005747126436781609,0.0,0.031144373246738806,0.08436634914903715,11.781609195402298,0.0,0.0,0.15,0.08045977011494253,0,0.11803179033760074,0.14850375,0.49578776930134205,0.9261713440000008,0.0,1.0,0.0,0.1,0.0,0.1,0.05,0.08,0.008620689655172414,0.05,0.25
63,0.8507081377359337,0.45939440134305976,0.8498088269159024,0.4600688426639556,0.24899929058488912,0.45548127103880026,0.6829971181556196,0.299581775316791,0.3206268914393837,0.005763688760806916,0.6771428571428572,0.2989387172743446,0.3196130185515395,0.005714285714285714,0.0,0.0,0.008571428571428572,2.64,0.005763688760806916,0.002857142857142857,0.03121222505500646,0.08436634914903715,11.70028818443804,0.0,0.0,0.15,0.07780979827089338,0,0.11744163138591274,0.14776123124999999,0.4858720139153152,0.9076479171200007,0.0,0.0,0.0,0.1,0.0,0.1,0.05,0.08,0.0,0.05,0.25
64,0.8538474897882123,0.46024690069835433,0.8529212702363045,0.4609106121443996,0.24899929058488912,0.4585774883395251,0.6945244956772334,0.2992359539911426,0.3203675254451474,0.005763688760806916,0.6885714285714286,0.29859586013148753,0.31935587569439666,0.005714285714285714,0.011527377521613832,0.011428571428571429,0.008571428571428572,2.6885714285714286,0.0,0.0,0.03122558589555347,0.08436634914903715,11.70028818443804,0.0,0.0,0.15,0.08069164265129683,0,0.11845378428954202,0.14732018258437507,0.48758314506558026,0.9223681599999999,0.0,0.75,0.0,0.1,0.0,0.1,0.05,0.08,0.011527377521613832,0.05,0.25
65,0.8557724105758128,0.45956447219007274,0.8548296917028683,0.46030297340983745,0.24899929058488912,0.4613908739678375,0.6945244956772334,0.29900540644071033,0.3202584207665345,0.005763688760806916,0.6885714285714286,0.29836728870291607,0.3192477061987432,0.005714285714285714,0.008645533141210375,0.008571428571428572,0.008571428571428572,2.762857142857143,0.005763688760806916,0.0,0.03122558589555347,0.08436634914903715,11.70028818443804,0.0,0.0,0.15,0.08069164265129683,0,0.11914722965380858,0.1465835816714532,0.48640291073569725,0.9039207967999998,0.0,1.0,0.0,0.1,0.0,0.1,0.05,0.08,0.008645533141210375,0.05,0.25
66,0.8581700163916435,0.4607922885000073,0.857206746611706,0.46147701842328503,0.24899929058488912,0.46433439640929025,0.6455331412103746,0.29877485889027805,0.3200855101037102,0.005763688760806916,0.64,0.2981387172743446,0.31907627762731466,0.005714285714285714,0.011527377521613832,0.011428571428571429,0.008571428571428572,2.76,0.005763688760806916,0.0,0.03122558589555347,0.08436634914903715,11.70028818443804,0.0,0.0,0.15,0.08069164265129683,0,0.12026577921982526,0.1458506637630959,0.4881034239495547,0.8858423808639998,0.0,1.0,0.0,0.1,0.0,0.1,0.05,0.08,0.011527377521613832,0.05,0.25
67,0.862872034559046,0.4603345115696825,0.8618684617662453,0.4610509232576047,0.24899929058488912,0.46763743693481424,0.6167146974063401,0.29877485889027805,0.3200855101037102,0.005763688760806916,0.6114285714285714,0.2981387172743446,0.31907627762731466,0.005714285714285714,0.0,0.0,0.008571428571428572,2.78,0.008645533141210375,0.0,0.03122558589555347,0.08436634914903715,11.70028818443804,0.0,0.0,0.15,0.08069164265129683,0,0.11966445032372612,0.14512141044428042,0.47834135547056367,0.8681255332467198,0.0,0.0,0.0,0.1,0.0,0.1,0.05,0.08,0.0,0.05,0.25
68,0.8674607305872107,0.4603380248034476,0.8664178261141686,0.461012121724927,0.24899929058488912,0.4699026030016939,0.6368876080691642,0.2983714006770215,0.31978291644376794,0.005763688760806916,0.6314285714285715,0.29773871727434464,0.3187762776273147,0.005714285714285714,0.011527377521613832,0.011428571428571429,0.008571428571428572,2.8514285714285714,0.008645533141210375,0.0,0.03122558589555347,0.08436634914903715,11.70028818443804,0.0,0.0,0.15,0.08069164265129683,0,0.1207804137863932,0.15687637411111538,0.4802030997897238,0.9301313440000016,0.0,0.25,0.0,0.1,0.0,0.1,0.05,0.08,0.011527377521613832,0.05,0.25
69,0.8708856837622951,0.46103698445266983,0.8698134225477523,0.46167782388615103,0.24899929058488912,0.4721375464387689,0.5994236311239193,0.2981984900141973,0.3196532334466498,0.005763688760806916,0.5942857142857143,0.2975672887029161,0.3186477061987433,0.005714285714285714,0.005763688760806916,0.005714285714285714,0.008571428571428572,2.8714285714285714,0.008645533141210375,0.0,0.03122558589555347,0.08436634914903715,11.70028818443804,0.0,0.0,0.15,0.08069164265129683,0,0.12073226615408253,0.1567669922405598,0.476313323508215,0.98,0.0,0.5,0.0,0.1,0.0,0.1,0.05,0.08,0.005763688760806916,0.05,0.25
70,0.8733489088346231,0.4616230632397441,0.8722555342623176,0.46216338950751085,0.24899929058488912,0.47366470338711375,0.6195965417867435,0.29796794246376507,0.3195235504495316,0.005763688760806916,0.6142857142857143,0.29733871727434463,0.3185191347701718,0.005714285714285714,0.011527377521613832,0.011428571428571429,0.008571428571428572,2.8771428571428572,0.005763688760806916,0.0,0.03122558589555347,0.08436634914903715,11.70028818443804,0.0,0.0,0.15,0.08069164265129683,0,0.12184289053759784,0.155983157279357,0.47821562846662213,0.9603999999999999,0.0,1.0,0.0,0.1,0.0,0.1,0.05,0.08,0.011527377521613832,0.05,0.25
71,0.8775457127300582,0.46276541400208054,0.8764163655529347,0.4632472151093719,0.24899929058488912,0.47527615147611707,0.654178674351585,0.29796794246376507,0.3195235504495316,0.005763688760806916,0.6485714285714286,0.29733871727434463,0.3185191347701718,0.005714285714285714,0.0,0.0,0.008571428571428572,2.802857142857143,0.011527377521613832,0.0,0.03122558589555347,0.08436634914903715,11.70028818443804,0.0,0.0,0.15,0.08069164265129683,0,0.12123367608490984,0.1552032414929602,0.4686513158972897,0.9411919999999999,0.0,0.0,0.0,0.1,0.0,0.1,0.05,0.08,0.0,0.05,0.25
72,0.8810613662910693,0.46287676764088703,0.8799018849405654,0.4633755606971527,0.24899929058488912,0.47653058770479007,0.6368876080691642,0.297910305576157,0.3194803227838256,0.005763688760806916,0.6314285714285715,0.29728157441720177,0.3184762776273147,0.005714285714285714,0.002881844380403458,0.002857142857142857,0.008571428571428572,2.7885714285714287,0.005763688760806916,0.0,0.03122558589555347,0.08436634914903715,11.70028818443804,0.0,0.0,0.15,0.08069164265129683,0,0.12085211888405423,0.1544272252854954,0.4621354324364867,0.9223681599999999,0.0,1.0,0.0,0.1,0.0,0.1,0.05,0.08,0.002881844380403458,0.05,0.25
73,0.8847425783998216,0.4636469561438503,0.8837173854782086,0.4641506190148045,0.24899929058488912,0.477832860185249,0.6589595375722543,0.2982274528180174,0.3179942160244258,0.005780346820809248,0.6514285714285715,0.29705300298863035,0.31830484905588613,0.005714285714285714,0.011560693641618497,0.011428571428571429,0.011428571428571429,2.78,0.005780346820809248,0.002857142857142857,0.031310481155476716,0.08436634914903715,11.497109826589595,0.0,0.0,0.15,0.08092485549132948,0,0.12196214400391966,0.15365508915906792,0.4643212952163284,0.9039207967999998,0.0,1.0,0.0,0.1,0.0,0.1,0.05,0.08,0.011527377521613832,0.05,0.25
74,0.8867966429784097,0.4635763347669342,0.8857479750330413,0.4641013586415836,0.24899929058488912,0.47943307453828105,0.6965317919075145,0.29805404241339306,0.31790751082211366,0.005780346820809248,0.6885714285714286,0.29688157441720175,0.31821913477017183,0.005714285714285714,0.005780346820809248,0.005714285714285714,0.011428571428571429,2.802857142857143,0.005780346820809248,0.0,0.031359941381517396,0.08436634914903715,11.497109826589595,0.0,0.0,0.15,0.08092485549132948,0,0.12220947614104294,0.15622823204181938,0.46074915502628755,0.8869014428256041,0.0,0.5,0.0,0.1,0.0,0.1,0.05,0.08,0.005780346820809248,0.05,0.25
75,0.8901954379696166,0.46395443127583896,0.8891079266529203,0.4644691049294095,0.24899929058488912,0.48090578810807727,0.6965317919075145,0.2978228285405607,0.3177341004174894,0.005780346820809248,0.6885714285714286,0.2966530029886303,0.3180477061987433,0.005714285714285714,0.008670520231213872,0.008571428571428572,0.011428571428571429,2.782857142857143,0.011560693641618497,0.0,0.031359941381517396,0.08436634914903715,11.497109826589595,0.0,0.0,0.15,0.08092485549132948,0,0.12288414304605201,0.15612209088161028,0.46010560049719035,0.8792381445097964,0.0,0.6666666666666666,0.0,0.1,0.0,0.1,0.05,0.08,0.008670520231213872,0.05,0.25
76,0.8936248211842712,0.4651403005313849,0.8924981169165502,0.46567042772918277,0.24899929058488912,0.4824364040527453,0.6878612716763006,0.2978228285405607,0.3177341004174894,0.005780346820809248,0.68,0.2966530029886303,0.3180477061987433,0.005714285714285714,0.0,0.0,0.011428571428571429,2.6942857142857144,0.005780346820809248,0.0,0.031359941381517396,0.08436634914903715,11.497109826589595,0.0,0.0,0.15,0.08092485549132948,0,0.12226972233082173,0.15534148042720222,0.4509034884872466,0.8616533816196005,0.0,0.0,0.0,0.1,0.0,0.1,0.05,0.08,0.0,0.05,0.25
77,0.896815354743766,0.4655955522591118,0.895652187235365,0.4660894764396816,0.24899929058488912,0.4840867268485524,0.6473988439306358,0.29770722160414453,0.31764739521517726,0.005780346820809248,0.64,0.2965387172743446,0.317961991913029,0.005714285714285714,0.002890173410404624,0.002857142857142857,0.011428571428571429,2.702857142857143,0.014450867052023121,0.0,0.031359941381517396,0.08436634914903715,11.497109826589595,0.0,0.0,0.15,0.08092485549132948,0,0.12208694514773905,0.15591139802506618,0.4447425615746445,0.8598059203236089,0.0,0.0,0.0,0.1,0.0,0.1,0.05,0.08,0.002890173410404624,0.05,0.25
78,0.8982257066016235,0.46599204636272534,0.8970464207862756,0.4665784396777951,0.24899929058488912,0.48563553023743067,0.6416184971098265,0.2971869903902717,0.3172572218047726,0.005780346820809248,0.6342857142857142,0.2960244315600589,0.3175762776273147,0.005714285714285714,0.02023121387283237,0.02,0.011428571428571429,2.7285714285714286,0.008670520231213872,0.0,0.031359941381517396,0.08436634914903715,11.497109826589595,0.0,0.0,0.15,0.08092485549132948,0,0.12421723893996456,0.2090460649629811,0.4558477103431516,0.9242505440000003,0.0,0.7142857142857143,0.0,0.1,0.0,0.1,0.05,0.08,0.02023121387283237,0.05,0.25
79,0.9002092886424629,0.4662703414655696,0.8990073333180768,0.46694761931418083,0.24899929058488912,0.48676817120810995,0.6907514450867052,0.2970135799856474,0.3171705166024605,0.005780346820809248,0.6828571428571428,0.2958530029886303,0.3174905633416004,0.005714285714285714,0.005780346820809248,0.005714285714285714,0.011428571428571429,2.6314285714285712,0.005780346820809248,0.0,0.031359941381517396,0.08436634914903715,11.497109826589595,0.0,0.0,0.15,0.08092485549132948,0,0.12445329560240759,0.20800083463816618,0.45244504185057427,0.9281313440000012,0.0,0.5,0.0,0.1,0.0,0.1,0.05,0.08,0.005780346820809248,0.05,0.25
80,0.9027004577070967,0.46681933634104633,0.9014700318791149,0.46747309082361815,0.24899929058488912,0.48809802089600246,0.6676300578034682,0.29666675917639884,0.31708381140014835,0.005780346820809248,0.66,0.29551014584577323,0.3174048490558861,0.005714285714285714,0.011560693641618497,0.011428571428571429,0.011428571428571429,2.5885714285714285,0.002890173410404624,0.0,0.031359941381517396,0.08436634914903715,11.497109826589595,0.0,0.0,0.15,0.08092485549132948,0,0.12554531483868128,0.20696083046497535,0.4548247124421342,0.9095687171200011,0.0,1.0,0.0,0.1,0.0,0.1,0.05,0.08,0.011560693641618497,0.05,0.25
81,0.9045409239193773,0.4670185446177899,0.9032894641918265,0.46761602587623485,0.24899929058488912,0.489052526882609,0.684971098265896,0.29666675917639884,0.31708381140014835,0.005780346820809248,0.6771428571428572,0.29551014584577323,0.3174048490558861,0.005714285714285714,0.0,0.0,0.011428571428571429,2.454285714285714,0.005780346820809248,0.0,0.031359941381517396,0.08436634914903715,11.497109826589595,0.0,0.0,0.15,0.08092485549132948,0,0.12491758826448786,0.20592602631265047,0.44572821819329145,0.8913773427776011,0.0,0.0,0.0,0.1,0.0,0.1,0.05,0.08,0.0,0.05,0.25
82,0.9073424156050462,0.46628611860061703,0.9060589388296593,0.46700312277509737,0.24899929058488912,0.4906385703710626,0.6936416184971098,0.29603092102610984,0.3166069327874316,0.005780346820809248,0.6857142857142857,0.29488157441720175,0.31693342048445755,0.005714285714285714,0.023121387283236993,0.022857142857142857,0.011428571428571429,2.354285714285714,0.002890173410404624,0.0,0.031359941381517396,0.08436634914903715,11.497109826589595,0.0,0.0,0.15,0.08092485549132948,0,0.12772157175173685,0.2048963961810872,0.45967079668656846,0.9242505440000003,0.0,0.875,0.0,0.1,0.0,0.1,0.05,0.08,0.023121387283236993,0.05,0.25
83,0.9101504595865585,0.4663641857542965,0.9088348908799542,0.46707933628991805,0.24899929058488912,0.4921170692042068,0.7369942196531792,0.2958575106214856,0.3165202275851195,0.005780346820809248,0.7285714285714285,0.2947101458457732,0.31684770619874325,0.005714285714285714,0.008670520231213872,0.008571428571428572,0.011428571428571429,2.2857142857142856,0.005780346820809248,0.0,0.031359941381517396,0.08436634914903715,11.497109826589595,0.0,0.0,0.15,0.08092485549132948,0,0.12836867817869246,0.20387191420018178,0.4590488093242657,0.9057655331200002,0.0,1.0,0.0,0.1,0.0,0.1,0.05,0.08,0.008670520231213872,0.05,0.25
84,0.9125230227916842,0.46703978650639005,0.9111803390770216,0.46773263905744145,0.24899929058488912,0.4936119441346964,0.7745664739884393,0.29510606553478036,0.31614192983069284,0.005780346820809248,0.7657142857142857,0.29396728870291605,0.3164737318472243,0.005714285714285714,0.023121387283236993,0.022857142857142857,0.011428571428571429,2.262857142857143,0.005780346820809248,0.0,0.031359941381517396,0.08436634914903715,11.497109826589595,0.0,0.0,0.15,0.08092485549132948,0,0.13115540621637042,0.20285255462918084,0.47272497599492325,1.0,0.0,0.625,0.0,0.1,0.0,0.1,0.05,0.08,0.023121387283236993,0.05,0.25
85,0.9171481016562112,0.46794759541710274,0.9157525598973824,0.4685976600599624,0.24899929058488912,0.4947686385632983,0.7341040462427746,0.2948170481937399,0.31592516682491245,0.005780346820809248,0.7257142857142858,0.2936815744172018,0.3162594461329386,0.005714285714285714,0.011560693641618497,0.011428571428571429,0.011428571428571429,2.3142857142857145,0.005780346820809248,0.0,0.031359941381517396,0.08436634914903715,11.497109826589595,0.0,0.0,0.15,0.08092485549132948,0,0.13221391489957426,0.20183829185603494,0.4746990479035963,0.98,0.0,0.75,0.0,0.1,0.0,0.1,0.05,0.08,0.011560693641618497,0.05,0.25
86,0.9190059888245784,0.46882327820390257,0.9175892140695396,0.4694892995609349,0.24899929058488912,0.49606945848862255,0.7716763005780347,0.2945858343209075,0.3157517564202882,0.005780346820809248,0.7628571428571429,0.29345300298863036,0.31608801756151006,0.005714285714285714,0.008670520231213872,0.008571428571428572,0.011428571428571429,2.2885714285714287,0.0,0.0,0.031359941381517396,0.08436634914903715,11.497109826589595,0.0,0.0,0.15,0.08092485549132948,0,0.13262983975617765,0.20082910039675478,0.47377649551695283,0.9603999999999999,0.0,1.0,0.0,0.1,0.0,0.1,0.05,0.08,0.008670520231213872,0.05,0.25
87,0.9216634065988292,0.4687814978480108,0.9202162613549418,0.4694340866430717,0.24899929058488912,0.49673198733733737,0.7803468208092486,0.2945858343209075,0.3157517564202882,0.005780346820809248,0.7714285714285715,0.29345300298863036,0.31608801756151006,0.005714285714285714,0.0,0.0,0.011428571428571429,2.3114285714285714,0.0,0.0,0.031359941381517396,0.08436634914903715,11.497109826589595,0.0,0.0,0.15,0.08092485549132948,0,0.13196669055739674,0.199824954894771,0.46430096560661377,0.9411919999999999,0.0,0.0,0.0,0.1,0.0,0.1,0.05,0.08,0.0,0.05,0.25
88,0.9237840457262946,0.4693387140776847,0.9223126646066647,0.469989166354982,0.24899929058488912,0.4978769337349295,0.7572254335260116,0.29452803085269946,0.3157084038191321,0.005780346820809248,0.7485714285714286,0.2933958601314875,0.3160451604186529,0.005714285714285714,0.002890173410404624,0.002857142857142857,0.011428571428571429,2.3257142857142856,0.002890173410404624,0.0,0.031359941381517396,0.08436634914903715,11.497109826589595,0.0,0.0,0.15,0.08092485549132948,0,0.13173542853318118,0.19882583012029714,0.4578720891516244,0.9223681599999999,0.0,1.0,0.0,0.1,0.0,0.1,0.05,0.08,0.002890173410404624,0.05,0.25
89,0.9260515281304569,0.4702555103262485,0.9245542329262079,0.47095240469965005,0.24899929058488912,0.49901232282167246,0.7745664739884393,0.2939499961706185,0.31533924373603417,0.005780346820809248,0.7657142857142857,0.2928244315600589,0.3156802193079333,0.005714285714285714,0.017341040462427744,0.02,0.011428571428571429,2.32,0.005780346820809248,0.0,0.031359941381517396,0.08436634914903715,11.497109826589595,0.0,0.0,0.15,0.08092485549132948,0,0.13407675139051528,0.20777893423030303,0.4687146473685918,0.9057655331200002,0.0,0.8571428571428571,0.0,0.1,0.0,0.1,0.05,0.08,0.017341040462427744,0.05,0.25
90,0.9265845244070611,0.47091874158311525,0.9250811378167939,0.4715900688285567,0.24899929058488912,0.5002098368592399,0.6907514450867052,0.29383438923420235,0.31525253853372204,0.005780346820809248,0.6828571428571428,0.29271014584577315,0.315594505022219,0.005714285714285714,0.002890173410404624,0.002857142857142857,0.011428571428571429,2.342857142857143,0.008670520231213872,0.0,0.031359941381517396,0.08436634914903715,11.497109826589595,0.0,0.0,0.15,0.08092485549132948,0,0.13383493906213412,0.20674003955915152,0.46219749727836285,0.913528717120002,0.0,0.0,0.0,0.1,0.0,0.1,0.05,0.08,0.002890173410404624,0.05,0.25
91,0.9306336895777806,0.4714312603144046,0.9290840268141338,0.47214850879617254,0.24899929058488912,0.5019132711412462,0.7341040462427746,0.2935453718931619,0.3150357755279417,0.005780346820809248,0.7257142857142858,0.29242443156005893,0.3153802193079332,0.005714285714285714,0.008670520231213872,0.008571428571428572,0.011428571428571429,2.374285714285714,0.002890173410404624,0.0,0.031359941381517396,0.08436634914903715,11.497109826589595,0.0,0.0,0.15,0.08092485549132948,0,0.13445147865253776,0.20570633936135574,0.46152497590422414,0.9820000000000004,0.0,0.6666666666666666,0.0,0.1,0.0,0.1,0.05,0.08,0.008670520231213872,0.05,0.25
92,0.9333348622276411,0.4717111676594542,0.9317543289194244,0.4724534891765977,0.24899929058488912,0.5031037397912276,0.7341040462427746,0.2931407476157052,0.3147323073198492,0.005780346820809248,0.7257142857142858,0.292024431560059,0.31508021930793323,0.005714285714285714,0.014450867052023121,0.014285714285714285,0.011428571428571429,2.4257142857142857,0.005780346820809248,0.0,0.031359941381517396,0.08436634914903715,11.497109826589595,0.0,0.0,0.15,0.08092485549132948,0,0.1359220784021322,0.20467780766454896,0.46658019067185397,0.9801408163398619,0.0,0.8,0.0,0.1,0.0,0.1,0.05,0.08,0.014450867052023121,0.05,0.25
93,0.935882978706914,0.4724366590529569,0.9342733240675056,0.47317591468727055,0.24899929058488912,0.5047275303032027,0.7572254335260116,0.2927361233382486,0.31442883911175673,0.005780346820809248,0.7485714285714286,0.2916244315600589,0.3147802193079332,0.005714285714285714,0.011560693641618497,0.011428571428571429,0.011428571428571429,2.494285714285714,0.011560693641618497,0.0,0.031359941381517396,0.08436634914903715,11.497109826589595,0.0,0.0,0.15,0.08092485549132948,0,0.13695675372440727,0.2210481709223703,0.46867715828698836,0.9820000000000004,0.0,0.5,0.0,0.1,0.0,0.1,0.05,0.08,0.011560693641618497,0.05,0.25
94,0.9362491411285645,0.47223268798520784,0.9346353017757659,0.47295748679672955,0.24899929058488912,0.5063263686014803,0.7052023121387283,0.2925627129336243,0.3143421339094446,0.005780346820809248,0.6971428571428572,0.2914530029886303,0.3146945050222189,0.005714285714285714,0.005780346820809248,0.005714285714285714,0.011428571428571429,2.617142857142857,0.005780346820809248,0.0,0.031359941381517396,0.08436634914903715,11.497109826589595,0.0,0.0,0.15,0.08092485549132948,0,0.13712911281292808,0.2478612995665299,0.46501790083553424,0.9943684354387472,0.0,0.5,0.0,0.1,0.0,0.1,0.05,0.08,0.005780346820809248,0.05,0.25
95,0.9384043876402188,0.4725660752126159,0.9367659168987156,0.4733750675069127,0.24899929058488912,0.5085731963588696,0.6936416184971098,0.2917534643787109,0.3137351974932596,0.005780346820809248,0.6857142857142857,0.29065300298863034,0.314094505022219,0.005714285714285714,0.02023121387283237,0.02,0.011428571428571429,2.5885714285714285,0.008670520231213872,0.0,0.031359941381517396,0.08436634914903715,11.497109826589595,0.0,0.0,0.15,0.08092485549132948,0,0.13944346724886345,0.2753518842799203,0.4757175428188236,1.3038009792764411,0.0,0.14285714285714285,0.0,0.1,0.0,0.1,0.05,0.08,0.02023121387283237,0.05,0.25
96,0.9385820991863898,0.4731965987268788,0.9369415974557874,0.4740437632142474,0.24899929058488912,0.5107241893438519,0.7138728323699421,0.2915222505058786,0.31356178708863536,0.005780346820809248,0.7057142857142857,0.2904244315600589,0.3139230764507904,0.005714285714285714,0.008670520231213872,0.008571428571428572,0.011428571428571429,2.6542857142857144,0.002890173410404624,0.0,0.031359941381517396,0.08436634914903715,11.497109826589595,0.0,0.0,0.15,0.08092485549132948,0,0.1400319641983334,0.2739751248585207,0.4747746205338756,1.2777249596909124,0.0,1.0,0.0,0.1,0.0,0.1,0.05,0.08,0.008670520231213872,0.05,0.25
97,0.9398292806310073,0.4743586114355135,0.9381745253981808,0.4752257888429059,0.24899929058488912,0.5129660050871752,0.7283236994219653,0.2912332331648382,0.313345024082855,0.005780346820809248,0.72,0.29013871727434465,0.3137087907365047,0.005714285714285714,0.008670520231213872,0.008571428571428572,0.011428571428571429,2.645714285714286,0.002890173410404624,0.0,0.031359941381517396,0.08436634914903715,11.497109826589595,0.0,0.0,0.15,0.08092485549132948,0,0.140617518663056,0.2726052492342281,0.47385055669462667,1.252170460497094,0.0,1.0,0.0,0.1,0.0,0.1,0.05,0.08,0.008670520231213872,0.05,0.25
98,0.9416444380705578,0.4736762905259984,0.9399689381812792,0.4745471173580311,0.24899929058488912,0.5145381032274688,0.6936416184971098,0.2908864123555896,0.3130849084759186,0.005780346820809248,0.6857142857142857,0.28979586013148745,0.3134516478793618,0.005714285714285714,0.011560693641618497,0.011428571428571429,0.011428571428571429,2.72,0.0,0.0,0.031359941381517396,0.08436634914903715,11.497109826589595,0.0,0.0,0.15,0.08092485549132948,0,0.1415656254105838,0.27124222298805695,0.47580211698930563,1.2271270512871522,0.0,0.75,0.0,0.1,0.0,0.1,0.05,0.08,0.011560693641618497,0.05,0.25
99,0.9436448142132853,0.47398988751043564,0.9419464528823759,0.4749718063538723,0.24899929058488912,0.516011776492753,0.6676300578034682,0.290539591546341,0.3129548506724504,0.005780346820809248,0.66,0.28945300298863036,0.3133230764507903,0.005714285714285714,0.011560693641618497,0.011428571428571429,0.011428571428571429,2.7885714285714287,0.0,0.0,0.031359941381517396,0.08436634914903715,11.497109826589595,0.0,0.0,0.15,0.08092485549132948,0,0.14225287847811308,0.26988601187311667,0.47771464607809094,1.2025845102614092,0.0,1.0,0.0,0.1,0.0,0.1,0.05,0.08,0.011560693641618497,0.05,0.25
100,0.944632785920132,0.47485455064851423,0.9429231334840013,0.4758358716641071,0.24899929058488912,0.5172332090459779,0.6589595375722543,0.290539591546341,0.3129548506724504,0.005780346820809248,0.6514285714285715,0.28945300298863036,0.3133230764507903,0.005714285714285714,0.0,0.0,0.011428571428571429,2.7257142857142855,0.0,0.0,0.031359941381517396,0.08436634914903715,11.497109826589595,0.0,0.0,0.15,0.08092485549132948,0,0.14154161408572252,0.26853658181375106,0.4681603531565291,1.1785328200561809,0.0,0.0,0.0,0.1,0.0,0.1,0.05,0.08,0.0,0.05,0.25
101,0.9480817242245593,0.47561090019747587,0.9463326553506636,0.4765903940540628,0.24899929058488912,0.5181671886803888,0.638728323699422,0.29042398460992486,0.31286814547013825,0.005780346820809248,0.6314285714285715,0.2893387172743446,0.3132373621650761,0.005714285714285714,0.002890173410404624,0.002857142857142857,0.011428571428571429,2.6885714285714286,0.0,0.0,0.031359941381517396,0.08436634914903715,11.497109826589595,0.0,0.0,0.15,0.08092485549132948,0,0.14126247744386533,0.2671938989046823,0.4616542889505413,1.1549621636550573,0.0,0.0,0.0,0.1,0.0,0.1,0.05,0.08,0.002890173410404624,0.05,0.25
102,0.9498093658162536,0.4767226267654812,0.9480405524670245,0.47763541604561965,0.24899929058488912,0.519353936596316,0.6763005780346821,0.29030837767350864,0.3127814402678261,0.005780346820809248,0.6685714285714286,0.2892244315600589,0.3131516478793618,0.005714285714285714,0.002890173410404624,0.002857142857142857,0.011428571428571429,2.6714285714285713,0.0,0.0,0.031359941381517396,0.08436634914903715,11.497109826589595,0.0,0.0,0.15,0.08092485549132948,0,0.14098473648521742,0.2658579294101589,0.4552783460286734,1.1318629203819561,0.0,0.0,0.0,0.1,0.0,0.1,0.05,0.08,0.002890173410404624,0.05,0.25
103,0.9513348176631693,0.47715747982802453,0.9495485705785466,0.47811169623954874,0.24899929058488912,0.5206919013998269,0.708092485549133,0.29030837767350864,0.3127814402678261,0.005780346820809248,0.7,0.2892244315600589,0.3131516478793618,0.005714285714285714,0.0,0.0,0.011428571428571429,2.6085714285714285,0.0,0.0,0.031359941381517396,0.08436634914903715,11.497109826589595,0.0,0.0,0.15,0.08092485549132948,0,0.14027981280279134,0.2645286397631081,0.4461727791080999,1.109225661974317,0.0,0.0,0.0,0.1,0.0,0.1,0.05,0.08,0.0,0.05,0.25
104,0.9512604643520836,0.47708612961437247,0.9494750670195877,0.47810038306933644,0.24899929058488912,0.5218470681243499,0.653179190751445,0.2902505742053006,0.3127814402678261,0.005780346820809248,0.6457142857142857,0.289167288702916,0.3131516478793618,0.005714285714285714,0.002890173410404624,0.002857142857142857,0.011428571428571429,2.5542857142857143,0.0,0.0,0.031359941381517396,0.08436634914903715,11.497109826589595,0.0,0.0,0.15,0.08092485549132948,0,0.1400069851673488,0.26320599656429255,0.44010646638308076,1.0870411487348308,0.0,1.0,0.0,0.1,0.0,0.1,0.05,0.08,0.002890173410404624,0.05,0.25
105,0.9532646463572189,0.4771771889501012,0.9514563440875213,0.4782124157906472,0.24899929058488912,0.5223862767048263,0.6965317919075145,0.2901771856981515,0.31269473506551393,0.005780346820809248,0.6885714285714286,0.28909473892156295,0.31306593359364754,0.005714285714285714,0.002890173410404624,0.002857142857142857,0.011428571428571429,2.4971428571428573,0.0,0.0,0.031359941381517396,0.08436634914903715,11.497109826589595,0.0,0.0,0.15,0.08092485549132948,0,0.1397355216700835,0.26188996658147107,0.43416147991256204,1.0653003257601341,0.0,1.0,0.0,0.1,0.0,0.1,0.05,0.08,0.002890173410404624,0.05,0.25
106,0.954847085892727,0.4784910169567591,0.9530206985997666,0.4795298915487597,0.24899929058488912,0.5228148469608205,0.6994219653179191,0.28988816835711106,0.3125955862086895,0.005780346820809248,0.6914285714285714,0.2888090246358487,0.3129679178666154,0.005714285714285714,0.008670520231213872,0.008571428571428572,0.011428571428571429,2.5228571428571427,0.0,0.0,0.031359941381517396,0.08436634914903715,11.497109826589595,0.0,0.0,0.15,0.08092485549132948,0,0.14032255834744736,0.26058051674856375,0.43404967888573925,1.0439943192449315,0.0,1.0,0.0,0.1,0.0,0.1,0.05,0.08,0.008670520231213872,0.05,0.25
107,0.9561451488476578,0.47855421338688503,0.9543039265494979,0.4795171889057362,0.24899929058488912,0.5236602921981827,0.7138728323699421,0.2896569544842787,0.3124221758040652,0.005780346820809248,0.7057142857142857,0.28858045320727727,0.31279648929518683,0.005714285714285714,0.005780346820809248,0.005714285714285714,0.011428571428571429,2.4971428571428573,0.0,0.0,0.031359941381517396,0.08436634914903715,11.497109826589595,0.0,0.0,0.15,0.08092485549132948,0,0.14047808841285297,0.25927761416482087,0.43108297102231025,1.0231144328600328,0.0,0.0,0.0,0.1,0.0,0.1,0.05,0.08,0.005780346820809248,0.05,0.25
108,0.9575171607425998,0.47878379853809644,0.955660258308498,0.4797463037532575,0.24899929058488912,0.5245370826736047,0.7052023121387283,0.2895413475478625,0.3123354706017531,0.005780346820809248,0.6971428571428572,0.28846616749299153,0.31271077500947253,0.005714285714285714,0.002890173410404624,0.002857142857142857,0.011428571428571429,2.5,0.0,0.0,0.031359941381517396,0.08436634914903715,11.497109826589595,0.0,0.0,0.15,0.08092485549132948,0,0.14020426939936015,0.26422196971195167,0.4253184544590069,1.0107077569666219,0.0,0.0,0.0,0.1,0.0,0.1,0.05,0.08,0.002890173410404624,0.05,0.25
109,0.9589393831882317,0.4800754378872351,0.9570662267833225,0.48095861277189816,0.24899929058488912,0.5255115648992749,0.7687861271676301,0.2894257406114463,0.31224876539944096,0.005780346820809248,0.76,0.2883518817787058,0.31262506072375823,0.005714285714285714,0.002890173410404624,0.002857142857142857,0.011428571428571429,2.42,0.0,0.0,0.031359941381517396,0.08436634914903715,11.497109826589595,0.0,0.0,0.15,0.08092485549132948,0,0.1399318194809348,0.2629008598633919,0.4196692282269696,1.0050841485770876,0.0,0.0,0.0,0.1,0.0,0.1,0.05,0.08,0.002890173410404624,0.05,0.25
110,0.9592277259272334,0.4800603325352132,0.9573512741767357,0.4809763651564393,0.24899929058488912,0.5268005053698441,0.7485549132947977,0.2893101336750301,0.3121620601971288,0.005780346820809248,0.74,0.28823759606442007,0.31253934643804393,0.005714285714285714,0.002890173410404624,0.002857142857142857,0.011428571428571429,2.3971428571428572,0.002890173410404624,0.0,0.031359941381517396,0.08436634914903715,11.497109826589595,0.0,0.0,0.15,0.08092485549132948,0,0.13966073181210154,0.2666435078795681,0.414132986519573,1.0305710522362117,0.0,0.0,0.0,0.1,0.0,0.1,0.05,0.08,0.002890173410404624,0.05,0.25
111,0.9587218965587445,0.4810535452162953,0.9568512257153153,0.4820524592039982,0.24899929058488912,0.528181054219202,0.7398843930635838,0.28907891980219774,0.3119886497925046,0.005780346820809248,0.7314285714285714,0.28800902463584865,0.3123679178666154,0.005714285714285714,0.005780346820809248,0.005714285714285714,0.011428571428571429,2.3657142857142857,0.002890173410404624,0.0,0.031359941381517396,0.08436634914903715,11.497109826589595,0.0,0.0,0.15,0.08092485549132948,0,0.13981957101018386,0.26531029034017023,0.4115646125034674,1.0099596311914876,0.0,0.0,0.0,0.1,0.0,0.1,0.05,0.08,0.005780346820809248,0.05,0.25
112,0.9587612532796981,0.48163840970368993,0.9568901326451722,0.48265644923814616,0.24899929058488912,0.5291286514048198,0.6994219653179191,0.28878990246115727,0.31177188678672424,0.005780346820809248,0.6914285714285714,0.2877233103501344,0.3121536321523296,0.005714285714285714,0.008670520231213872,0.008571428571428572,0.011428571428571429,2.4571428571428573,0.002890173410404624,0.0,0.031359941381517396,0.08436634914903715,11.497109826589595,0.0,0.0,0.15,0.08092485549132948,0,0.14040618744084724,0.26430307395337055,0.41190474882482647,1.010623519236055,0.0,0.3333333333333333,0.0,0.1,0.0,0.1,0.05,0.08,0.008670520231213872,0.05,0.25
113,0.9609834935984016,0.4827847798279727,0.9590869759316621,0.48384770635133645,0.24899929058488912,0.5300991594493298,0.7630057803468208,0.2882696712472844,0.31139182875598775,0.005780346820809248,0.7542857142857143,0.28720902463584863,0.3117779176419444,0.005714285714285714,0.014450867052023121,0.014285714285714285,0.011428571428571429,2.3685714285714288,0.002890173410404624,0.0,0.031359941381517396,0.08436634914903715,11.497109826589595,0.0,0.0,0.15,0.08092485549132948,0,0.14184701364650015,0.27227640895496596,0.41795236813404424,1.1027366944014645,0.0,0.2,0.0,0.1,0.0,0.1,0.05,0.08,0.014450867052023121,0.05,0.25
114,0.9625285416450868,0.4839458227860165,0.9606143662863852,0.4850608164103341,0.24899929058488912,0.5307897221778931,0.7196531791907514,0.2878650469698278,0.31117506575020737,0.005780346820809248,0.7114285714285714,0.2868090246358487,0.31156363192765874,0.005714285714285714,0.014450867052023121,0.014285714285714285,0.011428571428571429,2.374285714285714,0.005780346820809248,0.0,0.031359941381517396,0.08436634914903715,11.497109826589595,0.0,0.0,0.15,0.08092485549132948,0,0.14283738447073435,0.2786509727894698,0.4238790350570777,1.2474907965785234,0.0,0.6,0.0,0.1,0.0,0.1,0.05,0.08,0.014450867052023121,0.05,0.25
115,0.9649408422689061,0.48405323633084635,0.9629990977602177,0.4852208710668714,0.24899929058488912,0.5309996350366325,0.7138728323699421,0.2877494400334116,0.31108836054789524,0.005780346820809248,0.7057142857142857,0.28669473892156294,0.31147791764194444,0.005714285714285714,0.002890173410404624,0.002857142857142857,0.011428571428571429,2.374285714285714,0.005780346820809248,0.0,0.031359941381517396,0.08436634914903715,11.497109826589595,0.0,0.0,0.15,0.08092485549132948,0,0.14255176897695207,0.30166626325137513,0.41825859721307895,1.24993141561818,0.0,0.0,0.0,0.1,0.0,0.1,0.05,0.08,0.002890173410404624,0.05,0.25
116,0.963541070939782,0.485969514067689,0.9616191652593279,0.4867390337112885,0.24899929058488912,0.5314668866388634,0.7014492753623188,0.2870987821435445,0.311749359301223,0.005797101449275362,0.6914285714285714,0.28658045320727726,0.3113922033562302,0.005714285714285714,0.002898550724637681,0.002857142857142857,0.014285714285714285,2.454285714285714,0.002898550724637681,0.002857142857142857,0.031362049167256136,0.08436634914903716,11.489855072463769,0.0,0.0,0.15,0.08115942028985507,0,0.14226758156063876,0.30015793193511825,0.4127505681259601,1.269071641332252,0.0,0.0,0.0,0.1,0.0,0.1,0.05,0.08,0.002890173410404624,0.05,0.25
117,0.9649293679780317,0.487080625101532,0.9629876294827454,0.48794261643812553,0.24899929058488912,0.5322001779467892,0.7014492753623188,0.2868668980855734,0.31158617866976424,0.005797101449275362,0.6914285714285714,0.2863518817787058,0.31123135387664935,0.005714285714285714,0.008695652173913044,0.008571428571428572,0.014285714285714285,2.5314285714285716,0.002898550724637681,0.0,0.03136826782266162,0.08436634914903716,11.489855072463769,0.0,0.0,0.15,0.08115942028985507,0,0.1426304251847095,0.29865714227544266,0.4130669853348695,1.243690208505607,0.0,0.6666666666666666,0.0,0.1,0.0,0.1,0.05,0.08,0.008695652173913044,0.05,0.25
118,0.9653383674900252,0.4873039456856324,0.9633907861445674,0.4881549175176427,0.24899929058488912,0.5321987568305845,0.6869565217391305,0.2868089270710807,0.3115427004088946,0.005797101449275362,0.6771428571428572,0.286294738921563,0.3111884967337922,0.005714285714285714,0.002898550724637681,0.002857142857142857,0.014285714285714285,2.5028571428571427,0.002898550724637681,0.0,0.03136826782266162,0.08436634914903716,11.489855072463769,0.0,0.0,0.15,0.08115942028985507,0,0.14234584448735738,0.2971638565640654,0.407662788485315,1.2188164043354948,0.0,1.0,0.0,0.1,0.0,0.1,0.05,0.08,0.002898550724637681,0.05,0.25
119,0.9658024731929999,0.4876926159578736,0.9638482617660712,0.4885343425118705,0.24899929058488912,0.5322542585140783,0.6811594202898551,0.2864611009841242,0.3112818308436772,0.005797101449275362,0.6714285714285714,0.2859518817787058,0.31093135387664933,0.005714285714285714,0.011594202898550725,0.011428571428571429,0.014285714285714285,2.5085714285714285,0.002898550724637681,0.0,0.03136826782266162,0.08436634914903716,11.489855072463769,0.0,0.0,0.15,0.08115942028985507,0,0.14334840097920631,0.2956780372812451,0.41093810414418014,1.194440076248785,0.0,0.5,0.0,0.1,0.0,0.1,0.05,0.08,0.011594202898550725,0.05,0.25
120,0.9665330333053281,0.4881941400841293,0.9645683853053659,0.4890453728882146,0.24899929058488912,0.5321855567307002,0.6579710144927536,0.28628718794064595,0.31115139606106856,0.005797101449275362,0.6485714285714286,0.28578045320727724,0.3108027824480779,0.005714285714285714,0.005797101449275362,0.005714285714285714,0.014285714285714285,2.5514285714285716,0.002898550724637681,0.0,0.03136826782266162,0.08436634914903716,11.489855072463769,0.0,0.0,0.15,0.08115942028985507,0,0.14314551683145316,0.29419964709483887,0.40843362777558223,1.1749897611118405,0.0,0.5,0.0,0.1,0.0,0.1,0.05,0.08,0.005797101449275362,0.05,0.25
121,0.9664533582081645,0.49009500870917794,0.9644898484238762,0.49092497631567805,0.24899929058488912,0.5321167081917667,0.6579710144927536,0.28617124591166043,0.3110644395393294,0.005797101449275362,0.6485714285714286,0.2856661674929915,0.3107170681623636,0.005714285714285714,0.002898550724637681,0.002857142857142857,0.014285714285714285,2.474285714285714,0.002898550724637681,0.0,0.03136826782266162,0.08436634914903716,11.489855072463769,0.0,0.0,0.15,0.08115942028985507,0,0.1428583606758673,0.29272864885936467,0.4031220980772134,1.1514899658896036,0.0,0.0,0.0,0.1,0.0,0.1,0.05,0.08,0.002898550724637681,0.05,0.25
122,0.9657324244430405,0.4911128475291849,0.9637792137125396,0.49200285197258087,0.24899929058488912,0.5316927007428192,0.6550724637681159,0.2860553038826749,0.31097748301759026,0.005797101449275362,0.6457142857142857,0.28555188177870583,0.31063135387664936,0.005714285714285714,0.002898550724637681,0.002857142857142857,0.014285714285714285,2.4885714285714284,0.002898550724637681,0.0,0.03136826782266162,0.08436634914903716,11.489855072463769,0.0,0.0,0.15,0.08115942028985507,0,0.1425726403010594,0.2912650056150678,0.397916798972812,1.163905517892659,0.0,0.0,0.0,0.1,0.0,0.1,0.05,0.08,0.002898550724637681,0.05,0.25
123,0.9656414306497466,0.49137206924239757,0.9636895198305787,0.49226472345315925,0.24899929058488912,0.5312871025955669,0.6811594202898551,0.2858813908391966,0.31089052649585114,0.002898550724637681,0.6714285714285714,0.28538045320727723,0.31054563959093506,0.002857142857142857,0.005797101449275362,0.005714285714285714,0.014285714285714285,2.4085714285714284,0.005797101449275362,0.0,0.03136826782266162,0.08436634914903716,11.489855072463769,0.0,0.0,0.15,0.08115942028985507,0,0.14254040808036803,0.2898086805869925,0.3956727487076414,1.1406274075348057,0.0,0.5,0.0,0.1,0.0,0.1,0.05,0.08,0.005797101449275362,0.05,0.25
124,0.9665120238442815,0.49294442120882803,0.9645476759794772,0.49383317854161857,0.24899929058488912,0.5313991463155959,0.6927536231884058,0.2858813908391966,0.31089052649585114,0.002898550724637681,0.6828571428571428,0.28538045320727723,0.31054563959093506,0.002857142857142857,0.0,0.0,0.014285714285714285,2.3485714285714288,0.008695652173913044,0.0,0.03136826782266162,0.08436634914903716,11.489855072463769,0.0,0.0,0.15,0.08115942028985507,0,0.1418277060399662,0.28835963718405755,0.3877592937334887,1.1178148593841095,0.0,0.0,0.0,0.1,0.0,0.1,0.05,0.08,0.0,0.05,0.25
125,0.9666691036185331,0.4933174855087638,0.9647025117569537,0.49419786268227417,0.24899929058488912,0.5314590754675088,0.7014492753623188,0.28559153576673285,0.31067313519150325,0.002898550724637681,0.6914285714285714,0.28509473892156295,0.3103313538766494,0.002857142857142857,0.008695652173913044,0.008571428571428572,0.014285714285714285,2.302857142857143,0.002898550724637681,0.0,0.03136826782266162,0.08436634914903716,11.489855072463769,0.0,0.0,0.15,0.08115942028985507,0,0.14240428179548065,0.2869178389981373,0.38857553643024745,1.0954585621964275,0.0,0.3333333333333333,0.0,0.1,0.0,0.1,0.05,0.08,0.008695652173913044,0.05,0.25
126,0.9677300542317061,0.4927861051432905,0.9657483059327959,0.4936594939712693,0.24899929058488912,0.5314560128961212,0.7014492753623188,0.2854755937377474,0.3105861786697641,0.002898550724637681,0.6914285714285714,0.2849804532072772,0.3102456395909351,0.002857142857142857,0.002898550724637681,0.002857142857142857,0.014285714285714285,2.202857142857143,0.002898550724637681,0.0,0.03136826782266162,0.08436634914903716,11.489855072463769,0.0,0.0,0.15,0.08115942028985507,0,0.14212083181507468,0.2854832498031466,0.38366116855878535,1.073549390952499,0.0,0.0,0.0,0.1,0.0,0.1,0.05,0.08,0.002898550724637681,0.05,0.25
127,0.9672378205442634,0.49324207515935387,0.9652631041551738,0.4941198158213043,0.24899929058488912,0.5313114119484749,0.7072463768115942,0.2853016806942691,0.31045574388715547,0.002898550724637681,0.6971428571428572,0.2848090246358487,0.3101170681623636,0.002857142857142857,0.008695652173913044,0.008571428571428572,0.014285714285714285,2.177142857142857,0.002898550724637681,0.0,0.03136826782266162,0.08436634914903716,11.489855072463769,0.0,0.0,0.15,0.08115942028985507,0,0.14246439538851652,0.28405583355413083,0.3845593737590382,1.052078403133449,0.0,1.0,0.0,0.1,0.0,0.1,0.05,0.08,0.008695652173913044,0.05,0.25
128,0.9686026169032796,0.4951843811545142,0.9666084034233469,0.4959962486204471,0.24899929058488912,0.53029068433368,0.7797101449275362,0.28524370967977636,0.31045574388715547,0.002898550724637681,0.7685714285714286,0.2847518817787058,0.3101170681623636,0.002857142857142857,0.002898550724637681,0.002857142857142857,0.014285714285714285,2.117142857142857,0.005797101449275362,0.0,0.03136826782266162,0.08436634914903716,11.489855072463769,0.0,0.0,0.15,0.08115942028985507,0,0.14189350910802037,0.2826355543863602,0.37972532914100027,1.03103683507078,0.0,1.0,0.0,0.1,0.0,0.1,0.05,0.08,0.002898550724637681,0.05,0.25
129,0.9682345072237236,0.4953866979352751,0.9662455524534989,0.49619905025672534,0.24899929058488912,0.5302784621035359,0.7942028985507247,0.2848958835928198,0.31019487432193804,0.002898550724637681,0.7828571428571428,0.28440902463584866,0.3098599253052207,0.002857142857142857,0.011594202898550725,0.011428571428571429,0.014285714285714285,2.1085714285714285,0.008695652173913044,0.0,0.03136826782266162,0.08436634914903716,11.489855072463769,0.0,0.0,0.15,0.08115942028985507,0,0.142898327276766,0.2812223766144284,0.3835593939867517,1.0104160983693642,0.0,0.75,0.0,0.1,0.0,0.1,0.05,0.08,0.011594202898550725,0.05,0.25
130,0.9687418865834089,0.49619708740378354,0.9667456835366169,0.4970970199551754,0.24899929058488912,0.5299973058578668,0.7594202898550725,0.2848379125783271,0.31019487432193804,0.002898550724637681,0.7485714285714286,0.2843518817787058,0.3098599253052207,0.002857142857142857,0.002898550724637681,0.002857142857142857,0.014285714285714285,2.0514285714285716,0.011594202898550725,0.0,0.03136826782266162,0.08436634914903716,11.489855072463769,0.0,0.0,0.15,0.08115942028985507,0,0.14261240706895356,0.27981626473135623,0.37874534896415946,0.9902077764019769,0.0,1.0,0.0,0.1,0.0,0.1,0.05,0.08,0.002898550724637681,0.05,0.25
131,0.9706113171157978,0.4968803079720008,0.9685884079185434,0.4978286798790191,0.24899929058488912,0.5291269583788505,0.7391304347826086,0.2848379125783271,0.31019487432193804,0.002898550724637681,0.7285714285714285,0.2843518817787058,0.3098599253052207,0.002857142857142857,0.0,0.0,0.014285714285714285,2.0314285714285716,0.008695652173913044,0.0,0.03136826782266162,0.08436634914903716,11.489855072463769,0.0,0.0,0.15,0.08115942028985507,0,0.1418993450336088,0.27841718340769944,0.3711704419848763,0.9704036208739374,0.0,0.0,0.0,0.1,0.0,0.1,0.05,0.08,0.0,0.05,0.25
132,0.9713298264430577,0.4975982812545402,0.9692966528268424,0.498555139725344,0.24899929058488912,0.5285675989172429,0.7797101449275362,0.28466399953484883,0.3100644395393294,0.002898550724637681,0.7685714285714286,0.28418045320727725,0.30973135387664935,0.002857142857142857,0.005797101449275362,0.005714285714285714,0.014285714285714285,2.0914285714285716,0.005797101449275362,0.0,0.03136826782266162,0.08436634914903716,11.489855072463769,0.0,0.0,0.15,0.08115942028985507,0,0.14204699116558364,0.27702509749066095,0.3694613188594645,0.9894132159224587,0.0,0.5,0.0,0.1,0.0,0.1,0.05,0.08,0.005797101449275362,0.05,0.25
133,0.9717725734301143,0.4989334162646043,0.9697330748569408,0.49982937823813667,0.24899929058488912,0.5270512247935532,0.7768115942028986,0.2845480575058633,0.31000204375322493,0.002898550724637681,0.7657142857142857,0.2840661674929915,0.3096698494589178,0.002857142857142857,0.002898550724637681,0.002857142857142857,0.014285714285714285,2.0942857142857143,0.002898550724637681,0.0,0.03136826782266162,0.08436634914903716,11.489855072463769,0.0,0.0,0.15,0.08115942028985507,0,0.14176532763832714,0.27563997200320767,0.36492923533941807,0.9696249516040094,0.0,1.0,0.0,0.1,0.0,0.1,0.05,0.08,0.002898550724637681,0.05,0.25
134,0.9725751126941568,0.49853379116371466,0.9705241492743544,0.4995082081691673,0.24899929058488912,0.5250729273937492,0.7594202898550725,0.28437414446238507,0.3099063200399371,0.002898550724637681,0.7485714285714286,0.283894738921563,0.30957549322724837,0.002857142857142857,0.005797101449275362,0.005714285714285714,0.014285714285714285,2.117142857142857,0.002898550724637681,0.0,0.03136826782266162,0.08436634914903716,11.489855072463769,0.0,0.0,0.15,0.08115942028985507,0,0.14191364385727834,0.2742617721431916,0.3633449363469154,0.9502324525719292,0.0,1.0,0.0,0.1,0.0,0.1,0.05,0.08,0.005797101449275362,0.05,0.25
135,0.9737041112574939,0.498848712428383,0.9716370192867868,0.49987585746947494,0.24899929058488912,0.522809656837077,0.7478260869565218,0.28408428938992125,0.3096889287355893,0.002898550724637681,0.7371428571428571,0.28360902463584864,0.3093612075129627,0.002857142857142857,0.011594202898550725,0.011428571428571429,0.014285714285714285,2.1085714285714285,0.005797101449275362,0.0,0.03136826782266162,0.08436634914903716,11.489855072463769,0.0,0.0,0.15,0.08115942028985507,0,0.14291836135227767,0.2728904632824757,0.36750660904854854,0.9635475460637717,0.0,0.75,0.0,0.1,0.0,0.1,0.05,0.08,0.011594202898550725,0.05,0.25
136,0.9757646026454233,0.49915563611394465,0.9736370303445504,0.5004084733569087,0.24899929058488912,0.5199178552232987,0.7761627906976745,0.2835077035554057,0.3094673364704127,0.0029069767441860465,0.7628571428571429,0.2833804532072773,0.3091897789415341,0.002857142857142857,0.005813953488372093,0.005714285714285714,0.017142857142857144,2.1485714285714286,0.005813953488372093,0.002857142857142857,0.03138145958058992,0.08436634914903716,11.470930232558139,0.0,0.0,0.15,0.08139534883720931,0,0.14288440052633022,0.27152601096606327,0.36587076258186324,0.9442765951424963,0.0,1.0,0.0,0.1,0.0,0.1,0.05,0.08,0.005797101449275362,0.05,0.25
137,0.9770439594386601,0.49934764998429054,0.9748944553070458,0.5005372824107706,0.24899929058488912,0.5174182329934383,0.7441860465116279,0.2835077035554057,0.3094673364704127,0.0029069767441860465,0.7314285714285714,0.2833804532072773,0.3091897789415341,0.002857142857142857,0.0,0.0,0.017142857142857144,2.1942857142857144,0.005813953488372093,0.0,0.031384467336488184,0.08436634914903716,11.470930232558139,0.0,0.0,0.15,0.08139534883720931,0,0.1421699785236986,0.27016838091123296,0.358553347330226,0.9253910632396463,0.0,0.0,0.0,0.1,0.0,0.1,0.05,0.08,0.0,0.05,0.25
138,0.9761530281604678,0.49942553268157835,0.9740187971364799,0.5005811650525298,0.24899929058488912,0.5140024067419453,0.7383720930232558,0.283449564020522,0.3094673364704127,0.0029069767441860465,0.7257142857142858,0.28332331035013436,0.3091897789415341,0.002857142857142857,0.0029069767441860465,0.002857142857142857,0.017142857142857144,2.2657142857142856,0.005813953488372093,0.0,0.031384467336488184,0.08436634914903716,11.470930232558139,0.0,0.0,0.15,0.08139534883720931,0,0.1418877000596515,0.2688175390066768,0.35423942324076435,0.9068832419748534,0.0,1.0,0.0,0.1,0.0,0.1,0.05,0.08,0.0029069767441860465,0.05,0.25
139,0.9760854346600617,0.49928244122308485,0.973952362381795,0.5005915165991752,0.24899929058488912,0.5108845553877789,0.7267441860465116,0.2832751454158709,0.3093801271680871,0.0029069767441860465,0.7142857142857143,0.2831518817787058,0.3091040646558198,0.002857142857142857,0.005813953488372093,0.005714285714285714,0.017142857142857144,2.382857142857143,0.005813953488372093,0.0,0.031384467336488184,0.08436634914903716,11.470930232558139,0.0,0.0,0.15,0.08139534883720931,0,0.14203540441649612,0.26747345131164346,0.35286892049023477,0.9301313440000016,0.0,0.5,0.0,0.1,0.0,0.1,0.05,0.08,0.005813953488372093,0.05,0.25
140,0.977075067459828,0.49981672286613943,0.9749250300478509,0.5009377191882473,0.24899929058488912,0.5092620630679924,0.7034883720930233,0.28284447317650074,0.30905324768292264,0.0029069767441860465,0.6914285714285714,0.2827285924920106,0.3087827888189725,0.002857142857142857,0.011627906976744186,0.011428571428571429,0.017142857142857144,2.297142857142857,0.00872093023255814,0.0,0.031384467336488184,0.08436634914903716,11.470930232558139,0.0,0.0,0.15,0.08139534883720931,0,0.14272437310512792,0.2661360840550852,0.3572401135090015,0.980314892936714,0.0,0.75,0.0,0.1,0.0,0.1,0.05,0.08,0.011627906976744186,0.05,0.25
141,0.9761731742699136,0.5000366720896166,0.9740385978840493,0.5012141810721664,0.24899929058488912,0.5073389508114884,0.7034883720930233,0.28261191503696587,0.30887882907827147,0.0029069767441860465,0.6914285714285714,0.2825000210634392,0.30861136024754393,0.002857142857142857,0.005813953488372093,0.005714285714285714,0.017142857142857144,2.2942857142857145,0.00872093023255814,0.0,0.031384467336488184,0.08436634914903716,11.470930232558139,0.0,0.0,0.15,0.08139534883720931,0,0.14286789409674513,0.2648054036348098,0.3558095969531072,0.9739785136919418,0.0,0.0,0.0,0.1,0.0,0.1,0.05,0.08,0.005813953488372093,0.05,0.25
142,0.9763742917493521,0.49940199667857993,0.9742362676352689,0.5005448433053454,0.24899929058488912,0.5063486005148293,0.75,0.282379356897431,0.30887882907827147,0.0029069767441860465,0.7371428571428571,0.2822714496348678,0.30861136024754393,0.002857142857142857,0.00872093023255814,0.008571428571428572,0.017142857142857144,2.2457142857142856,0.00872093023255814,0.0,0.031384467336488184,0.08436634914903716,11.470930232558139,0.0,0.0,0.15,0.08139534883720931,0,0.1428952572512937,0.2634813766166358,0.35726483358547356,0.954498943418103,0.0,1.0,0.0,0.1,0.0,0.1,0.05,0.08,0.00872093023255814,0.05,0.25
143,0.9742015288455242,0.5000002298763725,0.9721007520955066,0.5012138601379521,0.24899929058488912,0.5058874448406608,0.7267441860465116,0.2821467987578961,0.3087044104736203,0.0029069767441860465,0.7142857142857143,0.2820428782062963,0.30843993167611533,0.002857142857142857,0.005813953488372093,0.005714285714285714,0.017142857142857144,2.282857142857143,0.005813953488372093,0.0,0.031384467336488184,0.08436634914903716,11.470930232558139,0.0,0.0,0.15,0.08139534883720931,0,0.1430379238221801,0.26216396973355255,0.3558338226280498,0.9384716419241099,0.0,0.0,0.0,0.1,0.0,0.1,0.05,0.08,0.005813953488372093,0.05,0.25
144,0.9759628391510677,0.4999585985331506,0.9738553504218006,0.5011858639714942,0.24899929058488912,0.5061508832958741,0.7142857142857143,0.2816974273317752,0.309073520389827,0.0029154518950437317,0.7,0.2819285924920106,0.30835421739040103,0.002857142857142857,0.0029154518950437317,0.002857142857142857,0.02,2.2457142857142856,0.0029154518950437317,0.002857142857142857,0.03150059248133851,0.08436634914903715,11.247813411078717,0.0,0.0,0.15,0.08163265306122448,0,0.14275130563164062,0.2608531498848848,0.35157428903263166,0.923375529639228,0.0,0.0,0.0,0.1,0.0,0.1,0.05,0.08,0.0029069767441860465,0.05,0.25
145,0.9760103557674772,0.4996834061418146,0.9739019167058819,0.5008586002554387,0.24899929058488912,0.5068782978818572,0.7463556851311953,0.28152250021807257,0.30894232505455005,0.0029154518950437317,0.7314285714285714,0.28175716392058203,0.3082256459618296,0.002857142857142857,0.0058309037900874635,0.005714285714285714,0.02,2.22,0.0058309037900874635,0.0,0.03154090002079366,0.08436634914903715,11.247813411078717,0.0,0.0,0.15,0.07871720116618076,0,0.14289469196062526,0.2595488841354604,0.35025708896626473,0.9049080190464434,0.0,1.0,0.0,0.1,0.0,0.1,0.05,0.08,0.0058309037900874635,0.05,0.25
146,0.975617866691641,0.49947562076394547,0.9735172774115622,0.5006703412385485,0.24899929058488912,0.5065352830132128,0.760932944606414,0.28140588214227086,0.3088548614976987,0.0029154518950437317,0.7457142857142857,0.28164287820629635,0.3081399316761153,0.002857142857142857,0.0029154518950437317,0.002857142857142857,0.02,2.2057142857142855,0.0029154518950437317,0.0,0.03154090002079366,0.08436634914903715,11.247813411078717,0.0,0.0,0.15,0.07871720116618076,0,0.14260878992939358,0.2582511397147831,0.3461090900440823,0.8963575226712303,0.0,0.0,0.0,0.1,0.0,0.1,0.05,0.08,0.0029154518950437317,0.05,0.25
147,0.9755586521932804,0.5000009549361186,0.973459247203169,0.5011067072983939,0.24899929058488912,0.5061505609872831,0.7376093294460642,0.2811726459906673,0.3086799343839961,0.0029154518950437317,0.7228571428571429,0.2814143067777249,0.30796850310468676,0.002857142857142857,0.008746355685131196,0.008571428571428572,0.02,2.3,0.0029154518950437317,0.0,0.03154090002079366,0.08436634914903715,11.247813411078717,0.0,0.0,0.15,0.07871720116618076,0,0.1431814602654609,0.2569598840162092,0.3477583368146292,0.8860865641730483,0.0,0.6666666666666666,0.0,0.1,0.0,0.1,0.05,0.08,0.008746355685131196,0.05,0.25
148,0.975208620875515,0.4999914378811674,0.9731162165117588,0.5011252634431739,0.24899929058488912,0.5063444387275444,0.6938775510204082,0.28088110080116296,0.3085924708271448,0.0029154518950437317,0.68,0.2811285924920106,0.30788278881897246,0.002857142857142857,0.008746355685131196,0.008571428571428572,0.02,2.32,0.0058309037900874635,0.0,0.03154090002079366,0.08436634914903715,11.247813411078717,0.0,0.0,0.15,0.07871720116618076,0,0.14354730700084536,0.2829896943188772,0.34937459864976517,0.8738587563878564,0.0,0.6666666666666666,0.0,0.1,0.0,0.1,0.05,0.08,0.008746355685131196,0.05,0.25
149,0.9746902221189314,0.49969574660609717,0.9726081857303069,0.5008522373326293,0.24899929058488912,0.505849135099375,0.7317784256559767,0.2808227917632621,0.3085924708271448,0.0029154518950437317,0.7171428571428572,0.28107144963486774,0.30788278881897246,0.002857142857142857,0.0029154518950437317,0.002857142857142857,0.02,2.4085714285714284,0.0029154518950437317,0.0,0.03154090002079366,0.08436634914903715,11.247813411078717,0.0,0.0,0.15,0.07871720116618076,0,0.14325814189441258,0.2815747458472828,0.3452442495339127,0.8563815812600992,0.0,1.0,0.0,0.1,0.0,0.1,0.05,0.08,0.0029154518950437317,0.05,0.25
150,0.9732559960611444,0.4991356781386566,0.9712026441936759,0.5002196859753814,0.24899929058488912,0.505062023912076,0.7317784256559767,0.2807061736874603,0.3085487390487191,0.0029154518950437317,0.7171428571428572,0.280957163920582,0.30783993167611534,0.002857142857142857,0.0058309037900874635,0.005714285714285714,0.02,2.5028571428571427,0.008746355685131196,0.0,0.03154090002079366,0.08436634914903715,11.247813411078717,0.0,0.0,0.15,0.07871720116618076,0,0.1433989940420834,0.2801668721180464,0.3440536502575202,0.8392539496348972,0.0,1.0,0.0,0.1,0.0,0.1,0.05,0.08,0.0058309037900874635,0.05,0.25
151,0.9739210933217193,0.49897264917898176,0.9718544395090393,0.5000979445507722,0.24899929058488912,0.5043732704309298,0.6793002915451894,0.2804729375358568,0.3083738119350165,0.0029154518950437317,0.6657142857142857,0.28072859249201065,0.3076685031046868,0.002857142857142857,0.0058309037900874635,0.005714285714285714,0.02,2.4828571428571427,0.008746355685131196,0.0,0.03154090002079366,0.08436634914903715,11.247813411078717,0.0,0.0,0.15,0.07871720116618076,0,0.14353914192901582,0.3074848934239182,0.3428868629666555,0.8508044952075584,0.0,0.0,0.0,0.1,0.0,0.1,0.05,0.08,0.0058309037900874635,0.05,0.25
152,0.9740881475178251,0.49923665065275896,0.9720181526212228,0.5001335765774885,0.24899929058488912,0.5039739407289264,0.6618075801749271,0.2802980104221542,0.3082426165997395,0.0029154518950437317,0.6485714285714286,0.28055716392058205,0.3075399316761153,0.002857142857142857,0.0058309037900874635,0.005714285714285714,0.02,2.5285714285714285,0.011661807580174927,0.0,0.03154090002079366,0.08436634914903715,11.247813411078717,0.0,0.0,0.15,0.07871720116618076,0,0.14367858907651357,0.3059474689567986,0.3417434114216081,0.8380262633531371,0.0,0.0,0.0,0.1,0.0,0.1,0.05,0.08,0.0058309037900874635,0.05,0.25
153,0.975265688924065,0.49930162827039376,0.9731721431993379,0.5002562744778569,0.24899929058488912,0.5035902048646586,0.6705539358600583,0.2801813923463524,0.3081551530428882,0.0029154518950437317,0.6571428571428571,0.2804428782062963,0.307454217390401,0.002857142857142857,0.0029154518950437317,0.002857142857142857,0.02,2.5314285714285716,0.008746355685131196,0.0,0.03154090002079366,0.08436634914903715,11.247813411078717,0.0,0.0,0.15,0.07871720116618076,0,0.14338876755970245,0.30441773161201463,0.3377656860503188,0.8212657380860744,0.0,1.0,0.0,0.1,0.0,0.1,0.05,0.08,0.0029154518950437317,0.05,0.25
154,0.9753487691749657,0.49989804572677965,0.9732535618452206,0.5007943349327411,0.24899929058488912,0.5039765985512104,0.6647230320699709,0.2800647742705507,0.3080676894860369,0.0029154518950437317,0.6514285714285715,0.2803285924920106,0.3073685031046867,0.002857142857142857,0.0058309037900874635,0.005714285714285714,0.02,2.565714285714286,0.008746355685131196,0.0,0.03154090002079366,0.08436634914903715,11.247813411078717,0.0,0.0,0.15,0.07871720116618076,0,0.14352896657904676,0.3028956429539545,0.33672465804359814,0.8195169860612175,0.0,1.0,0.0,0.1,0.0,0.1,0.05,0.08,0.0058309037900874635,0.05,0.25
155,0.9747623140825173,0.4989159822930649,0.9725895352230091,0.5001409858512114,0.24899929058488912,0.504831650144086,0.7251461988304093,0.2799106696620352,0.30804668979770844,0.0029239766081871343,0.7085714285714285,0.2802143067777249,0.3072827888189724,0.002857142857142857,0.0029239766081871343,0.002857142857142857,0.022857142857142857,2.6,0.005847953216374269,0.002857142857142857,0.03155238083454911,0.08436634914903715,11.23391812865497,0.0,0.0,0.15,0.07894736842105263,0,0.143239893174723,0.30138116473918475,0.33284730773986904,0.8272921782447664,0.0,0.0,0.0,0.1,0.0,0.1,0.05,0.08,0.0029154518950437317,0.05,0.25
156,0.9753344064885721,0.5000516659627939,0.973148551231211,0.5012698710184359,0.24899929058488912,0.5056469515981307,0.7076023391812866,0.27967675153338023,0.3079589704994628,0.0029239766081871343,0.6914285714285714,0.27998573534915344,0.3071970745332582,0.002857142857142857,0.008771929824561403,0.008571428571428572,0.022857142857142857,2.5142857142857142,0.005847953216374269,0.0,0.031560453909630304,0.08436634914903715,11.23391812865497,0.0,0.0,0.15,0.07894736842105263,0,0.14380940799456365,0.2998742589154888,0.3347617901565002,0.8360005909638687,0.0,0.6666666666666666,0.0,0.1,0.0,0.1,0.05,0.08,0.008771929824561403,0.05,0.25
157,0.9761708984279607,0.4996715183377917,0.9739659233548421,0.5009000694598111,0.24899929058488912,0.506527819116465,0.6900584795321637,0.279501312936889,0.3079119156417348,0.0029239766081871343,0.6742857142857143,0.2798143067777249,0.30715109521513534,0.002857142857142857,0.005847953216374269,0.005714285714285714,0.022857142857142857,2.5628571428571427,0.0029239766081871343,0.0,0.031560453909630304,0.08436634914903715,11.23391812865497,0.0,0.0,0.15,0.07894736842105263,0,0.14393282398991467,0.29837488762091136,0.33378084006765585,0.840352030719571,0.0,0.5,0.0,0.1,0.0,0.1,0.05,0.08,0.005847953216374269,0.05,0.25
158,0.9787342355142764,0.49999209765750885,0.976470669879185,0.5011268261393019,0.24899929058488912,0.5074689344652581,0.6695906432748538,0.2794063585464931,0.307868055992612,0.0029239766081871343,0.6542857142857142,0.2797215227733952,0.3071082380722783,0.002857142857142857,0.005847953216374269,0.005714285714285714,0.022857142857142857,2.5742857142857143,0.005847953216374269,0.0,0.031560453909630304,0.08436634914903715,11.23391812865497,0.0,0.0,0.15,0.07894736842105263,0,0.14407030272710797,0.2968830131828068,0.3328195089805885,0.8235449901051796,0.0,1.0,0.0,0.1,0.0,0.1,0.05,0.08,0.005847953216374269,0.05,0.25
159,0.9787051160001733,0.500589314066236,0.976385337647567,0.5018366499607155,0.24899929058488912,0.5079773054005096,0.6510263929618768,0.2787192726706164,0.3077675982425054,0.002932551319648094,0.6342857142857142,0.2797215227733952,0.3071082380722783,0.002857142857142857,0.0,0.0,0.025714285714285714,2.585714285714286,0.005865102639296188,0.002857142857142857,0.031580084057458144,0.08436634914903715,11.18475073313783,0.0,0.0,0.15,0.07917888563049853,0,0.1433499512134724,0.2953985981168928,0.3261631188009767,0.807074090303076,0.0,0.0,0.0,0.1,0.0,0.1,0.05,0.08,0.0,0.05,0.25
160,0.9793910636048219,0.5008121574570955,0.9770536465995243,0.502109047640186,0.24899929058488912,0.5084614558832061,0.7038123167155426,0.2787192726706164,0.3077675982425054,0.002932551319648094,0.6857142857142857,0.2797215227733952,0.3071082380722783,0.002857142857142857,0.0,0.0,0.025714285714285714,2.5114285714285716,0.002932551319648094,0.0,0.03161277116605482,0.08436634914903715,11.18475073313783,0.0,0.0,0.15,0.07917888563049853,0,0.14263320145740505,0.29392160512630827,0.3196398564249571,0.7909326084970144,0.0,0.0,0.0,0.1,0.0,0.1,0.05,0.08,0.0,0.05,0.25
161,0.9790738834900724,0.5009644499053739,0.9767446225448685,0.5021406599855878,0.24899929058488912,0.5088105884252918,0.7038123167155426,0.2787192726706164,0.3077675982425054,0.002932551319648094,0.6857142857142857,0.2797215227733952,0.3071082380722783,0.002857142857142857,0.0,0.0,0.025714285714285714,2.4257142857142857,0.002932551319648094,0.0,0.03161277116605482,0.08436634914903715,11.18475073313783,0.0,0.0,0.15,0.07917888563049853,0,0.141920035450118,0.29245199710067676,0.313247059296458,0.7751139563270741,0.0,0.0,0.0,0.1,0.0,0.1,0.05,0.08,0.0,0.05,0.25
162,0.978480380344534,0.5013263125409726,0.9761663809087866,0.5024475522325029,0.24899929058488912,0.5083995248332048,0.7214076246334311,0.27836736651225863,0.3075476568935318,0.002932551319648094,0.7028571428571428,0.27937866563053804,0.30689395235799255,0.002857142857142857,0.011730205278592375,0.011428571428571429,0.025714285714285714,2.4171428571428573,0.0,0.0,0.03161277116605482,0.08436634914903715,11.18475073313783,0.0,0.0,0.15,0.07917888563049853,0,0.14263758525502815,0.29098973711517334,0.3184106895391003,0.8742333005971954,0.0,0.5,0.0,0.1,0.0,0.1,0.05,0.08,0.011730205278592375,0.05,0.25
163,0.9779888072725847,0.5013458184916411,0.9756874482872591,0.502321689186948,0.24899929058488912,0.5068061340118545,0.7272727272727273,0.2782500644594727,0.30745968035394233,0.002932551319648094,0.7085714285714285,0.27926437991625236,0.30680823807227825,0.002857142857142857,0.002932551319648094,0.002857142857142857,0.025714285714285714,2.4085714285714284,0.0,0.0,0.03161277116605482,0.08436634914903715,11.18475073313783,0.0,0.0,0.15,0.07917888563049853,0,0.1423529687573244,0.28953478842959746,0.3148996186054611,0.8636451446609685,0.0,0.0,0.0,0.1,0.0,0.1,0.05,0.08,0.002932551319648094,0.05,0.25
164,0.9786073807817989,0.5005751640469541,0.9762901156205219,0.5016204164779914,0.24899929058488912,0.5055492960593135,0.7771260997067448,0.27819141343307974,0.30745968035394233,0.002932551319648094,0.7571428571428571,0.2792072370591095,0.30680823807227825,0.002857142857142857,0.002932551319648094,0.002857142857142857,0.025714285714285714,2.354285714285714,0.0,0.0,0.03161277116605482,0.08436634914903715,11.18475073313783,0.0,0.0,0.15,0.07917888563049853,0,0.14206977534210924,0.2880871144874495,0.31145876909049475,0.8463722417677491,0.0,1.0,0.0,0.1,0.0,0.1,0.05,0.08,0.002932551319648094,0.05,0.25
165,0.9781145175237961,0.5008328995605584,0.9758099259891536,0.5020350189866385,0.24899929058488912,0.5044663028212792,0.7947214076246334,0.27783950727472195,0.307195750735174,0.0,0.7742857142857142,0.27886437991625235,0.3065510952151354,0.0,0.008797653958944282,0.008571428571428572,0.025714285714285714,2.34,0.0,0.0,0.03161277116605482,0.08436634914903715,11.18475073313783,0.0,0.0,0.15,0.07917888563049853,0,0.14264514075111298,0.29023206342645413,0.3138010222801134,0.9411919999999999,0.0,0.0,0.0,0.1,0.0,0.1,0.05,0.08,0.008797653958944282,0.05,0.25
166,0.9783293357808652,0.5001990725654605,0.9760192203481838,0.501337370560899,0.24899929058488912,0.5044663028212792,0.7859237536656891,0.2775462521427572,0.30701979765599513,0.0,0.7657142857142857,0.27857866563053807,0.30637966664370686,0.0,0.011730205278592375,0.011428571428571429,0.025714285714285714,2.362857142857143,0.0,0.0,0.03161277116605482,0.08436634914903715,11.18475073313783,0.0,0.0,0.15,0.07917888563049853,0,0.1436462007616431,0.28878090310932186,0.3189535732630826,0.9223958477603094,0.0,0.75,0.0,0.1,0.0,0.1,0.05,0.08,0.011730205278592375,0.05,0.25
167,0.9783231114287152,0.4999570027636993,0.9760131560508031,0.5010472865603465,0.24899929058488912,0.5044663028212792,0.7448680351906158,0.2775462521427572,0.30701979765599513,0.0,0.7257142857142858,0.27857866563053807,0.30637966664370686,0.0,0.0,0.0,0.025714285714285714,2.4085714285714284,0.0,0.0,0.03161277116605482,0.08436634914903715,11.18475073313783,0.0,0.0,0.15,0.07917888563049853,0,0.14292796975783492,0.28733699859377526,0.312574501797821,0.903947930805103,0.0,0.0,0.0,0.1,0.0,0.1,0.05,0.08,0.0,0.05,0.25
168,0.9803882513771108,0.499806847506711,0.978025192400526,0.5008900372502497,0.24899929058488912,0.5044663028212792,0.7536656891495601,0.27742895008997126,0.3069758093862004,0.0,0.7342857142857143,0.2784643799162523,0.3063368095008496,0.0,0.005865102639296188,0.005714285714285714,0.025714285714285714,2.388571428571429,0.002932551319648094,0.0,0.03161277116605482,0.08436634914903715,11.18475073313783,0.0,0.0,0.15,0.07917888563049853,0,0.1430704727661886,0.28590031360080637,0.3120372974761502,0.8858689721890011,0.0,1.0,0.0,0.1,0.0,0.1,0.05,0.08,0.005865102639296188,0.05,0.25
169,0.9796849334581788,0.4999748509101803,0.9773399597995092,0.5010592846615268,0.24899929058488912,0.5044663028212792,0.7067448680351907,0.2771943459843994,0.3067998563070215,0.0,0.6885714285714286,0.2782358084876809,0.3061653809294211,0.0,0.005865102639296188,0.005714285714285714,0.025714285714285714,2.38,0.005865102639296188,0.0,0.03161277116605482,0.08436634914903715,11.18475073313783,0.0,0.0,0.15,0.07917888563049853,0,0.1432122632595005,0.28447081203280233,0.31151083724091294,0.8894949587776007,0.0,0.0,0.0,0.1,0.0,0.1,0.05,0.08,0.005865102639296188,0.05,0.25
170,0.980553980236374,0.4999505687991826,0.9781866596605509,0.5009716271723289,0.24899929058488912,0.5044663028212792,0.7067448680351907,0.2768712073643496,0.30649193841845845,0.0,0.6885714285714286,0.27792097914643243,0.3058653809294211,0.0,0.011730205278592375,0.011428571428571429,0.025714285714285714,2.4657142857142857,0.005865102639296188,0.0,0.03161277116605482,0.08436634914903715,11.18475073313783,0.0,0.0,0.15,0.07917888563049853,0,0.14421048765748873,0.28304845797263833,0.31670919192466607,0.9128078199507372,0.0,0.5,0.0,0.1,0.0,0.1,0.05,0.08,0.011730205278592375,0.05,0.25
171,0.9808248376503615,0.5000776606509477,0.9784505521696074,0.5012539118363077,0.24899929058488912,0.5044663028212792,0.6891495601173021,0.2768712073643496,0.30649193841845845,0.0,0.6714285714285714,0.27792097914643243,0.3058653809294211,0.0,0.0,0.0,0.025714285714285714,2.4314285714285715,0.005865102639296188,0.0,0.03161277116605482,0.08436634914903715,11.18475073313783,0.0,0.0,0.15,0.07917888563049853,0,0.14348943521920127,0.28163321568277516,0.31037500808617274,0.8945516635517226,0.0,0.0,0.0,0.1,0.0,0.1,0.05,0.08,0.0,0.05,0.25
172,0.9813685912927149,0.5009590407266001,0.9789803235754428,0.5020624647858746,0.24899929058488912,0.5044663028212792,0.7360703812316716,0.2768712073643496,0.30649193841845845,0.0,0.7171428571428572,0.27792097914643243,0.3058653809294211,0.0,0.0,0.0,0.025714285714285714,2.422857142857143,0.005865102639296188,0.0,0.03161277116605482,0.08436634914903715,11.18475073313783,0.0,0.0,0.15,0.07917888563049853,0,0.14277198804310526,0.2802250496043613,0.30416750792444935,0.876660630280688,0.0,0.0,0.0,0.1,0.0,0.1,0.05,0.08,0.0,0.05,0.25
173,0.9805098754271637,0.5008444343202563,0.978143688975006,0.5021494380757756,0.24899929058488912,0.5044663028212792,0.7448680351906158,0.27651930120599183,0.30631598533927956,0.0,0.7257142857142858,0.2775781220035753,0.3056939523579925,0.0,0.008797653958944282,0.008571428571428572,0.025714285714285714,2.4057142857142857,0.005865102639296188,0.0,0.03161277116605482,0.08436634914903715,11.18475073313783,0.0,0.0,0.15,0.07917888563049853,0,0.14334384238860404,0.27882392435633946,0.3066555863373889,0.861410900367888,0.0,0.6666666666666666,0.0,0.1,0.0,0.1,0.05,0.08,0.008797653958944282,0.05,0.25
174,0.9795174192375707,0.5013364461637916,0.9771767530874311,0.5027243457034579,0.24899929058488912,0.5044663028212792,0.7448680351906158,0.27646065017959887,0.3062719970694849,0.0,0.7257142857142858,0.2775209791464324,0.30565109521513534,0.0,0.002932551319648094,0.002857142857142857,0.025714285714285714,2.4171428571428573,0.005865102639296188,0.0,0.03161277116605482,0.08436634914903715,11.18475073313783,0.0,0.0,0.15,0.07917888563049853,0,0.14305569460523243,0.27742980473455775,0.303379617467784,0.8441826823605303,0.0,1.0,0.0,0.1,0.0,0.1,0.05,0.08,0.002932551319648094,0.05,0.25
175,0.9799391407033499,0.5014647135133667,0.9775876302869473,0.5026350379331017,0.24899929058488912,0.5044663028212792,0.6803519061583577,0.27622604607402707,0.306096043990306,0.0,0.6628571428571428,0.277292407717861,0.3054796666437068,0.0,0.005865102639296188,0.005714285714285714,0.025714285714285714,2.3714285714285714,0.005865102639296188,0.0,0.03161277116605482,0.08436634914903715,11.18475073313783,0.0,0.0,0.15,0.07917888563049853,0,0.14319755898934913,0.276042655710885,0.303026310832714,0.8362291172967101,0.0,0.0,0.0,0.1,0.0,0.1,0.05,0.08,0.005865102639296188,0.05,0.25
176,0.9806155223593472,0.5014004842493981,0.9782466192717906,0.5024261589427326,0.24899929058488912,0.5044663028212792,0.7243401759530792,0.27610874402124114,0.306008537726217,0.0,0.7057142857142857,0.2771781220035753,0.30539441054069444,0.0,0.002932551319648094,0.002857142857142857,0.025714285714285714,2.4371428571428573,0.008797653958944282,0.0,0.03161277116605482,0.08436634914903715,11.18475073313783,0.0,0.0,0.15,0.07917888563049853,0,0.1429101426229738,0.2746624424323305,0.2998229274732026,0.8195045349507759,0.0,1.0,0.0,0.1,0.0,0.1,0.05,0.08,0.002932551319648094,0.05,0.25
177,0.9814184721481478,0.5006731277715099,0.9790289217803076,0.5018541129574747,0.24899929058488912,0.5044663028212792,0.7624633431085044,0.27610874402124114,0.306008537726217,0.0,0.7428571428571429,0.2771781220035753,0.30539441054069444,0.0,0.0,0.0,0.025714285714285714,2.4914285714285715,0.005865102639296188,0.0,0.03161277116605482,0.08436634914903715,11.18475073313783,0.0,0.0,0.15,0.07917888563049853,0,0.14219559190985892,0.2732891302201689,0.29382646892373854,0.8031144442517604,0.0,0.0,0.0,0.1,0.0,0.1,0.05,0.08,0.0,0.05,0.25
178,0.9799621962190226,0.5008684034858555,0.9776100929465029,0.5019850342800011,0.24899929058488912,0.5044663028212792,0.7390029325513197,0.2759914419684552,0.30592056118662764,0.0,0.72,0.27706383628928954,0.3053086962549802,0.0,0.002932551319648094,0.002857142857142857,0.025714285714285714,2.56,0.002932551319648094,0.0,0.03161277116605482,0.08436634914903715,11.18475073313783,0.0,0.0,0.15,0.07917888563049853,0,0.1419131853788811,0.271922684569068,0.2908070824024066,0.8099635492720597,0.0,0.0,0.0,0.1,0.0,0.1,0.05,0.08,0.002932551319648094,0.05,0.25
179,0.9788948452805112,0.49989105545593426,0.9765701881749815,0.5009414865349648,0.24899929058488912,0.5044663028212792,0.6950146627565983,0.27593279094206224,0.30592056118662764,0.0,0.6771428571428572,0.27700669343214673,0.3053086962549802,0.0,0.002932551319648094,0.002857142857142857,0.025714285714285714,2.625714285714286,0.005865102639296188,0.0,0.03161277116605482,0.08436634914903715,11.18475073313783,0.0,0.0,0.15,0.07917888563049853,0,0.1416321908805581,0.2705630711462227,0.28784808361150127,0.7937642782866186,0.0,1.0,0.0,0.1,0.0,0.1,0.05,0.08,0.002932551319648094,0.05,0.25
180,0.978834814288301,0.49977539557012585,0.9765117008368567,0.5009201774878658,0.24899929058488912,0.5044663028212792,0.6774193548387096,0.27558088478370446,0.30565663156785927,0.0,0.66,0.2766638362892896,0.3050515533978373,0.0,0.008797653958944282,0.008571428571428572,0.025714285714285714,2.72,0.002932551319648094,0.0,0.03161277116605482,0.08436634914903715,11.18475073313783,0.0,0.0,0.15,0.07917888563049853,0,0.1422097442118696,0.26921025579049157,0.29066255051069984,0.8170728068875467,0.0,0.0,0.0,0.1,0.0,0.1,0.05,0.08,0.008797653958944282,0.05,0.25
181,0.9777779864360205,0.49883555188147954,0.9754820485579206,0.5000561093639873,0.24899929058488912,0.5044663028212792,0.6920821114369502,0.2754635827309186,0.30556865502826985,0.0,0.6742857142857143,0.27654955057500386,0.304965839112123,0.0,0.002932551319648094,0.002857142857142857,0.025714285714285714,2.777142857142857,0.008797653958944282,0.0,0.03161277116605482,0.08436634914903715,11.18475073313783,0.0,0.0,0.15,0.07917888563049853,0,0.14192726691938165,0.2678642045115391,0.28770644235762877,0.8007313507497957,0.0,1.0,0.0,0.1,0.0,0.1,0.05,0.08,0.002932551319648094,0.05,0.25
182,0.9786444859674972,0.4990667392029166,0.9763262666728737,0.5003377307431333,0.24899929058488912,0.5044663028212792,0.6744868035190615,0.2754635827309186,0.30556865502826985,0.0,0.6571428571428571,0.27654955057500386,0.304965839112123,0.0,0.0,0.0,0.025714285714285714,2.677142857142857,0.005865102639296188,0.0,0.03161277116605482,0.08436634914903715,11.18475073313783,0.0,0.0,0.15,0.07917888563049853,0,0.14121763058478473,0.2665248834889814,0.2819523135104761,0.7847167237347998,0.0,0.0,0.0,0.1,0.0,0.1,0.05,0.08,0.0,0.05,0.25
183,0.9790441684648068,0.49932831429397895,0.9767755454246385,0.5004644688078299,0.24899929058488912,0.5044663028212792,0.7029411764705882,0.2754481390144058,0.3053499042201875,0.0,0.6828571428571428,0.27654955057500386,0.304965839112123,0.0,0.0,0.0,0.02857142857142857,2.702857142857143,0.0058823529411764705,0.002857142857142857,0.03161460774445827,0.08436634914903715,11.176470588235293,0.0,0.0,0.15,0.07941176470588235,0,0.14051154243186084,0.2651922590715365,0.2763132672402666,0.7690223892601038,0.0,0.0,0.0,0.1,0.0,0.1,0.05,0.08,0.0,0.05,0.25
184,0.9793104591121505,0.5002788637577115,0.9770342277677727,0.5014410782881982,0.24899929058488912,0.5044663028212792,0.7294117647058823,0.275389315484994,0.3053499042201875,0.0,0.7085714285714285,0.276492407717861,0.304965839112123,0.0,0.0029411764705882353,0.002857142857142857,0.02857142857142857,2.7657142857142856,0.0029411764705882353,0.0,0.03161731978629457,0.08436634914903715,11.176470588235293,0.0,0.0,0.15,0.07941176470588235,0,0.14023755614827296,0.2638662977761788,0.2736441447526041,0.7536419414749017,0.0,1.0,0.0,0.1,0.0,0.1,0.05,0.08,0.0029411764705882353,0.05,0.25
185,0.9785084856708043,0.5003842813427717,0.976255167853322,0.5016428363045763,0.24899929058488912,0.5044663028212792,0.6911764705882353,0.2752716684261705,0.3052616689260698,0.0,0.6714285714285714,0.2763781220035753,0.30488012482640875,0.0,0.0029411764705882353,0.002857142857142857,0.02857142857142857,2.7542857142857144,0.0058823529411764705,0.0,0.03161731978629457,0.08436634914903715,11.176470588235293,0.0,0.0,0.15,0.07941176470588235,0,0.13996493979610303,0.26254696628729796,0.2710284047146949,0.7400064589810229,0.0,0.0,0.0,0.1,0.0,0.1,0.05,0.08,0.0029411764705882353,0.05,0.25
186,0.9782150303019912,0.501466218825827,0.9759700969236181,0.5027407665367405,0.24899929058488912,0.5044663028212792,0.7088235294117647,0.275154021367347,0.30517343363195215,0.0,0.6885714285714286,0.27626383628928963,0.30479441054069445,0.0,0.0029411764705882353,0.002857142857142857,0.02857142857142857,2.642857142857143,0.0058823529411764705,0.0,0.03161731978629457,0.08436634914903715,11.176470588235293,0.0,0.0,0.15,0.07941176470588235,0,0.13969368652569394,0.2612342314558615,0.26846497947754383,0.7409976703394159,0.0,0.0,0.0,0.1,0.0,0.1,0.05,0.08,0.0029411764705882353,0.05,0.25
187,0.9784520425370256,0.5018435133456096,0.9762003373805085,0.5030867152888047,0.24899929058488912,0.5044663028212792,0.7058823529411765,0.2750363743085234,0.30517343363195215,0.0,0.6857142857142857,0.27614955057500384,0.30479441054069445,0.0,0.0058823529411764705,0.005714285714285714,0.02857142857142857,2.64,0.0058823529411764705,0.0,0.03161731978629457,0.08436634914903715,11.176470588235293,0.0,0.0,0.15,0.07941176470588235,0,0.1398523609502083,0.2599280602985822,0.26880996560227866,0.7261777169326276,0.0,1.0,0.0,0.1,0.0,0.1,0.05,0.08,0.0058823529411764705,0.05,0.25
188,0.9781925739444347,0.5018033455822575,0.9759482821762773,0.5031001236747352,0.24899929058488912,0.5044663028212792,0.6617647058823529,0.2750363743085234,0.30517343363195215,0.0,0.6428571428571429,0.27614955057500384,0.30479441054069445,0.0,0.0,0.0,0.02857142857142857,2.585714285714286,0.0029411764705882353,0.0,0.03161731978629457,0.08436634914903715,11.176470588235293,0.0,0.0,0.15,0.07941176470588235,0,0.13915309914545726,0.2586284199970893,0.2634337662902331,0.711654162593975,0.0,0.0,0.0,0.1,0.0,0.1,0.05,0.08,0.0,0.05,0.25
189,0.9789944126616772,0.5026145657887978,0.9767272112158844,0.5037618489394408,0.24899929058488912,0.5044663028212792,0.7,0.2749187272496999,0.3050851983378345,0.0,0.68,0.27603526486071817,0.30470869625498015,0.0,0.0029411764705882353,0.002857142857142857,0.02857142857142857,2.5485714285714285,0.008823529411764706,0.0,0.03161731978629457,0.08436634914903715,11.176470588235293,0.0,0.0,0.15,0.07941176470588235,0,0.1388859050783014,0.2573352778971038,0.2610222338215713,0.7267821426807369,0.0,0.0,0.0,0.1,0.0,0.1,0.05,0.08,0.0029411764705882353,0.05,0.25
190,0.9799423310629759,0.5020023270145715,0.9776480462342886,0.5030830837863639,0.24899929058488912,0.5044663028212792,0.7029411764705882,0.2746246096026411,0.3049087277495992,0.0,0.6828571428571428,0.2757495505750039,0.30453726768355155,0.0,0.008823529411764706,0.008571428571428572,0.02857142857142857,2.462857142857143,0.0,0.0,0.03161731978629457,0.08436634914903715,11.176470588235293,0.0,0.0,0.15,0.07941176470588235,0,0.13937471206050842,0.2564283011937976,0.2643732177165684,0.7431838647543443,0.0,0.3333333333333333,0.0,0.1,0.0,0.1,0.05,0.08,0.008823529411764706,0.05,0.25
191,0.9791027195685886,0.5020408571559072,0.9768324236397411,0.503098447341381,0.24899929058488912,0.5044663028212792,0.7,0.27450696254381757,0.30482049245548154,0.0,0.68,0.2756352648607182,0.3044515533978373,0.0,0.0029411764705882353,0.002857142857142857,0.02857142857142857,2.4971428571428573,0.0058823529411764705,0.0,0.03161731978629457,0.08436634914903715,11.176470588235293,0.0,0.0,0.15,0.07941176470588235,0,0.1391064099287773,0.25514615968782856,0.26194289621937994,0.7721932854090737,0.0,0.0,0.0,0.1,0.0,0.1,0.05,0.08,0.0029411764705882353,0.05,0.25
192,0.9772493038427535,0.5015732987184662,0.9750319626489298,0.5026892228706162,0.24899929058488912,0.5044663028212792,0.7147058823529412,0.27450696254381757,0.30482049245548154,0.0,0.6942857142857143,0.2756352648607182,0.3044515533978373,0.0,0.0,0.0,0.02857142857142857,2.414285714285714,0.0029411764705882353,0.0,0.03161731978629457,0.08436634914903715,11.176470588235293,0.0,0.0,0.15,0.07941176470588235,0,0.13841087787913342,0.25387042888938943,0.25670403829499233,0.7567494197008923,0.0,0.0,0.0,0.1,0.0,0.1,0.05,0.08,0.0,0.05,0.25
193,0.9782271905342939,0.501545466243652,0.975981909720712,0.5026830901672019,0.24899929058488912,0.5044663028212792,0.7294117647058823,0.2743304919555823,0.3046881395143051,0.0,0.7085714285714285,0.2754638362892896,0.3043229819692659,0.0,0.0058823529411764705,0.005714285714285714,0.02857142857142857,2.4457142857142857,0.0058823529411764705,0.0,0.03161731978629457,0.08436634914903715,11.176470588235293,0.0,0.0,0.15,0.07941176470588235,0,0.1385759663468806,0.2526010767449425,0.2572842432433782,0.7690905014246848,0.0,0.5,0.0,0.1,0.0,0.1,0.05,0.08,0.0058823529411764705,0.05,0.25
194,0.9783133069104891,0.5016893942860208,0.9760655656290157,0.5028619869695875,0.24899929058488912,0.5044663028212792,0.7441176470588236,0.2738599037202881,0.3043351983378345,0.0,0.7228571428571429,0.27500669343214673,0.30398012482640874,0.0,0.011764705882352941,0.011428571428571429,0.02857142857142857,2.4085714285714284,0.0029411764705882353,0.0,0.03161731978629457,0.08436634914903715,11.176470588235293,0.0,0.0,0.15,0.07941176470588235,0,0.13959737222943192,0.2513380713612178,0.2635671298070821,0.8514577928115866,0.0,0.0,0.0,0.1,0.0,0.1,0.05,0.08,0.011764705882352941,0.05,0.25
195,0.978377592801378,0.501815811832569,0.9761280147801653,0.5029903483562864,0.24899929058488912,0.5044663028212792,0.7705882352941177,0.27368343313205284,0.3043351983378345,0.0,0.7485714285714286,0.2748352648607182,0.30398012482640874,0.0,0.0058823529411764705,0.005714285714285714,0.02857142857142857,2.36,0.0058823529411764705,0.0,0.03161731978629457,0.08436634914903715,11.176470588235293,0.0,0.0,0.15,0.07941176470588235,0,0.1397565282254276,0.2500813810044117,0.26401007292522616,0.834428636955355,0.0,1.0,0.0,0.1,0.0,0.1,0.05,0.08,0.0058823529411764705,0.05,0.25
196,0.9790872348851162,0.5020926888595574,0.9768173813757965,0.5033799612208046,0.24899929058488912,0.5044663028212792,0.7323529411764705,0.2735657860732293,0.3042469630437169,0.0,0.7114285714285714,0.27472097914643245,0.30389441054069444,0.0,0.0029411764705882353,0.002857142857142857,0.02857142857142857,2.222857142857143,0.0,0.0,0.03161731978629457,0.08436634914903715,11.176470588235293,0.0,0.0,0.15,0.07941176470588235,0,0.1394863170128719,0.24883097409938962,0.26158701432386444,0.8241870761780284,0.0,0.0,0.0,0.1,0.0,0.1,0.05,0.08,0.0029411764705882353,0.05,0.25
197,0.9793641984370384,0.5025969356745624,0.977086431683378,0.5039503620774899,0.24899929058488912,0.5044663028212792,0.7941176470588235,0.2733304919555823,0.3040704924554816,0.0,0.7714285714285715,0.27449240771786104,0.3037229819692659,0.0,0.0058823529411764705,0.005714285714285714,0.02857142857142857,2.2257142857142855,0.0,0.0,0.03161731978629457,0.08436634914903715,11.176470588235293,0.0,0.0,0.15,0.07941176470588235,0,0.1396460282849504,0.24758681922889267,0.2620695597516729,0.8236032042139732,0.0,0.0,0.0,0.1,0.0,0.1,0.05,0.08,0.0058823529411764705,0.05,0.25
198,0.9794704061136716,0.5017640464026738,0.9771896048549646,0.5031024307833478,0.24899929058488912,0.5044663028212792,0.7676470588235295,0.2732716684261705,0.3040704924554816,0.0,0.7457142857142857,0.2744352648607181,0.3037229819692659,0.0,0.0029411764705882353,0.002857142857142857,0.02857142857142857,2.2685714285714287,0.0,0.0,0.03161731978629457,0.08436634914903715,11.176470588235293,0.0,0.0,0.15,0.07941176470588235,0,0.13937636957209706,0.24634888513274822,0.25968531141378226,0.8071311401296938,0.0,1.0,0.0,0.1,0.0,0.1,0.05,0.08,0.0029411764705882353,0.05,0.25
199,0.9786225851565649,0.5015328038118361,0.9763660073537751,0.5029610841199538,0.24899929058488912,0.5044663028212792,0.7823529411764706,0.2730951978379352,0.30398225716136396,0.0,0.76,0.2742638362892896,0.3036372676835516,0.0,0.0058823529411764705,0.005714285714285714,0.02857142857142857,2.3114285714285714,0.0,0.0,0.03161731978629457,0.08436634914903715,11.176470588235293,0.0,0.0,0.15,0.07941176470588235,0,0.13953663058137944,0.24511714070708449,0.26020589089979235,0.854962536373126,0.0,0.5,0.0,0.1,0.0,0.1,0.05,0.08,0.0058823529411764705,0.05,0.25
200,0.9779947187826484,0.5014347937224436,0.9757560800191137,0.5027217198907736,0.24899929058488912,0.5044663028212792,0.7529411764705882,0.2730951978379352,0.30398225716136396,0.0,0.7314285714285714,0.2742638362892896,0.3036372676835516,0.0,0.0,0.0,0.02857142857142857,2.3285714285714287,0.0,0.0,0.03161731978629457,0.08436634914903715,11.176470588235293,0.0,0.0,0.15,0.07941176470588235,0,0.13883894742847255,0.24389155500354906,0.2550017730817965,0.8378632856456635,0.0,0.0,0.0,0.1,0.0,0.1,0.05,0.08,0.0,0.05,0.25
201,0.9785619157412668,0.5015173044590376,0.9763070713503427,0.5027839343296266,0.24899929058488912,0.5044663028212792,0.7382352941176471,0.2728599037202882,0.3038057865731287,0.0,0.7171428571428572,0.27403526486071816,0.303465839112123,0.0,0.0058823529411764705,0.005714285714285714,0.02857142857142857,2.322857142857143,0.0,0.0,0.03161731978629457,0.08436634914903715,11.176470588235293,0.0,0.0,0.15,0.07941176470588235,0,0.13900189554847303,0.24553034817903657,0.2556160233344463,0.8523221664453708,0.0,0.0,0.0,0.1,0.0,0.1,0.05,0.08,0.0058823529411764705,0.05,0.25
202,0.977461104677255,0.501231716439859,0.975237712031017,0.5024554110713577,0.24899929058488912,0.5044663028212792,0.7529411764705882,0.27274225666146457,0.303717551279011,0.0,0.7314285714285714,0.27392097914643243,0.3033801248264087,0.0,0.0029411764705882353,0.002857142857142857,0.02857142857142857,2.32,0.0,0.0,0.03161731978629457,0.08436634914903715,11.176470588235293,0.0,0.0,0.15,0.07941176470588235,0,0.1387354574993021,0.2512249577883162,0.2533608457249002,0.849200937052134,0.0,0.0,0.0,0.1,0.0,0.1,0.05,0.08,0.0029411764705882353,0.05,0.25
203,0.9762885439719362,0.5023742512515736,0.9740986530601358,0.5035747806050936,0.24899929058488912,0.5044663028212792,0.7147058823529412,0.27274225666146457,0.303717551279011,0.0,0.6942857142857143,0.27392097914643243,0.3033801248264087,0.0,0.0,0.0,0.02857142857142857,2.357142857142857,0.0,0.0,0.03161731978629457,0.08436634914903715,11.176470588235293,0.0,0.0,0.15,0.07941176470588235,0,0.1380417802118056,0.2499688329993746,0.24829362881040218,0.8322169183110912,0.0,0.0,0.0,0.1,0.0,0.1,0.05,0.08,0.0,0.05,0.25
204,0.9779174242810043,0.5039911653705321,0.9756809939318022,0.5050839006165471,0.24899929058488912,0.5044663028212792,0.7088235294117647,0.27274225666146457,0.303717551279011,0.0,0.6885714285714286,0.27392097914643243,0.3033801248264087,0.0,0.0,0.0,0.02857142857142857,2.3314285714285714,0.0,0.0,0.03161731978629457,0.08436634914903715,11.176470588235293,0.0,0.0,0.15,0.07941176470588235,0,0.13735157131074657,0.24871898883437774,0.24332775623419414,0.8155725799448694,0.0,0.0,0.0,0.1,0.0,0.1,0.05,0.08,0.0,0.05,0.25
205,0.9790543999356196,0.5037164567336808,0.9767854845677143,0.5049598586452431,0.24899929058488912,0.5044663028212792,0.7205882352941176,0.27262460960264107,0.30362931598489334,0.0,0.7,0.2738066934321467,0.30329441054069445,0.0,0.0029411764705882353,0.002857142857142857,0.02857142857142857,2.3085714285714287,0.0,0.0,0.03161731978629457,0.08436634914903715,11.176470588235293,0.0,0.0,0.15,0.07941176470588235,0,0.13709338488276426,0.24747539389020584,0.24131834396665308,0.8007313507497957,0.0,0.0,0.0,0.1,0.0,0.1,0.05,0.08,0.0029411764705882353,0.05,0.25
206,0.979441350805654,0.503436317743326,0.9771613796986046,0.5045350348114698,0.24899929058488912,0.5044663028212792,0.7441176470588236,0.27262460960264107,0.30362931598489334,0.0,0.7228571428571429,0.2738066934321467,0.30329441054069445,0.0,0.0,0.0,0.02857142857142857,2.277142857142857,0.0,0.0,0.03161731978629457,0.08436634914903715,11.176470588235293,0.0,0.0,0.15,0.07941176470588235,0,0.13640791795835042,0.2462380169207548,0.23649197708732003,0.7847167237347998,0.0,0.0,0.0,0.1,0.0,0.1,0.05,0.08,0.0,0.05,0.25
207,0.9778400635202421,0.5031995936566204,0.9756058434784903,0.5041828183456296,0.24899929058488912,0.5044663028212792,0.7088235294117647,0.27227166842617045,0.30336461010254046,0.0,0.6885714285714286,0.2734638362892896,0.30303726768355155,0.0,0.008823529411764706,0.008571428571428572,0.02857142857142857,2.3485714285714288,0.0,0.0,0.03161731978629457,0.08436634914903715,11.176470588235293,0.0,0.0,0.15,0.07941176470588235,0,0.13701159265427298,0.2632750187290838,0.2403335661170022,0.7788084339972691,0.0,0.0,0.0,0.1,0.0,0.1,0.05,0.08,0.008823529411764706,0.05,0.25
208,0.9789261715864771,0.5025678885706945,0.9766609198856901,0.5035482117414005,0.24899929058488912,0.5044663028212792,0.7411764705882353,0.27203637430852345,0.3031881395143052,0.0,0.72,0.2732352648607182,0.302865839112123,0.0,0.0058823529411764705,0.005714285714285714,0.02857142857142857,2.3514285714285714,0.0,0.0,0.03161731978629457,0.08436634914903715,11.176470588235293,0.0,0.0,0.15,0.07941176470588235,0,0.13718367754814445,0.26195864363543836,0.24124118050894786,0.7704911106741181,0.0,0.5,0.0,0.1,0.0,0.1,0.05,0.08,0.0058823529411764705,0.05,0.25
209,0.9789439643333551,0.5019641116005508,0.9766782042683716,0.5031170663262117,0.24899929058488912,0.5044663028212792,0.7382352941176471,0.27203637430852345,0.3031881395143052,0.0,0.7171428571428572,0.2732352648607182,0.302865839112123,0.0,0.0,0.0,0.02857142857142857,2.3285714285714287,0.0029411764705882353,0.0,0.03161731978629457,0.08436634914903715,11.176470588235293,0.0,0.0,0.15,0.07941176470588235,0,0.13649775916040374,0.26064885041726116,0.2364163568987689,0.7550812884606358,0.0,0.0,0.0,0.1,0.0,0.1,0.05,0.08,0.0,0.05,0.25
210,0.9780097155218628,0.5020427250149643,0.9757706482800644,0.5031447534514403,0.24899929058488912,0.5044663028212792,0.7264705882352941,0.27162460960264107,0.30301166892606984,0.0,0.7057142857142857,0.27283526486071813,0.30269441054069446,0.0,0.011764705882352941,0.011428571428571429,0.02857142857142857,2.3714285714285714,0.0029411764705882353,0.0,0.03161731978629457,0.08436634914903715,11.176470588235293,0.0,0.0,0.15,0.07941176470588235,0,0.13752955607888742,0.2873950059283286,0.24311660118936496,0.7754949265471098,0.0,0.5,0.0,0.1,0.0,0.1,0.05,0.08,0.011764705882352941,0.05,0.25
211,0.9789911458085074,0.5025090079081995,0.9767240377013767,0.5036428218300704,0.24899929058488912,0.5044663028212792,0.7470588235294118,0.27162460960264107,0.30301166892606984,0.0,0.7257142857142858,0.27283526486071813,0.30269441054069446,0.0,0.0,0.0,0.02857142857142857,2.394285714285714,0.0058823529411764705,0.0,0.03161731978629457,0.08436634914903715,11.176470588235293,0.0,0.0,0.15,0.07941176470588235,0,0.136841908298493,0.28595803089868693,0.23825426916557765,0.7599850280161676,0.0,0.0,0.0,0.1,0.0,0.1,0.05,0.08,0.0,0.05,0.25
212,0.9781992568945215,0.5022268251020808,0.975954774184933,0.5033283530364844,0.24899929058488912,0.5044663028212792,0.7411764705882353,0.27115402136734695,0.30265872774959923,0.0,0.72,0.2723781220035753,0.3023515533978373,0.0,0.011764705882352941,0.011428571428571429,0.02857142857142857,2.422857142857143,0.0,0.0,0.03161731978629457,0.08436634914903715,11.176470588235293,0.0,0.0,0.15,0.07941176470588235,0,0.13787198447128626,0.2883451274041195,0.24491775521083753,0.8337417519813402,0.0,0.0,0.0,0.1,0.0,0.1,0.05,0.08,0.011764705882352941,0.05,0.25
213,0.9777094967305154,0.501783564605245,0.9754790071684702,0.5028337347948635,0.24899929058488912,0.5044663028212792,0.7058823529411765,0.27091872724969995,0.30248225716136395,0.0,0.6857142857142857,0.27214955057500384,0.3021801248264087,0.0,0.0058823529411764705,0.005714285714285714,0.02857142857142857,2.462857142857143,0.0,0.0,0.03161731978629457,0.08436634914903715,11.176470588235293,0.0,0.0,0.15,0.07941176470588235,0,0.13803976740607266,0.28690340176709883,0.2457336858209065,0.851527849684187,0.0,0.0,0.0,0.1,0.0,0.1,0.05,0.08,0.0058823529411764705,0.05,0.25
214,0.9771974597054123,0.5022106050745287,0.9749815997726555,0.5031666311018687,0.24899929058488912,0.5044663028212792,0.7147058823529412,0.2708010801908764,0.3023940218672463,0.0,0.6942857142857143,0.2720352648607181,0.3020944105406944,0.0,0.0029411764705882353,0.002857142857142857,0.02857142857142857,2.4685714285714284,0.0,0.0,0.03161731978629457,0.08436634914903715,11.176470588235293,0.0,0.0,0.15,0.07941176470588235,0,0.13777813999761374,0.2926523760492196,0.24367615496163123,0.8439313142849885,0.0,0.0,0.0,0.1,0.0,0.1,0.05,0.08,0.0029411764705882353,0.05,0.25
215,0.9768712884809169,0.5022125131412614,0.9746647477260029,0.503101233391734,0.24899929058488912,0.5044663028212792,0.7558823529411764,0.27068343313205284,0.3023940218672463,0.0,0.7342857142857143,0.27192097914643243,0.3020944105406944,0.0,0.0029411764705882353,0.002857142857142857,0.02857142857142857,2.4571428571428573,0.0,0.0,0.03161731978629457,0.08436634914903715,11.176470588235293,0.0,0.0,0.15,0.07941176470588235,0,0.1375178207261971,0.29118911416897353,0.24165977471954145,0.8270526879992887,0.0,1.0,0.0,0.1,0.0,0.1,0.05,0.08,0.0029411764705882353,0.05,0.25
216,0.9773097597807313,0.5018171601606494,0.9750906912743941,0.5027717570808234,0.24899929058488912,0.5044663028212792,0.75,0.27056578607322934,0.3023057865731286,0.0,0.7285714285714285,0.27180669343214675,0.3020086962549801,0.0,0.0029411764705882353,0.002857142857142857,0.02857142857142857,2.4971428571428573,0.0029411764705882353,0.0,0.03161731978629457,0.08436634914903715,11.176470588235293,0.0,0.0,0.15,0.07941176470588235,0,0.13725880305113755,0.28973316859812864,0.23968372208229344,0.8347418082316025,0.0,0.0,0.0,0.1,0.0,0.1,0.05,0.08,0.0029411764705882353,0.05,0.25
217,0.9754146487121814,0.5021835394461222,0.9732497262363742,0.5029876643479922,0.24899929058488912,0.5044663028212792,0.7382352941176471,0.2702716684261705,0.30217343363195215,0.0,0.7171428571428572,0.2715209791464324,0.3018801248264087,0.0,0.008823529411764706,0.008571428571428572,0.02857142857142857,2.4914285714285715,0.0,0.0,0.03161731978629457,0.08436634914903715,11.176470588235293,0.0,0.0,0.15,0.07941176470588235,0,0.13785822332159614,0.28828450275513806,0.24346147621207617,0.833638573589366,0.0,0.6666666666666666,0.0,0.1,0.0,0.1,0.05,0.08,0.008823529411764706,0.05,0.25
218,0.9762986939164622,0.501335323356959,0.9741085130062467,0.5020115380643404,0.24899929058488912,0.5044663028212792,0.7382352941176471,0.27003637430852345,0.3020851983378345,0.0,0.7171428571428572,0.271292407717861,0.3017944105406944,0.0,0.0058823529411764705,0.005714285714285714,0.02857142857142857,2.5171428571428573,0.0029411764705882353,0.0,0.03161731978629457,0.08436634914903715,11.176470588235293,0.0,0.0,0.15,0.07941176470588235,0,0.13802607506213102,0.28684308024136235,0.24430653240212036,0.8211755941694363,0.0,0.5,0.0,0.1,0.0,0.1,0.05,0.08,0.0058823529411764705,0.05,0.25
219,0.9757704303932344,0.5005387475031218,0.9735953427265398,0.5012894088343948,0.24899929058488912,0.5044663028212792,0.7411764705882353,0.27003637430852345,0.3020851983378345,0.0,0.72,0.271292407717861,0.3017944105406944,0.0,0.0,0.0,0.02857142857142857,2.5428571428571427,0.0029411764705882353,0.0,0.03161731978629457,0.08436634914903715,11.176470588235293,0.0,0.0,0.15,0.07941176470588235,0,0.13733594468682034,0.28540886484015554,0.23942040175407792,0.8047520822860476,0.0,0.0,0.0,0.1,0.0,0.1,0.05,0.08,0.0,0.05,0.25
220,0.9771585236825391,0.5010179957079721,0.9749437762075788,0.5016933228887416,0.24899929058488912,0.5044663028212792,0.7294117647058823,0.2698599037202881,0.30195284539665807,0.0,0.7085714285714285,0.2711209791464324,0.301665839112123,0.0,0.0058823529411764705,0.005714285714285714,0.02857142857142857,2.56,0.0029411764705882353,0.0,0.03161731978629457,0.08436634914903715,11.176470588235293,0.0,0.0,0.15,0.07941176470588235,0,0.1375064078205291,0.303470898046294,0.24034627943328205,0.8252838726933055,0.0,0.5,0.0,0.1,0.0,0.1,0.05,0.08,0.0058823529411764705,0.05,0.25
221,0.976043017614804,0.5008010454084412,0.9738601417417789,0.501314761711279,0.24899929058488912,0.5044663028212792,0.6411764705882353,0.2697422566614646,0.3018646101025404,0.0,0.6228571428571429,0.27100669343214673,0.3015801248264087,0.0,0.0029411764705882353,0.002857142857142857,0.02857142857142857,2.565714285714286,0.0,0.0,0.03161731978629457,0.08436634914903715,11.176470588235293,0.0,0.0,0.15,0.07941176470588235,0,0.13724744720999787,0.3121786645346831,0.2383964967017593,0.820514824400482,0.0,0.0,0.0,0.1,0.0,0.1,0.05,0.08,0.0029411764705882353,0.05,0.25
222,0.9759991517878748,0.5009826805741517,0.9738175292241905,0.5015746764154715,0.24899929058488912,0.5044663028212792,0.65,0.2697422566614646,0.3018646101025404,0.0,0.6314285714285715,0.27100669343214673,0.3015801248264087,0.0,0.0,0.0,0.02857142857142857,2.5342857142857143,0.0029411764705882353,0.0,0.03161731978629457,0.08436634914903715,11.176470588235293,0.0,0.0,0.15,0.07941176470588235,0,0.1365612099739479,0.31061777121200973,0.2336285667677241,0.8041045279124722,0.0,0.0,0.0,0.1,0.0,0.1,0.05,0.08,0.0,0.05,0.25
223,0.9770194500127602,0.4999066845683109,0.9748086760712221,0.5003847428622518,0.24899929058488912,0.5044663028212792,0.7088235294117647,0.2697422566614646,0.3018646101025404,0.0,0.6885714285714286,0.27100669343214673,0.3015801248264087,0.0,0.0,0.0,0.02857142857142857,2.4828571428571427,0.0,0.0,0.03161731978629457,0.08436634914903715,11.176470588235293,0.0,0.0,0.15,0.07941176470588235,0,0.13587840392407816,0.30906468235594964,0.22895599543236964,0.7880224373542227,0.0,0.0,0.0,0.1,0.0,0.1,0.05,0.08,0.0,0.05,0.25
224,0.9769645590527074,0.49961575640594286,0.9747553534243137,0.5000337833813366,0.24899929058488912,0.5044663028212792,0.6911764705882353,0.26950696254381756,0.30177637480842273,0.0,0.6714285714285714,0.27077812200357526,0.3014944105406944,0.0,0.0058823529411764705,0.005714285714285714,0.02857142857142857,2.4828571428571427,0.0029411764705882353,0.0,0.03161731978629457,0.08436634914903715,11.176470588235293,0.0,0.0,0.15,0.07941176470588235,0,0.13605615476160063,0.3075193589441699,0.2300911612380079,0.7847167237347998,0.0,0.5,0.0,0.1,0.0,0.1,0.05,0.08,0.0058823529411764705,0.05,0.25
225,0.9770506508925233,0.499463462750549,0.9748389854972779,0.4999925594711208,0.24899929058488912,0.5044663028212792,0.7205882352941176,0.2694481390144058,0.30177637480842273,0.0,0.7,0.2707209791464324,0.3014944105406944,0.0,0.0029411764705882353,0.002857142857142857,0.02857142857142857,2.4657142857142857,0.0,0.0,0.03161731978629457,0.08436634914903715,11.176470588235293,0.0,0.0,0.15,0.07941176470588235,0,0.13580444541636402,0.30598176214944905,0.22834648087039064,0.7702699405950902,0.0,1.0,0.0,0.1,0.0,0.1,0.05,0.08,0.0029411764705882353,0.05,0.25
226,0.9775121592864173,0.500908653577626,0.9752873079370605,0.5012327439748941,0.24899929058488912,0.5044663028212792,0.6882352941176471,0.26921284489675873,0.30159990422018745,0.0,0.6685714285714286,0.270492407717861,0.3013229819692659,0.0,0.0058823529411764705,0.005714285714285714,0.02857142857142857,2.5228571428571427,0.0029411764705882353,0.0,0.03161731978629457,0.08436634914903715,11.176470588235293,0.0,0.0,0.15,0.07941176470588235,0,0.13598256604642509,0.3044518533387018,0.2294938369672685,0.7701159127983107,0.0,0.0,0.0,0.1,0.0,0.1,0.05,0.08,0.0058823529411764705,0.05,0.25
227,0.9781948278811161,0.5013130912221602,0.9759504717147679,0.5017053149381316,0.24899929058488912,0.5044663028212792,0.7058823529411765,0.26921284489675873,0.30159990422018745,0.0,0.6857142857142857,0.270492407717861,0.3013229819692659,0.0,0.0,0.0,0.02857142857142857,2.48,0.0029411764705882353,0.0,0.03161731978629457,0.08436634914903715,11.176470588235293,0.0,0.0,0.15,0.07941176470588235,0,0.13530265321619298,0.30292959407200826,0.22490396022792314,0.7547135945423445,0.0,0.0,0.0,0.1,0.0,0.1,0.05,0.08,0.0,0.05,0.25
228,0.9791164397579633,0.5003080586055116,0.976845751823705,0.5009022181083096,0.24899929058488912,0.5044663028212792,0.7058823529411765,0.26921284489675873,0.30159990422018745,0.0,0.6857142857142857,0.270492407717861,0.3013229819692659,0.0,0.0,0.0,0.02857142857142857,2.4457142857142857,0.0058823529411764705,0.0,0.03161731978629457,0.08436634914903715,11.176470588235293,0.0,0.0,0.15,0.07941176470588235,0,0.134626139950112,0.3014149461016482,0.22040588102336472,0.7396193226514977,0.0,0.0,0.0,0.1,0.0,0.1,0.05,0.08,0.0,0.05,0.25
229,0.978102330543858,0.5009509969967489,0.9758606171585742,0.501450115152853,0.24899929058488912,0.5044663028212792,0.7294117647058823,0.2689775507791116,0.3014234336319521,0.0,0.7085714285714285,0.2702638362892895,0.3011515533978373,0.0,0.0058823529411764705,0.005714285714285714,0.02857142857142857,2.474285714285714,0.0029411764705882353,0.0,0.03161731978629457,0.08436634914903715,11.176470588235293,0.0,0.0,0.15,0.07941176470588235,0,0.1348101521075043,0.29990787137114,0.22171204911718306,0.7705918227075738,0.0,0.0,0.0,0.1,0.0,0.1,0.05,0.08,0.0058823529411764705,0.05,0.25
230,0.9780909508914268,0.501470941265042,0.9758495626390697,0.5019601877824855,0.24899929058488912,0.5044663028212792,0.711764705882353,0.26868343313205284,0.3012469630437169,0.0,0.6914285714285714,0.2699781220035753,0.30098012482640873,0.0,0.008823529411764706,0.008571428571428572,0.02857142857142857,2.4257142857142857,0.0058823529411764705,0.0,0.03161731978629457,0.08436634914903715,11.176470588235293,0.0,0.0,0.15,0.07941176470588235,0,0.13542181563268105,0.2984083320142843,0.225849236706268,0.7700780745288738,0.0,0.3333333333333333,0.0,0.1,0.0,0.1,0.05,0.08,0.008823529411764706,0.05,0.25
231,0.9778471089943457,0.5014393269364147,0.9756126876533339,0.5018785250147962,0.24899929058488912,0.5044663028212792,0.7205882352941176,0.268654201864296,0.30120284539665804,0.0,0.7,0.26994972591489724,0.3009372676835516,0.0,0.0029411764705882353,0.002857142857142857,0.02857142857142857,2.382857142857143,0.008823529411764706,0.0,0.03161731978629457,0.08436634914903715,11.176470588235293,0.0,0.0,0.15,0.07941176470588235,0,0.1351732779830891,0.29691629035421285,0.22418939482928546,0.7546765130382963,0.0,1.0,0.0,0.1,0.0,0.1,0.05,0.08,0.0029411764705882353,0.05,0.25
232,0.9785359293660149,0.5011741311264085,0.9762818274429552,0.5016554239950546,0.24899929058488912,0.5044663028212792,0.711764705882353,0.2685953783348843,0.30115872774959923,0.0,0.6914285714285714,0.2698925830577544,0.30089441054069443,0.0,0.0029411764705882353,0.002857142857142857,0.02857142857142857,2.374285714285714,0.008823529411764706,0.0,0.03161731978629457,0.08436634914903715,11.176470588235293,0.0,0.0,0.15,0.07941176470588235,0,0.13492598302174505,0.2954317089024418,0.22256274978984267,0.7395829827775303,0.0,1.0,0.0,0.1,0.0,0.1,0.05,0.08,0.0029411764705882353,0.05,0.25
233,0.9799354762072088,0.5017614029695636,0.9776413872315435,0.502218328552193,0.24899929058488912,0.5044663028212792,0.7323529411764705,0.2685953783348843,0.30115872774959923,0.0,0.7114285714285714,0.2698925830577544,0.30089441054069443,0.0,0.0,0.0,0.02857142857142857,2.317142857142857,0.0058823529411764705,0.0,0.03161731978629457,0.08436634914903715,11.176470588235293,0.0,0.0,0.15,0.07941176470588235,0,0.13425135310663633,0.29395455035792956,0.21811149479404582,0.7247913231219797,0.0,0.0,0.0,0.1,0.0,0.1,0.05,0.08,0.0,0.05,0.25
234,0.9803320308143645,0.5017220848837143,0.9780266117070661,0.5022481925708853,0.24899929058488912,0.5044663028212792,0.7617647058823529,0.2685365548054725,0.30115872774959923,0.0,0.74,0.26983544020061156,0.30089441054069443,0.0,0.0029411764705882353,0.002857142857142857,0.02857142857142857,2.2857142857142856,0.0029411764705882353,0.0,0.03161731978629457,0.08436634914903715,11.176470588235293,0.0,0.0,0.15,0.07941176470588235,0,0.13400866776967457,0.2924847776061399,0.21660640775530773,0.7102954966595402,0.0,1.0,0.0,0.1,0.0,0.1,0.05,0.08,0.0029411764705882353,0.05,0.25
235,0.9807869663675862,0.5019653415073961,0.9784685491016246,0.5026472045218382,0.24899929058488912,0.5044663028212792,0.7617647058823529,0.26841890774664895,0.30107049245548156,0.0,0.74,0.26972115448632583,0.3008086962549802,0.0,0.0029411764705882353,0.002857142857142857,0.02857142857142857,2.257142857142857,0.0029411764705882353,0.0,0.03161731978629457,0.08436634914903715,11.176470588235293,0.0,0.0,0.15,0.07941176470588235,0,0.13376719585939761,0.3010295510940276,0.2151314224573444,0.7051422772132412,0.0,0.0,0.0,0.1,0.0,0.1,0.05,0.08,0.0029411764705882353,0.05,0.25
236,0.981150438426933,0.5024011328399518,0.9788216362449897,0.5031351115015589,0.24899929058488912,0.5044663028212792,0.7764705882352941,0.26841890774664895,0.30107049245548156,0.0,0.7542857142857143,0.26972115448632583,0.3008086962549802,0.0,0.0,0.0,0.02857142857142857,2.322857142857143,0.0029411764705882353,0.0,0.03161731978629457,0.08436634914903715,11.176470588235293,0.0,0.0,0.15,0.07941176470588235,0,0.13309835988010066,0.29952440333855745,0.21082879400819754,0.6910394316689764,0.0,0.0,0.0,0.1,0.0,0.1,0.05,0.08,0.0,0.05,0.25
237,0.9804285547482519,0.5030486051547699,0.9781203778142711,0.503779150888651,0.24899929058488912,0.5044663028212792,0.8117647058823529,0.26830126068782545,0.30098225716136395,0.0,0.7885714285714286,0.2696068687720401,0.3007229819692659,0.0,0.0029411764705882353,0.002857142857142857,0.02857142857142857,2.26,0.0029411764705882353,0.0,0.03161731978629457,0.08436634914903715,11.176470588235293,0.0,0.0,0.15,0.07941176470588235,0,0.13286143950927157,0.30376557996679593,0.20946936098517646,0.6835290968829204,0.0,0.0,0.0,0.1,0.0,0.1,0.05,0.08,0.0029411764705882353,0.05,0.25
238,0.980495120701054,0.502498335315862,0.9781850418827074,0.5033562175687971,0.24899929058488912,0.5044663028212792,0.7705882352941177,0.2680659665701784,0.3008057865731287,0.0,0.7485714285714286,0.2693782973434687,0.3005515533978373,0.0,0.0058823529411764705,0.005714285714285714,0.02857142857142857,2.2114285714285713,0.0029411764705882353,0.0,0.03161731978629457,0.08436634914903715,11.176470588235293,0.0,0.0,0.15,0.07941176470588235,0,0.13305427516886806,0.30224675206696194,0.2109942594797586,0.6904830130777515,0.0,0.0,0.0,0.1,0.0,0.1,0.05,0.08,0.0058823529411764705,0.05,0.25
239,0.9801543758078208,0.5026935531187064,0.9778540325578524,0.5035805736378772,0.24899929058488912,0.5044663028212792,0.7764705882352941,0.2680659665701784,0.3008057865731287,0.0,0.7542857142857143,0.2693782973434687,0.3005515533978373,0.0,0.0,0.0,0.02857142857142857,2.26,0.0,0.0,0.03161731978629457,0.08436634914903715,11.176470588235293,0.0,0.0,0.15,0.07941176470588235,0,0.13238900379302374,0.30073551830662715,0.20677437429016343,0.6766733528161964,0.0,0.0,0.0,0.1,0.0,0.1,0.05,0.08,0.0,0.05,0.25
240,0.9802674121111145,0.5029538359891561,0.9779638392524805,0.5039644443983837,0.24899929058488912,0.5044663028212792,0.7617647058823529,0.2679483195113549,0.300717551279011,0.0,0.74,0.26926401162918295,0.300465839112123,0.0,0.0029411764705882353,0.002857142857142857,0.02857142857142857,2.3085714285714287,0.0,0.0,0.03161731978629457,0.08436634914903715,11.176470588235293,0.0,0.0,0.15,0.07941176470588235,0,0.13215563020263005,0.299231840715094,0.20549602966150304,0.6683522243656551,0.0,0.0,0.0,0.1,0.0,0.1,0.05,0.08,0.0029411764705882353,0.05,0.25
241,0.9814966198924058,0.5021702526835586,0.9791579268114492,0.5032744509711253,0.24899929058488912,0.5044663028212792,0.7147058823529412,0.2679483195113549,0.300717551279011,0.0,0.6942857142857143,0.26926401162918295,0.300465839112123,0.0,0.0,0.0,0.02857142857142857,2.277142857142857,0.0,0.0,0.03161731978629457,0.08436634914903715,11.176470588235293,0.0,0.0,0.15,0.07941176470588235,0,0.13149485205161687,0.2977356815115185,0.20138610906827295,0.6549851798783419,0.0,0.0,0.0,0.1,0.0,0.1,0.05,0.08,0.0,0.05,0.25
242,0.9819943509156985,0.5026534379231417,0.9796414369483623,0.5037128264862453,0.24899929058488912,0.5044663028212792,0.7588235294117647,0.26783067245253134,0.3006293159848934,0.0,0.7371428571428571,0.2691497259148973,0.30038012482640875,0.0,0.0029411764705882353,0.002857142857142857,0.02857142857142857,2.2657142857142856,0.0,0.0,0.03161731978629457,0.08436634914903715,11.176470588235293,0.0,0.0,0.15,0.07941176470588235,0,0.1312659492199302,0.2962470031039609,0.20021552974405035,0.6631568646330266,0.0,0.0,0.0,0.1,0.0,0.1,0.05,0.08,0.0029411764705882353,0.05,0.25
243,0.9821210199667118,0.5019433140041887,0.979764486883632,0.5029373719095707,0.24899929058488912,0.5044663028212792,0.7411764705882353,0.26771302539370784,0.3006293159848934,0.0,0.72,0.26903544020061154,0.30038012482640875,0.0,0.0029411764705882353,0.002857142857142857,0.02857142857142857,2.2485714285714287,0.0,0.0,0.03161731978629457,0.08436634914903715,11.176470588235293,0.0,0.0,0.15,0.07941176470588235,0,0.13103819090240199,0.29476576808844107,0.19906836200631217,0.6498937273403661,0.0,1.0,0.0,0.1,0.0,0.1,0.05,0.08,0.0029411764705882353,0.05,0.25
244,0.9819346045296737,0.5022239552193302,0.979583397601938,0.5031588970152359,0.24899929058488912,0.5044663028212792,0.7735294117647059,0.26771302539370784,0.3006293159848934,0.0,0.7514285714285714,0.26903544020061154,0.30038012482640875,0.0,0.0,0.0,0.02857142857142857,2.2942857142857145,0.0,0.0,0.03161731978629457,0.08436634914903715,11.176470588235293,0.0,0.0,0.15,0.07941176470588235,0,0.13038299994789,0.29329193924799885,0.19508699476618593,0.6368958527935586,0.0,0.0,0.0,0.1,0.0,0.1,0.05,0.08,0.0,0.05,0.25
245,0.9831166086049259,0.5034951420536182,0.9807316301321831,0.5043798219297608,0.24899929058488912,0.5044663028212792,0.8205882352941176,0.26771302539370784,0.3006293159848934,0.0,0.7971428571428572,0.26903544020061154,0.30038012482640875,0.0,0.0,0.0,0.02857142857142857,2.282857142857143,0.0,0.0,0.03161731978629457,0.08436634914903715,11.176470588235293,0.0,0.0,0.15,0.07941176470588235,0,0.12973108494815055,0.29182547955175886,0.19118525487086221,0.6241579357376874,0.0,0.0,0.0,0.1,0.0,0.1,0.05,0.08,0.0,0.05,0.25
246,0.9839985661212729,0.5033809256767794,0.9815883888623488,0.5042662785241548,0.24899929058488912,0.5044663028212792,0.7647058823529411,0.2675953783348843,0.30054108069077573,0.0,0.7428571428571429,0.2689211544863258,0.30029441054069445,0.0,0.0029411764705882353,0.002857142857142857,0.02857142857142857,2.342857142857143,0.0029411764705882353,0.0,0.03161731978629457,0.08436634914903715,11.176470588235293,0.0,0.0,0.15,0.07941176470588235,0,0.12951100095198123,0.29443332830752733,0.19021869263058785,0.6116747770229337,0.0,0.0,0.0,0.1,0.0,0.1,0.05,0.08,0.0029411764705882353,0.05,0.25
247,0.9837938288852898,0.503107073023576,0.9813895012616796,0.5040871709280893,0.24899929058488912,0.5044663028212792,0.7764705882352941,0.2673600842172372,0.3003646101025404,0.0,0.7542857142857143,0.2686925830577544,0.30012298196926585,0.0,0.0058823529411764705,0.005714285714285714,0.02857142857142857,2.3714285714285714,0.0,0.0,0.03161731978629457,0.08436634914903715,11.176470588235293,0.0,0.0,0.15,0.07941176470588235,0,0.12972058880436418,0.29296116166598973,0.19212860449226177,0.6391611183783028,0.0,0.0,0.0,0.1,0.0,0.1,0.05,0.08,0.0058823529411764705,0.05,0.25
248,0.9821354451807319,0.5041414860246958,0.9797784999486804,0.5050670160433911,0.24899929058488912,0.5044663028212792,0.7176470588235294,0.267266439453983,0.3003646101025404,0.0,0.6971428571428572,0.26860161385916453,0.30012298196926585,0.0,0.0029411764705882353,0.002857142857142857,0.02857142857142857,2.388571428571429,0.0,0.0,0.03161731978629457,0.08436634914903715,11.176470588235293,0.0,0.0,0.15,0.07941176470588235,0,0.12950055728891377,0.29149635585765976,0.19114317525955943,0.6263778960107368,0.0,1.0,0.0,0.1,0.0,0.1,0.05,0.08,0.0029411764705882353,0.05,0.25
249,0.9823074026645375,0.5040346690611057,0.9799455443615199,0.5049392647314107,0.24899929058488912,0.5044663028212792,0.8,0.2672076159245712,0.3003646101025404,0.0,0.7771428571428571,0.26854447100202167,0.30012298196926585,0.0,0.0029411764705882353,0.002857142857142857,0.02857142857142857,2.38,0.0058823529411764705,0.0,0.03161731978629457,0.08436634914903715,11.176470588235293,0.0,0.0,0.15,0.07941176470588235,0,0.12928162593104064,0.2900388740783715,0.1901774546115111,0.6322733511124188,0.0,1.0,0.0,0.1,0.0,0.1,0.05,0.08,0.0029411764705882353,0.05,0.25
250,0.9793624760529982,0.5035596026789447,0.9770847585103105,0.5044017553538832,0.24899929058488912,0.5044663028212792,0.7411764705882353,0.2670899688657477,0.3002763748084228,0.0,0.72,0.268430185287736,0.3000372676835516,0.0,0.0029411764705882353,0.002857142857142857,0.02857142857142857,2.442857142857143,0.0,0.0,0.03161731978629457,0.08436634914903715,11.176470588235293,0.0,0.0,0.15,0.07941176470588235,0,0.12906378922995684,0.28858867970797963,0.1892310483764237,0.655489502719594,0.0,0.0,0.0,0.1,0.0,0.1,0.05,0.08,0.0029411764705882353,0.05,0.25
251,0.9786850897249272,0.5043964368901038,0.9764267260773272,0.5051846246944344,0.24899929058488912,0.5044663028212792,0.7058823529411765,0.26685467474810065,0.30009990422018745,0.0,0.6857142857142857,0.2682016138591646,0.29986583911212306,0.0,0.0058823529411764705,0.005714285714285714,0.02857142857142857,2.4257142857142857,0.0029411764705882353,0.0,0.03161731978629457,0.08436634914903715,11.176470588235293,0.0,0.0,0.15,0.07941176470588235,0,0.12927561314094993,0.28714573630943974,0.19116071312318095,0.6552361046904775,0.0,0.0,0.0,0.1,0.0,0.1,0.05,0.08,0.0058823529411764705,0.05,0.25
252,0.9799795576201004,0.5043786933122925,0.9776842091754955,0.505208837349687,0.24899929058488912,0.5044663028212792,0.6911764705882353,0.26685467474810065,0.30009990422018745,0.0,0.6714285714285714,0.2682016138591646,0.29986583911212306,0.0,0.0,0.0,0.02857142857142857,2.462857142857143,0.0,0.0,0.03161731978629457,0.08436634914903715,11.176470588235293,0.0,0.0,0.15,0.07941176470588235,0,0.1286292350752452,0.28571000762789256,0.18733749886071735,0.642131382596668,0.0,0.0,0.0,0.1,0.0,0.1,0.05,0.08,0.0,0.05,0.25
253,0.9798025625598871,0.5040467866287746,0.9775122711170025,0.5049433178692374,0.24899929058488912,0.5044663028212792,0.7205882352941176,0.26656055710104176,0.2999234336319522,0.0,0.7,0.2679158995734503,0.29969441054069446,0.0,0.008823529411764706,0.008571428571428572,0.02857142857142857,2.4828571428571427,0.0058823529411764705,0.0,0.03161731978629457,0.08436634914903715,11.176470588235293,0.0,0.0,0.15,0.07941176470588235,0,0.12927180318558323,0.28678328761190947,0.19216217745493153,0.6569707182624624,0.0,0.3333333333333333,0.0,0.1,0.0,0.1,0.05,0.08,0.008823529411764706,0.05,0.25
254,0.9795833446987136,0.5035133918376283,0.9772993166232908,0.5044758831997342,0.24899929058488912,0.5044663028212792,0.7088235294117647,0.26656055710104176,0.2999234336319522,0.0,0.6885714285714286,0.2679158995734503,0.29969441054069446,0.0,0.0,0.0,0.02857142857142857,2.5171428571428573,0.0029411764705882353,0.0,0.03161731978629457,0.08436634914903715,11.176470588235293,0.0,0.0,0.15,0.07941176470588235,0,0.12862544416965532,0.2853493711738499,0.1883189339058329,0.6438313038972131,0.0,0.0,0.0,0.1,0.0,0.1,0.05,0.08,0.0,0.05,0.25
255,0.9796194287748039,0.503996171065534,0.9773343697257787,0.5048433100260727,0.24899929058488912,0.5044663028212792,0.7588235294117647,0.26644291004221826,0.2998351983378345,0.0,0.7371428571428571,0.26780161385916457,0.29960869625498016,0.0,0.0029411764705882353,0.002857142857142857,0.02857142857142857,2.5942857142857143,0.008823529411764706,0.0,0.03161731978629457,0.08436634914903715,11.176470588235293,0.0,0.0,0.15,0.07941176470588235,0,0.12841088837737846,0.28392262431798065,0.1874096980848591,0.6459318176807257,0.0,0.0,0.0,0.1,0.0,0.1,0.05,0.08,0.0029411764705882353,0.05,0.25
256,0.9797744596244065,0.5046233477221331,0.9774849711225355,0.5054323873483285,0.24899929058488912,0.5044663028212792,0.7411764705882353,0.26643077543251914,0.2998351983378345,0.0,0.72,0.26778982595259965,0.29960869625498016,0.0,0.0029411764705882353,0.002857142857142857,0.02857142857142857,2.637142857142857,0.0029411764705882353,0.0,0.03161731978629457,0.08436634914903715,11.176470588235293,0.0,0.0,0.15,0.07941176470588235,0,0.128197405364063,0.2825030111963907,0.18651864698030476,0.6330131813271112,0.0,1.0,0.0,0.1,0.0,0.1,0.05,0.08,0.0029411764705882353,0.05,0.25
257,0.9785802140122277,0.5044519979946204,0.9763248468135618,0.5052464378475855,0.24899929058488912,0.5044663028212792,0.7029411764705882,0.26643077543251914,0.2998351983378345,0.0,0.6828571428571428,0.26778982595259965,0.29960869625498016,0.0,0.0,0.0,0.02857142857142857,2.605714285714286,0.0029411764705882353,0.0,0.03161731978629457,0.08436634914903715,11.176470588235293,0.0,0.0,0.15,0.07941176470588235,0,0.12755641833724268,0.28109049614040876,0.1827882740406987,0.620352917700569,0.0,0.0,0.0,0.1,0.0,0.1,0.05,0.08,0.0,0.05,0.25
258,0.9778495546444563,0.5052206825504393,0.9756150634277271,0.5060238807871823,0.24899929058488912,0.5044663028212792,0.7058823529411765,0.2663131283736956,0.2997469630437169,0.0,0.6857142857142857,0.26767554023831397,0.29952298196926586,0.0,0.0029411764705882353,0.002857142857142857,0.02857142857142857,2.677142857142857,0.0,0.0,0.03161731978629457,0.08436634914903715,11.176470588235293,0.0,0.0,0.15,0.07941176470588235,0,0.1273472076741279,0.2796850436597067,0.18198965141702758,0.6116525570139059,0.0,0.0,0.0,0.1,0.0,0.1,0.05,0.08,0.0029411764705882353,0.05,0.25
259,0.9792760036787865,0.5048949450260906,0.977000756775362,0.5057477833760788,0.24899929058488912,0.5044663028212792,0.7176470588235294,0.2663131283736956,0.2997469630437169,0.0,0.6971428571428572,0.26767554023831397,0.29952298196926586,0.0,0.0,0.0,0.02857142857142857,2.682857142857143,0.0,0.0,0.03161731978629457,0.08436634914903715,11.176470588235293,0.0,0.0,0.15,0.07941176470588235,0,0.12671047163575727,0.2782866184414082,0.17834985838868703,0.5994195058736277,0.0,0.0,0.0,0.1,0.0,0.1,0.05,0.08,0.0,0.05,0.25
260,0.9802284787853436,0.5063179488073649,0.977926018307446,0.5071850519551723,0.24899929058488912,0.5044663028212792,0.7235294117647059,0.2661954813148721,0.29965872774959923,0.0,0.7028571428571428,0.26756125452402824,0.2994372676835516,0.0,0.0029411764705882353,0.002857142857142857,0.02857142857142857,2.64,0.0029411764705882353,0.0,0.03161731978629457,0.08436634914903715,11.176470588235293,0.0,0.0,0.15,0.07941176470588235,0,0.12650549070614991,0.27974078321565343,0.17764000407805614,0.6172186463892039,0.0,0.0,0.0,0.1,0.0,0.1,0.05,0.08,0.0029411764705882353,0.05,0.25
261,0.9804732767070518,0.5064097039940387,0.9781638220028198,0.507189006568142,0.24899929058488912,0.5044663028212792,0.7352941176470589,0.2660778342560486,0.29965872774959923,0.0,0.7142857142857143,0.26744696880974256,0.2994372676835516,0.0,0.0029411764705882353,0.002857142857142857,0.02857142857142857,2.577142857142857,0.0,0.0,0.03161731978629457,0.08436634914903715,11.176470588235293,0.0,0.0,0.15,0.07941176470588235,0,0.1263015346811906,0.27834207929957516,0.17694434685363783,0.6048742734614199,0.0,1.0,0.0,0.1,0.0,0.1,0.05,0.08,0.0029411764705882353,0.05,0.25
262,0.9809064937055335,0.5066964731779863,0.9785846613727733,0.5074356184594732,0.24899929058488912,0.5044663028212792,0.7382352941176471,0.265960187197225,0.29957049245548156,0.0,0.7171428571428572,0.26733268309545677,0.2993515533978373,0.0,0.0029411764705882353,0.002857142857142857,0.02857142857142857,2.6685714285714286,0.0,0.0,0.03161731978629457,0.08436634914903715,11.176470588235293,0.0,0.0,0.15,0.07941176470588235,0,0.12609859843635604,0.2769503689030773,0.17626260277370795,0.6043723480184277,0.0,0.0,0.0,0.1,0.0,0.1,0.05,0.08,0.0029411764705882353,0.05,0.25
263,0.9798933615314469,0.5070646246752584,0.9776004758322321,0.5077525457699396,0.24899929058488912,0.5044663028212792,0.7176470588235294,0.265724893079578,0.2993940218672463,0.0,0.6971428571428572,0.2671041116668854,0.2991801248264087,0.0,0.0058823529411764705,0.005714285714285714,0.02857142857142857,2.6514285714285712,0.0,0.0,0.03161731978629457,0.08436634914903715,11.176470588235293,0.0,0.0,0.15,0.07941176470588235,0,0.12632524830131714,0.27556561705856186,0.17845163643251952,0.6196946759894453,0.0,0.0,0.0,0.1,0.0,0.1,0.05,0.08,0.0058823529411764705,0.05,0.25
264,0.979470146014088,0.506771690853378,0.9771893521867977,0.5073201438008241,0.24899929058488912,0.5044663028212792,0.6735294117647059,0.265724893079578,0.2993940218672463,0.0,0.6542857142857142,0.2671041116668854,0.2991801248264087,0.0,0.0,0.0,0.02857142857142857,2.6085714285714285,0.0,0.0,0.03161731978629457,0.08436634914903715,11.176470588235293,0.0,0.0,0.15,0.07941176470588235,0,0.12569362205981055,0.27418778897326906,0.1748826037038691,0.6073007824696564,0.0,0.0,0.0,0.1,0.0,0.1,0.05,0.08,0.0,0.05,0.25
265,0.9810460432480534,0.5069315749333271,0.9787202237855069,0.5073221314744835,0.24899929058488912,0.5044663028212792,0.7088235294117647,0.2655484224913427,0.2993057865731286,0.0,0.6885714285714286,0.2669326830954568,0.2990944105406944,0.0,0.0058823529411764705,0.005714285714285714,0.02857142857142857,2.665714285714286,0.0,0.0,0.03161731978629457,0.08436634914903715,11.176470588235293,0.0,0.0,0.15,0.07941176470588235,0,0.12592229680665437,0.2728168500284027,0.17709923734407745,0.6236796171752456,0.0,0.5,0.0,0.1,0.0,0.1,0.05,0.08,0.0058823529411764705,0.05,0.25
266,0.9805552963225084,0.5071977714088794,0.9782434982006917,0.5075592713710656,0.24899929058488912,0.5044663028212792,0.7264705882352941,0.2655484224913427,0.2993057865731286,0.0,0.7057142857142857,0.2669326830954568,0.2990944105406944,0.0,0.0,0.0,0.02857142857142857,2.64,0.0,0.0,0.03161731978629457,0.08436634914903715,11.176470588235293,0.0,0.0,0.15,0.07941176470588235,0,0.12529268532262108,0.2714527657782607,0.1735572525971959,0.6112060248317407,0.0,0.0,0.0,0.1,0.0,0.1,0.05,0.08,0.0,0.05,0.25
267,0.9790330149367535,0.5066482020520846,0.9767647105688158,0.5070486296264136,0.24899929058488912,0.5044663028212792,0.7088235294117647,0.26543077543251914,0.29921755127901095,0.0,0.6885714285714286,0.26681839738117114,0.29900869625498017,0.0,0.0029411764705882353,0.002857142857142857,0.02857142857142857,2.66,0.0,0.0,0.03161731978629457,0.08436634914903715,11.176470588235293,0.0,0.0,0.15,0.07941176470588235,0,0.12509479332457937,0.27009550194936943,0.1729432504023948,0.6315124043544067,0.0,0.0,0.0,0.1,0.0,0.1,0.05,0.08,0.0029411764705882353,0.05,0.25
268,0.9814234376566525,0.5073793077551813,0.9790868354967175,0.5077376507973155,0.24899929058488912,0.5044663028212792,0.7147058823529412,0.2652872481238116,0.29908519833783453,0.0,0.6942857142857143,0.2666789708527124,0.2988801248264087,0.0,0.0058823529411764705,0.005714285714285714,0.02857142857142857,2.6914285714285713,0.0,0.0,0.03161731978629457,0.08436634914903715,11.176470588235293,0.0,0.0,0.15,0.07941176470588235,0,0.12532646221509935,0.26874502443962256,0.17519867110863263,0.652194106663057,0.0,0.5,0.0,0.1,0.0,0.1,0.05,0.08,0.0058823529411764705,0.05,0.25
269,0.9813016286438229,0.5073126227950856,0.9789685067413972,0.5076855183607208,0.24899929058488912,0.5044663028212792,0.6735294117647059,0.26516960106498805,0.29899696304371687,0.0,0.6542857142857142,0.2665646851384267,0.29879441054069444,0.0,0.0029411764705882353,0.002857142857142857,0.02857142857142857,2.642857142857143,0.0,0.0,0.03161731978629457,0.08436634914903715,11.176470588235293,0.0,0.0,0.15,0.07941176470588235,0,0.12512840133259528,0.2674012993174244,0.17455184054360287,0.6457442706595631,0.0,0.0,0.0,0.1,0.0,0.1,0.05,0.08,0.0029411764705882353,0.05,0.25
270,0.9808788001552635,0.5080607255146159,0.9785577590667968,0.5085228057053549,0.24899929058488912,0.5044663028212792,0.7029411764705882,0.26516068089646455,0.29895284539665806,0.0,0.6828571428571428,0.26655601983186095,0.29875155339783727,0.0,0.0029411764705882353,0.002857142857142857,0.02857142857142857,2.68,0.0,0.0,0.03161731978629457,0.08436634914903715,11.176470588235293,0.0,0.0,0.15,0.07941176470588235,0,0.12493133075450373,0.26606429282083727,0.17391794658987364,0.6739747442091499,0.0,1.0,0.0,0.1,0.0,0.1,0.05,0.08,0.0029411764705882353,0.05,0.25
271,0.9800383582229735,0.5080043292650586,0.9777413297611435,0.5085176402279623,0.24899929058488912,0.5044663028212792,0.6794117647058824,0.26516068089646455,0.29895284539665806,0.0,0.66,0.26655601983186095,0.29875155339783727,0.0,0.0,0.0,0.02857142857142857,2.657142857142857,0.0,0.0,0.03161731978629457,0.08436634914903715,11.176470588235293,0.0,0.0,0.15,0.07941176470588235,0,0.12430667410073121,0.2647339713567331,0.17043958765807615,0.660495249324967,0.0,0.0,0.0,0.1,0.0,0.1,0.05,0.08,0.0,0.05,0.25
272,0.9807294535454489,0.507973961826749,0.9784126795029768,0.5086023175112188,0.24899929058488912,0.5044663028212792,0.6852941176470588,0.26492538677881744,0.2987763748084228,0.0,0.6657142857142857,0.2663274484032895,0.2985801248264087,0.0,0.0058823529411764705,0.005714285714285714,0.02857142857142857,2.6228571428571428,0.0,0.0,0.03161731978629457,0.08436634914903715,11.176470588235293,0.0,0.0,0.15,0.07941176470588235,0,0.12454228358737042,0.2878233171270326,0.17274508161920035,0.658621167460831,0.0,0.0,0.0,0.1,0.0,0.1,0.05,0.08,0.0058823529411764705,0.05,0.25
273,0.9795791952287112,0.5079554626147806,0.9772952857095742,0.508612450091907,0.24899929058488912,0.5044663028212792,0.6941176470588235,0.2647489161905822,0.2986881395143051,0.0,0.6742857142857143,0.2661560198318609,0.2984944105406944,0.0,0.0058823529411764705,0.005714285714285714,0.02857142857142857,2.5828571428571427,0.0,0.0,0.03161731978629457,0.08436634914903715,11.176470588235293,0.0,0.0,0.15,0.07941176470588235,0,0.12477671502657643,0.2863842005413974,0.17500446570110206,0.6853148659394978,0.0,0.5,0.0,0.1,0.0,0.1,0.05,0.08,0.0058823529411764705,0.05,0.25
274,0.9797928257364747,0.5079846103240576,0.9775028124885449,0.5086544734892184,0.24899929058488912,0.5044663028212792,0.6970588235294117,0.26451362207293516,0.2985116689260698,0.0,0.6771428571428572,0.2659274484032895,0.2983229819692658,0.0,0.0058823529411764705,0.005714285714285714,0.02857142857142857,2.5228571428571427,0.0,0.0,0.03161731978629457,0.08436634914903715,11.176470588235293,0.0,0.0,0.15,0.07941176470588235,0,0.1250099743085864,0.2849522795386904,0.17721866210136575,0.6901929409803779,0.0,0.0,0.0,0.1,0.0,0.1,0.05,0.08,0.0058823529411764705,0.05,0.25
275,0.9807362992443486,0.5077831843773759,0.9784193296104794,0.5086372996774671,0.24899929058488912,0.5044663028212792,0.7088235294117647,0.2643959750141116,0.2984234336319522,0.0,0.6885714285714286,0.2658131626890038,0.2982372676835515,0.0,0.0029411764705882353,0.002857142857142857,0.02857142857142857,2.4771428571428573,0.0,0.0,0.03161731978629457,0.08436634914903715,11.176470588235293,0.0,0.0,0.15,0.07941176470588235,0,0.12481349586561488,0.2835275181409969,0.17653143171648128,0.695159115457733,0.0,0.0,0.0,0.1,0.0,0.1,0.05,0.08,0.0029411764705882353,0.05,0.25
276,0.9830473772476553,0.5082114906048424,0.9806643768136915,0.5092013740092165,0.24899929058488912,0.5044663028212792,0.7029411764705882,0.26416068089646455,0.2982469630437169,0.0,0.6828571428571428,0.2655845912604324,0.298065839112123,0.0,0.0058823529411764705,0.005714285714285714,0.02857142857142857,2.5114285714285716,0.0058823529411764705,0.0,0.03161731978629457,0.08436634914903715,11.176470588235293,0.0,0.0,0.15,0.07941176470588235,0,0.1250465712434297,0.28605637620638374,0.17871508879643735,0.754176746034919,0.0,0.0,0.0,0.1,0.0,0.1,0.05,0.08,0.0058823529411764705,0.05,0.25
277,0.9815590135139749,0.509209296067501,0.9792185377581164,0.5101263142168168,0.24899929058488912,0.5044663028212792,0.7588235294117647,0.2641238073958712,0.2982469630437169,0.0,0.7371428571428571,0.2655487712884274,0.298065839112123,0.0,0.0029411764705882353,0.002857142857142857,0.02857142857142857,2.5485714285714285,0.0058823529411764705,0.0,0.03161731978629457,0.08436634914903715,11.176470588235293,0.0,0.0,0.15,0.07941176470588235,0,0.12484990981578396,0.28462609432535185,0.17799792987765145,0.7446407953221087,0.0,1.0,0.0,0.1,0.0,0.1,0.05,0.08,0.0029411764705882353,0.05,0.25
278,0.9815096962993636,0.50935819385764,0.9791706296067797,0.5101068743908048,0.24899929058488912,0.5044663028212792,0.7764705882352941,0.2638296897488123,0.29802637480842276,0.0,0.7542857142857143,0.26526305700271313,0.29785155339783725,0.0,0.008823529411764706,0.008571428571428572,0.02857142857142857,2.6142857142857143,0.0058823529411764705,0.0,0.03161731978629457,0.08436634914903715,11.176470588235293,0.0,0.0,0.15,0.07941176470588235,0,0.1255113745524193,0.28326668129669774,0.183009399851527,0.7395884429164172,0.0,0.3333333333333333,0.0,0.1,0.0,0.1,0.05,0.08,0.008823529411764706,0.05,0.25
279,0.9804666702880339,0.510238680858867,0.9781574043386309,0.5109922211399315,0.24899929058488912,0.5044663028212792,0.7705882352941177,0.2638296897488123,0.29802637480842276,0.0,0.7485714285714286,0.26526305700271313,0.29785155339783725,0.0,0.0,0.0,0.02857142857142857,2.5714285714285716,0.0029411764705882353,0.0,0.03161731978629457,0.08436634914903715,11.176470588235293,0.0,0.0,0.15,0.07941176470588235,0,0.12488381767965721,0.2818503478902143,0.17934921185449645,0.7247966740580889,0.0,0.0,0.0,0.1,0.0,0.1,0.05,0.08,0.0,0.05,0.25
280,0.9800562040280641,0.5114369160991454,0.9777586656860886,0.5122185057201419,0.24899929058488912,0.5044663028212792,0.75,0.26359439563116527,0.2978499042201875,0.0,0.7285714285714285,0.2650344855741417,0.2976801248264087,0.0,0.0058823529411764705,0.005714285714285714,0.02857142857142857,2.5914285714285716,0.0,0.0,0.03161731978629457,0.08436634914903715,11.176470588235293,0.0,0.0,0.15,0.07941176470588235,0,0.12511654144840179,0.28044109615076324,0.18147651333169224,0.7388862395177048,0.0,0.0,0.0,0.1,0.0,0.1,0.05,0.08,0.0058823529411764705,0.05,0.25
281,0.9786284825846971,0.5115243758343732,0.9763717362839608,0.5123482715349034,0.24899929058488912,0.5044663028212792,0.7411764705882353,0.26359439563116527,0.2978499042201875,0.0,0.72,0.2650344855741417,0.2976801248264087,0.0,0.0,0.0,0.02857142857142857,2.5942857142857143,0.0,0.0,0.03161731978629457,0.08436634914903715,11.176470588235293,0.0,0.0,0.15,0.07941176470588235,0,0.12449095874115979,0.2790388906700094,0.1778469830650584,0.7241085147273507,0.0,0.0,0.0,0.1,0.0,0.1,0.05,0.08,0.0,0.05,0.25
282,0.9809502568996239,0.5120912407105336,0.9786271741898899,0.5128877786547905,0.24899929058488912,0.5044663028212792,0.7558823529411764,0.26347674857234177,0.2977616689260698,0.0,0.7342857142857143,0.264920199859856,0.2975944105406944,0.0,0.0029411764705882353,0.002857142857142857,0.02857142857142857,2.6028571428571428,0.0,0.0,0.03161731978629457,0.08436634914903715,11.176470588235293,0.0,0.0,0.15,0.07941176470588235,0,0.12429707537602541,0.27764369621665935,0.17714718626090006,0.7138936821457101,0.0,0.0,0.0,0.1,0.0,0.1,0.05,0.08,0.0029411764705882353,0.05,0.25
283,0.9806412731516635,0.511808467081577,0.9783270185490137,0.5127305235632162,0.24899929058488912,0.5044663028212792,0.7,0.26347674857234177,0.2977616689260698,0.0,0.68,0.264920199859856,0.2975944105406944,0.0,0.0,0.0,0.02857142857142857,2.617142857142857,0.0,0.0,0.03161731978629457,0.08436634914903715,11.176470588235293,0.0,0.0,0.15,0.07941176470588235,0,0.12367558999914528,0.27625547773557607,0.17360424253568207,0.6996158085027959,0.0,0.0,0.0,0.1,0.0,0.1,0.05,0.08,0.0,0.05,0.25
284,0.9788708149755136,0.5114977685112846,0.9766071448921824,0.5125669934024376,0.24899929058488912,0.5044663028212792,0.7058823529411765,0.26312380739587116,0.29749696304371687,0.0,0.6857142857142857,0.2645773427169988,0.29733726768355156,0.0,0.008823529411764706,0.008571428571428572,0.02857142857142857,2.657142857142857,0.0,0.0,0.03161731978629457,0.08436634914903715,11.176470588235293,0.0,0.0,0.15,0.07941176470588235,0,0.12434292633486385,0.27604380952217905,0.178703586256397,0.7113379164935283,0.0,0.0,0.0,0.1,0.0,0.1,0.05,0.08,0.008823529411764706,0.05,0.25
285,0.979569400134623,0.5116930002108416,0.9772857704753174,0.5128850881529976,0.24899929058488912,0.5044663028212792,0.7147058823529412,0.26312380739587116,0.29749696304371687,0.0,0.6942857142857143,0.2645773427169988,0.29733726768355156,0.0,0.0,0.0,0.02857142857142857,2.6742857142857144,0.0,0.0,0.03161731978629457,0.08436634914903715,11.176470588235293,0.0,0.0,0.15,0.07941176470588235,0,0.12372121170318955,0.2746635904745681,0.17512951453126907,0.6971111581636577,0.0,0.0,0.0,0.1,0.0,0.1,0.05,0.08,0.0,0.05,0.25
286,0.9802106035792613,0.511092369010519,0.9779086538215375,0.5123015813893035,0.24899929058488912,0.5044663028212792,0.6852941176470588,0.26312380739587116,0.29749696304371687,0.0,0.6657142857142857,0.2645773427169988,0.29733726768355156,0.0,0.0,0.0,0.02857142857142857,2.6314285714285712,0.0,0.0,0.03161731978629457,0.08436634914903715,11.176470588235293,0.0,0.0,0.15,0.07941176470588235,0,0.12310260564467358,0.27329027252219534,0.17162692424064369,0.6831689350003846,0.0,0.0,0.0,0.1,0.0,0.1,0.05,0.08,0.0,0.05,0.25
287,0.979768477973829,0.5101894970868955,0.9774791603762606,0.5114250349729795,0.24899929058488912,0.5044663028212792,0.7382352941176471,0.26306498386645943,0.29745284539665806,0.0,0.7171428571428572,0.264520199859856,0.29729441054069444,0.0,0.0029411764705882353,0.002857142857142857,0.02857142857142857,2.565714285714286,0.0,0.0,0.03161731978629457,0.08436634914903715,11.176470588235293,0.0,0.0,0.15,0.07941176470588235,0,0.12291566404502163,0.27192382115958436,0.17105152861297365,0.687438968572828,0.0,1.0,0.0,0.1,0.0,0.1,0.05,0.08,0.0029411764705882353,0.05,0.25
288,0.9801211848740454,0.5095850691106708,0.9778217899364707,0.5107713864988725,0.24899929058488912,0.5044663028212792,0.7147058823529412,0.26306498386645943,0.29745284539665806,0.0,0.6942857142857143,0.264520199859856,0.29729441054069444,0.0,0.0,0.0,0.02857142857142857,2.5514285714285716,0.0,0.0,0.03161731978629457,0.08436634914903715,11.176470588235293,0.0,0.0,0.15,0.07941176470588235,0,0.12230108572479653,0.2705642020537864,0.16763049804071417,0.6736901892013715,0.0,0.0,0.0,0.1,0.0,0.1,0.05,0.08,0.0,0.05,0.25
289,0.9794111717657179,0.5098854687536583,0.9771320629169525,0.5109378289567978,0.24899929058488912,0.5044663028212792,0.7441176470588236,0.26306498386645943,0.29745284539665806,0.0,0.7228571428571429,0.264520199859856,0.29729441054069444,0.0,0.0,0.0,0.02857142857142857,2.5142857142857142,0.0,0.0,0.03161731978629457,0.08436634914903715,11.176470588235293,0.0,0.0,0.15,0.07941176470588235,0,0.12168958029617256,0.26921138104351744,0.1642778880798999,0.660216385417344,0.0,0.0,0.0,0.1,0.0,0.1,0.05,0.08,0.0,0.05,0.25
290,0.9807011848755866,0.5095683313602191,0.9783852185093963,0.5107365609901855,0.24899929058488912,0.5044663028212792,0.7352941176470589,0.26306498386645943,0.29745284539665806,0.0,0.7142857142857143,0.264520199859856,0.29729441054069444,0.0,0.0,0.0,0.02857142857142857,2.505714285714286,0.0029411764705882353,0.0,0.03161731978629457,0.08436634914903715,11.176470588235293,0.0,0.0,0.15,0.07941176470588235,0,0.1210811323946917,0.2678653241382999,0.1609923303183019,0.6470120577089971,0.0,0.0,0.0,0.1,0.0,0.1,0.05,0.08,0.0,0.05,0.25
291,0.9805060652346831,0.5092064165089882,0.9781956737153757,0.5103664598368829,0.24899929058488912,0.5044663028212792,0.7323529411764705,0.2629473368076359,0.2973646101025404,0.0,0.7114285714285714,0.26440591414557024,0.29720869625498014,0.0,0.0029411764705882353,0.002857142857142857,0.02857142857142857,2.505714285714286,0.0029411764705882353,0.0,0.03161731978629457,0.08436634914903715,11.176470588235293,0.0,0.0,0.15,0.07941176470588235,0,0.12090429816128964,0.26652599751760836,0.1606296265690787,0.6340718165548171,0.0,0.0,0.0,0.1,0.0,0.1,0.05,0.08,0.0029411764705882353,0.05,0.25
292,0.9812117133755591,0.5086794425312822,0.9788811604807983,0.509989775886261,0.24899929058488912,0.5044663028212792,0.7911764705882353,0.2627120426899888,0.2971881395143051,0.0,0.7685714285714286,0.26417734271699883,0.2970372676835516,0.0,0.008823529411764706,0.008571428571428572,0.02857142857142857,2.5685714285714285,0.0029411764705882353,0.0,0.03161731978629457,0.08436634914903715,11.176470588235293,0.0,0.0,0.15,0.07941176470588235,0,0.12158549095619747,0.2651933675300203,0.16598846260912567,0.6315980163822796,0.0,0.6666666666666666,0.0,0.1,0.0,0.1,0.05,0.08,0.008823529411764706,0.05,0.25
293,0.981660947452421,0.5085651312085551,0.9793175592983214,0.5098396672086313,0.24899929058488912,0.5044663028212792,0.7470588235294118,0.2627120426899888,0.2971881395143051,0.0,0.7257142857142858,0.26417734271699883,0.2970372676835516,0.0,0.0,0.0,0.02857142857142857,2.637142857142857,0.0058823529411764705,0.0,0.03161731978629457,0.08436634914903715,11.176470588235293,0.0,0.0,0.15,0.07941176470588235,0,0.12097756350141649,0.2638674006923702,0.16266869335694317,0.6189660560546341,0.0,0.0,0.0,0.1,0.0,0.1,0.05,0.08,0.0,0.05,0.25
294,0.9818210902111265,0.5082336336374073,0.9794731265496351,0.5094899616980819,0.24899929058488912,0.5044663028212792,0.7382352941176471,0.2626532191605771,0.2971440218672463,0.0,0.7171428571428572,0.26412019985985596,0.29699441054069436,0.0,0.0029411764705882353,0.002857142857142857,0.02857142857142857,2.677142857142857,0.0058823529411764705,0.0,0.03161731978629457,0.08436634914903715,11.176470588235293,0.0,0.0,0.15,0.07941176470588235,0,0.12080124711248086,0.2625480636889083,0.16227246234694717,0.6065867349335413,0.0,1.0,0.0,0.1,0.0,0.1,0.05,0.08,0.0029411764705882353,0.05,0.25
295,0.9825543058335134,0.5084853150056037,0.9802297341287606,0.5096923638544123,0.24899929058488912,0.5044663028212792,0.7551622418879056,0.2626377021618008,0.2961428724924837,0.0,0.7314285714285714,0.26389162843128455,0.2968229819692659,0.0,0.0058997050147492625,0.005714285714285714,0.03142857142857143,2.6142857142857143,0.0029498525073746312,0.002857142857142857,0.031601525474351785,0.08436634914903716,11.179941002949853,0.0,0.0,0.15,0.07964601769911504,0,0.1210543837340613,0.2612353233704638,0.16474129881429392,0.6245375430716084,0.0,0.0,0.0,0.1,0.0,0.1,0.05,0.08,0.0058823529411764705,0.05,0.25
296,0.9826238514693095,0.5087382594954657,0.9802970940445743,0.5098922729403551,0.24899929058488912,0.5044663028212792,0.7522123893805309,0.2625197080615059,0.2960543769172625,0.0,0.7285714285714285,0.2637773427169988,0.29673726768355163,0.0,0.0058997050147492625,0.005714285714285714,0.03142857142857143,2.665714285714286,0.0,0.0,0.031613080918963754,0.08436634914903716,11.179941002949853,0.0,0.0,0.15,0.07964601769911504,0,0.12130625467253384,0.2599291467536115,0.1671607585522938,0.6120467922101762,0.0,1.0,0.0,0.1,0.0,0.1,0.05,0.08,0.0058997050147492625,0.05,0.25
297,0.9831885904667864,0.5093127417192637,0.9808440841021308,0.5104292519076927,0.24899929058488912,0.5044663028212792,0.6578171091445427,0.2625197080615059,0.2960543769172625,0.0,0.6371428571428571,0.2637773427169988,0.29673726768355163,0.0,0.0,0.0,0.03142857142857143,2.702857142857143,0.0,0.0,0.031613080918963754,0.08436634914903716,11.179941002949853,0.0,0.0,0.15,0.07964601769911504,0,0.12069972339917119,0.25862950101984344,0.16381754338124788,0.5998058563659726,0.0,0.0,0.0,0.1,0.0,0.1,0.05,0.08,0.0,0.05,0.25
298,0.982857247135656,0.5087823958378477,0.98052315441855,0.5099575616856196,0.24899929058488912,0.5044663028212792,0.7050147492625368,0.26240171396121087,0.2959658813420412,0.0,0.6828571428571428,0.26366305700271314,0.29665155339783733,0.0,0.0029498525073746312,0.002857142857142857,0.03142857142857143,2.72,0.0,0.0,0.031613080918963754,0.08436634914903716,11.179941002949853,0.0,0.0,0.15,0.07964601769911504,0,0.12052479621074676,0.2573363535147442,0.16339833537076578,0.5921669903554296,0.0,0.0,0.0,0.1,0.0,0.1,0.05,0.08,0.0029498525073746312,0.05,0.25
299,0.9812817300156469,0.5086211601913105,0.9789971535508841,0.509841551592209,0.24899929058488912,0.5044663028212792,0.6637168141592921,0.26228371986091586,0.29587738576682,0.0,0.6428571428571429,0.26354877128842735,0.29656583911212303,0.0,0.0029498525073746312,0.002857142857142857,0.03142857142857143,2.7114285714285713,0.0,0.0,0.031613080918963754,0.08436634914903716,11.179941002949853,0.0,0.0,0.15,0.07964601769911504,0,0.12035074365826444,0.25604967174717047,0.16298751152049332,0.5887421402519403,0.0,0.0,0.0,0.1,0.0,0.1,0.05,0.08,0.0029498525073746312,0.05,0.25
300,0.9811443423179602,0.508109719069909,0.9788640837522676,0.5094802555525234,0.24899929058488912,0.5044663028212792,0.7079646017699115,0.2619887346101784,0.29570039461637754,0.0,0.6857142857142857,0.2632630570027131,0.29639441054069443,0.0,0.011799410029498525,0.011428571428571429,0.03142857142857143,2.702857142857143,0.0,0.0,0.031613080918963754,0.08436634914903716,11.179941002949853,0.0,0.0,0.15,0.07964601769911504,0,0.12146327565425884,0.2547694233884346,0.17115633271865488,0.5769672974469015,0.0,1.0,0.0,0.1,0.0,0.1,0.05,0.08,0.011799410029498525,0.05,0.25
301,0.9797308993235337,0.5082812180994027,0.9774950632519517,0.5096495593249579,0.24899929058488912,0.5044663028212792,0.6460176991150443,0.2619887346101784,0.29570039461637754,0.0,0.6257142857142857,0.2632630570027131,0.29639441054069443,0.0,0.0,0.0,0.03142857142857143,2.6914285714285713,0.0,0.0,0.031613080918963754,0.08436634914903716,11.179941002949853,0.0,0.0,0.15,0.07964601769911504,0,0.12085595927598754,0.25349557627149244,0.1677332060642818,0.5654279514979633,0.0,0.0,0.0,0.1,0.0,0.1,0.05,0.08,0.0,0.05,0.25
302,0.9806586116891025,0.5083144716268215,0.978393618943174,0.5096392537018483,0.24899929058488912,0.5044663028212792,0.6548672566371682,0.26163475230929345,0.2954349078907138,0.0,0.6342857142857142,0.262920199859856,0.2961372676835516,0.0,0.008849557522123894,0.008571428571428572,0.03142857142857143,2.717142857142857,0.0,0.0,0.031613080918963754,0.08436634914903716,11.179941002949853,0.0,0.0,0.15,0.07964601769911504,0,0.12153739376532188,0.25222809839013494,0.17294997051442473,0.5687859633873074,0.0,0.0,0.0,0.1,0.0,0.1,0.05,0.08,0.008849557522123894,0.05,0.25
303,0.9810664839167449,0.5078877543736499,0.978788672329376,0.5093329580125706,0.24899929058488912,0.5044663028212792,0.696165191740413,0.2615167582089985,0.2953464123154925,0.0,0.6742857142857143,0.26280591414557025,0.2960515533978373,0.0,0.0029498525073746312,0.002857142857142857,0.03142857142857143,2.737142857142857,0.0,0.0,0.031613080918963754,0.08436634914903716,11.179941002949853,0.0,0.0,0.15,0.07964601769911504,0,0.12135827822506672,0.25512540686124663,0.17234811396127908,0.5648949299794848,0.0,0.0,0.0,0.1,0.0,0.1,0.05,0.08,0.0029498525073746312,0.05,0.25
304,0.9783775759607598,0.5074484083578136,0.9761842729091504,0.508783850585902,0.24899929058488912,0.5044663028212792,0.7197640117994101,0.2615167582089985,0.2953464123154925,0.0,0.6971428571428572,0.26280591414557025,0.2960515533978373,0.0,0.0,0.0,0.03142857142857143,2.74,0.0058997050147492625,0.0,0.031613080918963754,0.08436634914903716,11.179941002949853,0.0,0.0,0.15,0.07964601769911504,0,0.12075148683394137,0.2538497798269404,0.1689011516820535,0.553597031379895,0.0,0.0,0.0,0.1,0.0,0.1,0.05,0.08,0.0,0.05,0.25
305,0.979403233027798,0.5071736615920397,0.9771776950397962,0.5086323365590183,0.24899929058488912,0.5044663028212792,0.7109144542772862,0.2615167582089985,0.2953464123154925,0.0,0.6885714285714286,0.26280591414557025,0.2960515533978373,0.0,0.0,0.0,0.03142857142857143,2.7714285714285714,0.0,0.0,0.031613080918963754,0.08436634914903716,11.179941002949853,0.0,0.0,0.15,0.07964601769911504,0,0.12014772939977166,0.2525805309278057,0.1655231286484124,0.5425250907522972,0.0,0.0,0.0,0.1,0.0,0.1,0.05,0.08,0.0,0.05,0.25
306,0.9786246159398116,0.507701911623327,0.9764235487745749,0.5092500177642723,0.24899929058488912,0.5044663028212792,0.7168141592920354,0.2613987641087035,0.29525791674027135,0.0,0.6942857142857143,0.2626916284312845,0.295965839112123,0.0,0.0029498525073746312,0.002857142857142857,0.03142857142857143,2.6685714285714286,0.0,0.0,0.031613080918963754,0.08436634914903716,11.179941002949853,0.0,0.0,0.15,0.07964601769911504,0,0.11997556218134423,0.25131762827316667,0.16506980893258705,0.5356656016335533,0.0,0.0,0.0,0.1,0.0,0.1,0.05,0.08,0.0029498525073746312,0.05,0.25
307,0.9797732921971759,0.5079992544406097,0.9775361237781366,0.5095003481048511,0.24899929058488912,0.5044663028212792,0.7050147492625368,0.26128077000840855,0.2951694211650501,0.0,0.6828571428571428,0.2625773427169988,0.29588012482640874,0.0,0.0029498525073746312,0.002857142857142857,0.03142857142857143,2.611428571428571,0.0058997050147492625,0.0,0.031613080918963754,0.08436634914903716,11.179941002949853,0.0,0.0,0.15,0.07964601769911504,0,0.11980425579900894,0.25006104013180086,0.16462555561107817,0.5362634310370844,0.0,0.0,0.0,0.1,0.0,0.1,0.05,0.08,0.0029498525073746312,0.05,0.25
308,0.9810659958322807,0.5093951260384664,0.9787881995847095,0.5108174111278191,0.24899929058488912,0.5044663028212792,0.7227138643067846,0.26110377885796604,0.29503667780221826,0.0,0.7,0.26240591414557024,0.29575155339783726,0.0,0.0058997050147492625,0.005714285714285714,0.03142857142857143,2.6085714285714285,0.0058997050147492625,0.0,0.031613080918963754,0.08436634914903716,11.179941002949853,0.0,0.0,0.15,0.07964601769911504,0,0.12006237737715675,0.2535704291469025,0.16704733021314228,0.5255381624163427,0.0,0.5,0.0,0.1,0.0,0.1,0.05,0.08,0.0058997050147492625,0.05,0.25
309,0.9796139741470028,0.5086306985644673,0.9773818128666831,0.5099266554869352,0.24899929058488912,0.5044663028212792,0.7138643067846607,0.26092678770752353,0.2949039344393864,0.0,0.6914285714285714,0.2622344855741417,0.29562298196926584,0.0,0.0058997050147492625,0.005714285714285714,0.03142857142857143,2.611428571428571,0.0029498525073746312,0.0,0.031613080918963754,0.08436634914903716,11.179941002949853,0.0,0.0,0.15,0.07964601769911504,0,0.12031920834741383,0.2586089228861859,0.16942066932316513,0.5301196878332427,0.0,0.5,0.0,0.1,0.0,0.1,0.05,0.08,0.0058997050147492625,0.05,0.25
310,0.9782994315498452,0.5086263286203442,0.976108584465436,0.5099861763314761,0.24899929058488912,0.5044663028212792,0.7551622418879056,0.26080879360722853,0.2948154388641651,0.0,0.7314285714285714,0.262120199859856,0.29553726768355154,0.0,0.0029498525073746312,0.002857142857142857,0.03142857142857143,2.5742857142857143,0.0058997050147492625,0.0,0.031613080918963754,0.08436634914903716,11.179941002949853,0.0,0.0,0.15,0.07964601769911504,0,0.12014618373424818,0.257315878271755,0.1688893987938447,0.5242549018796638,0.0,0.0,0.0,0.1,0.0,0.1,0.05,0.08,0.0029498525073746312,0.05,0.25
311,0.9787534133603801,0.5088161639267166,0.9765482982762113,0.5101656742233622,0.24899929058488912,0.5044663028212792,0.7168141592920354,0.2606318024567861,0.2947269432889439,0.0,0.6942857142857143,0.2619487712884274,0.2954515533978373,0.0,0.0058997050147492625,0.005714285714285714,0.03142857142857143,2.64,0.011799410029498525,0.0,0.031613080918963754,0.08436634914903716,11.179941002949853,0.0,0.0,0.15,0.07964601769911504,0,0.1204025956727198,0.2560292988803962,0.1712258965322535,0.5348048434513731,0.0,0.5,0.0,0.1,0.0,0.1,0.05,0.08,0.0058997050147492625,0.05,0.25
312,0.9791415549009009,0.5088782423938022,0.9768755923670065,0.5102099903043209,0.24899929058488912,0.5044663028212792,0.7455621301775148,0.2603892567496753,0.2948659862458955,0.0,0.72,0.26172019985985595,0.2952801248264087,0.0,0.005917159763313609,0.005714285714285714,0.03428571428571429,2.6142857142857143,0.005917159763313609,0.002857142857142857,0.03160491939475485,0.08436634914903716,11.177514792899409,0.0,0.0,0.15,0.07988165680473373,0,0.12065772555149906,0.2547491523859942,0.17351566431589413,0.5469267985945243,0.0,0.0,0.0,0.1,0.0,0.1,0.05,0.08,0.0058997050147492625,0.05,0.25
313,0.9792517742347703,0.5086939759673126,0.9769820327522861,0.5101612295505351,0.24899929058488912,0.5044663028212792,0.727810650887574,0.2603892567496753,0.2948659862458955,0.0,0.7028571428571428,0.26172019985985595,0.2952801248264087,0.0,0.0,0.0,0.03428571428571429,2.5342857142857143,0.008875739644970414,0.0,0.031611974193665016,0.08436634914903716,11.177514792899409,0.0,0.0,0.15,0.07988165680473373,0,0.12005443692374156,0.25347540662406426,0.17004535102957627,0.5359882626226338,0.0,0.0,0.0,0.1,0.0,0.1,0.05,0.08,0.0,0.05,0.25
314,0.9802051246200575,0.5086470613781094,0.977902696838649,0.5102198265003812,0.24899929058488912,0.5044663028212792,0.6893491124260355,0.26015257035914274,0.2946884714529961,0.0,0.6657142857142857,0.26149162843128454,0.2951086962549801,0.0,0.005917159763313609,0.005714285714285714,0.03428571428571429,2.4485714285714284,0.005917159763313609,0.0,0.031611974193665016,0.08436634914903716,11.177514792899409,0.0,0.0,0.15,0.07988165680473373,0,0.1203113075962657,0.2574620852235519,0.17235872972327043,0.552423918017849,0.0,0.0,0.0,0.1,0.0,0.1,0.05,0.08,0.005917159763313609,0.05,0.25
315,0.9800821872310971,0.5088853892788184,0.9777839744458817,0.5104373178701838,0.24899929058488912,0.5044663028212792,0.7159763313609467,0.26015257035914274,0.2946884714529961,0.0,0.6914285714285714,0.26149162843128454,0.2951086962549801,0.0,0.0,0.0,0.03428571428571429,2.4571428571428573,0.0029585798816568047,0.0,0.031611974193665016,0.08436634914903716,11.177514792899409,0.0,0.0,0.15,0.07988165680473373,0,0.1197097510582844,0.2561747747974341,0.16891155512880504,0.5413754396574919,0.0,0.0,0.0,0.1,0.0,0.1,0.05,0.08,0.0,0.05,0.25
316,0.9804118663087095,0.5082881606361157,0.9781023502408329,0.5097506845137739,0.24899929058488912,0.5044663028212792,0.7514792899408284,0.26015257035914274,0.2946884714529961,0.0,0.7257142857142858,0.26149162843128454,0.2951086962549801,0.0,0.0,0.0,0.03428571428571429,2.44,0.0029585798816568047,0.0,0.031611974193665016,0.08436634914903716,11.177514792899409,0.0,0.0,0.15,0.07988165680473373,0,0.11911120230299295,0.254893900923447,0.16553332402622895,0.530547930864342,0.0,0.0,0.0,0.1,0.0,0.1,0.05,0.08,0.0,0.05,0.25
317,0.9803343295095471,0.5084385763629929,0.9780836594761863,0.510057127204823,0.24899929058488912,0.5044663028212792,0.7329376854599406,0.2603065210932836,0.2944311450276168,0.0,0.7057142857142857,0.26137734271699886,0.29502298196926585,0.0,0.002967359050445104,0.002857142857142857,0.037142857142857144,2.34,0.002967359050445104,0.002857142857142857,0.03161781902264883,0.08436634914903716,11.14540059347181,0.0,0.0,0.15,0.08011869436201781,0,0.1189442177200494,0.25361943141882975,0.16507980040284723,0.5457059161105247,0.0,0.0,0.0,0.1,0.0,0.1,0.05,0.08,0.0029585798816568047,0.05,0.25
318,0.9790321064992321,0.5082120631186006,0.9768298047491115,0.5097319661729544,0.24899929058488912,0.5044663028212792,0.7626112759643917,0.2603065210932836,0.2944311450276168,0.0,0.7342857142857143,0.26137734271699886,0.29502298196926585,0.0,0.0,0.0,0.037142857142857144,2.302857142857143,0.0,0.0,0.031659981509118446,0.08436634914903716,11.14540059347181,0.0,0.0,0.15,0.08011869436201781,0,0.11834949663144917,0.2523513342617356,0.16177820439479024,0.5347917977883141,0.0,0.0,0.0,0.1,0.0,0.1,0.05,0.08,0.0,0.05,0.25
319,0.9799134170809787,0.5080327783022583,0.9776783809378217,0.5094713019788237,0.24899929058488912,0.5044663028212792,0.744807121661721,0.26018782673126584,0.29434212425610345,0.0,0.7171428571428572,0.26126305700271313,0.29493726768355155,0.0,0.002967359050445104,0.002857142857142857,0.037142857142857144,2.3771428571428572,0.0,0.0,0.031659981509118446,0.08436634914903716,11.14540059347181,0.0,0.0,0.15,0.08011869436201781,0,0.11818632057686336,0.2510895775904269,0.1613997831640373,0.5348077630504018,0.0,0.0,0.0,0.1,0.0,0.1,0.05,0.08,0.002967359050445104,0.05,0.25
320,0.979147124015907,0.5073661322526521,0.9769405501865953,0.5088962769326225,0.24899929058488912,0.5044663028212792,0.6973293768545994,0.260069132369248,0.2942531034845901,0.0,0.6714285714285714,0.2611487712884274,0.29485155339783725,0.0,0.002967359050445104,0.002857142857142857,0.037142857142857144,2.3257142857142856,0.0,0.0,0.031659981509118446,0.08436634914903716,11.14540059347181,0.0,0.0,0.15,0.08011869436201781,0,0.11802396040255045,0.24983412970247476,0.16102893035789942,0.5289599848055602,0.0,0.0,0.0,0.1,0.0,0.1,0.05,0.08,0.002967359050445104,0.05,0.25
321,0.9799199878650858,0.5068383987314934,0.9776847076642333,0.5085128352694318,0.24899929058488912,0.5044663028212792,0.7685459940652819,0.260069132369248,0.2942531034845901,0.0,0.74,0.2611487712884274,0.29485155339783725,0.0,0.0,0.0,0.037142857142857144,2.222857142857143,0.0,0.0,0.031659981509118446,0.08436634914903716,11.14540059347181,0.0,0.0,0.15,0.08011869436201781,0,0.11743384060053773,0.24858495905396238,0.1578083517507414,0.5183807851094491,0.0,0.0,0.0,0.1,0.0,0.1,0.05,0.08,0.0,0.05,0.25
322,0.9799403925470174,0.5065110865806033,0.9777043544579788,0.5084033966924468,0.24899929058488912,0.5044663028212792,0.7655786350148368,0.2599504380072302,0.29416408271307676,0.0,0.7371428571428571,0.26103448557414166,0.294765839112123,0.0,0.002967359050445104,0.002857142857142857,0.037142857142857144,2.28,0.0,0.0,0.031659981509118446,0.08436634914903716,11.14540059347181,0.0,0.0,0.15,0.08011869436201781,0,0.11727524282610645,0.24734203425869256,0.15750932757286948,0.50801316940726,0.0,0.0,0.0,0.1,0.0,0.1,0.05,0.08,0.002967359050445104,0.05,0.25
323,0.980197467564144,0.5059115724734569,0.9779518809744695,0.507788465852585,0.24899929058488912,0.5044663028212792,0.7537091988130564,0.25983174364521244,0.2940750619415634,0.0,0.7257142857142858,0.26092019985985593,0.29468012482640876,0.0,0.002967359050445104,0.002857142857142857,0.037142857142857144,2.2657142857142856,0.0,0.0,0.031659981509118446,0.08436634914903716,11.14540059347181,0.0,0.0,0.15,0.08011869436201781,0,0.11711743804054735,0.2461053240873991,0.1572162838785549,0.5020399551559442,0.0,0.0,0.0,0.1,0.0,0.1,0.05,0.08,0.002967359050445104,0.05,0.25
324,0.9815292662001911,0.5053005374586184,0.9792342128040348,0.5072219320412045,0.24899929058488912,0.5044663028212792,0.7893175074183977,0.2595943549211768,0.2938970203985367,0.0,0.76,0.2606916284312845,0.29450869625498016,0.0,0.005934718100890208,0.005714285714285714,0.037142857142857144,2.257142857142857,0.0,0.0,0.031659981509118446,0.08436634914903716,11.14540059347181,0.0,0.0,0.15,0.08011869436201781,0,0.11738899370748747,0.24487479746696209,0.1597862439152695,0.4919991560528253,0.0,1.0,0.0,0.1,0.0,0.1,0.05,0.08,0.005934718100890208,0.05,0.25
325,0.9820350638904207,0.5053202507236502,0.9797212237229133,0.507148169043634,0.24899929058488912,0.5044663028212792,0.7893175074183977,0.25953500774016786,0.2938970203985367,0.0,0.76,0.26063448557414165,0.29450869625498016,0.0,0.002967359050445104,0.002857142857142857,0.037142857142857144,2.3285714285714287,0.0,0.0,0.031659981509118446,0.08436634914903716,11.14540059347181,0.0,0.0,0.15,0.08011869436201781,0,0.11723062016752146,0.2436504234796273,0.159447661894107,0.4821591729317688,0.0,1.0,0.0,0.1,0.0,0.1,0.05,0.08,0.002967359050445104,0.05,0.25
326,0.9823180679410867,0.5051879007007617,0.9799937161945541,0.5070149527740899,0.24899929058488912,0.5044663028212792,0.7626112759643917,0.259475660559159,0.2938970203985367,0.0,0.7342857142857143,0.2605773427169988,0.29450869625498016,0.0,0.002967359050445104,0.002857142857142857,0.037142857142857144,2.334285714285714,0.0,0.0,0.031659981509118446,0.08436634914903716,11.14540059347181,0.0,0.0,0.15,0.08011869436201781,0,0.11707303849525529,0.24243217136222914,0.1591158515133677,0.49613845713941457,0.0,1.0,0.0,0.1,0.0,0.1,0.05,0.08,0.002967359050445104,0.05,0.25
327,0.9825532327556395,0.5047615462870488,0.9802201463159953,0.5064234811468052,0.24899929058488912,0.5044663028212792,0.7091988130563798,0.2593569661971412,0.2938079996270233,0.0,0.6828571428571428,0.2604630570027131,0.29442298196926586,0.0,0.002967359050445104,0.002857142857142857,0.037142857142857144,2.374285714285714,0.0,0.0,0.031659981509118446,0.08436634914903716,11.14540059347181,0.0,0.0,0.15,0.08011869436201781,0,0.11691624473135044,0.2458772883960356,0.1587906773402432,0.4862156879966263,0.0,0.0,0.0,0.1,0.0,0.1,0.05,0.08,0.002967359050445104,0.05,0.25
328,0.9819211521648601,0.5044026513615059,0.9796115430043019,0.5061329788691759,0.24899929058488912,0.5044663028212792,0.744807121661721,0.2592382718351234,0.29371897885550996,0.0,0.7171428571428572,0.26034877128842737,0.2943372676835516,0.0,0.002967359050445104,0.002857142857142857,0.037142857142857144,2.38,0.0,0.0,0.031659981509118446,0.08436634914903716,11.14540059347181,0.0,0.0,0.15,0.08011869436201781,0,0.1167602349362651,0.24464790195405542,0.1584720066505812,0.4852734494698157,0.0,0.0,0.0,0.1,0.0,0.1,0.05,0.08,0.002967359050445104,0.05,0.25
329,0.980859424664245,0.5040101107613414,0.9785892510965667,0.5057388390819778,0.24899929058488912,0.5044663028212792,0.744807121661721,0.25900088311108777,0.29354093731248326,0.0,0.7171428571428572,0.26012019985985596,0.294165839112123,0.0,0.005934718100890208,0.005714285714285714,0.037142857142857144,2.4114285714285715,0.0,0.0,0.031659981509118446,0.08436634914903716,11.14540059347181,0.0,0.0,0.15,0.08011869436201781,0,0.11703357661872663,0.2660398306405648,0.1610168522318553,0.49894020835094277,0.0,0.0,0.0,0.1,0.0,0.1,0.05,0.08,0.005934718100890208,0.05,0.25
330,0.979256757685094,0.5044108012608767,0.9770461117480698,0.5061249571455075,0.24899929058488912,0.5044663028212792,0.7477744807121661,0.25882284156806107,0.2934074061552132,0.0,0.72,0.2599487712884274,0.2940372676835516,0.0,0.005934718100890208,0.005714285714285714,0.037142857142857144,2.5714285714285716,0.0,0.0,0.031659981509118446,0.08436634914903716,11.14540059347181,0.0,0.0,0.15,0.08011869436201781,0,0.11730555159277588,0.264709631487362,0.16351080090150388,0.493074620618078,0.0,0.5,0.0,0.1,0.0,0.1,0.05,0.08,0.005934718100890208,0.05,0.25
331,0.9790619232853595,0.5041174268807145,0.9768585140546114,0.5057787087639792,0.24899929058488912,0.5044663028212792,0.7002967359050445,0.2587041472060433,0.29331838538369986,0.0,0.6742857142857143,0.2598344855741417,0.2939515533978373,0.0,0.002967359050445104,0.002857142857142857,0.037142857142857144,2.577142857142857,0.0,0.0,0.031659981509118446,0.08436634914903716,11.14540059347181,0.0,0.0,0.15,0.08011869436201781,0,0.11714759526338339,0.2635430798191229,0.16309772774061668,0.48337907610900654,0.0,0.0,0.0,0.1,0.0,0.1,0.05,0.08,0.002967359050445104,0.05,0.25
332,0.9789393499685811,0.5035922351095208,0.9767404934610275,0.5052701495505311,0.24899929058488912,0.5044663028212792,0.7151335311572701,0.2587041472060433,0.29331838538369986,0.0,0.6885714285714286,0.2598344855741417,0.2939515533978373,0.0,0.0,0.0,0.037142857142857144,2.5685714285714285,0.002967359050445104,0.0,0.031659981509118446,0.08436634914903716,11.14540059347181,0.0,0.0,0.15,0.08011869436201781,0,0.1165618572870665,0.26222536442002725,0.15983577318580433,0.4737114945868264,0.0,0.0,0.0,0.1,0.0,0.1,0.05,0.08,0.0,0.05,0.25
333,0.9794436536568869,0.504305707912895,0.977226065869482,0.505955827713932,0.24899929058488912,0.5044663028212792,0.7032640949554896,0.2587041472060433,0.29331838538369986,0.0,0.6771428571428572,0.2598344855741417,0.2939515533978373,0.0,0.0,0.0,0.037142857142857144,2.597142857142857,0.0,0.0,0.031659981509118446,0.08436634914903716,11.14540059347181,0.0,0.0,0.15,0.08011869436201781,0,0.11597904800063114,0.26091423759792715,0.15663905772208822,0.46423726469508986,0.0,0.0,0.0,0.1,0.0,0.1,0.05,0.08,0.0,0.05,0.25
334,0.9786856438500016,0.5045466370693719,0.9764962107125668,0.5061915359667726,0.24899929058488912,0.5044663028212792,0.7181008902077152,0.2587041472060433,0.29331838538369986,0.0,0.6914285714285714,0.2598344855741417,0.2939515533978373,0.0,0.0,0.0,0.037142857142857144,2.625714285714286,0.0,0.0,0.031659981509118446,0.08436634914903716,11.14540059347181,0.0,0.0,0.15,0.08011869436201781,0,0.115399152760628,0.2596096664099375,0.15350627656764645,0.4549525194011881,0.0,0.0,0.0,0.1,0.0,0.1,0.05,0.08,0.0,0.05,0.25
335,0.9794090838232793,0.5047134087811864,0.9771927800582655,0.5063956473033167,0.24899929058488912,0.5044663028212792,0.629080118694362,0.25858545284402545,0.2932293646121865,0.0,0.6057142857142858,0.259720199859856,0.293865839112123,0.0,0.002967359050445104,0.002857142857142857,0.037142857142857144,2.56,0.0,0.0,0.031659981509118446,0.08436634914903716,11.14540059347181,0.0,0.0,0.15,0.08011869436201781,0,0.11525072842539628,0.2583116180778878,0.1532932938934364,0.44986283567993807,0.0,0.0,0.0,0.1,0.0,0.1,0.05,0.08,0.002967359050445104,0.05,0.25
336,0.97975031189398,0.503926839522985,0.9775213339434831,0.5054996440103725,0.24899929058488912,0.5044663028212792,0.7181008902077152,0.2584667584820077,0.29314034384067317,0.0,0.6914285714285714,0.2596059141455702,0.2937801248264087,0.0,0.002967359050445104,0.002857142857142857,0.037142857142857144,2.5428571428571427,0.0,0.0,0.031659981509118446,0.08436634914903716,11.14540059347181,0.0,0.0,0.15,0.08011869436201781,0,0.11510304621184073,0.25702005998749833,0.15308457087271052,0.46527474799602164,0.0,0.0,0.0,0.1,0.0,0.1,0.05,0.08,0.002967359050445104,0.05,0.25
337,0.9799652345296226,0.5035580200471529,0.9777282737383731,0.5051908080693766,0.24899929058488912,0.5044663028212792,0.7151335311572701,0.2584667584820077,0.29314034384067317,0.0,0.6885714285714286,0.2596059141455702,0.2937801248264087,0.0,0.0,0.0,0.037142857142857144,2.5685714285714285,0.0,0.0,0.031659981509118446,0.08436634914903716,11.14540059347181,0.0,0.0,0.15,0.08011869436201781,0,0.11452753098078151,0.2557349596875608,0.1500228794552563,0.4559692530361012,0.0,0.0,0.0,0.1,0.0,0.1,0.05,0.08,0.0,0.05,0.25
338,0.9790145231242074,0.5034562703070696,0.9768128744708736,0.5050748528447182,0.24899929058488912,0.5044663028212792,0.7091988130563798,0.2581106753959543,0.2928732815261331,0.0,0.6828571428571428,0.2592630570027131,0.29352298196926585,0.0,0.008902077151335312,0.008571428571428572,0.037142857142857144,2.5485714285714285,0.0,0.0,0.031659981509118446,0.08436634914903716,11.14540059347181,0.0,0.0,0.15,0.08011869436201781,0,0.1152406076115919,0.25445628488912303,0.15559385043757976,0.4869708946446898,0.0,0.0,0.0,0.1,0.0,0.1,0.05,0.08,0.008902077151335312,0.05,0.25
339,0.979965610846741,0.5033847730658443,0.9777286360779984,0.5049254110007068,0.24899929058488912,0.5044663028212792,0.712166172106825,0.2578732866719186,0.2926952399831064,0.0,0.6857142857142857,0.25903448557414166,0.29335155339783725,0.0,0.005934718100890208,0.005714285714285714,0.037142857142857144,2.5685714285714285,0.0,0.0,0.031659981509118446,0.08436634914903716,11.14540059347181,0.0,0.0,0.15,0.08011869436201781,0,0.1155215474306768,0.2531840034646774,0.15819625914311386,0.5169207406857099,0.0,0.0,0.0,0.1,0.0,0.1,0.05,0.08,0.005934718100890208,0.05,0.25
340,0.9798607910972721,0.5035310584415216,0.97762770963351,0.5051190788717309,0.24899929058488912,0.5044663028212792,0.7002967359050445,0.2578732866719186,0.2926952399831064,0.0,0.6742857142857143,0.25903448557414166,0.29335155339783725,0.0,0.0,0.0,0.037142857142857144,2.48,0.0,0.0,0.031659981509118446,0.08436634914903716,11.14540059347181,0.0,0.0,0.15,0.08011869436201781,0,0.11494393969352343,0.251918083447354,0.15503233396025157,0.5065823258719958,0.0,0.0,0.0,0.1,0.0,0.1,0.05,0.08,0.0,0.05,0.25
341,0.9808421330933174,0.5035857939725513,0.9785726017839877,0.5051314897372755,0.24899929058488912,0.5044663028212792,0.7002967359050445,0.2578732866719186,0.2926952399831064,0.0,0.6742857142857143,0.25903448557414166,0.29335155339783725,0.0,0.0,0.0,0.037142857142857144,2.382857142857143,0.0,0.0,0.031659981509118446,0.08436634914903716,11.14540059347181,0.0,0.0,0.15,0.08011869436201781,0,0.11436921999505582,0.2506584930301172,0.15193168728104653,0.4964506793545559,0.0,0.0,0.0,0.1,0.0,0.1,0.05,0.08,0.0,0.05,0.25
342,0.9802298492308776,0.5039363814925965,0.9779830598935816,0.5054229496636092,0.24899929058488912,0.5044663028212792,0.7240356083086054,0.25775459230990083,0.2926062192115931,0.0,0.6971428571428572,0.2589201998598559,0.293265839112123,0.0,0.005934718100890208,0.005714285714285714,0.037142857142857144,2.3714285714285714,0.0,0.0,0.031659981509118446,0.08436634914903716,11.14540059347181,0.0,0.0,0.15,0.08011869436201781,0,0.11465451675222338,0.24940520056496662,0.15460733924971135,0.48652166576746475,0.0,1.0,0.0,0.1,0.0,0.1,0.05,0.08,0.005934718100890208,0.05,0.25
343,0.9786993654615561,0.5038240244872194,0.9765094226642632,0.5053948468946362,0.24899929058488912,0.5044663028212792,0.7685459940652819,0.257635897947883,0.29251719844007973,0.0,0.74,0.2588059141455702,0.2931801248264087,0.0,0.002967359050445104,0.002857142857142857,0.037142857142857144,2.317142857142857,0.0,0.0,0.031659981509118446,0.08436634914903716,11.14540059347181,0.0,0.0,0.15,0.08011869436201781,0,0.11450981559703369,0.2481581745621418,0.15437233532185993,0.4833500910402231,0.0,0.0,0.0,0.1,0.0,0.1,0.05,0.08,0.002967359050445104,0.05,0.25
344,0.9800087099632472,0.5041871525977489,0.9777701343701773,0.5058726109329836,0.24899929058488912,0.5044663028212792,0.7626112759643917,0.2574578564048563,0.2924281776685663,0.0,0.7342857142857143,0.25863448557414165,0.29309441054069446,0.0,0.005934718100890208,0.005714285714285714,0.037142857142857144,2.302857142857143,0.0,0.0,0.031659981509118446,0.08436634914903716,11.14540059347181,0.0,0.0,0.15,0.08011869436201781,0,0.11479440937619137,0.24691738368933108,0.15699917432970847,0.51591251019816,0.0,0.5,0.0,0.1,0.0,0.1,0.05,0.08,0.005934718100890208,0.05,0.25
345,0.980235295007181,0.50457183181115,0.9779883033981936,0.5061818934273682,0.24899929058488912,0.5044663028212792,0.7952522255192879,0.2574578564048563,0.2924281776685663,0.0,0.7657142857142857,0.25863448557414165,0.29309441054069446,0.0,0.0,0.0,0.037142857142857144,2.337142857142857,0.0,0.0,0.031659981509118446,0.08436634914903716,11.14540059347181,0.0,0.0,0.15,0.08011869436201781,0,0.11422043732931042,0.24568279677088442,0.1538591908431143,0.5055942599941968,0.0,0.0,0.0,0.1,0.0,0.1,0.05,0.08,0.0,0.05,0.25
346,0.9801546477911507,0.5040921644636434,0.9779106516501872,0.5056661734898628,0.24899929058488912,0.5044663028212792,0.7596439169139466,0.2574578564048563,0.2924281776685663,0.0,0.7314285714285714,0.25863448557414165,0.29309441054069446,0.0,0.0,0.0,0.037142857142857144,2.382857142857143,0.0,0.0,0.031659981509118446,0.08436634914903716,11.14540059347181,0.0,0.0,0.15,0.08011869436201781,0,0.11364933514266387,0.24445438278703,0.150782007026252,0.49548237479431284,0.0,0.0,0.0,0.1,0.0,0.1,0.05,0.08,0.0,0.05,0.25
347,0.9794261776210949,0.5043645279762827,0.9772092389435907,0.5057510724420504,0.24899929058488912,0.5044663028212792,0.7744807121661721,0.2571017733188029,0.2921611153540263,0.0,0.7457142857142857,0.2582916284312845,0.29283726768355156,0.0,0.008902077151335312,0.008571428571428572,0.037142857142857144,2.4057142857142857,0.0,0.0,0.031659981509118446,0.08436634914903716,11.14540059347181,0.0,0.0,0.15,0.08011869436201781,0,0.11436680275266482,0.2575065297320135,0.15633779545715554,0.4960158195727715,0.0,0.0,0.0,0.1,0.0,0.1,0.05,0.08,0.008902077151335312,0.05,0.25
348,0.9812901144864473,0.5045160578798855,0.9790039438682301,0.5056737970998179,0.24899929058488912,0.5044663028212792,0.7329376854599406,0.2571017733188029,0.2921611153540263,0.0,0.7057142857142857,0.2582916284312845,0.29283726768355156,0.0,0.0,0.0,0.037142857142857144,2.4371428571428573,0.0,0.0,0.031659981509118446,0.08436634914903716,11.14540059347181,0.0,0.0,0.15,0.08011869436201781,0,0.11379496873890152,0.2562189970833534,0.15321103954801243,0.48609550318131606,0.0,0.0,0.0,0.1,0.0,0.1,0.05,0.08,0.0,0.05,0.25
349,0.980994669178541,0.5048346092230498,0.9787194722431889,0.5060895261790791,0.24899929058488912,0.5044663028212792,0.7388724035608308,0.25698307895678507,0.29207209458251293,0.0,0.7114285714285714,0.2581773427169988,0.29275155339783726,0.0,0.002967359050445104,0.002857142857142857,0.037142857142857144,2.4485714285714284,0.0,0.0,0.031659981509118446,0.08436634914903716,11.14540059347181,0.0,0.0,0.15,0.08011869436201781,0,0.11365456532377842,0.25493790209793665,0.15300396161419502,0.48510652710836255,0.0,0.0,0.0,0.1,0.0,0.1,0.05,0.08,0.002967359050445104,0.05,0.25
350,0.9798792515944877,0.5043196603747889,0.9776454844551147,0.5055405024176578,0.24899929058488912,0.5044663028212792,0.7537091988130564,0.2566269958707317,0.29180503226797283,0.0,0.7257142857142858,0.2578344855741416,0.2924944105406944,0.0,0.008902077151335312,0.008571428571428572,0.037142857142857144,2.454285714285714,0.002967359050445104,0.0,0.031659981509118446,0.08436634914903716,11.14540059347181,0.0,0.0,0.15,0.08011869436201781,0,0.11437200678287382,0.25676383316095835,0.1585153109533397,0.4955717316498501,0.0,0.0,0.0,0.1,0.0,0.1,0.05,0.08,0.008902077151335312,0.05,0.25
351,0.979034330496009,0.503795128792916,0.9768319461402939,0.5050321982315952,0.24899929058488912,0.5044663028212792,0.7655786350148368,0.2566269958707317,0.29180503226797283,0.0,0.7371428571428571,0.2578344855741416,0.2924944105406944,0.0,0.0,0.0,0.037142857142857144,2.454285714285714,0.005934718100890208,0.0,0.031659981509118446,0.08436634914903716,11.14540059347181,0.0,0.0,0.15,0.08011869436201781,0,0.11380014674895944,0.2554800139951536,0.1553450047342729,0.48566029701685304,0.0,0.0,0.0,0.1,0.0,0.1,0.05,0.08,0.0,0.05,0.25
352,0.9796228465345872,0.5043472559427336,0.9773986030117247,0.5056562890693606,0.24899929058488912,0.5044663028212792,0.7388724035608308,0.25656941695993074,0.29180503226797283,0.0,0.7114285714285714,0.257779045308599,0.2924944105406944,0.0,0.002967359050445104,0.002857142857142857,0.037142857142857144,2.48,0.002967359050445104,0.0,0.031659981509118446,0.08436634914903716,11.14540059347181,0.0,0.0,0.15,0.08011869436201781,0,0.1136597174437861,0.2542026139251778,0.1550952474967303,0.4799002497364718,0.0,1.0,0.0,0.1,0.0,0.1,0.05,0.08,0.002967359050445104,0.05,0.25
353,0.9797102578312157,0.5042983969704864,0.9774827676030499,0.5057222611897267,0.24899929058488912,0.5044663028212792,0.7299703264094956,0.25645072259791296,0.2917160114964595,0.0,0.7028571428571428,0.25766475959431334,0.2924086962549801,0.0,0.002967359050445104,0.002857142857142857,0.037142857142857144,2.5342857142857143,0.002967359050445104,0.0,0.031659981509118446,0.08436634914903716,11.14540059347181,0.0,0.0,0.15,0.08011869436201781,0,0.1135199902851386,0.2579230316486436,0.15485048540393853,0.4862323631379649,0.0,0.0,0.0,0.1,0.0,0.1,0.05,0.08,0.002967359050445104,0.05,0.25
354,0.9793577495830826,0.5050258769221218,0.977143352518419,0.5065314716872233,0.24899929058488912,0.5044663028212792,0.712166172106825,0.25621333387387735,0.2915379699534328,0.0,0.6857142857142857,0.2574361881657419,0.29223726768355157,0.0,0.005934718100890208,0.005714285714285714,0.037142857142857144,2.5285714285714285,0.0,0.0,0.031659981509118446,0.08436634914903716,11.14540059347181,0.0,0.0,0.15,0.08011869436201781,0,0.11380953319085575,0.2635439592146662,0.1574677614101455,0.5239094381028545,0.0,0.0,0.0,0.1,0.0,0.1,0.05,0.08,0.005934718100890208,0.05,0.25
355,0.9771530923066526,0.5044583406335402,0.9750205825122561,0.5058709119522873,0.24899929058488912,0.5044663028212792,0.7359050445103857,0.25609463951185957,0.29144894918191944,0.0,0.7085714285714285,0.2573219024514562,0.29215155339783727,0.0,0.002967359050445104,0.002857142857142857,0.037142857142857144,2.52,0.0,0.0,0.031659981509118446,0.08436634914903716,11.14540059347181,0.0,0.0,0.15,0.08011869436201781,0,0.1136690569534729,0.2622262394185929,0.15717554903908545,0.5134312493407974,0.0,0.0,0.0,0.1,0.0,0.1,0.05,0.08,0.002967359050445104,0.05,0.25
356,0.9774790870748912,0.5041993099105674,0.9753344689033888,0.505779171233211,0.24899929058488912,0.5044663028212792,0.7002967359050445,0.25579790360681504,0.29122639725313604,0.0,0.6742857142857143,0.2570361881657419,0.2919372676835516,0.0,0.011869436201780416,0.011428571428571429,0.037142857142857144,2.5428571428571427,0.0,0.0,0.031659981509118446,0.08436634914903716,11.14540059347181,0.0,0.0,0.15,0.08011869436201781,0,0.11481499738299125,0.26091510822149994,0.16546060948687516,0.5243889854567163,0.0,0.75,0.0,0.1,0.0,0.1,0.05,0.08,0.011869436201780416,0.05,0.25
357,0.9774230352140717,0.5043386891570998,0.9752804989688285,0.5059604389332362,0.24899929058488912,0.5044663028212792,0.7863501483679525,0.25579790360681504,0.29122639725313604,0.0,0.7571428571428571,0.2570361881657419,0.2919372676835516,0.0,0.0,0.0,0.037142857142857144,2.5028571428571427,0.0,0.0,0.031659981509118446,0.08436634914903716,11.14540059347181,0.0,0.0,0.15,0.08011869436201781,0,0.11424092239607629,0.25961053268039247,0.16215139729713765,0.5139012057475819,0.0,0.0,0.0,0.1,0.0,0.1,0.05,0.08,0.0,0.05,0.25
358,0.9778845161446812,0.5043981200591022,0.9757248391791583,0.5058554358796526,0.24899929058488912,0.5044663028212792,0.7329376854599406,0.2555605148827794,0.29104835571010934,0.0,0.7057142857142857,0.25680761673717045,0.291765839112123,0.0,0.005934718100890208,0.005714285714285714,0.037142857142857144,2.52,0.002967359050445104,0.0,0.031659981509118446,0.08436634914903716,11.14540059347181,0.0,0.0,0.15,0.08011869436201781,0,0.11452686064123875,0.2583124800169905,0.16462265506548057,0.548346151761919,0.0,0.0,0.0,0.1,0.0,0.1,0.05,0.08,0.005934718100890208,0.05,0.25
359,0.9783912656746496,0.5046214999177787,0.9762127665837277,0.5060785272838344,0.24899929058488912,0.5044663028212792,0.7566765578635015,0.25544182052076164,0.290959334938596,0.0,0.7285714285714285,0.2566933310228848,0.2916801248264087,0.0,0.002967359050445104,0.002857142857142857,0.037142857142857144,2.565714285714286,0.0,0.0,0.031659981509118446,0.08436634914903716,11.14540059347181,0.0,0.0,0.15,0.08011869436201781,0,0.11438279776660401,0.25702091761690554,0.16418734482131384,0.5471535868212523,0.0,0.0,0.0,0.1,0.0,0.1,0.05,0.08,0.002967359050445104,0.05,0.25
360,0.9782568948400032,0.5043032658970209,0.9760833866657969,0.5056586330578119,0.24899929058488912,0.5044663028212792,0.7240356083086054,0.2553824733397528,0.29091482455283935,0.0,0.6971428571428572,0.2566361881657419,0.2916372676835515,0.0,0.002967359050445104,0.002857142857142857,0.037142857142857144,2.54,0.0,0.0,0.031659981509118446,0.08436634914903716,11.14540059347181,0.0,0.0,0.15,0.08011869436201781,0,0.1142394552063424,0.25573581302882104,0.16376074078203043,0.5362105150848272,0.0,1.0,0.0,0.1,0.0,0.1,0.05,0.08,0.002967359050445104,0.05,0.25
361,0.978153978960986,0.5052296687797594,0.9759842933765714,0.5067675166281271,0.24899929058488912,0.5044663028212792,0.7893175074183977,0.2551450846157171,0.2907367830098126,0.0,0.76,0.2564076167371705,0.2914658391121229,0.0,0.005934718100890208,0.005714285714285714,0.037142857142857144,2.5828571428571427,0.0,0.0,0.031659981509118446,0.08436634914903716,11.14540059347181,0.0,0.0,0.15,0.08011869436201781,0,0.11452540078745353,0.2544571339636769,0.16619981168067552,0.6043673048247287,0.0,0.0,0.0,0.1,0.0,0.1,0.05,0.08,0.005934718100890208,0.05,0.25
362,0.9786294453334299,0.5050649651735766,0.9764420995694676,0.506663120136363,0.24899929058488912,0.5044663028212792,0.744807121661721,0.25502639025369933,0.2906477622382993,0.0,0.7171428571428572,0.2562933310228848,0.2913801248264087,0.0,0.002967359050445104,0.002857142857142857,0.037142857142857144,2.577142857142857,0.0,0.0,0.031659981509118446,0.08436634914903716,11.14540059347181,0.0,0.0,0.15,0.08011869436201781,0,0.11438134521208773,0.2552573128917289,0.16573295830420484,0.5922799587282341,0.0,0.0,0.0,0.1,0.0,0.1,0.05,0.08,0.002967359050445104,0.05,0.25
363,0.9784673570919117,0.5052762458457078,0.9762860317483486,0.5066710113809886,0.24899929058488912,0.5044663028212792,0.6943620178041543,0.25490769589168155,0.29055874146678595,0.0,0.6685714285714286,0.25617904530859903,0.29129441054069444,0.0,0.002967359050445104,0.002857142857142857,0.037142857142857144,2.5714285714285716,0.0,0.0,0.031659981509118446,0.08436634914903716,11.14540059347181,0.0,0.0,0.15,0.08011869436201781,0,0.1142380099145987,0.26736736441883924,0.16527544199526362,0.5804343595536694,0.0,0.0,0.0,0.1,0.0,0.1,0.05,0.08,0.002967359050445104,0.05,0.25
364,0.9782759866133285,0.5056219511160864,0.976101769316113,0.5068288867910875,0.24899929058488912,0.5044663028212792,0.7002967359050445,0.25449226562461924,0.29024716876648915,0.0,0.6742857142857143,0.2557790453085991,0.29099441054069447,0.0,0.011869436201780416,0.011428571428571429,0.037142857142857144,2.5485714285714285,0.0,0.0,0.031659981509118446,0.08436634914903716,11.14540059347181,0.0,0.0,0.15,0.08011869436201781,0,0.11538110557931142,0.2706394323871006,0.17339850458392975,0.5915081449193555,0.0,0.25,0.0,0.1,0.0,0.1,0.05,0.08,0.011869436201780416,0.05,0.25
365,0.9786990283915636,0.505092108835345,0.9765090981140133,0.5064953303382044,0.24899929058488912,0.5044663028212792,0.7002967359050445,0.2538394466335213,0.2900070360815097,0.0,0.6742857142857143,0.25515047388002765,0.2907631970697284,0.0,0.020771513353115726,0.02,0.037142857142857144,2.56,0.0,0.0,0.031659981509118446,0.08436634914903716,11.14540059347181,0.0,0.0,0.15,0.08011869436201781,0,0.11780420005141486,0.27488223428792263,0.18993053449225117,0.613572196875056,0.0,0.5714285714285714,0.0,0.1,0.0,0.1,0.05,0.08,0.020771513353115726,0.05,0.25
366,0.9786590647270028,0.5054145408877095,0.9764706188141364,0.5067246692323407,0.24899929058488912,0.5044663028212792,0.7329376854599406,0.2537207522715035,0.2899180153099963,0.0,0.7057142857142857,0.2550361881657419,0.2906774827840141,0.0,0.002967359050445104,0.002857142857142857,0.037142857142857144,2.6085714285714285,0.0,0.0,0.031659981509118446,0.08436634914903716,11.14540059347181,0.0,0.0,0.15,0.08011869436201781,0,0.11764375047972923,0.27350782311648303,0.18898906665954898,0.6246315145617994,0.0,0.0,0.0,0.1,0.0,0.1,0.05,0.08,0.002967359050445104,0.05,0.25
367,0.9792261535443277,0.5053073476854191,0.9770166443325322,0.5067262079340057,0.24899929058488912,0.5044663028212792,0.7091988130563798,0.2537207522715035,0.2899180153099963,0.0,0.6828571428571428,0.2550361881657419,0.2906774827840141,0.0,0.0,0.0,0.037142857142857144,2.6542857142857144,0.0,0.0,0.031659981509118446,0.08436634914903716,11.14540059347181,0.0,0.0,0.15,0.08011869436201781,0,0.11705553172733056,0.27214028400090057,0.185209285326358,0.6121388842705634,0.0,0.0,0.0,0.1,0.0,0.1,0.05,0.08,0.0,0.05,0.25
368,0.9798729498818287,0.5054022664804111,0.9776394168060688,0.5068288204877117,0.24899929058488912,0.5044663028212792,0.7774480712166172,0.25348336354746787,0.2897399737669696,0.0,0.7485714285714286,0.2548076167371705,0.2905060542125856,0.0,0.005934718100890208,0.005714285714285714,0.037142857142857144,2.7285714285714286,0.0,0.0,0.031659981509118446,0.08436634914903716,11.14540059347181,0.0,0.0,0.15,0.08011869436201781,0,0.11732739692583675,0.270779582580896,0.18721938533411658,0.6183394077205071,0.0,0.0,0.0,0.1,0.0,0.1,0.05,0.08,0.005934718100890208,0.05,0.25
369,0.9793133446822386,0.5046690263716088,0.9771005969424634,0.5061574995283685,0.24899929058488912,0.5044663028212792,0.6795252225519288,0.25348336354746787,0.2897399737669696,0.0,0.6542857142857142,0.2548076167371705,0.2905060542125856,0.0,0.0,0.0,0.037142857142857144,2.697142857142857,0.002967359050445104,0.0,0.031659981509118446,0.08436634914903716,11.14540059347181,0.0,0.0,0.15,0.08011869436201781,0,0.11674075994120758,0.26942568466799155,0.18347499762743422,0.6059726195660969,0.0,0.0,0.0,0.1,0.0,0.1,0.05,0.08,0.0,0.05,0.25
370,0.9794050225182979,0.5049578647564679,0.9771888696017548,0.5063633371799681,0.24899929058488912,0.5044663028212792,0.7151335311572701,0.25324597482343225,0.2895619322239429,0.0,0.6885714285714286,0.25457904530859904,0.290334625641157,0.0,0.005934718100890208,0.005714285714285714,0.037142857142857144,2.6857142857142855,0.0,0.0,0.031659981509118446,0.08436634914903716,11.14540059347181,0.0,0.0,0.15,0.08011869436201781,0,0.11701419899864439,0.2680785562446516,0.18551978338917124,0.639465373764524,0.0,0.0,0.0,0.1,0.0,0.1,0.05,0.08,0.005934718100890208,0.05,0.25
371,0.9793947809246162,0.5055666903176825,0.9771790084101242,0.5071619838006378,0.24899929058488912,0.5044663028212792,0.7181008902077152,0.25324597482343225,0.2895619322239429,0.0,0.6914285714285714,0.25457904530859904,0.290334625641157,0.0,0.0,0.0,0.037142857142857144,2.717142857142857,0.002967359050445104,0.0,0.031659981509118446,0.08436634914903716,11.14540059347181,0.0,0.0,0.15,0.08011869436201781,0,0.11642912800365118,0.2667381634634283,0.18180938772138786,0.6266760662892334,0.0,0.0,0.0,0.1,0.0,0.1,0.05,0.08,0.0,0.05,0.25
372,0.980325913064917,0.5055555263970041,0.9780755556423566,0.5071033038086249,0.24899929058488912,0.5044663028212792,0.7299703264094956,0.25300858609939664,0.2893838906809162,0.0,0.7028571428571428,0.25435047388002757,0.29016319706972843,0.0,0.005934718100890208,0.005714285714285714,0.037142857142857144,2.777142857142857,0.0,0.0,0.031659981509118446,0.08436634914903716,11.14540059347181,0.0,0.0,0.15,0.08011869436201781,0,0.11670412522077578,0.26540447264611117,0.1838874856812458,0.6212508007001779,0.0,0.5,0.0,0.1,0.0,0.1,0.05,0.08,0.005934718100890208,0.05,0.25
373,0.9793354097102396,0.5057079582779326,0.9771218424122815,0.5071657444472167,0.24899929058488912,0.5044663028212792,0.6735905044510386,0.2529492389183877,0.2893393802951595,0.0,0.6485714285714286,0.25429333102288476,0.2901203399268713,0.0,0.002967359050445104,0.002857142857142857,0.037142857142857144,2.7342857142857144,0.0,0.0,0.031659981509118446,0.08436634914903716,11.14540059347181,0.0,0.0,0.15,0.08011869436201781,0,0.11654917602324334,0.2640774502828806,0.18306687882476375,0.6088257846861743,0.0,1.0,0.0,0.1,0.0,0.1,0.05,0.08,0.002967359050445104,0.05,0.25
374,0.9800147468263127,0.504892129484259,0.9777759470069005,0.5063784707381391,0.24899929058488912,0.5044663028212792,0.7062314540059347,0.2529492389183877,0.2893393802951595,0.0,0.68,0.25429333102288476,0.2901203399268713,0.0,0.0,0.0,0.037142857142857144,2.7285714285714286,0.008902077151335312,0.0,0.031659981509118446,0.08436634914903716,11.14540059347181,0.0,0.0,0.15,0.08011869436201781,0,0.1159664301431271,0.2627570630314662,0.1794055412482685,0.5966492689924509,0.0,0.0,0.0,0.1,0.0,0.1,0.05,0.08,0.0,0.05,0.25
375,0.980527119117871,0.5052835755771382,0.9782692883276296,0.5066630002241667,0.24899929058488912,0.5044663028212792,0.6409495548961425,0.25283054455636994,0.28925035952364614,0.0,0.6171428571428571,0.2541790453085991,0.290034625641157,0.0,0.002967359050445104,0.002857142857142857,0.037142857142857144,2.742857142857143,0.002967359050445104,0.0,0.031659981509118446,0.08436634914903716,11.14540059347181,0.0,0.0,0.15,0.08011869436201781,0,0.1158151694209829,0.2614432777163089,0.17867457328044595,0.5928382677704085,0.0,0.0,0.0,0.1,0.0,0.1,0.05,0.08,0.002967359050445104,0.05,0.25
376,0.9797991405742179,0.5053756816674497,0.9775683489870263,0.5068422010684492,0.24899929058488912,0.5044663028212792,0.6706231454005934,0.25283054455636994,0.28925035952364614,0.0,0.6457142857142857,0.2541790453085991,0.290034625641157,0.0,0.0,0.0,0.037142857142857144,2.76,0.0,0.0,0.031659981509118446,0.08436634914903716,11.14540059347181,0.0,0.0,0.15,0.08011869436201781,0,0.115236093573878,0.2601360613277273,0.17510108181483702,0.5809815024150004,0.0,0.0,0.0,0.1,0.0,0.1,0.05,0.08,0.0,0.05,0.25
377,0.9797645330906949,0.5053575088356602,0.9775350269243199,0.5069424515488292,0.24899929058488912,0.5044663028212792,0.744807121661721,0.2527118501943521,0.2891613387521328,0.0,0.7171428571428572,0.25406475959431335,0.2899489113554427,0.0,0.002967359050445104,0.002857142857142857,0.037142857142857144,2.8285714285714287,0.002967359050445104,0.0,0.031659981509118446,0.08436634914903716,11.14540059347181,0.0,0.0,0.15,0.08011869436201781,0,0.11508848453458002,0.25883538102108866,0.17445620303568316,0.5733542441259398,0.0,0.0,0.0,0.1,0.0,0.1,0.05,0.08,0.002967359050445104,0.05,0.25
378,0.9794147182005999,0.5060910940128587,0.9771982051587141,0.5075889940305521,0.24899929058488912,0.5044663028212792,0.7833827893175074,0.25247446147031655,0.28898329720910604,0.0,0.7542857142857143,0.2538361881657419,0.28977748278401416,0.0,0.005934718100890208,0.005714285714285714,0.037142857142857144,2.7685714285714287,0.0,0.0,0.031659981509118446,0.08436634914903716,11.14540059347181,0.0,0.0,0.15,0.08011869436201781,0,0.11537018496904998,0.2625290717774855,0.1766813646892552,0.5712873371379246,0.0,0.0,0.0,0.1,0.0,0.1,0.05,0.08,0.005934718100890208,0.05,0.25
379,0.9793036154401931,0.5055037911199474,0.9770912290722653,0.506882147211719,0.24899929058488912,0.5044663028212792,0.7477744807121661,0.25235576710829877,0.2888942764375927,0.0,0.72,0.2537219024514562,0.28969176849829986,0.0,0.002967359050445104,0.002857142857142857,0.037142857142857144,2.7342857142857144,0.0,0.0,0.031659981509118446,0.08436634914903716,11.14540059347181,0.0,0.0,0.15,0.08011869436201781,0,0.11522190547277616,0.26157540297461157,0.17600488025261293,0.559861590395166,0.0,0.0,0.0,0.1,0.0,0.1,0.05,0.08,0.002967359050445104,0.05,0.25
380,0.9777095399356001,0.5061137470437524,0.9755563620864142,0.5075059364391706,0.24899929058488912,0.5044663028212792,0.6913946587537092,0.25205903120325424,0.2886717245088093,0.0,0.6657142857142857,0.25343618816574187,0.28947748278401414,0.0,0.008902077151335312,0.008571428571428572,0.037142857142857144,2.662857142857143,0.0,0.0,0.031659981509118446,0.08436634914903716,11.14540059347181,0.0,0.0,0.15,0.08011869436201781,0,0.11593151023112658,0.2602675259597385,0.18105621121898924,0.6177123024739523,0.0,0.3333333333333333,0.0,0.1,0.0,0.1,0.05,0.08,0.008902077151335312,0.05,0.25
381,0.9797654751991984,0.5062875510282758,0.9775359340402219,0.50780117252225,0.24899929058488912,0.5044663028212792,0.7270029673590505,0.25205903120325424,0.2886717245088093,0.0,0.7,0.25343618816574187,0.28947748278401414,0.0,0.0,0.0,0.037142857142857144,2.5942857142857143,0.0,0.0,0.031659981509118446,0.08436634914903716,11.14540059347181,0.0,0.0,0.15,0.08011869436201781,0,0.11535185267997093,0.2589661883299398,0.17743508699460944,0.6053580564244732,0.0,0.0,0.0,0.1,0.0,0.1,0.05,0.08,0.0,0.05,0.25
382,0.978650199300272,0.5067175596418786,0.9764620826746842,0.5083064330485617,0.24899929058488912,0.5044663028212792,0.7418397626112759,0.25151379536474955,0.28831564142275595,0.0,0.7142857142857143,0.25291120394409594,0.28913462564115705,0.0,0.01483679525222552,0.014285714285714285,0.037142857142857144,2.5885714285714285,0.0,0.0,0.031659981509118446,0.08436634914903716,11.14540059347181,0.0,0.0,0.15,0.08011869436201781,0,0.11691795055942822,0.2610523363944209,0.18817209954043157,0.620866881194801,0.0,0.2,0.0,0.1,0.0,0.1,0.05,0.08,0.01483679525222552,0.05,0.25
383,0.978905379219354,0.5070424320825908,0.976707784482486,0.5085502354218933,0.24899929058488912,0.5044663028212792,0.7774480712166172,0.25145444818374063,0.28831564142275595,0.0,0.7485714285714286,0.25285406108695313,0.28913462564115705,0.0,0.002967359050445104,0.002857142857142857,0.037142857142857144,2.5285714285714285,0.0,0.0,0.031659981509118446,0.08436634914903716,11.14540059347181,0.0,0.0,0.15,0.08011869436201781,0,0.11676193223520252,0.2597470747124488,0.1872658004067658,0.6127898311864699,0.0,1.0,0.0,0.1,0.0,0.1,0.05,0.08,0.002967359050445104,0.05,0.25
384,0.9793008350249462,0.5065069657213687,0.9770885519295848,0.5080262823861431,0.24899929058488912,0.5044663028212792,0.6735905044510386,0.25133575382172285,0.28822662065124255,0.0,0.6485714285714286,0.2527397753726674,0.28904891135544275,0.0,0.002967359050445104,0.002857142857142857,0.037142857142857144,2.505714285714286,0.002967359050445104,0.0,0.031659981509118446,0.08436634914903716,11.14540059347181,0.0,0.0,0.15,0.08011869436201781,0,0.11660669400259792,0.2584483393388866,0.1863776272557733,0.6071217267304344,0.0,0.0,0.0,0.1,0.0,0.1,0.05,0.08,0.002967359050445104,0.05,0.25
385,0.9801115604528872,0.5063106651867518,0.9778691646987738,0.5077444452162584,0.24899929058488912,0.5044663028212792,0.7240356083086054,0.251217059459705,0.28813759987972926,0.0,0.6971428571428572,0.25262548965838166,0.28896319706972845,0.0,0.002967359050445104,0.002857142857142857,0.037142857142857144,2.5085714285714285,0.0,0.0,0.031659981509118446,0.08436634914903716,11.14540059347181,0.0,0.0,0.15,0.08011869436201781,0,0.11645223196115635,0.25715609764219216,0.18550721756780073,0.6074312955226747,0.0,0.0,0.0,0.1,0.0,0.1,0.05,0.08,0.002967359050445104,0.05,0.25
386,0.9800057284433958,0.5072381550750459,0.9777672635924919,0.5085004915370427,0.24899929058488912,0.5044663028212792,0.7240356083086054,0.251217059459705,0.28813759987972926,0.0,0.6971428571428572,0.25262548965838166,0.28896319706972845,0.0,0.0,0.0,0.037142857142857144,2.5342857142857143,0.0,0.0,0.031659981509118446,0.08436634914903716,11.14540059347181,0.0,0.0,0.15,0.08011869436201781,0,0.11586997080135057,0.2558703171539812,0.18179707321644467,0.5952826696122212,0.0,0.0,0.0,0.1,0.0,0.1,0.05,0.08,0.0,0.05,0.25
387,0.9796577962355271,0.5074511034582132,0.9774322545809155,0.5084884824320354,0.24899929058488912,0.5044663028212792,0.6735905044510386,0.251217059459705,0.28813759987972926,0.0,0.6485714285714286,0.25262548965838166,0.28896319706972845,0.0,0.0,0.0,0.037142857142857144,2.4914285714285715,0.0,0.0,0.031659981509118446,0.08436634914903716,11.14540059347181,0.0,0.0,0.15,0.08011869436201781,0,0.11529062094734384,0.2545909655682113,0.1781611317521158,0.5833770162199767,0.0,0.0,0.0,0.1,0.0,0.1,0.05,0.08,0.0,0.05,0.25
388,0.9797522397369884,0.5077496860684232,0.9775231901808941,0.5088399042573567,0.24899929058488912,0.5044663028212792,0.7299703264094956,0.251217059459705,0.28813759987972926,0.0,0.7028571428571428,0.25262548965838166,0.28896319706972845,0.0,0.0,0.0,0.037142857142857144,2.4971428571428573,0.005934718100890208,0.0,0.031659981509118446,0.08436634914903716,11.14540059347181,0.0,0.0,0.15,0.08011869436201781,0,0.11471416784260711,0.2533180107403702,0.17459790911707346,0.5717094758955772,0.0,0.0,0.0,0.1,0.0,0.1,0.05,0.08,0.0,0.05,0.25
389,0.9786920094265962,0.5079758354395281,0.9765023398534591,0.508868244947665,0.24899929058488912,0.5044663028212792,0.7181008902077152,0.2510983650976872,0.2880485791082159,0.0,0.6914285714285714,0.25251120394409593,0.28887748278401415,0.0,0.002967359050445104,0.002857142857142857,0.037142857142857144,2.5714285714285716,0.002967359050445104,0.0,0.031659981509118446,0.08436634914903716,11.14540059347181,0.0,0.0,0.15,0.08011869436201781,0,0.11456916843196548,0.25205142068666836,0.17396309379187486,0.5667981123732183,0.0,0.0,0.0,0.1,0.0,0.1,0.05,0.08,0.002967359050445104,0.05,0.25
390,0.9782832671267894,0.5077171680895862,0.9761087794105021,0.5086715597285185,0.24899929058488912,0.5044663028212792,0.7566765578635015,0.2510983650976872,0.2880485791082159,0.0,0.7285714285714285,0.25251120394409593,0.28887748278401415,0.0,0.0,0.0,0.037142857142857144,2.5885714285714285,0.002967359050445104,0.0,0.031659981509118446,0.08436634914903716,11.14540059347181,0.0,0.0,0.15,0.08011869436201781,0,0.11399632258980566,0.250791163583235,0.17048383191603736,0.555462150125754,0.0,0.0,0.0,0.1,0.0,0.1,0.05,0.08,0.0,0.05,0.25
391,0.9790876421431753,0.5070099360323196,0.9768832776405654,0.5079297626472714,0.24899929058488912,0.5044663028212792,0.771513353115727,0.2509796707356694,0.28795955833670256,0.0,0.7428571428571429,0.25239691822981025,0.28879176849829985,0.0,0.002967359050445104,0.002857142857142857,0.037142857142857144,2.6714285714285713,0.002967359050445104,0.0,0.031659981509118446,0.08436634914903716,11.14540059347181,0.0,0.0,0.15,0.08011869436201781,0,0.11385491240542807,0.2558728841898789,0.16993129813485947,0.5466893457217179,0.0,0.0,0.0,0.1,0.0,0.1,0.05,0.08,0.002967359050445104,0.05,0.25
392,0.9782615630872545,0.5067527787233588,0.9760878815210073,0.507515272214603,0.24899929058488912,0.5044663028212792,0.7507418397626113,0.25083310844738016,0.2878705375651892,0.0,0.7228571428571429,0.25225579968365747,0.2887060542125856,0.0,0.005934718100890208,0.005714285714285714,0.037142857142857144,2.677142857142857,0.002967359050445104,0.0,0.031659981509118446,0.08436634914903716,11.14540059347181,0.0,0.0,0.15,0.08011869436201781,0,0.11414278070054382,0.25459351976892947,0.17224695788644798,0.5679761759500592,0.0,0.5,0.0,0.1,0.0,0.1,0.05,0.08,0.005934718100890208,0.05,0.25
393,0.9769180513225522,0.5062865224733961,0.9747942716218511,0.5067652207443858,0.24899929058488912,0.5044663028212792,0.6884272997032641,0.25035833099930893,0.28751445447913576,0.0,0.6628571428571428,0.2517986568265146,0.2883631970697284,0.0,0.011869436201780416,0.011428571428571429,0.037142857142857144,2.642857142857143,0.002967359050445104,0.0,0.031659981509118446,0.08436634914903716,11.14540059347181,0.0,0.0,0.15,0.08011869436201781,0,0.11528635251132678,0.26469527905997464,0.18023059015729043,0.5823497376261558,0.0,0.0,0.0,0.1,0.0,0.1,0.05,0.08,0.011869436201780416,0.05,0.25
394,0.9757299772737906,0.5067795296170102,0.9736503260377577,0.5073743738247196,0.24899929058488912,0.5044663028212792,0.7210682492581603,0.25018028945628223,0.2873809233218657,0.0,0.6942857142857143,0.251627228255086,0.28823462564115704,0.0,0.005934718100890208,0.005714285714285714,0.037142857142857144,2.7057142857142855,0.005934718100890208,0.0,0.031659981509118446,0.08436634914903716,11.14540059347181,0.0,0.0,0.15,0.08011869436201781,0,0.115567063605913,0.26337180266467475,0.18234026406843035,0.5943069785963556,0.0,0.5,0.0,0.1,0.0,0.1,0.05,0.08,0.005934718100890208,0.05,0.25
395,0.9754869529100768,0.5066622356603314,0.9734163282932676,0.5072656443934096,0.24899929058488912,0.5044663028212792,0.6795252225519288,0.24988355355123767,0.287202881778839,0.0,0.6542857142857142,0.25134151396937177,0.28806319706972844,0.0,0.008902077151335312,0.008571428571428572,0.037142857142857144,2.6685714285714286,0.005934718100890208,0.0,0.031659981509118446,0.08436634914903716,11.14540059347181,0.0,0.0,0.15,0.08011869436201781,0,0.11627494257359773,0.2660004352967928,0.18726488735849028,0.6095461218040829,0.0,0.3333333333333333,0.0,0.1,0.0,0.1,0.05,0.08,0.008902077151335312,0.05,0.25
396,0.9751410693819662,0.506113755335334,0.9730832918676295,0.506616722392776,0.24899929058488912,0.5044663028212792,0.7032640949554896,0.2497648591892199,0.28711386100732567,0.0,0.6771428571428572,0.25122722825508603,0.28797748278401414,0.0,0.002967359050445104,0.002857142857142857,0.037142857142857144,2.7057142857142855,0.008902077151335312,0.0,0.031659981509118446,0.08436634914903716,11.14540059347181,0.0,0.0,0.15,0.08011869436201781,0,0.11612213928930115,0.2646704331203088,0.18637673246846337,0.6114557484538323,0.0,0.0,0.0,0.1,0.0,0.1,0.05,0.08,0.002967359050445104,0.05,0.25
397,0.9745097824863409,0.5069452170820534,0.9722177155303947,0.5078140629499126,0.24899929058488912,0.5044663028212792,0.6577380952380952,0.24981394785412614,0.2872702748250386,0.0,0.6314285714285715,0.250827228255086,0.2878060542125856,0.0,0.017857142857142856,0.017142857142857144,0.04,2.7342857142857144,0.005952380952380952,0.002857142857142857,0.031671933582955995,0.08436634914903715,11.130952380952381,0.0,0.0,0.15,0.08035714285714286,0,0.11811295716428324,0.2633470809547072,0.19979205496195124,0.5992266334847558,0.0,1.0,0.0,0.1,0.0,0.1,0.05,0.08,0.017804154302670624,0.05,0.25
398,0.9762402820934122,0.5071917474160573,0.973878995153183,0.5081484557991965,0.24899929058488912,0.5044663028212792,0.6815476190476191,0.2495758526160309,0.2870917033964672,0.0,0.6542857142857142,0.2505986568265146,0.287634625641157,0.0,0.005952380952380952,0.005714285714285714,0.04,2.7057142857142855,0.005952380952380952,0.0,0.03167794129107153,0.08436634914903715,11.130952380952381,0.0,0.0,0.15,0.08035714285714286,0,0.11837953523560465,0.2703389059322736,0.20151049957699793,0.6372129554221924,0.0,0.0,0.0,0.1,0.0,0.1,0.05,0.08,0.005952380952380952,0.05,0.25
399,0.97571186853926,0.5063797382656108,0.9733717181411969,0.5073518507272472,0.24899929058488912,0.5044663028212792,0.7202380952380952,0.2493972811874595,0.2869577748250386,0.0,0.6914285714285714,0.250427228255086,0.28750605421258557,0.0,0.005952380952380952,0.005714285714285714,0.04,2.697142857142857,0.005952380952380952,0.0,0.03167794129107153,0.08436634914903715,11.130952380952381,0.0,0.0,0.15,0.08035714285714286,0,0.11864478041656952,0.2876671090572589,0.2031945752997437,0.6251641072009692,0.0,0.5,0.0,0.1,0.0,0.1,0.05,0.08,0.005952380952380952,0.05,0.25
400,0.9764418899682797,0.506189554330432,0.9740725387130559,0.5073224167981512,0.24899929058488912,0.5044663028212792,0.7113095238095238,0.24915918594936426,0.2867792033964672,0.0,0.6828571428571428,0.2501986568265146,0.28733462564115697,0.0,0.005952380952380952,0.005714285714285714,0.04,2.6685714285714286,0.005952380952380952,0.0,0.03167794129107153,0.08436634914903715,11.130952380952381,0.0,0.0,0.15,0.08035714285714286,0,0.11890869937162948,0.2908513165510545,0.20484496950803452,0.6126608250569497,0.0,0.5,0.0,0.1,0.0,0.1,0.05,0.08,0.005952380952380952,0.05,0.25
401,0.9759265057077684,0.507031467612198,0.9735777698229652,0.5082241499597097,0.24899929058488912,0.5044663028212792,0.7053571428571429,0.24904013833031666,0.28668991768218144,0.0,0.6771428571428572,0.2500843711122289,0.2872489113554427,0.0,0.005952380952380952,0.005714285714285714,0.04,2.722857142857143,0.002976190476190476,0.0,0.03167794129107153,0.08436634914903715,11.130952380952381,0.0,0.0,0.15,0.08035714285714286,0,0.11917129873191422,0.28939705996829923,0.20646235583215952,0.6004076085558108,0.0,1.0,0.0,0.1,0.0,0.1,0.05,0.08,0.005952380952380952,0.05,0.25
402,0.9761366231477305,0.506441913197425,0.9737794825653289,0.5075090931202333,0.24899929058488912,0.5044663028212792,0.75,0.24892109071126903,0.2866006319678957,0.0,0.72,0.24997008539794316,0.2871631970697285,0.0,0.002976190476190476,0.002857142857142857,0.04,2.7314285714285713,0.002976190476190476,0.0,0.03167794129107153,0.08436634914903715,11.130952380952381,0.0,0.0,0.15,0.08035714285714286,0,0.11900401366682607,0.28795007466845773,0.20519025157265922,0.6188533876477786,0.0,0.0,0.0,0.1,0.0,0.1,0.05,0.08,0.002976190476190476,0.05,0.25
403,0.9765665072995027,0.5062372186725126,0.9741921713510299,0.5073115565941649,0.24899929058488912,0.5044663028212792,0.6815476190476191,0.24880204309222137,0.28651134625361,0.0,0.6542857142857142,0.24985579968365748,0.2870774827840142,0.0,0.002976190476190476,0.002857142857142857,0.04,2.6942857142857144,0.002976190476190476,0.0,0.03167794129107153,0.08436634914903715,11.130952380952381,0.0,0.0,0.15,0.08035714285714286,0,0.11883756502706337,0.29161862686303563,0.2039435893983489,0.6347969093306975,0.0,0.0,0.0,0.1,0.0,0.1,0.05,0.08,0.002976190476190476,0.05,0.25
404,0.9762901217406149,0.5062247823227204,0.9739268412144978,0.5072053179515847,0.24899929058488912,0.5044663028212792,0.6934523809523809,0.24856394785412614,0.28633277482503866,0.0,0.6657142857142857,0.24962722825508601,0.2869060542125856,0.0,0.005952380952380952,0.005714285714285714,0.04,2.7314285714285713,0.002976190476190476,0.0,0.03167794129107153,0.08436634914903715,11.130952380952381,0.0,0.0,0.15,0.08035714285714286,0,0.1191005200590709,0.2957183287841549,0.20557900332466755,0.6336627615170405,0.0,0.0,0.0,0.1,0.0,0.1,0.05,0.08,0.005952380952380952,0.05,0.25
405,0.9752181984374856,0.5076095128455114,0.9728977948434935,0.508469231070751,0.24899929058488912,0.5044663028212792,0.7261904761904762,0.24850442404460235,0.28633277482503866,0.0,0.6971428571428572,0.24957008539794315,0.2869060542125856,0.0,0.002976190476190476,0.002857142857142857,0.04,2.665714285714286,0.0,0.0,0.03167794129107153,0.08436634914903715,11.130952380952381,0.0,0.0,0.15,0.08035714285714286,0,0.11893358888734698,0.29423973714023405,0.2043245661153171,0.6209895062866997,0.0,1.0,0.0,0.1,0.0,0.1,0.05,0.08,0.002976190476190476,0.05,0.25
406,0.9760547719126725,0.5079992902568414,0.973700905379673,0.5089047677083102,0.24899929058488912,0.5044663028212792,0.6934523809523809,0.24844490023507854,0.28628813196789576,0.0,0.6657142857142857,0.2495129425408003,0.2868631970697284,0.0,0.002976190476190476,0.002857142857142857,0.04,2.6942857142857144,0.0,0.0,0.03167794129107153,0.08436634914903715,11.130952380952381,0.0,0.0,0.15,0.08035714285714286,0,0.11876749237148167,0.2927685384545329,0.2030952176501536,0.6085697161609657,0.0,1.0,0.0,0.1,0.0,0.1,0.05,0.08,0.002976190476190476,0.05,0.25
407,0.975711471769881,0.5081783600838091,0.9733713372425933,0.5089215451273466,0.24899929058488912,0.5044663028212792,0.6994047619047619,0.24826632880650712,0.2861542033964672,0.0,0.6714285714285714,0.24934151396937174,0.28673462564115704,0.0,0.005952380952380952,0.005714285714285714,0.04,2.642857142857143,0.002976190476190476,0.0,0.03167794129107153,0.08436634914903715,11.130952380952381,0.0,0.0,0.15,0.08035714285714286,0,0.11903079776676712,0.30450786553436904,0.20474759901143622,0.6034647297788965,0.0,0.5,0.0,0.1,0.0,0.1,0.05,0.08,0.005952380952380952,0.05,0.25
408,0.9777235802662209,0.5072101214381772,0.9753029613990793,0.5079461307230161,0.24899929058488912,0.5044663028212792,0.6726190476190477,0.24826632880650712,0.2861542033964672,0.0,0.6457142857142857,0.24934151396937174,0.28673462564115704,0.0,0.0,0.0,0.04,2.5228571428571427,0.0,0.0,0.03167794129107153,0.08436634914903715,11.130952380952381,0.0,0.0,0.15,0.08035714285714286,0,0.11843564377793328,0.3029853262066972,0.20065264703120753,0.5913954351833186,0.0,0.0,0.0,0.1,0.0,0.1,0.05,0.08,0.0,0.05,0.25
409,0.978482148713257,0.507329331134805,0.9760311871082344,0.5082460694848928,0.24899929058488912,0.5044663028212792,0.7172619047619048,0.24796870975888807,0.2859309891107529,0.0,0.6885714285714286,0.24905579968365746,0.28652033992687126,0.0,0.011904761904761904,0.011428571428571429,0.04,2.505714285714286,0.0,0.0,0.03167794129107153,0.08436634914903715,11.130952380952381,0.0,0.0,0.15,0.08035714285714286,0,0.11955775127332934,0.30147039957566374,0.2080681655191548,0.5806401763409472,0.0,0.75,0.0,0.1,0.0,0.1,0.05,0.08,0.011904761904761904,0.05,0.25
410,0.9789146219729801,0.5067708119475531,0.9764463614375684,0.5075308707129041,0.24899929058488912,0.5044663028212792,0.6994047619047619,0.24773061452079284,0.28575241768218146,0.0,0.6714285714285714,0.248827228255086,0.28634891135544266,0.0,0.005952380952380952,0.005714285714285714,0.04,2.4771428571428573,0.0,0.0,0.03167794129107153,0.08436634914903715,11.130952380952381,0.0,0.0,0.15,0.08035714285714286,0,0.11981710537410556,0.31593560425217815,0.20962108792305736,0.5926023646428766,0.0,0.0,0.0,0.1,0.0,0.1,0.05,0.08,0.005952380952380952,0.05,0.25
411,0.9776183373611829,0.5060257727486177,0.975201928210243,0.5068975606593102,0.24899929058488912,0.5044663028212792,0.6636904761904762,0.24773061452079284,0.28575241768218146,0.0,0.6371428571428571,0.248827228255086,0.28634891135544266,0.0,0.0,0.0,0.04,2.46,0.0,0.0,0.03167794129107153,0.08436634914903715,11.130952380952381,0.0,0.0,0.15,0.08035714285714286,0,0.11921801984723501,0.3143559262309173,0.2054286661645962,0.5807503173500191,0.0,0.0,0.0,0.1,0.0,0.1,0.05,0.08,0.0,0.05,0.25
412,0.9784405518677705,0.5063946023350281,0.9759912541365671,0.5073844104619031,0.24899929058488912,0.5044663028212792,0.6726190476190477,0.24749251928269758,0.2856631319678958,0.0,0.6457142857142857,0.24859865682651458,0.28626319706972836,0.0,0.008928571428571428,0.008571428571428572,0.04,2.394285714285714,0.002976190476190476,0.0,0.03167794129107153,0.08436634914903715,11.130952380952381,0.0,0.0,0.15,0.08035714285714286,0,0.11984358684947426,0.3127841465997627,0.20989152141273287,0.5819541689298557,0.0,0.6666666666666666,0.0,0.1,0.0,0.1,0.05,0.08,0.008928571428571428,0.05,0.25
413,0.979072732505532,0.5062852586459782,0.9765981475488182,0.5073590244423146,0.24899929058488912,0.5044663028212792,0.6845238095238095,0.24737347166364998,0.28557384625361004,0.0,0.6571428571428571,0.24848437111222885,0.2861774827840141,0.0,0.002976190476190476,0.002857142857142857,0.04,2.357142857142857,0.0,0.0,0.03167794129107153,0.08436634914903715,11.130952380952381,0.0,0.0,0.15,0.08035714285714286,0,0.11967294034379831,0.3112202258667639,0.20855083384162107,0.5915544226804798,0.0,0.0,0.0,0.1,0.0,0.1,0.05,0.08,0.002976190476190476,0.05,0.25
414,0.9792854559283984,0.5067286769371557,0.9768023620347698,0.5077222085944376,0.24899929058488912,0.5044663028212792,0.6845238095238095,0.24725442404460238,0.28550899753238257,0.0,0.6571428571428571,0.24837008539794317,0.28611522801163575,0.0,0.002976190476190476,0.002857142857142857,0.04,2.28,0.002976190476190476,0.0,0.03167794129107153,0.08436634914903715,11.130952380952381,0.0,0.0,0.15,0.08035714285714286,0,0.11950314707065075,0.31553036031953186,0.2072369600219315,0.5840194419576673,0.0,0.0,0.0,0.1,0.0,0.1,0.05,0.08,0.002976190476190476,0.05,0.25
415,0.9796677499981383,0.5071411694755948,0.9771693643417205,0.5081132860803158,0.24899929058488912,0.5044663028212792,0.6815476190476191,0.2471353764255547,0.28550899753238257,0.0,0.6542857142857142,0.24825579968365746,0.28611522801163575,0.0,0.002976190476190476,0.002857142857142857,0.04,2.242857142857143,0.002976190476190476,0.0,0.03167794129107153,0.08436634914903715,11.130952380952381,0.0,0.0,0.15,0.08035714285714286,0,0.1189909177638689,0.3139527085179342,0.20594936367863576,0.5723390531185139,0.0,1.0,0.0,0.1,0.0,0.1,0.05,0.08,0.002976190476190476,0.05,0.25
416,0.9785343696408271,0.5072742585366757,0.9760813191987014,0.508238650390807,0.24899929058488912,0.5044663028212792,0.8035714285714286,0.2471353764255547,0.28550899753238257,0.0,0.7714285714285715,0.24825579968365746,0.28611522801163575,0.0,0.0,0.0,0.04,2.237142857142857,0.002976190476190476,0.0,0.03167794129107153,0.08436634914903715,11.130952380952381,0.0,0.0,0.15,0.08035714285714286,0,0.11839596317504958,0.3123829449753446,0.20183037640506302,0.5608922720561436,0.0,0.0,0.0,0.1,0.0,0.1,0.05,0.08,0.0,0.05,0.25
417,0.9786867317779414,0.508002141980969,0.9762275868503313,0.5087609231517459,0.24899929058488912,0.5044663028212792,0.7916666666666666,0.24683775737793567,0.2852857832466683,0.0,0.76,0.24797008539794316,0.2859009422973501,0.0,0.008928571428571428,0.008571428571428572,0.04,2.2857142857142856,0.0,0.0,0.03167794129107153,0.08436634914903715,11.130952380952381,0.0,0.0,0.15,0.08035714285714286,0,0.11908969764488858,0.31082103025046787,0.20636519744839035,0.5806422272035691,0.0,0.3333333333333333,0.0,0.1,0.0,0.1,0.05,0.08,0.008928571428571428,0.05,0.25
418,0.978681918095891,0.5080182669644658,0.9762229657155627,0.5087858849524517,0.24899929058488912,0.5044663028212792,0.8005952380952381,0.24671870975888807,0.2851964975323826,0.0,0.7685714285714286,0.24785579968365745,0.2858152280116358,0.0,0.002976190476190476,0.002857142857142857,0.04,2.2285714285714286,0.0,0.0,0.03167794129107153,0.08436634914903715,11.130952380952381,0.0,0.0,0.15,0.08035714285714286,0,0.11892282058523558,0.3092669250992155,0.20509503635656537,0.5926023646428766,0.0,0.0,0.0,0.1,0.0,0.1,0.05,0.08,0.002976190476190476,0.05,0.25
419,0.9781641720845444,0.5074347712057689,0.9757259295446702,0.5081128565694198,0.24899929058488912,0.5044663028212792,0.7976190476190477,0.24665918594936423,0.28515185467523974,0.0,0.7657142857142857,0.24779865682651459,0.2857723708687786,0.0,0.002976190476190476,0.002857142857142857,0.04,2.26,0.0,0.0,0.03167794129107153,0.08436634914903715,11.130952380952381,0.0,0.0,0.15,0.08035714285714286,0,0.11875677791088084,0.30772059047371947,0.2038502784865769,0.5807503173500191,0.0,1.0,0.0,0.1,0.0,0.1,0.05,0.08,0.002976190476190476,0.05,0.25
420,0.9793713566171485,0.507812446675326,0.97688482669597,0.5082689224137402,0.24899929058488912,0.5044663028212792,0.7797619047619048,0.24665918594936423,0.28515185467523974,0.0,0.7485714285714286,0.24779865682651459,0.2857723708687786,0.0,0.0,0.0,0.04,2.26,0.0,0.0,0.03167794129107153,0.08436634914903715,11.130952380952381,0.0,0.0,0.15,0.08035714285714286,0,0.11816299402132645,0.30618198752135084,0.1997732729168454,0.5691353110030188,0.0,0.0,0.0,0.1,0.0,0.1,0.05,0.08,0.0,0.05,0.25
421,0.9790846350971282,0.5067251351526788,0.9766095740367505,0.5075723866048647,0.24899929058488912,0.5044663028212792,0.7678571428571429,0.246421090711269,0.284992637234057,0.0,0.7371428571428571,0.24757008539794315,0.28561952212524316,0.0,0.005952380952380952,0.005714285714285714,0.04,2.3142857142857145,0.0,0.0,0.03167794129107153,0.08436634914903715,11.130952380952381,0.0,0.0,0.15,0.08035714285714286,0,0.11842932190836267,0.3046510775837441,0.2014920931727942,0.5746005285388235,0.0,0.0,0.0,0.1,0.0,0.1,0.05,0.08,0.005952380952380952,0.05,0.25
422,0.9787612959846893,0.5059925599044022,0.9762991684888092,0.5068029919419601,0.24899929058488912,0.5044663028212792,0.7767857142857143,0.24618299547317377,0.2848140658054855,0.0,0.7457142857142857,0.24734151396937173,0.2854480935538146,0.0,0.008928571428571428,0.008571428571428572,0.04,2.302857142857143,0.0,0.0,0.03167794129107153,0.08436634914903715,11.130952380952381,0.0,0.0,0.15,0.08035714285714286,0,0.11912288958453514,0.3031278221958254,0.20603367988076685,0.5631085179680471,0.0,1.0,0.0,0.1,0.0,0.1,0.05,0.08,0.008928571428571428,0.05,0.25
423,0.9799097183795734,0.5055134291148453,0.9774016539878979,0.506385461524159,0.24899929058488912,0.5044663028212792,0.7321428571428571,0.24612347166364992,0.2847694229483427,0.0,0.7028571428571428,0.2472843711122289,0.2854052364109575,0.0,0.002976190476190476,0.002857142857142857,0.04,2.322857142857143,0.0,0.0,0.03167794129107153,0.08436634914903715,11.130952380952381,0.0,0.0,0.15,0.08035714285714286,0,0.1189558465651839,0.3016121830848463,0.2047701491402944,0.5518463476086861,0.0,1.0,0.0,0.1,0.0,0.1,0.05,0.08,0.002976190476190476,0.05,0.25
424,0.9798927048314053,0.5056332797760257,0.9773853209816568,0.5062980673379176,0.24899929058488912,0.5044663028212792,0.7738095238095238,0.24588537642555475,0.28459085151977126,0.0,0.7428571428571429,0.24705579968365746,0.2852338078395289,0.0,0.005952380952380952,0.005714285714285714,0.04,2.3314285714285714,0.0,0.0,0.03167794129107153,0.08436634914903715,11.130952380952381,0.0,0.0,0.15,0.08035714285714286,0,0.11921821018950082,0.30010412216942206,0.20638903187177418,0.5721660412096116,0.0,0.0,0.0,0.1,0.0,0.1,0.05,0.08,0.005952380952380952,0.05,0.25
425,0.9797420569111674,0.5056367167919171,0.977240698978228,0.5063326002815284,0.24899929058488912,0.5044663028212792,0.7470238095238095,0.24564728118745946,0.284422652114885,0.0,0.7171428571428572,0.24682722825508605,0.28507233641083807,0.0,0.005952380952380952,0.005714285714285714,0.04,2.3457142857142856,0.002976190476190476,0.0,0.03167794129107153,0.08436634914903715,11.130952380952381,0.0,0.0,0.15,0.08035714285714286,0,0.11947926199569618,0.2986036015585749,0.20797553694862447,0.5914645541236021,0.0,0.0,0.0,0.1,0.0,0.1,0.05,0.08,0.005952380952380952,0.05,0.25
426,0.9781837467663533,0.5062285321554444,0.9757447212392065,0.5070697527412024,0.24899929058488912,0.5044663028212792,0.7767857142857143,0.24534966213984044,0.2841994378291707,0.0,0.7457142857142857,0.24654151396937177,0.2848580506965524,0.0,0.008928571428571428,0.008571428571428572,0.04,2.4114285714285715,0.002976190476190476,0.0,0.03167794129107153,0.08436634914903715,11.130952380952381,0.0,0.0,0.15,0.08035714285714286,0,0.12016757997143197,0.29711058355078207,0.21238745478108054,0.6055147084998711,0.0,0.3333333333333333,0.0,0.1,0.0,0.1,0.05,0.08,0.008928571428571428,0.05,0.25
427,0.9786955697698694,0.5073923176644184,0.9762360713225819,0.508264040887015,0.24899929058488912,0.5044663028212792,0.7797619047619048,0.24499251928269755,0.2839315806863136,0.0,0.7485714285714286,0.24619865682651462,0.2846009078394095,0.0,0.011904761904761904,0.011428571428571429,0.04,2.4371428571428573,0.0,0.0,0.03167794129107153,0.08436634914903715,11.130952380952381,0.0,0.0,0.15,0.08035714285714286,0,0.12128102778586053,0.29562503063302814,0.21956827711403032,0.6120949661806993,0.0,0.5,0.0,0.1,0.0,0.1,0.05,0.08,0.011904761904761904,0.05,0.25
428,0.9812864537356364,0.5074912997447626,0.9787233199297186,0.5081478063358541,0.24899929058488912,0.5044663028212792,0.7678571428571429,0.24445680499698336,0.28361908068631353,0.0,0.7371428571428571,0.24568437111222888,0.28430090783940953,0.0,0.017857142857142856,0.017142857142857144,0.04,2.4114285714285715,0.0,0.0,0.03167794129107153,0.08436634914903715,11.130952380952381,0.0,0.0,0.15,0.08035714285714286,0,0.12274939583047523,0.294146905479863,0.23231976871460688,0.6560330166085684,0.0,0.5,0.0,0.1,0.0,0.1,0.05,0.08,0.017857142857142856,0.05,0.25
429,0.98052723010713,0.5072159819027668,0.9779944652463525,0.5080024007732821,0.24899929058488912,0.5044663028212792,0.7440476190476191,0.24433775737793567,0.2835297949720278,0.0,0.7142857142857143,0.24557008539794317,0.28421519355369523,0.0,0.005952380952380952,0.005714285714285714,0.04,2.4285714285714284,0.0,0.0,0.03167794129107153,0.08436634914903715,11.130952380952381,0.0,0.0,0.15,0.08035714285714286,0,0.1229927917084657,0.29267617095246373,0.23338765905460043,0.642912356276397,0.0,1.0,0.0,0.1,0.0,0.1,0.05,0.08,0.005952380952380952,0.05,0.25
430,0.9803886896402394,0.5063558690073281,0.9778614663981373,0.5072670421332787,0.24899929058488912,0.5044663028212792,0.7261904761904762,0.24433775737793567,0.2835297949720278,0.0,0.6971428571428572,0.24557008539794317,0.28421519355369523,0.0,0.0,0.0,0.04,2.4314285714285715,0.005952380952380952,0.0,0.03167794129107153,0.08436634914903715,11.130952380952381,0.0,0.0,0.15,0.08035714285714286,0,0.12237782774992335,0.2912127900977014,0.2287199058735084,0.630054109150869,0.0,0.0,0.0,0.1,0.0,0.1,0.05,0.08,0.0,0.05,0.25
431,0.9799321341624453,0.5066336624656375,0.9774231731394549,0.5075112395607618,0.24899929058488912,0.5044663028212792,0.7976190476190477,0.2442782335684119,0.2835297949720278,0.0,0.7657142857142857,0.2455129425408003,0.28421519355369523,0.0,0.002976190476190476,0.002857142857142857,0.04,2.5228571428571427,0.002976190476190476,0.0,0.03167794129107153,0.08436634914903715,11.130952380952381,0.0,0.0,0.15,0.08035714285714286,0,0.12219451003974517,0.2897567261472129,0.2270026506131811,0.6343326806717603,0.0,1.0,0.0,0.1,0.0,0.1,0.05,0.08,0.002976190476190476,0.05,0.25
432,0.979737005464094,0.5059280077836694,0.9772358495890378,0.5070097599308203,0.24899929058488912,0.5044663028212792,0.7619047619047619,0.2442782335684119,0.2835297949720278,0.0,0.7314285714285714,0.2455129425408003,0.28421519355369523,0.0,0.0,0.0,0.04,2.5885714285714285,0.002976190476190476,0.0,0.03167794129107153,0.08436634914903715,11.130952380952381,0.0,0.0,0.15,0.08035714285714286,0,0.12158353748954645,0.2883079425164768,0.2224625976009175,0.6216460270583251,0.0,0.0,0.0,0.1,0.0,0.1,0.05,0.08,0.0,0.05,0.25
433,0.9805033421767492,0.5056065545593895,0.9779715328331866,0.506508625295934,0.24899929058488912,0.5044663028212792,0.7529761904761905,0.24404013833031662,0.2833512235434564,0.0,0.7228571428571429,0.24528437111222887,0.28404376498226663,0.0,0.005952380952380952,0.005714285714285714,0.04,2.6342857142857143,0.0,0.0,0.03167794129107153,0.08436634914903715,11.130952380952381,0.0,0.0,0.15,0.08035714285714286,0,0.12183276265924156,0.29898355501757645,0.22372763136318485,0.630050867861197,0.0,0.0,0.0,0.1,0.0,0.1,0.05,0.08,0.005952380952380952,0.05,0.25
434,0.97933752014748,0.5044236413503862,0.9768523436850881,0.5056293892311635,0.24899929058488912,0.5044663028212792,0.7023809523809523,0.24398061452079278,0.28330658068631354,0.0,0.6742857142857143,0.24522722825508603,0.2840009078394095,0.0,0.002976190476190476,0.002857142857142857,0.04,2.6857142857142855,0.002976190476190476,0.0,0.03167794129107153,0.08436634914903715,11.130952380952381,0.0,0.0,0.15,0.08035714285714286,0,0.12165217027451679,0.29748863724248853,0.22211022159306398,0.617449850503973,0.0,1.0,0.0,0.1,0.0,0.1,0.05,0.08,0.002976190476190476,0.05,0.25
435,0.9792142975136573,0.5036485193982873,0.9767340499566184,0.5048476504078774,0.24899929058488912,0.5044663028212792,0.7023809523809523,0.2438615669017452,0.28321729497202786,0.0,0.6742857142857143,0.2451129425408003,0.2839151935536952,0.0,0.002976190476190476,0.002857142857142857,0.04,2.7342857142857144,0.0,0.0,0.03167794129107153,0.08436634914903715,11.130952380952381,0.0,0.0,0.15,0.08035714285714286,0,0.12147248085171562,0.29600119405627606,0.22052516001834557,0.607305301601951,0.0,0.0,0.0,0.1,0.0,0.1,0.05,0.08,0.002976190476190476,0.05,0.25
436,0.9809491834141377,0.5030141668485613,0.9783995404210797,0.5041971212841795,0.24899929058488912,0.5044663028212792,0.7321428571428571,0.24384990866536663,0.28321729497202786,0.0,0.7028571428571428,0.24510175063387687,0.2839151935536952,0.0,0.002976190476190476,0.002857142857142857,0.04,2.782857142857143,0.0,0.0,0.03167794129107153,0.08436634914903715,11.130952380952381,0.0,0.0,0.15,0.08035714285714286,0,0.1212936898760285,0.2945211880859947,0.2189717996751215,0.6011583068262791,0.0,1.0,0.0,0.1,0.0,0.1,0.05,0.08,0.002976190476190476,0.05,0.25
437,0.9820252077148607,0.5038323246987082,0.9794325237497739,0.5051006408373392,0.24899929058488912,0.5044663028212792,0.7172619047619048,0.24361181342727137,0.2831280092577421,0.0,0.6885714285714286,0.24487317920530546,0.2838294792679809,0.0,0.005952380952380952,0.005714285714285714,0.04,2.842857142857143,0.002976190476190476,0.0,0.03167794129107153,0.08436634914903715,11.130952380952381,0.0,0.0,0.15,0.08035714285714286,0,0.12136785240746228,0.29304858214556473,0.2203066493959048,0.591459722393811,0.0,0.5,0.0,0.1,0.0,0.1,0.05,0.08,0.005952380952380952,0.05,0.25
438,0.9824513794044174,0.5047118024974837,0.9798416485717482,0.5057879546127314,0.24899929058488912,0.5044663028212792,0.6934523809523809,0.24349276580822377,0.2830387235434564,0.0,0.6657142857142857,0.24475889349101976,0.2837437649822666,0.0,0.002976190476190476,0.002857142857142857,0.04,2.9114285714285715,0.008928571428571428,0.0,0.03167794129107153,0.08436634914903715,11.130952380952381,0.0,0.0,0.15,0.08035714285714286,0,0.12118958457399641,0.2931281637105648,0.21875765926512958,0.5935776179550533,0.0,0.0,0.0,0.1,0.0,0.1,0.05,0.08,0.002976190476190476,0.05,0.25
439,0.9818687817040412,0.5046978042292514,0.9792823547793871,0.5058715052692936,0.24899929058488912,0.5044663028212792,0.6785714285714286,0.24319514676060475,0.2828155092577421,0.0,0.6514285714285715,0.24447317920530545,0.28352947926798094,0.0,0.008928571428571428,0.008571428571428572,0.04,2.902857142857143,0.005952380952380952,0.0,0.03167794129107153,0.08436634914903715,11.130952380952381,0.0,0.0,0.15,0.08035714285714286,0,0.1218693509368407,0.2936351622215036,0.22295393465125551,0.5963729612723471,0.0,0.3333333333333333,0.0,0.1,0.0,0.1,0.05,0.08,0.008928571428571428,0.05,0.25
440,0.9812818771005885,0.5053920764363752,0.9787189263600723,0.50670364013082,0.24899929058488912,0.5044663028212792,0.6875,0.24319514676060475,0.2828155092577421,0.0,0.66,0.24447317920530545,0.28352947926798094,0.0,0.0,0.0,0.04,2.88,0.002976190476190476,0.0,0.03167794129107153,0.08436634914903715,11.130952380952381,0.0,0.0,0.15,0.08035714285714286,0,0.12126000418215649,0.2921669864103961,0.2184948559582304,0.5844455020469002,0.0,0.0,0.0,0.1,0.0,0.1,0.05,0.08,0.0,0.05,0.25
441,0.9809352588701604,0.5047925941443016,0.9783861728588613,0.5060122282167132,0.24899929058488912,0.5044663028212792,0.6339285714285714,0.2430760991415571,0.2827262235434564,0.0,0.6085714285714285,0.24435889349101972,0.28344376498226664,0.0,0.005952380952380952,0.005714285714285714,0.04,2.9514285714285715,0.005952380952380952,0.0,0.03167794129107153,0.08436634914903715,11.130952380952381,0.0,0.0,0.15,0.08035714285714286,0,0.12151084701838859,0.2907061514783441,0.21983924455335155,0.5727565920059622,0.0,1.0,0.0,0.1,0.0,0.1,0.05,0.08,0.005952380952380952,0.05,0.25
442,0.9801787773890935,0.5053195315862181,0.9776599506370371,0.5065726329408758,0.24899929058488912,0.5044663028212792,0.6755952380952381,0.24283800390346186,0.282547652114885,0.0,0.6485714285714286,0.2441303220624483,0.2832723364108381,0.0,0.005952380952380952,0.005714285714285714,0.04,3.005714285714286,0.002976190476190476,0.0,0.03167794129107153,0.08436634914903715,11.130952380952381,0.0,0.0,0.15,0.08035714285714286,0,0.1217604356404395,0.2901095909794179,0.22115674537657018,0.6560972696590706,0.0,0.0,0.0,0.1,0.0,0.1,0.05,0.08,0.005952380952380952,0.05,0.25
443,0.979879910448823,0.5056980014229937,0.9773730383743776,0.5068534412645181,0.24899929058488912,0.5044663028212792,0.6934523809523809,0.24271895628441426,0.2824583664005993,0.0,0.6657142857142857,0.24401603634816257,0.2831866221251238,0.0,0.002976190476190476,0.002857142857142857,0.04,3.0314285714285716,0.002976190476190476,0.0,0.03167794129107153,0.08436634914903715,11.130952380952381,0.0,0.0,0.15,0.08035714285714286,0,0.12158020489080873,0.28865904302452083,0.21959075332618166,0.6528500338453282,0.0,0.0,0.0,0.1,0.0,0.1,0.05,0.08,0.002976190476190476,0.05,0.25
444,0.9788774961969127,0.5060766740973721,0.9764107206925434,0.5072587261373115,0.24899929058488912,0.5044663028212792,0.6696428571428571,0.2424213372367952,0.2822797949720278,0.0,0.6428571428571429,0.2437303220624483,0.2830151935536952,0.0,0.008928571428571428,0.008571428571428572,0.04,3.06,0.0,0.0,0.03167794129107153,0.08436634914903715,11.130952380952381,0.0,0.0,0.15,0.08035714285714286,0,0.12202647159887191,0.28721574780939824,0.22377036683108656,0.6397930331684216,0.0,1.0,0.0,0.1,0.0,0.1,0.05,0.08,0.008928571428571428,0.05,0.25
445,0.978940006468311,0.5066607671537147,0.9764707305530861,0.5077658959992942,0.24899929058488912,0.5044663028212792,0.6190476190476191,0.24212371818917616,0.2820565806863135,0.0,0.5942857142857143,0.24344460777673402,0.2828009078394095,0.0,0.008928571428571428,0.008571428571428572,0.04,2.9971428571428573,0.002976190476190476,0.0,0.03167794129107153,0.08436634914903715,11.130952380952381,0.0,0.0,0.15,0.08035714285714286,0,0.12270205352659183,0.28743088340131645,0.22786638806589338,0.650774929063335,0.0,0.3333333333333333,0.0,0.1,0.0,0.1,0.05,0.08,0.008928571428571428,0.05,0.25
446,0.9789114359502776,0.5065730230840966,0.9763131508248115,0.5076753802717006,0.24899929058488912,0.5044663028212792,0.7014925373134329,0.2419059993847821,0.281757078038179,0.0,0.6714285714285714,0.24344460777673402,0.2828009078394095,0.0,0.0,0.0,0.04285714285714286,3.0028571428571427,0.005970149253731343,0.002857142857142857,0.03173005837509354,0.08436634914903715,11.080597014925374,0.0,0.0,0.15,0.08059701492537313,0,0.12208854325895889,0.28599372898430986,0.22330906030457556,0.6377594304820683,0.0,0.0,0.0,0.1,0.0,0.1,0.05,0.08,0.0,0.05,0.25
447,0.978346638961134,0.5058763785315609,0.9757725594209171,0.5070286690560872,0.24899929058488912,0.5044663028212792,0.6268656716417911,0.2417865963997075,0.28166752579937304,0.0,0.6,0.24333032206244828,0.2827151935536952,0.0,0.0029850746268656717,0.002857142857142857,0.04285714285714286,2.9171428571428573,0.005970149253731343,0.0,0.03173005837509354,0.08436634914903715,11.080597014925374,0.0,0.0,0.15,0.08059701492537313,0,0.12190667197123552,0.28456376033938835,0.22170002195562685,0.6283472821521205,0.0,0.0,0.0,0.1,0.0,0.1,0.05,0.08,0.0029850746268656717,0.05,0.25
448,0.9804692307302663,0.5056029991648509,0.9778041829713724,0.5068545436787179,0.24899929058488912,0.5044663028212792,0.6895522388059702,0.24154779042955826,0.2815779735605671,0.0,0.66,0.24310175063387687,0.28262947926798093,0.0,0.005970149253731343,0.005714285714285714,0.04285714285714286,2.9057142857142857,0.008955223880597015,0.0,0.03173005837509354,0.08436634914903715,11.080597014925374,0.0,0.0,0.15,0.08059701492537313,0,0.12183914146495074,0.294971999303566,0.22298030723080006,0.6157803365090782,0.0,0.5,0.0,0.1,0.0,0.1,0.05,0.08,0.005970149253731343,0.05,0.25
449,0.9804071303613794,0.5057993517587525,0.9777447440468664,0.5069818244270485,0.24899929058488912,0.5044663028212792,0.6955223880597015,0.24107017848925977,0.2812197646053432,0.0,0.6657142857142857,0.24264460777673402,0.2822866221251238,0.0,0.011940298507462687,0.011428571428571429,0.04285714285714286,2.9114285714285715,0.005970149253731343,0.0,0.03173005837509354,0.08436634914903715,11.080597014925374,0.0,0.0,0.15,0.08059701492537313,0,0.12294423147191172,0.29362496342559863,0.22994927251475547,0.6181847429184637,0.0,0.0,0.0,0.1,0.0,0.1,0.05,0.08,0.011940298507462687,0.05,0.25
