t,mean_x,mean_y,mean_x_all,mean_y_all,mean_L,y0,mean_epc,mean_r,mean_b,fund_prevalence,mean_epc_all,mean_r_all,mean_b_all,fund_prevalence_all,punish_rate,mean_punished,exit_rate,mean_exit_intent,exit_attempt_rate,exit_success_rate,p_opp_mean,stay_value,mean_degree_active,threat,A,budget,enforcer_frac,n_cadre_fallback,cap_mean,cap_p90,service_mean,service_p90,monopoly_on,enforcer_punish_share_step,alpha_punish_revalue,delta_outside_degrade,mu_membership_reward,current_delta,eta_delta_drift,punish_floor,punish_intensity_step,pi_reward,lam_punish
0,0.3460554759692634,0.5198595024541505,0.3460554759692634,0.5198595024541505,0.25610319783984853,0.5,0.0,0.33332268306013546,0.34759783572478486,0.005714285714285714,0.0,0.33332268306013546,0.34759783572478486,0.005714285714285714,0.0,0.0,0.0,0.0,0.0,0.0,0.5,0.0,11.794285714285714,0.0,0.0,0.0,0.0,0,0.0,0.0,0.0,0.0,0.0,0.0,0.0,0.2,0.0,0.2,0.05,0.08,0.0,0.5,0.25
1,0.3545122369759929,0.5199828246390501,0.3545122369759929,0.5199828246390501,0.25610319783984853,0.5076304867315008,0.62,0.3341798259172783,0.348240692867642,0.005714285714285714,0.62,0.3341798259172783,0.348240692867642,0.005714285714285714,0.025714285714285714,0.025714285714285714,0.0,0.037142857142857144,0.0,0.0,0.0332968413707584,0.08436634914903715,11.794285714285714,0.0,0.0,0.15,0.08,28,0.0038571428571428567,0.0,0.025714285714285714,0.0,0.0,0.7777777777777778,0.0,0.2,0.0,0.2,0.05,0.08,0.025714285714285714,0.5,0.25
2,0.3623160475881245,0.5189192757327978,0.3623160475881245,0.5189192757327978,0.25610319783984853,0.5148992753811392,0.8085714285714286,0.33589411163156396,0.3495264071533563,0.008571428571428572,0.8085714285714286,0.33589411163156396,0.3495264071533563,0.008571428571428572,0.04857142857142857,0.04857142857142857,0.0,0.04,0.0,0.0,0.0332968413707584,0.08436634914903715,11.794285714285714,0.0,0.0,0.15,0.08,25,0.011123571428571429,0.0,0.07377142857142857,0.0,0.0,0.8823529411764706,0.0,0.2,0.0,0.2,0.05,0.08,0.04857142857142857,0.5,0.25
3,0.37092560273534503,0.518492351831348,0.37092560273534503,0.518492351831348,0.25610319783984853,0.5205689593286785,0.9114285714285715,0.3365945923499078,0.35021212143907055,0.008571428571428572,0.9114285714285715,0.3365945923499078,0.35021212143907055,0.008571428571428572,0.02857142857142857,0.02857142857142857,0.0,0.025714285714285714,0.0,0.0,0.0332968413707584,0.08436634914903715,11.794285714285714,0.0,0.0,0.15,0.08,23,0.015353667857142855,0.0,0.10086742857142858,0.0,0.0,0.9,0.0,0.2,0.0,0.2,0.05,0.08,0.02857142857142857,0.5,0.25
4,0.3820269749881868,0.5187108975140642,0.3820269749881868,0.5187108975140642,0.25610319783984853,0.5255762942016196,0.8771428571428571,0.3370517352070507,0.3507692642962134,0.008571428571428572,0.8771428571428571,0.3370517352070507,0.3507692642962134,0.008571428571428572,0.022857142857142857,0.022857142857142857,0.0,0.04,0.0,0.0,0.0332968413707584,0.08436634914903715,11.794285714285714,0.0,0.0,0.15,0.08,22,0.01870547094642857,0.0,0.12170722285714285,0.0,0.0,0.75,0.0,0.2,0.0,0.2,0.05,0.08,0.022857142857142857,0.5,0.25
5,0.3903644489806147,0.5191189334724573,0.3903644489806147,0.5191189334724573,0.25610319783984853,0.5299492211944478,0.9257142857142857,0.3380846382374865,0.3516692642962134,0.017142857142857144,0.9257142857142857,0.3380846382374865,0.3516692642962134,0.017142857142857144,0.02857142857142857,0.03142857142857143,0.0,0.03142857142857143,0.0,0.0,0.0332968413707584,0.08436634914903715,11.794285714285714,0.0,0.0,0.15,0.08,22,0.02332622930598214,0.0,0.15070164982857143,0.0,0.0,1.0,0.0,0.2,0.0,0.2,0.05,0.08,0.02857142857142857,0.5,0.25
6,0.39910986929331865,0.5192420132761826,0.39910986929331865,0.5192420132761826,0.25610319783984853,0.5283962199336157,0.8971428571428571,0.338872139964667,0.35282640715335634,0.017142857142857144,0.8971428571428571,0.338872139964667,0.35282640715335634,0.017142857142857144,0.04857142857142857,0.05142857142857143,0.0,0.05714285714285714,0.0,0.0,0.0332968413707584,0.08436634914903715,11.794285714285714,0.0,0.0,0.15,0.08,21,0.03028412838838348,0.0,0.19911618826057137,0.0,0.0,0.8888888888888888,0.0,0.2,0.0,0.2,0.05,0.08,0.04857142857142857,0.5,0.25
7,0.4076093030467671,0.5189641507146033,0.4076093030467671,0.5189641507146033,0.25610319783984853,0.5268388679588003,0.8971428571428571,0.34018642567895274,0.3541082166434897,0.017142857142857144,0.8971428571428571,0.34018642567895274,0.3541082166434897,0.017142857142857144,0.05714285714285714,0.05714285714285714,0.0,0.045714285714285714,0.0,0.0,0.0332968413707584,0.08436634914903715,11.794285714285714,0.0,0.0,0.15,0.08,18,0.036815670866624156,0.0,0.2522767216382171,0.0,0.0,0.95,0.0,0.2,0.0,0.2,0.05,0.08,0.05714285714285714,0.5,0.25
8,0.41504874259257835,0.5187436376440484,0.41504874259257835,0.5187436376440484,0.25610319783984853,0.5249612150442371,0.8914285714285715,0.3412404572444386,0.3550510737863468,0.02,0.8914285714285715,0.3412404572444386,0.3550510737863468,0.02,0.04285714285714286,0.04285714285714286,0.0,0.06571428571428571,0.0,0.0,0.0332968413707584,0.08436634914903715,11.794285714285714,0.0,0.0,0.15,0.08,13,0.04183159251229103,0.0,0.2900883300625956,0.0,0.0,0.8666666666666667,0.0,0.2,0.0,0.2,0.05,0.08,0.04285714285714286,0.5,0.25
9,0.4246468423227767,0.5182585795641755,0.4246468423227767,0.5182585795641755,0.25610319783984853,0.5238054899329565,0.8828571428571429,0.34312617153015285,0.35659393092920394,0.022857142857142857,0.8828571428571429,0.34312617153015285,0.35659393092920394,0.022857142857142857,0.07428571428571429,0.07714285714285714,0.0,0.09714285714285714,0.0,0.0,0.0332968413707584,0.08436634914903715,11.794285714285714,0.0,0.0,0.15,0.08,12,0.050679577406872435,0.0,0.36142942060420086,0.0,0.0,1.0,0.0,0.2,0.0,0.2,0.05,0.08,0.07428571428571429,0.5,0.25
10,0.4364138194646666,0.5185095874888773,0.4364138194646666,0.5185095874888773,0.25610319783984853,0.5222533104267691,0.8885714285714286,0.34518331438729577,0.35826535950063254,0.02857142857142857,0.8885714285714286,0.34518331438729577,0.35826535950063254,0.02857142857142857,0.07428571428571429,0.07428571428571429,0.0,0.09428571428571429,0.0,0.0,0.0332968413707584,0.08436634914903715,11.794285714285714,0.0,0.0,0.15,0.08,10,0.05835032572358785,0.0,0.42848654647783113,0.0,0.0,1.0,0.0,0.2,0.0,0.2,0.05,0.08,0.07428571428571429,0.5,0.25
11,0.4463538114961911,0.5175505402201022,0.4463538114961911,0.5175505402201022,0.25610319783984853,0.5207518395099947,0.9028571428571428,0.34646710800320485,0.35938175947517187,0.03142857142857143,0.9028571428571428,0.34646710800320485,0.35938175947517187,0.03142857142857143,0.06571428571428571,0.06857142857142857,0.0,0.13428571428571429,0.0,0.0,0.0332968413707584,0.08436634914903715,11.794285714285714,0.0,0.0,0.15,0.08,10,0.0652290363422745,0.0,0.4884882441197031,0.0,0.0,0.9166666666666666,0.0,0.2,0.0,0.2,0.05,0.08,0.06571428571428571,0.5,0.25
12,0.4556110219206784,0.5174777034625463,0.4556110219206784,0.5174777034625463,0.25610319783984853,0.5190618915884114,0.9228571428571428,0.3475158213094245,0.3607103309037434,0.037142857142857144,0.9228571428571428,0.3475158213094245,0.3607103309037434,0.037142857142857144,0.07142857142857142,0.07428571428571429,0.0,0.1742857142857143,0.0,0.0,0.0332968413707584,0.08436634914903715,11.794285714285714,0.0,0.0,0.15,0.08,10,0.0696215026812764,0.0,0.5530041935230232,0.0,0.0,0.9615384615384616,0.0,0.2,0.0,0.2,0.05,0.08,0.07142857142857142,0.5,0.25
13,0.4664202380628627,0.5174229482054528,0.4664202380628627,0.5174229482054528,0.25610319783984853,0.5176709321379382,0.9457142857142857,0.3479344532007474,0.3612674737608862,0.037142857142857144,0.9457142857142857,0.3479344532007474,0.3612674737608862,0.037142857142857144,0.03142857142857143,0.03428571428571429,0.0,0.1742857142857143,0.0,0.0,0.0332968413707584,0.08436634914903715,11.794285714285714,0.0,0.0,0.15,0.08,10,0.07233053802501287,0.0,0.5762298239382772,0.0,0.0,1.0,0.0,0.2,0.0,0.2,0.05,0.08,0.03142857142857143,0.5,0.25
14,0.4752159532152398,0.5159955976267561,0.4752159532152398,0.5159955976267561,0.25610319783984853,0.5163807044379017,0.9285714285714286,0.3494773103436046,0.3632248426921721,0.04,0.9285714285714286,0.3494773103436046,0.3632248426921721,0.04,0.09714285714285714,0.10285714285714286,0.0,0.22285714285714286,0.0,0.0,0.03320961930877521,0.08436634914903715,11.794285714285714,0.0,0.0,0.15,0.08,10,0.0816734624616357,0.0,0.6675623703166543,0.0,0.0,0.9444444444444444,0.0,0.2,0.0,0.2072857142857143,0.05,0.08,0.09714285714285714,0.5,0.25
15,0.485589499681669,0.5161599603293446,0.485589499681669,0.5161599603293446,0.25610319783984853,0.5148984263092315,0.9057142857142857,0.351145330547119,0.36483283201419825,0.04,0.9057142857142857,0.351145330547119,0.36483283201419825,0.04,0.08571428571428572,0.09142857142857143,0.0,0.27714285714285714,0.0,0.0,0.033137385986088154,0.08436634914903715,11.794285714285714,0.0,0.0,0.15,0.08,9,0.08690593008126846,0.13990478651427668,0.7456396943388927,0.7551799862534223,0.0,0.96875,0.0,0.2,0.0,0.21335,0.05,0.08,0.08571428571428572,0.5,0.25
16,0.4951101533787492,0.5166140921605146,0.4951101533787492,0.5166140921605146,0.25610319783984853,0.5134555791246406,0.9028571428571428,0.35319347670577816,0.36688997487134106,0.04,0.9028571428571428,0.35319347670577816,0.36688997487134106,0.04,0.11428571428571428,0.12857142857142856,0.0,0.35428571428571426,0.0,0.0,0.033043737639560096,0.08436634914903715,11.794285714285714,0.0,0.0,0.15,0.08,8,0.0954557408882375,0.13990478651427668,0.8592983290235432,0.7551799862534223,0.0,0.9777777777777777,0.0,0.2,0.0,0.2212539285714286,0.05,0.08,0.11428571428571428,0.5,0.25
17,0.5035286886247538,0.5158424179308443,0.5035286886247538,0.5158424179308443,0.25610319783984853,0.5122751198187362,0.9,0.3539652259161578,0.3683410353293782,0.04,0.9,0.3539652259161578,0.3683410353293782,0.04,0.07142857142857142,0.08,0.0,0.44285714285714284,0.0,0.0,0.033043737639560096,0.08436634914903715,11.794285714285714,0.0,0.0,0.15,0.08,4,0.09912292423272138,0.1400463848182813,0.9221123624430727,0.7583508824023922,0.0,0.9285714285714286,0.0,0.2,0.0,0.2212539285714286,0.05,0.08,0.07142857142857142,0.5,0.25
18,0.5106599709436784,0.5170274443597656,0.5106599709436784,0.5170274443597656,0.25610319783984853,0.5108271187356739,0.8771428571428571,0.35447951163044356,0.37005532104366384,0.04285714285714286,0.8771428571428571,0.35447951163044356,0.37005532104366384,0.04285714285714286,0.09142857142857143,0.09142857142857143,0.0,0.5428571428571428,0.0,0.0,0.03297543946337331,0.08436634914903715,11.794285714285714,0.0,0.0,0.15,0.08,4,0.10159802461155777,0.14490087495962437,0.9950986866227826,0.8698972180084482,0.0,0.9375,0.0,0.2,0.0,0.22704837500000002,0.05,0.08,0.09142857142857143,0.5,0.25
19,0.5198955262833928,0.517142238982751,0.5198955262833928,0.517142238982751,0.25610319783984853,0.5095293032389219,0.8742857142857143,0.3552223687733007,0.3708025848354411,0.04285714285714286,0.8742857142857143,0.3552223687733007,0.3708025848354411,0.04285714285714286,0.06571428571428571,0.07714285714285714,0.0,0.6342857142857142,0.0,0.0,0.03297543946337331,0.08436634914903715,11.794285714285714,0.0,0.0,0.15,0.08,3,0.10440360663135713,0.14417637058482624,1.0523395700331841,0.8524992736482793,0.0,1.0,0.0,0.2,0.0,0.22704837500000002,0.05,0.08,0.06571428571428571,0.5,0.25
20,0.5310262445681103,0.5159036187848467,0.5310262445681103,0.5159036187848467,0.25610319783984853,0.5084380335863142,0.8771428571428571,0.35562236877330067,0.37152296199543516,0.04285714285714286,0.8771428571428571,0.35562236877330067,0.37152296199543516,0.04285714285714286,0.08857142857142856,0.09428571428571429,0.0,0.7028571428571428,0.005714285714285714,0.0,0.03291334428412671,0.08436634914903715,11.794285714285714,0.0,0.0,0.15,0.08,2,0.10602387431248605,0.14424914852302798,1.1255784929182346,0.8542709584100077,0.0,0.9696969696969697,0.0,0.2,0.0,0.23233881339285717,0.05,0.08,0.08857142857142856,0.5,0.25
21,0.5396428004601208,0.5151627384832347,0.5396428004601208,0.5151627384832347,0.25610319783984853,0.5072058279433758,0.8514285714285714,0.35630808305901496,0.37240374103511426,0.045714285714285714,0.8514285714285714,0.35630808305901496,0.37240374103511426,0.045714285714285714,0.11142857142857143,0.11714285714285715,0.0,0.8342857142857143,0.008571428571428572,0.0,0.03283459440974939,0.08436634914903715,11.794285714285714,0.0,0.0,0.15,0.08,2,0.10855004208378077,0.14352790278041283,1.220209780202727,0.8371855392418075,0.0,1.0,0.0,0.2,0.0,0.23907901558035716,0.05,0.08,0.11142857142857143,0.5,0.25
22,0.5505448943972188,0.5152484704667318,0.5505448943972188,0.5152484704667318,0.25610319783984853,0.5061704486202673,0.8142857142857143,0.35699379734472925,0.3729608838922572,0.04857142857142857,0.8142857142857143,0.35699379734472925,0.3729608838922572,0.04857142857142857,0.10571428571428572,0.10857142857142857,0.0,0.9742857142857143,0.008571428571428572,0.0,0.03276512685125007,0.08436634914903715,11.794285714285714,0.0,0.0,0.15,0.08,2,0.111750149016219,0.14417637058482624,1.304377013170101,0.8524992736482793,0.0,0.9473684210526315,0.0,0.2,0.0,0.24505363622991072,0.05,0.08,0.10571428571428572,0.5,0.25
23,0.5584214343717457,0.5151247783364693,0.5584214343717457,0.5151247783364693,0.25610319783984853,0.5050591378968533,0.8114285714285714,0.3576223687733007,0.37382279794197454,0.04857142857142857,0.8114285714285714,0.3576223687733007,0.37382279794197454,0.04857142857142857,0.1,0.10571428571428572,0.0,1.0771428571428572,0.014285714285714285,0.0,0.03270437649849134,0.08436634914903715,11.794285714285714,0.0,0.0,0.15,0.08,2,0.11456254112828076,0.14490087495962437,1.3840037586209848,0.8698972180084482,0.0,0.9459459459459459,0.0,0.2,0.0,0.2503009544184152,0.05,0.08,0.1,0.5,0.25
24,0.5692430113767132,0.5158257647795016,0.5692430113767132,0.5158257647795016,0.25610319783984853,0.5039633964355803,0.7771428571428571,0.3584795116304435,0.3747227979419745,0.05142857142857143,0.7771428571428571,0.3584795116304435,0.3747227979419745,0.05142857142857143,0.10857142857142857,0.12571428571428572,0.0,1.2685714285714285,0.022857142857142857,0.0,0.03263949123450732,0.08436634914903715,11.794285714285714,0.0,0.0,0.15,0.08,2,0.11857644502189464,0.14482809702142263,1.4820379691628507,0.8681255332467198,0.0,0.9772727272727273,0.0,0.2,0.0,0.25592876384035157,0.05,0.08,0.10857142857142857,0.5,0.25
25,0.5760023962911096,0.5146638956800664,0.576431177108213,0.514848911034208,0.25610319783984853,0.5027347531463063,0.8080229226361032,0.35998601771204064,0.3766091987569338,0.05157593123209169,0.8057142857142857,0.35967951163044354,0.37587994079911735,0.05142857142857143,0.10601719197707736,0.13142857142857142,0.002857142857142857,1.3914285714285715,0.03151862464183381,0.002857142857142857,0.03257241022029013,0.08436634914903715,11.793696275071634,0.0,0.0,0.15,0.08022922636103152,2,0.12291308426152282,0.14417637058482624,1.5838257812081649,0.8524992736482793,0.0,0.9782608695652174,0.0,0.2,0.0,0.26106089707690544,0.05,0.08,0.10571428571428572,0.5,0.25
26,0.5831320963103105,0.5158245355472876,0.5835405065559305,0.5159929470498901,0.25610319783984853,0.5015050929278093,0.7765042979942693,0.3610175363366825,0.3772559631270299,0.05157593123209169,0.7742857142857142,0.3607080830590149,0.37652485727101326,0.05142857142857143,0.10888252148997135,0.12857142857142856,0.002857142857142857,1.5885714285714285,0.04011461318051576,0.0,0.03252065192067164,0.08436634914903715,11.793696275071634,0.0,0.0,0.15,0.08022922636103152,2,0.12741251884021518,0.14702242509375,1.6807206941554302,0.9223681599999999,0.0,0.9111111111111111,0.0,0.2,0.0,0.26617404133480804,0.05,0.08,0.10888252148997135,0.5,0.25
27,0.5906674762434511,0.5155133761750632,0.5910543568321193,0.5156832216765399,0.25610319783984853,0.5003715591514688,0.7736389684813754,0.36328100166878446,0.37869844197005564,0.054441260744985676,0.7714285714285715,0.362965081347311,0.37796321474591593,0.054285714285714284,0.1318051575931232,0.15428571428571428,0.002857142857142857,1.72,0.05730659025787966,0.0,0.03244577651477799,0.08436634914903715,11.793696275071634,0.0,0.0,0.15,0.08022922636103152,2,0.13354901293261606,0.14702242509375,1.801391994558036,0.9223681599999999,0.0,0.9814814814814815,0.0,0.2,0.0,0.2727507260875519,0.05,0.08,0.1318051575931232,0.5,0.25
28,0.5989189355853138,0.5153875136581191,0.598850461636519,0.5157872136721641,0.25610319783984853,0.4993435462602658,0.7270114942528736,0.3642866741529418,0.37827643442310016,0.05459770114942529,0.7228571428571429,0.3635543789960027,0.37804892903163023,0.054285714285714284,0.10632183908045977,0.12,0.005714285714285714,1.8942857142857144,0.05459770114942529,0.002857142857142857,0.03240884075477828,0.08436634914903715,11.758620689655173,0.0,0.0,0.15,0.08045977011494253,1,0.13445918207153282,0.147096305709375,1.8853641546668751,0.9242505440000003,0.0,0.9523809523809523,0.0,0.2,0.0,0.27727937889492216,0.05,0.08,0.10888252148997135,0.5,0.25
29,0.6064213517233055,0.5134887534531636,0.6063100068251507,0.5138884570512954,0.25610319783984853,0.4984384385391911,0.735632183908046,0.3646889730035165,0.37857815856103116,0.05459770114942529,0.7314285714285714,0.3639543789960027,0.37834892903163025,0.054285714285714284,0.10057471264367816,0.10857142857142857,0.005714285714285714,2.0742857142857143,0.06896551724137931,0.0,0.03238418367409363,0.08436634914903715,11.758620689655173,0.0,0.0,0.15,0.08045977011494253,1,0.1346153147326037,0.14636082418082813,1.9562283001449663,0.9057655331200002,0.0,1.0,0.0,0.2,0.0,0.2809585133984519,0.05,0.08,0.10057471264367816,0.5,0.25
30,0.6135128424270396,0.5139768977722206,0.6120456978407378,0.5138178300469288,0.25610319783984853,0.4976428100078423,0.7023121387283237,0.3652705415912992,0.38052633748073394,0.05491329479768786,0.6942857142857143,0.3644981780855047,0.37886321474591594,0.054285714285714284,0.09248554913294797,0.10857142857142857,0.011428571428571429,2.2485714285714287,0.06358381502890173,0.005714285714285714,0.03249029177547304,0.08436634914903715,11.277456647398845,0.0,0.0,0.15,0.08092485549132948,1,0.1361129531589407,0.14636082418082813,2.0256751627134957,0.9057655331200002,0.0,0.9736842105263158,0.0,0.2,0.0,0.2840226566940465,0.05,0.08,0.09482758620689655,0.5,0.25
31,0.6222007726394466,0.513987444985882,0.6195857248787944,0.5137940916752487,0.25610319783984853,0.49665410349270883,0.686046511627907,0.3646657771846703,0.3824218372191158,0.055232558139534885,0.6742857142857143,0.3651267495140761,0.37980607188877313,0.054285714285714284,0.11627906976744186,0.13714285714285715,0.017142857142857144,2.442857142857143,0.07267441860465117,0.005714285714285714,0.032649343535236436,0.08436634914903716,11.069767441860465,0.0,0.0,0.15,0.08139534883720931,1,0.1390297070428815,0.14562902005992398,2.1223045166020826,0.8876502224576002,0.0,1.0,0.0,0.2,0.0,0.2887088070963384,0.05,0.08,0.11849710982658959,0.5,0.25
32,0.6312915753550284,0.5135851467889222,0.6284843854105655,0.5132134567330247,0.25610319783984853,0.4958125361169812,0.6938775510204082,0.3638246551334186,0.3828282104572787,0.05539358600583091,0.68,0.3656981780855047,0.3806365437022326,0.05714285714285714,0.09912536443148688,0.11428571428571428,0.02,2.6342857142857143,0.07580174927113703,0.002857142857142857,0.0327246166722333,0.08436634914903715,11.03206997084548,0.0,0.0,0.15,0.08163265306122448,1,0.1416459935693711,0.14555587640343984,2.194144140555755,0.8858423808639998,0.0,0.925,0.0,0.2,0.0,0.2916861574391959,0.05,0.08,0.09883720930232558,0.5,0.25
33,0.6395326603281473,0.5128139088050876,0.6357445439846698,0.5124335922095867,0.25610319783984853,0.49488736300557845,0.7076023391812866,0.3648850618672179,0.38264387289071317,0.05847953216374269,0.6914285714285714,0.36609817808550466,0.38093654370223257,0.06,0.08771929824561403,0.09714285714285714,0.022857142857142857,2.8314285714285714,0.08771929824561403,0.002857142857142857,0.03273964465044151,0.08436634914903715,11.0,0.0,0.0,0.15,0.07894736842105263,0,0.1426514778872385,0.14490087495962437,2.247404114887497,0.8698972180084482,0.0,0.9705882352941176,0.0,0.2,0.0,0.2936616163310845,0.05,0.08,0.08746355685131195,0.5,0.25
34,0.6451422009453281,0.512377364090551,0.6414543813002016,0.5122076153598636,0.25610319783984853,0.49393624453870194,0.6970588235294117,0.3652596104412969,0.3842780484572397,0.061764705882352944,0.6771428571428572,0.3668981780855047,0.3817508294165183,0.06285714285714286,0.11764705882352941,0.13142857142857142,0.02857142857142857,3.057142857142857,0.08235294117647059,0.005714285714285714,0.03278947884786166,0.08436634914903715,10.905882352941177,0.0,0.0,0.15,0.07941176470588235,0,0.1441662204978023,0.14417637058482624,2.3338846040183188,0.8524992736482793,0.0,1.0,0.0,0.2,0.0,0.29775046533909166,0.05,0.08,0.11695906432748537,0.5,0.25
35,0.6521494931607871,0.5120784444344564,0.6478568213161515,0.5116642089079448,0.25610319783984853,0.4931681871729732,0.6666666666666666,0.36632456310192324,0.3847656800124431,0.061946902654867256,0.6457142857142857,0.3672981780855047,0.3822222579879469,0.06285714285714286,0.0943952802359882,0.10857142857142857,0.03142857142857143,3.22,0.0943952802359882,0.002857142857142857,0.0328246715548607,0.08436634914903716,10.843657817109145,0.0,0.0,0.15,0.07964601769911504,0,0.14607239652033116,0.14497401861610854,2.39577834050938,0.8717050596020486,0.0,0.9210526315789473,0.0,0.2,0.0,0.30014235383684296,0.05,0.08,0.09705882352941177,0.5,0.25
36,0.6600682860536461,0.5118562189732807,0.6553298930728665,0.5118182392477308,0.25610319783984853,0.4923624944016543,0.6804733727810651,0.3664251321804379,0.3854005810367816,0.0621301775147929,0.6571428571428571,0.3674696066569333,0.38247940084508975,0.06285714285714286,0.10650887573964497,0.11714285714285715,0.03428571428571429,3.4314285714285715,0.09467455621301775,0.002857142857142857,0.03285434610783055,0.08436634914903716,10.751479289940828,0.0,0.0,0.15,0.07988165680473373,0,0.1466844631091581,0.14570253127247088,2.4650056308420503,0.8894949587776007,0.0,0.975609756097561,0.0,0.2,0.0,0.3033210768529654,0.05,0.08,0.10914454277286136,0.5,0.25
37,0.6668519247736568,0.5113098521816681,0.6613476424275208,0.5113928322551431,0.25610319783984853,0.49183148185767245,0.6934523809523809,0.36668465548541573,0.38600611961395837,0.0625,0.6657142857142857,0.3681553209426475,0.38300593712189823,0.06285714285714286,0.10416666666666667,0.13142857142857142,0.04,3.625714285714286,0.10119047619047619,0.005714285714285714,0.03289152345942782,0.08436634914903715,10.696428571428571,0.0,0.0,0.15,0.08035714285714286,0,0.1485818177982696,0.14628731296828124,2.547134089653781,0.9039207967999998,0.0,0.9347826086956522,0.0,0.2,0.0,0.30636508218191477,0.05,0.08,0.10946745562130178,0.5,0.25
38,0.6710077601284131,0.510690748088931,0.6652900744559395,0.5108125575008032,0.25610319783984853,0.49128688586591795,0.6238805970149254,0.36551057983014823,0.38472138953087653,0.0626865671641791,0.5971428571428572,0.3688410352283618,0.3835305351291944,0.06571428571428571,0.11343283582089553,0.13142857142857142,0.04285714285714286,3.8257142857142856,0.10149253731343283,0.002857142857142857,0.032853395663471785,0.08436634914903715,10.704477611940298,0.0,0.0,0.15,0.07761194029850746,0,0.15169576585213537,0.147835483125,2.627619979289276,0.9431128000000003,0.0,0.9347826086956522,0.0,0.2,0.0,0.30975218521567616,0.05,0.08,0.11607142857142858,0.5,0.25
39,0.6786276169584787,0.5104419614273297,0.672583365993288,0.5105393398765362,0.25610319783984853,0.4910552405288701,0.6268656716417911,0.36566485791437103,0.3850348223666974,0.0626865671641791,0.6,0.3689887013946893,0.38383053512919435,0.06571428571428571,0.1044776119402985,0.11142857142857143,0.04285714285714286,4.054285714285714,0.11044776119402985,0.0,0.03282628333559234,0.08436634914903715,10.704477611940298,0.0,0.0,0.15,0.08059701492537313,0,0.1518225727371604,0.147835483125,2.6864961511320624,0.9431128000000003,0.0,0.9743589743589743,0.0,0.2,0.0,0.31210039685041474,0.05,0.08,0.1044776119402985,0.5,0.25
40,0.6861130286871366,0.5106028563351437,0.6800287258570511,0.5104423607489124,0.25610319783984853,0.4907444666217193,0.6246246246246246,0.36647860215589806,0.38440286666446183,0.06306306306306306,0.5942857142857143,0.3696744156804036,0.3845591065577658,0.06571428571428571,0.12312312312312312,0.1457142857142857,0.04857142857142857,4.2371428571428575,0.12912912912912913,0.005714285714285714,0.03278791699151512,0.08436634914903715,10.672672672672673,0.0,0.0,0.15,0.08108108108108109,0,0.1546058884449032,0.147835483125,2.7784805138237063,0.9431128000000003,0.0,0.9607843137254902,0.0,0.2,0.0,0.3161222426795358,0.05,0.08,0.12835820895522387,0.5,0.25
41,0.6913938145681334,0.5101197728877778,0.6821228279972825,0.5096784040250227,0.25610319783984853,0.49066754803251156,0.601823708206687,0.3690770710542296,0.38773148161512655,0.06990881458966565,0.5657142857142857,0.3705887013946893,0.38550196370062295,0.07142857142857142,0.12462006079027356,0.1457142857142857,0.06,4.474285714285714,0.1276595744680851,0.011428571428571429,0.032847800637795146,0.08436634914903716,10.389057750759878,0.0,0.0,0.15,0.08206686930091185,0,0.15851857328839294,0.14776123124999999,2.868625189261518,0.9411919999999999,0.0,0.9803921568627451,0.0,0.2,0.0,0.32022604045546893,0.05,0.08,0.13213213213213212,0.5,0.25
42,0.6980324486604994,0.5103251666451165,0.6868531106212239,0.5092896923671333,0.25610319783984853,0.49084189065267925,0.6388888888888888,0.3725550958787755,0.39029078516920634,0.07407407407407407,0.5914285714285714,0.3714458442518322,0.38625307285295485,0.07428571428571429,0.10802469135802469,0.12,0.07428571428571429,4.6571428571428575,0.12654320987654322,0.014285714285714285,0.03318585945613616,0.08436634914903715,9.734567901234568,0.0,0.0,0.15,0.08024691358024691,0,0.16078267290208245,0.14717055758437503,2.9312526854762875,0.9261713440000008,0.0,0.9523809523809523,0.0,0.2,0.0,0.32264938888862255,0.05,0.08,0.11246200607902736,0.5,0.25
43,0.7046079461526804,0.5105389064899911,0.6928146565660689,0.5094579460839626,0.25610319783984853,0.4907586492332865,0.6335403726708074,0.3750100798793453,0.3920098634688316,0.07453416149068323,0.5828571428571429,0.3721315585375464,0.3867673585672406,0.07428571428571429,0.11180124223602485,0.12571428571428572,0.08,4.8428571428571425,0.12732919254658384,0.005714285714285714,0.03343184494042992,0.08436634914903715,9.677018633540373,0.0,0.0,0.15,0.08074534161490683,0,0.16137875138696178,0.14643470479645315,2.998341917481048,0.9076479171200007,0.0,1.0,0.0,0.2,0.0,0.3248502527775248,0.05,0.08,0.1111111111111111,0.5,0.25
44,0.7116212533152745,0.5089122945319117,0.6985664185244549,0.5083407104599148,0.25610319783984853,0.49061920161258865,0.6292834890965732,0.37667831655697653,0.3917386543314401,0.0778816199376947,0.5771428571428572,0.37315654652659574,0.38746005448926285,0.07714285714285714,0.13707165109034267,0.14285714285714285,0.08285714285714285,5.008571428571429,0.1308411214953271,0.002857142857142857,0.033465824501761894,0.08436634914903715,9.532710280373832,0.0,0.0,0.15,0.08099688473520249,0,0.1624554285816496,0.14570253127247088,3.0812322219885697,0.8894949587776007,0.0,1.0,0.0,0.2,0.0,0.32908910659827584,0.05,0.08,0.13975155279503104,0.5,0.25
45,0.7213172107186625,0.5076178087290347,0.7063491903214557,0.5069388908780229,0.25610319783984853,0.4905749292057914,0.6163522012578616,0.37741773310751364,0.3931322496353006,0.07861635220125786,0.56,0.37315654652659574,0.3875886259178342,0.07714285714285714,0.10062893081761007,0.11714285714285715,0.09142857142857143,5.2457142857142856,0.12264150943396226,0.008571428571428572,0.03354240125826569,0.08436634914903715,9.446540880503145,0.0,0.0,0.15,0.08176100628930817,0,0.16212858001016991,0.14497401861610854,3.136750434691655,0.8717050596020486,0.0,1.0,0.0,0.2,0.0,0.3305785765020069,0.05,0.08,0.1059190031152648,0.5,0.25
46,0.7269271735100575,0.507403300560929,0.7114462422290662,0.5065428865321598,0.25610319783984853,0.490271585906185,0.6037735849056604,0.3775904673305548,0.3931322496353006,0.07861635220125786,0.5485714285714286,0.37331348790638735,0.3875886259178342,0.07714285714285714,0.13836477987421383,0.13428571428571429,0.09142857142857143,5.442857142857143,0.1320754716981132,0.0,0.033518102622843535,0.08436634914903715,9.446540880503145,0.0,0.0,0.15,0.07861635220125786,0,0.16188893711011906,0.14424914852302798,3.2083011402835364,0.8542709584100077,0.0,1.0,0.0,0.2,0.0,0.33442700616747256,0.05,0.08,0.13836477987421383,0.5,0.25
47,0.7355505005660807,0.5063362186773906,0.7180895875766333,0.5058574031129373,0.25610319783984853,0.4901272538036514,0.5899053627760252,0.37758579626822053,0.3922707374965171,0.07886435331230283,0.5342857142857143,0.37337063076353016,0.3876484073034691,0.07714285714285714,0.10410094637223975,0.11428571428571428,0.09428571428571429,5.7,0.13249211356466878,0.002857142857142857,0.033506003181402524,0.08436634914903715,9.425867507886435,0.0,0.0,0.15,0.07886435331230283,0,0.16193649242456848,0.14482809702142263,3.25842083176358,0.8681255332467198,0.0,0.975,0.0,0.2,0.0,0.3357245237836272,0.05,0.08,0.1069182389937107,0.5,0.25
48,0.7409014715671108,0.5058489610437084,0.7221784295663513,0.5054607501977051,0.25610319783984853,0.49010232455244823,0.6,0.3779310800978591,0.39275492339787726,0.07936507936507936,0.54,0.3734277736206731,0.38769126444632623,0.07714285714285714,0.14285714285714285,0.14857142857142858,0.1,5.908571428571428,0.13333333333333333,0.005714285714285714,0.033638495357353006,0.08436634914903715,9.104761904761904,0.0,0.0,0.15,0.07936507936507936,0,0.16218338139101707,0.14417637058482624,3.3418238436997374,0.8524992736482793,0.0,0.9807692307692307,0.0,0.2,0.0,0.33982157835154364,0.05,0.08,0.14511041009463724,0.5,0.25
49,0.7468538042614774,0.5067466899824344,0.726765015643677,0.5064141088123572,0.25610319783984853,0.49003510613839907,0.554140127388535,0.37887997964890424,0.39245556988113317,0.07961783439490445,0.49714285714285716,0.3734849164778159,0.3877341215891834,0.07714285714285714,0.12738853503184713,0.13428571428571429,0.10285714285714286,6.08,0.1305732484076433,0.002857142857142857,0.033658477045818265,0.08436634914903715,9.114649681528663,0.0,0.0,0.15,0.07961783439490445,0,0.1622867501983477,0.14417637058482624,3.4092730811114564,0.8524992736482793,0.0,0.9787234042553191,0.0,0.2,0.0,0.3425924041958712,0.05,0.08,0.13015873015873017,0.5,0.25
50,0.7514152644215059,0.5066060787588486,0.7308572970443882,0.5062777146897727,0.25610319783984853,0.48989480041824723,0.535031847133758,0.379134756718968,0.39264665268368093,0.07961783439490445,0.48,0.3737134879063873,0.38790555016061196,0.07714285714285714,0.10828025477707007,0.11428571428571428,0.10285714285714286,6.2457142857142856,0.13694267515923567,0.0,0.033646260497912854,0.08436634914903715,9.114649681528663,0.0,0.0,0.15,0.07961783439490445,0,0.16276088787592738,0.14345548873190211,3.4553733337749404,0.8354492881753136,0.0,1.0,0.0,0.2,0.0,0.34358380309435793,0.05,0.08,0.10828025477707007,0.5,0.25
51,0.7580782275506542,0.5055018937584341,0.7362076495918869,0.5056623808759132,0.25610319783984853,0.489751045335503,0.5755627009646302,0.38080105177905615,0.3937034207345989,0.08038585209003216,0.5114285714285715,0.3737706307635303,0.3879484073034691,0.07714285714285714,0.10932475884244373,0.11714285714285715,0.11142857142857143,6.425714285714286,0.1414790996784566,0.008571428571428572,0.03377522445392005,0.08436634914903714,8.829581993569132,0.0,0.0,0.15,0.08038585209003216,0,0.1628609405794049,0.14374733558764563,3.5034087242422993,0.8426098019171367,0.0,0.975609756097561,0.0,0.2,0.0,0.34524219255747446,0.05,0.08,0.1178343949044586,0.5,0.25
52,0.7655653544153854,0.5056993368644531,0.7420798178024185,0.5055633517774195,0.25610319783984853,0.48965392378708,0.5602605863192183,0.3831369670342871,0.39619688513226087,0.08143322475570032,0.49142857142857144,0.37422777362067305,0.3881470042017545,0.07714285714285714,0.1237785016286645,0.13428571428571429,0.12285714285714286,6.577142857142857,0.13680781758957655,0.011428571428571429,0.033883778700708064,0.08436634914903715,8.768729641693811,0.0,0.0,0.15,0.08143322475570032,0,0.16407096134179108,0.14643470479645315,3.5676262640431675,0.9076479171200007,0.0,0.9787234042553191,0.0,0.2,0.0,0.3478675427366747,0.05,0.08,0.13183279742765272,0.5,0.25
53,0.7720428739809976,0.50442179432728,0.7477615278213983,0.5043854115502237,0.25610319783984853,0.48967946829888515,0.5472312703583062,0.3838535794121373,0.3964900447413814,0.08143322475570032,0.48,0.3748563450492445,0.38840414705889736,0.07714285714285714,0.14332247557003258,0.14857142857142858,0.12285714285714286,6.742857142857143,0.14332247557003258,0.0,0.03388438322743289,0.08436634914903715,8.768729641693811,0.0,0.0,0.15,0.08143322475570032,0,0.16512804079650115,0.149325,3.6448451673337323,0.9820000000000004,0.0,0.9615384615384616,0.0,0.2,0.0,0.3512233512675934,0.05,0.08,0.14332247557003258,0.5,0.25
54,0.778739817032424,0.5044925303002092,0.7536357035836495,0.5046690391294135,0.25610319783984853,0.4895804157069161,0.5570032573289903,0.38437475205057375,0.39663456795111324,0.08143322475570032,0.48857142857142855,0.3753134879063873,0.38853091456000505,0.07714285714285714,0.11726384364820847,0.11428571428571428,0.12285714285714286,6.937142857142857,0.1498371335504886,0.0,0.03386896365567825,0.08436634914903715,8.768729641693811,0.0,0.0,0.15,0.08143322475570032,0,0.1647595434496615,0.148578375,3.6862339782727718,0.9623600000000003,0.0,1.0,0.0,0.2,0.0,0.3524569719778294,0.05,0.08,0.11726384364820847,0.5,0.25
55,0.7850958397806853,0.5046935934215193,0.7583090324733699,0.5048044940344567,0.25610319783984853,0.48963080476196896,0.5344262295081967,0.38449532941082915,0.3950164165082461,0.08196721311475409,0.4657142857142857,0.37559920219210163,0.3886166288457193,0.07714285714285714,0.12131147540983607,0.11428571428571428,0.12857142857142856,7.12,0.15737704918032788,0.005714285714285714,0.033922855231282335,0.08436634914903716,8.570491803278689,0.0,0.0,0.15,0.08196721311475409,0,0.16527831716098462,0.14865337500000003,3.7267950129930316,0.9643600000000009,0.0,0.95,0.0,0.2,0.0,0.35411751100108774,0.05,0.08,0.1237785016286645,0.5,0.25
56,0.7940440861272617,0.5050007321003401,0.7635766881371312,0.505569987285988,0.25610319783984853,0.48969063485576625,0.5562913907284768,0.38433521279225524,0.39480571238280787,0.08278145695364239,0.48,0.37582777362067304,0.3886594859885765,0.07714285714285714,0.11258278145695365,0.10857142857142857,0.13714285714285715,7.274285714285714,0.15894039735099338,0.008571428571428572,0.03424220414409164,0.08436634914903715,8.225165562913908,0.0,0.0,0.15,0.07947019867549669,0,0.16536592557517968,0.149325,3.7608305413045984,0.9820000000000004,0.0,0.9736842105263158,0.0,0.2,0.0,0.35501819282808256,0.05,0.08,0.11475409836065574,0.5,0.25
57,0.7985441122081974,0.50398689920104,0.7678858313650396,0.50442474957492,0.25610319783984853,0.48977756840385644,0.5333333333333333,0.38423075916726146,0.39530329177542217,0.08333333333333333,0.45714285714285713,0.3760876315302052,0.3886594859885765,0.07714285714285714,0.13,0.13428571428571429,0.14285714285714285,7.442857142857143,0.16,0.005714285714285714,0.034281935696339104,0.08436634914903716,8.18,0.0,0.0,0.15,0.08,0,0.16525181380087522,0.148578375,3.8198996447642215,0.9623600000000003,0.0,1.0,0.0,0.2,0.0,0.3572010580211155,0.05,0.08,0.13245033112582782,0.5,0.25
58,0.8039264272498438,0.5033912608960167,0.7718775639939834,0.5041599144964479,0.25610319783984853,0.4899257440478434,0.5852842809364549,0.3848246948737539,0.39573984259999284,0.08361204013377926,0.5,0.3761447743873481,0.3887023431314336,0.07714285714285714,0.13043478260869565,0.12857142857142856,0.1457142857142857,7.58,0.1705685618729097,0.002857142857142857,0.0342813786419687,0.08436634914903715,8.180602006688963,0.0,0.0,0.15,0.0802675585284281,0,0.1653112690175851,0.14865337500000003,3.8720730804403645,0.9643600000000009,0.0,0.9777777777777777,0.0,0.2,0.0,0.35909100512005976,0.05,0.08,0.13,0.5,0.25
59,0.806468712477773,0.5037066748632973,0.7739441813119227,0.5043552279795588,0.25610319783984853,0.4901022071606772,0.5503355704697986,0.38532157475852313,0.39653445977911145,0.08389261744966443,0.4685714285714286,0.3763162029587766,0.38883091456000507,0.07714285714285714,0.1174496644295302,0.12,0.14857142857142858,7.777142857142858,0.1610738255033557,0.002857142857142857,0.03427015378358201,0.08436634914903715,8.181208053691275,0.0,0.0,0.15,0.08053691275167785,0,0.16625585552964006,0.16082320016730298,3.914631618831558,1.0098993464714816,0.0,0.9285714285714286,0.0,0.2,0.0,0.3599157190781036,0.05,0.08,0.11705685618729098,0.5,0.25
60,0.8105626352993337,0.5038647088127973,0.7774298641714228,0.5044019419220397,0.25610319783984853,0.49024827541946187,0.5503355704697986,0.38538868885248284,0.3965847953495813,0.08389261744966443,0.4685714285714286,0.37637334581591947,0.3888737717028622,0.07714285714285714,0.1174496644295302,0.10857142857142857,0.14857142857142858,7.877142857142857,0.17114093959731544,0.0,0.03426760885033612,0.08436634914903715,8.181208053691275,0.0,0.0,0.15,0.08053691275167785,0,0.16633857625199186,0.16001908416646646,3.944910415026356,0.9897013595420521,0.0,0.9736842105263158,0.0,0.2,0.0,0.3607286579564132,0.05,0.08,0.1174496644295302,0.5,0.25
61,0.8138250605961797,0.5030840377697967,0.7803391155722398,0.5034152469280759,0.25610319783984853,0.49032598058991367,0.5405405405405406,0.38482019329497075,0.39645189698175565,0.08445945945945946,0.45714285714285713,0.37643048867306234,0.38891662884571937,0.07714285714285714,0.0945945945945946,0.09428571428571429,0.15428571428571428,8.028571428571428,0.16554054054054054,0.005714285714285714,0.03435175113586688,0.08436634914903715,8.074324324324325,0.0,0.0,0.15,0.08108108108108109,0,0.16633516908501764,0.16056561374563408,3.9602979210115428,1.00554733235121,0.0,0.9696969696969697,0.0,0.2,0.0,0.35973920492436434,0.05,0.08,0.09395973154362416,0.5,0.25
62,0.8162450331945008,0.5023571162849987,0.7826394533033366,0.5032630077587651,0.25610319783984853,0.49030559705478416,0.5680272108843537,0.38585939430731153,0.3964630030544287,0.08503401360544217,0.47714285714285715,0.37648763153020515,0.3889594859885765,0.07714285714285714,0.11564625850340136,0.10285714285714286,0.16,8.168571428571429,0.1598639455782313,0.005714285714285714,0.034425932019126124,0.08436634914903715,7.959183673469388,0.0,0.0,0.15,0.08163265306122448,0,0.16638877895387827,0.1604377856769059,3.983949105448454,1.0034363857041855,0.0,0.9722222222222222,0.0,0.2,0.0,0.360367109543011,0.05,0.08,0.11486486486486487,0.5,0.25
63,0.8210945343020289,0.5018547106480353,0.7847703600394719,0.5034843586782621,0.25610319783984853,0.4902589787775862,0.5601374570446735,0.38821356015183217,0.3961333328304996,0.0859106529209622,0.4657142857142857,0.37648763153020515,0.3889594859885765,0.07714285714285714,0.12027491408934708,0.12571428571428572,0.16857142857142857,8.288571428571428,0.15120274914089346,0.008571428571428572,0.03470941250268164,0.08436634914903715,7.512027491408935,0.0,0.0,0.15,0.08247422680412371,0,0.1662128364876803,0.15963559674852135,4.029984409053771,0.9833676579901017,0.0,1.0,0.0,0.2,0.0,0.36204263161688083,0.05,0.08,0.1292517006802721,0.5,0.25
64,0.8231623427710005,0.5010289336458775,0.7865203090277864,0.503477754377777,0.25610319783984853,0.49036609856665625,0.5605536332179931,0.3892313373203248,0.39679931378193234,0.08650519031141868,0.46285714285714286,0.37654477438734807,0.38900234313143367,0.07714285714285714,0.10380622837370242,0.10857142857142857,0.1742857142857143,8.402857142857142,0.1522491349480969,0.005714285714285714,0.034927741885128136,0.08436634914903715,7.273356401384083,0.0,0.0,0.15,0.07958477508650519,0,0.1662103437338133,0.1601840437647787,4.057956149444124,0.9940627434726909,0.0,0.9736842105263158,0.0,0.2,0.0,0.3619301907576863,0.05,0.08,0.10652920962199312,0.5,0.25
65,0.8264990711192339,0.5016394365348139,0.7897712102321299,0.5041329354336249,0.25610319783984853,0.4906023633830851,0.6215277777777778,0.38842228965721043,0.3969033364218573,0.08680555555555555,0.5114285714285715,0.37654477438734807,0.38900234313143367,0.07714285714285714,0.1284722222222222,0.12571428571428572,0.17714285714285713,8.56857142857143,0.14930555555555555,0.002857142857142857,0.035164701854415496,0.08436634914903715,7.090277777777778,0.0,0.0,0.15,0.0798611111111111,0,0.16595029201514425,0.15938312354595482,4.1025113121695265,0.974181488603237,0.0,1.0,0.0,0.2,0.0,0.36343575734436945,0.05,0.08,0.12802768166089964,0.5,0.25
66,0.8319055591127699,0.5017554757690925,0.7945358479026172,0.5039908526964889,0.25610319783984853,0.4908753270808189,0.6153846153846154,0.3902520109640338,0.3983649535980437,0.08741258741258741,0.5028571428571429,0.37654477438734807,0.38900234313143367,0.07714285714285714,0.09090909090909091,0.09428571428571429,0.18285714285714286,8.7,0.15034965034965034,0.005714285714285714,0.035188236721196225,0.08436634914903715,7.06993006993007,0.0,0.0,0.15,0.08041958041958042,0,0.1654919691264971,0.15858620792822506,4.114746800211851,0.9546978588311722,0.0,1.0,0.0,0.2,0.0,0.362295219477151,0.05,0.08,0.09375,0.5,0.25
67,0.8391058881620248,0.5020598733706703,0.7966552509527339,0.504184461759619,0.25610319783984853,0.49117937858286853,0.6347517730496454,0.38804686296100416,0.3989604982297702,0.0851063829787234,0.5114285714285715,0.37660191724449094,0.38904520027429074,0.07714285714285714,0.09219858156028368,0.08571428571428572,0.19428571428571428,8.834285714285715,0.1347517730496454,0.011428571428571429,0.03531153016959314,0.08436634914903715,6.971631205673759,0.0,0.0,0.15,0.07801418439716312,0,0.16554965213800743,0.1577932768885839,4.1181661499219,0.9356039016545488,0.0,0.9666666666666667,0.0,0.2,0.0,0.36152311584595076,0.05,0.08,0.0979020979020979,0.5,0.25
68,0.8410196948985751,0.502113092272133,0.7981972323804687,0.5039908109640254,0.25610319783984853,0.491724503750476,0.6028368794326241,0.388259628918451,0.3991200726978553,0.0851063829787234,0.4857142857142857,0.37677334581591954,0.3891737717028622,0.07714285714285714,0.1276595744680851,0.12285714285714286,0.19428571428571428,8.94,0.1347517730496454,0.0,0.03533891761851267,0.08436634914903715,6.971631205673759,0.0,0.0,0.15,0.08156028368794327,0,0.16617833244874597,0.15700431050414101,4.158659969780604,0.9168918236214577,0.0,0.9767441860465116,0.0,0.2,0.0,0.3630214281387596,0.05,0.08,0.1276595744680851,0.5,0.25
69,0.8455472299639593,0.5012521438622424,0.8018451320617211,0.5029571015686994,0.25610319783984853,0.49234753006911025,0.6382978723404256,0.3885433168617134,0.3993328386553021,0.0851063829787234,0.5142857142857142,0.3770019172444909,0.3893452002742908,0.07714285714285714,0.1099290780141844,0.09428571428571429,0.19428571428571428,9.062857142857142,0.14184397163120568,0.0,0.03533764096464911,0.08436634914903715,6.971631205673759,0.0,0.0,0.15,0.08156028368794327,0,0.1670330122150737,0.1562192889516203,4.169772484670706,0.8985539871490285,0.0,1.0,0.0,0.2,0.0,0.36311503758288544,0.05,0.08,0.1099290780141844,0.5,0.25
70,0.8467144884327799,0.5006558498394058,0.8027856088851708,0.5025707287624086,0.25610319783984853,0.4929973578269419,0.5815602836879432,0.3888270048049758,0.39954560461274896,0.08865248226950355,0.4685714285714286,0.3772304886730623,0.3895166288457193,0.08,0.09574468085106383,0.09142857142857143,0.19428571428571428,9.17142857142857,0.14184397163120568,0.0,0.03535094108423544,0.08436634914903715,6.971631205673759,0.0,0.0,0.15,0.08156028368794327,0,0.16784528825734477,0.1554381925068622,4.1778056064058635,0.8805829074060479,0.0,1.0,0.0,0.2,0.0,0.36214013676757095,0.05,0.08,0.09574468085106383,0.5,0.25
71,0.8488326440460652,0.5012693457730308,0.8032968857219975,0.502854204696822,0.25610319783984853,0.49347078917174,0.5551601423487544,0.3866520119395131,0.39740875623058797,0.08540925266903915,0.44571428571428573,0.3772304886730623,0.3895166288457193,0.08,0.11387900355871886,0.11142857142857143,0.19714285714285715,9.3,0.1423487544483986,0.002857142857142857,0.035454604793413044,0.08436634914903715,6.619217081850533,0.0,0.0,0.15,0.07829181494661921,0,0.16760520538748658,0.15466100154432788,4.205678065706318,0.862971249257927,0.0,1.0,0.0,0.2,0.0,0.36280972567387326,0.05,0.08,0.11702127659574468,0.5,0.25
72,0.8537872183979025,0.5013097798903384,0.8059524128905244,0.5033802516087235,0.25610319783984853,0.49413207211729004,0.6308243727598566,0.3873218042083658,0.3970705802365756,0.08602150537634409,0.5028571428571429,0.37751620295877664,0.38973091456000497,0.08,0.13261648745519714,0.12857142857142856,0.20285714285714285,9.428571428571429,0.13620071684587814,0.005714285714285714,0.03561179971752968,0.08436634914903714,6.559139784946237,0.0,0.0,0.15,0.07885304659498207,0,0.16778868628672988,0.15919413565392213,4.25013593296362,0.8557196581612472,0.0,0.9777777777777777,0.0,0.2,0.0,0.3650784920592187,0.05,0.08,0.1387900355871886,0.5,0.25
73,0.8568292287853565,0.49994869502795825,0.807800762121773,0.5024690027138827,0.25610319783984853,0.49477044280555077,0.5487364620938628,0.3889454402901492,0.3963292980835695,0.08664259927797834,0.4342857142857143,0.3775733458159195,0.3897737717028622,0.08,0.10108303249097472,0.09142857142857143,0.20857142857142857,9.542857142857143,0.13357400722021662,0.005714285714285714,0.03578873944195554,0.08436634914903715,6.382671480144404,0.0,0.0,0.15,0.07942238267148015,0,0.16780674285529626,0.24109763558461764,4.256561785732918,0.8920905117279796,0.0,0.96875,0.0,0.2,0.0,0.3643514491766879,0.05,0.08,0.1003584229390681,0.5,0.25
74,0.8590194199771263,0.5006256944164367,0.8093859815465979,0.5032714943111468,0.25610319783984853,0.4952495993305975,0.5471014492753623,0.38871515176786225,0.3967684865028216,0.08695652173913043,0.43142857142857144,0.377744774387348,0.3899023431314336,0.08,0.10869565217391304,0.10571428571428572,0.21142857142857144,9.625714285714286,0.13043478260869565,0.002857142857142857,0.03582807916437971,0.08436634914903715,6.384057971014493,0.0,0.0,0.15,0.07971014492753623,0,0.16882413842673405,0.2439554259506343,4.277144835732546,0.987594167954148,0.0,0.918918918918919,0.0,0.2,0.0,0.3645273785229076,0.05,0.08,0.11191335740072202,0.5,0.25
75,0.866272618655797,0.5004822731696422,0.8135138393023889,0.5032371429096614,0.25610319783984853,0.49580940348553454,0.5709090909090909,0.3901036965652495,0.3981654751722621,0.08727272727272728,0.44857142857142857,0.37825906010163374,0.39028805741714784,0.08,0.12363636363636364,0.12,0.21428571428571427,9.714285714285714,0.13090909090909092,0.002857142857142857,0.03592968792065614,0.08436634914903715,6.2690909090909095,0.0,0.0,0.15,0.08,0,0.16989330487745752,0.24995658326980846,4.311601939017894,1.003526999110449,0.0,0.9285714285714286,0.0,0.2,0.0,0.36581187916197966,0.05,0.08,0.12681159420289856,0.5,0.25
76,0.8701845099852521,0.5011244984068985,0.8161104071019564,0.5036074181261601,0.25610319783984853,0.4964715857110016,0.6446886446886447,0.3897479856096156,0.3970437451255016,0.08791208791208792,0.5028571428571429,0.37825906010163374,0.39028805741714784,0.08,0.10256410256410256,0.09428571428571429,0.22,9.842857142857143,0.1282051282051282,0.005714285714285714,0.0359687612989727,0.08436634914903716,6.205128205128205,0.0,0.0,0.15,0.08058608058608059,0,0.1695292669244988,0.2487068003534594,4.319655614523251,0.9834564591282399,0.0,1.0,0.0,0.2,0.0,0.3654303761129716,0.05,0.08,0.10545454545454545,0.5,0.25
77,0.8749967817158614,0.5008778406773071,0.8181401553573375,0.5035584681785258,0.25610319783984853,0.497257180319619,0.6273062730627307,0.3904938626215035,0.3966375659217202,0.08856088560885608,0.4857142857142857,0.37831620295877666,0.390330914560005,0.08,0.09225092250922509,0.09142857142857143,0.2257142857142857,9.94,0.12177121771217712,0.005714285714285714,0.03610446007454823,0.08436634914903714,6.1402214022140225,0.0,0.0,0.15,0.08118081180811808,0,0.16956690630416202,0.25128586115018103,4.3246910736613575,1.0113900223261179,0.0,0.96875,0.0,0.2,0.0,0.3645764397249054,0.05,0.08,0.0989010989010989,0.5,0.25
78,0.8770438512361044,0.5005166249324301,0.8197251720430115,0.5031153863304548,0.25610319783984853,0.497983386081408,0.6088560885608856,0.3906414640975182,0.3967482670287313,0.08856088560885608,0.4714285714285714,0.37843048867306234,0.3904166288457193,0.08,0.11439114391143912,0.1,0.2257142857142857,10.017142857142858,0.12177121771217712,0.0,0.03611888209950115,0.08436634914903714,6.1402214022140225,0.0,0.0,0.15,0.08118081180811808,0,0.1693752153440698,0.25002943184443016,4.33819725218813,0.9911622218795955,0.0,1.0,0.0,0.2,0.0,0.36492695353201804,0.05,0.08,0.11439114391143912,0.5,0.25
79,0.8801512856581104,0.5001977084919507,0.8221312141240503,0.5029365372399464,0.25610319783984853,0.4985852517144267,0.5940959409594095,0.3908628663115404,0.39691431868924787,0.08856088560885608,0.46,0.3786019172444909,0.3905452002742908,0.08,0.0959409594095941,0.08857142857142856,0.2257142857142857,10.06,0.12177121771217712,0.0,0.036133842229893826,0.08436634914903714,6.1402214022140225,0.0,0.0,0.15,0.08118081180811808,0,0.1694706256959209,0.248779284685208,4.340004735715796,1.0119289083235719,0.0,0.967741935483871,0.0,0.2,0.0,0.3638761778111367,0.05,0.08,0.0959409594095941,0.5,0.25
80,0.8831954090898959,0.5006840897068605,0.8229624605859064,0.5031095110623496,0.25610319783984853,0.49923555977951267,0.6370370370370371,0.39167778405776493,0.39606098041620863,0.08888888888888889,0.49142857142857144,0.3787733458159195,0.39059845546580774,0.08,0.11481481481481481,0.10857142857142857,0.22857142857142856,10.17142857142857,0.11851851851851852,0.002857142857142857,0.036131736267800474,0.08436634914903715,6.125925925925926,0.0,0.0,0.15,0.08148148148148149,0,0.1692228439960127,0.24753538826178195,4.361776069572909,0.9916903301571003,0.0,1.0,0.0,0.2,0.0,0.36453845748146546,0.05,0.08,0.11808118081180811,0.5,0.25
81,0.8856001704744397,0.5020305755123358,0.824885287247845,0.5040316095195346,0.25610319783984853,0.499867389953884,0.6133828996282528,0.3920653571203121,0.3961177499298674,0.08921933085501858,0.4714285714285714,0.37889043170116793,0.39059845546580774,0.08,0.10780669144981413,0.09714285714285714,0.23142857142857143,10.294285714285714,0.11895910780669144,0.002857142857142857,0.036140191397301326,0.08436634914903715,6.118959107806692,0.0,0.0,0.15,0.08178438661710037,0,0.1688905876331755,0.24629771132047307,4.371683405324307,0.9718565235539582,0.0,1.0,0.0,0.2,0.0,0.36436709016294777,0.05,0.08,0.10740740740740741,0.5,0.25
82,0.8874779139538063,0.5022755490444862,0.8255154781443964,0.5043070477563755,0.25610319783984853,0.5003950268164253,0.585820895522388,0.3929417168354828,0.3956758378960442,0.08955223880597014,0.44857142857142857,0.37889043170116793,0.39059845546580774,0.08,0.1044776119402985,0.09428571428571429,0.2342857142857143,10.334285714285715,0.11567164179104478,0.002857142857142857,0.03625589000917886,0.08436634914903715,5.940298507462686,0.0,0.0,0.15,0.08208955223880597,0,0.1686171346950096,0.2450662227638707,4.378535451503536,0.952419393082879,0.0,1.0,0.0,0.2,0.0,0.36423423751353645,0.05,0.08,0.10780669144981413,0.5,0.25
83,0.8896492880592524,0.5018040853262411,0.8271781303165666,0.5042058025406555,0.25610319783984853,0.5010323667193365,0.5970149253731343,0.3929417168354828,0.3956758378960442,0.08955223880597014,0.45714285714285713,0.37889043170116793,0.39059845546580774,0.08,0.09328358208955224,0.08857142857142856,0.2342857142857143,10.434285714285714,0.11940298507462686,0.0,0.03632987907639833,0.08436634914903715,5.940298507462686,0.0,0.0,0.15,0.07835820895522388,0,0.16828804902153455,0.24384089165005132,4.379536171044894,0.9333710052212214,0.0,1.0,0.0,0.2,0.0,0.36301879429457606,0.05,0.08,0.09328358208955224,0.5,0.25
84,0.8976156397263165,0.5023875977658132,0.8306422265522945,0.5048068360663618,0.25610319783984853,0.5015046800704621,0.6415094339622641,0.39236456361457595,0.3942618844864558,0.09056603773584905,0.4857142857142857,0.37889043170116793,0.39059845546580774,0.08,0.0830188679245283,0.08285714285714285,0.24285714285714285,10.525714285714285,0.10943396226415095,0.008571428571428572,0.036382732894588786,0.08436634914903716,5.871698113207547,0.0,0.0,0.15,0.07924528301886792,0,0.16796046591928404,0.24262168719180105,4.3748025904811385,0.914703585116797,0.0,1.0,0.0,0.2,0.0,0.3618641232365637,0.05,0.08,0.09328358208955224,0.5,0.25
85,0.9006298126404729,0.5024181876247534,0.8329243860444415,0.5050078426902298,0.25610319783984853,0.5020483940813963,0.6528301886792452,0.39236456361457595,0.3942618844864558,0.09056603773584905,0.4942857142857143,0.37889043170116793,0.39059845546580774,0.08,0.09433962264150944,0.08,0.24285714285714285,10.611428571428572,0.11320754716981132,0.0,0.03645875174464045,0.08436634914903716,5.871698113207547,0.0,0.0,0.15,0.07924528301886792,0,0.16763452073254476,0.24140857875584204,4.367306538671516,0.896409513414461,0.0,1.0,0.0,0.2,0.0,0.3608463887728487,0.05,0.08,0.09433962264150944,0.5,0.25
86,0.9028690582649084,0.5026644539088292,0.8346198148743713,0.5053155997917128,0.25610319783984853,0.502554762309871,0.6113207547169811,0.39251550701080234,0.39437509203362564,0.09056603773584905,0.46285714285714286,0.3790047174154537,0.39068416975152204,0.08,0.09433962264150944,0.07428571428571429,0.24285714285714285,10.737142857142857,0.11320754716981132,0.0,0.036472763399107766,0.08436634914903716,5.871698113207547,0.0,0.0,0.15,0.07924528301886792,0,0.16810992027173918,0.24095316914930864,4.3542461221838,0.980314718045156,0.0,0.9230769230769231,0.0,0.2,0.0,0.35987954103231945,0.05,0.08,0.09433962264150944,0.5,0.25
87,0.903440735579681,0.5018471801577772,0.8343093969825148,0.5047963696986787,0.25610319783984853,0.5031046550249972,0.5703422053231939,0.39200344558872097,0.39656665371128835,0.09125475285171103,0.42857142857142855,0.3790047174154537,0.39068416975152204,0.08,0.09885931558935361,0.08857142857142856,0.24857142857142858,10.794285714285714,0.10646387832699619,0.005714285714285714,0.03651609443038684,0.08436634914903715,5.809885931558935,0.0,0.0,0.15,0.07984790874524715,0,0.16778322781323762,0.2397484033035621,4.355732628311552,0.9607084236842529,0.0,1.0,0.0,0.2,0.0,0.3595270734146657,0.05,0.08,0.1018867924528302,0.5,0.25
88,0.9052387070689937,0.5017088170786399,0.8356604441301984,0.5048326737428492,0.25610319783984853,0.5034583202286025,0.6349809885931559,0.39223158247085027,0.3967377563728852,0.09125475285171103,0.47714285714285715,0.37917614598688226,0.3908127411800935,0.08,0.10266159695817491,0.09714285714285714,0.24857142857142858,10.871428571428572,0.10266159695817491,0.0,0.03655640553546237,0.08436634914903715,5.809885931558935,0.0,0.0,0.15,0.07984790874524715,0,0.16880059881702858,0.24929215525364362,4.365760832888178,1.0460594992718475,0.0,0.9117647058823529,0.0,0.2,0.0,0.35925033951579555,0.05,0.08,0.10266159695817491,0.5,0.25
89,0.9081846851752766,0.5014505290015623,0.8376678405902901,0.5048119232501564,0.25610319783984853,0.503880039775819,0.6221374045801527,0.3899118556863878,0.3944352287254535,0.08778625954198473,0.4657142857142857,0.37917614598688226,0.3908127411800935,0.08,0.09541984732824428,0.08285714285714285,0.25142857142857145,11.008571428571429,0.10305343511450382,0.002857142857142857,0.03662530982573935,0.08436634914903715,5.6183206106870225,0.0,0.0,0.15,0.07633587786259542,0,0.16855559867651485,0.2480456944773754,4.3613027590875575,1.0251383092864106,0.0,1.0,0.0,0.2,0.0,0.3587022712092073,0.05,0.08,0.09885931558935361,0.5,0.25
90,0.9092870115656135,0.5010424387378222,0.8376160035549146,0.5046209448585377,0.25610319783984853,0.5041968233631635,0.6360153256704981,0.38924341521783434,0.3955312994652826,0.08812260536398467,0.4742857142857143,0.3792332888440251,0.3908555983229506,0.08,0.07279693486590039,0.06285714285714286,0.2542857142857143,11.074285714285715,0.10344827586206896,0.002857142857142857,0.036796242366933116,0.08436634914903715,5.578544061302682,0.0,0.0,0.15,0.08045977011494253,0,0.16856982068313228,0.24680546600498854,4.336933846762948,1.0253851046175237,0.0,0.9545454545454546,0.0,0.2,0.0,0.3587022712092073,0.05,0.08,0.07633587786259542,0.5,0.25
91,0.9120410052050558,0.5012998518837004,0.8396696959546132,0.504761692225373,0.25610319783984853,0.5044851131397131,0.6168582375478927,0.38924341521783434,0.3955312994652826,0.08812260536398467,0.46,0.3792332888440251,0.3908555983229506,0.08,0.09195402298850575,0.07428571428571429,0.2542857142857143,11.168571428571429,0.10344827586206896,0.0,0.03682571260442941,0.08436634914903715,5.578544061302682,0.0,0.0,0.15,0.08045977011494253,0,0.1682408287225738,0.2455714386749636,4.324480884113404,1.0048774025251732,0.0,1.0,0.0,0.2,0.0,0.35766370937288483,0.05,0.08,0.09195402298850575,0.5,0.25
92,0.9182439367393571,0.5020301322693375,0.842785600093175,0.5056295336883462,0.25610319783984853,0.504735500323258,0.6153846153846154,0.39039340444975446,0.39628263995290763,0.08846153846153847,0.45714285714285713,0.3792332888440251,0.3908555983229506,0.08,0.06923076923076923,0.06285714285714286,0.2571428571428571,11.262857142857143,0.1,0.002857142857142857,0.03681653280193698,0.08436634914903716,5.576923076923077,0.0,0.0,0.15,0.08076923076923077,0,0.16788476815038947,0.24434358148158877,4.300848409288279,0.9847798544746698,0.0,1.0,0.0,0.2,0.0,0.35766370937288483,0.05,0.08,0.07279693486590039,0.5,0.25
93,0.9228592198697041,0.502487577899228,0.8454129922043128,0.5062574974141197,0.25610319783984853,0.5051285984024473,0.6550387596899225,0.3884803364119056,0.3960727501611398,0.08527131782945736,0.4828571428571429,0.3792332888440251,0.3908555983229506,0.08,0.08139534883720931,0.07428571428571429,0.26285714285714284,11.32857142857143,0.09302325581395349,0.005714285714285714,0.03696109234925573,0.08436634914903715,5.4728682170542635,0.0,0.0,0.15,0.07751937984496124,0,0.16755920145249467,0.2431218635741808,4.289117155388228,0.9650842573851763,0.0,1.0,0.0,0.2,0.0,0.3561266777503944,0.05,0.08,0.08461538461538462,0.5,0.25
94,0.9240265933901548,0.503095079121546,0.8462735132565307,0.5069617374560114,0.25610319783984853,0.5055328440848096,0.6085271317829457,0.3884803364119056,0.3960727501611398,0.08527131782945736,0.44857142857142857,0.3792332888440251,0.3908555983229506,0.08,0.09689922480620156,0.08,0.26285714285714284,11.368571428571428,0.09302325581395349,0.0,0.037000369105687186,0.08436634914903715,5.4728682170542635,0.0,0.0,0.15,0.08139534883720931,0,0.16720697687380362,0.2419062542563099,4.283334812280463,0.9457825722374728,0.0,1.0,0.0,0.2,0.0,0.3555877857233398,0.05,0.08,0.09689922480620156,0.5,0.25
95,0.9247295091850631,0.5022561370792848,0.8467916626139201,0.5063203661342868,0.25610319783984853,0.5058380532837622,0.6317829457364341,0.3886353751715955,0.3961890292309072,0.08527131782945736,0.4657142857142857,0.37934757455831075,0.3909413126086649,0.08,0.08914728682170543,0.07714285714285714,0.26285714285714284,11.437142857142858,0.09689922480620156,0.0,0.03701665376725035,0.08436634914903715,5.4728682170542635,0.0,0.0,0.15,0.08139534883720931,0,0.16762808484657743,0.24069672298502834,4.27481097317771,1.0133382036727212,0.0,0.9259259259259259,0.0,0.2,0.0,0.3544944429488007,0.05,0.08,0.08914728682170543,0.5,0.25
96,0.9268100157085452,0.501362311131698,0.8480461360731806,0.5057575890386476,0.25610319783984853,0.5061019695927622,0.603112840466926,0.38910385512841544,0.396465285182917,0.08560311284046693,0.44285714285714284,0.3794047174154537,0.39098416975152206,0.08,0.08171206225680934,0.07142857142857142,0.26571428571428574,11.514285714285714,0.08949416342412451,0.002857142857142857,0.037067605901222246,0.08436634914903715,5.4319066147859925,0.0,0.0,0.15,0.08171206225680934,0,0.16761823013663027,0.2394932393701032,4.260743325142728,0.9940698462695865,0.0,0.96,0.0,0.2,0.0,0.35316506963857,0.05,0.08,0.08527131782945736,0.5,0.25
97,0.9285249446033907,0.5006021590513261,0.8481457461129321,0.5049889444794013,0.25610319783984853,0.506255623382267,0.609375,0.3886763159118003,0.39732829997692376,0.0859375,0.44571428571428573,0.3794047174154537,0.39098416975152206,0.08,0.0546875,0.04857142857142857,0.26857142857142857,11.557142857142857,0.08984375,0.002857142857142857,0.037117685312354154,0.08436634914903716,5.375,0.0,0.0,0.15,0.08203125,0,0.16720813898594714,0.23829577317325268,4.224099887211302,0.9741884493441947,0.0,1.0,0.0,0.2,0.0,0.35316506963857,0.05,0.08,0.058365758754863814,0.5,0.25
98,0.9294907002402306,0.5011495183807272,0.8488521273787349,0.5060878164562668,0.25610319783984853,0.506291711276909,0.6328125,0.38875444091180034,0.39738689372692376,0.0859375,0.46285714285714286,0.3794618602725965,0.3910270268943792,0.08,0.08984375,0.07428571428571429,0.26857142857142857,11.622857142857143,0.09375,0.0,0.03716897928127555,0.08436634914903716,5.375,0.0,0.0,0.15,0.078125,0,0.16734295543387454,0.25201033108858295,4.21390360375279,1.0856761734957803,0.0,0.9615384615384616,0.0,0.2,0.0,0.35224509740664145,0.05,0.08,0.08984375,0.5,0.25
99,0.9309637478266203,0.5021302651067985,0.8499295564704942,0.5064268923394156,0.25610319783984853,0.5063178634536191,0.6171875,0.38883256591180027,0.39744548747692376,0.0859375,0.4514285714285714,0.3795190031297393,0.39106988403723625,0.08,0.08203125,0.06571428571428571,0.26857142857142857,11.697142857142858,0.09375,0.0,0.03719090798498259,0.08436634914903716,5.375,0.0,0.0,0.15,0.078125,0,0.16736295565670517,0.2552524047948107,4.1953398173920196,1.1491695006402824,0.0,0.9565217391304348,0.0,0.2,0.0,0.3507851862863094,0.05,0.08,0.08203125,0.5,0.25
100,0.9322943819205793,0.5029097022973885,0.8504881885354935,0.5066790170455567,0.25610319783984853,0.5066864160256938,0.6313725490196078,0.38874598665369353,0.3987670866980955,0.08627450980392157,0.46,0.3795190031297393,0.39106988403723625,0.08,0.09019607843137255,0.07428571428571429,0.2714285714285714,11.748571428571429,0.09411764705882353,0.002857142857142857,0.03719476306767462,0.08436634914903715,5.372549019607843,0.0,0.0,0.15,0.0784313725490196,0,0.16698299802127878,0.25397614277083663,4.1857187353298935,1.1261861106274769,0.0,1.0,0.0,0.2,0.0,0.3502771769719939,0.05,0.08,0.09375,0.5,0.25
101,0.9342663999379847,0.5038831323244229,0.8518603238089483,0.5071552460086292,0.25610319783984853,0.5070484996488834,0.6456692913385826,0.3882522821452537,0.3992782011849059,0.08661417322834646,0.4685714285714286,0.37957614598688216,0.3911127411800935,0.08,0.07086614173228346,0.06,0.2742857142857143,11.837142857142856,0.08661417322834646,0.002857142857142857,0.037243477629637055,0.08436634914903716,5.338582677165355,0.0,0.0,0.15,0.07874015748031496,0,0.1669476551740295,0.25270626205698243,4.162004360623296,1.1036623884149273,0.0,0.9523809523809523,0.0,0.2,0.0,0.3502771769719939,0.05,0.08,0.07450980392156863,0.5,0.25
102,0.9374413535056373,0.5027475549066436,0.8530254541345877,0.5061180673407414,0.25610319783984853,0.5075623275721738,0.649402390438247,0.3885097657874599,0.4008351268459317,0.08764940239043825,0.4657142857142857,0.37963328884402503,0.39115559832295066,0.08,0.0796812749003984,0.07142857142857142,0.28285714285714286,11.925714285714285,0.08366533864541832,0.008571428571428572,0.03739416324717822,0.08436634914903716,5.195219123505976,0.0,0.0,0.15,0.0796812749003984,0,0.1671404890410165,0.25144273074669754,4.150192844839401,1.0815891406466287,0.0,0.96,0.0,0.2,0.0,0.3495546567060714,0.05,0.08,0.09055118110236221,0.5,0.25
103,0.9385133895728246,0.5025682551929085,0.8535705324163925,0.5053254608404248,0.25610319783984853,0.5080182331354188,0.6506024096385542,0.3889395230488631,0.4015165724793009,0.08835341365461848,0.46285714285714286,0.37969043170116795,0.3911984554658077,0.08,0.0642570281124498,0.05714285714285714,0.2885714285714286,12.037142857142857,0.07228915662650602,0.005714285714285714,0.037514017274675515,0.08436634914903715,5.124497991967871,0.0,0.0,0.15,0.08032128514056225,0,0.16710478659581143,0.2678240582389922,4.12433184508547,1.0845902836554384,0.0,0.95,0.0,0.2,0.0,0.3495546567060714,0.05,0.08,0.07171314741035857,0.5,0.25
104,0.9393881347251362,0.5022546629965942,0.8541928511104654,0.5050510623577994,0.25610319783984853,0.5084526527918471,0.6144578313253012,0.3889395230488631,0.4015165724793009,0.08835341365461848,0.43714285714285717,0.37969043170116795,0.3911984554658077,0.08,0.060240963855421686,0.045714285714285714,0.2885714285714286,12.108571428571429,0.07228915662650602,0.0,0.03753139144150123,0.08436634914903715,5.124497991967871,0.0,0.0,0.15,0.08032128514056225,0,0.16658326266283238,0.2664849379477972,4.087559493898046,1.0628984779823298,0.0,1.0,0.0,0.2,0.0,0.3495546567060714,0.05,0.08,0.060240963855421686,0.5,0.25
105,0.9403718809613194,0.5022143719368699,0.8548927162899215,0.5047083629104344,0.25610319783984853,0.5089047097471221,0.642570281124498,0.38901984433400355,0.4015768134431564,0.08835341365461848,0.45714285714285713,0.3797475745583108,0.39124131260866485,0.08,0.05622489959839357,0.054285714285714284,0.2885714285714286,12.168571428571429,0.07630522088353414,0.0,0.03753139144150123,0.08436634914903715,5.124497991967871,0.0,0.0,0.15,0.08032128514056225,0,0.16657848920666105,0.26806697496088533,4.0600940183058,1.0634486580583187,0.0,0.9473684210526315,0.0,0.2,0.0,0.3495546567060714,0.05,0.08,0.05622489959839357,0.5,0.25
106,0.9404986050007,0.5027515661062207,0.8549828713922238,0.5050576207366031,0.25610319783984853,0.5094782193117015,0.6626506024096386,0.38918048690428475,0.40169729537086724,0.08835341365461848,0.4714285714285714,0.3798618602725965,0.3913270268943792,0.08,0.08433734939759036,0.06571428571428571,0.2885714285714286,12.197142857142858,0.07228915662650602,0.0,0.03754900415352071,0.08436634914903715,5.124497991967871,0.0,0.0,0.15,0.08032128514056225,0,0.16711602676062776,0.2667266400860809,4.044606423653969,1.0642979552809135,0.0,0.9130434782608695,0.0,0.2,0.0,0.3484022250755871,0.05,0.08,0.08433734939759036,0.5,0.25
107,0.9447772946854358,0.5024166582464822,0.8563559990227863,0.5051441114650945,0.25610319783984853,0.5099168562419083,0.6504065040650406,0.39033833600162804,0.4026928681257743,0.08943089430894309,0.45714285714285713,0.3799190031297394,0.3913698840372363,0.08,0.06097560975609756,0.06,0.29714285714285715,12.188571428571429,0.06097560975609756,0.008571428571428572,0.03767734247661419,0.08436634914903718,4.983739837398374,0.0,0.0,0.15,0.08130081300813008,0,0.1671088751982532,0.2701909075295987,4.0237142951808895,1.174897638233383,0.0,0.9523809523809523,0.0,0.2,0.0,0.3484022250755871,0.05,0.08,0.07228915662650602,0.5,0.25
108,0.9465313384725078,0.5013292312091024,0.8571110204690198,0.5047492159699581,0.25610319783984853,0.5104070611208841,0.5959183673469388,0.391156131198959,0.40368054115491325,0.08979591836734693,0.41714285714285715,0.3799761459868822,0.3914127411800935,0.08,0.053061224489795916,0.04285714285714286,0.3,12.262857142857143,0.05714285714285714,0.002857142857142857,0.0377672843989704,0.08436634914903716,4.922448979591837,0.0,0.0,0.15,0.08163265306122448,0,0.16698761653654765,0.2688399529919507,3.9860971521344144,1.163291241082193,0.0,0.9333333333333333,0.0,0.2,0.0,0.3484022250755871,0.05,0.08,0.052845528455284556,0.5,0.25
109,0.9485449136626383,0.5004397622097706,0.8585205231021111,0.5037611940334953,0.25610319783984853,0.5109068363224001,0.7020408163265306,0.3912377638520202,0.4037417656447091,0.08979591836734693,0.49142857142857144,0.380033288844025,0.3914555983229506,0.08,0.04897959183673469,0.04285714285714286,0.3,12.288571428571428,0.05714285714285714,0.0,0.03780385203557516,0.08436634914903716,4.922448979591837,0.0,0.0,0.15,0.08163265306122448,0,0.16698053631100776,0.267495753226991,3.9492323519488686,1.140025416260549,0.0,0.9333333333333333,0.0,0.2,0.0,0.3484022250755871,0.05,0.08,0.04897959183673469,0.5,0.25
110,0.9482455536536631,0.4991126786950956,0.8583109710958284,0.5029778412822005,0.25610319783984853,0.5113161629368406,0.6612244897959184,0.3912377638520202,0.4037417656447091,0.08979591836734693,0.46285714285714286,0.380033288844025,0.3914555983229506,0.08,0.061224489795918366,0.045714285714285714,0.3,12.331428571428571,0.05714285714285714,0.0,0.03780385203557516,0.08436634914903716,4.922448979591837,0.0,0.0,0.15,0.08163265306122448,0,0.16651663362945274,0.266158274460856,3.9159619906241776,1.117224907935338,0.0,1.0,0.0,0.2,0.0,0.3484022250755871,0.05,0.08,0.061224489795918366,0.5,0.25
111,0.9480065327464136,0.5002072060224437,0.8582139019895659,0.5037855408184893,0.25610319783984853,0.5116499516470945,0.6598360655737705,0.3919757439765843,0.402591762791544,0.09016393442622951,0.46,0.380033288844025,0.3914555983229506,0.08,0.045081967213114756,0.04,0.3028571428571429,12.374285714285714,0.05737704918032787,0.002857142857142857,0.037806802234949644,0.08436634914903718,4.918032786885246,0.0,0.0,0.15,0.08196721311475409,0,0.1660266218898769,0.2648274830885517,3.8776427508116935,1.0948804097766311,0.0,1.0,0.0,0.2,0.0,0.3484022250755871,0.05,0.08,0.04897959183673469,0.5,0.25
112,0.9486838389105431,0.5007773394506394,0.8586860811439877,0.5040265594412859,0.25610319783984853,0.511823196421371,0.7049180327868853,0.3919757439765843,0.402591762791544,0.09016393442622951,0.49142857142857144,0.380033288844025,0.3914555983229506,0.08,0.04918032786885246,0.04285714285714286,0.3028571428571429,12.434285714285714,0.05737704918032787,0.0,0.037806802234949644,0.08436634914903718,4.918032786885246,0.0,0.0,0.15,0.08196721311475409,0,0.16559577520899893,0.26350334567310896,3.842947038652603,1.0729828015810985,0.0,1.0,0.0,0.2,0.0,0.3484022250755871,0.05,0.08,0.04918032786885246,0.5,0.25
113,0.949743833273583,0.5010086192742926,0.8594250486427927,0.5037660282525436,0.25610319783984853,0.5120056104939277,0.6844262295081968,0.39205771118969907,0.4026532382013801,0.09016393442622951,0.47714285714285715,0.3800904317011679,0.3914984554658077,0.08,0.036885245901639344,0.03428571428571429,0.3028571428571429,12.477142857142857,0.05737704918032787,0.0,0.037806802234949644,0.08436634914903718,4.918032786885246,0.0,0.0,0.15,0.08196721311475409,0,0.1654249391900968,0.2621858289447434,3.800373812165265,1.1593386944497088,0.0,0.9166666666666666,0.0,0.2,0.0,0.3484022250755871,0.05,0.08,0.036885245901639344,0.5,0.25
114,0.9522135144176723,0.5001551071620293,0.8602178738971372,0.5033911569911468,0.25610319783984853,0.5121373296156188,0.6419753086419753,0.39349125961665704,0.4011797169210974,0.09053497942386832,0.44571428571428573,0.3800904317011679,0.3914984554658077,0.08,0.04938271604938271,0.04285714285714286,0.3057142857142857,12.5,0.04938271604938271,0.002857142857142857,0.03786287228448602,0.08436634914903718,4.872427983539095,0.0,0.0,0.15,0.0823045267489712,0,0.16499681592271775,0.26087489980001966,3.7672234787791017,1.1361519205607147,0.0,1.0,0.0,0.2,0.0,0.3484022250755871,0.05,0.08,0.05327868852459016,0.5,0.25
115,0.9519266952292342,0.5004662999527519,0.8600187394320217,0.5033945507524041,0.25610319783984853,0.5120552783826935,0.6790123456790124,0.39357356414340605,0.401241445316159,0.09053497942386832,0.4714285714285714,0.3801475745583108,0.3915413126086649,0.08,0.037037037037037035,0.03142857142857143,0.3057142857142857,12.522857142857143,0.04938271604938271,0.0,0.0378686095516442,0.08436634914903718,4.872427983539095,0.0,0.0,0.15,0.07818930041152264,0,0.16488583184310415,0.25957052530101954,3.7233075806320914,1.1338170362851847,0.0,0.9090909090909091,0.0,0.2,0.0,0.3484022250755871,0.05,0.08,0.037037037037037035,0.5,0.25
116,0.951999273840422,0.5012114876577659,0.8600691297249321,0.5038536486622202,0.25610319783984853,0.5120883160543874,0.6502057613168725,0.39357356414340605,0.401241445316159,0.09053497942386832,0.4514285714285714,0.3801475745583108,0.3915413126086649,0.08,0.04526748971193416,0.037142857142857144,0.3057142857142857,12.548571428571428,0.04938271604938271,0.0,0.0378686095516442,0.08436634914903718,4.872427983539095,0.0,0.0,0.15,0.07818930041152264,0,0.1645172626803172,0.2582726726745145,3.685984286162307,1.111140695559481,0.0,1.0,0.0,0.2,0.0,0.3484022250755871,0.05,0.08,0.04526748971193416,0.5,0.25
117,0.9517556109391451,0.5004227399589515,0.8599047943373046,0.5036832219379389,0.25610319783984853,0.5122628244007288,0.6322314049586777,0.39405224077829837,0.4025899550912225,0.09090909090909091,0.43714285714285717,0.3801475745583108,0.3915413126086649,0.08,0.04132231404958678,0.03428571428571429,0.30857142857142855,12.59142857142857,0.045454545454545456,0.002857142857142857,0.03790715937800425,0.08436634914903716,4.809917355371901,0.0,0.0,0.15,0.07851239669421488,0,0.16400867636691563,0.2569813093111419,3.6465503147247746,1.0889178816482914,0.0,1.0,0.0,0.2,0.0,0.3484022250755871,0.05,0.08,0.0411522633744856,0.5,0.25
118,0.9513097441339186,0.5005071810307665,0.8595965092891193,0.5039510727455867,0.25610319783984853,0.5124232288899713,0.6446280991735537,0.39405224077829837,0.4025899550912225,0.09090909090909091,0.44571428571428573,0.3801475745583108,0.3915413126086649,0.08,0.04132231404958678,0.02857142857142857,0.30857142857142855,12.625714285714286,0.045454545454545456,0.0,0.037940901861242306,0.08436634914903716,4.809917355371901,0.0,0.0,0.15,0.07851239669421488,0,0.16344563298508105,0.25569640276458616,3.602190737001708,1.0671395240153256,0.0,1.0,0.0,0.2,0.0,0.3484022250755871,0.05,0.08,0.04132231404958678,0.5,0.25
119,0.9524121002038317,0.49863235115688964,0.860358709771745,0.5021310599089712,0.25610319783984853,0.512392767415037,0.6652892561983471,0.39405224077829837,0.4025899550912225,0.09090909090909091,0.46,0.3801475745583108,0.3915413126086649,0.08,0.04132231404958678,0.03428571428571429,0.30857142857142855,12.645714285714286,0.045454545454545456,0.0,0.037940901861242306,0.08436634914903716,4.809917355371901,0.0,0.0,0.15,0.07851239669421488,0,0.16302769124872704,0.25441792075076325,3.5644326365473886,1.0457967335350191,0.0,1.0,0.0,0.2,0.0,0.3484022250755871,0.05,0.08,0.04132231404958678,0.5,0.25
120,0.9526386773332625,0.49863633188545053,0.8605153716726657,0.5025551402316798,0.25610319783984853,0.5122151597786304,0.6776859504132231,0.39405224077829837,0.4025899550912225,0.09090909090909091,0.4685714285714286,0.3801475745583108,0.3915413126086649,0.08,0.049586776859504134,0.04,0.30857142857142855,12.722857142857142,0.045454545454545456,0.0,0.037940901861242306,0.08436634914903716,4.809917355371901,0.0,0.0,0.15,0.07851239669421488,0,0.16255526707819773,0.2531458311470094,3.5331439838164402,1.0248807988643187,0.0,1.0,0.0,0.2,0.0,0.3484022250755871,0.05,0.08,0.049586776859504134,0.5,0.25
121,0.9534868332843907,0.4981885067750918,0.8611018109303028,0.5029046650336971,0.25610319783984853,0.512050894013862,0.7148760330578512,0.39405224077829837,0.4025899550912225,0.09090909090909091,0.4942857142857143,0.3801475745583108,0.3915413126086649,0.08,0.045454545454545456,0.037142857142857144,0.30857142857142855,12.694285714285714,0.045454545454545456,0.0,0.037940901861242306,0.08436634914903716,4.809917355371901,0.0,0.0,0.15,0.07851239669421488,0,0.16202820502852103,0.25188010199127436,3.4996239612829685,1.0043831828870324,0.0,1.0,0.0,0.2,0.0,0.3484022250755871,0.05,0.08,0.045454545454545456,0.5,0.25
122,0.9540677294364112,0.49786008787369956,0.8615034591268428,0.5034247666979849,0.25610319783984853,0.5118706223859848,0.7066115702479339,0.3941348854063975,0.4026519385622969,0.09090909090909091,0.48857142857142855,0.3802047174154536,0.391584169751522,0.08,0.049586776859504134,0.04,0.30857142857142855,12.662857142857144,0.049586776859504134,0.0,0.037940901861242306,0.08436634914903716,4.809917355371901,0.0,0.0,0.15,0.07851239669421488,0,0.16196077828909267,0.25736887410531945,3.469631482057309,1.0148519449251658,0.0,0.9285714285714286,0.0,0.2,0.0,0.3484022250755871,0.05,0.08,0.049586776859504134,0.5,0.25
123,0.9565183085215543,0.49812950504811204,0.8631978595228559,0.50322087176967,0.25610319783984853,0.5118414079578395,0.7231404958677686,0.3941348854063975,0.4026519385622969,0.09090909090909091,0.5,0.3802047174154536,0.391584169751522,0.08,0.0371900826446281,0.03142857142857143,0.30857142857142855,12.731428571428571,0.049586776859504134,0.0,0.037940901861242306,0.08436634914903716,4.809917355371901,0.0,0.0,0.15,0.07851239669421488,0,0.16143654582621866,0.2560820297347928,3.4316674238447336,0.9945549060266625,0.0,1.0,0.0,0.2,0.0,0.3484022250755871,0.05,0.08,0.0371900826446281,0.5,0.25
124,0.9571731523799235,0.4979875010126933,0.8636506372763572,0.5029393668572562,0.25610319783984853,0.5118917187643021,0.6900826446280992,0.3942175300344967,0.4027139220333712,0.09090909090909091,0.47714285714285715,0.38026186027259656,0.39162702689437917,0.08,0.049586776859504134,0.037142857142857144,0.30857142857142855,12.777142857142858,0.049586776859504134,0.0,0.037940901861242306,0.08436634914903716,4.809917355371901,0.0,0.0,0.15,0.07851239669421488,0,0.16137193452565898,0.25480161958611885,3.4001769325106967,0.9809071902388117,0.0,0.9230769230769231,0.0,0.2,0.0,0.3484022250755871,0.05,0.08,0.049586776859504134,0.5,0.25
125,0.9587803774674273,0.4979412790737437,0.8647619186225739,0.5029492970078966,0.25610319783984853,0.5119401610503117,0.6983471074380165,0.39430017466259587,0.4027759055044456,0.09090909090909091,0.4828571428571429,0.3803190031297394,0.3916698840372363,0.08,0.04132231404958678,0.03428571428571429,0.30857142857142855,12.822857142857142,0.049586776859504134,0.0,0.037940901861242306,0.08436634914903716,4.809917355371901,0.0,0.0,0.15,0.07851239669421488,0,0.16130764628160213,0.2535276114881883,3.3664591081461963,0.9804107718167424,0.0,0.9166666666666666,0.0,0.2,0.0,0.3484022250755871,0.05,0.08,0.04132231404958678,0.5,0.25
126,0.9593493960668436,0.4972487568471447,0.8649187843699604,0.5028156819161466,0.25610319783984853,0.5119652431116524,0.6846473029045643,0.3948859002316061,0.4027858116149259,0.0912863070539419,0.4714285714285714,0.3803190031297394,0.3916698840372363,0.08,0.03734439834024896,0.03142857142857143,0.31142857142857144,12.854285714285714,0.04564315352697095,0.002857142857142857,0.03795704599163677,0.08436634914903716,4.788381742738589,0.0,0.0,0.15,0.07883817427385892,0,0.1607581080501941,0.25225997343074735,3.3305584974118445,0.9608025563804075,0.0,1.0,0.0,0.2,0.0,0.3484022250755871,0.05,0.08,0.04132231404958678,0.5,0.25
127,0.9602569324051705,0.49695739659654226,0.8655436879629226,0.502562652039004,0.25610319783984853,0.5121638553146318,0.6970954356846473,0.3949688877834733,0.40284805227882625,0.0912863070539419,0.48,0.3803761459868822,0.39171274118009347,0.08,0.04149377593360996,0.03142857142857143,0.31142857142857144,12.902857142857142,0.04564315352697095,0.0,0.037961637278293485,0.08436634914903716,4.788381742738589,0.0,0.0,0.15,0.07883817427385892,0,0.16072503250994316,0.2509986735635936,3.295375898892179,0.9466633472751943,0.0,0.9090909090909091,0.0,0.2,0.0,0.3484022250755871,0.05,0.08,0.04149377593360996,0.5,0.25
128,0.9635196866370386,0.49729212544324164,0.8663527853343629,0.5027249475383825,0.25610319783984853,0.512563281031706,0.7166666666666667,0.3963967761787553,0.40265471248880946,0.09166666666666666,0.49142857142857144,0.3804904317011679,0.39179845546580777,0.08,0.03333333333333333,0.02857142857142857,0.3142857142857143,12.914285714285715,0.041666666666666664,0.002857142857142857,0.03802143568880017,0.08436634914903716,4.725,0.0,0.0,0.15,0.07916666666666666,0,0.16097840734739344,0.2539421150963665,3.2580398094857643,0.9604993942095593,0.0,0.8,0.0,0.2,0.0,0.3484022250755871,0.05,0.08,0.03319502074688797,0.5,0.25
129,0.9629626722508919,0.49794881310497174,0.8659708326124337,0.502777820668041,0.25610319783984853,0.5127474539490684,0.7125,0.3963967761787553,0.40265471248880946,0.09166666666666666,0.48857142857142855,0.3804904317011679,0.39179845546580777,0.08,0.03333333333333333,0.025714285714285714,0.3142857142857143,12.891428571428571,0.041666666666666664,0.0,0.038044477909374846,0.08436634914903716,4.725,0.0,0.0,0.15,0.07916666666666666,0,0.1604303724535136,0.25267240452088463,3.2185932990103336,0.9412894063253682,0.0,1.0,0.0,0.2,0.0,0.3484022250755871,0.05,0.08,0.03333333333333333,0.5,0.25
130,0.9645462903258325,0.49820513807985845,0.8668743438290212,0.5036150592636032,0.25610319783984853,0.5129896411179322,0.698744769874477,0.397722316469587,0.40268788186457305,0.09205020920502092,0.47714285714285715,0.3804904317011679,0.39179845546580777,0.08,0.03347280334728033,0.03142857142857143,0.3171428571428571,12.92,0.03765690376569038,0.002857142857142857,0.038075469905479796,0.08436634914903718,4.694560669456067,0.0,0.0,0.15,0.0794979079497908,0,0.15988522059124605,0.2514090424982802,3.185650004458699,0.9224636181988608,0.0,1.0,0.0,0.2,0.0,0.3484022250755871,0.05,0.08,0.0375,0.5,0.25
131,0.9639507215462719,0.49809930660949997,0.8664676554338353,0.5031686753306585,0.25610319783984853,0.5131654210656016,0.6317991631799164,0.39780599847795517,0.40275064337084915,0.09205020920502092,0.43142857142857144,0.38054757455831084,0.39184131260866495,0.08,0.03765690376569038,0.02857142857142857,0.3171428571428571,12.982857142857142,0.03765690376569038,0.0,0.03807691716388555,0.08436634914903718,4.694560669456067,0.0,0.0,0.15,0.0794979079497908,0,0.15971436591686125,0.2635609796637309,3.150508432940953,0.9233238774226995,0.0,0.9,0.0,0.2,0.0,0.3484022250755871,0.05,0.08,0.03765690376569038,0.5,0.25
132,0.9644556245300973,0.4991543959836836,0.8668124320427903,0.503800623978085,0.25610319783984853,0.513124320349999,0.6861924686192469,0.39780599847795517,0.40275064337084915,0.09205020920502092,0.4685714285714286,0.38054757455831084,0.39184131260866495,0.08,0.03347280334728033,0.025714285714285714,0.3171428571428571,13.008571428571429,0.03765690376569038,0.0,0.03807691716388555,0.08436634914903718,4.694560669456067,0.0,0.0,0.15,0.0794979079497908,0,0.15925708692658047,0.26224317476541226,3.1132125499964194,0.9048573998742454,0.0,1.0,0.0,0.2,0.0,0.3484022250755871,0.05,0.08,0.03347280334728033,0.5,0.25
133,0.9637288717024515,0.49815081497294866,0.8663161636833407,0.5027769782385149,0.25610319783984853,0.5130728124204689,0.694560669456067,0.39780599847795517,0.40275064337084915,0.09205020920502092,0.4742857142857143,0.38054757455831084,0.39184131260866495,0.08,0.029288702928870293,0.022857142857142857,0.3171428571428571,13.042857142857143,0.03765690376569038,0.0,0.03807691716388555,0.08436634914903718,4.694560669456067,0.0,0.0,0.15,0.0794979079497908,0,0.15871765863480472,0.2609319588915852,3.073805441853634,0.8867602518767606,0.0,1.0,0.0,0.2,0.0,0.3484022250755871,0.05,0.08,0.029288702928870293,0.5,0.25
134,0.9628174333524375,0.49912548042153987,0.86569378149576,0.5033461685769002,0.25610319783984853,0.512733820617426,0.7196652719665272,0.3980570445030598,0.40293892788967767,0.09205020920502092,0.49142857142857144,0.38071900312973933,0.39196988403723637,0.08,0.03347280334728033,0.02857142857142857,0.3171428571428571,13.111428571428572,0.03765690376569038,0.0,0.03807691716388555,0.08436634914903718,4.694560669456067,0.0,0.0,0.15,0.0794979079497908,0,0.15940964177020214,0.2596272990971273,3.04090076158799,0.897059022821173,0.0,0.7,0.0,0.2,0.0,0.3484022250755871,0.05,0.08,0.03347280334728033,0.5,0.25
135,0.9642460639096039,0.499589398177754,0.8666693320762251,0.5036645856738656,0.25610319783984853,0.5124570663665637,0.7154811715481172,0.3982244085197962,0.40306445090223,0.09205020920502092,0.48857142857142855,0.38083328884402506,0.3920555983229506,0.08,0.04184100418410042,0.03428571428571429,0.3171428571428571,13.142857142857142,0.03765690376569038,0.0,0.03807691716388555,0.08436634914903718,4.694560669456067,0.0,0.0,0.15,0.0794979079497908,0,0.15981187998992255,0.2583291626016416,3.0143684606419447,0.98,0.0,0.8333333333333334,0.0,0.2,0.0,0.3484022250755871,0.05,0.08,0.04184100418410042,0.5,0.25
136,0.9643716605955003,0.5003376758643129,0.8667550966703084,0.5036011571113143,0.25610319783984853,0.5123000964488809,0.7071129707112971,0.3982244085197962,0.40306445090223,0.09205020920502092,0.4828571428571429,0.38083328884402506,0.3920555983229506,0.08,0.03765690376569038,0.03142857142857143,0.3171428571428571,13.168571428571429,0.03765690376569038,0.0,0.03807691716388555,0.08436634914903718,4.694560669456067,0.0,0.0,0.15,0.0794979079497908,0,0.1592983920185444,0.2570375167886334,2.985509662857677,0.9603999999999999,0.0,1.0,0.0,0.2,0.0,0.3484022250755871,0.05,0.08,0.03765690376569038,0.5,0.25
137,0.9646343657866302,0.5002767431697714,0.8669424878232284,0.5034266275240251,0.25610319783984853,0.5121769615261862,0.7521008403361344,0.39753003193325015,0.40416456732279143,0.09243697478991597,0.5114285714285715,0.38083328884402506,0.3920555983229506,0.08,0.03361344537815126,0.02857142857142857,0.32,13.228571428571428,0.03361344537815126,0.002857142857142857,0.038163036872796076,0.08436634914903718,4.53781512605042,0.0,0.0,0.15,0.07983193277310924,0,0.15873047148702307,0.2557523292046902,2.954370898171952,0.9411919999999999,0.0,1.0,0.0,0.2,0.0,0.3484022250755871,0.05,0.08,0.03765690376569038,0.5,0.25
138,0.9646770788688187,0.5000312035868664,0.8669715327191165,0.5029587118072257,0.25610319783984853,0.5119574973336564,0.6974789915966386,0.39769809916014087,0.4042906177429595,0.09243697478991597,0.4742857142857143,0.3809475745583108,0.3921413126086649,0.08,0.037815126050420166,0.03142857142857143,0.32,13.257142857142858,0.03361344537815126,0.0,0.03825432076380715,0.08436634914903718,4.53781512605042,0.0,0.0,0.15,0.07983193277310924,0,0.1590223905581594,0.2593083049588521,2.926712051637084,0.9223681599999999,0.0,0.8181818181818182,0.0,0.2,0.0,0.3484022250755871,0.05,0.08,0.037815126050420166,0.5,0.25
139,0.9666404417166826,0.5015875049594546,0.8682578870520115,0.5036722010757217,0.25610319783984853,0.5117887050736115,0.6919831223628692,0.39515674092874914,0.4017770760456724,0.08860759493670886,0.4685714285714286,0.3809475745583108,0.3921413126086649,0.08,0.029535864978902954,0.025714285714285714,0.32285714285714284,13.274285714285714,0.029535864978902954,0.002857142857142857,0.03824231898995429,0.08436634914903718,4.548523206751055,0.0,0.0,0.15,0.0759493670886076,0,0.15845570717679716,0.2580117634340578,2.893892096318628,0.9039207967999998,0.0,1.0,0.0,0.2,0.0,0.3484022250755871,0.05,0.08,0.03361344537815126,0.5,0.25
140,0.9659765016519639,0.5027281494952063,0.8678083047796161,0.5046722947174977,0.25610319783984853,0.5118324106492628,0.679324894514768,0.3952411291144032,0.4018403671849129,0.08860759493670886,0.46,0.38100471741545366,0.39218416975152204,0.08,0.03375527426160337,0.025714285714285714,0.32285714285714284,13.317142857142857,0.029535864978902954,0.0,0.03825069812041607,0.08436634914903718,4.548523206751055,0.0,0.0,0.15,0.08016877637130802,0,0.1583204286409132,0.25672170461688754,2.861728540106541,0.8876502224576002,0.0,0.8888888888888888,0.0,0.2,0.0,0.3484022250755871,0.05,0.08,0.03375527426160337,0.5,0.25
141,0.9651937759689567,0.5034321830850135,0.8668790839619575,0.5060484975756468,0.25610319783984853,0.5118452042639682,0.7330508474576272,0.3954497269811467,0.4020549982242832,0.08898305084745763,0.4942857142857143,0.38100471741545366,0.39218416975152204,0.08,0.012711864406779662,0.011428571428571429,0.32571428571428573,13.334285714285715,0.025423728813559324,0.002857142857142857,0.03828761630408582,0.08436634914903718,4.516949152542373,0.0,0.0,0.15,0.08050847457627118,0,0.15767154078342288,0.2554380960938031,2.815922540732982,0.8698972180084482,0.0,1.0,0.0,0.2,0.0,0.3484022250755871,0.05,0.08,0.012658227848101266,0.5,0.25
142,0.9664470987622569,0.5037783567252433,0.8677241816168685,0.5058083685276438,0.25610319783984853,0.5118798578282266,0.7033898305084746,0.39553447274385856,0.40211855754631715,0.08898305084745763,0.4742857142857143,0.3810618602725965,0.3922270268943792,0.08,0.029661016949152543,0.025714285714285714,0.32571428571428573,13.348571428571429,0.029661016949152543,0.0,0.03830877587025112,0.08436634914903718,4.516949152542373,0.0,0.0,0.15,0.08050847457627118,0,0.1576540402223629,0.2541609056133341,2.785318375632608,0.8726145970208197,0.0,0.8888888888888888,0.0,0.2,0.0,0.3484022250755871,0.05,0.08,0.029661016949152543,0.5,0.25
143,0.9644555615281057,0.5047525615708269,0.8663813165104122,0.5065468927131733,0.25610319783984853,0.5118761340677179,0.7076271186440678,0.3957039642692822,0.40224567619038487,0.08898305084745763,0.47714285714285715,0.38117614598688226,0.3923127411800935,0.08,0.029661016949152543,0.02,0.32571428571428573,13.411428571428571,0.029661016949152543,0.0,0.03830877587025112,0.08436634914903718,4.516949152542373,0.0,0.0,0.15,0.08050847457627118,0,0.1578657700212511,0.2799079958405024,2.7496120081199558,0.9091156125795915,0.0,0.7142857142857143,0.0,0.2,0.0,0.3484022250755871,0.05,0.08,0.029661016949152543,0.5,0.25
144,0.9661382870777089,0.5041721852694784,0.8660362848572131,0.5053294228279359,0.25610319783984853,0.5120519174818853,0.7021276595744681,0.3966279120664267,0.40244903568253726,0.08936170212765958,0.4714285714285714,0.38117614598688226,0.3923127411800935,0.08,0.02127659574468085,0.022857142857142857,0.32857142857142857,13.451428571428572,0.02553191489361702,0.002857142857142857,0.03839237487384462,0.08436634914903718,4.451063829787234,0.0,0.0,0.15,0.08085106382978724,0,0.157390298314002,0.2785084558612999,2.717476910814699,0.8909333003279997,0.0,1.0,0.0,0.2,0.0,0.3484022250755871,0.05,0.08,0.025423728813559324,0.5,0.25
145,0.9671804074292133,0.5034610668931221,0.8666565019580919,0.5049890776936931,0.25610319783984853,0.5123492054895198,0.6709401709401709,0.39586576454635153,0.40286510797306774,0.08974358974358974,0.44857142857142857,0.3812332888440251,0.3923555983229507,0.08,0.021367521367521368,0.02,0.3314285714285714,13.48,0.021367521367521368,0.002857142857142857,0.03846857666357245,0.08436634914903716,4.401709401709402,0.0,0.0,0.15,0.0811965811965812,0,0.157203346822432,0.2771159135819934,2.6831273725984053,0.9219676725492044,0.0,0.8571428571428571,0.0,0.2,0.0,0.3484022250755871,0.05,0.08,0.02553191489361702,0.5,0.25
146,0.9691637191258414,0.5051334802585011,0.8660585030415369,0.5062001067768325,0.25610319783984853,0.5123723571613014,0.6866952789699571,0.3960295650186026,0.4039467872629347,0.09012875536480687,0.45714285714285713,0.3812332888440251,0.3923555983229507,0.08,0.012875536480686695,0.014285714285714285,0.3342857142857143,13.497142857142856,0.017167381974248927,0.002857142857142857,0.03855262273611112,0.08436634914903716,4.32618025751073,0.0,0.0,0.15,0.0815450643776824,0,0.15658861580260552,0.2757303340140834,2.643750539432151,0.9035283190982203,0.0,1.0,0.0,0.2,0.0,0.3484022250755871,0.05,0.08,0.017094017094017096,0.5,0.25
147,0.9684784502083527,0.5055765805380633,0.8656023097336086,0.5064544361830954,0.25610319783984853,0.512671019905737,0.6695278969957081,0.3960295650186026,0.4039467872629347,0.09012875536480687,0.44571428571428573,0.3812332888440251,0.3923555983229507,0.08,0.008583690987124463,0.008571428571428572,0.3342857142857143,13.494285714285715,0.017167381974248927,0.0,0.038580569938793934,0.08436634914903716,4.32618025751073,0.0,0.0,0.15,0.0815450643776824,0,0.15591981558073537,0.274351682344013,2.5994469572149366,0.8854577527162558,0.0,1.0,0.0,0.2,0.0,0.3484022250755871,0.05,0.08,0.008583690987124463,0.5,0.25
148,0.9692378213995448,0.5059098486012319,0.8661078339837451,0.5062471432275363,0.25610319783984853,0.5130313760088351,0.6351931330472103,0.3960295650186026,0.4039467872629347,0.09012875536480687,0.4228571428571429,0.3812332888440251,0.3923555983229507,0.08,0.012875536480686695,0.011428571428571429,0.3342857142857143,13.577142857142857,0.017167381974248927,0.0,0.038580569938793934,0.08436634914903716,4.32618025751073,0.0,0.0,0.15,0.0815450643776824,0,0.15528293078854596,0.272979923932293,2.558886589499209,0.8677485976619308,0.0,1.0,0.0,0.2,0.0,0.3484022250755871,0.05,0.08,0.012875536480686695,0.5,0.25
149,0.9698432910728966,0.5064549639095012,0.8665109037948622,0.5068215423180286,0.25610319783984853,0.5134119992650835,0.703862660944206,0.3960295650186026,0.4039467872629347,0.09012875536480687,0.4685714285714286,0.3812332888440251,0.3923555983229507,0.08,0.008583690987124463,0.008571428571428572,0.3342857142857143,13.557142857142857,0.017167381974248927,0.0,0.038580569938793934,0.08436634914903716,4.32618025751073,0.0,0.0,0.15,0.0815450643776824,0,0.15459223042031753,0.2716150243126315,2.5162802862806535,0.8503936257086921,0.0,1.0,0.0,0.2,0.0,0.3484022250755871,0.05,0.08,0.008583690987124463,0.5,0.25
150,0.9692184450912331,0.5062160341536907,0.8660949348984976,0.5065813694696057,0.25610319783984853,0.5137927132850775,0.6866952789699571,0.3960295650186026,0.4039467872629347,0.09012875536480687,0.45714285714285713,0.3812332888440251,0.3923555983229507,0.08,0.004291845493562232,0.005714285714285714,0.3342857142857143,13.562857142857142,0.012875536480686695,0.0,0.038580569938793934,0.08436634914903716,4.32618025751073,0.0,0.0,0.15,0.0815450643776824,0,0.1538764121253588,0.27025694919106835,2.471668966269326,0.8333857531945182,0.0,1.0,0.0,0.2,0.0,0.3484022250755871,0.05,0.08,0.004291845493562232,0.5,0.25
151,0.9685648495999936,0.506579639429172,0.865659827042901,0.5064227504095662,0.25610319783984853,0.5142371248889253,0.6866952789699571,0.3960295650186026,0.4039467872629347,0.09012875536480687,0.45714285714285713,0.3812332888440251,0.3923555983229507,0.08,0.012875536480686695,0.011428571428571429,0.3342857142857143,13.557142857142857,0.012875536480686695,0.0,0.038580569938793934,0.08436634914903716,4.32618025751073,0.0,0.0,0.15,0.0815450643776824,0,0.1533064593504463,0.26890566444511305,2.433664158372511,0.8167180381306278,0.0,1.0,0.0,0.2,0.0,0.3484022250755871,0.05,0.08,0.012875536480686695,0.5,0.25
152,0.9713027520052516,0.5066771405730096,0.8663143672404804,0.5066089527364095,0.25610319783984853,0.5146539545765056,0.6767241379310345,0.39653300644249934,0.4045306323765975,0.09051724137931035,0.44857142857142857,0.3812332888440251,0.3923555983229507,0.08,0.008620689655172414,0.008571428571428572,0.33714285714285713,13.557142857142857,0.008620689655172414,0.002857142857142857,0.038617653727220536,0.08436634914903716,4.275862068965517,0.0,0.0,0.15,0.08189655172413793,0,0.15262564133940837,0.26756113612288746,2.3935623037764895,0.8003836773680153,0.0,1.0,0.0,0.2,0.0,0.3484022250755871,0.05,0.08,0.008583690987124463,0.5,0.25
153,0.9725896891440041,0.5075771556518078,0.8671674227153106,0.5077615611398916,0.25610319783984853,0.514932141840854,0.7068965517241379,0.3966192133390511,0.4045952875490113,0.09051724137931035,0.4685714285714286,0.38129043170116794,0.3923984554658078,0.08,0.008620689655172414,0.008571428571428572,0.33714285714285713,13.545714285714286,0.008620689655172414,0.0,0.038653551902797276,0.08436634914903716,4.275862068965517,0.0,0.0,0.15,0.08189655172413793,0,0.15234822741842557,0.26622333044227303,2.3542624862723884,0.8148736241130783,0.0,0.6666666666666666,0.0,0.2,0.0,0.3484022250755871,0.05,0.08,0.008620689655172414,0.5,0.25
154,0.973449939474211,0.507614643364885,0.8677376457913334,0.5077466702590997,0.25610319783984853,0.5153488474926832,0.7456896551724138,0.3967916271321545,0.40472459789383886,0.09051724137931035,0.4942857142857143,0.3814047174154536,0.392484169751522,0.08,0.01293103448275862,0.008571428571428572,0.33714285714285713,13.58,0.008620689655172414,0.0,0.038653551902797276,0.08436634914903716,4.275862068965517,0.0,0.0,0.15,0.08189655172413793,0,0.15247220056704777,0.27566517854741485,2.315748665118369,0.8134178697066974,0.0,0.3333333333333333,0.0,0.2,0.0,0.3484022250755871,0.05,0.08,0.01293103448275862,0.5,0.25
155,0.9735519373095759,0.5074298278845183,0.8678052557850611,0.5072553980322584,0.25610319783984853,0.5156052817052232,0.7025862068965517,0.3968778340287062,0.4047892530662527,0.09051724137931035,0.4657142857142857,0.3814618602725965,0.3925270268943792,0.08,0.01293103448275862,0.011428571428571429,0.33714285714285713,13.565714285714286,0.008620689655172414,0.0,0.038653551902797276,0.08436634914903716,4.275862068965517,0.0,0.0,0.15,0.08189655172413793,0,0.15230926884992677,0.2793435804982488,2.2808622632445728,0.81880980376283,0.0,0.75,0.0,0.2,0.0,0.3484022250755871,0.05,0.08,0.01293103448275862,0.5,0.25
156,0.973216349713587,0.5074184179137696,0.8675828091500055,0.5071636822133364,0.25610319783984853,0.5157950659735375,0.7543103448275862,0.3969640409252579,0.40485390823866646,0.09051724137931035,0.5,0.3815190031297394,0.39256988403723636,0.08,0.008620689655172414,0.008571428571428572,0.33714285714285713,13.562857142857142,0.008620689655172414,0.0,0.038653551902797276,0.08436634914903716,4.275862068965517,0.0,0.0,0.15,0.08189655172413793,0,0.15203343679139145,0.27794686259575757,2.24381644655111,0.8201965095348972,0.0,0.6666666666666666,0.0,0.2,0.0,0.3484022250755871,0.05,0.08,0.008620689655172414,0.5,0.25
157,0.9745635859082116,0.5072471024539665,0.8684758342847282,0.5071056049377156,0.25610319783984853,0.515945550627356,0.7025862068965517,0.3969640409252579,0.40485390823866646,0.09051724137931035,0.4657142857142857,0.3815190031297394,0.39256988403723636,0.08,0.004310344827586207,0.005714285714285714,0.33714285714285713,13.622857142857143,0.008620689655172414,0.0,0.038653551902797276,0.08436634914903716,4.275862068965517,0.0,0.0,0.15,0.08189655172413793,0,0.15133041246457735,0.2765571282827788,2.2046544033343736,0.8037925793441993,0.0,1.0,0.0,0.2,0.0,0.3484022250755871,0.05,0.08,0.004310344827586207,0.5,0.25
158,0.9762113163088271,0.5080990575442415,0.8695680441502789,0.5076475832066322,0.25610319783984853,0.5160996674115578,0.7672413793103449,0.39713645471836145,0.40498321858349406,0.09051724137931035,0.5085714285714286,0.3816332888440251,0.3926555983229506,0.08,0.017241379310344827,0.011428571428571429,0.33714285714285713,13.594285714285714,0.008620689655172414,0.0,0.038653551902797276,0.08436634914903716,4.275862068965517,0.0,0.0,0.15,0.08189655172413793,0,0.15154476111654017,0.2784929574171224,2.1719898866962573,0.816199456071522,0.0,0.5,0.0,0.2,0.0,0.3484022250755871,0.05,0.08,0.017241379310344827,0.5,0.25
159,0.9764666378054622,0.5096043280733389,0.8697372858280485,0.5083795393648116,0.25610319783984853,0.5163159606046958,0.7198275862068966,0.39713645471836145,0.40498321858349406,0.09051724137931035,0.47714285714285715,0.3816332888440251,0.3926555983229506,0.08,0.008620689655172414,0.008571428571428572,0.33714285714285713,13.594285714285714,0.008620689655172414,0.0,0.038653551902797276,0.08436634914903716,4.275862068965517,0.0,0.0,0.15,0.08189655172413793,0,0.1509011801681003,0.2771004926300367,2.137121517533761,0.7998754669500916,0.0,1.0,0.0,0.2,0.0,0.3484022250755871,0.05,0.08,0.008620689655172414,0.5,0.25
160,0.9759474075776284,0.5094834854919226,0.8693931103627415,0.5084637041828346,0.25610319783984853,0.5166924884431023,0.7155172413793104,0.39713645471836145,0.40498321858349406,0.09051724137931035,0.4742857142857143,0.3816332888440251,0.3926555983229506,0.08,0.008620689655172414,0.008571428571428572,0.33714285714285713,13.617142857142857,0.008620689655172414,0.0,0.038653551902797276,0.08436634914903716,4.275862068965517,0.0,0.0,0.15,0.08189655172413793,0,0.1502323885529741,0.27571499016688655,2.102950515754514,0.7838779576110898,0.0,1.0,0.0,0.2,0.0,0.3484022250755871,0.05,0.08,0.008620689655172414,0.5,0.25
161,0.9758096951490676,0.5085956893447051,0.8693018266958099,0.5076770445373124,0.25610319783984853,0.5169752095987424,0.6982758620689655,0.39730886851146485,0.40511252892832167,0.09051724137931035,0.46285714285714286,0.38174757455831076,0.39274131260866496,0.08,0.017241379310344827,0.011428571428571429,0.33714285714285713,13.611428571428572,0.008620689655172414,0.0,0.038653551902797276,0.08436634914903716,4.275862068965517,0.0,0.0,0.15,0.08189655172413793,0,0.15039551232449494,0.28323130802364727,2.0723200768679955,0.8524992736482793,0.0,0.5,0.0,0.2,0.0,0.3484022250755871,0.05,0.08,0.017241379310344827,0.5,0.25
162,0.9752509809839691,0.5105270347258766,0.8689314790206588,0.5088465078355485,0.25610319783984853,0.5172015473591669,0.7155172413793104,0.39730886851146485,0.40511252892832167,0.09051724137931035,0.4742857142857143,0.38174757455831076,0.39274131260866496,0.08,0.004310344827586207,0.005714285714285714,0.33714285714285713,13.67142857142857,0.008620689655172414,0.0,0.038653551902797276,0.08436634914903716,4.275862068965517,0.0,0.0,0.15,0.08189655172413793,0,0.1497291061914439,0.28181515148352904,2.036587961044921,0.8354492881753136,0.0,1.0,0.0,0.2,0.0,0.3484022250755871,0.05,0.08,0.004310344827586207,0.5,0.25
163,0.9756881344249775,0.5107435020511029,0.8692212493015556,0.5084918939884719,0.25610319783984853,0.517523768897314,0.6551724137931034,0.39730886851146485,0.40511252892832167,0.09051724137931035,0.4342857142857143,0.38174757455831076,0.39274131260866496,0.08,0.008620689655172414,0.008571428571428572,0.33714285714285713,13.657142857142857,0.008620689655172414,0.0,0.038653551902797276,0.08436634914903716,4.275862068965517,0.0,0.0,0.15,0.08189655172413793,0,0.14909460351762954,0.2804060757261114,2.004427630395451,0.8187403024118074,0.0,1.0,0.0,0.2,0.0,0.3484022250755871,0.05,0.08,0.008620689655172414,0.5,0.25
164,0.9740274091796125,0.5118375120407731,0.8681204257103425,0.5086808672552382,0.25610319783984853,0.5178335632258412,0.6508620689655172,0.39730886851146485,0.40511252892832167,0.09051724137931035,0.43142857142857144,0.38174757455831076,0.39274131260866496,0.08,0.008620689655172414,0.008571428571428572,0.33714285714285713,13.634285714285713,0.01293103448275862,0.0,0.038653551902797276,0.08436634914903716,4.275862068965517,0.0,0.0,0.15,0.08189655172413793,0,0.14843484478575567,0.27900404534748086,1.9729105063589707,0.8023654963635712,0.0,1.0,0.0,0.2,0.0,0.3484022250755871,0.05,0.08,0.008620689655172414,0.5,0.25
165,0.974878394519111,0.5122077198777218,0.8686845074210956,0.5091767373385095,0.25610319783984853,0.5182094548836608,0.7112068965517241,0.3973950754080166,0.40517718410073544,0.09051724137931035,0.4714285714285714,0.3818047174154537,0.392784169751522,0.08,0.008620689655172414,0.008571428571428572,0.33714285714285713,13.588571428571429,0.01293103448275862,0.0,0.038653551902797276,0.08436634914903716,4.275862068965517,0.0,0.0,0.15,0.08189655172413793,0,0.14817838484754117,0.2776090251207434,1.94202372480322,0.8013990066841968,0.0,0.6666666666666666,0.0,0.2,0.0,0.3484022250755871,0.05,0.08,0.008620689655172414,0.5,0.25
166,0.9754406052211272,0.5124923105697455,0.8690571728007181,0.5099832342670673,0.25610319783984853,0.5185007151955145,0.7586206896551724,0.3973950754080166,0.40517718410073544,0.09051724137931035,0.5028571428571429,0.3818047174154537,0.392784169751522,0.08,0.008620689655172414,0.005714285714285714,0.33714285714285713,13.668571428571429,0.01293103448275862,0.0,0.038653551902797276,0.08436634914903716,4.275862068965517,0.0,0.0,0.15,0.08189655172413793,0,0.1475230643518749,0.2762209799951397,1.908897536021441,0.7853710265505128,0.0,1.0,0.0,0.2,0.0,0.3484022250755871,0.05,0.08,0.008620689655172414,0.5,0.25
167,0.9768282137947437,0.512445042400447,0.8699769590552296,0.5098276156348135,0.25610319783984853,0.5188891694318167,0.7068965517241379,0.3973950754080166,0.40517718410073544,0.09051724137931035,0.4685714285714286,0.3818047174154537,0.392784169751522,0.08,0.008620689655172414,0.008571428571428572,0.33714285714285713,13.725714285714286,0.01293103448275862,0.0,0.038653551902797276,0.08436634914903716,4.275862068965517,0.0,0.0,0.15,0.08189655172413793,0,0.14689959188725837,0.27483987509516405,1.8792910138724406,0.7696636060195026,0.0,1.0,0.0,0.2,0.0,0.3484022250755871,0.05,0.08,0.008620689655172414,0.5,0.25
168,0.9773231723591422,0.5128014995394475,0.8703050458750593,0.5100952809202154,0.25610319783984853,0.5192785930886534,0.7198275862068966,0.3974812823045683,0.40524183927314916,0.09051724137931035,0.47714285714285715,0.38186186027259655,0.39282702689437915,0.08,0.01293103448275862,0.011428571428571429,0.33714285714285713,13.745714285714286,0.01293103448275862,0.0,0.038653551902797276,0.08436634914903716,4.275862068965517,0.0,0.0,0.15,0.08189655172413793,0,0.1466793796421078,0.292101732201779,1.853133765023563,0.7624049515187878,0.0,0.75,0.0,0.2,0.0,0.3484022250755871,0.05,0.08,0.01293103448275862,0.5,0.25
169,0.9762246948523545,0.5130976666536051,0.8695769122134172,0.5101152629509002,0.25610319783984853,0.5194119820435285,0.7025862068965517,0.39756748920112,0.40530649444556305,0.09051724137931035,0.4657142857142857,0.38191900312973937,0.3928698840372363,0.08,0.004310344827586207,0.002857142857142857,0.33714285714285713,13.777142857142858,0.008620689655172414,0.0,0.038653551902797276,0.08436634914903716,4.275862068965517,0.0,0.0,0.15,0.08189655172413793,0,0.1463745541724687,0.3075313874696047,1.8189282325802345,0.7721932854090737,0.0,0.0,0.0,0.2,0.0,0.3484022250755871,0.05,0.08,0.004310344827586207,0.5,0.25
170,0.9759067586722506,0.5133102416752306,0.8693661659454626,0.5102676931789997,0.25610319783984853,0.5196120495057052,0.7112068965517241,0.3976536960976718,0.40537114961797677,0.09051724137931035,0.4714285714285714,0.3819761459868822,0.39291274118009345,0.08,0.008620689655172414,0.008571428571428572,0.33714285714285713,13.788571428571428,0.008620689655172414,0.0,0.038653551902797276,0.08436634914903716,4.275862068965517,0.0,0.0,0.15,0.08189655172413793,0,0.1461852528301778,0.30599373053225665,1.7911210965000588,0.7896198275743359,0.0,0.6666666666666666,0.0,0.2,0.0,0.3484022250755871,0.05,0.08,0.008620689655172414,0.5,0.25
171,0.9760144270319236,0.5144638310788672,0.8694375346867316,0.5107648202805659,0.25610319783984853,0.5198454026671377,0.6982758620689655,0.3976536960976718,0.40537114961797677,0.09051724137931035,0.46285714285714286,0.3819761459868822,0.39291274118009345,0.08,0.008620689655172414,0.008571428571428572,0.33714285714285713,13.771428571428572,0.008620689655172414,0.0,0.038653551902797276,0.08436634914903716,4.275862068965517,0.0,0.0,0.15,0.08189655172413793,0,0.1455967558517412,0.30446376187959534,1.763870103141486,0.7738274310228492,0.0,1.0,0.0,0.2,0.0,0.3484022250755871,0.05,0.08,0.008620689655172414,0.5,0.25
172,0.9750112485213107,0.5139900193742934,0.8687725706454109,0.5106333202176254,0.25610319783984853,0.5199006697524688,0.6637931034482759,0.3976536960976718,0.40537114961797677,0.09051724137931035,0.44,0.3819761459868822,0.39291274118009345,0.08,0.008620689655172414,0.008571428571428572,0.33714285714285713,13.811428571428571,0.008620689655172414,0.0,0.038653551902797276,0.08436634914903716,4.275862068965517,0.0,0.0,0.15,0.08189655172413793,0,0.14495448635819674,0.3029414430701974,1.7371641296500846,0.7583508824023922,0.0,1.0,0.0,0.2,0.0,0.3484022250755871,0.05,0.08,0.008620689655172414,0.5,0.25
173,0.9745040831450782,0.5136817212779239,0.8684363924531655,0.5103810782172041,0.25610319783984853,0.5198615239066582,0.6853448275862069,0.3977399029942235,0.40543580479039065,0.09051724137931035,0.4542857142857143,0.38203328884402515,0.3929555983229506,0.08,0.01293103448275862,0.011428571428571429,0.33714285714285713,13.825714285714286,0.008620689655172414,0.0,0.038653551902797276,0.08436634914903716,4.275862068965517,0.0,0.0,0.15,0.08189655172413793,0,0.14474399964069148,0.3014267358548464,1.7138494184856548,0.7913213536194998,0.0,0.75,0.0,0.2,0.0,0.3484022250755871,0.05,0.08,0.01293103448275862,0.5,0.25
174,0.975136520491072,0.5137918183198624,0.8688556080653671,0.5108833247599145,0.25610319783984853,0.5197390527863619,0.6853448275862069,0.39791231678732697,0.4055651151352182,0.09051724137931035,0.4542857142857143,0.3821475745583107,0.39304131260866493,0.08,0.017241379310344827,0.014285714285714285,0.33714285714285713,13.78,0.008620689655172414,0.0,0.038653551902797276,0.08436634914903716,4.275862068965517,0.0,0.0,0.15,0.08189655172413793,0,0.14496313678534517,0.2999196021755722,1.6938581444016556,0.8374513328424272,0.0,0.6,0.0,0.2,0.0,0.3484022250755871,0.05,0.08,0.017241379310344827,0.5,0.25
175,0.9737571362641713,0.5136348795931961,0.8679412733778213,0.5105541215738073,0.25610319783984853,0.5196616690720399,0.7241379310344828,0.39799852368387867,0.405629770307632,0.09051724137931035,0.48,0.3822047174154537,0.39308416975152205,0.08,0.01293103448275862,0.011428571428571429,0.33714285714285713,13.788571428571428,0.008620689655172414,0.0,0.038653551902797276,0.08436634914903716,4.275862068965517,0.0,0.0,0.15,0.08189655172413793,0,0.14475260681570418,0.29842000416469433,1.6714095529421944,0.8584230995610733,0.0,0.75,0.0,0.2,0.0,0.3484022250755871,0.05,0.08,0.01293103448275862,0.5,0.25
176,0.9726041035285176,0.5133075809768535,0.8671769773930451,0.5101684675679785,0.25610319783984853,0.5195393637376354,0.7112068965517241,0.39799852368387867,0.405629770307632,0.09051724137931035,0.4714285714285714,0.3822047174154537,0.39308416975152205,0.08,0.004310344827586207,0.002857142857142857,0.33714285714285713,13.865714285714287,0.008620689655172414,0.0,0.038653551902797276,0.08436634914903716,4.275862068965517,0.0,0.0,0.15,0.08189655172413793,0,0.14405741521019708,0.2969279041438709,1.6408385047404932,0.8412546375698519,0.0,1.0,0.0,0.2,0.0,0.3484022250755871,0.05,0.08,0.004310344827586207,0.5,0.25
177,0.9730832510778835,0.5140282296610332,0.867494583768625,0.5101576532859938,0.25610319783984853,0.5194002337566552,0.6551724137931034,0.39799852368387867,0.405629770307632,0.09051724137931035,0.4342857142857143,0.3822047174154537,0.39308416975152205,0.08,0.008620689655172414,0.008571428571428572,0.33714285714285713,13.868571428571428,0.008620689655172414,0.0,0.038653551902797276,0.08436634914903716,4.275862068965517,0.0,0.0,0.15,0.08189655172413793,0,0.1434796995627175,0.2954432646231515,1.6165931632171116,0.8244295448184548,0.0,1.0,0.0,0.2,0.0,0.3484022250755871,0.05,0.08,0.008620689655172414,0.5,0.25
178,0.9724316829724156,0.5145627584607858,0.8670626871958577,0.5106414706182079,0.25610319783984853,0.5193751197001443,0.7068965517241379,0.39808473058043037,0.4056944254800458,0.09051724137931035,0.4685714285714286,0.3822618602725965,0.39312702689437923,0.08,0.01293103448275862,0.011428571428571429,0.33714285714285713,13.894285714285715,0.008620689655172414,0.0,0.038653551902797276,0.08436634914903716,4.275862068965517,0.0,0.0,0.15,0.08189655172413793,0,0.14327658677918964,0.2939660483000357,1.595689871381341,0.8522057261782425,0.0,0.75,0.0,0.2,0.0,0.3484022250755871,0.05,0.08,0.01293103448275862,0.5,0.25
179,0.972506224493147,0.5155674456818534,0.8671120975753138,0.5111371602108916,0.25610319783984853,0.5194686645338751,0.7370689655172413,0.39808473058043037,0.4056944254800458,0.09051724137931035,0.48857142857142855,0.3822618602725965,0.39312702689437923,0.08,0.008620689655172414,0.008571428571428572,0.33714285714285713,13.851428571428572,0.008620689655172414,0.0,0.038653551902797276,0.08436634914903716,4.275862068965517,0.0,0.0,0.15,0.08189655172413793,0,0.14264591813100796,0.29249621805853554,1.5723475025251425,0.8351616116546777,0.0,1.0,0.0,0.2,0.0,0.3484022250755871,0.05,0.08,0.008620689655172414,0.5,0.25
180,0.9724226382352003,0.5151440996514655,0.8670566918271893,0.5106486471054867,0.25610319783984853,0.5195831271960011,0.6293103448275862,0.39808473058043037,0.4056944254800458,0.09051724137931035,0.41714285714285715,0.3822618602725965,0.39312702689437923,0.08,0.008620689655172414,0.005714285714285714,0.33714285714285713,13.934285714285714,0.008620689655172414,0.0,0.038653551902797276,0.08436634914903716,4.275862068965517,0.0,0.0,0.15,0.08189655172413793,0,0.14198983139749577,0.29103373696824286,1.5466148381889253,0.8184583794215842,0.0,1.0,0.0,0.2,0.0,0.3484022250755871,0.05,0.08,0.008620689655172414,0.5,0.25
181,0.9720784210750183,0.51403882156271,0.8668285250238685,0.5096928775345465,0.25610319783984853,0.5198135219893849,0.6637931034482759,0.3982571443735338,0.40582373582487336,0.09051724137931035,0.44,0.3823761459868823,0.3932127411800934,0.08,0.017241379310344827,0.014285714285714285,0.33714285714285713,13.891428571428571,0.008620689655172414,0.0,0.038653551902797276,0.08436634914903716,4.275862068965517,0.0,0.0,0.15,0.08189655172413793,0,0.14225116795479403,0.28957856828340167,1.5299682557108611,0.8524992736482793,0.0,0.6,0.0,0.2,0.0,0.3484022250755871,0.05,0.08,0.017241379310344827,0.5,0.25
182,0.9715057142778872,0.5129075788377194,0.8664489022326274,0.5093257790580246,0.25610319783984853,0.5200099956028083,0.6767241379310345,0.3982571443735338,0.40582373582487336,0.09051724137931035,0.44857142857142857,0.3823761459868823,0.3932127411800934,0.08,0.008620689655172414,0.005714285714285714,0.33714285714285713,13.951428571428572,0.01293103448275862,0.0,0.038653551902797276,0.08436634914903716,4.275862068965517,0.0,0.0,0.15,0.08189655172413793,0,0.14159705497216293,0.2881306754419847,1.5050831763109298,0.8354492881753136,0.0,1.0,0.0,0.2,0.0,0.3484022250755871,0.05,0.08,0.008620689655172414,0.5,0.25
183,0.9717417931440493,0.5129420488145464,0.8666053887953405,0.5094987118608232,0.25610319783984853,0.5201167834440221,0.6724137931034483,0.3982571443735338,0.40582373582487336,0.09051724137931035,0.44571428571428573,0.3823761459868823,0.3932127411800934,0.08,0.0,0.0,0.33714285714285713,14.017142857142858,0.008620689655172414,0.0,0.038653551902797276,0.08436634914903716,4.275862068965517,0.0,0.0,0.15,0.08189655172413793,0,0.14088906969730208,0.28669002206477473,1.4749815127847108,0.8187403024118074,0.0,0.0,0.0,0.2,0.0,0.3484022250755871,0.05,0.08,0.0,0.5,0.25
184,0.9708076295718631,0.513872891002273,0.8659861717989198,0.5103674195260086,0.25610319783984853,0.5201701824989774,0.6982758620689655,0.3982571443735338,0.40582373582487336,0.09051724137931035,0.46285714285714286,0.3823761459868823,0.3932127411800934,0.08,0.008620689655172414,0.008571428571428572,0.33714285714285713,14.008571428571429,0.008620689655172414,0.0,0.038653551902797276,0.08436634914903716,4.275862068965517,0.0,0.0,0.15,0.08189655172413793,0,0.14038391077738702,0.28525657195445087,1.4540533111004454,0.8023654963635712,0.0,1.0,0.0,0.2,0.0,0.3484022250755871,0.05,0.08,0.008620689655172414,0.5,0.25
185,0.9725795465441162,0.5137981059314122,0.8671606996205278,0.5101972796507565,0.25610319783984853,0.5203729559253625,0.6767241379310345,0.3982571443735338,0.40582373582487336,0.09051724137931035,0.44857142857142857,0.3823761459868823,0.3932127411800934,0.08,0.004310344827586207,0.005714285714285714,0.33714285714285713,13.997142857142856,0.008620689655172414,0.0,0.038653551902797276,0.08436634914903716,4.275862068965517,0.0,0.0,0.15,0.08189655172413793,0,0.13973913408064292,0.2838302890946786,1.430686530592722,0.7863181864362998,0.0,1.0,0.0,0.2,0.0,0.3484022250755871,0.05,0.08,0.004310344827586207,0.5,0.25
186,0.9732386826263609,0.5141597896545614,0.8675976126807586,0.5108483877379604,0.25610319783984853,0.5205468678844059,0.603448275862069,0.3982571443735338,0.40582373582487336,0.09051724137931035,0.4,0.3823761459868823,0.3932127411800934,0.08,0.008620689655172414,0.008571428571428572,0.33714285714285713,13.968571428571428,0.017241379310344827,0.0,0.038653551902797276,0.08436634914903716,4.275862068965517,0.0,0.0,0.15,0.08189655172413793,0,0.13915458126738256,0.2824111376492052,1.4106442285522962,0.7705918227075738,0.0,1.0,0.0,0.2,0.0,0.3484022250755871,0.05,0.08,0.008620689655172414,0.5,0.25
187,0.9711851242813982,0.5144466515963234,0.8662363968635263,0.5103235988359685,0.25610319783984853,0.520818467832863,0.6422413793103449,0.3983433512700855,0.40588839099728713,0.09051724137931035,0.4257142857142857,0.3824332888440251,0.3932555983229506,0.08,0.01293103448275862,0.011428571428571429,0.33714285714285713,13.994285714285715,0.01293103448275862,0.0,0.038653551902797276,0.08436634914903716,4.275862068965517,0.0,0.0,0.15,0.08189655172413793,0,0.13897309407533137,0.2809990819609592,1.3938599154098217,0.7698448581826591,0.0,0.75,0.0,0.2,0.0,0.3484022250755871,0.05,0.08,0.01293103448275862,0.5,0.25
188,0.9701544758809127,0.5138259330532386,0.86555322420949,0.5102220473591206,0.25610319783984853,0.5209631818890639,0.6767241379310345,0.398515765063189,0.40601770134211473,0.09051724137931035,0.44857142857142857,0.38254757455831084,0.3933413126086649,0.08,0.017241379310344827,0.011428571428571429,0.33714285714285713,13.962857142857143,0.017241379310344827,0.0,0.038653551902797276,0.08436634914903716,4.275862068965517,0.0,0.0,0.15,0.08189655172413793,0,0.13919251431924043,0.2795940865511544,1.3774112885301968,0.7684337126139418,0.0,0.5,0.0,0.2,0.0,0.3484022250755871,0.05,0.08,0.017241379310344827,0.5,0.25
189,0.9719568238446755,0.5129046917129438,0.8667479234311843,0.509577660250633,0.25610319783984853,0.5211486792024757,0.6896551724137931,0.398515765063189,0.40601770134211473,0.09051724137931035,0.45714285714285713,0.38254757455831084,0.3933413126086649,0.08,0.008620689655172414,0.005714285714285714,0.33714285714285713,13.965714285714286,0.01293103448275862,0.0,0.038653551902797276,0.08436634914903716,4.275862068965517,0.0,0.0,0.15,0.08189655172413793,0,0.13858212317621565,0.2781961161183986,1.3555773484738785,0.7530650383616628,0.0,1.0,0.0,0.2,0.0,0.3484022250755871,0.05,0.08,0.008620689655172414,0.5,0.25
190,0.9716239493334915,0.512464515090402,0.866527275183771,0.5091898253415699,0.25610319783984853,0.5212702332144488,0.6810344827586207,0.3986881788562925,0.40614701168694234,0.09051724137931035,0.4514285714285714,0.38266186027259647,0.3934270268943792,0.08,0.017241379310344827,0.014285714285714285,0.33714285714285713,13.962857142857143,0.01293103448275862,0.0,0.038653551902797276,0.08436634914903716,4.275862068965517,0.0,0.0,0.15,0.08189655172413793,0,0.1388604982746203,0.2906084183607301,1.342751515790115,0.7452994600581712,0.0,0.6,0.0,0.2,0.0,0.3484022250755871,0.05,0.08,0.017241379310344827,0.5,0.25
191,0.9704468934145624,0.5132361400713875,0.8657470552603665,0.5102627270213278,0.25610319783984853,0.5214289082037541,0.7068965517241379,0.3986881788562925,0.40614701168694234,0.09051724137931035,0.4685714285714286,0.38266186027259647,0.3934270268943792,0.08,0.004310344827586207,0.002857142857142857,0.33714285714285713,13.942857142857143,0.01293103448275862,0.0,0.038653551902797276,0.08436634914903716,4.275862068965517,0.0,0.0,0.15,0.08189655172413793,0,0.13819476721181864,0.28915537626892646,1.3187536283314558,0.7303934708570078,0.0,1.0,0.0,0.2,0.0,0.3484022250755871,0.05,0.08,0.004310344827586207,0.5,0.25
192,0.9702767425933357,0.5127118837607031,0.8656342695731531,0.5095985441180655,0.25610319783984853,0.521683725993921,0.6810344827586207,0.3986881788562925,0.40614701168694234,0.09051724137931035,0.4514285714285714,0.38266186027259647,0.3934270268943792,0.08,0.008620689655172414,0.008571428571428572,0.33714285714285713,13.917142857142856,0.017241379310344827,0.0,0.038653551902797276,0.08436634914903716,4.275862068965517,0.0,0.0,0.15,0.08189655172413793,0,0.13764636480433098,0.28770959938758184,1.300949984336255,0.7157856014398676,0.0,1.0,0.0,0.2,0.0,0.3484022250755871,0.05,0.08,0.008620689655172414,0.5,0.25
193,0.9700549958414345,0.5127649807028436,0.8654872831547501,0.5096973816292317,0.25610319783984853,0.521922927878639,0.6724137931034483,0.3986881788562925,0.40614701168694234,0.09051724137931035,0.44571428571428573,0.38266186027259647,0.3934270268943792,0.08,0.008620689655172414,0.008571428571428572,0.33714285714285713,13.945714285714285,0.008620689655172414,0.0,0.038653551902797276,0.08436634914903716,4.275862068965517,0.0,0.0,0.15,0.08189655172413793,0,0.1370438472660236,0.2862710513906439,1.2835024132209585,0.7014698894110701,0.0,1.0,0.0,0.2,0.0,0.3484022250755871,0.05,0.08,0.008620689655172414,0.5,0.25
194,0.9710418144749379,0.5148507307566322,0.8661414029346725,0.5113281774217452,0.25610319783984853,0.5221902193168071,0.7112068965517241,0.3986881788562925,0.40614701168694234,0.09051724137931035,0.4714285714285714,0.38266186027259647,0.3934270268943792,0.08,0.008620689655172414,0.008571428571428572,0.33714285714285713,13.862857142857143,0.008620689655172414,0.0,0.038653551902797276,0.08436634914903716,4.275862068965517,0.0,0.0,0.15,0.08189655172413793,0,0.13644434231540775,0.2848396961336907,1.266403793527968,0.6874404916228487,0.0,1.0,0.0,0.2,0.0,0.3484022250755871,0.05,0.08,0.008620689655172414,0.5,0.25
195,0.9712281522421784,0.5132963765259464,0.8662649182546719,0.5095799124961119,0.25610319783984853,0.5225069970525167,0.7241379310344828,0.3988605926493959,0.4062763220317699,0.09051724137931035,0.48,0.38277614598688225,0.3935127411800935,0.08,0.017241379310344827,0.014285714285714285,0.33714285714285713,13.902857142857142,0.008620689655172414,0.0,0.038653551902797276,0.08436634914903716,4.275862068965517,0.0,0.0,0.15,0.08189655172413793,0,0.13670497774668783,0.2867570012900534,1.255361431943123,0.7119147666997759,0.0,0.6,0.0,0.2,0.0,0.3484022250755871,0.05,0.08,0.017241379310344827,0.5,0.25
196,0.9720770936786436,0.5122183291228808,0.8668276451497003,0.5087872513979983,0.25610319783984853,0.5225751542009792,0.6810344827586207,0.3989467995459476,0.40634097720418366,0.09051724137931035,0.4514285714285714,0.38283328884402507,0.39355559832295056,0.08,0.01293103448275862,0.008571428571428572,0.33714285714285713,13.891428571428571,0.008620689655172414,0.0,0.038653551902797276,0.08436634914903716,4.275862068965517,0.0,0.0,0.15,0.08189655172413793,0,0.1365071671436687,0.28532321628360313,1.2388256318756887,0.7223489726145943,0.0,0.6666666666666666,0.0,0.2,0.0,0.3484022250755871,0.05,0.08,0.01293103448275862,0.5,0.25
197,0.9712299828781329,0.5123809255285416,0.8662661317047902,0.5086667888738283,0.25610319783984853,0.5227463308842227,0.6939655172413793,0.39903300644249934,0.4064056323765975,0.09051724137931035,0.46,0.38289043170116793,0.39359845546580774,0.08,0.01293103448275862,0.011428571428571429,0.33714285714285713,13.842857142857143,0.008620689655172414,0.0,0.038653551902797276,0.08436634914903716,4.275862068965517,0.0,0.0,0.15,0.08189655172413793,0,0.13636734559366465,0.2838966002021851,1.2254776906667466,0.7237977205924956,0.0,0.75,0.0,0.2,0.0,0.3484022250755871,0.05,0.08,0.01293103448275862,0.5,0.25
198,0.9709380260488156,0.5122994453468557,0.8660726060350714,0.5083611229566001,0.25610319783984853,0.5226389035597712,0.6939655172413793,0.39903300644249934,0.4064056323765975,0.09051724137931035,0.46,0.38289043170116793,0.39359845546580774,0.08,0.0,0.0,0.33714285714285713,13.891428571428571,0.008620689655172414,0.0,0.038653551902797276,0.08436634914903716,4.275862068965517,0.0,0.0,0.15,0.08189655172413793,0,0.1356855088656963,0.2824771172011742,1.2009681368534117,0.7093217661806457,0.0,0.0,0.0,0.2,0.0,0.3484022250755871,0.05,0.08,0.0,0.5,0.25
199,0.9714378249387617,0.512083777545176,0.8664039012992645,0.5083423072206642,0.25610319783984853,0.5223447381005988,0.6982758620689655,0.39911921333905104,0.40647028754901127,0.09051724137931035,0.46285714285714286,0.38294757455831085,0.3936413126086649,0.08,0.01293103448275862,0.008571428571428572,0.33714285714285713,13.842857142857143,0.008620689655172414,0.0,0.038653551902797276,0.08436634914903716,4.275862068965517,0.0,0.0,0.15,0.08189655172413793,0,0.13554965274993927,0.2810647316151683,1.1855202026877718,0.7040934701448115,0.0,0.6666666666666666,0.0,0.2,0.0,0.3484022250755871,0.05,0.08,0.01293103448275862,0.5,0.25
200,0.9716655827725333,0.5127905020769912,0.8665548722062215,0.5084859304602004,0.25610319783984853,0.5218563820607696,0.7241379310344828,0.3992054202356028,0.4065349427214251,0.09051724137931035,0.48,0.3830047174154536,0.39368416975152204,0.08,0.01293103448275862,0.011428571428571429,0.33714285714285713,13.757142857142858,0.01293103448275862,0.0,0.038653551902797276,0.08436634914903716,4.275862068965517,0.0,0.0,0.15,0.08189655172413793,0,0.13544290520047528,0.2880971749306163,1.173238370062588,0.7738274310228492,0.0,0.75,0.0,0.2,0.0,0.3484022250755871,0.05,0.08,0.01293103448275862,0.5,0.25
201,0.97006049558156,0.5128162805772208,0.8654909286967765,0.5082819267031587,0.25610319783984853,0.5215206727358899,0.6939655172413793,0.3992916271321545,0.4065995978938388,0.09051724137931035,0.46,0.3830618602725964,0.39372702689437916,0.08,0.01293103448275862,0.011428571428571429,0.33714285714285713,13.785714285714286,0.01293103448275862,0.0,0.038653551902797276,0.08436634914903716,4.275862068965517,0.0,0.0,0.15,0.08189655172413793,0,0.1352799763887586,0.30544548682010636,1.1612021740899074,0.7583508824023922,0.0,0.75,0.0,0.2,0.0,0.3484022250755871,0.05,0.08,0.01293103448275862,0.5,0.25
202,0.9731352209835759,0.5138432579157864,0.8675290323918268,0.5084122260399636,0.25610319783984853,0.5211383621562183,0.6982758620689655,0.3992916271321545,0.4065995978938388,0.09051724137931035,0.46285714285714286,0.3830618602725964,0.39372702689437916,0.08,0.008620689655172414,0.008571428571428572,0.33714285714285713,13.791428571428572,0.008620689655172414,0.0,0.038653551902797276,0.08436634914903716,4.275862068965517,0.0,0.0,0.15,0.08189655172413793,0,0.13468929079252911,0.30391825938600586,1.1465495591795378,0.7431838647543443,0.0,1.0,0.0,0.2,0.0,0.3484022250755871,0.05,0.08,0.008620689655172414,0.5,0.25
203,0.9726828468996702,0.5139997009884868,0.8672291729990664,0.508918546589536,0.25610319783984853,0.5207576852573483,0.7413793103448276,0.3992916271321545,0.4065995978938388,0.09051724137931035,0.49142857142857144,0.3830618602725964,0.39372702689437916,0.08,0.004310344827586207,0.002857142857142857,0.33714285714285713,13.831428571428571,0.008620689655172414,0.0,0.038653551902797276,0.08436634914903716,4.275862068965517,0.0,0.0,0.15,0.08189655172413793,0,0.13404441576713788,0.30239866808907584,1.12647571085309,0.7283201874592574,0.0,1.0,0.0,0.2,0.0,0.3484022250755871,0.05,0.08,0.004310344827586207,0.5,0.25
204,0.974683396905782,0.5146851830386505,0.8685552518602606,0.5092603545921107,0.25610319783984853,0.5204481395654691,0.7370689655172413,0.3993778340287062,0.4066642530662527,0.09051724137931035,0.48857142857142855,0.3831190031297394,0.39376988403723634,0.08,0.01293103448275862,0.011428571428571429,0.33714285714285713,13.848571428571429,0.008620689655172414,0.0,0.038653551902797276,0.08436634914903716,4.275862068965517,0.0,0.0,0.15,0.08189655172413793,0,0.13394533654544505,0.3008866747486304,1.1153747680645998,0.7597635739437973,0.0,0.75,0.0,0.2,0.0,0.3484022250755871,0.05,0.08,0.01293103448275862,0.5,0.25
205,0.9746066602890351,0.5154683520730304,0.8685043864457311,0.5096824758329934,0.25610319783984853,0.5201535437283228,0.7844827586206896,0.39955024782180965,0.4067935634110803,0.09051724137931035,0.52,0.383233288844025,0.39385559832295064,0.08,0.01293103448275862,0.008571428571428572,0.33714285714285713,13.871428571428572,0.008620689655172414,0.0,0.038653551902797276,0.08436634914903716,4.275862068965517,0.0,0.0,0.15,0.08189655172413793,0,0.1341613241484321,0.2993822413748873,1.1016387012747362,0.8342979556653849,0.0,0.3333333333333333,0.0,0.2,0.0,0.3484022250755871,0.05,0.08,0.01293103448275862,0.5,0.25
206,0.9759443709277211,0.5163523994537175,0.8693910974976602,0.5103283605179368,0.25610319783984853,0.5199800152722251,0.7801724137931034,0.39955024782180965,0.4067935634110803,0.09051724137931035,0.5171428571428571,0.383233288844025,0.39385559832295064,0.08,0.008620689655172414,0.008571428571428572,0.33714285714285713,13.905714285714286,0.008620689655172414,0.0,0.038653551902797276,0.08436634914903716,4.275862068965517,0.0,0.0,0.15,0.08189655172413793,0,0.1336330889562614,0.29788533016801283,1.0881773558206698,0.8176119965520772,0.0,1.0,0.0,0.2,0.0,0.3484022250755871,0.05,0.08,0.008620689655172414,0.5,0.25
207,0.976874313270847,0.5172523458935983,0.8700075164222465,0.5111970300351254,0.25610319783984853,0.5198683908185104,0.7068965517241379,0.39955024782180965,0.4067935634110803,0.09051724137931035,0.4685714285714286,0.383233288844025,0.39385559832295064,0.08,0.008620689655172414,0.008571428571428572,0.33714285714285713,13.942857142857143,0.01293103448275862,0.0,0.038653551902797276,0.08436634914903716,4.275862068965517,0.0,0.0,0.15,0.08189655172413793,0,0.13305063779719437,0.29639590351717277,1.0749852372756852,0.8012597566210355,0.0,1.0,0.0,0.2,0.0,0.3484022250755871,0.05,0.08,0.008620689655172414,0.5,0.25
208,0.9761502505371343,0.5168789044713455,0.8695275662673284,0.5111473114136507,0.25610319783984853,0.5200351488438102,0.6767241379310345,0.3998088685114648,0.40698752892832163,0.09051724137931035,0.44857142857142857,0.3834047174154536,0.3939841697515221,0.08,0.017241379310344827,0.011428571428571429,0.33714285714285713,14.0,0.008620689655172414,0.0,0.038653551902797276,0.08436634914903716,4.275862068965517,0.0,0.0,0.15,0.08189655172413793,0,0.1336996703224941,0.2949139239995869,1.0649141039587426,0.8390997310232604,0.0,0.25,0.0,0.2,0.0,0.3484022250755871,0.05,0.08,0.017241379310344827,0.5,0.25
209,0.9758665098271501,0.5167244006959855,0.8693394867109959,0.5110153058360045,0.25610319783984853,0.5202472281298121,0.7198275862068966,0.39989507540801655,0.40705218410073546,0.09051724137931035,0.47714285714285715,0.3834618602725965,0.3940270268943792,0.08,0.01293103448275862,0.011428571428571429,0.33714285714285713,13.994285714285715,0.01293103448275862,0.0,0.038653551902797276,0.08436634914903716,4.275862068965517,0.0,0.0,0.15,0.08189655172413793,0,0.13360231482802448,0.29343935437958896,1.0550443933081393,0.8729619715160188,0.0,0.75,0.0,0.2,0.0,0.3484022250755871,0.05,0.08,0.01293103448275862,0.5,0.25
210,0.9751595039541079,0.516079156484925,0.8688708428180079,0.5103736071098908,0.25610319783984853,0.5204824640577336,0.7025862068965517,0.39989507540801655,0.40705218410073546,0.09051724137931035,0.4657142857142857,0.3834618602725965,0.3940270268943792,0.08,0.004310344827586207,0.005714285714285714,0.33714285714285713,14.051428571428572,0.008620689655172414,0.0,0.038653551902797276,0.08436634914903716,4.275862068965517,0.0,0.0,0.15,0.08189655172413793,0,0.13299144611102723,0.291972157607691,1.0396577911562621,0.8555027320856985,0.0,1.0,0.0,0.2,0.0,0.3484022250755871,0.05,0.08,0.004310344827586207,0.5,0.25
211,0.9754763760282843,0.5160591272793065,0.8690808837357478,0.509549107435338,0.25610319783984853,0.5206282963877523,0.6508620689655172,0.39989507540801655,0.40705218410073546,0.09051724137931035,0.43142857142857144,0.3834618602725965,0.3940270268943792,0.08,0.004310344827586207,0.002857142857142857,0.33714285714285713,14.102857142857143,0.008620689655172414,0.0,0.038653551902797276,0.08436634914903716,4.275862068965517,0.0,0.0,0.15,0.08189655172413793,0,0.1323550603090435,0.29051229681965257,1.0217217781902799,0.8383926774439845,0.0,1.0,0.0,0.2,0.0,0.3484022250755871,0.05,0.08,0.004310344827586207,0.5,0.25
212,0.9763434997142488,0.5164759500549202,0.8696556628647298,0.5095791771029756,0.25610319783984853,0.5207953499910046,0.6896551724137931,0.39989507540801655,0.40705218410073546,0.09051724137931035,0.45714285714285713,0.3834618602725965,0.3940270268943792,0.08,0.008620689655172414,0.008571428571428572,0.33714285714285713,14.1,0.008620689655172414,0.0,0.038653551902797276,0.08436634914903716,4.275862068965517,0.0,0.0,0.15,0.08189655172413793,0,0.13186414286464115,0.2890597353355543,1.0098587711979028,0.8216248238951047,0.0,1.0,0.0,0.2,0.0,0.3484022250755871,0.05,0.08,0.008620689655172414,0.5,0.25
213,0.9766510769326028,0.5172738648055969,0.869859542620896,0.509960531822526,0.25610319783984853,0.5209018149478774,0.7370689655172413,0.3999812823045683,0.4071168392731492,0.09051724137931035,0.48857142857142855,0.38351900312973936,0.3940698840372363,0.08,0.01293103448275862,0.008571428571428572,0.33714285714285713,14.142857142857142,0.017241379310344827,0.0,0.038653551902797276,0.08436634914903716,4.275862068965517,0.0,0.0,0.15,0.08189655172413793,0,0.13169053643603224,0.2876144366588765,0.9982330243453733,0.8354492881753136,0.0,0.6666666666666666,0.0,0.2,0.0,0.3484022250755871,0.05,0.08,0.01293103448275862,0.5,0.25
214,0.9771295747832706,0.5168676591303412,0.8701767183390529,0.5095075507686672,0.25610319783984853,0.5208152773481552,0.7327586206896551,0.3999812823045683,0.4071168392731492,0.09051724137931035,0.4857142857142857,0.38351900312973936,0.3940698840372363,0.08,0.008620689655172414,0.008571428571428572,0.33714285714285713,14.125714285714286,0.01293103448275862,0.0,0.038653551902797276,0.08436634914903716,4.275862068965517,0.0,0.0,0.15,0.08189655172413793,0,0.13114622661099493,0.28617636447558215,0.9868397924298945,0.8187403024118074,0.0,1.0,0.0,0.2,0.0,0.3484022250755871,0.05,0.08,0.008620689655172414,0.5,0.25
215,0.975663728023207,0.5166180150185362,0.8692050713438106,0.5095755851725274,0.25610319783984853,0.5207897661202938,0.6767241379310345,0.40006748920112,0.407181494445563,0.09051724137931035,0.44857142857142857,0.3835761459868823,0.3941127411800935,0.08,0.004310344827586207,0.002857142857142857,0.33714285714285713,14.162857142857144,0.017241379310344827,0.0,0.038653551902797276,0.08436634914903716,4.275862068965517,0.0,0.0,0.15,0.08189655172413793,0,0.1309190669065114,0.2847454826532042,0.9699601394384394,0.8170728068875467,0.0,0.0,0.0,0.2,0.0,0.3484022250755871,0.05,0.08,0.004310344827586207,0.5,0.25
216,0.9740363569522138,0.5169686954133058,0.868126356805324,0.5097455722614237,0.25610319783984853,0.5207271972859799,0.6767241379310345,0.4001536960976717,0.4072461496179768,0.09051724137931035,0.44857142857142857,0.38363328884402514,0.3941555983229506,0.08,0.01293103448275862,0.011428571428571429,0.33714285714285713,14.134285714285713,0.008620689655172414,0.0,0.038653551902797276,0.08436634914903716,4.275862068965517,0.0,0.0,0.15,0.08189655172413793,0,0.13086404300055024,0.2833217552399382,0.961989508078242,0.8057345179329959,0.0,0.75,0.0,0.2,0.0,0.3484022250755871,0.05,0.08,0.01293103448275862,0.5,0.25
217,0.9744616269518716,0.5174581336643516,0.8684082500622399,0.5100493623005313,0.25610319783984853,0.5207400240291129,0.6681034482758621,0.40023990299422346,0.40731080479039056,0.09051724137931035,0.44285714285714284,0.38369043170116796,0.3941984554658078,0.08,0.008620689655172414,0.008571428571428572,0.33714285714285713,14.128571428571428,0.008620689655172414,0.0,0.038653551902797276,0.08436634914903716,4.275862068965517,0.0,0.0,0.15,0.08189655172413793,0,0.13069543707126177,0.28190514646373854,0.9513211464881056,0.8337477621301497,0.0,0.6666666666666666,0.0,0.2,0.0,0.3484022250755871,0.05,0.08,0.008620689655172414,0.5,0.25
218,0.9747238592696271,0.5178920989608584,0.868582072627152,0.5107429769563072,0.25610319783984853,0.5207917262033888,0.6810344827586207,0.4004985236838786,0.407504770307632,0.09051724137931035,0.4514285714285714,0.3838618602725965,0.39432702689437915,0.08,0.021551724137931036,0.017142857142857144,0.33714285714285713,14.114285714285714,0.008620689655172414,0.0,0.038653551902797276,0.08436634914903716,4.275862068965517,0.0,0.0,0.15,0.08189655172413793,0,0.13144181702876262,0.28049562073141987,0.9494375807012008,0.835470260222671,0.0,0.5,0.0,0.2,0.0,0.3484022250755871,0.05,0.08,0.021551724137931036,0.5,0.25
219,0.9765841794605957,0.5184271905811593,0.8690004148277931,0.5109037638086563,0.25610319783984853,0.52082591950254,0.6233766233766234,0.3992360745826887,0.40834163182910554,0.09090909090909091,0.4114285714285714,0.3838618602725965,0.39432702689437915,0.08,0.004329004329004329,0.005714285714285714,0.34,14.131428571428572,0.008658008658008658,0.002857142857142857,0.038782828916949126,0.08436634914903718,4.12987012987013,0.0,0.0,0.15,0.08225108225108226,0,0.13084175080076169,0.27909314262776275,0.9361631148014625,0.8187608550182175,0.0,1.0,0.0,0.2,0.0,0.3484022250755871,0.05,0.08,0.008620689655172414,0.5,0.25
220,0.9772621170595808,0.518761316370112,0.8694478536431234,0.5109602057268383,0.25610319783984853,0.5207176520908305,0.6277056277056277,0.3992360745826887,0.40834163182910554,0.09090909090909091,0.4142857142857143,0.3838618602725965,0.39432702689437915,0.08,0.004329004329004329,0.005714285714285714,0.34,14.16,0.008658008658008658,0.0,0.03883026434981418,0.08436634914903718,4.12987012987013,0.0,0.0,0.15,0.07792207792207792,0,0.1302731134753293,0.27769767691462394,0.9231541382197188,0.8023856379178532,0.0,1.0,0.0,0.2,0.0,0.3484022250755871,0.05,0.08,0.004329004329004329,0.5,0.25
221,0.9762647106907105,0.5188651938168748,0.868789565439669,0.5112418457657114,0.25610319783984853,0.5204896938333132,0.6363636363636364,0.399409234755849,0.40847150195897564,0.09090909090909091,0.42,0.38397614598688223,0.39441274118009345,0.08,0.012987012987012988,0.011428571428571429,0.34,14.151428571428571,0.008658008658008658,0.0,0.03883026434981418,0.08436634914903718,4.12987012987013,0.0,0.0,0.15,0.07792207792207792,0,0.13053603362223834,0.2763091885300508,0.9161196268838958,0.8694190467487541,0.0,0.5,0.0,0.2,0.0,0.3484022250755871,0.05,0.08,0.012987012987012988,0.5,0.25
222,0.976092395870393,0.5185528325653304,0.8686758376582595,0.5106832869849397,0.25610319783984853,0.5201365939229241,0.6623376623376623,0.399409234755849,0.40847150195897564,0.09090909090909091,0.43714285714285717,0.38397614598688223,0.39441274118009345,0.08,0.004329004329004329,0.005714285714285714,0.34,14.182857142857143,0.004329004329004329,0.0,0.03883026434981418,0.08436634914903718,4.12987012987013,0.0,0.0,0.15,0.07792207792207792,0,0.12994049631127,0.27492764258740054,0.9035115200605037,0.8520306658137791,0.0,1.0,0.0,0.2,0.0,0.3484022250755871,0.05,0.08,0.004329004329004329,0.5,0.25
223,0.9757361298739723,0.5191559254899584,0.8684407021006216,0.5112302376414901,0.25610319783984853,0.5198727080028135,0.6147186147186147,0.39958239492900915,0.4086013720888458,0.09090909090909091,0.4057142857142857,0.3840904317011679,0.39449845546580775,0.08,0.012987012987012988,0.011428571428571429,0.34,14.202857142857143,0.004329004329004329,0.0,0.03883026434981418,0.08436634914903718,4.12987012987013,0.0,0.0,0.15,0.07792207792207792,0,0.1302050795439994,0.27355300437446356,0.8968698610878652,0.8876502224576002,0.0,0.5,0.0,0.2,0.0,0.3484022250755871,0.05,0.08,0.012987012987012988,0.5,0.25
224,0.9775206743284957,0.5191142703239384,0.8696185014406073,0.5114111676174182,0.25610319783984853,0.519670202931648,0.6406926406926406,0.39958239492900915,0.4086013720888458,0.09090909090909091,0.4228571428571429,0.3840904317011679,0.39449845546580775,0.08,0.004329004329004329,0.005714285714285714,0.34,14.182857142857143,0.004329004329004329,0.0,0.03883026434981418,0.08436634914903718,4.12987012987013,0.0,0.0,0.15,0.07792207792207792,0,0.12961119700342225,0.27218523935259126,0.8846467495803934,0.8698972180084482,0.0,1.0,0.0,0.2,0.0,0.3484022250755871,0.05,0.08,0.004329004329004329,0.5,0.25
225,0.978997246965333,0.5195774286252288,0.8705930393809198,0.5113635008836828,0.25610319783984853,0.5194701290635553,0.683982683982684,0.39975555510216926,0.4087312422187159,0.09090909090909091,0.4514285714285714,0.3842047174154537,0.39458416975152205,0.08,0.012987012987012988,0.011428571428571429,0.34,14.208571428571428,0.008658008658008658,0.0,0.03883026434981418,0.08436634914903718,4.12987012987013,0.0,0.0,0.15,0.07792207792207792,0,0.12987742673269087,0.27082431315582833,0.878382386017357,0.8684018282999052,0.0,0.5,0.0,0.2,0.0,0.3484022250755871,0.05,0.08,0.012987012987012988,0.5,0.25
226,0.9781147115129109,0.5197823079440527,0.8700105659823212,0.5114408624107001,0.25610319783984853,0.5191342208167327,0.6536796536796536,0.3998421351887494,0.408796177283651,0.09090909090909091,0.43142857142857144,0.3842618602725965,0.39462702689437923,0.08,0.008658008658008658,0.008571428571428572,0.34,14.188571428571429,0.008658008658008658,0.0,0.03883026434981418,0.08436634914903718,4.12987012987013,0.0,0.0,0.15,0.07792207792207792,0,0.12971375388474168,0.2694701915900492,0.8693861668684385,0.8545324189791866,0.0,0.6666666666666666,0.0,0.2,0.0,0.3484022250755871,0.05,0.08,0.008658008658008658,0.5,0.25
227,0.9781246218089625,0.519058343969654,0.8700171067777154,0.5111806369002883,0.25610319783984853,0.5189723662744329,0.6883116883116883,0.3998421351887494,0.408796177283651,0.09090909090909091,0.4542857142857143,0.3842618602725965,0.39462702689437923,0.08,0.004329004329004329,0.002857142857142857,0.34,14.117142857142857,0.008658008658008658,0.0,0.03883026434981418,0.08436634914903718,4.12987012987013,0.0,0.0,0.15,0.07792207792207792,0,0.12909375654388938,0.26812284063209896,0.8548555863882124,0.8374417705996029,0.0,1.0,0.0,0.2,0.0,0.3484022250755871,0.05,0.08,0.004329004329004329,0.5,0.25
228,0.9773707625915148,0.5194937911489825,0.8692307865794741,0.5111921552200405,0.25610319783984853,0.5188311592941921,0.6869565217391305,0.40116919406516727,0.4079783986304839,0.09130434782608696,0.4514285714285714,0.3842618602725965,0.39462702689437923,0.08,0.004347826086956522,0.005714285714285714,0.34285714285714286,14.151428571428571,0.004347826086956522,0.002857142857142857,0.03883492504306554,0.08436634914903718,4.121739130434783,0.0,0.0,0.15,0.0782608695652174,0,0.12853385918974136,0.2667822264289385,0.8434727603747337,0.8206929351876108,0.0,1.0,0.0,0.2,0.0,0.3484022250755871,0.05,0.08,0.004329004329004329,0.5,0.25
229,0.9794662723359226,0.5177168570992813,0.8693709757355155,0.5107361135078042,0.25610319783984853,0.5189280791577028,0.7510917030567685,0.40023714749765654,0.40945272480880346,0.09170305676855896,0.49142857142857144,0.38437614598688224,0.39471274118009353,0.08,0.008733624454148471,0.011428571428571429,0.3457142857142857,14.165714285714285,0.0,0.002857142857142857,0.03888001901137673,0.08436634914903718,4.0524017467248905,0.0,0.0,0.15,0.07860262008733625,0,0.12880547560807837,0.2654483152967938,0.8380318765958107,0.8173155735982831,0.0,0.5,0.0,0.2,0.0,0.3484022250755871,0.05,0.08,0.013043478260869565,0.5,0.25
230,0.9795834865165416,0.5187465531157492,0.8694476672994064,0.5104516128446527,0.25610319783984853,0.5189430957206598,0.7379912663755459,0.400499156231281,0.40964923135902187,0.09170305676855896,0.4828571428571429,0.38454757455831085,0.3948413126086649,0.08,0.013100436681222707,0.008571428571428572,0.3457142857142857,14.18,0.0,0.0,0.03894006042814231,0.08436634914903718,4.0524017467248905,0.0,0.0,0.15,0.07860262008733625,0,0.12944716251575228,0.269630177650887,0.829842667635323,0.8271315351978061,0.0,0.0,0.0,0.2,0.0,0.3484022250755871,0.05,0.08,0.013100436681222707,0.5,0.25
231,0.9788260036570706,0.5185946273943938,0.8689520570856379,0.5100430507022435,0.25610319783984853,0.5190670773014031,0.7161572052401747,0.4005864924758225,0.40971473354242793,0.09170305676855896,0.4685714285714286,0.38460471741545366,0.3948841697515221,0.08,0.004366812227074236,0.002857142857142857,0.3457142857142857,14.17142857142857,0.0,0.0,0.03894006042814231,0.08436634914903718,4.0524017467248905,0.0,0.0,0.15,0.07860262008733625,0,0.12922849813174495,0.2682820267626326,0.8161029571397593,0.8170728068875467,0.0,0.0,0.0,0.2,0.0,0.3484022250755871,0.05,0.08,0.004366812227074236,0.5,0.25
232,0.9774979651280702,0.5185667931740514,0.8680831404480919,0.5097366008660422,0.25610319783984853,0.5192992519067696,0.6593886462882096,0.4005864924758225,0.40971473354242793,0.09170305676855896,0.43142857142857144,0.38460471741545366,0.3948841697515221,0.08,0.0,0.0,0.3457142857142857,14.154285714285715,0.004366812227074236,0.0,0.03894006042814231,0.08436634914903718,4.0524017467248905,0.0,0.0,0.15,0.07860262008733625,0,0.12858235564108622,0.2669406166288194,0.7997808979969642,0.8007313507497957,0.0,0.0,0.0,0.2,0.0,0.3484022250755871,0.05,0.08,0.0,0.5,0.25
233,0.9760673789753671,0.5182405933204489,0.8671471283653234,0.5097162785036883,0.25610319783984853,0.5194287733780777,0.7117903930131004,0.40076116496490544,0.40984573790924017,0.09170305676855896,0.4657142857142857,0.3847190031297394,0.3949698840372364,0.08,0.008733624454148471,0.005714285714285714,0.3457142857142857,14.145714285714286,0.004366812227074236,0.0,0.03894006042814231,0.08436634914903718,4.0524017467248905,0.0,0.0,0.15,0.07860262008733625,0,0.12879658672002364,0.28299871604928395,0.7894995657513105,0.8191823113929368,0.0,0.0,0.0,0.2,0.0,0.3484022250755871,0.05,0.08,0.008733624454148471,0.5,0.25
234,0.9759345875357295,0.5188868186048644,0.8670602448233891,0.5106385094410696,0.25610319783984853,0.519584942409029,0.6855895196506551,0.40076116496490544,0.40984573790924017,0.09170305676855896,0.44857142857142857,0.3847190031297394,0.3949698840372364,0.08,0.0,0.0,0.3457142857142857,14.128571428571428,0.004366812227074236,0.0,0.03894006042814231,0.08436634914903718,4.0524017467248905,0.0,0.0,0.15,0.07860262008733625,0,0.1281526037864235,0.2815837224690375,0.7737095744362843,0.8027986651650781,0.0,0.0,0.0,0.2,0.0,0.3484022250755871,0.05,0.08,0.0,0.5,0.25
235,0.9767812168087382,0.5189077373520806,0.8676141822620148,0.5101974113580002,0.25610319783984853,0.5196483199945964,0.7336244541484717,0.4009358374539884,0.4099767422760524,0.09170305676855896,0.48,0.384833288844025,0.3950555983229507,0.08,0.008733624454148471,0.005714285714285714,0.3457142857142857,14.131428571428572,0.004366812227074236,0.0,0.03894006042814231,0.08436634914903718,4.0524017467248905,0.0,0.0,0.15,0.07860262008733625,0,0.12836898362463425,0.29879859160036365,0.7639496686618443,0.8061860451928614,0.0,0.0,0.0,0.2,0.0,0.3484022250755871,0.05,0.08,0.008733624454148471,0.5,0.25
236,0.9768168243307853,0.51950986143048,0.8676374797550114,0.510233898443453,0.25610319783984853,0.5196387965861473,0.7030567685589519,0.40111050994307135,0.41010774664286465,0.09170305676855896,0.46,0.3849475745583108,0.39514131260866486,0.08,0.008733624454148471,0.005714285714285714,0.3457142857142857,14.062857142857142,0.004366812227074236,0.0,0.03894006042814231,0.08436634914903718,4.0524017467248905,0.0,0.0,0.15,0.07860262008733625,0,0.12858428156365395,0.3029457697223016,0.7543849610028932,0.8088233214715811,0.0,0.0,0.0,0.2,0.0,0.3484022250755871,0.05,0.08,0.008733624454148471,0.5,0.25
237,0.976783815901749,0.520122717692481,0.8676158828114419,0.5107376243763427,0.25610319783984853,0.5197641950593487,0.7074235807860262,0.4011978461876129,0.4101732488262708,0.09170305676855896,0.46285714285714286,0.38500471741545367,0.39518416975152204,0.08,0.004366812227074236,0.002857142857142857,0.3457142857142857,14.105714285714285,0.004366812227074236,0.0,0.03894006042814231,0.08436634914903718,4.0524017467248905,0.0,0.0,0.15,0.07860262008733625,0,0.1283699315844071,0.3014310408736901,0.7421544046399783,0.8644287864521225,0.0,0.0,0.0,0.2,0.0,0.3484022250755871,0.05,0.08,0.004366812227074236,0.5,0.25
238,0.976950384757025,0.5204049932601406,0.8677248664338939,0.5113983942444872,0.25610319783984853,0.5197232713622401,0.6986899563318777,0.40128518243215433,0.4102387510096768,0.09170305676855896,0.45714285714285713,0.3850618602725966,0.3952270268943793,0.08,0.004366812227074236,0.002857142857142857,0.3457142857142857,14.105714285714285,0.004366812227074236,0.0,0.03894006042814231,0.08436634914903718,4.0524017467248905,0.0,0.0,0.15,0.07860262008733625,0,0.1281566533550565,0.2999238856693216,0.7301684594043214,0.8511061076382831,0.0,0.0,0.0,0.2,0.0,0.3484022250755871,0.05,0.08,0.004366812227074236,0.5,0.25
239,0.977571151593982,0.5203895255162193,0.8681310253072171,0.5113046838807259,0.25610319783984853,0.5197348131608512,0.7379912663755459,0.4013725186766958,0.41030425319308295,0.09170305676855896,0.4828571428571429,0.3851190031297394,0.39526988403723634,0.08,0.004366812227074236,0.002857142857142857,0.3457142857142857,14.154285714285715,0.0,0.0,0.03894006042814231,0.08436634914903718,4.0524017467248905,0.0,0.0,0.15,0.07860262008733625,0,0.12794444151685266,0.298424266240975,0.7184222330733778,0.8372901020260136,0.0,0.0,0.0,0.2,0.0,0.3484022250755871,0.05,0.08,0.004366812227074236,0.5,0.25
240,0.9782292193514813,0.5211349843582782,0.8685615896399811,0.5125382410111462,0.25610319783984853,0.5197732720011824,0.7030567685589519,0.4013725186766958,0.41030425319308295,0.09170305676855896,0.46,0.3851190031297394,0.39526988403723634,0.08,0.0,0.0,0.3457142857142857,14.097142857142858,0.008733624454148471,0.0,0.03894006042814231,0.08436634914903718,4.0524017467248905,0.0,0.0,0.15,0.07860262008733625,0,0.12730471930926837,0.2969321449097701,0.7040537884119104,0.8205442999854934,0.0,0.0,0.0,0.2,0.0,0.3484022250755871,0.05,0.08,0.0,0.5,0.25
241,0.9780691523605456,0.5211018794775498,0.868456860094483,0.5130904639934988,0.25610319783984853,0.5197978702930612,0.7336244541484717,0.4013725186766958,0.41030425319308295,0.09170305676855896,0.48,0.3851190031297394,0.39526988403723634,0.08,0.0,0.0,0.3457142857142857,14.111428571428572,0.004366812227074236,0.0,0.03894006042814231,0.08436634914903718,4.0524017467248905,0.0,0.0,0.15,0.07860262008733625,0,0.126668195712722,0.29544748418522127,0.6899727126436721,0.8041334139857835,0.0,0.0,0.0,0.2,0.0,0.3484022250755871,0.05,0.08,0.0,0.5,0.25
242,0.9781065422684604,0.5217324357920542,0.8684813237770904,0.5131277843091089,0.25610319783984853,0.5198792969659501,0.6943231441048034,0.4013725186766958,0.41030425319308295,0.09170305676855896,0.4542857142857143,0.3851190031297394,0.39526988403723634,0.08,0.0,0.0,0.3457142857142857,14.122857142857143,0.004366812227074236,0.0,0.03894006042814231,0.08436634914903718,4.0524017467248905,0.0,0.0,0.15,0.07860262008733625,0,0.1260348547341584,0.2939702467642952,0.6761732583907987,0.7880507457060679,0.0,0.0,0.0,0.2,0.0,0.3484022250755871,0.05,0.08,0.0,0.5,0.25
243,0.9795297446656043,0.5221340649289928,0.8694125047740787,0.5134844323388931,0.25610319783984853,0.5199452574940276,0.6855895196506551,0.4015471911657788,0.4104352575598952,0.09170305676855896,0.44857142857142857,0.38523328884402513,0.39535559832295064,0.08,0.008733624454148471,0.005714285714285714,0.3457142857142857,14.062857142857142,0.004366812227074236,0.0,0.03894006042814231,0.08436634914903718,4.0524017467248905,0.0,0.0,0.15,0.07860262008733625,0,0.1262618233176305,0.2925003955304737,0.6683640789372683,0.7930576046859937,0.0,0.0,0.0,0.2,0.0,0.3484022250755871,0.05,0.08,0.008733624454148471,0.5,0.25
244,0.9786619939329593,0.5217498938737581,0.868844747866148,0.5132571205837237,0.25610319783984853,0.5198827459292411,0.7030567685589519,0.4015471911657788,0.4104352575598952,0.09170305676855896,0.46,0.38523328884402513,0.39535559832295064,0.08,0.0,0.0,0.3457142857142857,14.105714285714285,0.004366812227074236,0.0,0.03894006042814231,0.08436634914903718,4.0524017467248905,0.0,0.0,0.15,0.07860262008733625,0,0.12563051420104232,0.29103789355282134,0.6549967973585231,0.7771964525922738,0.0,0.0,0.0,0.2,0.0,0.3484022250755871,0.05,0.08,0.0,0.5,0.25
245,0.9780450372417242,0.5213631502301983,0.86844108191674,0.5123608950133871,0.25610319783984853,0.5198833898956994,0.7292576419213974,0.4016345274103203,0.4105007597433013,0.09170305676855896,0.47714285714285715,0.38529043170116795,0.39539845546580776,0.08,0.004366812227074236,0.002857142857142857,0.3457142857142857,14.128571428571428,0.0,0.0,0.03894006042814231,0.08436634914903718,4.0524017467248905,0.0,0.0,0.15,0.07860262008733625,0,0.12543093305860856,0.2895827040850572,0.6447540042684954,0.8354492881753136,0.0,0.0,0.0,0.2,0.0,0.3484022250755871,0.05,0.08,0.004366812227074236,0.5,0.25
246,0.9772751782388129,0.5218216549075132,0.8679373741691209,0.5126484398435064,0.25610319783984853,0.519908326280946,0.7292576419213974,0.4017218636548618,0.4105662619267074,0.09170305676855896,0.47714285714285715,0.38534757455831076,0.39544131260866494,0.08,0.004366812227074236,0.002857142857142857,0.3457142857142857,14.154285714285715,0.004366812227074236,0.0,0.03894006042814231,0.08436634914903718,4.0524017467248905,0.0,0.0,0.15,0.07860262008733625,0,0.12523234982188694,0.28813479056463187,0.6347160670402684,0.8343018790128852,0.0,0.0,0.0,0.2,0.0,0.3484022250755871,0.05,0.08,0.004366812227074236,0.5,0.25
247,0.9786822813001864,0.5226580745020286,0.8688580216007052,0.5129137829487971,0.25610319783984853,0.5200154327603151,0.6855895196506551,0.4018091998994032,0.41063176411011354,0.09170305676855896,0.44857142857142857,0.38540471741545373,0.395484169751522,0.08,0.004366812227074236,0.002857142857142857,0.3457142857142857,14.174285714285714,0.0,0.0,0.03894006042814231,0.08436634914903718,4.0524017467248905,0.0,0.0,0.15,0.07860262008733625,0,0.12503475950134893,0.2866941166118087,0.6248788885566058,0.8248800248621341,0.0,0.0,0.0,0.2,0.0,0.3484022250755871,0.05,0.08,0.004366812227074236,0.5,0.25
248,0.979161441989727,0.5239111332700411,0.8691715295947188,0.5133402485392244,0.25610319783984853,0.5200007138788139,0.7510917030567685,0.40198387238848626,0.4107627684769258,0.09170305676855896,0.49142857142857144,0.38551900312973936,0.3955698840372363,0.08,0.008733624454148471,0.005714285714285714,0.3457142857142857,14.108571428571429,0.0,0.0,0.03894006042814231,0.08436634914903718,4.0524017467248905,0.0,0.0,0.15,0.07860262008733625,0,0.12526672856098503,0.2852606460287497,0.6180955964997594,0.8314152006300704,0.0,0.0,0.0,0.2,0.0,0.3484022250755871,0.05,0.08,0.008733624454148471,0.5,0.25
249,0.9800370915950776,0.5233665134727213,0.8697444546222196,0.5129217557572279,0.25610319783984853,0.5199895233590182,0.7205240174672489,0.40198387238848626,0.4107627684769258,0.09170305676855896,0.4714285714285714,0.38551900312973936,0.3955698840372363,0.08,0.0,0.0,0.3457142857142857,14.142857142857142,0.0,0.0,0.03894006042814231,0.08436634914903718,4.0524017467248905,0.0,0.0,0.15,0.07860262008733625,0,0.12464039491818012,0.2838343427986059,0.6057336845697642,0.8147868966174688,0.0,0.0,0.0,0.2,0.0,0.3484022250755871,0.05,0.08,0.0,0.5,0.25
250,0.9802291807815899,0.5232911236302971,0.8698701358328236,0.5132463084069966,0.25610319783984853,0.5199302770407009,0.7510917030567685,0.40198387238848626,0.4107627684769258,0.09170305676855896,0.49142857142857144,0.38551900312973936,0.3955698840372363,0.08,0.0,0.0,0.3457142857142857,14.131428571428572,0.0,0.0,0.03894006042814231,0.08436634914903718,4.0524017467248905,0.0,0.0,0.15,0.07860262008733625,0,0.1240171929435892,0.2824151710846129,0.5936190108783689,0.7984911586851194,0.0,0.0,0.0,0.2,0.0,0.3484022250755871,0.05,0.08,0.0,0.5,0.25
251,0.9808116915782208,0.5231257144403183,0.8702512643254763,0.5121817953372809,0.25610319783984853,0.5197577813095042,0.7336244541484717,0.4021585448775692,0.410893772843738,0.09170305676855896,0.48,0.3856332888440251,0.3956555983229506,0.08,0.008733624454148471,0.005714285714285714,0.3457142857142857,14.17142857142857,0.0,0.0,0.03894006042814231,0.08436634914903718,4.0524017467248905,0.0,0.0,0.15,0.07860262008733625,0,0.12425424983601413,0.28100309522918987,0.5874609163750872,0.830620032270566,0.0,0.0,0.0,0.2,0.0,0.3484022250755871,0.05,0.08,0.008733624454148471,0.5,0.25
252,0.9806986357295525,0.5238997550653668,0.8701772934987763,0.5124633524788702,0.25610319783984853,0.5196689835432016,0.74235807860262,0.4021585448775692,0.410893772843738,0.09170305676855896,0.4857142857142857,0.3856332888440251,0.3956555983229506,0.08,0.0,0.0,0.3457142857142857,14.211428571428572,0.0,0.0,0.03894006042814231,0.08436634914903718,4.0524017467248905,0.0,0.0,0.15,0.07860262008733625,0,0.12363297858683404,0.2795980797530439,0.5757116980475855,0.8140076316251547,0.0,0.0,0.0,0.2,0.0,0.3484022250755871,0.05,0.08,0.0,0.5,0.25
253,0.9796765816241916,0.523323053181885,0.8695085780984115,0.5119733372160613,0.25610319783984853,0.5195359196257731,0.6855895196506551,0.4022458811221106,0.41095927502714413,0.09170305676855896,0.44857142857142857,0.3856904317011679,0.3956984554658078,0.08,0.004366812227074236,0.002857142857142857,0.3457142857142857,14.197142857142858,0.0,0.0,0.03894006042814231,0.08436634914903718,4.0524017467248905,0.0,0.0,0.15,0.07860262008733625,0,0.1234433851224713,0.3039731122431687,0.5670546069437765,0.8163397449512447,0.0,0.0,0.0,0.2,0.0,0.3484022250755871,0.05,0.08,0.004366812227074236,0.5,0.25
254,0.9801665767030449,0.5238198674914591,0.8698291748785754,0.5116952706953631,0.25610319783984853,0.5194645053089315,0.6986899563318777,0.4022458811221106,0.41095927502714413,0.09170305676855896,0.45714285714285713,0.3856904317011679,0.3956984554658078,0.08,0.0,0.0,0.3457142857142857,14.237142857142857,0.004366812227074236,0.0,0.03894006042814231,0.08436634914903718,4.0524017467248905,0.0,0.0,0.15,0.07860262008733625,0,0.12282616819685897,0.30245324668195284,0.555713514804901,0.8000129500522198,0.0,0.0,0.0,0.2,0.0,0.3484022250755871,0.05,0.08,0.0,0.5,0.25
255,0.9796329434758726,0.5235878375207663,0.8694800262813683,0.5114840700114028,0.25610319783984853,0.5194126250112677,0.6331877729257642,0.4022458811221106,0.41095927502714413,0.09170305676855896,0.4142857142857143,0.3856904317011679,0.3956984554658078,0.08,0.0,0.0,0.3457142857142857,14.254285714285714,0.004366812227074236,0.0,0.03894006042814231,0.08436634914903718,4.0524017467248905,0.0,0.0,0.15,0.07860262008733625,0,0.12221203735587466,0.3009409804485431,0.544599244508803,0.7840126910511753,0.0,0.0,0.0,0.2,0.0,0.3484022250755871,0.05,0.08,0.0,0.5,0.25
256,0.9796324988173556,0.5232909485058038,0.869479735347653,0.5112566870747811,0.25610319783984853,0.5194096001488417,0.7205240174672489,0.4022458811221106,0.41095927502714413,0.09170305676855896,0.4714285714285714,0.3856904317011679,0.3956984554658078,0.08,0.0,0.0,0.3457142857142857,14.245714285714286,0.004366812227074236,0.0,0.03894006042814231,0.08436634914903718,4.0524017467248905,0.0,0.0,0.15,0.07860262008733625,0,0.12160097716909526,0.2994362755463004,0.533707259618627,0.7683324372301519,0.0,0.0,0.0,0.2,0.0,0.3484022250755871,0.05,0.08,0.0,0.5,0.25
257,0.9801485337473753,0.5251964578858135,0.8698173696304374,0.5124301878238795,0.25610319783984853,0.5196233151633463,0.7030567685589519,0.4022458811221106,0.41095927502714413,0.09170305676855896,0.46,0.3856904317011679,0.3956984554658078,0.08,0.0,0.0,0.3457142857142857,14.277142857142858,0.004366812227074236,0.0,0.03894006042814231,0.08436634914903718,4.0524017467248905,0.0,0.0,0.15,0.07860262008733625,0,0.12099297228324982,0.2979390941685689,0.5230331144262543,0.7529657884855488,0.0,0.0,0.0,0.2,0.0,0.3484022250755871,0.05,0.08,0.0,0.5,0.25
258,0.981202151471231,0.5259447402895926,0.8705067366554744,0.5133014906348574,0.25610319783984853,0.5198876712726006,0.6943231441048034,0.4023332173666522,0.41102477721055025,0.09170305676855896,0.4542857142857143,0.3857475745583108,0.3957413126086649,0.08,0.004366812227074236,0.002857142857142857,0.3457142857142857,14.314285714285715,0.004366812227074236,0.0,0.03894006042814231,0.08436634914903718,4.0524017467248905,0.0,0.0,0.15,0.07860262008733625,0,0.12081657885040499,0.3061099178958258,0.5154295949948721,0.746730612208221,0.0,0.0,0.0,0.2,0.0,0.3484022250755871,0.05,0.08,0.004366812227074236,0.5,0.25
259,0.9804058254631735,0.5259159915253274,0.869985711924488,0.5134594422602806,0.25610319783984853,0.5201773770877081,0.6768558951965066,0.4023332173666522,0.41102477721055025,0.09170305676855896,0.44285714285714284,0.3857475745583108,0.3957413126086649,0.08,0.0,0.0,0.3457142857142857,14.322857142857142,0.004366812227074236,0.0,0.03894006042814231,0.08436634914903718,4.0524017467248905,0.0,0.0,0.15,0.07860262008733625,0,0.12021249595615296,0.30457936830634674,0.5051210030949748,0.7317959999640565,0.0,0.0,0.0,0.2,0.0,0.3484022250755871,0.05,0.08,0.0,0.5,0.25
260,0.9790434435537859,0.5262637737586575,0.8690943249037745,0.5137017823240638,0.25610319783984853,0.5202341233334661,0.7205240174672489,0.40242055361119367,0.41109027939395637,0.09170305676855896,0.4714285714285714,0.3858047174154537,0.3957841697515221,0.08,0.004366812227074236,0.002857142857142857,0.3457142857142857,14.34,0.017467248908296942,0.0,0.03894006042814231,0.08436634914903718,4.0524017467248905,0.0,0.0,0.15,0.07860262008733625,0,0.12004000490494363,0.30345803700104423,0.49787572589021806,0.7236359766723763,0.0,0.0,0.0,0.2,0.0,0.3484022250755871,0.05,0.08,0.004366812227074236,0.5,0.25
261,0.9803298334784897,0.5260121769301563,0.8699359914545094,0.5128130711385636,0.25610319783984853,0.5204377066785687,0.6681222707423581,0.4025952261002766,0.4112212837607686,0.09170305676855896,0.43714285714285717,0.38591900312973937,0.3958698840372364,0.08,0.008733624454148471,0.005714285714285714,0.3457142857142857,14.4,0.004366812227074236,0.0,0.03894006042814231,0.08436634914903718,4.0524017467248905,0.0,0.0,0.15,0.07860262008733625,0,0.12029694773756176,0.31563323024633,0.4936324970866994,0.7316373036835244,0.0,0.0,0.0,0.2,0.0,0.3484022250755871,0.05,0.08,0.008733624454148471,0.5,0.25
262,0.981897446930036,0.5243669669200111,0.8709616585413783,0.511910875741694,0.25610319783984853,0.5207154682775332,0.6462882096069869,0.40268256234481814,0.4112867859441747,0.09170305676855896,0.4228571428571429,0.3859761459868823,0.39591274118009345,0.08,0.004366812227074236,0.002857142857142857,0.3457142857142857,14.385714285714286,0.008733624454148471,0.0,0.03894006042814231,0.08436634914903718,4.0524017467248905,0.0,0.0,0.15,0.07860262008733625,0,0.12012403442744539,0.3140550640950983,0.48661699000210823,0.7366060888868685,0.0,0.0,0.0,0.2,0.0,0.3484022250755871,0.05,0.08,0.004366812227074236,0.5,0.25
263,0.9802132942063008,0.5255613389182278,0.8698597414735629,0.5125542840742437,0.25610319783984853,0.5209724081088792,0.6681222707423581,0.40268256234481814,0.4112867859441747,0.09170305676855896,0.43714285714285717,0.3859761459868823,0.39591274118009345,0.08,0.0,0.0,0.3457142857142857,14.385714285714286,0.0,0.0,0.03894006042814231,0.08436634914903718,4.0524017467248905,0.0,0.0,0.15,0.07860262008733625,0,0.11952341425530816,0.3124847887746228,0.4768846502020661,0.721873967109131,0.0,0.0,0.0,0.2,0.0,0.3484022250755871,0.05,0.08,0.0,0.5,0.25
264,0.9806178863501722,0.5262781462732659,0.8701244603334103,0.5134415170802594,0.25610319783984853,0.521312918143592,0.6943231441048034,0.40268256234481814,0.4112867859441747,0.09170305676855896,0.4542857142857143,0.3859761459868823,0.39591274118009345,0.08,0.0,0.0,0.3457142857142857,14.397142857142857,0.0,0.0,0.03894006042814231,0.08436634914903718,4.0524017467248905,0.0,0.0,0.15,0.07860262008733625,0,0.11892579718403161,0.3109223648307497,0.46734695719802477,0.7074364877669485,0.0,0.0,0.0,0.2,0.0,0.3484022250755871,0.05,0.08,0.0,0.5,0.25
265,0.9802975892841262,0.5267931269348608,0.8699148945387687,0.5141801366845469,0.25610319783984853,0.521863967792266,0.6943231441048034,0.40268256234481814,0.4112867859441747,0.09170305676855896,0.4542857142857143,0.3859761459868823,0.39591274118009345,0.08,0.0,0.0,0.3457142857142857,14.42,0.0,0.0,0.03894006042814231,0.08436634914903718,4.0524017467248905,0.0,0.0,0.15,0.07860262008733625,0,0.11833116819811144,0.3093677530065959,0.45800001805406426,0.6932877580116095,0.0,0.0,0.0,0.2,0.0,0.3484022250755871,0.05,0.08,0.0,0.5,0.25
266,0.9793648084255936,0.527238142335888,0.8693045893484717,0.5140786978004678,0.25610319783984853,0.5224965040301337,0.6419213973799127,0.40268256234481814,0.4112867859441747,0.09170305676855896,0.42,0.3859761459868823,0.39591274118009345,0.08,0.0,0.0,0.3457142857142857,14.40857142857143,0.0,0.0,0.03894006042814231,0.08436634914903718,4.0524017467248905,0.0,0.0,0.15,0.07860262008733625,0,0.11773951235712088,0.30782091424156294,0.448840017692983,0.6794220028513772,0.0,0.0,0.0,0.2,0.0,0.3484022250755871,0.05,0.08,0.0,0.5,0.25
267,0.9794865980015343,0.5271510757310022,0.8693842745281586,0.5139864681030579,0.25610319783984853,0.5231339128533004,0.6550218340611353,0.40268256234481814,0.4112867859441747,0.09170305676855896,0.42857142857142855,0.3859761459868823,0.39591274118009345,0.08,0.0,0.0,0.3457142857142857,14.365714285714287,0.004366812227074236,0.0,0.03894006042814231,0.08436634914903718,4.0524017467248905,0.0,0.0,0.15,0.07860262008733625,0,0.11715081479533528,0.3062818096703552,0.43986321733912326,0.6658335627943497,0.0,0.0,0.0,0.2,0.0,0.3484022250755871,0.05,0.08,0.0,0.5,0.25
268,0.9775089050219263,0.5283255905616141,0.8680902982643579,0.5141883983025346,0.25610319783984853,0.5239236776973419,0.6419213973799127,0.40268256234481814,0.4112867859441747,0.09170305676855896,0.42,0.3859761459868823,0.39591274118009345,0.08,0.0,0.0,0.3457142857142857,14.365714285714287,0.004366812227074236,0.0,0.03894006042814231,0.08436634914903718,4.0524017467248905,0.0,0.0,0.15,0.07860262008733625,0,0.11656506072135861,0.3047504006220034,0.4310659529923409,0.6525168915384627,0.0,0.0,0.0,0.2,0.0,0.3484022250755871,0.05,0.08,0.0,0.5,0.25
269,0.9784067885880646,0.5282190492844971,0.8686777706547739,0.5149251525219152,0.25610319783984853,0.5247525163216235,0.6462882096069869,0.40285723483390107,0.41141779031098696,0.09170305676855896,0.4228571428571429,0.38609043170116797,0.39599845546580775,0.08,0.008733624454148471,0.005714285714285714,0.3457142857142857,14.311428571428571,0.004366812227074236,0.0,0.03894006042814231,0.08436634914903718,4.0524017467248905,0.0,0.0,0.15,0.07860262008733625,0,0.11683937827489467,0.3032266486188934,0.4281589196467797,0.6951353308570327,0.0,0.0,0.0,0.2,0.0,0.3484022250755871,0.05,0.08,0.008733624454148471,0.5,0.25
270,0.9812271766484046,0.5287314026584792,0.8705231102713965,0.5149643733709452,0.25610319783984853,0.5255908336396793,0.6812227074235808,0.4029445710784425,0.4114832924943931,0.09170305676855896,0.44571428571428573,0.38614757455831084,0.3960413126086649,0.08,0.004366812227074236,0.002857142857142857,0.3457142857142857,14.374285714285714,0.0,0.0,0.03894006042814231,0.08436634914903718,4.0524017467248905,0.0,0.0,0.15,0.07860262008733625,0,0.11668375281209163,0.30171051537579896,0.42245288411098697,0.6829032203717202,0.0,0.0,0.0,0.2,0.0,0.3484022250755871,0.05,0.08,0.004366812227074236,0.5,0.25
271,0.9833594921036669,0.5276731873257798,0.8719182538121252,0.5141928638745369,0.25610319783984853,0.5263461778099761,0.6506550218340611,0.403031907322984,0.41154879467779915,0.09170305676855896,0.4257142857142857,0.38620471741545365,0.396084169751522,0.08,0.004366812227074236,0.002857142857142857,0.3457142857142857,14.365714285714287,0.0,0.0,0.03894006042814231,0.08436634914903718,4.0524017467248905,0.0,0.0,0.15,0.07860262008733625,0,0.1165289054766026,0.30020196279892,0.4168609692859101,0.6845162466196797,0.0,0.0,0.0,0.2,0.0,0.3484022250755871,0.05,0.08,0.004366812227074236,0.5,0.25
272,0.9810139840996898,0.5290317153797034,0.8703836214323801,0.5149713397525162,0.25610319783984853,0.5270376765973817,0.6855895196506551,0.403031907322984,0.41154879467779915,0.09170305676855896,0.44857142857142857,0.38620471741545365,0.396084169751522,0.08,0.0,0.0,0.3457142857142857,14.382857142857143,0.008733624454148471,0.0,0.03894006042814231,0.08436634914903718,4.0524017467248905,0.0,0.0,0.15,0.07860262008733625,0,0.11594626094921957,0.2987009529849254,0.4085237499001919,0.670825921687286,0.0,0.0,0.0,0.2,0.0,0.3484022250755871,0.05,0.08,0.0,0.5,0.25
273,0.9822378433500135,0.5294533834078798,0.8711843750561635,0.515283847833153,0.25610319783984853,0.5276779400663818,0.6550218340611353,0.403031907322984,0.41154879467779915,0.09170305676855896,0.42857142857142855,0.38620471741545365,0.396084169751522,0.08,0.0,0.0,0.3457142857142857,14.36,0.004366812227074236,0.0,0.03894006042814231,0.08436634914903718,4.0524017467248905,0.0,0.0,0.15,0.07860262008733625,0,0.1153665296444735,0.2972074482200007,0.400353274902188,0.6574094032535402,0.0,0.0,0.0,0.2,0.0,0.3484022250755871,0.05,0.08,0.0,0.5,0.25
274,0.981185930477959,0.5288678265216291,0.8704961234913049,0.5152954329859524,0.25610319783984853,0.528434580332267,0.6899563318777293,0.403031907322984,0.41154879467779915,0.09170305676855896,0.4514285714285714,0.38620471741545365,0.396084169751522,0.08,0.0,0.0,0.3457142857142857,14.331428571428571,0.004366812227074236,0.0,0.03894006042814231,0.08436634914903718,4.0524017467248905,0.0,0.0,0.15,0.07860262008733625,0,0.1147896969962511,0.2957214109789007,0.39234620940414416,0.6442612151884695,0.0,0.0,0.0,0.2,0.0,0.3484022250755871,0.05,0.08,0.0,0.5,0.25
275,0.9806458271438087,0.5277015530673511,0.8701427415955323,0.5148753846438623,0.25610319783984853,0.5291639513156976,0.6768558951965066,0.4031192435675255,0.4116142968612052,0.09170305676855896,0.44285714285714284,0.38626186027259646,0.39612702689437923,0.08,0.004366812227074236,0.002857142857142857,0.3457142857142857,14.334285714285715,0.004366812227074236,0.0,0.03894006042814231,0.08436634914903718,4.0524017467248905,0.0,0.0,0.15,0.07860262008733625,0,0.1146443199398413,0.2942428039240062,0.38735642807320425,0.6365845554933834,0.0,0.0,0.0,0.2,0.0,0.3484022250755871,0.05,0.08,0.004366812227074236,0.5,0.25
276,0.9802022510377117,0.5272368028065126,0.8698525160861147,0.5137441524911127,0.25610319783984853,0.5298229198652215,0.6419213973799127,0.4031192435675255,0.4116142968612052,0.09170305676855896,0.42,0.38626186027259646,0.39612702689437923,0.08,0.0,0.0,0.3457142857142857,14.291428571428572,0.008733624454148471,0.0,0.03894006042814231,0.08436634914903718,4.0524017467248905,0.0,0.0,0.15,0.07860262008733625,0,0.11407109834014209,0.2927715899043862,0.37960929951174005,0.6238528643835157,0.0,0.0,0.0,0.2,0.0,0.3484022250755871,0.05,0.08,0.0,0.5,0.25
277,0.9809167390692499,0.5261750416817403,0.8703199953981783,0.5134038000036244,0.25610319783984853,0.5303919642181018,0.6812227074235808,0.40320657981206703,0.4116797990446114,0.09170305676855896,0.44571428571428573,0.38631900312973944,0.39616988403723635,0.08,0.004366812227074236,0.002857142857142857,0.3457142857142857,14.24,0.004366812227074236,0.0,0.03894006042814231,0.08436634914903718,4.0524017467248905,0.0,0.0,0.15,0.07860262008733625,0,0.1139293142770128,0.29130773195486426,0.3748742563786482,0.629915081104818,0.0,0.0,0.0,0.2,0.0,0.3484022250755871,0.05,0.08,0.004366812227074236,0.5,0.25
278,0.9809926174555761,0.5263962046896563,0.8703696415423744,0.513124625417174,0.25610319783984853,0.5310647694269763,0.6419213973799127,0.40329391605660847,0.41174530122801745,0.09170305676855896,0.42,0.38637614598688225,0.3962127411800935,0.08,0.004366812227074236,0.002857142857142857,0.3457142857142857,14.237142857142857,0.004366812227074236,0.0,0.03894006042814231,0.08436634914903718,4.0524017467248905,0.0,0.0,0.15,0.07860262008733625,0,0.11378823913419918,0.2898511932950899,0.37023391410821804,0.7233278682690427,0.0,0.0,0.0,0.2,0.0,0.3484022250755871,0.05,0.08,0.004366812227074236,0.5,0.25
279,0.9794757096896773,0.5273908079105408,0.8693771504612579,0.5139166840972215,0.25610319783984853,0.5319668359972252,0.6724890829694323,0.40338125230115,0.4118108034114236,0.09170305676855896,0.44,0.38643328884402506,0.39625559832295054,0.08,0.004366812227074236,0.002857142857142857,0.3457142857142857,14.277142857142858,0.0,0.0,0.03894006042814231,0.08436634914903718,4.0524017467248905,0.0,0.0,0.15,0.07860262008733625,0,0.1136478693670996,0.28840193732861447,0.36568637868319653,0.7101340319413847,0.0,0.0,0.0,0.2,0.0,0.3484022250755871,0.05,0.08,0.004366812227074236,0.5,0.25
280,0.9791833348614049,0.5271496294401724,0.8691858537879025,0.5137786073239096,0.25610319783984853,0.5328445799040346,0.7030567685589519,0.4036432610347743,0.4120073099616419,0.09170305676855896,0.46,0.3866047174154537,0.396384169751522,0.08,0.008733624454148471,0.008571428571428572,0.3457142857142857,14.271428571428572,0.004366812227074236,0.0,0.03894006042814231,0.08436634914903718,4.0524017467248905,0.0,0.0,0.15,0.07860262008733625,0,0.11436534430597839,0.2906836225589798,0.36694407968096115,0.7098440773736745,0.0,0.0,0.0,0.2,0.0,0.3484022250755871,0.05,0.08,0.008733624454148471,0.5,0.25
281,0.9796813035940214,0.5270256839554923,0.8695116676158144,0.5141771068014042,0.25610319783984853,0.533458757185283,0.7117903930131004,0.4036432610347743,0.4120073099616419,0.09170305676855896,0.4657142857142857,0.3866047174154537,0.396384169751522,0.08,0.0,0.0,0.3457142857142857,14.262857142857143,0.0,0.0,0.03894006042814231,0.08436634914903718,4.0524017467248905,0.0,0.0,0.15,0.07860262008733625,0,0.11379351758444849,0.2892302044461849,0.3596051980873419,0.695647195826201,0.0,0.0,0.0,0.2,0.0,0.3484022250755871,0.05,0.08,0.0,0.5,0.25
282,0.9798166635495592,0.5271037079870895,0.8696002317010092,0.5143186724427099,0.25610319783984853,0.534203501774068,0.6986899563318777,0.4037305972793159,0.4120728121450481,0.09170305676855896,0.45714285714285713,0.38666186027259647,0.39642702689437914,0.08,0.004366812227074236,0.002857142857142857,0.3457142857142857,14.268571428571429,0.0,0.0,0.03894006042814231,0.08436634914903718,4.0524017467248905,0.0,0.0,0.15,0.07860262008733625,0,0.11365312142509769,0.28778405342395397,0.355270236982738,0.7116791029189433,0.0,0.0,0.0,0.2,0.0,0.3484022250755871,0.05,0.08,0.004366812227074236,0.5,0.25
283,0.9804518022293128,0.5267370030613737,0.8700157938657623,0.5144459688716226,0.25610319783984853,0.5348111793880038,0.6855895196506551,0.40381793352385736,0.41213831432845416,0.09170305676855896,0.44857142857142857,0.3867190031297394,0.3964698840372364,0.08,0.004366812227074236,0.002857142857142857,0.3457142857142857,14.325714285714286,0.0,0.0,0.03894006042814231,0.08436634914903718,4.0524017467248905,0.0,0.0,0.15,0.07860262008733625,0,0.11351342724654363,0.2863451331568342,0.35102197510022604,0.7551799862534223,0.0,0.0,0.0,0.2,0.0,0.3484022250755871,0.05,0.08,0.004366812227074236,0.5,0.25
284,0.9788755914814253,0.5258197206378316,0.868984501690716,0.5140320182450264,0.25610319783984853,0.5352776691674429,0.6986899563318777,0.40399260601294035,0.4122693186952664,0.09170305676855896,0.45714285714285713,0.38683328884402507,0.3965555983229506,0.08,0.008733624454148471,0.005714285714285714,0.3457142857142857,14.34,0.0,0.0,0.03894006042814231,0.08436634914903718,4.0524017467248905,0.0,0.0,0.15,0.07860262008733625,0,0.11380300296745376,0.2923758523729809,0.34971582131250717,0.758660349750681,0.0,0.0,0.0,0.2,0.0,0.3484022250755871,0.05,0.08,0.008733624454148471,0.5,0.25
285,0.9791415427831597,0.5257668320217743,0.8691585098281362,0.5141007848241751,0.25610319783984853,0.5355404051136216,0.6986899563318777,0.4040799422574819,0.41233482087867257,0.09170305676855896,0.45714285714285713,0.38689043170116794,0.3965984554658077,0.08,0.004366812227074236,0.002857142857142857,0.3457142857142857,14.345714285714285,0.0,0.0,0.03894006042814231,0.08436634914903718,4.0524017467248905,0.0,0.0,0.15,0.07860262008733625,0,0.11366255938118794,0.290913973111116,0.34557864774339997,0.7539019401436936,0.0,0.0,0.0,0.2,0.0,0.3484022250755871,0.05,0.08,0.004366812227074236,0.5,0.25
286,0.9795924570192915,0.526995398498348,0.8694535365712053,0.5153922089507365,0.25610319783984853,0.5357299086777331,0.7816593886462883,0.4040799422574819,0.41233482087867257,0.09170305676855896,0.5114285714285715,0.38689043170116794,0.3965984554658077,0.08,0.0,0.0,0.3457142857142857,14.345714285714285,0.0,0.0,0.03894006042814231,0.08436634914903718,4.0524017467248905,0.0,0.0,0.15,0.07860262008733625,0,0.11309424658428197,0.2894594032455604,0.3386670747885319,0.7388239013408198,0.0,0.0,0.0,0.2,0.0,0.3484022250755871,0.05,0.08,0.0,0.5,0.25
287,0.9783893739472335,0.5275494093897641,0.8686663765040589,0.5159617439263763,0.25610319783984853,0.5359217749085204,0.7117903930131004,0.4040799422574819,0.41233482087867257,0.09170305676855896,0.4657142857142857,0.38689043170116794,0.3965984554658077,0.08,0.0,0.0,0.3457142857142857,14.322857142857142,0.0,0.0,0.03894006042814231,0.08436634914903718,4.0524017467248905,0.0,0.0,0.15,0.07860262008733625,0,0.11252877535136056,0.2880121062293326,0.3318937332927613,0.7240474233140034,0.0,0.0,0.0,0.2,0.0,0.3484022250755871,0.05,0.08,0.0,0.5,0.25
288,0.9787446026884757,0.5271594412993863,0.8688987975947573,0.5154122572945675,0.25610319783984853,0.5361470886009866,0.6943231441048034,0.4040799422574819,0.41233482087867257,0.09170305676855896,0.4542857142857143,0.38689043170116794,0.3965984554658077,0.08,0.0,0.0,0.3457142857142857,14.265714285714285,0.0,0.0,0.03894006042814231,0.08436634914903718,4.0524017467248905,0.0,0.0,0.15,0.07860262008733625,0,0.11196613147460377,0.28657204569818595,0.32525585862690604,0.7095664748477233,0.0,0.0,0.0,0.2,0.0,0.3484022250755871,0.05,0.08,0.0,0.5,0.25
289,0.9784133112551746,0.5272203386635457,0.8686820383426831,0.5156535382272424,0.25610319783984853,0.5361865917717574,0.6943231441048034,0.40416727850202333,0.41240032306207863,0.09170305676855896,0.4542857142857143,0.38694757455831075,0.396641312608665,0.08,0.004366812227074236,0.002857142857142857,0.3457142857142857,14.294285714285714,0.0,0.0,0.03894006042814231,0.08436634914903718,4.0524017467248905,0.0,0.0,0.15,0.07860262008733625,0,0.11183487224580217,0.3075344104879076,0.32160788431151077,0.7632003210239218,0.0,0.0,0.0,0.2,0.0,0.3484022250755871,0.05,0.08,0.004366812227074236,0.5,0.25
290,0.9792548866176604,0.5267991014324984,0.8692326690798524,0.515424167079505,0.25610319783984853,0.536124826237619,0.6812227074235808,0.4043419509911063,0.41253132742889087,0.09170305676855896,0.44571428571428573,0.38706186027259654,0.39672702689437916,0.08,0.008733624454148471,0.005714285714285714,0.3457142857142857,14.237142857142857,0.0,0.0,0.03894006042814231,0.08436634914903718,4.0524017467248905,0.0,0.0,0.15,0.07860262008733625,0,0.11213284074171603,0.3071940761992865,0.32089001233956627,0.7832193413889244,0.0,0.0,0.0,0.2,0.0,0.3484022250755871,0.05,0.08,0.008733624454148471,0.5,0.25
291,0.97977134702174,0.5280291461063954,0.8695705817442361,0.5158554986196402,0.25610319783984853,0.5361961644073329,0.74235807860262,0.4046039597247307,0.41272783397910917,0.09170305676855896,0.4857142857142857,0.38723328884402514,0.39685559832295064,0.08,0.013100436681222707,0.008571428571428572,0.3457142857142857,14.202857142857143,0.0,0.0,0.03894006042814231,0.08436634914903718,4.0524017467248905,0.0,0.0,0.15,0.07860262008733625,0,0.11285789082372175,0.3056581058182901,0.3230436406642035,0.7972316649952309,0.0,0.0,0.0,0.2,0.0,0.3484022250755871,0.05,0.08,0.013100436681222707,0.5,0.25
292,0.9799164056043175,0.5272604306003748,0.869665491502551,0.5148341546916129,0.25610319783984853,0.5363539336223311,0.6899563318777293,0.4046039597247307,0.41272783397910917,0.09170305676855896,0.4514285714285714,0.38723328884402514,0.39685559832295064,0.08,0.0,0.0,0.3457142857142857,14.22,0.0,0.0,0.03894006042814231,0.08436634914903718,4.0524017467248905,0.0,0.0,0.15,0.07860262008733625,0,0.11229360136960313,0.30412981528919864,0.3165827678509195,0.7812870316953263,0.0,0.0,0.0,0.2,0.0,0.3484022250755871,0.05,0.08,0.0,0.5,0.25
293,0.9798804558437317,0.5272624844721041,0.8696419700877677,0.514635285000177,0.25610319783984853,0.5365080658640821,0.6812227074235808,0.4046039597247307,0.41272783397910917,0.09170305676855896,0.44571428571428573,0.38723328884402514,0.39685559832295064,0.08,0.0,0.0,0.3457142857142857,14.228571428571428,0.0,0.0,0.03894006042814231,0.08436634914903718,4.0524017467248905,0.0,0.0,0.15,0.07860262008733625,0,0.11173213336275507,0.30260916621275263,0.310251112493901,0.7656612910614198,0.0,0.0,0.0,0.2,0.0,0.3484022250755871,0.05,0.08,0.0,0.5,0.25
294,0.9786198976007279,0.5276883807083433,0.8688172048373453,0.5148517884598834,0.25610319783984853,0.5365127735108784,0.6419213973799127,0.4046039597247307,0.41272783397910917,0.09170305676855896,0.42,0.38723328884402514,0.39685559832295064,0.08,0.0,0.0,0.3457142857142857,14.177142857142858,0.0,0.0,0.03894006042814231,0.08436634914903718,4.0524017467248905,0.0,0.0,0.15,0.07860262008733625,0,0.11117347269594133,0.30109612038168887,0.30404609024402307,0.7503480652401914,0.0,0.0,0.0,0.2,0.0,0.3484022250755871,0.05,0.08,0.0,0.5,0.25
295,0.9777864270330204,0.5290133732588025,0.8682718769516166,0.5157683812699582,0.25610319783984853,0.536725421592614,0.7248908296943232,0.4046039597247307,0.41272783397910917,0.09170305676855896,0.4742857142857143,0.38723328884402514,0.39685559832295064,0.08,0.0,0.0,0.3457142857142857,14.185714285714285,0.008733624454148471,0.0,0.03894006042814231,0.08436634914903718,4.0524017467248905,0.0,0.0,0.15,0.07860262008733625,0,0.11061760533246164,0.2995906397797804,0.2979651684391426,0.7353411039353875,0.0,0.0,0.0,0.2,0.0,0.3484022250755871,0.05,0.08,0.0,0.5,0.25
296,0.9777974882659075,0.529484108713829,0.8682791141582769,0.5153088896101208,0.25610319783984853,0.5370583943664147,0.7336244541484717,0.4046039597247307,0.41272783397910917,0.09170305676855896,0.48,0.38723328884402514,0.39685559832295064,0.08,0.0,0.0,0.3457142857142857,14.205714285714286,0.0,0.0,0.03894006042814231,0.08436634914903718,4.0524017467248905,0.0,0.0,0.15,0.07860262008733625,0,0.1100645173057993,0.2980926865808815,0.29200586507035975,0.7206342818566799,0.0,0.0,0.0,0.2,0.0,0.3484022250755871,0.05,0.08,0.0,0.5,0.25
297,0.9769014067488009,0.5304388490383738,0.8676928208227986,0.515865011372458,0.25610319783984853,0.5375383664973616,0.6943231441048034,0.4046912959692722,0.4127933361625153,0.09170305676855896,0.4542857142857143,0.38729043170116795,0.39689845546580776,0.08,0.004366812227074236,0.002857142857142857,0.3457142857142857,14.162857142857144,0.004366812227074236,0.0,0.03894006042814231,0.08436634914903718,4.0524017467248905,0.0,0.0,0.15,0.07860262008733625,0,0.10994276614784174,0.30192779572709916,0.2890228906260954,0.7162991265329651,0.0,0.0,0.0,0.2,0.0,0.3484022250755871,0.05,0.08,0.004366812227074236,0.5,0.25
298,0.9755007973174118,0.5305402633217768,0.8667764220805468,0.5157831865914575,0.25610319783984853,0.5380797883202301,0.6986899563318777,0.4046912959692722,0.4127933361625153,0.09170305676855896,0.45714285714285713,0.38729043170116795,0.39689845546580776,0.08,0.0,0.0,0.3457142857142857,14.185714285714285,0.004366812227074236,0.0,0.03894006042814231,0.08436634914903718,4.0524017467248905,0.0,0.0,0.15,0.07860262008733625,0,0.10939305231710254,0.30041815674846367,0.2832424328135734,0.7019731440023057,0.0,0.0,0.0,0.2,0.0,0.3484022250755871,0.05,0.08,0.0,0.5,0.25
299,0.976572996308031,0.5300452427639324,0.8674779465629807,0.5151211546859344,0.25610319783984853,0.5386301074036765,0.6855895196506551,0.4048659684583552,0.4129243405293275,0.09170305676855896,0.44857142857142857,0.3874047174154537,0.39698416975152206,0.08,0.008733624454148471,0.005714285714285714,0.3457142857142857,14.154285714285715,0.004366812227074236,0.0,0.03894006042814231,0.08436634914903718,4.0524017467248905,0.0,0.0,0.15,0.07860262008733625,0,0.10970322991265988,0.3160473855826913,0.2832918698715877,0.7268095111080218,0.0,0.0,0.0,0.2,0.0,0.3484022250755871,0.05,0.08,0.008733624454148471,0.5,0.25
300,0.9774636134062153,0.5313993407801371,0.8680606646072213,0.515377015487877,0.25610319783984853,0.5390887674743279,0.6855895196506551,0.4048659684583552,0.4129243405293275,0.09170305676855896,0.44857142857142857,0.3874047174154537,0.39698416975152206,0.08,0.0,0.0,0.3457142857142857,14.148571428571428,0.004366812227074236,0.0,0.03894006042814231,0.08436634914903718,4.0524017467248905,0.0,0.0,0.15,0.07860262008733625,0,0.10915471376309657,0.3144671486547779,0.27762603247415596,0.7122733208858614,0.0,0.0,0.0,0.2,0.0,0.3484022250755871,0.05,0.08,0.0,0.5,0.25
301,0.9771971443337857,0.5312184824885157,0.8678863176998315,0.5152248061233482,0.25610319783984853,0.5395080613356082,0.6986899563318777,0.4048659684583552,0.4129243405293275,0.09170305676855896,0.45714285714285713,0.3874047174154537,0.39698416975152206,0.08,0.0,0.0,0.3457142857142857,14.128571428571428,0.004366812227074236,0.0,0.03894006042814231,0.08436634914903718,4.0524017467248905,0.0,0.0,0.15,0.07860262008733625,0,0.10860894019428108,0.31289481291150395,0.2720735118246729,0.6980278544681442,0.0,0.0,0.0,0.2,0.0,0.3484022250755871,0.05,0.08,0.0,0.5,0.25
302,0.9790956940512362,0.5314657388077125,0.8691285116578206,0.5156776979386795,0.25610319783984853,0.5399931182746035,0.6768558951965066,0.40495330470289664,0.41298984271273365,0.09170305676855896,0.44285714285714284,0.3874618602725965,0.39702702689437924,0.08,0.004366812227074236,0.002857142857142857,0.3457142857142857,14.145714285714286,0.0,0.0,0.03894006042814231,0.08436634914903718,4.0524017467248905,0.0,0.0,0.15,0.07860262008733625,0,0.1084944669218811,0.31555903193253754,0.26948918444532216,0.7077605474639995,0.0,0.0,0.0,0.2,0.0,0.3484022250755871,0.05,0.08,0.004366812227074236,0.5,0.25
303,0.9771737770036926,0.5326590047270133,0.8678710287895706,0.5166976315056756,0.25610319783984853,0.540316555148676,0.6724890829694323,0.40495330470289664,0.41298984271273365,0.09170305676855896,0.44,0.3874618602725965,0.39702702689437924,0.08,0.0,0.0,0.3457142857142857,14.145714285714286,0.0,0.0,0.03894006042814231,0.08436634914903718,4.0524017467248905,0.0,0.0,0.15,0.07860262008733625,0,0.1079519945872717,0.31398123677287487,0.26409940075641575,0.6936053365147196,0.0,0.0,0.0,0.2,0.0,0.3484022250755871,0.05,0.08,0.0,0.5,0.25
304,0.9753963787902783,0.5333184362167144,0.8667081025299368,0.5175824767134707,0.25610319783984853,0.5406937533900321,0.6899563318777293,0.40495330470289664,0.41298984271273365,0.09170305676855896,0.4514285714285714,0.3874618602725965,0.39702702689437924,0.08,0.0,0.0,0.3457142857142857,14.145714285714286,0.004366812227074236,0.0,0.03894006042814231,0.08436634914903718,4.0524017467248905,0.0,0.0,0.15,0.07860262008733625,0,0.10741223461433533,0.3124113305890105,0.25881741274128744,0.6797332297844252,0.0,0.0,0.0,0.2,0.0,0.3484022250755871,0.05,0.08,0.0,0.5,0.25
305,0.977805646572079,0.5332969974118831,0.8682844520214578,0.5177196977351879,0.25610319783984853,0.5411868027026828,0.6768558951965066,0.40495330470289664,0.41298984271273365,0.09170305676855896,0.44285714285714284,0.3874618602725965,0.39702702689437924,0.08,0.0,0.0,0.3457142857142857,14.177142857142858,0.004366812227074236,0.0,0.03894006042814231,0.08436634914903718,4.0524017467248905,0.0,0.0,0.15,0.07860262008733625,0,0.10687517344126368,0.31084927393606543,0.2536410644864617,0.6661385651887366,0.0,0.0,0.0,0.2,0.0,0.3484022250755871,0.05,0.08,0.0,0.5,0.25
306,0.9800313182317301,0.5338719677698031,0.869740677193058,0.5174335807697463,0.25610319783984853,0.541665193140586,0.7292576419213974,0.4050406409474382,0.41305534489613976,0.09170305676855896,0.47714285714285715,0.38751900312973936,0.39706988403723636,0.08,0.004366812227074236,0.002857142857142857,0.3457142857142857,14.197142857142858,0.008733624454148471,0.0,0.03894006042814231,0.08436634914903718,4.0524017467248905,0.0,0.0,0.15,0.07860262008733625,0,0.1067693690026288,0.3092950275663851,0.2514253860538753,0.6841082071089674,0.0,0.0,0.0,0.2,0.0,0.3484022250755871,0.05,0.08,0.004366812227074236,0.5,0.25
307,0.9795269263541955,0.5330698631637725,0.8694106607931854,0.5171750940635815,0.25610319783984853,0.5420797692487045,0.6986899563318777,0.4050406409474382,0.41305534489613976,0.09170305676855896,0.45714285714285713,0.38751900312973936,0.39706988403723636,0.08,0.0,0.0,0.3457142857142857,14.122857142857143,0.0,0.0,0.03894006042814231,0.08436634914903718,4.0524017467248905,0.0,0.0,0.15,0.07860262008733625,0,0.10623552215761563,0.3077485524285532,0.24639687833279778,0.670426042966788,0.0,0.0,0.0,0.2,0.0,0.3484022250755871,0.05,0.08,0.0,0.5,0.25
308,0.9792049327098126,0.5324419131564814,0.8691999849515748,0.5171531249231073,0.25610319783984853,0.5423704298145406,0.6855895196506551,0.4050406409474382,0.41305534489613976,0.09170305676855896,0.44857142857142857,0.38751900312973936,0.39706988403723636,0.08,0.0,0.0,0.3457142857142857,14.131428571428572,0.0,0.0,0.03894006042814231,0.08436634914903718,4.0524017467248905,0.0,0.0,0.15,0.07860262008733625,0,0.10570434454682756,0.3062098096664104,0.24146894076614184,0.6570175221074522,0.0,0.0,0.0,0.2,0.0,0.3484022250755871,0.05,0.08,0.0,0.5,0.25
309,0.97970764115798,0.5326977922397,0.8695288999076617,0.5176185155048701,0.25610319783984853,0.5426804712735377,0.6724890829694323,0.4050406409474382,0.41305534489613976,0.09170305676855896,0.44,0.38751900312973936,0.39706988403723636,0.08,0.0,0.0,0.3457142857142857,14.111428571428572,0.0,0.0,0.03894006042814231,0.08436634914903718,4.0524017467248905,0.0,0.0,0.15,0.07860262008733625,0,0.10517582282409342,0.30467876061807836,0.23663956195081903,0.6438771716653031,0.0,0.0,0.0,0.2,0.0,0.3484022250755871,0.05,0.08,0.0,0.5,0.25
310,0.9786368044491943,0.5332268330154846,0.8688282667467705,0.5175862306755804,0.25610319783984853,0.5431228565678121,0.7248908296943232,0.4052153134365211,0.413186349262952,0.09170305676855896,0.4742857142857143,0.3876332888440251,0.3971555983229506,0.08,0.008733624454148471,0.005714285714285714,0.3457142857142857,14.162857142857144,0.0,0.0,0.03894006042814231,0.08436634914903718,4.0524017467248905,0.0,0.0,0.15,0.07860262008733625,0,0.10550708656711581,0.30315536681498795,0.23762105642608836,0.6508478168313002,0.0,0.0,0.0,0.2,0.0,0.3484022250755871,0.05,0.08,0.008733624454148471,0.5,0.25
311,0.9795021939502678,0.5331445157232763,0.8693944787346156,0.51734719159161,0.25610319783984853,0.5433351673710242,0.6986899563318777,0.4052153134365211,0.413186349262952,0.09170305676855896,0.45714285714285713,0.3876332888440251,0.3971555983229506,0.08,0.0,0.0,0.3457142857142857,14.205714285714286,0.0,0.0,0.03894006042814231,0.08436634914903718,4.0524017467248905,0.0,0.0,0.15,0.07860262008733625,0,0.10497955113428024,0.301639589980913,0.23286863529756657,0.6378308604946742,0.0,0.0,0.0,0.2,0.0,0.3484022250755871,0.05,0.08,0.0,0.5,0.25
312,0.9790143112965024,0.5335659301037735,0.869075264084009,0.5175629280786501,0.25610319783984853,0.543517020864911,0.6986899563318777,0.4052153134365211,0.413186349262952,0.09170305676855896,0.45714285714285713,0.3876332888440251,0.3971555983229506,0.08,0.0,0.0,0.3457142857142857,14.185714285714285,0.0,0.0,0.03894006042814231,0.08436634914903718,4.0524017467248905,0.0,0.0,0.15,0.07860262008733625,0,0.10445465337860883,0.30013139203100847,0.22821126259161523,0.6250742432847807,0.0,0.0,0.0,0.2,0.0,0.3484022250755871,0.05,0.08,0.0,0.5,0.25
313,0.9789737815782776,0.5338408802365293,0.8690487460683705,0.5176291611782713,0.25610319783984853,0.5435482784637327,0.7161572052401747,0.4052153134365211,0.413186349262952,0.09170305676855896,0.4685714285714286,0.3876332888440251,0.3971555983229506,0.08,0.0,0.0,0.3457142857142857,14.145714285714286,0.0,0.0,0.03894006042814231,0.08436634914903718,4.0524017467248905,0.0,0.0,0.15,0.07860262008733625,0,0.1039323801117158,0.2986307350708534,0.22364703733978294,0.6125727584190851,0.0,0.0,0.0,0.2,0.0,0.3484022250755871,0.05,0.08,0.0,0.5,0.25
314,0.9786212392498896,0.5341984556833657,0.8688180826592253,0.5179561831490515,0.25610319783984853,0.5436417308870838,0.6986899563318777,0.4052153134365211,0.413186349262952,0.09170305676855896,0.45714285714285713,0.3876332888440251,0.3971555983229506,0.08,0.0,0.0,0.3457142857142857,14.157142857142857,0.0,0.0,0.03894006042814231,0.08436634914903718,4.0524017467248905,0.0,0.0,0.15,0.07860262008733625,0,0.10341271821115722,0.2971375813954992,0.21917409659298726,0.6003213032507033,0.0,0.0,0.0,0.2,0.0,0.3484022250755871,0.05,0.08,0.0,0.5,0.25
315,0.9783124907007739,0.5331840047587892,0.8686160728942324,0.5170330426517465,0.25610319783984853,0.5437254665546736,0.6768558951965066,0.4052153134365211,0.413186349262952,0.09170305676855896,0.44285714285714284,0.3876332888440251,0.3971555983229506,0.08,0.0,0.0,0.3457142857142857,14.225714285714286,0.004366812227074236,0.0,0.03894006042814231,0.08436634914903718,4.0524017467248905,0.0,0.0,0.15,0.07860262008733625,0,0.10289565462010143,0.29565189348852167,0.2147906146611275,0.5883148771856892,0.0,0.0,0.0,0.2,0.0,0.3484022250755871,0.05,0.08,0.0,0.5,0.25
316,0.9784959545731111,0.5335704099127331,0.8687361106849901,0.5173664291901633,0.25610319783984853,0.5439375271622943,0.6812227074235808,0.4052153134365211,0.413186349262952,0.09170305676855896,0.44571428571428573,0.3876332888440251,0.3971555983229506,0.08,0.0,0.0,0.3457142857142857,14.188571428571429,0.0,0.0,0.03894006042814231,0.08436634914903718,4.0524017467248905,0.0,0.0,0.15,0.07860262008733625,0,0.1023811763470009,0.29417363402107904,0.21049480236790494,0.5765485796419755,0.0,0.0,0.0,0.2,0.0,0.3484022250755871,0.05,0.08,0.0,0.5,0.25
317,0.9792991463977682,0.5334057812930765,0.8692616276216943,0.5172233392531337,0.25610319783984853,0.544242506162058,0.6724890829694323,0.4052153134365211,0.413186349262952,0.09170305676855896,0.44,0.3876332888440251,0.3971555983229506,0.08,0.0,0.0,0.3457142857142857,14.191428571428572,0.0,0.0,0.03894006042814231,0.08436634914903718,4.0524017467248905,0.0,0.0,0.15,0.07860262008733625,0,0.10186927046526591,0.29270276585097366,0.20628490632054683,0.5650176080491359,0.0,0.0,0.0,0.2,0.0,0.3484022250755871,0.05,0.08,0.0,0.5,0.25
318,0.9791160982912682,0.5336488461914018,0.8691418618605844,0.5176185688339129,0.25610319783984853,0.5446708121724414,0.6812227074235808,0.4052153134365211,0.413186349262952,0.09170305676855896,0.44571428571428573,0.3876332888440251,0.3971555983229506,0.08,0.0,0.0,0.3457142857142857,14.231428571428571,0.004366812227074236,0.0,0.03894006042814231,0.08436634914903718,4.0524017467248905,0.0,0.0,0.15,0.07860262008733625,0,0.10135992411293958,0.29123925202171874,0.2021592081941359,0.5537172558881531,0.0,0.0,0.0,0.2,0.0,0.3484022250755871,0.05,0.08,0.0,0.5,0.25
319,0.9786288772709212,0.5330845012436334,0.8688230801072716,0.517699369731277,0.25610319783984853,0.5449859655985261,0.6812227074235808,0.4052153134365211,0.413186349262952,0.09170305676855896,0.44571428571428573,0.3876332888440251,0.3971555983229506,0.08,0.0,0.0,0.3457142857142857,14.237142857142857,0.0,0.0,0.03894006042814231,0.08436634914903718,4.0524017467248905,0.0,0.0,0.15,0.07860262008733625,0,0.10085312449237488,0.2897830557616102,0.19811602403025314,0.5426429107703901,0.0,0.0,0.0,0.2,0.0,0.3484022250755871,0.05,0.08,0.0,0.5,0.25
320,0.9784787566631558,0.532766003915768,0.8687248583381909,0.5180520678323183,0.25610319783984853,0.5452256984759112,0.6943231441048034,0.4052153134365211,0.413186349262952,0.09170305676855896,0.4542857142857143,0.3876332888440251,0.3971555983229506,0.08,0.0,0.0,0.3457142857142857,14.251428571428571,0.0,0.0,0.03894006042814231,0.08436634914903718,4.0524017467248905,0.0,0.0,0.15,0.07860262008733625,0,0.100348858869913,0.2883341404828021,0.19415370354964812,0.5317900525549822,0.0,0.0,0.0,0.2,0.0,0.3484022250755871,0.05,0.08,0.0,0.5,0.25
321,0.9782206743816872,0.5334276829857317,0.8685559987883156,0.5184052410549016,0.25610319783984853,0.5453340113337544,0.6768558951965066,0.4052153134365211,0.413186349262952,0.09170305676855896,0.44285714285714284,0.3876332888440251,0.3971555983229506,0.08,0.0,0.0,0.3457142857142857,14.26,0.0,0.0,0.03894006042814231,0.08436634914903718,4.0524017467248905,0.0,0.0,0.15,0.07860262008733625,0,0.09984711457556344,0.2868924697803881,0.1902706294786551,0.5211542515038825,0.0,0.0,0.0,0.2,0.0,0.3484022250755871,0.05,0.08,0.0,0.5,0.25
322,0.9784821595534795,0.5333304572896355,0.8687270848007168,0.5187722695690467,0.25610319783984853,0.5454390791446897,0.6724890829694323,0.4052153134365211,0.413186349262952,0.09170305676855896,0.44,0.3876332888440251,0.3971555983229506,0.08,0.0,0.0,0.3457142857142857,14.302857142857142,0.0,0.0,0.03894006042814231,0.08436634914903718,4.0524017467248905,0.0,0.0,0.15,0.07860262008733625,0,0.09934787900268564,0.28545800743148614,0.18646521688908202,0.5107311664738049,0.0,0.0,0.0,0.2,0.0,0.3484022250755871,0.05,0.08,0.0,0.5,0.25
323,0.9789788517460974,0.5335424823661996,0.869052063406744,0.5189350415169126,0.25610319783984853,0.5454162525935016,0.6768558951965066,0.4052153134365211,0.413186349262952,0.09170305676855896,0.44285714285714284,0.3876332888440251,0.3971555983229506,0.08,0.0,0.0,0.3457142857142857,14.317142857142857,0.0,0.0,0.03894006042814231,0.08436634914903718,4.0524017467248905,0.0,0.0,0.15,0.07860262008733625,0,0.0988511396076722,0.2840307173943287,0.18273591255130042,0.5005165431443288,0.0,0.0,0.0,0.2,0.0,0.3484022250755871,0.05,0.08,0.0,0.5,0.25
324,0.9773512670778475,0.5332702796956683,0.8679871580095178,0.5187734276623787,0.25610319783984853,0.5454283980611391,0.6986899563318777,0.4052153134365211,0.413186349262952,0.09170305676855896,0.45714285714285713,0.3876332888440251,0.3971555983229506,0.08,0.0,0.0,0.3457142857142857,14.28,0.004366812227074236,0.0,0.03894006042814231,0.08436634914903718,4.0524017467248905,0.0,0.0,0.15,0.07860262008733625,0,0.09835688390963383,0.28261056380735705,0.1790811943002744,0.4905062122814422,0.0,0.0,0.0,0.2,0.0,0.3484022250755871,0.05,0.08,0.0,0.5,0.25
325,0.9769671084241778,0.5334052733918699,0.8677358084904023,0.5191067484954102,0.25610319783984853,0.545373877320965,0.6943231441048034,0.4052153134365211,0.413186349262952,0.09170305676855896,0.4542857142857143,0.3876332888440251,0.3971555983229506,0.08,0.0,0.0,0.3457142857142857,14.265714285714285,0.0,0.0,0.03894006042814231,0.08436634914903718,4.0524017467248905,0.0,0.0,0.15,0.07860262008733625,0,0.09786509949008568,0.2811975109883203,0.1754995704142689,0.4806960880358133,0.0,0.0,0.0,0.2,0.0,0.3484022250755871,0.05,0.08,0.0,0.5,0.25
326,0.9766634658671582,0.5324739772425334,0.8675371395030954,0.5185933739198316,0.25610319783984853,0.5453713864200554,0.6899563318777293,0.4052153134365211,0.413186349262952,0.09170305676855896,0.4514285714285714,0.3876332888440251,0.3971555983229506,0.08,0.0,0.0,0.3457142857142857,14.268571428571429,0.0,0.0,0.03894006042814231,0.08436634914903718,4.0524017467248905,0.0,0.0,0.15,0.07860262008733625,0,0.09737577399263522,0.2797915234333787,0.17198957900598352,0.471082166275097,0.0,0.0,0.0,0.2,0.0,0.3484022250755871,0.05,0.08,0.0,0.5,0.25
327,0.9783973712048502,0.5316868073881302,0.8686716089954708,0.5181257269803421,0.25610319783984853,0.5453170486434404,0.7030567685589519,0.40530264968106255,0.4132518514463581,0.09170305676855896,0.46,0.38769043170116796,0.3971984554658078,0.08,0.004366812227074236,0.002857142857142857,0.3457142857142857,14.225714285714286,0.004366812227074236,0.0,0.03894006042814231,0.08436634914903718,4.0524017467248905,0.0,0.0,0.15,0.07860262008733625,0,0.0973174665512435,0.2783925658162118,0.17140693028300671,0.4834463787725116,0.0,0.0,0.0,0.2,0.0,0.3484022250755871,0.05,0.08,0.004366812227074236,0.5,0.25
328,0.9775604656598692,0.5327445401802914,0.8681240336531835,0.5188700309992286,0.25610319783984853,0.5449645136264228,0.7467248908296943,0.40530264968106255,0.4132518514463581,0.09170305676855896,0.48857142857142855,0.38769043170116796,0.3971984554658078,0.08,0.0,0.0,0.3457142857142857,14.228571428571428,0.0,0.0,0.03894006042814231,0.08436634914903718,4.0524017467248905,0.0,0.0,0.15,0.07860262008733625,0,0.09683087921848726,0.2770006029871307,0.16797879167734658,0.4737774511970614,0.0,0.0,0.0,0.2,0.0,0.3484022250755871,0.05,0.08,0.0,0.5,0.25
329,0.9781186693126439,0.5331894229640822,0.868489258328856,0.5188963650507966,0.25610319783984853,0.5448415881254417,0.6986899563318777,0.40530264968106255,0.4132518514463581,0.09170305676855896,0.45714285714285713,0.38769043170116796,0.3971984554658078,0.08,0.0,0.0,0.3457142857142857,14.197142857142858,0.0,0.0,0.03894006042814231,0.08436634914903718,4.0524017467248905,0.0,0.0,0.15,0.07860262008733625,0,0.09634672482239484,0.27561559997219504,0.16461921584379963,0.4643019021731202,0.0,0.0,0.0,0.2,0.0,0.3484022250755871,0.05,0.08,0.0,0.5,0.25
330,0.9785822862211675,0.5339999523972292,0.8687114675921505,0.5194105480847162,0.25610319783984853,0.5447644094228322,0.7412280701754386,0.4063158090882734,0.41305058512237947,0.09210526315789473,0.4828571428571429,0.38780471741545364,0.39728416975152203,0.08,0.008771929824561403,0.005714285714285714,0.3485714285714286,14.237142857142857,0.0,0.002857142857142857,0.03895184984192204,0.08436634914903718,4.017543859649122,0.0,0.0,0.15,0.07894736842105263,0,0.09672213405542571,0.27423752197233403,0.16704111724120935,0.4612632924127201,0.0,0.0,0.0,0.2,0.0,0.3484022250755871,0.05,0.08,0.008733624454148471,0.5,0.25
331,0.9770440901686158,0.5326929825931628,0.8677094427350598,0.518857411299414,0.25610319783984853,0.5447856783873934,0.7675438596491229,0.4063158090882734,0.41305058512237947,0.09210526315789473,0.5,0.38780471741545364,0.39728416975152203,0.08,0.0,0.0,0.3485714285714286,14.217142857142857,0.0,0.0,0.03897870288800384,0.08436634914903718,4.017543859649122,0.0,0.0,0.15,0.07894736842105263,0,0.09623852338514859,0.2728663343624724,0.16370029489638516,0.45203802656446573,0.0,0.0,0.0,0.2,0.0,0.3484022250755871,0.05,0.08,0.0,0.5,0.25
332,0.9774065447645678,0.5322217894137151,0.8679455560147085,0.5186928361099763,0.25610319783984853,0.5446231211948567,0.7280701754385965,0.4063158090882734,0.41305058512237947,0.09210526315789473,0.4742857142857143,0.38780471741545364,0.39728416975152203,0.08,0.0,0.0,0.3485714285714286,14.2,0.0,0.0,0.03897870288800384,0.08436634914903718,4.017543859649122,0.0,0.0,0.15,0.07894736842105263,0,0.09575733076822285,0.27150200269066,0.16042628899845746,0.4429972660331764,0.0,0.0,0.0,0.2,0.0,0.3484022250755871,0.05,0.08,0.0,0.5,0.25
333,0.9784567447499788,0.5328825799402578,0.8686296862909191,0.5197520328359075,0.25610319783984853,0.5444291255650756,0.6842105263157895,0.4063158090882734,0.41305058512237947,0.09210526315789473,0.44571428571428573,0.38780471741545364,0.39728416975152203,0.08,0.0,0.0,0.3485714285714286,14.182857142857143,0.0,0.0,0.03897870288800384,0.08436634914903718,4.017543859649122,0.0,0.0,0.15,0.07894736842105263,0,0.09527854411438172,0.2701444926772067,0.1572177632184883,0.4341373207125129,0.0,0.0,0.0,0.2,0.0,0.3484022250755871,0.05,0.08,0.0,0.5,0.25
334,0.9791507891006764,0.5337476590525511,0.8690818066108023,0.5201830923309524,0.25610319783984853,0.5442970386541099,0.6973684210526315,0.4063158090882734,0.41305058512237947,0.09210526315789473,0.4542857142857143,0.38780471741545364,0.39728416975152203,0.08,0.0,0.0,0.3485714285714286,14.188571428571429,0.0,0.0,0.03897870288800384,0.08436634914903718,4.017543859649122,0.0,0.0,0.15,0.07894736842105263,0,0.09480215139380982,0.26879377021382067,0.15407340795411853,0.4254545742982626,0.0,0.0,0.0,0.2,0.0,0.3484022250755871,0.05,0.08,0.0,0.5,0.25
335,0.9779919414143218,0.5342733584831998,0.8683269001179768,0.5207343063900993,0.25610319783984853,0.5445537401803395,0.6842105263157895,0.40649124768476463,0.4131821640697479,0.09210526315789473,0.44571428571428573,0.38791900312973937,0.3973698840372364,0.08,0.008771929824561403,0.005714285714285714,0.3485714285714286,14.16,0.0,0.0,0.03897870288800384,0.08436634914903718,4.017543859649122,0.0,0.0,0.15,0.07894736842105263,0,0.09518528349398363,0.2674498013627516,0.15670622550932187,0.4832962799407813,0.0,0.0,0.0,0.2,0.0,0.3484022250755871,0.05,0.08,0.008771929824561403,0.5,0.25
336,0.9772980342183389,0.532766677185222,0.8678748691445938,0.5200939765249548,0.25610319783984853,0.544684406539055,0.6842105263157895,0.4067544055795015,0.4133795324908005,0.09210526315789473,0.44571428571428573,0.388090431701168,0.3974984554658077,0.08,0.013157894736842105,0.008571428571428572,0.3485714285714286,14.151428571428571,0.0,0.0,0.03897870288800384,0.08436634914903718,4.017543859649122,0.0,0.0,0.15,0.07894736842105263,0,0.09599507136222797,0.2747018995648818,0.16214352957056402,0.5132698160283823,0.0,0.0,0.0,0.2,0.0,0.3484022250755871,0.05,0.08,0.013157894736842105,0.5,0.25
337,0.9781405778200333,0.5331386849708389,0.8684237261194117,0.5207973047627289,0.25610319783984853,0.5447526435684292,0.7324561403508771,0.4067544055795015,0.4133795324908005,0.09210526315789473,0.47714285714285715,0.388090431701168,0.3974984554658077,0.08,0.0,0.0,0.3485714285714286,14.194285714285714,0.0,0.0,0.03897870288800384,0.08436634914903718,4.017543859649122,0.0,0.0,0.15,0.07894736842105263,0,0.09551509600541684,0.27332839006705734,0.1589006589791527,0.5030044197078147,0.0,0.0,0.0,0.2,0.0,0.3484022250755871,0.05,0.08,0.0,0.5,0.25
338,0.9778940741410229,0.5340935280250655,0.8682631465799421,0.520940500613252,0.25610319783984853,0.544695010872762,0.7763157894736842,0.4067544055795015,0.4133795324908005,0.09210526315789473,0.5057142857142857,0.388090431701168,0.3974984554658077,0.08,0.0,0.0,0.3485714285714286,14.2,0.0,0.0,0.03897870288800384,0.08436634914903718,4.017543859649122,0.0,0.0,0.15,0.07894736842105263,0,0.09503752052538975,0.2719617481167221,0.15572264579956965,0.4929443313136584,0.0,0.0,0.0,0.2,0.0,0.3484022250755871,0.05,0.08,0.0,0.5,0.25
339,0.9781023333238132,0.5355989276972832,0.8683988125618741,0.5226571791892036,0.25610319783984853,0.5447864443873602,0.6885964912280702,0.4068421248777472,0.41344532196448475,0.09649122807017543,0.44857142857142857,0.38814757455831084,0.397541312608665,0.08285714285714285,0.0043859649122807015,0.002857142857142857,0.3485714285714286,14.222857142857142,0.0,0.0,0.03897870288800384,0.08436634914903718,4.017543859649122,0.0,0.0,0.15,0.07894736842105263,0,0.09499090435133425,0.2706019393761384,0.15546533574072113,0.5057883940979829,0.0,0.0,0.0,0.2,0.0,0.3484022250755871,0.05,0.08,0.0043859649122807015,0.5,0.25
340,0.9793646127751023,0.5359524916579533,0.8692210974615708,0.5228867142033462,0.25610319783984853,0.5447416515994212,0.6842105263157895,0.40692984417599276,0.4135111114381689,0.09649122807017543,0.44571428571428573,0.3882047174154536,0.39758416975152205,0.08285714285714285,0.0043859649122807015,0.002857142857142857,0.3485714285714286,14.225714285714286,0.0,0.0,0.03897870288800384,0.08436634914903718,4.017543859649122,0.0,0.0,0.15,0.07894736842105263,0,0.094944521258149,0.26924892967925773,0.15521317188304956,0.5068591162954522,0.0,0.0,0.0,0.2,0.0,0.3484022250755871,0.05,0.08,0.0043859649122807015,0.5,0.25
341,0.9782236205020827,0.5368528695041613,0.8684778224951466,0.5238273796427545,0.25610319783984853,0.5447211445340973,0.7192982456140351,0.40692984417599276,0.4135111114381689,0.09649122807017543,0.4685714285714286,0.3882047174154536,0.39758416975152205,0.08285714285714285,0.0,0.0,0.3485714285714286,14.237142857142857,0.0,0.0,0.03897870288800384,0.08436634914903718,4.017543859649122,0.0,0.0,0.15,0.07894736842105263,0,0.09446979865185826,0.26790268503086145,0.15210890844538857,0.4967219339695432,0.0,0.0,0.0,0.2,0.0,0.3484022250755871,0.05,0.08,0.0,0.5,0.25
342,0.9799036751193435,0.5367395465553872,0.869572258074391,0.5237294055630259,0.25610319783984853,0.544705358134864,0.6929824561403509,0.40692984417599276,0.4135111114381689,0.09649122807017543,0.4514285714285714,0.3882047174154536,0.39758416975152205,0.08285714285714285,0.0,0.0,0.3485714285714286,14.214285714285714,0.0,0.0,0.03897870288800384,0.08436634914903718,4.017543859649122,0.0,0.0,0.15,0.07894736842105263,0,0.09399744965859898,0.26656317160570714,0.1490667302764808,0.48678749529015225,0.0,0.0,0.0,0.2,0.0,0.3484022250755871,0.05,0.08,0.0,0.5,0.25
343,0.9789270509650954,0.5368549665625408,0.8689360571967663,0.5236786594507973,0.25610319783984853,0.5447772367245789,0.6798245614035088,0.40692984417599276,0.4135111114381689,0.09649122807017543,0.44285714285714284,0.3882047174154536,0.39758416975152205,0.08285714285714285,0.0,0.0,0.3485714285714286,14.174285714285714,0.0,0.0,0.03897870288800384,0.08436634914903718,4.017543859649122,0.0,0.0,0.15,0.07894736842105263,0,0.09352746241030598,0.2652303557476786,0.14608539567095116,0.4770517453843492,0.0,0.0,0.0,0.2,0.0,0.3484022250755871,0.05,0.08,0.0,0.5,0.25
344,0.980837939122157,0.5373775585869285,0.8701808643390809,0.5239706374755997,0.25610319783984853,0.5446733644866644,0.6491228070175439,0.40692984417599276,0.4135111114381689,0.09649122807017543,0.4228571428571429,0.3882047174154536,0.39758416975152205,0.08285714285714285,0.0,0.0,0.3485714285714286,14.17142857142857,0.0,0.0,0.03897870288800384,0.08436634914903718,4.017543859649122,0.0,0.0,0.15,0.07894736842105263,0,0.09305982509825445,0.2639042039689402,0.14316368775753216,0.4675107104766622,0.0,0.0,0.0,0.2,0.0,0.3484022250755871,0.05,0.08,0.0,0.5,0.25
345,0.9787742161969447,0.5369212860785252,0.8688364962620854,0.5239516970082635,0.25610319783984853,0.5446146033821169,0.6491228070175439,0.40710528277248403,0.4136426903855373,0.09649122807017543,0.4228571428571429,0.3883190031297394,0.39766988403723635,0.08285714285714285,0.0043859649122807015,0.002857142857142857,0.3485714285714286,14.194285714285714,0.0,0.0,0.03897870288800384,0.08436634914903718,4.017543859649122,0.0,0.0,0.15,0.07894736842105263,0,0.0930230974013346,0.2625846829490955,0.14315755685952436,0.4789033930925375,0.0,0.0,0.0,0.2,0.0,0.3484022250755871,0.05,0.08,0.0043859649122807015,0.5,0.25
346,0.9790851473976084,0.5369172347671562,0.8690390457299464,0.5241237755974387,0.25610319783984853,0.5444918557324246,0.7236842105263158,0.40710528277248403,0.4136426903855373,0.09649122807017543,0.4714285714285714,0.3883190031297394,0.39766988403723635,0.08285714285714285,0.0,0.0,0.3485714285714286,14.142857142857142,0.0,0.0,0.03897870288800384,0.08436634914903718,4.017543859649122,0.0,0.0,0.15,0.07894736842105263,0,0.09255798191432792,0.26127175953435,0.14029440572233384,0.4693253252306867,0.0,0.0,0.0,0.2,0.0,0.3484022250755871,0.05,0.08,0.0,0.5,0.25
347,0.9786174724881606,0.5375477757186305,0.8687343889317916,0.5246277121954959,0.25610319783984853,0.5444065985979484,0.6929824561403509,0.40710528277248403,0.4136426903855373,0.09649122807017543,0.4514285714285714,0.3883190031297394,0.39766988403723635,0.08285714285714285,0.0,0.0,0.3485714285714286,14.082857142857144,0.0,0.0,0.03897870288800384,0.08436634914903718,4.017543859649122,0.0,0.0,0.15,0.07894736842105263,0,0.0920951920047563,0.2599654007366783,0.1374885176078872,0.45993881872607295,0.0,0.0,0.0,0.2,0.0,0.3484022250755871,0.05,0.08,0.0,0.5,0.25
348,0.9781771198260367,0.5361262468517018,0.8684475306261796,0.5234841142635869,0.25610319783984853,0.5442817848179968,0.6885964912280702,0.40710528277248403,0.4136426903855373,0.09649122807017543,0.44857142857142857,0.3883190031297394,0.39766988403723635,0.08285714285714285,0.0,0.0,0.3485714285714286,14.08,0.0,0.0,0.03897870288800384,0.08436634914903718,4.017543859649122,0.0,0.0,0.15,0.07894736842105263,0,0.09163471604473253,0.25866557373299487,0.13473874725572943,0.4507400423515515,0.0,0.0,0.0,0.2,0.0,0.3484022250755871,0.05,0.08,0.0,0.5,0.25
349,0.9776893138364549,0.5360865394999956,0.8681297598672519,0.5232687356359755,0.25610319783984853,0.5441707341178303,0.6842105263157895,0.40736844066722083,0.41384005880659,0.09649122807017543,0.44571428571428573,0.388490431701168,0.3977984554658078,0.08285714285714285,0.013157894736842105,0.008571428571428572,0.3485714285714286,14.06857142857143,0.0,0.0,0.03897870288800384,0.08436634914903718,4.017543859649122,0.0,0.0,0.15,0.07894736842105263,0,0.09246225675022314,0.26124478111769583,0.1406154008820434,0.44667772016263907,0.0,0.0,0.0,0.2,0.0,0.3484022250755871,0.05,0.08,0.013157894736842105,0.5,0.25
350,0.9772735018675169,0.536706766274002,0.867858888070344,0.5234008595424907,0.25610319783984853,0.5441771764255536,0.6973684210526315,0.4074561599654664,0.41390584828027416,0.09649122807017543,0.4542857142857143,0.3885475745583108,0.39784131260866495,0.08285714285714285,0.0043859649122807015,0.002857142857142857,0.3485714285714286,14.06857142857143,0.0,0.0,0.03897870288800384,0.08436634914903718,4.017543859649122,0.0,0.0,0.15,0.07894736842105263,0,0.09242851689504344,0.25993855721210735,0.1406602357215454,0.44570040395095073,0.0,0.0,0.0,0.2,0.0,0.3484022250755871,0.05,0.08,0.0043859649122807015,0.5,0.25
351,0.9770803634411157,0.5375294046690475,0.8677330721811455,0.5242977398666505,0.25610319783984853,0.5441695873395257,0.706140350877193,0.4076315985619577,0.4140374272276426,0.09649122807017543,0.46,0.3886618602725965,0.39792702689437925,0.08285714285714285,0.008771929824561403,0.005714285714285714,0.3485714285714286,14.065714285714286,0.0,0.0,0.03897870288800384,0.08436634914903718,4.017543859649122,0.0,0.0,0.15,0.07894736842105263,0,0.09282351716771108,0.25863886442604683,0.1435613167214002,0.45309721484342574,0.0,0.0,0.0,0.2,0.0,0.3484022250755871,0.05,0.08,0.008771929824561403,0.5,0.25
352,0.9756940312443781,0.5369926826220058,0.866829975778699,0.5239207890080609,0.25610319783984853,0.5440464804173217,0.7149122807017544,0.4076315985619577,0.4140374272276426,0.09649122807017543,0.4657142857142857,0.3886618602725965,0.39792702689437925,0.08285714285714285,0.0,0.0,0.3485714285714286,14.094285714285714,0.0,0.0,0.03897870288800384,0.08436634914903718,4.017543859649122,0.0,0.0,0.15,0.07894736842105263,0,0.09235939958187253,0.25734567010391657,0.1406900903869722,0.4440352705465573,0.0,0.0,0.0,0.2,0.0,0.3484022250755871,0.05,0.08,0.0,0.5,0.25
353,0.976755248351282,0.5379125875006756,0.8675212829226251,0.5249540090155327,0.25610319783984853,0.5440563480468904,0.7017543859649122,0.4076315985619577,0.4140374272276426,0.09649122807017543,0.45714285714285713,0.3886618602725965,0.39792702689437925,0.08285714285714285,0.0,0.0,0.3485714285714286,14.122857142857143,0.0,0.0,0.03897870288800384,0.08436634914903718,4.017543859649122,0.0,0.0,0.15,0.07894736842105263,0,0.09189760258396315,0.256058941753397,0.13787628857923276,0.4351545651356261,0.0,0.0,0.0,0.2,0.0,0.3484022250755871,0.05,0.08,0.0,0.5,0.25
354,0.9770431889864412,0.5377030909957876,0.867708855679243,0.5251386238668369,0.25610319783984853,0.5442395455774589,0.7105263157894737,0.40771931786020327,0.4141032167013268,0.09649122807017543,0.46285714285714286,0.38871900312973934,0.3979698840372363,0.08285714285714285,0.0043859649122807015,0.002857142857142857,0.3485714285714286,14.122857142857143,0.0,0.0,0.03897870288800384,0.08436634914903718,4.017543859649122,0.0,0.0,0.15,0.07894736842105263,0,0.09186668599961478,0.25477864704463,0.13797590566479095,0.4264514738329136,0.0,0.0,0.0,0.2,0.0,0.3484022250755871,0.05,0.08,0.0043859649122807015,0.5,0.25
355,0.9760883255188765,0.5365052548581776,0.8670868303346582,0.5243149772460698,0.25610319783984853,0.5443514060428014,0.7105263157894737,0.40771931786020327,0.4141032167013268,0.09649122807017543,0.46285714285714286,0.38871900312973934,0.3979698840372363,0.08285714285714285,0.0,0.0,0.3485714285714286,14.154285714285715,0.0,0.0,0.03897870288800384,0.08436634914903718,4.017543859649122,0.0,0.0,0.15,0.07894736842105263,0,0.0914073525696167,0.25350475380940685,0.13521638755149512,0.4179224443562553,0.0,0.0,0.0,0.2,0.0,0.3484022250755871,0.05,0.08,0.0,0.5,0.25
356,0.9768824843320738,0.5357747529868461,0.8676041680758266,0.5236030989028311,0.25610319783984853,0.5442921354930188,0.7324561403508771,0.40771931786020327,0.4141032167013268,0.09649122807017543,0.47714285714285715,0.38871900312973934,0.3979698840372363,0.08285714285714285,0.0,0.0,0.3485714285714286,14.122857142857143,0.0,0.0,0.03897870288800384,0.08436634914903718,4.017543859649122,0.0,0.0,0.15,0.07894736842105263,0,0.09095031580676861,0.2522372300403598,0.13251205980046524,0.4095639954691302,0.0,0.0,0.0,0.2,0.0,0.3484022250755871,0.05,0.08,0.0,0.5,0.25
357,0.9776425272482234,0.5371124956902421,0.8680992817469184,0.5240965617711725,0.25610319783984853,0.5442178208915277,0.7587719298245614,0.4078070371584489,0.414169006175011,0.09649122807017543,0.4942857142857143,0.3887761459868823,0.3980127411800935,0.08285714285714285,0.0043859649122807015,0.002857142857142857,0.3485714285714286,14.151428571428571,0.0,0.0,0.03897870288800384,0.08436634914903718,4.017543859649122,0.0,0.0,0.15,0.07894736842105263,0,0.0909241356563062,0.25622663954874136,0.13271896146159878,0.40404558810275853,0.0,0.0,0.0,0.2,0.0,0.3484022250755871,0.05,0.08,0.0043859649122807015,0.5,0.25
358,0.9767525576834817,0.5363928432205054,0.8675195301447437,0.5237140307679184,0.25610319783984853,0.5442371208183998,0.7324561403508771,0.4078070371584489,0.414169006175011,0.09649122807017543,0.47714285714285715,0.3887761459868823,0.3980127411800935,0.08285714285714285,0.0,0.0,0.3485714285714286,14.191428571428572,0.0,0.0,0.03897870288800384,0.08436634914903718,4.017543859649122,0.0,0.0,0.15,0.07894736842105263,0,0.09046951497802468,0.25494550635099766,0.1300645822323668,0.39596467634070337,0.0,0.0,0.0,0.2,0.0,0.3484022250755871,0.05,0.08,0.0,0.5,0.25
359,0.9781330928057824,0.5362901203604904,0.8684188501672712,0.5234564984750235,0.25610319783984853,0.543988378790841,0.75,0.40789475645669454,0.41423479564869525,0.09649122807017543,0.48857142857142855,0.3888332888440251,0.3980555983229506,0.08285714285714285,0.0043859649122807015,0.002857142857142857,0.3485714285714286,14.22,0.0043859649122807015,0.0,0.03897870288800384,0.08436634914903718,4.017543859649122,0.0,0.0,0.15,0.07894736842105263,0,0.09044573883170598,0.25367077881924266,0.13032043344486233,0.4054132336965542,0.0,0.0,0.0,0.2,0.0,0.3484022250755871,0.05,0.08,0.0043859649122807015,0.5,0.25
360,0.9785292362389445,0.5361045099228126,0.8686769093180166,0.5231214528692112,0.25610319783984853,0.5436088918621392,0.7192982456140351,0.4081579143514313,0.41443216406974787,0.09649122807017543,0.4685714285714286,0.3890047174154537,0.398184169751522,0.08285714285714285,0.013157894736842105,0.008571428571428572,0.3485714285714286,14.177142857142858,0.0043859649122807015,0.0,0.03897870288800384,0.08436634914903718,4.017543859649122,0.0,0.0,0.15,0.07894736842105263,0,0.09127922442326172,0.2524024249251465,0.13628545334739364,0.45996512621779895,0.0,0.0,0.0,0.2,0.0,0.3484022250755871,0.05,0.08,0.013157894736842105,0.5,0.25
361,0.9776256024943115,0.5364662362842608,0.8680882564786558,0.5230843084699083,0.25610319783984853,0.5433748630661769,0.7280701754385965,0.408245633649677,0.4144979535434321,0.09649122807017543,0.4742857142857143,0.3890618602725965,0.3982270268943792,0.08285714285714285,0.0043859649122807015,0.002857142857142857,0.3485714285714286,14.142857142857142,0.0043859649122807015,0.0,0.03897870288800384,0.08436634914903718,4.017543859649122,0.0,0.0,0.15,0.07894736842105263,0,0.09125139972971685,0.2511404128005207,0.13641688713758862,0.4569815809405302,0.0,0.0,0.0,0.2,0.0,0.3484022250755871,0.05,0.08,0.0043859649122807015,0.5,0.25
362,0.9769749576722729,0.5370515152086011,0.8676644078517279,0.5237703059287625,0.25610319783984853,0.5432112605500502,0.6929824561403509,0.40842107224616814,0.41462953249080053,0.09649122807017543,0.4514285714285714,0.38917614598688227,0.39831274118009347,0.08285714285714285,0.008771929824561403,0.005714285714285714,0.3485714285714286,14.182857142857143,0.0043859649122807015,0.0,0.03897870288800384,0.08436634914903718,4.017543859649122,0.0,0.0,0.15,0.07894736842105263,0,0.09165228558821113,0.24988471073651808,0.13940283510912255,0.44784194932171956,0.0,0.0,0.0,0.2,0.0,0.3484022250755871,0.05,0.08,0.008771929824561403,0.5,0.25
363,0.9775307081961077,0.537303093601807,0.8680264396215401,0.5236351754257649,0.25610319783984853,0.5429720603943597,0.6973684210526315,0.40842107224616814,0.41462953249080053,0.09649122807017543,0.4542857142857143,0.38917614598688227,0.39831274118009347,0.08285714285714285,0.0,0.0,0.3485714285714286,14.231428571428571,0.008771929824561403,0.0,0.03897870288800384,0.08436634914903718,4.017543859649122,0.0,0.0,0.15,0.07894736842105263,0,0.09119402416027006,0.24863528718283548,0.13661477840694009,0.4388851103352852,0.0,0.0,0.0,0.2,0.0,0.3484022250755871,0.05,0.08,0.0,0.5,0.25
364,0.9769644069479296,0.5377477344723615,0.8676575348084413,0.5233125133219716,0.25610319783984853,0.5427610819706885,0.6929824561403509,0.40850879154441383,0.4146953219644847,0.09649122807017543,0.4514285714285714,0.3892332888440251,0.3983555983229506,0.08285714285714285,0.0043859649122807015,0.002857142857142857,0.3485714285714286,14.188571428571429,0.0,0.0,0.03897870288800384,0.08436634914903718,4.017543859649122,0.0,0.0,0.15,0.07894736842105263,0,0.09116662546804015,0.2641374432909306,0.13673962569594417,0.43010740812857945,0.0,0.0,0.0,0.2,0.0,0.3484022250755871,0.05,0.08,0.0043859649122807015,0.5,0.25
365,0.9779828509489162,0.5380268088623398,0.8683209783290841,0.5238097669473666,0.25610319783984853,0.5426240619921878,0.6535087719298246,0.40850879154441383,0.4146953219644847,0.09649122807017543,0.4257142857142857,0.3892332888440251,0.3983555983229506,0.08285714285714285,0.0,0.0,0.3485714285714286,14.202857142857143,0.0,0.0,0.03897870288800384,0.08436634914903718,4.017543859649122,0.0,0.0,0.15,0.07894736842105263,0,0.09071079234069994,0.26281675607447597,0.13400483318202527,0.42150525996600785,0.0,0.0,0.0,0.2,0.0,0.3484022250755871,0.05,0.08,0.0,0.5,0.25
366,0.9765314093472001,0.538142152821715,0.8673754677999661,0.5240557901910773,0.25610319783984853,0.5425963122160777,0.5964912280701754,0.40850879154441383,0.4146953219644847,0.09649122807017543,0.38857142857142857,0.3892332888440251,0.3983555983229506,0.08285714285714285,0.0,0.0,0.3485714285714286,14.217142857142857,0.0,0.0,0.03897870288800384,0.08436634914903718,4.017543859649122,0.0,0.0,0.15,0.07894736842105263,0,0.09025723837899643,0.26150267229410357,0.13132473651838478,0.4130751547666877,0.0,0.0,0.0,0.2,0.0,0.3484022250755871,0.05,0.08,0.0,0.5,0.25
367,0.9771732101839523,0.537938532119192,0.8677935552021931,0.5241639655435195,0.25610319783984853,0.5426650079287587,0.706140350877193,0.4085965108426594,0.41476111143816896,0.09649122807017543,0.46,0.3892904317011679,0.3983984554658077,0.08285714285714285,0.0043859649122807015,0.002857142857142857,0.3485714285714286,14.228571428571428,0.0,0.0,0.03897870288800384,0.08436634914903718,4.017543859649122,0.0,0.0,0.15,0.07894736842105263,0,0.0902345236156729,0.27131452397283384,0.13155538464515992,0.45418289596761835,0.0,0.0,0.0,0.2,0.0,0.3484022250755871,0.05,0.08,0.0043859649122807015,0.5,0.25
368,0.9764611498234111,0.538608227066336,0.8673296987387549,0.5243506396850455,0.25610319783984853,0.542646297405927,0.6885964912280702,0.4085965108426594,0.41476111143816896,0.09649122807017543,0.44857142857142857,0.3892904317011679,0.3983984554658077,0.08285714285714285,0.0,0.0,0.3485714285714286,14.257142857142858,0.0,0.0,0.03897870288800384,0.08436634914903718,4.017543859649122,0.0,0.0,0.15,0.07894736842105263,0,0.08978335099759452,0.2699579513529697,0.12892427695225672,0.445099238048266,0.0,0.0,0.0,0.2,0.0,0.3484022250755871,0.05,0.08,0.0,0.5,0.25
369,0.9796584244686622,0.5379884301602308,0.8694124947933756,0.5232755768479334,0.25610319783984853,0.542782524693642,0.6798245614035088,0.4085965108426594,0.41476111143816896,0.09649122807017543,0.44285714285714284,0.3892904317011679,0.3983984554658077,0.08285714285714285,0.0,0.0,0.3485714285714286,14.24,0.0,0.0,0.03897870288800384,0.08436634914903718,4.017543859649122,0.0,0.0,0.15,0.07894736842105263,0,0.08933443424260655,0.2686081615962049,0.1263457914132116,0.4361972532873007,0.0,0.0,0.0,0.2,0.0,0.3484022250755871,0.05,0.08,0.0,0.5,0.25
370,0.9781612166751936,0.5380934051644151,0.8684371708593446,0.5230883430204579,0.25610319783984853,0.5429287405809615,0.7236842105263158,0.408684230140905,0.41482690091185315,0.09649122807017543,0.4714285714285714,0.38934757455831076,0.3984413126086649,0.08285714285714285,0.0043859649122807015,0.002857142857142857,0.3485714285714286,14.274285714285714,0.0,0.0,0.03897870288800384,0.08436634914903718,4.017543859649122,0.0,0.0,0.15,0.07894736842105263,0,0.08931633349996494,0.26726512078822384,0.1266760184420902,0.4669891596314661,0.0,0.0,0.0,0.2,0.0,0.3484022250755871,0.05,0.08,0.0043859649122807015,0.5,0.25
371,0.9760931801539692,0.5388756698213382,0.8670899927826614,0.5235026845866132,0.25610319783984853,0.5429628698463806,0.6578947368421053,0.4088596687373963,0.4149584798592216,0.09649122807017543,0.42857142857142855,0.38946186027259644,0.3985270268943792,0.08285714285714285,0.008771929824561403,0.005714285714285714,0.3485714285714286,14.294285714285714,0.0,0.0,0.03897870288800384,0.08436634914903718,4.017543859649122,0.0,0.0,0.15,0.07894736842105263,0,0.08972689468960797,0.2659287951842827,0.12985678378753412,0.49335665710687215,0.0,0.0,0.0,0.2,0.0,0.3484022250755871,0.05,0.08,0.008771929824561403,0.5,0.25
372,0.9759860194773516,0.5393355473747996,0.867020185256179,0.5237353540023229,0.25610319783984853,0.5431234919103467,0.6447368421052632,0.40894738803564185,0.4150242693329058,0.09649122807017543,0.42,0.38951900312973936,0.39856988403723637,0.08285714285714285,0.0043859649122807015,0.002857142857142857,0.3485714285714286,14.317142857142857,0.0043859649122807015,0.0,0.03897870288800384,0.08436634914903718,4.017543859649122,0.0,0.0,0.15,0.07894736842105263,0,0.08970683164473138,0.282716642496961,0.13011679096892628,0.4863416091992928,0.0,0.0,0.0,0.2,0.0,0.3484022250755871,0.05,0.08,0.0043859649122807015,0.5,0.25
373,0.9761244099903242,0.5389300366397904,0.8671103367903441,0.5236080202990229,0.25610319783984853,0.5434422700315217,0.631578947368421,0.4091228266321331,0.4151558482802742,0.09649122807017543,0.4114285714285714,0.38963328884402504,0.39865559832295067,0.08285714285714285,0.008771929824561403,0.005714285714285714,0.3485714285714286,14.391428571428571,0.0043859649122807015,0.0,0.03897870288800384,0.08436634914903718,4.017543859649122,0.0,0.0,0.15,0.07894736842105263,0,0.09011544034365057,0.2813030592844762,0.13322874086383346,0.48510848407923307,0.0,0.0,0.0,0.2,0.0,0.3484022250755871,0.05,0.08,0.008771929824561403,0.5,0.25
374,0.9770484873065253,0.53974176176453,0.8677123071563265,0.5246393214924697,0.25610319783984853,0.5437080039327784,0.6052631578947368,0.4091228266321331,0.4151558482802742,0.09649122807017543,0.3942857142857143,0.38963328884402504,0.39865559832295067,0.08285714285714285,0.0,0.0,0.3485714285714286,14.371428571428572,0.0043859649122807015,0.0,0.03897870288800384,0.08436634914903718,4.017543859649122,0.0,0.0,0.15,0.07894736842105263,0,0.08966486314193231,0.2798965439880538,0.1305641660465568,0.4754063143976484,0.0,0.0,0.0,0.2,0.0,0.3484022250755871,0.05,0.08,0.0,0.5,0.25
375,0.9739335286257579,0.5402668405486385,0.8656831340728549,0.5248337084139129,0.25610319783984853,0.5439040984776163,0.6754385964912281,0.4091228266321331,0.4151558482802742,0.09649122807017543,0.44,0.38963328884402504,0.39865559832295067,0.08285714285714285,0.0,0.0,0.3485714285714286,14.32857142857143,0.0,0.0,0.03897870288800384,0.08436634914903718,4.017543859649122,0.0,0.0,0.15,0.07894736842105263,0,0.08921653882622264,0.2784970612681135,0.12795288272562566,0.4658981881096954,0.0,0.0,0.0,0.2,0.0,0.3484022250755871,0.05,0.08,0.0,0.5,0.25
376,0.9722223793543262,0.5409546226147968,0.8645684425474652,0.5246494561295807,0.25610319783984853,0.5442484839702935,0.6929824561403509,0.4092982652286244,0.4152874272276426,0.09649122807017543,0.4514285714285714,0.3897475745583108,0.39874131260866486,0.08285714285714285,0.008771929824561403,0.005714285714285714,0.3485714285714286,14.337142857142856,0.0,0.0,0.03897870288800384,0.08436634914903718,4.017543859649122,0.0,0.0,0.15,0.07894736842105263,0,0.0896275989892344,0.27710457596177296,0.13110811078539886,0.4837889411856451,0.0,0.0,0.0,0.2,0.0,0.3484022250755871,0.05,0.08,0.008771929824561403,0.5,0.25
377,0.9737673257842766,0.5418081389470555,0.8655748647932614,0.5252608428095794,0.25610319783984853,0.5445606529156893,0.6929824561403509,0.4092982652286244,0.4152874272276426,0.09649122807017543,0.4514285714285714,0.3897475745583108,0.39874131260866486,0.08285714285714285,0.0,0.0,0.3485714285714286,14.317142857142857,0.0,0.0,0.03897870288800384,0.08436634914903718,4.017543859649122,0.0,0.0,0.15,0.07894736842105263,0,0.08917946099428822,0.2757190530819641,0.1284859485696909,0.47411316236193213,0.0,0.0,0.0,0.2,0.0,0.3484022250755871,0.05,0.08,0.0,0.5,0.25
378,0.9751513461845112,0.5410064985277379,0.8664764552254145,0.5256413464432487,0.25610319783984853,0.5447689763784354,0.6535087719298246,0.4093859845268699,0.41535321670132686,0.09649122807017543,0.4257142857142857,0.38980471741545364,0.39878416975152203,0.08285714285714285,0.0043859649122807015,0.002857142857142857,0.3485714285714286,14.285714285714286,0.0,0.0,0.03897870288800384,0.08436634914903718,4.017543859649122,0.0,0.0,0.15,0.07894736842105263,0,0.08916213511788822,0.29874622371927056,0.12877337245543993,0.46963557019493424,0.0,0.0,0.0,0.2,0.0,0.3484022250755871,0.05,0.08,0.0043859649122807015,0.5,0.25
379,0.9765895349674688,0.5420014824090434,0.8674133324897412,0.526329255930056,0.25610319783984853,0.5447817091907337,0.6798245614035088,0.4093859845268699,0.41535321670132686,0.09649122807017543,0.44285714285714284,0.38980471741545364,0.39878416975152203,0.08285714285714285,0.0,0.0,0.3485714285714286,14.231428571428571,0.0,0.0,0.03897870288800384,0.08436634914903718,4.017543859649122,0.0,0.0,0.15,0.07894736842105263,0,0.08871632444229877,0.2972524926006742,0.1261979050063311,0.46024285879103555,0.0,0.0,0.0,0.2,0.0,0.3484022250755871,0.05,0.08,0.0,0.5,0.25
380,0.9762743686138571,0.5424309950028857,0.8672080241222454,0.5265630428951837,0.25610319783984853,0.5450233711557013,0.7368421052631579,0.4093859845268699,0.41535321670132686,0.09649122807017543,0.48,0.38980471741545364,0.39878416975152203,0.08285714285714285,0.0,0.0,0.3485714285714286,14.18,0.0,0.0,0.03897870288800384,0.08436634914903718,4.017543859649122,0.0,0.0,0.15,0.07894736842105263,0,0.08827274282008728,0.29576623013767084,0.12367394690620448,0.45103800161521485,0.0,0.0,0.0,0.2,0.0,0.3484022250755871,0.05,0.08,0.0,0.5,0.25
381,0.9780028592135801,0.5432272509015766,0.8683340122843507,0.5269753593450351,0.25610319783984853,0.5453731627971767,0.7807017543859649,0.4093859845268699,0.41535321670132686,0.09649122807017543,0.5085714285714286,0.38980471741545364,0.39878416975152203,0.08285714285714285,0.0,0.0,0.3485714285714286,14.157142857142857,0.0043859649122807015,0.0,0.03897870288800384,0.08436634914903718,4.017543859649122,0.0,0.0,0.15,0.07894736842105263,0,0.08783137910598683,0.2942873989869825,0.12120046796808039,0.44201724158291056,0.0,0.0,0.0,0.2,0.0,0.3484022250755871,0.05,0.08,0.0,0.5,0.25
382,0.9779657543910125,0.5426000536980906,0.8683098411427924,0.5262052598018921,0.25610319783984853,0.5457491371108123,0.7850877192982456,0.40956142312336113,0.4154847956486953,0.09649122807017543,0.5114285714285715,0.38991900312973937,0.39886988403723633,0.08285714285714285,0.008771929824561403,0.005714285714285714,0.3485714285714286,14.09142857142857,0.0,0.0,0.03897870288800384,0.08436634914903718,4.017543859649122,0.0,0.0,0.15,0.07894736842105263,0,0.08824936506759976,0.29281596199204757,0.1244907443230045,0.4602003319836392,0.0,0.0,0.0,0.2,0.0,0.3484022250755871,0.05,0.08,0.008771929824561403,0.5,0.25
383,0.9773538894730782,0.5430085918319031,0.8679112548533954,0.5263471039417031,0.25610319783984853,0.5460607517283028,0.7631578947368421,0.40956142312336113,0.4154847956486953,0.09649122807017543,0.49714285714285716,0.38991900312973937,0.39886988403723633,0.08285714285714285,0.0,0.0,0.3485714285714286,14.06,0.0,0.0,0.03897870288800384,0.08436634914903718,4.017543859649122,0.0,0.0,0.15,0.07894736842105263,0,0.08780811824226176,0.29135188218208735,0.12200092943654442,0.4509963253439664,0.0,0.0,0.0,0.2,0.0,0.3484022250755871,0.05,0.08,0.0,0.5,0.25
384,0.9753674754401075,0.543828168891799,0.8666172479976314,0.5268036108898475,0.25610319783984853,0.5463657720012289,0.7631578947368421,0.40956142312336113,0.4154847956486953,0.09649122807017543,0.49714285714285716,0.38991900312973937,0.39886988403723633,0.08285714285714285,0.0,0.0,0.3485714285714286,14.042857142857143,0.0,0.0,0.03897870288800384,0.08436634914903718,4.017543859649122,0.0,0.0,0.15,0.07894736842105263,0,0.08736907765105045,0.2898951227711769,0.11956091084781353,0.44197639883708706,0.0,0.0,0.0,0.2,0.0,0.3484022250755871,0.05,0.08,0.0,0.5,0.25
385,0.9759656678404623,0.5453269901912378,0.867006927618434,0.5274245653800269,0.25610319783984853,0.5467445191423498,0.7982456140350878,0.4097368617198524,0.41561637459606365,0.09649122807017543,0.52,0.390033288844025,0.39895559832295063,0.08285714285714285,0.008771929824561403,0.005714285714285714,0.3485714285714286,14.062857142857142,0.0,0.0,0.03897870288800384,0.08436634914903718,4.017543859649122,0.0,0.0,0.15,0.07894736842105263,0,0.08778937511993805,0.288445647157321,0.12288397834514297,0.4630743074893658,0.0,0.0,0.0,0.2,0.0,0.3484022250755871,0.05,0.08,0.008771929824561403,0.5,0.25
386,0.9767622194072944,0.5451500887039861,0.8675258240676846,0.5274047889453514,0.25610319783984853,0.5473726334213803,0.7719298245614035,0.4097368617198524,0.41561637459606365,0.09649122807017543,0.5028571428571429,0.390033288844025,0.39895559832295063,0.08285714285714285,0.0,0.0,0.3485714285714286,14.114285714285714,0.0,0.0,0.03897870288800384,0.08436634914903718,4.017543859649122,0.0,0.0,0.15,0.07894736842105263,0,0.08735042824433836,0.2870034189215344,0.1204262987782401,0.45381282133957845,0.0,0.0,0.0,0.2,0.0,0.3484022250755871,0.05,0.08,0.0,0.5,0.25
387,0.9762009126488789,0.5442705051619389,0.8671601728079168,0.5265155250132778,0.25610319783984853,0.548024834586375,0.7105263157894737,0.4097368617198524,0.41561637459606365,0.09649122807017543,0.46285714285714286,0.390033288844025,0.39895559832295063,0.08285714285714285,0.0,0.0,0.3485714285714286,14.165714285714285,0.0043859649122807015,0.0,0.03897870288800384,0.08436634914903718,4.017543859649122,0.0,0.0,0.15,0.07894736842105263,0,0.08691367610311666,0.2855684018269267,0.11801777280267532,0.4447365649127869,0.0,0.0,0.0,0.2,0.0,0.3484022250755871,0.05,0.08,0.0,0.5,0.25
388,0.9771093631417098,0.5449161041315909,0.8677519634146753,0.5266343816002765,0.25610319783984853,0.5485230193422633,0.6578947368421053,0.4097368617198524,0.41561637459606365,0.09649122807017543,0.42857142857142855,0.390033288844025,0.39895559832295063,0.08285714285714285,0.0,0.0,0.3485714285714286,14.18,0.0,0.0,0.03897870288800384,0.08436634914903718,4.017543859649122,0.0,0.0,0.15,0.07894736842105263,0,0.08647910772260109,0.28414055981779207,0.11565741734662179,0.4358418336145311,0.0,0.0,0.0,0.2,0.0,0.3484022250755871,0.05,0.08,0.0,0.5,0.25
389,0.979268372804756,0.5455037197954348,0.869158403995174,0.5267183881382838,0.25610319783984853,0.5489298460574986,0.6842105263157895,0.4097368617198524,0.41561637459606365,0.09649122807017543,0.44571428571428573,0.390033288844025,0.39895559832295063,0.08285714285714285,0.0,0.0,0.3485714285714286,14.108571428571429,0.0,0.0,0.03897870288800384,0.08436634914903718,4.017543859649122,0.0,0.0,0.15,0.07894736842105263,0,0.08604671218398809,0.2827198570187031,0.11334426899968936,0.4271249969422405,0.0,0.0,0.0,0.2,0.0,0.3484022250755871,0.05,0.08,0.0,0.5,0.25
390,0.9790618657488348,0.5455091403657578,0.8690238793987451,0.5260800079028947,0.25610319783984853,0.549317230703846,0.75,0.4097368617198524,0.41561637459606365,0.09649122807017543,0.48857142857142855,0.390033288844025,0.39895559832295063,0.08285714285714285,0.0,0.0,0.3485714285714286,14.162857142857144,0.0,0.0,0.03897870288800384,0.08436634914903718,4.017543859649122,0.0,0.0,0.15,0.07894736842105263,0,0.08561647862306815,0.2813062577336096,0.11107738361969556,0.41858249700339567,0.0,0.0,0.0,0.2,0.0,0.3484022250755871,0.05,0.08,0.0,0.5,0.25
391,0.980352460919609,0.5452178755630358,0.8698646099671353,0.5255355351347211,0.25610319783984853,0.5497560649317564,0.7631578947368421,0.41000001961458926,0.4158137430171163,0.09649122807017543,0.49714285714285716,0.39020471741545365,0.399084169751522,0.08285714285714285,0.013157894736842105,0.008571428571428572,0.3485714285714286,14.205714285714286,0.0,0.0,0.03897870288800384,0.08436634914903718,4.017543859649122,0.0,0.0,0.15,0.07894736842105263,0,0.08647411051566709,0.28634769812379873,0.11742726451873023,0.43769935204508686,0.0,0.0,0.0,0.2,0.0,0.3484022250755871,0.05,0.08,0.013157894736842105,0.5,0.25
392,0.9804572567867823,0.5457331098718811,0.8699328769891798,0.5263065006530414,0.25610319783984853,0.5500824320904685,0.7543859649122807,0.41000001961458926,0.4158137430171163,0.09649122807017543,0.49142857142857144,0.39020471741545365,0.399084169751522,0.08285714285714285,0.0,0.0,0.3485714285714286,14.24,0.0,0.0,0.03897870288800384,0.08436634914903718,4.017543859649122,0.0,0.0,0.15,0.07894736842105263,0,0.08604173996308874,0.2849159596331798,0.11507871922835561,0.4289453650041851,0.0,0.0,0.0,0.2,0.0,0.3484022250755871,0.05,0.08,0.0,0.5,0.25
393,0.9804737697858843,0.5455898331294639,0.8699436340285946,0.5259057235008522,0.25610319783984853,0.5504167326505934,0.7192982456140351,0.4100877389128348,0.4158795324908005,0.09649122807017543,0.4685714285714286,0.3902618602725966,0.3991270268943792,0.08285714285714285,0.0043859649122807015,0.002857142857142857,0.3485714285714286,14.314285714285715,0.0,0.0,0.03897870288800384,0.08436634914903718,4.017543859649122,0.0,0.0,0.15,0.07894736842105263,0,0.08604010269184473,0.2834913798350139,0.11563428770093136,0.4203664577041014,0.0,0.0,0.0,0.2,0.0,0.3484022250755871,0.05,0.08,0.0043859649122807015,0.5,0.25
394,0.9809481860784262,0.5463957779665206,0.8702526823563078,0.5264470472584943,0.25610319783984853,0.5506771566769236,0.706140350877193,0.4100877389128348,0.4158795324908005,0.09649122807017543,0.46,0.3902618602725966,0.3991270268943792,0.08285714285714285,0.0,0.0,0.3485714285714286,14.365714285714287,0.0,0.0,0.03897870288800384,0.08436634914903718,4.017543859649122,0.0,0.0,0.15,0.07894736842105263,0,0.08560990217838552,0.28207392293583883,0.11332160194691275,0.41195912855001937,0.0,0.0,0.0,0.2,0.0,0.3484022250755871,0.05,0.08,0.0,0.5,0.25
395,0.9806705018089622,0.5459152801426035,0.8700717908893424,0.5260310648272148,0.25610319783984853,0.5509357705015933,0.6754385964912281,0.4100877389128348,0.4158795324908005,0.09649122807017543,0.44,0.3902618602725966,0.3991270268943792,0.08285714285714285,0.0,0.0,0.3485714285714286,14.365714285714287,0.0043859649122807015,0.0,0.03897870288800384,0.08436634914903718,4.017543859649122,0.0,0.0,0.15,0.07894736842105263,0,0.08518185266749359,0.2806635533211596,0.11105516990797447,0.403719945979019,0.0,0.0,0.0,0.2,0.0,0.3484022250755871,0.05,0.08,0.0,0.5,0.25
396,0.9796765326772127,0.5457313625277412,0.8694242909978028,0.5255341919624378,0.25610319783984853,0.5511604735306672,0.6798245614035088,0.4101754582110805,0.41594532196448475,0.09649122807017543,0.44285714285714284,0.39031900312973933,0.39916988403723636,0.08285714285714285,0.0043859649122807015,0.002857142857142857,0.3485714285714286,14.382857142857143,0.0043859649122807015,0.0,0.03897870288800384,0.08436634914903718,4.017543859649122,0.0,0.0,0.15,0.07894736842105263,0,0.08518451483272754,0.28565541616588364,0.11169120936695784,0.403463892991193,0.0,0.0,0.0,0.2,0.0,0.3484022250755871,0.05,0.08,0.0043859649122807015,0.5,0.25
397,0.9792380312367726,0.5449503297102457,0.8691386386308877,0.524828499891522,0.25610319783984853,0.5513886893519827,0.6447368421052632,0.4101754582110805,0.41594532196448475,0.09649122807017543,0.42,0.39031900312973933,0.39916988403723636,0.08285714285714285,0.0,0.0,0.3485714285714286,14.414285714285715,0.0043859649122807015,0.0,0.03897870288800384,0.08436634914903718,4.017543859649122,0.0,0.0,0.15,0.07894736842105263,0,0.0847585922585639,0.2842271390850542,0.10945738517961867,0.3953946151313691,0.0,0.0,0.0,0.2,0.0,0.3484022250755871,0.05,0.08,0.0,0.5,0.25
398,0.9798640001194563,0.5463542471066798,0.8695464126458929,0.525875234122017,0.25610319783984853,0.551416265100912,0.6666666666666666,0.4102631775093261,0.41601111143816893,0.09649122807017543,0.4342857142857143,0.39037614598688214,0.3992127411800935,0.08285714285714285,0.0043859649122807015,0.002857142857142857,0.3485714285714286,14.428571428571429,0.0043859649122807015,0.0,0.03897870288800384,0.08436634914903718,4.017543859649122,0.0,0.0,0.15,0.07894736842105263,0,0.0847633707258425,0.2828060033896289,0.11012538033316917,0.3945002348369228,0.0,0.0,0.0,0.2,0.0,0.3484022250755871,0.05,0.08,0.0043859649122807015,0.5,0.25
399,0.9800354954113559,0.5470241638990062,0.8696581295789018,0.526415304209344,0.25610319783984853,0.5515612910520032,0.6578947368421053,0.41035089680757164,0.4160769009118532,0.09649122807017543,0.42857142857142855,0.3904332888440251,0.3992555983229506,0.08285714285714285,0.0043859649122807015,0.002857142857142857,0.3485714285714286,14.482857142857142,0.0043859649122807015,0.0,0.03897870288800384,0.08436634914903718,4.017543859649122,0.0,0.0,0.15,0.07894736842105263,0,0.08476812530078472,0.2813919733726808,0.11078001558364862,0.4189597497980742,0.0,0.0,0.0,0.2,0.0,0.3484022250755871,0.05,0.08,0.0043859649122807015,0.5,0.25
400,0.9801574452445446,0.5465195414851481,0.869737571184522,0.5260157679170407,0.25610319783984853,0.5517081107093413,0.6885964912280702,0.41035089680757164,0.4160769009118532,0.09649122807017543,0.44857142857142857,0.3904332888440251,0.3992555983229506,0.08285714285714285,0.0,0.0,0.3485714285714286,14.537142857142857,0.0043859649122807015,0.0,0.03897870288800384,0.08436634914903718,4.017543859649122,0.0,0.0,0.15,0.07894736842105263,0,0.08434428467428082,0.2799850135058174,0.10856441527197566,0.41058055480211275,0.0,0.0,0.0,0.2,0.0,0.3484022250755871,0.05,0.08,0.0,0.5,0.25
401,0.978062969559329,0.5465426593671247,0.86837316988101,0.5263515586277426,0.25610319783984853,0.5517737570367751,0.6491228070175439,0.41035089680757164,0.4160769009118532,0.09649122807017543,0.4228571428571429,0.3904332888440251,0.3992555983229506,0.08285714285714285,0.0,0.0,0.3485714285714286,14.5,0.0043859649122807015,0.0,0.03897870288800384,0.08436634914903718,4.017543859649122,0.0,0.0,0.15,0.07894736842105263,0,0.0839225632509094,0.27858508843828833,0.10639312696653612,0.40236894370607046,0.0,0.0,0.0,0.2,0.0,0.3484022250755871,0.05,0.08,0.0,0.5,0.25
402,0.978649329567328,0.5463286099928909,0.8687551415433636,0.5262817442378543,0.25610319783984853,0.551820483914528,0.6491228070175439,0.41035089680757164,0.4160769009118532,0.09649122807017543,0.4228571428571429,0.3904332888440251,0.3992555983229506,0.08285714285714285,0.0,0.0,0.3485714285714286,14.5,0.0043859649122807015,0.0,0.03897870288800384,0.08436634914903718,4.017543859649122,0.0,0.0,0.15,0.07894736842105263,0,0.08350295043465485,0.2771921629960969,0.10426526442720542,0.3943215648319491,0.0,0.0,0.0,0.2,0.0,0.3484022250755871,0.05,0.08,0.0,0.5,0.25
403,0.9785721766913174,0.5455004257025238,0.8687048819555624,0.525976728306067,0.25610319783984853,0.5518286758604491,0.6710526315789473,0.41035089680757164,0.4160769009118532,0.09649122807017543,0.43714285714285717,0.3904332888440251,0.3992555983229506,0.08285714285714285,0.0,0.0,0.3485714285714286,14.457142857142857,0.0043859649122807015,0.0,0.03897870288800384,0.08436634914903718,4.017543859649122,0.0,0.0,0.15,0.07894736842105263,0,0.08308543568248158,0.27580620218111646,0.1021799591386613,0.38643513353531006,0.0,0.0,0.0,0.2,0.0,0.3484022250755871,0.05,0.08,0.0,0.5,0.25
404,0.9789245953443408,0.5452114526854321,0.8689344575352463,0.5254515201482612,0.25610319783984853,0.5518357433112646,0.6754385964912281,0.41035089680757164,0.4160769009118532,0.09649122807017543,0.44,0.3904332888440251,0.3992555983229506,0.08285714285714285,0.0,0.0,0.3485714285714286,14.46,0.0043859649122807015,0.0,0.03897870288800384,0.08436634914903718,4.017543859649122,0.0,0.0,0.15,0.07894736842105263,0,0.08267000850406916,0.2744271711702108,0.10013635995588807,0.37870643086460387,0.0,0.0,0.0,0.2,0.0,0.3484022250755871,0.05,0.08,0.0,0.5,0.25
405,0.9772346722593649,0.5458627938439298,0.8678335933541762,0.5262133215892228,0.25610319783984853,0.5518985864691821,0.6754385964912281,0.41043861610581733,0.41614269038553736,0.09649122807017543,0.44,0.39049043170116793,0.39929845546580767,0.08285714285714285,0.0043859649122807015,0.002857142857142857,0.3485714285714286,14.44,0.0043859649122807015,0.0,0.03897870288800384,0.08436634914903718,4.017543859649122,0.0,0.0,0.15,0.07894736842105263,0,0.08268522989012025,0.2730550353143598,0.10099077561391318,0.37655245715347746,0.0,0.0,0.0,0.2,0.0,0.3484022250755871,0.05,0.08,0.0043859649122807015,0.5,0.25
406,0.9781684105577696,0.5456939182619751,0.8684418571599942,0.5263655215975918,0.25610319783984853,0.5519768265886373,0.6885964912280702,0.4107017740005542,0.41634005880659,0.09649122807017543,0.44857142857142857,0.39066186027259653,0.39942702689437914,0.08285714285714285,0.013157894736842105,0.008571428571428572,0.3485714285714286,14.428571428571429,0.008771929824561403,0.0,0.03897870288800384,0.08436634914903718,4.017543859649122,0.0,0.0,0.15,0.07894736842105263,0,0.08355751802638395,0.271689760137788,0.10754238867306347,0.3997165090921336,0.0,0.0,0.0,0.2,0.0,0.3484022250755871,0.05,0.08,0.013157894736842105,0.5,0.25
407,0.9769282497021925,0.5450924784539705,0.867633980945504,0.5256493294533331,0.25610319783984853,0.5519931745199055,0.6666666666666666,0.4107894932987997,0.4164058482802742,0.09649122807017543,0.4342857142857143,0.39071900312973934,0.39946988403723627,0.08285714285714285,0.0043859649122807015,0.002857142857142857,0.3485714285714286,14.368571428571428,0.0043859649122807015,0.0,0.03897870288800384,0.08436634914903718,4.017543859649122,0.0,0.0,0.15,0.07894736842105263,0,0.08356830186482345,0.276415137866775,0.10824868375674507,0.3925666335736318,0.0,0.0,0.0,0.2,0.0,0.3484022250755871,0.05,0.08,0.0043859649122807015,0.5,0.25
408,0.9766521527545183,0.5456898805177631,0.8674208243110564,0.526529485638027,0.25610319783984853,0.5521005962711802,0.7168141592920354,0.40922822703624606,0.416156930229125,0.09292035398230089,0.46285714285714286,0.3907761459868822,0.39951274118009356,0.08285714285714285,0.004424778761061947,0.002857142857142857,0.35428571428571426,14.371428571428572,0.0,0.005714285714285714,0.03898133104731136,0.08436634914903716,4.008849557522124,0.0,0.0,0.15,0.07964601769911504,0,0.08357903178407075,0.27503306217744117,0.10894085293875301,0.3885162592804222,0.0,0.0,0.0,0.2,0.0,0.3484022250755871,0.05,0.08,0.0043859649122807015,0.5,0.25
409,0.9781225643163668,0.5456865844091976,0.8683702900624214,0.5265128039367928,0.25610319783984853,0.5520644323516151,0.7079646017699115,0.4094052181866885,0.41628967359195684,0.09292035398230089,0.45714285714285713,0.3908904317011679,0.39959845546580774,0.08285714285714285,0.008849557522123894,0.005714285714285714,0.35428571428571426,14.291428571428572,0.0,0.0,0.038988994539571,0.08436634914903716,4.008849557522124,0.0,0.0,0.15,0.07964601769911504,0,0.08401827948229325,0.27365789686655395,0.11247632159426367,0.4051202432316172,0.0,0.0,0.0,0.2,0.0,0.3484022250755871,0.05,0.08,0.008849557522123894,0.5,0.25
410,0.9788143238905342,0.5447479242633465,0.8688169691017411,0.5262937764608062,0.25610319783984853,0.5520123433341114,0.6991150442477876,0.4094052181866885,0.41628967359195684,0.09292035398230089,0.4514285714285714,0.3908904317011679,0.39959845546580774,0.08285714285714285,0.0,0.0,0.35428571428571426,14.291428571428572,0.0,0.0,0.038988994539571,0.08436634914903716,4.008849557522124,0.0,0.0,0.15,0.07964601769911504,0,0.0835981880848818,0.2722896073822212,0.11022679516237839,0.3970178383669849,0.0,0.0,0.0,0.2,0.0,0.3484022250755871,0.05,0.08,0.0,0.5,0.25
411,0.9775866593797051,0.5451840424695077,0.8680242485890342,0.5263733523956268,0.25610319783984853,0.5519491110612068,0.7300884955752213,0.4094937137619098,0.4163560452733728,0.09292035398230089,0.4714285714285714,0.3909475745583108,0.3996413126086649,0.08285714285714285,0.004424778761061947,0.002857142857142857,0.35428571428571426,14.282857142857143,0.0,0.0,0.038988994539571,0.08436634914903716,4.008849557522124,0.0,0.0,0.15,0.07964601769911504,0,0.0836087685730288,0.27736042231675634,0.11087940211627367,0.42184739342420996,0.0,0.0,0.0,0.2,0.0,0.3484022250755871,0.05,0.08,0.004424778761061947,0.5,0.25
412,0.9776631313522521,0.5444622662730072,0.8680736276341645,0.5255172567313028,0.25610319783984853,0.5519265435609495,0.7389380530973452,0.4094937137619098,0.4163560452733728,0.09292035398230089,0.47714285714285715,0.3909475745583108,0.3996413126086649,0.08285714285714285,0.0,0.0,0.35428571428571426,14.302857142857142,0.0,0.0,0.038988994539571,0.08436634914903716,4.008849557522124,0.0,0.0,0.15,0.07964601769911504,0,0.08319072473016366,0.2759736202051726,0.10866181407394822,0.4134104455557257,0.0,0.0,0.0,0.2,0.0,0.3484022250755871,0.05,0.08,0.0,0.5,0.25
413,0.9768552185851144,0.5448862408590341,0.8675519468188126,0.5261121493019469,0.25610319783984853,0.5519340311251649,0.7345132743362832,0.4094937137619098,0.4163560452733728,0.09292035398230089,0.4742857142857143,0.3909475745583108,0.3996413126086649,0.08285714285714285,0.0,0.0,0.35428571428571426,14.288571428571428,0.0,0.0,0.038988994539571,0.08436634914903716,4.008849557522124,0.0,0.0,0.15,0.07964601769911504,0,0.08277477110651284,0.2745937521041467,0.10648857779246924,0.4051422366446112,0.0,0.0,0.0,0.2,0.0,0.3484022250755871,0.05,0.08,0.0,0.5,0.25
414,0.9767838366956739,0.5450522628563877,0.8675058545130597,0.5266091098461233,0.25610319783984853,0.552047932788274,0.7300884955752213,0.4094937137619098,0.4163560452733728,0.09292035398230089,0.4714285714285714,0.3909475745583108,0.3996413126086649,0.08285714285714285,0.0,0.0,0.35428571428571426,14.268571428571429,0.0,0.0,0.038988994539571,0.08436634914903716,4.008849557522124,0.0,0.0,0.15,0.07964601769911504,0,0.08236089725098028,0.273220783343626,0.10435880623661985,0.39703939191171894,0.0,0.0,0.0,0.2,0.0,0.3484022250755871,0.05,0.08,0.0,0.5,0.25
415,0.9783859195949764,0.5444056831396631,0.868540342328038,0.5262734444361086,0.25610319783984853,0.5521840101368953,0.7123893805309734,0.4094937137619098,0.4163560452733728,0.09292035398230089,0.46,0.3909475745583108,0.3996413126086649,0.08285714285714285,0.0,0.0,0.35428571428571426,14.285714285714286,0.0,0.0,0.038988994539571,0.08436634914903716,4.008849557522124,0.0,0.0,0.15,0.07964601769911504,0,0.08194909276472538,0.27185467942690783,0.10227163011188746,0.38909860407348457,0.0,0.0,0.0,0.2,0.0,0.3484022250755871,0.05,0.08,0.0,0.5,0.25
416,0.9774572739829126,0.5444314847597364,0.8679407025899624,0.5264968991116362,0.25610319783984853,0.5522680415426414,0.7522123893805309,0.40967070491235225,0.41648878863620464,0.09292035398230089,0.4857142857142857,0.3910618602725965,0.3997270268943792,0.08285714285714285,0.008849557522123894,0.005714285714285714,0.35428571428571426,14.282857142857143,0.0,0.0,0.038988994539571,0.08436634914903716,4.008849557522124,0.0,0.0,0.15,0.07964601769911504,0,0.08239649015804461,0.2704954060297733,0.10594048322393541,0.4048231272640165,0.0,0.0,0.0,0.2,0.0,0.3484022250755871,0.05,0.08,0.008849557522123894,0.5,0.25
417,0.9786945466239995,0.545562375717873,0.8687396272096357,0.5272740066780579,0.25610319783984853,0.5525579125680768,0.7212389380530974,0.40967070491235225,0.41648878863620464,0.09292035398230089,0.4657142857142857,0.3910618602725965,0.3997270268943792,0.08285714285714285,0.0,0.0,0.35428571428571426,14.291428571428572,0.0,0.0,0.038988994539571,0.08436634914903716,4.008849557522124,0.0,0.0,0.15,0.07964601769911504,0,0.08198450770725439,0.26914292899962444,0.1038216735594567,0.39672666471873613,0.0,0.0,0.0,0.2,0.0,0.3484022250755871,0.05,0.08,0.0,0.5,0.25
418,0.9773996790142908,0.5463607310905632,0.867903512695938,0.5278112716454795,0.25610319783984853,0.5529427890073271,0.7079646017699115,0.40967070491235225,0.41648878863620464,0.09292035398230089,0.45714285714285713,0.3910618602725965,0.3997270268943792,0.08285714285714285,0.0,0.0,0.35428571428571426,14.348571428571429,0.0,0.0,0.038988994539571,0.08436634914903716,4.008849557522124,0.0,0.0,0.15,0.07964601769911504,0,0.08157458516871811,0.26779721435462633,0.10174524008826759,0.3887921314243614,0.0,0.0,0.0,0.2,0.0,0.3484022250755871,0.05,0.08,0.0,0.5,0.25
419,0.9783170716367446,0.545580177626685,0.8684958862178656,0.5276856462292201,0.25610319783984853,0.5532931910719379,0.7079646017699115,0.4097592004875735,0.4165551603176206,0.09292035398230089,0.45714285714285713,0.39111900312973935,0.39976988403723634,0.08285714285714285,0.004424778761061947,0.002857142857142857,0.35428571428571426,14.38,0.004424778761061947,0.0,0.038988994539571,0.08436634914903716,4.008849557522124,0.0,0.0,0.15,0.07964601769911504,0,0.08159528367144596,0.2664582282828532,0.10256747814364506,0.3972872417487019,0.0,0.0,0.0,0.2,0.0,0.3484022250755871,0.05,0.08,0.004424778761061947,0.5,0.25
420,0.9794681600790539,0.544880050758748,0.8692391604691849,0.5276216466643919,0.25610319783984853,0.5535441631788729,0.7300884955752213,0.41002468721323726,0.4167542753618684,0.09292035398230089,0.4714285714285714,0.39129043170116795,0.39989845546580777,0.08285714285714285,0.01327433628318584,0.008571428571428572,0.35428571428571426,14.385714285714286,0.004424778761061947,0.0,0.038988994539571,0.08436634914903716,4.008849557522124,0.0,0.0,0.15,0.07964601769911504,0,0.08247302153880301,0.26512593714143895,0.10908755715220075,0.45953653116337145,0.0,0.0,0.0,0.2,0.0,0.3484022250755871,0.05,0.08,0.01327433628318584,0.5,0.25
421,0.9806405938187025,0.5459814760387838,0.8699962176839297,0.5288163804915403,0.25610319783984853,0.5536388113435305,0.7212389380530974,0.41011318278845843,0.4168206470432843,0.09292035398230089,0.4657142857142857,0.3913475745583108,0.3999413126086649,0.08285714285714285,0.004424778761061947,0.002857142857142857,0.35428571428571426,14.371428571428572,0.0,0.0,0.038988994539571,0.08436634914903716,4.008849557522124,0.0,0.0,0.15,0.07964601769911504,0,0.08248922785968042,0.26380030745573174,0.10976294886629959,0.4693056679765727,0.0,0.0,0.0,0.2,0.0,0.3484022250755871,0.05,0.08,0.004424778761061947,0.5,0.25
422,0.979940593735316,0.5470591584155156,0.8695442176300857,0.5299962636091851,0.25610319783984853,0.5538795817559548,0.6858407079646017,0.41011318278845843,0.4168206470432843,0.09292035398230089,0.44285714285714284,0.3913475745583108,0.3999413126086649,0.08285714285714285,0.0,0.0,0.35428571428571426,14.4,0.004424778761061947,0.0,0.038988994539571,0.08436634914903716,4.008849557522124,0.0,0.0,0.15,0.07964601769911504,0,0.082076781720382,0.26248130591845303,0.1075676898889736,0.45991955461704126,0.0,0.0,0.0,0.2,0.0,0.3484022250755871,0.05,0.08,0.0,0.5,0.25
423,0.9800600895413933,0.5477595324665828,0.8696213777791528,0.5303445740581516,0.25610319783984853,0.5540044634523259,0.6769911504424779,0.41011318278845843,0.4168206470432843,0.09292035398230089,0.43714285714285717,0.3913475745583108,0.3999413126086649,0.08285714285714285,0.0,0.0,0.35428571428571426,14.411428571428571,0.0,0.0,0.038988994539571,0.08436634914903716,4.008849557522124,0.0,0.0,0.15,0.07964601769911504,0,0.0816663978117801,0.2611688993888608,0.10541633609119411,0.45072116352470043,0.0,0.0,0.0,0.2,0.0,0.3484022250755871,0.05,0.08,0.0,0.5,0.25
424,0.9805367550225553,0.5480088910827029,0.869929167489846,0.5302621570770081,0.25610319783984853,0.5541023276819101,0.6814159292035398,0.4102016783636797,0.41688701872470024,0.09292035398230089,0.44,0.39140471741545363,0.399984169751522,0.08285714285714285,0.004424778761061947,0.002857142857142857,0.35428571428571426,14.394285714285715,0.0,0.0,0.038988994539571,0.08436634914903716,4.008849557522124,0.0,0.0,0.15,0.07964601769911504,0,0.08168663725129263,0.25986305489191647,0.1061651522265131,0.4454428615059417,0.0,0.0,0.0,0.2,0.0,0.3484022250755871,0.05,0.08,0.004424778761061947,0.5,0.25
425,0.9799202634407846,0.5470729966062087,0.8695310900684742,0.5294584616175122,0.25610319783984853,0.5541480930898396,0.6814159292035398,0.4102016783636797,0.41688701872470024,0.09292035398230089,0.44,0.39140471741545363,0.399984169751522,0.08285714285714285,0.0,0.0,0.35428571428571426,14.445714285714285,0.0,0.0,0.038988994539571,0.08436634914903716,4.008849557522124,0.0,0.0,0.15,0.07964601769911504,0,0.08127820406503616,0.2585637396174569,0.10404184918198282,0.4365340042758229,0.0,0.0,0.0,0.2,0.0,0.3484022250755871,0.05,0.08,0.0,0.5,0.25
426,0.980105642961891,0.5476667512701315,0.8696507922735314,0.5297411120288563,0.25610319783984853,0.5540708477452979,0.6991150442477876,0.4102901739389009,0.4169533904061162,0.09292035398230089,0.4514285714285714,0.3914618602725965,0.40002702689437925,0.08285714285714285,0.004424778761061947,0.002857142857142857,0.35428571428571426,14.471428571428572,0.0,0.0,0.038988994539571,0.08436634914903716,4.008849557522124,0.0,0.0,0.15,0.07964601769911504,0,0.08130038447328242,0.2572709209193696,0.10481815505548601,0.4278033241903064,0.0,0.0,0.0,0.2,0.0,0.3484022250755871,0.05,0.08,0.004424778761061947,0.5,0.25
427,0.9802335480112511,0.5471791054319282,0.8697333823911182,0.529722979240616,0.25610319783984853,0.554017491209565,0.6283185840707964,0.4102901739389009,0.4169533904061162,0.09292035398230089,0.4057142857142857,0.3914618602725965,0.40002702689437925,0.08285714285714285,0.0,0.0,0.35428571428571426,14.468571428571428,0.0,0.0,0.038988994539571,0.08436634914903716,4.008849557522124,0.0,0.0,0.15,0.07964601769911504,0,0.080893882550916,0.25598456631477273,0.10272179195437632,0.4192472577065003,0.0,0.0,0.0,0.2,0.0,0.3484022250755871,0.05,0.08,0.0,0.5,0.25
428,0.9792918258502435,0.5482625630278937,0.8691252989385818,0.5305194928286934,0.25610319783984853,0.5540652868351501,0.6415929203539823,0.4105556606645646,0.4171525054503639,0.09292035398230089,0.4142857142857143,0.391633288844025,0.40015559832295067,0.08285714285714285,0.01327433628318584,0.008571428571428572,0.35428571428571426,14.457142857142857,0.0,0.0,0.038988994539571,0.08436634914903716,4.008849557522124,0.0,0.0,0.15,0.07964601769911504,0,0.08177512742387572,0.2699606780750182,0.10923878468671736,0.4128905950780739,0.0,0.0,0.0,0.2,0.0,0.3484022250755871,0.05,0.08,0.01327433628318584,0.5,0.25
429,0.9787464650514598,0.5495253806813946,0.8687731516799385,0.5310997211929827,0.25610319783984853,0.5541176844154065,0.584070796460177,0.41064415623978584,0.41721887713177985,0.09292035398230089,0.37714285714285717,0.3916904317011679,0.4001984554658078,0.08285714285714285,0.004424778761061947,0.002857142857142857,0.35428571428571426,14.465714285714286,0.0,0.0,0.038988994539571,0.08436634914903716,4.008849557522124,0.0,0.0,0.15,0.07964601769911504,0,0.08179482321532776,0.2721662792035912,0.10991115185012587,0.4046327831765124,0.0,0.0,0.0,0.2,0.0,0.3484022250755871,0.05,0.08,0.004424778761061947,0.5,0.25
430,0.9760201049978631,0.5496255369043437,0.8670127020453304,0.5312512200841359,0.25610319783984853,0.5542343177776602,0.6106194690265486,0.41064415623978584,0.41721887713177985,0.09292035398230089,0.3942857142857143,0.3916904317011679,0.4001984554658078,0.08285714285714285,0.0,0.0,0.35428571428571426,14.5,0.0,0.0,0.038988994539571,0.08436634914903716,4.008849557522124,0.0,0.0,0.15,0.07964601769911504,0,0.08138584909925113,0.27080544780757326,0.10771292881312332,0.3965401275129822,0.0,0.0,0.0,0.2,0.0,0.3484022250755871,0.05,0.08,0.0,0.5,0.25
431,0.9765245645378691,0.5489090831848317,0.8674055114496262,0.5310290935491166,0.25610319783984853,0.5547446587961818,0.5822222222222222,0.4101285011334366,0.417056239833807,0.09777777777777778,0.3742857142857143,0.39203328884402505,0.40045559832295063,0.08571428571428572,0.013333333333333334,0.011428571428571429,0.35714285714285715,14.471428571428572,0.0,0.002857142857142857,0.03900885618269939,0.08436634914903718,3.982222222222222,0.0,0.0,0.15,0.08,0,0.08269320556804058,0.2694514205685354,0.1169872416654323,0.38860932496272255,0.0,0.75,0.0,0.2,0.0,0.3484022250755871,0.05,0.08,0.017699115044247787,0.5,0.25
432,0.9761333451478392,0.5483740108274269,0.8671540132703214,0.5317679629544864,0.25610319783984853,0.5551723601852013,0.6755555555555556,0.4102219301376277,0.4173229065004737,0.09777777777777778,0.4342857142857143,0.3920933503467194,0.40062702689437923,0.08571428571428572,0.013333333333333334,0.008571428571428572,0.35714285714285715,14.522857142857143,0.008888888888888889,0.0,0.039017577828779605,0.08436634914903718,3.982222222222222,0.0,0.0,0.15,0.08,0,0.08356545382591467,0.26810416346569277,0.12321892540355224,0.38083713846346806,0.0,1.0,0.0,0.2,0.0,0.3484022250755871,0.05,0.08,0.013333333333333334,0.5,0.25
433,0.9769525369707629,0.5487630346030323,0.8676806365850579,0.5324989071056445,0.25610319783984853,0.5555683500288107,0.6311111111111111,0.4103108190265166,0.41738957316714037,0.09777777777777778,0.4057142857142857,0.39215049320386225,0.4006698840372363,0.08571428571428572,0.0044444444444444444,0.002857142857142857,0.35714285714285715,14.565714285714286,0.0,0.0,0.039017577828779605,0.08436634914903718,3.982222222222222,0.0,0.0,0.15,0.08,0,0.08357619798535651,0.2667636426483643,0.12361168975262404,0.3793553085679912,0.0,0.0,0.0,0.2,0.0,0.3484022250755871,0.05,0.08,0.0044444444444444444,0.5,0.25
434,0.9745803483306049,0.5489454991313749,0.8661556581735278,0.5330258890247473,0.25610319783984853,0.5558969680078296,0.6711111111111111,0.4103997079154055,0.41745623983380703,0.09777777777777778,0.43142857142857144,0.39220763606100506,0.4007127411800935,0.08571428571428572,0.0044444444444444444,0.002857142857142857,0.35714285714285715,14.497142857142856,0.0,0.0,0.039017577828779605,0.08436634914903718,3.982222222222222,0.0,0.0,0.15,0.08,0,0.08358688842400115,0.2668983006912903,0.12399659881471442,0.3717682023966314,0.0,0.0,0.0,0.2,0.0,0.3484022250755871,0.05,0.08,0.0044444444444444444,0.5,0.25
435,0.9745525141706975,0.5483912613722923,0.8661377647850158,0.5324423480390793,0.25610319783984853,0.5563198605454046,0.6577777777777778,0.4103997079154055,0.41785623983380704,0.09777777777777778,0.4228571428571429,0.39220763606100506,0.4009698840372364,0.08571428571428572,0.013333333333333334,0.008571428571428572,0.35714285714285715,14.542857142857143,0.0044444444444444444,0.0,0.039017577828779605,0.08436634914903718,3.982222222222222,0.0,0.0,0.15,0.08,0,0.08445466826759544,0.26556380918783384,0.1300880954098487,0.36433283834869873,0.0,1.0,0.0,0.2,0.0,0.3484022250755871,0.05,0.08,0.013333333333333334,0.5,0.25
436,0.9765052982772914,0.5479115275616923,0.8673931259963975,0.532623488298442,0.25610319783984853,0.556582422884339,0.7022222222222222,0.41048859680429434,0.418256239833807,0.09777777777777778,0.4514285714285714,0.3922647789181479,0.40122702689437917,0.08571428571428572,0.017777777777777778,0.011428571428571429,0.35714285714285715,14.508571428571429,0.0044444444444444444,0.0,0.039017577828779605,0.08436634914903718,3.982222222222222,0.0,0.0,0.15,0.08,0,0.08473670773545486,0.26673406438026864,0.13891490493022313,0.35704618158172474,0.0,0.75,0.0,0.2,0.0,0.3484022250755871,0.05,0.08,0.017777777777777778,0.5,0.25
437,0.9758330881314643,0.5475918093178519,0.8669609909026516,0.5325091589205897,0.25610319783984853,0.5567616300679451,0.6666666666666666,0.41048859680429434,0.418256239833807,0.09777777777777778,0.42857142857142855,0.3922647789181479,0.40122702689437917,0.08571428571428572,0.0,0.0,0.35714285714285715,14.471428571428572,0.0044444444444444444,0.0,0.039017577828779605,0.08436634914903718,3.982222222222222,0.0,0.0,0.15,0.08,0,0.08431302419677758,0.2654003940583673,0.13613660683161866,0.34990525795009025,0.0,0.0,0.0,0.2,0.0,0.3484022250755871,0.05,0.08,0.0,0.5,0.25
438,0.9750999705956244,0.5477544444526932,0.8664897010581832,0.5329283805219958,0.25610319783984853,0.5567746034786336,0.6088888888888889,0.4105774856931833,0.4183229065004737,0.09777777777777778,0.3914285714285714,0.39232192177529085,0.40126988403723635,0.08571428571428572,0.0044444444444444444,0.002857142857142857,0.35714285714285715,14.44,0.0044444444444444444,0.0,0.039017577828779605,0.08436634914903718,3.982222222222222,0.0,0.0,0.15,0.08,0,0.08432003050436512,0.2655469894727067,0.13627101755212914,0.3443929302387367,0.0,0.0,0.0,0.2,0.0,0.3484022250755871,0.05,0.08,0.0044444444444444444,0.5,0.25
439,0.9765573368657512,0.5488447032490219,0.867426579374693,0.5336147388326654,0.25610319783984853,0.5568500495040136,0.7333333333333333,0.41075526347096103,0.41872290650047367,0.09777777777777778,0.4714285714285714,0.39243620748957647,0.4015270268943792,0.08571428571428572,0.022222222222222223,0.014285714285714285,0.35714285714285715,14.442857142857143,0.0044444444444444444,0.0,0.039017577828779605,0.08436634914903718,3.982222222222222,0.0,0.0,0.15,0.08,0,0.08484085963755758,0.2642192545253432,0.14783131148680084,0.3528960178816731,0.0,0.6,0.0,0.2,0.0,0.3484022250755871,0.05,0.08,0.022222222222222223,0.5,0.25
440,0.9772292427643242,0.548347205407131,0.8678585188809188,0.5333154037055803,0.25610319783984853,0.5567435277013999,0.6711111111111111,0.4108441523598499,0.4187895731671404,0.09777777777777778,0.43142857142857144,0.39249335034671934,0.4015698840372363,0.08571428571428572,0.0044444444444444444,0.002857142857142857,0.35714285714285715,14.405714285714286,0.0044444444444444444,0.0,0.039017577828779605,0.08436634914903718,3.982222222222222,0.0,0.0,0.15,0.08,0,0.08484522676794123,0.26289815825271645,0.14773182811420768,0.3496987224150201,0.0,0.0,0.0,0.2,0.0,0.3484022250755871,0.05,0.08,0.0044444444444444444,0.5,0.25
441,0.977010365664297,0.5477506359827004,0.8677178121737583,0.5326432558882442,0.25610319783984853,0.5567884291167798,0.6666666666666666,0.4108441523598499,0.4191229065004736,0.09777777777777778,0.42857142857142855,0.39249335034671934,0.4017841697515221,0.08571428571428572,0.013333333333333334,0.008571428571428572,0.35714285714285715,14.422857142857143,0.0044444444444444444,0.0,0.039017577828779605,0.08436634914903718,3.982222222222222,0.0,0.0,0.15,0.08,0,0.08447800063410152,0.26158366746145284,0.15334862012335213,0.3427047479667197,0.0,1.0,0.0,0.2,0.0,0.3484022250755871,0.05,0.08,0.013333333333333334,0.5,0.25
442,0.9750034382521388,0.5476767564444107,0.8664276445516567,0.5329796046752147,0.25610319783984853,0.5566197660943466,0.6488888888888888,0.41093304124873875,0.41952290650047364,0.09777777777777778,0.41714285714285715,0.3925504932038622,0.40204131260866494,0.08571428571428572,0.017777777777777778,0.011428571428571429,0.35714285714285715,14.414285714285715,0.0044444444444444444,0.0,0.039017577828779605,0.08436634914903718,3.982222222222222,0.0,0.0,0.15,0.08,0,0.08451275348807387,0.2652462643009659,0.16171021914945652,0.3598742067878783,0.0,0.75,0.0,0.2,0.0,0.3484022250755871,0.05,0.08,0.017777777777777778,0.5,0.25
443,0.975604007718276,0.5479042512577599,0.8668137249227448,0.5335446999713928,0.25610319783984853,0.5564614238908938,0.7111111111111111,0.4110219301376277,0.41980082101530986,0.09777777777777778,0.45714285714285713,0.3926076360610051,0.402219971939631,0.08571428571428572,0.017777777777777778,0.011428571428571429,0.35714285714285715,14.402857142857142,0.0044444444444444444,0.0,0.039017577828779605,0.08436634914903718,3.982222222222222,0.0,0.0,0.15,0.08,0,0.08454733257777636,0.2656546998073493,0.16990458619503881,0.366702012262435,0.0,0.75,0.0,0.2,0.0,0.3484022250755871,0.05,0.08,0.017777777777777778,0.5,0.25
444,0.9750004087476296,0.5474521141686783,0.8664256970130436,0.5333305194995794,0.25610319783984853,0.5562704717895195,0.6933333333333334,0.4110219301376277,0.41980082101530986,0.09777777777777778,0.44571428571428573,0.3926076360610051,0.402219971939631,0.08571428571428572,0.008888888888888889,0.005714285714285714,0.35714285714285715,14.388571428571428,0.008888888888888889,0.0,0.039017577828779605,0.08436634914903718,3.982222222222222,0.0,0.0,0.15,0.08,0,0.0841531673434589,0.26432642630831255,0.17222078018542372,0.35936797201718623,0.0,1.0,0.0,0.2,0.0,0.3484022250755871,0.05,0.08,0.008888888888888889,0.5,0.25
445,0.9748361010464998,0.5473296761592882,0.8663200706337457,0.5333885568500522,0.25610319783984853,0.5559952202041035,0.6533333333333333,0.4111108190265166,0.4198674876819766,0.09777777777777778,0.42,0.392664778918148,0.40226282908248817,0.08571428571428572,0.017777777777777778,0.011428571428571429,0.35714285714285715,14.377142857142857,0.0044444444444444444,0.0,0.039017577828779605,0.08436634914903718,3.982222222222222,0.0,0.0,0.15,0.08,0,0.08418954436388447,0.263004794176771,0.18020493601028667,0.40010158193762335,0.0,0.75,0.0,0.2,0.0,0.3484022250755871,0.05,0.08,0.017777777777777778,0.5,0.25
446,0.9747471488799471,0.546615827906933,0.866262887098105,0.5328853063637743,0.25610319783984853,0.555725009032778,0.68,0.4111108190265166,0.4198674876819766,0.09777777777777778,0.43714285714285717,0.392664778918148,0.40226282908248817,0.08571428571428572,0.008888888888888889,0.005714285714285714,0.35714285714285715,14.342857142857143,0.013333333333333334,0.0,0.039017577828779605,0.08436634914903718,3.982222222222222,0.0,0.0,0.15,0.08,0,0.08379716807063646,0.26168977020588713,0.18231512300436664,0.3920995502988709,0.0,1.0,0.0,0.2,0.0,0.3484022250755871,0.05,0.08,0.008888888888888889,0.5,0.25
447,0.9739756220890139,0.5474254431164105,0.8657669055896476,0.5335925542107712,0.25610319783984853,0.5553485209185898,0.7244444444444444,0.4111108190265166,0.4198674876819766,0.09777777777777778,0.4657142857142857,0.392664778918148,0.40226282908248817,0.08571428571428572,0.0,0.0,0.35714285714285715,14.348571428571429,0.008888888888888889,0.0,0.039017577828779605,0.08436634914903718,3.982222222222222,0.0,0.0,0.15,0.08,0,0.08337818223028327,0.2603813213548577,0.17866882054427932,0.38425755929289346,0.0,0.0,0.0,0.2,0.0,0.3484022250755871,0.05,0.08,0.0,0.5,0.25
448,0.976449251225935,0.5475535359497546,0.867357095749097,0.5329360873129796,0.25610319783984853,0.5551427131100367,0.72,0.4113774856931833,0.42006748768197655,0.09777777777777778,0.46285714285714286,0.3928362074895766,0.40239140051105965,0.08571428571428572,0.02666666666666667,0.017142857142857144,0.35714285714285715,14.362857142857143,0.008888888888888889,0.0,0.039017577828779605,0.08436634914903718,3.982222222222222,0.0,0.0,0.15,0.08,0,0.08430400560484615,0.2635871457163275,0.19223830127625088,0.3942333171795826,0.0,0.5,0.0,0.2,0.0,0.3484022250755871,0.05,0.08,0.02666666666666667,0.5,0.25
449,0.975705943727484,0.5470064630032978,0.8668792552143785,0.5329819065952957,0.25610319783984853,0.5548874701074111,0.6888888888888889,0.4113774856931833,0.42006748768197655,0.09777777777777778,0.44285714285714284,0.3928362074895766,0.40239140051105965,0.08571428571428572,0.0,0.0,0.35714285714285715,14.32857142857143,0.008888888888888889,0.0,0.039017577828779605,0.08436634914903718,3.982222222222222,0.0,0.0,0.15,0.08,0,0.08388248557682193,0.2622692099877459,0.18839353525072583,0.38634865083599096,0.0,0.0,0.0,0.2,0.0,0.3484022250755871,0.05,0.08,0.0,0.5,0.25
