t,mean_x,mean_y,mean_x_all,mean_y_all,mean_L,y0,mean_epc,mean_r,mean_b,fund_prevalence,mean_epc_all,mean_r_all,mean_b_all,fund_prevalence_all,punish_rate,mean_punished,exit_rate,mean_exit_intent,exit_attempt_rate,exit_success_rate,p_opp_mean,stay_value,mean_degree_active,threat,A,budget,enforcer_frac,n_cadre_fallback,cap_mean,cap_p90,service_mean,service_p90,monopoly_on,enforcer_punish_share_step,alpha_punish_revalue,delta_outside_degrade,mu_membership_reward,current_delta,eta_delta_drift,punish_floor,punish_intensity_step,pi_reward,lam_punish
0,0.3547019051595523,0.49814216650555837,0.3547019051595523,0.49814216650555837,0.2534419849265073,0.5,0.0,0.331470124470598,0.35101405542841985,0.002857142857142857,0.0,0.331470124470598,0.35101405542841985,0.002857142857142857,0.0,0.0,0.0,0.0,0.0,0.0,0.5,0.0,11.794285714285714,0.0,0.0,0.0,0.0,0,0.0,0.0,0.0,0.0,0.0,0.0,0.0,0.1,0.0,0.1,0.0,0.08,0.0,0.5,0.25
1,0.3631373889822406,0.49733770255477233,0.3631373889822406,0.49733770255477233,0.2534419849265073,0.49266282617497054,0.6714285714285714,0.33249869589916936,0.3517854839998484,0.002857142857142857,0.6714285714285714,0.33249869589916936,0.3517854839998484,0.002857142857142857,0.02857142857142857,0.02857142857142857,0.0,0.02857142857142857,0.0,0.0,0.031065317002934332,0.13196634914903713,11.794285714285714,0.0,0.0,0.15,0.08,28,0.004285714285714286,0.0,0.02857142857142857,0.0,0.0,0.8,0.0,0.1,0.0,0.1,0.0,0.08,0.02857142857142857,0.5,0.25
2,0.37092404806820056,0.4965869028021986,0.37092404806820056,0.4965869028021986,0.2534419849265073,0.48513158133098183,0.9057142857142857,0.3334129816134552,0.3524711982855626,0.005714285714285714,0.9057142857142857,0.3334129816134552,0.3524711982855626,0.005714285714285714,0.022857142857142857,0.022857142857142857,0.0,0.02857142857142857,0.0,0.0,0.031065317002934332,0.13196634914903713,11.794285714285714,0.0,0.0,0.15,0.08,25,0.007692857142857143,0.0,0.05085714285714286,0.0,0.0,0.875,0.0,0.1,0.0,0.1,0.0,0.08,0.022857142857142857,0.5,0.25
3,0.3794678406608636,0.49582435414058135,0.3794678406608636,0.49582435414058135,0.2534419849265073,0.47944353592930156,0.9142857142857143,0.3338273146853292,0.35281405542841976,0.005714285714285714,0.9142857142857143,0.3338273146853292,0.35281405542841976,0.005714285714285714,0.011428571428571429,0.011428571428571429,0.0,0.02857142857142857,0.0,0.0,0.031065317002934332,0.13196634914903713,11.794285714285714,0.0,0.0,0.15,0.08,24,0.009368678571428573,0.0,0.06126857142857143,0.0,0.0,1.0,0.0,0.1,0.0,0.1,0.0,0.08,0.011428571428571429,0.5,0.25
4,0.3870869030337916,0.4946007411673777,0.3870869030337916,0.4946007411673777,0.2534419849265073,0.4740126765765174,0.9028571428571428,0.33491302897104347,0.3538854839998483,0.005714285714285714,0.9028571428571428,0.33491302897104347,0.3538854839998483,0.005714285714285714,0.03428571428571429,0.04,0.0,0.025714285714285714,0.0,0.0,0.031065317002934332,0.13196634914903713,11.794285714285714,0.0,0.0,0.15,0.08,23,0.015321835178571427,0.0,0.10004319999999998,0.0,0.0,1.0,0.0,0.1,0.0,0.1,0.0,0.08,0.03428571428571429,0.5,0.25
5,0.3983016753444096,0.4935960375393211,0.3983016753444096,0.4935960375393211,0.2534419849265073,0.46931365562375965,0.9114285714285715,0.3355416003996149,0.35435691257127694,0.005714285714285714,0.9114285714285715,0.3355416003996149,0.35435691257127694,0.005714285714285714,0.017142857142857144,0.017142857142857144,0.0,0.022857142857142857,0.0,0.0,0.031065317002934332,0.13196634914903713,11.794285714285714,0.0,0.0,0.15,0.08,20,0.01781665457410714,0.0,0.11518519314285712,0.0,0.0,1.0,0.0,0.1,0.0,0.1,0.0,0.08,0.017142857142857144,0.5,0.25
6,0.4071319190225623,0.49385510716167297,0.4071319190225623,0.49385510716167297,0.2534419849265073,0.46532050134649766,0.9,0.3365130289710435,0.35522163791223,0.008571428571428572,0.9,0.3365130289710435,0.35522163791223,0.008571428571428572,0.02857142857142857,0.03428571428571429,0.0,0.02857142857142857,0.0,0.0,0.031065317002934332,0.13196634914903713,11.794285714285714,0.0,0.0,0.15,0.08,18,0.022870428444093746,0.0,0.14716720356571428,0.0,0.0,1.0,0.0,0.1,0.0,0.1,0.0,0.08,0.02857142857142857,0.5,0.25
7,0.4165988640236433,0.4934166903631501,0.4165988640236433,0.4934166903631501,0.2534419849265073,0.4626243493975704,0.9257142857142857,0.3371987432567578,0.35573592362651574,0.008571428571428572,0.9257142857142857,0.3371987432567578,0.35573592362651574,0.008571428571428572,0.022857142857142857,0.022857142857142857,0.0,0.02,0.0,0.0,0.031065317002934332,0.13196634914903713,11.794285714285714,0.0,0.0,0.15,0.08,16,0.025988176522784876,0.0,0.16708100235154286,0.0,0.0,1.0,0.0,0.1,0.0,0.1,0.0,0.08,0.022857142857142857,0.5,0.25
8,0.4261404143905355,0.4925204817786321,0.4261404143905355,0.4925204817786321,0.2534419849265073,0.4597245436505414,0.8714285714285714,0.33874160039961493,0.3568930664836586,0.008571428571428572,0.8714285714285714,0.33874160039961493,0.3568930664836586,0.008571428571428572,0.045714285714285714,0.04857142857142857,0.0,0.011428571428571429,0.0,0.0,0.031065317002934332,0.13196634914903713,11.794285714285714,0.0,0.0,0.15,0.08,16,0.03231537849731381,0.0,0.21231081087594053,0.0,0.0,0.9411764705882353,0.0,0.1,0.0,0.1,0.0,0.08,0.045714285714285714,0.5,0.25
9,0.434149684715035,0.4919459599862975,0.434149684715035,0.4919459599862975,0.2534419849265073,0.45709111931791574,0.9085714285714286,0.33982731468532923,0.35770735219794425,0.011428571428571429,0.9085714285714286,0.33982731468532923,0.35770735219794425,0.011428571428571429,0.03428571428571429,0.03428571428571429,0.0,0.017142857142857144,0.0,0.0,0.031065317002934332,0.13196634914903713,11.794285714285714,0.0,0.0,0.15,0.08,14,0.036468087319112955,0.0,0.242350308944136,0.0,0.0,1.0,0.0,0.1,0.0,0.1,0.0,0.08,0.03428571428571429,0.5,0.25
10,0.44272879180666774,0.4912746329841296,0.44272879180666774,0.4912746329841296,0.2534419849265073,0.4559489858577323,0.9171428571428571,0.3407987432567578,0.3584359236265157,0.011428571428571429,0.9171428571428571,0.3407987432567578,0.3584359236265157,0.011428571428571429,0.025714285714285714,0.025714285714285714,0.0,0.02,0.0,0.0,0.031065317002934332,0.13196634914903713,11.794285714285714,0.0,0.0,0.15,0.08,13,0.040142889739660244,0.0,0.263217588479539,0.0,0.0,1.0,0.0,0.1,0.0,0.1,0.0,0.08,0.025714285714285714,0.5,0.25
11,0.450732301551927,0.4913984188218847,0.450732301551927,0.4913984188218847,0.2534419849265073,0.454878013584516,0.8942857142857142,0.34154160039961495,0.35899306648365853,0.014285714285714285,0.8942857142857142,0.34154160039961495,0.35899306648365853,0.014285714285714285,0.025714285714285714,0.025714285714285714,0.0,0.02,0.0,0.0,0.031065317002934332,0.13196634914903713,11.794285714285714,0.0,0.0,0.15,0.08,12,0.04299917529096194,0.0,0.283667522424234,0.0,0.0,1.0,0.0,0.1,0.0,0.1,0.0,0.08,0.025714285714285714,0.5,0.25
12,0.45856313580288777,0.4908938328033441,0.45856313580288777,0.4908938328033441,0.2534419849265073,0.45302989952500455,0.8742857142857143,0.3423416003996149,0.3595607920532316,0.017142857142857144,0.8742857142857143,0.3423416003996149,0.3595607920532316,0.017142857142857144,0.022857142857142857,0.022857142857142857,0.0,0.011428571428571429,0.0,0.0,0.031065317002934332,0.13196634914903713,11.794285714285714,0.0,0.0,0.15,0.08,11,0.04581275084307856,0.0,0.30085131483289207,0.0,0.0,0.875,0.0,0.1,0.0,0.1,0.0,0.08,0.022857142857142857,0.5,0.25
13,0.4673769544880934,0.4906775920267826,0.4673769544880934,0.4906775920267826,0.2534419849265073,0.45185363710322973,0.9142857142857143,0.34314160039961494,0.3601607920532316,0.022857142857142857,0.9142857142857143,0.34314160039961494,0.3601607920532316,0.022857142857142857,0.025714285714285714,0.02857142857142857,0.0,0.02,0.0,0.0,0.031065317002934332,0.13196634914903713,11.794285714285714,0.0,0.0,0.15,0.08,10,0.048612258517434594,0.0,0.32340571710766286,0.0,0.0,0.8,0.0,0.1,0.0,0.1,0.0,0.08,0.025714285714285714,0.5,0.25
14,0.4778306477957159,0.48959548409086906,0.4778306477957159,0.48959548409086906,0.2534419849265073,0.45146957973396706,0.94,0.34377739913254046,0.36067507776751734,0.022857142857142857,0.94,0.34377739913254046,0.36067507776751734,0.022857142857142857,0.022857142857142857,0.022857142857142857,0.0,0.014285714285714285,0.0,0.0,0.031065317002934332,0.13196634914903713,11.794285714285714,0.0,0.0,0.15,0.08,9,0.05179776865341885,0.0,0.3397947456226525,0.0,0.0,0.875,0.0,0.1,0.0,0.1,0.0,0.08,0.022857142857142857,0.5,0.25
15,0.4860315132789013,0.4881991615392251,0.4860315132789013,0.4881991615392251,0.2534419849265073,0.4508920439877443,0.9028571428571428,0.3444631134182547,0.361189363481803,0.022857142857142857,0.9028571428571428,0.3444631134182547,0.361189363481803,0.022857142857142857,0.03142857142857143,0.03142857142857143,0.0,0.017142857142857144,0.0,0.0,0.031065317002934332,0.13196634914903713,11.794285714285714,0.0,0.0,0.15,0.08,9,0.05492140887460116,0.0,0.36442742213877083,0.0,0.0,1.0,0.0,0.1,0.0,0.1,0.0,0.08,0.03142857142857143,0.5,0.25
16,0.4944962062552671,0.4876662358432031,0.4944962062552671,0.4876662358432031,0.2534419849265073,0.45024489797567213,0.9114285714285715,0.3456631134182547,0.362089363481803,0.02857142857142857,0.9114285714285715,0.3456631134182547,0.362089363481803,0.02857142857142857,0.03428571428571429,0.03428571428571429,0.0,0.02857142857142857,0.0,0.0,0.031065317002934332,0.13196634914903713,11.794285714285714,0.0,0.0,0.15,0.08,9,0.059389658973085284,0.0,0.39142458798170965,0.0,0.0,0.9166666666666666,0.0,0.1,0.0,0.1,0.0,0.08,0.03428571428571429,0.5,0.25
17,0.50290257546746,0.4856893292490784,0.50290257546746,0.4856893292490784,0.2534419849265073,0.4492224904544977,0.92,0.3463329919000983,0.36264650633894585,0.03142857142857143,0.92,0.3463329919000983,0.36264650633894585,0.03142857142857143,0.02857142857142857,0.02857142857142857,0.0,0.017142857142857144,0.0,0.0,0.031065317002934332,0.13196634914903713,11.794285714285714,0.0,0.0,0.15,0.08,8,0.06217828210679129,0.0,0.41216752479350405,0.0,0.0,1.0,0.0,0.1,0.0,0.1,0.0,0.08,0.02857142857142857,0.5,0.25
18,0.5121891921834761,0.48481250162225964,0.5121891921834761,0.48481250162225964,0.2534419849265073,0.4493807517344913,0.9057142857142857,0.3475275098165713,0.36376079205323153,0.03428571428571429,0.9057142857142857,0.3475275098165713,0.36376079205323153,0.03428571428571429,0.04285714285714286,0.04285714285714286,0.0,0.037142857142857144,0.0,0.0,0.031065317002934332,0.13196634914903713,11.794285714285714,0.0,0.0,0.15,0.08,8,0.06789596212482876,0.0,0.44678131715477676,0.0,0.0,0.9333333333333333,0.0,0.1,0.0,0.1,0.0,0.08,0.04285714285714286,0.5,0.25
19,0.5211745543348795,0.48458506770854237,0.5211745543348795,0.48458506770854237,0.2534419849265073,0.44992709164765715,0.9085714285714286,0.3490794046877265,0.36496079205323156,0.037142857142857144,0.9085714285714286,0.3490794046877265,0.36496079205323156,0.037142857142857144,0.05142857142857143,0.05142857142857143,0.0,0.04285714285714286,0.0,0.0,0.031065317002934332,0.13196634914903713,11.794285714285714,0.0,0.0,0.15,0.08,8,0.07364205374277605,0.0,0.4892742622402527,0.0,0.0,1.0,0.0,0.1,0.0,0.1,0.0,0.08,0.05142857142857143,0.5,0.25
20,0.530984684160668,0.4843054066685743,0.530984684160668,0.4843054066685743,0.2534419849265073,0.45103570499612317,0.9171428571428571,0.34965083325915514,0.36564650633894585,0.037142857142857144,0.9171428571428571,0.34965083325915514,0.36564650633894585,0.037142857142857144,0.02857142857142857,0.02857142857142857,0.0,0.04857142857142857,0.0,0.0,0.031065317002934332,0.13196634914903713,11.794285714285714,0.0,0.0,0.15,0.08,7,0.07671560685136385,0.0,0.5080602055668761,0.0,0.0,1.0,0.0,0.1,0.0,0.1,0.0,0.08,0.02857142857142857,0.5,0.25
21,0.5388155260402808,0.483455627246364,0.5388155260402808,0.483455627246364,0.2534419849265073,0.4519470987881381,0.9285714285714286,0.3506794046877265,0.3664982596518214,0.037142857142857144,0.9285714285714286,0.3506794046877265,0.3664982596518214,0.037142857142857144,0.037142857142857144,0.04285714285714286,0.0,0.045714285714285714,0.0,0.0,0.031065317002934332,0.13196634914903713,11.794285714285714,0.0,0.0,0.15,0.08,6,0.08023656147146241,0.0,0.5407561443126816,0.0,0.0,0.9333333333333333,0.0,0.1,0.0,0.1,0.0,0.08,0.037142857142857144,0.5,0.25
22,0.5478818192157493,0.48429888988552955,0.5478818192157493,0.48429888988552955,0.2534419849265073,0.453078711469698,0.9085714285714286,0.3515936904020122,0.3674839739375357,0.04,0.9085714285714286,0.3515936904020122,0.3674839739375357,0.04,0.037142857142857144,0.04,0.0,0.04,0.0,0.0,0.031065317002934332,0.13196634914903713,11.794285714285714,0.0,0.0,0.15,0.08,5,0.08369247009389458,0.0,0.5699410214264279,0.0,0.0,1.0,0.0,0.1,0.0,0.1,0.0,0.08,0.037142857142857144,0.5,0.25
23,0.5581377389866954,0.483495427009016,0.5581377389866954,0.483495427009016,0.2534419849265073,0.45346093848927044,0.8942857142857142,0.35250797611629797,0.3687535826712888,0.04285714285714286,0.8942857142857142,0.35250797611629797,0.3687535826712888,0.04285714285714286,0.045714285714285714,0.045714285714285714,0.0,0.04857142857142857,0.0,0.0,0.031065317002934332,0.13196634914903713,11.794285714285714,0.0,0.0,0.15,0.08,4,0.08810243631485366,0.0,0.604256486712185,0.0,0.0,1.0,0.0,0.1,0.0,0.1,0.0,0.08,0.045714285714285714,0.5,0.25
24,0.5677844754933843,0.4823227173783131,0.5677844754933843,0.4823227173783131,0.2534419849265073,0.45371831616848135,0.9457142857142857,0.35347940468772654,0.3696535826712889,0.04285714285714286,0.9457142857142857,0.35347940468772654,0.3696535826712889,0.04285714285714286,0.045714285714285714,0.045714285714285714,0.0,0.04,0.0,0.0,0.031065317002934332,0.13196634914903713,11.794285714285714,0.0,0.0,0.15,0.08,4,0.09286192413327939,0.0,0.6378856426922271,0.0,0.0,0.875,0.0,0.1,0.0,0.1,0.0,0.08,0.045714285714285714,0.5,0.25
25,0.5764034122443373,0.48103920295224767,0.5764034122443373,0.48103920295224767,0.2534419849265073,0.45398337333166006,0.9228571428571428,0.3550412158290009,0.3711964398141461,0.04857142857142857,0.9228571428571428,0.3550412158290009,0.3711964398141461,0.04857142857142857,0.06857142857142857,0.06857142857142857,0.0,0.05142857142857143,0.0,0.0,0.031065317002934332,0.13196634914903713,11.794285714285714,0.0,0.0,0.15,0.08,4,0.09895327900420564,0.0,0.6936993584098111,0.0,0.0,0.9583333333333334,0.0,0.1,0.0,0.1,0.0,0.08,0.06857142857142857,0.5,0.25
26,0.5845276334950142,0.4803296451246958,0.5845276334950142,0.4803296451246958,0.2534419849265073,0.4540360927987702,0.9057142857142857,0.35643236933008665,0.37239643981414605,0.04857142857142857,0.9057142857142857,0.35643236933008665,0.37239643981414605,0.04857142857142857,0.054285714285714284,0.06,0.0,0.06285714285714286,0.002857142857142857,0.0,0.031065317002934332,0.13196634914903713,11.794285714285714,0.0,0.0,0.15,0.08,4,0.10340037260561318,0.0,0.7398253712416148,0.0,0.0,1.0,0.0,0.1,0.0,0.1,0.0,0.08,0.054285714285714284,0.5,0.25
27,0.592493138505022,0.479267233813769,0.592493138505022,0.479267233813769,0.2534419849265073,0.4539718666625364,0.9057142857142857,0.35765085442173083,0.37406786838557465,0.04857142857142857,0.9057142857142857,0.35765085442173083,0.37406786838557465,0.04857142857142857,0.07142857142857142,0.07142857142857142,0.0,0.08,0.002857142857142857,0.0,0.031065317002934332,0.13196634914903713,11.794285714285714,0.0,0.0,0.15,0.08,3,0.10812911830444177,0.0,0.7964574352453541,0.0,0.0,0.96,0.0,0.1,0.0,0.1,0.0,0.08,0.07142857142857142,0.5,0.25
28,0.6010639878059649,0.478857148194415,0.6010639878059649,0.478857148194415,0.2534419849265073,0.4538869219321861,0.8914285714285715,0.35810799727887366,0.37490752158904195,0.05142857142857143,0.8914285714285715,0.35810799727887366,0.37490752158904195,0.05142857142857143,0.04285714285714286,0.04285714285714286,0.0,0.05714285714285714,0.002857142857142857,0.0,0.031065317002934332,0.13196634914903713,11.794285714285714,0.0,0.0,0.15,0.08,2,0.11035947342720524,0.013569157204122344,0.8233854293975897,0.0667607971755246,0.0,0.9333333333333333,0.0,0.1,0.0,0.1,0.0,0.08,0.04285714285714286,0.5,0.25
29,0.6110638820799162,0.47917792663163383,0.6110638820799162,0.47917792663163383,0.2534419849265073,0.45397878670433356,0.8885714285714286,0.35904790534213044,0.3762300814442529,0.05142857142857143,0.8885714285714286,0.35904790534213044,0.3762300814442529,0.05142857142857143,0.06857142857142857,0.07142857142857142,0.0,0.06571428571428571,0.002857142857142857,0.0,0.031065317002934332,0.13196634914903713,11.794285714285714,0.0,0.0,0.15,0.08,2,0.11375320097517731,0.13843966859613538,0.8783462922382095,0.7237977205924956,0.0,0.92,0.0,0.1,0.0,0.1,0.0,0.08,0.06857142857142857,0.5,0.25
30,0.6224818274015499,0.47866214241579563,0.6224818274015499,0.47866214241579563,0.2534419849265073,0.4540829465048677,0.9057142857142857,0.3593907624849876,0.3773263681702803,0.05142857142857143,0.9057142857142857,0.3593907624849876,0.3773263681702803,0.05142857142857143,0.06857142857142857,0.07142857142857142,0.0,0.08857142857142856,0.002857142857142857,0.0,0.031065317002934332,0.13196634914903713,11.794285714285714,0.0,0.0,0.15,0.08,2,0.11616145849295607,0.1377474702531547,0.9322079378220165,0.7093217661806457,0.0,1.0,0.0,0.1,0.0,0.1,0.0,0.08,0.06857142857142857,0.5,0.25
31,0.6339395645488961,0.4778519993439506,0.6339395645488961,0.4778519993439506,0.2534419849265073,0.4540829720544272,0.9228571428571428,0.35990455177694763,0.3781734120934592,0.054285714285714284,0.9228571428571428,0.35990455177694763,0.3781734120934592,0.054285714285714284,0.05714285714285714,0.06,0.0,0.08,0.0,0.0,0.031065317002934332,0.13196634914903713,11.794285714285714,0.0,0.0,0.15,0.08,2,0.11707017200773798,0.137266394143975,0.9735637790655762,0.6994787080358708,0.0,0.9523809523809523,0.0,0.1,0.0,0.1,0.0,0.08,0.05714285714285714,0.5,0.25
32,0.6431822637713271,0.47793682551148214,0.6431822637713271,0.47793682551148214,0.2534419849265073,0.454362143821917,0.9,0.36042021208561625,0.3786448406648878,0.054285714285714284,0.9,0.36042021208561625,0.3786448406648878,0.054285714285714284,0.04285714285714286,0.045714285714285714,0.0,0.08,0.0,0.0,0.031065317002934332,0.13196634914903713,11.794285714285714,0.0,0.0,0.15,0.08,2,0.11882767829055642,0.13658006217325513,0.9998067891985505,0.6854891338751534,0.0,1.0,0.0,0.1,0.0,0.1,0.0,0.08,0.04285714285714286,0.5,0.25
33,0.6509138824161458,0.47634831437448677,0.6509138824161458,0.47634831437448677,0.2534419849265073,0.45475170187433134,0.8942857142857142,0.3608660440418554,0.37958521676103457,0.05714285714285714,0.8942857142857142,0.3608660440418554,0.37958521676103457,0.05714285714285714,0.05142857142857143,0.054285714285714284,0.0,0.10285714285714286,0.0,0.0,0.031065317002934332,0.13196634914903713,11.794285714285714,0.0,0.0,0.15,0.08,1,0.1216350768914874,0.13589716186238884,1.0340963677002937,0.6717793511976503,0.0,1.0,0.0,0.1,0.0,0.1,0.0,0.08,0.05142857142857143,0.5,0.25
34,0.660236963630396,0.47616871209234735,0.660236963630396,0.47616871209234735,0.2534419849265073,0.45516971320297583,0.8771428571428571,0.361437472613284,0.3805730134679951,0.05714285714285714,0.8771428571428571,0.361437472613284,0.3805730134679951,0.05714285714285714,0.06285714285714286,0.06285714285714286,0.0,0.12285714285714286,0.0,0.0,0.031065317002934332,0.13196634914903713,11.794285714285714,0.0,0.0,0.15,0.08,1,0.12419647650345854,0.13769120328706358,1.0762715832034309,0.7089965739843476,0.0,0.9545454545454546,0.0,0.1,0.0,0.1,0.0,0.08,0.06285714285714286,0.5,0.25
35,0.6669244844779972,0.47679659742310126,0.6669244844779972,0.47679659742310126,0.2534419849265073,0.45560250973783767,0.9028571428571428,0.36194302436717835,0.38108729918228074,0.05714285714285714,0.9028571428571428,0.36194302436717835,0.38108729918228074,0.05714285714285714,0.05714285714285714,0.05714285714285714,0.0,0.16857142857142857,0.0,0.0,0.031065317002934332,0.13196634914903713,11.794285714285714,0.0,0.0,0.15,0.08,1,0.1260320662637984,0.14417637058482624,1.1118890086822193,0.8524992736482793,0.0,0.9,0.0,0.1,0.0,0.1,0.0,0.08,0.05714285714285714,0.5,0.25
36,0.6762455550800703,0.4768119270836982,0.6762455550800703,0.4768119270836982,0.2534419849265073,0.45606580310987654,0.8742857142857143,0.36217159579574976,0.3816150244342827,0.05714285714285714,0.8742857142857143,0.36217159579574976,0.3816150244342827,0.05714285714285714,0.05142857142857143,0.06285714285714286,0.0,0.19142857142857142,0.002857142857142857,0.0,0.031065317002934332,0.13196634914903713,11.794285714285714,0.0,0.0,0.15,0.08,1,0.12797247807533654,0.14345548873190211,1.1525083713657176,0.8354492881753136,0.0,1.0,0.0,0.1,0.0,0.1,0.0,0.08,0.05142857142857143,0.5,0.25
37,0.6854383968136452,0.4762750532088658,0.6854383968136452,0.4762750532088658,0.2534419849265073,0.45647185154647835,0.9142857142857143,0.36253068520820525,0.3823435958628541,0.06,0.9142857142857143,0.36253068520820525,0.3823435958628541,0.06,0.06857142857142857,0.07428571428571429,0.0,0.21428571428571427,0.002857142857142857,0.0,0.031065317002934332,0.13196634914903713,11.794285714285714,0.0,0.0,0.15,0.08,1,0.1296450485385313,0.14345548873190211,1.2037439182241174,0.8354492881753136,0.0,0.9615384615384616,0.0,0.1,0.0,0.1,0.0,0.08,0.06857142857142857,0.5,0.25
38,0.6951597024871583,0.475503254334596,0.6951597024871583,0.475503254334596,0.2534419849265073,0.4571063996391619,0.9085714285714286,0.36264497092249104,0.38272931014856837,0.06,0.9085714285714286,0.36264497092249104,0.38272931014856837,0.06,0.05714285714285714,0.06,0.0,0.20857142857142857,0.002857142857142857,0.0,0.031065317002934332,0.13196634914903713,11.794285714285714,0.0,0.0,0.15,0.08,1,0.13025339543869577,0.14338343675363394,1.239669039859635,0.8337477621301497,0.0,0.9523809523809523,0.0,0.1,0.0,0.1,0.0,0.08,0.05714285714285714,0.5,0.25
39,0.7047692251151259,0.47553618000926956,0.7047692251151259,0.47553618000926956,0.2534419849265073,0.4578235557460413,0.9085714285714286,0.3627592566367767,0.38328524184650264,0.06,0.9085714285714286,0.3627592566367767,0.38328524184650264,0.06,0.07428571428571429,0.08,0.0,0.22857142857142856,0.0,0.0,0.031065317002934332,0.13196634914903713,11.794285714285714,0.0,0.0,0.15,0.08,1,0.13134455703293088,0.14266651956986576,1.2948756590624424,0.8170728068875467,0.0,0.9642857142857143,0.0,0.1,0.0,0.1,0.0,0.08,0.07428571428571429,0.5,0.25
40,0.7146522360178594,0.47594144029359914,0.7146522360178594,0.47594144029359914,0.2534419849265073,0.45847876783818287,0.88,0.36287354235106245,0.3837995275607884,0.06,0.88,0.36287354235106245,0.3837995275607884,0.06,0.07142857142857142,0.08,0.0,0.2571428571428571,0.0,0.0,0.031065317002934332,0.13196634914903713,11.794285714285714,0.0,0.0,0.15,0.08,1,0.1323708259805871,0.14195318697201642,1.3489781458811936,0.8007313507497957,0.0,1.0,0.0,0.1,0.0,0.1,0.0,0.08,0.07142857142857142,0.5,0.25
41,0.723666826150466,0.4749856215666486,0.723666826150466,0.4749856215666486,0.2534419849265073,0.4590708183305411,0.8371428571428572,0.3632163994939196,0.38418524184650266,0.06,0.8371428571428572,0.3632163994939196,0.38418524184650266,0.06,0.05142857142857143,0.06,0.0,0.27714285714285714,0.002857142857142857,0.0,0.031065317002934332,0.13196634914903713,11.794285714285714,0.0,0.0,0.15,0.08,1,0.13350585386891567,0.14124342103715634,1.3819985829635697,0.7847167237347998,0.0,1.0,0.0,0.1,0.0,0.1,0.0,0.08,0.05142857142857143,0.5,0.25
42,0.7333139834450617,0.4753803935228898,0.7333139834450617,0.4753803935228898,0.2534419849265073,0.45968597513892706,0.8485714285714285,0.3639021137796339,0.38512809898935985,0.06571428571428571,0.8485714285714285,0.3639021137796339,0.38512809898935985,0.06571428571428571,0.07142857142857142,0.08285714285714285,0.0,0.30857142857142855,0.008571428571428572,0.0,0.031065317002934332,0.13196634914903713,11.794285714285714,0.0,0.0,0.15,0.08,1,0.13572401513557997,0.14053720393197056,1.4372157541614412,0.7690223892601038,0.0,1.0,0.0,0.1,0.0,0.1,0.0,0.08,0.07142857142857142,0.5,0.25
43,0.7404617321234238,0.4751439510626246,0.7404617321234238,0.4751439510626246,0.2534419849265073,0.4604701384184854,0.9057142857142857,0.3643592566367767,0.38594238470364556,0.06571428571428571,0.9057142857142857,0.3643592566367767,0.38594238470364556,0.06571428571428571,0.09714285714285714,0.10285714285714286,0.0,0.3342857142857143,0.008571428571428572,0.0,0.031065317002934332,0.13196634914903713,11.794285714285714,0.0,0.0,0.15,0.08,1,0.13707112429215199,0.1398345179123107,1.511328581935355,0.7536419414749017,0.0,1.0,0.0,0.1,0.0,0.1,0.0,0.08,0.09714285714285714,0.5,0.25
44,0.7487798548632395,0.4759175307384819,0.7487798548632395,0.4759175307384819,0.2534419849265073,0.46114925894641656,0.88,0.36507505704250115,0.38667095613221697,0.06857142857142857,0.88,0.36507505704250115,0.38667095613221697,0.06857142857142857,0.07428571428571429,0.09428571428571429,0.0,0.3742857142857143,0.008571428571428572,0.0,0.031065317002934332,0.13196634914903713,11.794285714285714,0.0,0.0,0.15,0.08,1,0.13944276867069122,0.13913534532274913,1.5753877245823624,0.7385691026454037,0.0,1.0,0.0,0.1,0.0,0.1,0.0,0.08,0.07428571428571429,0.5,0.25
45,0.7583768300063821,0.47595584038957695,0.7583768300063821,0.47595584038957695,0.2534419849265073,0.4619939683280834,0.8742857142857143,0.3656611121129099,0.3873985463741746,0.06857142857142857,0.8742857142857143,0.3656611121129099,0.3873985463741746,0.06857142857142857,0.08857142857142856,0.10285714285714286,0.0,0.3914285714285714,0.008571428571428572,0.0,0.031065317002934332,0.13196634914903713,11.794285714285714,0.0,0.0,0.15,0.08,1,0.1421741262559092,0.13843966859613538,1.6467371129478579,0.7237977205924956,0.0,1.0,0.0,0.1,0.0,0.1,0.0,0.08,0.08857142857142856,0.5,0.25
46,0.7641253848746292,0.4757278468760048,0.7641253848746292,0.4757278468760048,0.2534419849265073,0.46285770709290264,0.8857142857142857,0.3657753978271957,0.38803087321050544,0.07142857142857142,0.8857142857142857,0.3657753978271957,0.38803087321050544,0.07142857142857142,0.08,0.08857142857142856,0.0,0.4228571428571429,0.011428571428571429,0.0,0.031065317002934332,0.13196634914903713,11.794285714285714,0.0,0.0,0.15,0.08,1,0.14332613256053192,0.1377474702531547,1.702373799260329,0.7093217661806457,0.0,1.0,0.0,0.1,0.0,0.1,0.0,0.08,0.08,0.5,0.25
47,0.7708313459040732,0.47551969234710245,0.7708313459040732,0.47551969234710245,0.2534419849265073,0.4635997604429543,0.8657142857142858,0.3658325406843385,0.38833087321050536,0.07142857142857142,0.8657142857142858,0.3658325406843385,0.38833087321050536,0.07142857142857142,0.06,0.06857142857142857,0.0,0.45714285714285713,0.011428571428571429,0.0,0.031065317002934332,0.13196634914903713,11.794285714285714,0.0,0.0,0.15,0.08,1,0.14346621618344355,0.13705873290188894,1.7368977518465512,0.6951353308570327,0.0,1.0,0.0,0.1,0.0,0.1,0.0,0.08,0.06,0.5,0.25
48,0.7782995392932093,0.4746960668339894,0.7776968253771348,0.4745559369829662,0.2534419849265073,0.4642272631086707,0.8653295128939829,0.3667173550874262,0.38838373559992684,0.07163323782234957,0.8628571428571429,0.3658325406843385,0.3886737303533625,0.07142857142857142,0.07163323782234957,0.08571428571428572,0.002857142857142857,0.5028571428571429,0.008595988538681949,0.002857142857142857,0.031072834121703915,0.1319663491490371,11.770773638968482,0.0,0.0,0.15,0.08022922636103152,1,0.14346174367395492,0.1363734392373795,1.7878740825239057,0.6812326242398921,0.0,1.0,0.0,0.1,0.0,0.1,0.0,0.08,0.07142857142857142,0.5,0.25
49,0.7871336933717108,0.4745924738771831,0.786505739015412,0.4744373934206882,0.2534419849265073,0.46480870927937695,0.8997134670487106,0.3670611946289735,0.3890867374963422,0.07163323782234957,0.8971428571428571,0.36617539782719566,0.38937472367293097,0.07142857142857142,0.08882521489971347,0.11142857142857143,0.002857142857142857,0.5514285714285714,0.02005730659025788,0.0,0.031087060069781576,0.1319663491490371,11.770773638968482,0.0,0.0,0.15,0.08022922636103152,1,0.14464176803073395,0.1356915720411926,1.863545172301999,0.6676079717550942,0.0,1.0,0.0,0.1,0.0,0.1,0.0,0.08,0.08882521489971347,0.5,0.25
50,0.7910607933938404,0.47469631557668573,0.7904216187517643,0.4745234264143251,0.2534419849265073,0.46533787004022475,0.8767908309455588,0.3671758078094892,0.3893446171525027,0.07163323782234957,0.8742857142857143,0.36628968354148134,0.38963186653007387,0.07142857142857142,0.06876790830945559,0.08,0.002857142857142857,0.5714285714285714,0.022922636103151862,0.0,0.031087060069781576,0.1319663491490371,11.770773638968482,0.0,0.0,0.15,0.08022922636103152,1,0.14480413061915173,0.13514914668662595,1.9062742688559593,0.6569534935119828,0.0,0.9642857142857143,0.0,0.1,0.0,0.1,0.0,0.08,0.06876790830945559,0.5,0.25
51,0.7977057411449235,0.47414562979917907,0.7970475809378443,0.4740248748702708,0.2534419849265073,0.4658005477736102,0.8853868194842407,0.3674050341705208,0.38986037646482363,0.07163323782234957,0.8828571428571429,0.3665182549700528,0.3901461522443596,0.07142857142857142,0.05730659025787966,0.05714285714285714,0.002857142857142857,0.62,0.02865329512893983,0.0,0.031087060069781576,0.1319663491490371,11.770773638968482,0.0,0.0,0.15,0.08022922636103152,1,0.1449368242517703,0.13447340095319282,1.925291640621697,0.6438144236417432,0.0,1.0,0.0,0.1,0.0,0.1,0.0,0.08,0.05730659025787966,0.5,0.25
52,0.8051386703073276,0.47353910779104447,0.8044592731597844,0.4734128211180486,0.2534419849265073,0.4661639103264832,0.8481375358166189,0.3677109566168767,0.3904191157198379,0.07163323782234957,0.8457142857142858,0.36682330335227625,0.3907032951015024,0.07142857142857142,0.06876790830945559,0.07428571428571429,0.002857142857142857,0.6514285714285715,0.025787965616045846,0.0,0.031087060069781576,0.1319663491490371,11.770773638968482,0.0,0.0,0.15,0.08022922636103152,1,0.14572499870194,0.1352176760530769,1.9610715220949773,0.6583437641736972,0.0,0.9615384615384616,0.0,0.1,0.0,0.1,0.0,0.08,0.06876790830945559,0.5,0.25
53,0.8124862766336103,0.47395584246423283,0.8119947655234104,0.4739081163858808,0.2534419849265073,0.4664033016275778,0.8448275862068966,0.3683152607944402,0.39074962341263686,0.07183908045977011,0.84,0.36688044620941906,0.3910370697268503,0.07142857142857142,0.08045977011494253,0.09142857142857143,0.005714285714285714,0.7142857142857143,0.028735632183908046,0.002857142857142857,0.031096134395878543,0.1319663491490371,11.75287356321839,0.0,0.0,0.15,0.08045977011494253,1,0.1462228065620017,0.13454158767281152,2.013278663081649,0.6451768888902233,0.0,1.0,0.0,0.1,0.0,0.1,0.0,0.08,0.08022922636103152,0.5,0.25
54,0.8180413637167195,0.4738298941798487,0.8175181092517589,0.47378670572447773,0.2534419849265073,0.4668885447351918,0.8448275862068966,0.3683152607944402,0.3911375544471196,0.07183908045977011,0.84,0.36688044620941906,0.3914227840125646,0.07142857142857142,0.07758620689655173,0.08857142857142856,0.005714285714285714,0.7428571428571429,0.028735632183908046,0.0,0.031100816240210136,0.1319663491490371,11.75287356321839,0.0,0.0,0.15,0.08045977011494253,1,0.14708843169028038,0.13386887973444744,2.0615845183914447,0.6322733511124188,0.0,1.0,0.0,0.1,0.0,0.1,0.0,0.08,0.07758620689655173,0.5,0.25
55,0.8247576595928794,0.4733674209548369,0.8241960262943409,0.47337928660949663,0.2534419849265073,0.46736015031767236,0.8419540229885057,0.3686600883806471,0.3920427268609128,0.07183908045977011,0.8371428571428572,0.3672233033522762,0.3923227840125646,0.07142857142857142,0.09195402298850575,0.11142857142857143,0.005714285714285714,0.8,0.028735632183908046,0.0,0.031100816240210136,0.1319663491490371,11.75287356321839,0.0,0.0,0.15,0.08045977011494253,1,0.1490951331032575,0.13508095996700725,2.131781399452187,0.6555910282635028,0.0,1.0,0.0,0.1,0.0,0.1,0.0,0.08,0.09195402298850575,0.5,0.25
56,0.8327575533038178,0.47356333413912316,0.8321502063269309,0.4735798774546226,0.2534419849265073,0.4678318048885899,0.8764367816091954,0.3688325021737506,0.3927323820333266,0.07183908045977011,0.8714285714285714,0.3673947319237048,0.3930084982982789,0.07142857142857142,0.11206896551724138,0.12,0.005714285714285714,0.86,0.028735632183908046,0.0,0.031100816240210136,0.1319663491490371,11.75287356321839,0.0,0.0,0.15,0.08045977011494253,0,0.15032008672345554,0.13644196860383045,2.2091457714631435,0.6826228949016064,0.0,0.9285714285714286,0.0,0.1,0.0,0.1,0.0,0.08,0.11206896551724138,0.5,0.25
57,0.8390007024059133,0.4742857103631762,0.8383576802912999,0.4742867407398499,0.2534419849265073,0.46831710321597275,0.8505747126436781,0.3690623872312218,0.39304964816334864,0.07183908045977011,0.8457142857142858,0.3676233033522763,0.3933239514789865,0.07142857142857142,0.08908045977011494,0.09428571428571429,0.005714285714285714,0.9085714285714286,0.028735632183908046,0.0,0.031100816240210136,0.1319663491490371,11.75287356321839,0.0,0.0,0.15,0.08045977011494253,0,0.15099662914698112,0.13783566931384247,2.2592485703195946,0.7124343510960054,0.0,0.9393939393939394,0.0,0.1,0.0,0.1,0.0,0.08,0.08908045977011494,0.5,0.25
58,0.8439750382795697,0.47401863203207684,0.8433035913885357,0.47406391917708546,0.2534419849265073,0.46890325411158973,0.8419540229885057,0.36963709987489995,0.39373930333576246,0.07183908045977011,0.8371428571428572,0.3681947319237049,0.39400966576470087,0.07142857142857142,0.08908045977011494,0.10857142857142857,0.005714285714285714,0.96,0.031609195402298854,0.0,0.031100816240210136,0.1319663491490371,11.75287356321839,0.0,0.0,0.15,0.08045977011494253,0,0.15338393242981763,0.13714649096727327,2.3226350274846315,0.6981856640740852,0.0,1.0,0.0,0.1,0.0,0.1,0.0,0.08,0.08908045977011494,0.5,0.25
59,0.8473566253251275,0.4735847005212301,0.8466658550795475,0.47362405684586,0.2534419849265073,0.46953363632873524,0.8448275862068966,0.3697520424036355,0.39405714429280786,0.07183908045977011,0.84,0.36830901763799057,0.394325690487706,0.07142857142857142,0.08620689655172414,0.09428571428571429,0.005714285714285714,1.002857142857143,0.034482758620689655,0.0,0.031100816240210136,0.1319663491490371,11.75287356321839,0.0,0.0,0.15,0.08045977011494253,0,0.15370172848195426,0.13646075851243689,2.370468041220653,0.6842219507926035,0.0,1.0,0.0,0.1,0.0,0.1,0.0,0.08,0.08620689655172414,0.5,0.25
60,0.8531263132259379,0.47384976391928113,0.8518948970718286,0.47408138381298875,0.2534419849265073,0.46996617814725017,0.8414985590778098,0.3702463730617093,0.393936755967216,0.07204610951008646,0.8342857142857143,0.36876616049513344,0.3948327064531358,0.07142857142857142,0.09798270893371758,0.11714285714285715,0.008571428571428572,1.0742857142857143,0.03170028818443804,0.002857142857142857,0.03117827745142778,0.1319663491490371,11.337175792507205,0.0,0.0,0.15,0.08069164265129683,0,0.15584593769311592,0.14439580339205904,2.4402015375390973,0.8579235363236084,0.0,0.9512195121951219,0.0,0.1,0.0,0.1,0.0,0.08,0.10057471264367816,0.5,0.25
61,0.856088115817297,0.47388298266233286,0.8548313127838333,0.4741768993377765,0.2534419849265073,0.4702578902666253,0.8587896253602305,0.3702463730617093,0.39395178657464147,0.07204610951008646,0.8514285714285714,0.36876616049513344,0.39484760822678333,0.07142857142857142,0.0893371757925072,0.10571428571428572,0.008571428571428572,1.1257142857142857,0.03170028818443804,0.0,0.03132377226898722,0.1319663491490371,11.337175792507205,0.0,0.0,0.15,0.08069164265129683,0,0.15555242229036462,0.14367382437509874,2.497111792502601,0.8407650655971363,0.0,1.0,0.0,0.1,0.0,0.1,0.0,0.08,0.0893371757925072,0.5,0.25
62,0.8625511326863537,0.47319855379252374,0.8612389323654411,0.4734719918546765,0.2534419849265073,0.4707205804531655,0.829971181556196,0.37047692061214155,0.39412279601391326,0.07204610951008646,0.8228571428571428,0.3689947319237049,0.39501715187086145,0.07142857142857142,0.08069164265129683,0.09142857142857143,0.008571428571428572,1.16,0.037463976945244955,0.0,0.03132377226898722,0.1319663491490371,11.337175792507205,0.0,0.0,0.15,0.08069164265129683,0,0.15629064539146595,0.14295545525322323,2.5385981280811203,0.8239497642851935,0.0,1.0,0.0,0.1,0.0,0.1,0.0,0.08,0.08069164265129683,0.5,0.25
63,0.8684541608091567,0.4735188952895936,0.8670913631043343,0.4737045181458377,0.2534419849265073,0.4709846552300273,0.8414985590778098,0.3710532894882222,0.3946415280023859,0.07492795389048991,0.8342857142857143,0.3695661604951334,0.3955314375851471,0.07428571428571429,0.09510086455331412,0.10857142857142857,0.008571428571428572,1.2314285714285715,0.040345821325648415,0.0,0.03132377226898722,0.1319663491490371,11.337175792507205,0.0,0.0,0.15,0.08069164265129683,0,0.1581882247869402,0.1422406779769571,2.5963975940909263,0.8074707689994897,0.0,1.0,0.0,0.1,0.0,0.1,0.0,0.08,0.09510086455331412,0.5,0.25
64,0.8730747669402711,0.4734329870874682,0.8715985671002019,0.4739713306987508,0.2534419849265073,0.47131631961323217,0.8434782608695652,0.37210984726563234,0.39530760259483505,0.07536231884057971,0.8314285714285714,0.36978092746318225,0.39574572329943286,0.07428571428571429,0.05217391304347826,0.07428571428571429,0.014285714285714285,1.2885714285714285,0.03768115942028986,0.005714285714285714,0.03131639435238593,0.1319663491490371,11.310144927536232,0.0,0.0,0.15,0.08115942028985507,0,0.15848143008800547,0.14410395653631553,2.618755356494822,0.8507630225817854,0.0,0.9615384615384616,0.0,0.1,0.0,0.1,0.0,0.08,0.05187319884726225,0.5,0.25
65,0.8778926685768046,0.47360337500495725,0.8763867758313998,0.47392138249858523,0.2534419849265073,0.4716222208413816,0.8401162790697675,0.37275990175276025,0.3954930280410969,0.0755813953488372,0.8257142857142857,0.36995235603461085,0.39591715187086135,0.07428571428571429,0.10174418604651163,0.10571428571428572,0.017142857142857144,1.34,0.0377906976744186,0.002857142857142857,0.03134962987549977,0.1319663491490371,11.30232558139535,0.0,0.0,0.15,0.08139534883720931,0,0.15885945222327977,0.14345548873190211,2.672094535079211,0.8354492881753136,0.0,0.972972972972973,0.0,0.1,0.0,0.1,0.0,0.08,0.10144927536231885,0.5,0.25
66,0.8823272766882893,0.47370796240029145,0.8807453620895446,0.47402296559799123,0.2534419849265073,0.47203728095448494,0.8662790697674418,0.37275990175276025,0.3954930280410969,0.0755813953488372,0.8514285714285714,0.36995235603461085,0.39591715187086135,0.07428571428571429,0.0872093023255814,0.1,0.017142857142857144,1.3857142857142857,0.0377906976744186,0.0,0.0313575072528254,0.1319663491490371,11.30232558139535,0.0,0.0,0.15,0.08139534883720931,0,0.15877801424787763,0.1427382112882426,2.718652644377627,0.8187403024118074,0.0,1.0,0.0,0.1,0.0,0.1,0.0,0.08,0.0872093023255814,0.5,0.25
67,0.8858793635624356,0.47350299682631236,0.8842365560458484,0.4738272312807735,0.2534419849265073,0.472423440333396,0.8372093023255814,0.37299245989229507,0.3959290745527247,0.0755813953488372,0.8228571428571428,0.3701809274631822,0.3963457232994328,0.07428571428571429,0.08430232558139535,0.1,0.017142857142857144,1.457142857142857,0.0377906976744186,0.0,0.0313575072528254,0.1319663491490371,11.30232558139535,0.0,0.0,0.15,0.08139534883720931,0,0.1599826984587811,0.14266651956986576,2.7642795914900744,0.8170728068875467,0.0,0.9428571428571428,0.0,0.1,0.0,0.1,0.0,0.08,0.08430232558139535,0.5,0.25
68,0.8890750788579035,0.4739254215713135,0.8873774876505367,0.47418759301539287,0.2534419849265073,0.47255935845275326,0.8430232558139535,0.37357385524113235,0.3963651210643526,0.0755813953488372,0.8285714285714286,0.3707523560346108,0.39677429472800424,0.07428571428571429,0.09883720930232558,0.10857142857142857,0.017142857142857144,1.52,0.040697674418604654,0.0,0.0313575072528254,0.1319663491490371,11.30232558139535,0.0,0.0,0.15,0.08139534883720931,0,0.16118150068077292,0.14195318697201642,2.8175654282317018,0.8007313507497957,0.0,1.0,0.0,0.1,0.0,0.1,0.0,0.08,0.09883720930232558,0.5,0.25
69,0.8944134491711777,0.473804866880542,0.8916506635338575,0.47418239724102673,0.2534419849265073,0.4728084959646779,0.8513119533527697,0.37325433963371885,0.3975554638461148,0.07580174927113703,0.8342857142857143,0.3707523560346108,0.39694572329943284,0.07428571428571429,0.07580174927113703,0.08857142857142856,0.02,1.5542857142857143,0.04081632653061224,0.002857142857142857,0.03138089898097556,0.13196634914903713,11.271137026239067,0.0,0.0,0.15,0.08163265306122448,0,0.16108859460594047,0.14124342103715634,2.849785548238496,0.7847167237347998,0.0,1.0,0.0,0.1,0.0,0.1,0.0,0.08,0.07848837209302326,0.5,0.25
70,0.897702123143295,0.47381282515329687,0.8948735640265324,0.4741884744271067,0.2534419849265073,0.4730713303455243,0.8367346938775511,0.3733126486716198,0.39786158629509444,0.07580174927113703,0.82,0.37080949889175374,0.3972457232994328,0.07428571428571429,0.09620991253644315,0.10857142857142857,0.02,1.6114285714285714,0.037900874635568516,0.0,0.03139364820101171,0.13196634914903713,11.271137026239067,0.0,0.0,0.15,0.07871720116618076,0,0.16148172449005363,0.14075013549576013,2.9013612658451544,0.7738274310228492,0.0,0.9736842105263158,0.0,0.1,0.0,0.1,0.0,0.08,0.09620991253644315,0.5,0.25
71,0.8995597942634497,0.4742362178993175,0.8966940817242841,0.4746124128191869,0.2534419849265073,0.4731104965030367,0.8309037900874635,0.37360419386112415,0.3981677087440739,0.07580174927113703,0.8142857142857143,0.3710952131774679,0.39754572329943283,0.07428571428571429,0.09620991253644315,0.11428571428571428,0.02,1.6685714285714286,0.043731778425655975,0.0,0.03139364820101171,0.13196634914903713,11.271137026239067,0.0,0.0,0.15,0.07871720116618076,0,0.16258817301046052,0.14195318697201642,2.957619754813966,0.8007313507497957,0.0,0.975,0.0,0.1,0.0,0.1,0.0,0.08,0.09620991253644315,0.5,0.25
72,0.9019861792226093,0.4753701808444666,0.8990883550829741,0.47563548179638304,0.2534419849265073,0.47323142000936536,0.8011695906432749,0.3728614517489303,0.39895396370753616,0.07602339181286549,0.7828571428571428,0.37143807032032505,0.39776000901371855,0.07428571428571429,0.09941520467836257,0.12285714285714286,0.022857142857142857,1.737142857142857,0.04678362573099415,0.002857142857142857,0.031446306117314686,0.13196634914903713,11.216374269005849,0.0,0.0,0.15,0.07894736842105263,0,0.1629450928561225,0.14152947458707232,3.0213245025748288,0.7913213536194998,0.0,0.9767441860465116,0.0,0.1,0.0,0.1,0.0,0.08,0.10204081632653061,0.5,0.25
73,0.906134797513641,0.4755986325630692,0.9031421478130681,0.4759021902970321,0.2534419849265073,0.4734766819933581,0.8333333333333334,0.37289004247847235,0.3992609812513958,0.07602339181286549,0.8142857142857143,0.3714660075474776,0.3980600090137185,0.07428571428571429,0.1023391812865497,0.11714285714285715,0.022857142857142857,1.7942857142857143,0.04678362573099415,0.0,0.03144910051862938,0.13196634914903713,11.216374269005849,0.0,0.0,0.15,0.07894736842105263,0,0.16292865667398473,0.14082182721413697,3.0780408696661894,0.7754949265471098,0.0,1.0,0.0,0.1,0.0,0.1,0.0,0.08,0.1023391812865497,0.5,0.25
74,0.908785390063406,0.47623852235056263,0.9057321553902671,0.4765113392448617,0.2534419849265073,0.47375013598608956,0.8596491228070176,0.3730070015427998,0.39961185844437824,0.07602339181286549,0.84,0.3715802932617633,0.39840286615657566,0.07428571428571429,0.09064327485380116,0.11428571428571428,0.022857142857142857,1.8828571428571428,0.04678362573099415,0.0,0.03144910051862938,0.13196634914903713,11.216374269005849,0.0,0.0,0.15,0.07894736842105263,0,0.1636274426763291,0.14352790278041283,3.130765766558581,0.8371855392418075,0.0,0.95,0.0,0.1,0.0,0.1,0.0,0.08,0.09064327485380116,0.5,0.25
75,0.9117476421229024,0.4772416835962255,0.9086266988312605,0.477447388883241,0.2534419849265073,0.47398964898116364,0.8450292397660819,0.37312396060712727,0.3998087462887068,0.07602339181286549,0.8257142857142857,0.3716945789760491,0.3985952537073195,0.07428571428571429,0.09941520467836257,0.11714285714285715,0.022857142857142857,1.9542857142857142,0.049707602339181284,0.0,0.03144910051862938,0.13196634914903713,11.216374269005849,0.0,0.0,0.15,0.07894736842105263,0,0.16446530617723315,0.14636082418082813,3.185293308370266,0.9057655331200002,0.0,0.9512195121951219,0.0,0.1,0.0,0.1,0.0,0.08,0.09941520467836257,0.5,0.25
76,0.9153304078126104,0.4769780296716234,0.9117763953353527,0.4773812439352787,0.2534419849265073,0.47405328992333146,0.8352941176470589,0.3742527658412294,0.3986791630926688,0.07647058823529412,0.8114285714285714,0.3718660075474777,0.39872382513589094,0.07428571428571429,0.10294117647058823,0.12857142857142856,0.02857142857142857,2.0171428571428573,0.04411764705882353,0.005714285714285714,0.03148332536425774,0.1319663491490371,11.094117647058823,0.0,0.0,0.15,0.07941176470588235,0,0.1652422660749184,0.14636082418082813,3.2501588707742886,0.9057655331200002,0.0,0.9777777777777777,0.0,0.1,0.0,0.1,0.0,0.08,0.1023391812865497,0.5,0.25
77,0.9176932933138804,0.47724759839706526,0.9140717698223003,0.47756812690423156,0.2534419849265073,0.4740756100512505,0.8441176470588235,0.3742527658412294,0.3986791630926688,0.07647058823529412,0.82,0.3718660075474777,0.39872382513589094,0.07428571428571429,0.07352941176470588,0.08857142857142856,0.02857142857142857,2.097142857142857,0.05,0.0,0.03153783880633655,0.1319663491490371,11.094117647058823,0.0,0.0,0.15,0.07941176470588235,0,0.1649301976016867,0.14562902005992398,3.2737271219302317,0.8876502224576002,0.0,1.0,0.0,0.1,0.0,0.1,0.0,0.08,0.07352941176470588,0.5,0.25
78,0.9179314500967487,0.47695907990208575,0.9143031221256582,0.47722475555129484,0.2534419849265073,0.47391454011293044,0.8323529411764706,0.3744292364294647,0.39881151603384524,0.07647058823529412,0.8085714285714286,0.3720374361189062,0.3988523965644624,0.07428571428571429,0.10588235294117647,0.13142857142857142,0.02857142857142857,2.1714285714285713,0.05,0.0,0.03153783880633655,0.1319663491490371,11.094117647058823,0.0,0.0,0.15,0.07941176470588235,0,0.16576112089582112,0.14490087495962437,3.3396811509201982,0.8698972180084482,0.0,1.0,0.0,0.1,0.0,0.1,0.0,0.08,0.10588235294117647,0.5,0.25
79,0.9199393479634538,0.47729459465801194,0.9162536514818862,0.4774666331811638,0.2534419849265073,0.4737401636081665,0.788235294117647,0.3745468834882882,0.39889975132796296,0.07647058823529412,0.7657142857142857,0.372151721833192,0.39893811085017666,0.07428571428571429,0.1,0.11428571428571428,0.02857142857142857,2.2657142857142856,0.05,0.0,0.03153783880633655,0.1319663491490371,11.094117647058823,0.0,0.0,0.15,0.07941176470588235,0,0.16613060457348486,0.14497401861610854,3.387173242187508,0.8717050596020486,0.0,0.975,0.0,0.1,0.0,0.1,0.0,0.08,0.1,0.5,0.25
80,0.9209686255689051,0.477855579221919,0.917253521155753,0.47806688362522926,0.2534419849265073,0.47364519764623725,0.7941176470588235,0.3746645305471117,0.3989879866220805,0.07647058823529412,0.7714285714285715,0.37226600754747763,0.39902382513589096,0.07428571428571429,0.10588235294117647,0.12,0.02857142857142857,2.34,0.05,0.0,0.03153783880633655,0.1319663491490371,11.094117647058823,0.0,0.0,0.15,0.07941176470588235,0,0.16647066583633174,0.14424914852302798,3.4394297773437588,0.8542709584100077,0.0,1.0,0.0,0.1,0.0,0.1,0.0,0.08,0.10588235294117647,0.5,0.25
81,0.9224330490802276,0.4774642419220666,0.9188656293601138,0.4773245030987588,0.2534419849265073,0.47346553021095356,0.7922848664688428,0.3750616966279106,0.3987153745090836,0.0771513353115727,0.7628571428571429,0.3724374361189062,0.39915239656446244,0.07428571428571429,0.10089020771513353,0.12285714285714286,0.037142857142857144,2.4085714285714284,0.04747774480712166,0.008571428571428572,0.03164205359947748,0.1319663491490371,10.84272997032641,0.0,0.0,0.15,0.08011869436201781,0,0.16723745607857862,0.14490087495962437,3.493498324654026,0.8698972180084482,0.0,0.9534883720930233,0.0,0.1,0.0,0.1,0.0,0.08,0.10588235294117647,0.5,0.25
82,0.9263080582679483,0.4778821344336993,0.9218933613702299,0.47750760879139276,0.2534419849265073,0.4731014173399871,0.8035714285714286,0.37484259239178885,0.39905424242011445,0.07738095238095238,0.7714285714285715,0.37266600754747764,0.39932382513589104,0.07428571428571429,0.09821428571428571,0.10571428571428572,0.04,2.5,0.047619047619047616,0.002857142857142857,0.03181837289718331,0.1319663491490371,10.702380952380953,0.0,0.0,0.15,0.08035714285714286,0,0.16797212594104288,0.14490087495962437,3.5293426438752307,0.8698972180084482,0.0,0.9459459459459459,0.0,0.1,0.0,0.1,0.0,0.08,0.10089020771513353,0.5,0.25
83,0.9278700081613297,0.477056789949857,0.9233928332678761,0.4766543587913796,0.2534419849265073,0.47286754519988217,0.8422619047619048,0.3749616400108365,0.3991435281344002,0.07738095238095238,0.8085714285714286,0.3727802932617634,0.39940953942160523,0.07428571428571429,0.10714285714285714,0.14,0.04,2.557142857142857,0.050595238095238096,0.0,0.031873462594453776,0.1319663491490371,10.702380952380953,0.0,0.0,0.15,0.08035714285714286,0,0.16830326531133766,0.14417637058482624,3.598755790997726,0.8524992736482793,0.0,1.0,0.0,0.1,0.0,0.1,0.0,0.08,0.10714285714285714,0.5,0.25
84,0.9307876807507112,0.47706717235225277,0.9261937989536821,0.47651201639141344,0.2534419849265073,0.4727639268991304,0.8065476190476191,0.3751402114394079,0.3992774567058287,0.08035714285714286,0.7742857142857142,0.3729517218331919,0.3995381108501767,0.07714285714285714,0.11011904761904762,0.12857142857142856,0.04,2.625714285714286,0.05357142857142857,0.0,0.031873462594453776,0.1319663491490371,10.702380952380953,0.0,0.0,0.15,0.08035714285714286,0,0.16906117827049527,0.14432229217951215,3.6553521037492005,0.856078800003608,0.0,0.9777777777777777,0.0,0.1,0.0,0.1,0.0,0.08,0.11011904761904762,0.5,0.25
85,0.9351410361104955,0.4769736935322188,0.9303730200990752,0.4763372572385079,0.2534419849265073,0.47259877820054563,0.8035714285714286,0.3752592590584555,0.39936674242011444,0.08333333333333333,0.7714285714285715,0.37306600754747765,0.3996238251358909,0.08,0.09226190476190477,0.10571428571428572,0.04,2.6885714285714286,0.05654761904761905,0.0,0.031873462594453776,0.1319663491490371,10.702380952380953,0.0,0.0,0.15,0.08035714285714286,0,0.16921572952199992,0.14360068071861457,3.6879593473885013,0.8389572240035359,0.0,1.0,0.0,0.1,0.0,0.1,0.0,0.08,0.09226190476190477,0.5,0.25
86,0.9354291529274621,0.47713684888141056,0.930649612243363,0.47656319404880687,0.2534419849265073,0.47256796053004696,0.7886904761904762,0.37561640191559836,0.3996345995629716,0.08333333333333333,0.7571428571428571,0.37340886469033485,0.39988096799303385,0.08,0.12797619047619047,0.14285714285714285,0.04,2.762857142857143,0.05952380952380952,0.0,0.031873462594453776,0.1319663491490371,10.702380952380953,0.0,0.0,0.15,0.08035714285714286,0,0.1704260794458185,0.1428826773150215,3.7570573032978745,0.8221780795234651,0.0,0.98,0.0,0.1,0.0,0.1,0.0,0.08,0.12797619047619047,0.5,0.25
87,0.9376425408568108,0.47585685763361174,0.9318948318223353,0.4754569319686415,0.2534419849265073,0.47268824674977894,0.7522388059701492,0.37655169968604457,0.3999079064974102,0.08358208955223881,0.72,0.3735231504046205,0.39996668227874804,0.08,0.1044776119402985,0.13714285714285715,0.04285714285714286,2.8314285714285714,0.056716417910447764,0.002857142857142857,0.03189114301281363,0.13196634914903713,10.674626865671641,0.0,0.0,0.15,0.08059701492537313,0,0.17074438047358942,0.1421682639284464,3.8190590143747745,0.8057345179329959,0.0,1.0,0.0,0.1,0.0,0.1,0.0,0.08,0.10714285714285714,0.5,0.25
88,0.9389975192430212,0.4760842613959912,0.9331917397062794,0.4756541554935574,0.2534419849265073,0.47276861050847774,0.7910447761194029,0.3769099086412685,0.40017656321382805,0.08358208955223881,0.7571428571428571,0.3738660075474776,0.40022382513589094,0.08,0.10149253731343283,0.12,0.04285714285714286,2.9285714285714284,0.05970149253731343,0.0,0.03190933581721643,0.13196634914903713,10.674626865671641,0.0,0.0,0.15,0.08059701492537313,0,0.17140307328036097,0.14352790278041283,3.8626778340872785,0.8371855392418075,0.0,0.9761904761904762,0.0,0.1,0.0,0.1,0.0,0.08,0.10149253731343283,0.5,0.25
89,0.9412252740812307,0.47605958328436004,0.9353240193371374,0.4756679666975429,0.2534419849265073,0.47283905345198785,0.8,0.3770293116263431,0.4002661154526341,0.08358208955223881,0.7657142857142857,0.3739802932617634,0.40030953942160524,0.08,0.09850746268656717,0.11714285714285715,0.04285714285714286,3.0171428571428573,0.0626865671641791,0.0,0.03190933581721643,0.13196634914903713,10.674626865671641,0.0,0.0,0.15,0.08059701492537313,0,0.17157405791395913,0.14281026326651078,3.9025671345483905,0.8204418284569713,0.0,1.0,0.0,0.1,0.0,0.1,0.0,0.08,0.09850746268656717,0.5,0.25
90,0.9447984506791838,0.4769786882302253,0.9388998890226591,0.47646355283331204,0.2534419849265073,0.4728535020490141,0.7604790419161677,0.37780135163395145,0.400154823462414,0.08383233532934131,0.7257142857142858,0.37443743611890623,0.4006523965644624,0.08,0.11377245508982035,0.13428571428571429,0.045714285714285714,3.08,0.06287425149700598,0.002857142857142857,0.031941163773341094,0.13196634914903713,10.640718562874252,0.0,0.0,0.15,0.08083832335329341,0,0.17189334476232837,0.14209621195017821,3.9588015061431365,0.8040329918878318,0.0,1.0,0.0,0.1,0.0,0.1,0.0,0.08,0.11343283582089553,0.5,0.25
91,0.9459649914437867,0.4769954530167357,0.9400131022094514,0.4763946079965555,0.2534419849265073,0.47296212715963704,0.7604790419161677,0.37798099235251426,0.4002895540013362,0.08383233532934131,0.7257142857142858,0.37460886469033483,0.40078096799303375,0.08,0.08982035928143713,0.10857142857142857,0.045714285714285714,3.162857142857143,0.0658682634730539,0.0,0.03194599056975093,0.13196634914903713,10.640718562874252,0.0,0.0,0.15,0.08083832335329341,0,0.17214759232423105,0.1413857308904273,3.9881969045917023,0.7879523320500753,0.0,0.9736842105263158,0.0,0.1,0.0,0.1,0.0,0.08,0.08982035928143713,0.5,0.25
92,0.9454095773931308,0.47653311834169876,0.939483078515397,0.47585726642244547,0.2534419849265073,0.47313725010220625,0.7874251497005988,0.3782205133105981,0.400469194719899,0.08383233532934131,0.7514285714285714,0.3748374361189062,0.40095239656446235,0.08,0.08982035928143713,0.12,0.045714285714285714,3.2542857142857144,0.0718562874251497,0.0,0.03194599056975093,0.13196634914903713,10.640718562874252,0.0,0.0,0.15,0.08083832335329341,0,0.17251428364832416,0.14202452023180137,4.028432966499869,0.8023654963635712,0.0,0.9761904761904762,0.0,0.1,0.0,0.1,0.0,0.08,0.08982035928143713,0.5,0.25
93,0.9466464396725813,0.47783249356045265,0.9406633985192158,0.47720692882799043,0.2534419849265073,0.47337222585663724,0.7904191616766467,0.3788791959453287,0.40094680624615475,0.08383233532934131,0.7542857142857143,0.3754660075474776,0.4014081744209464,0.08,0.11976047904191617,0.1457142857142857,0.045714285714285714,3.362857142857143,0.0718562874251497,0.0,0.03194599056975093,0.13196634914903713,10.640718562874252,0.0,0.0,0.15,0.08083832335329341,0,0.17296485580151108,0.14209621195017821,4.093578592884156,0.8040329918878318,0.0,0.9803921568627451,0.0,0.1,0.0,0.1,0.0,0.08,0.11976047904191617,0.5,0.25
94,0.9473286069708621,0.4767752530691074,0.9413143810267177,0.476066396574016,0.2534419849265073,0.473609724630781,0.7544910179640718,0.3795944829427073,0.4012897967980909,0.08383233532934131,0.72,0.37614859571069037,0.40173548540479403,0.08,0.12874251497005987,0.16,0.045714285714285714,3.4485714285714284,0.0718562874251497,0.0,0.03194599056975093,0.13196634914903713,10.640718562874252,0.0,0.0,0.15,0.08083832335329341,0,0.17452831723678927,0.149325,4.1717070210264735,0.9623600000000003,0.0,0.9285714285714286,0.0,0.1,0.0,0.1,0.0,0.08,0.12874251497005987,0.5,0.25
95,0.9486694395775012,0.47574826959996575,0.9425939184284818,0.4752784377665731,0.2534419849265073,0.473752196730425,0.7395209580838323,0.3801733389227414,0.4016939884148573,0.08383233532934131,0.7057142857142857,0.37670098970306576,0.4021211996905083,0.08,0.11377245508982035,0.14285714285714285,0.045714285714285714,3.5171428571428573,0.0748502994011976,0.0,0.03194599056975093,0.13196634914903713,10.640718562874252,0.0,0.0,0.15,0.08083832335329341,0,0.17654096136489103,0.15,4.231130023463088,0.9820000000000004,0.0,0.9,0.0,0.1,0.0,0.1,0.0,0.08,0.11377245508982035,0.5,0.25
96,0.9505851417488,0.4760919642142046,0.9443899081761191,0.4756102798763609,0.2534419849265073,0.4738101119116465,0.7987987987987988,0.3807222452433536,0.4009167111961339,0.08408408408408409,0.76,0.3767581325602086,0.4021640568333654,0.08,0.0990990990990991,0.12,0.04857142857142857,3.6085714285714285,0.07207207207207207,0.002857142857142857,0.031973020896180135,0.1319663491490371,10.612612612612613,0.0,0.0,0.15,0.08108108108108109,0,0.17671525655806658,0.14925,4.266507422993825,0.98,0.0,0.9761904761904762,0.0,0.1,0.0,0.1,0.0,0.08,0.10179640718562874,0.5,0.25
97,0.9512980952113067,0.474971996992361,0.9448361421364613,0.47455704887852385,0.2534419849265073,0.47379724659661565,0.7945619335347432,0.38106220971103216,0.40065915346287007,0.08459214501510574,0.7514285714285714,0.3768724182744943,0.4022497711190798,0.08,0.11178247734138973,0.12285714285714286,0.054285714285714284,3.6885714285714286,0.06948640483383686,0.005714285714285714,0.032133982806669396,0.1319663491490371,10.283987915407854,0.0,0.0,0.15,0.08157099697885196,0,0.17714383097172268,0.14850375,4.304034417391091,0.9603999999999999,0.0,0.9767441860465116,0.0,0.1,0.0,0.1,0.0,0.08,0.11411411411411411,0.5,0.25
98,0.9513067287355086,0.474394402246744,0.944735829030493,0.47381710344027317,0.2534419849265073,0.47363335165191994,0.790273556231003,0.38257353957894996,0.4011823375293784,0.0851063829787234,0.7428571428571429,0.3768724182744943,0.4022497711190798,0.08,0.09422492401215805,0.12285714285714286,0.06,3.762857142857143,0.06382978723404255,0.005714285714285714,0.032235531733780964,0.1319663491490371,10.2370820668693,0.0,0.0,0.15,0.0790273556231003,0,0.17705654395614978,0.14776123124999999,4.340810871900413,0.9411919999999999,0.0,1.0,0.0,0.1,0.0,0.1,0.0,0.08,0.09969788519637462,0.5,0.25
99,0.9524863953603945,0.4750181429897854,0.9453952835722602,0.47447729487412604,0.2534419849265073,0.473456080438749,0.7865853658536586,0.38316205592885794,0.40187842383974126,0.08536585365853659,0.7371428571428571,0.3768724182744943,0.4022497711190798,0.08,0.10060975609756098,0.11714285714285715,0.06285714285714286,3.84,0.06402439024390244,0.002857142857142857,0.03228125243552796,0.1319663491490371,10.182926829268293,0.0,0.0,0.15,0.07926829268292683,0,0.17688483266494046,0.14702242509375,4.371137511605261,0.9223681599999999,0.0,1.0,0.0,0.1,0.0,0.1,0.0,0.08,0.1033434650455927,0.5,0.25
100,0.9529255436971942,0.4752474268999024,0.9451052567715158,0.47483400615128224,0.2534419849265073,0.4734282816998233,0.7859327217125383,0.38311689253916476,0.40251573537756286,0.08868501529051988,0.7342857142857143,0.37710098970306577,0.4024211996905084,0.08285714285714285,0.12538226299694188,0.1457142857142857,0.06571428571428571,3.9285714285714284,0.06116207951070336,0.002857142857142857,0.03241392389061252,0.13196634914903713,10.042813455657493,0.0,0.0,0.15,0.07951070336391437,0,0.17759969421590147,0.147096305709375,4.429429047087441,0.9057655331200002,0.0,0.9607843137254902,0.0,0.1,0.0,0.1,0.0,0.08,0.125,0.5,0.25
101,0.9541957885096588,0.47492143947352117,0.9460315116768827,0.47451885147274553,0.2534419849265073,0.47359187450162393,0.7883435582822086,0.38375867217157333,0.40287159752596724,0.08895705521472393,0.7342857142857143,0.3772152754173515,0.40250691397622257,0.08285714285714285,0.09202453987730061,0.12571428571428572,0.06857142857142857,3.9914285714285715,0.06441717791411043,0.002857142857142857,0.02381069762836399,0.14252034831902924,9.957055214723926,0.1,0.18126924692201818,0.21,0.07975460122699386,0,0.1778822678876791,0.14724518258437505,4.466554751859978,0.9057655331200002,0.0,0.9772727272727273,0.0,0.1,0.0,0.1,0.0,0.08,0.09480122324159021,0.52,0.27
102,0.9551960438040865,0.47556104959437473,0.9469631780368354,0.47529059529206263,0.2534419849265073,0.4738198404512011,0.7822085889570553,0.3838200218648249,0.4029176097959059,0.08895705521472393,0.7285714285714285,0.37727241827449437,0.40254977111907975,0.08285714285714285,0.07668711656441718,0.08571428571428572,0.06857142857142857,4.065714285714286,0.06748466257668712,0.0,0.024010319060951076,0.14220372834392947,9.957055214723926,0.097,0.17634209573142312,0.2082,0.07975460122699386,0,0.17787842797681214,0.14850375,4.4629379425370646,0.9095687171200011,0.0,0.9666666666666667,0.0,0.1,0.0,0.1,0.0,0.08,0.07668711656441718,0.5194,0.2694
103,0.9566939930737194,0.47558284615804874,0.9483584107851221,0.47554096468480134,0.2534419849265073,0.4741145286388045,0.8159509202453987,0.3838200218648249,0.4029176097959059,0.08895705521472393,0.76,0.37727241827449437,0.40254977111907975,0.08285714285714285,0.09815950920245399,0.11714285714285715,0.06857142857142857,4.128571428571429,0.06748466257668712,0.0,0.024182102202550754,0.1418966069680827,9.957055214723926,0.09409000000000001,0.1715344299918684,0.206454,0.07975460122699386,0,0.1778724686904995,0.14776123124999999,4.49082204082918,0.8913773427776011,0.0,1.0,0.0,0.1,0.0,0.1,0.0,0.08,0.09815950920245399,0.518818,0.268818
104,0.9577758746257625,0.4753969188869499,0.9493661061735965,0.47546983142136606,0.2534419849265073,0.47438349292124515,0.7914110429447853,0.3838200218648249,0.4029176097959059,0.08895705521472393,0.7371428571428571,0.37727241827449437,0.40254977111907975,0.08285714285714285,0.0950920245398773,0.10571428571428572,0.06857142857142857,4.2,0.0705521472392638,0.0,0.02435278938894764,0.14159869923351132,9.957055214723926,0.09126730000000001,0.16684418376162757,0.20476038,0.07975460122699386,0,0.17766739562918984,0.14702242509375,4.506719885726882,0.8735497959220491,0.0,1.0,0.0,0.1,0.0,0.1,0.0,0.08,0.0950920245398773,0.51825346,0.26825346
105,0.9604806168270174,0.4760335500652422,0.9499745730225664,0.47607824595668846,0.2534419849265073,0.47456654125908976,0.7753846153846153,0.38433713315709855,0.4039641214798775,0.08923076923076922,0.72,0.37738670398878005,0.40263548540479405,0.08285714285714285,0.09846153846153846,0.11714285714285715,0.07142857142857142,4.26,0.07076923076923076,0.002857142857142857,0.024542412184577457,0.1413097287309771,9.489230769230769,0.088529281,0.16226927610018926,0.2031175686,0.08,0,0.17809106435818678,0.14643470479645315,4.533728345155202,0.9039207967999998,0.0,0.975609756097561,0.0,0.1,0.0,0.1,0.0,0.08,0.10122699386503067,0.5177058562,0.2677058562
106,0.9608844979956692,0.47610793024030934,0.9503496055363146,0.47616950936764996,0.2534419849265073,0.4746517061755625,0.8092307692307692,0.38433713315709855,0.4039641214798775,0.08923076923076922,0.7514285714285714,0.37738670398878005,0.40263548540479405,0.08285714285714285,0.11692307692307692,0.14,0.07142857142857142,4.328571428571428,0.07076923076923076,0.0,0.024840379307675617,0.1410294273435189,9.489230769230769,0.08587340257,0.15780761504170115,0.201524041542,0.08,0,0.17808461260425298,0.14570253127247088,4.583053778252098,0.8858423808639998,0.0,1.0,0.0,0.1,0.0,0.1,0.0,0.08,0.11692307692307692,0.517174680514,0.267174680514
107,0.961439331939205,0.47570046874623606,0.9509749818212002,0.4761325967669687,0.2534419849265073,0.4747853625172452,0.7530864197530864,0.3845618017547239,0.4047507378508528,0.08950617283950617,0.6971428571428572,0.37744384684592297,0.40267834254765117,0.08285714285714285,0.10493827160493827,0.11142857142857143,0.07428571428571429,4.422857142857143,0.06790123456790123,0.002857142857142857,0.025005102544800865,0.14075753499768442,9.481481481481481,0.08329720049289999,0.15345710132083934,0.19997832029573998,0.08024691358024691,0,0.17822247525551743,0.14650895667145317,4.602821274115628,0.8717050596020486,0.0,0.9743589743589743,0.0,0.1,0.0,0.1,0.0,0.08,0.10461538461538461,0.51665944009858,0.26665944009858
108,0.9623175607072553,0.47642239966358996,0.9515604810610677,0.476639780195299,0.2534419849265073,0.47480513993731516,0.7925696594427245,0.3841885924346025,0.4043494107883178,0.08978328173374613,0.7314285714285714,0.37755813256020865,0.4027640568333655,0.08285714285714285,0.11455108359133127,0.14,0.07714285714285714,4.462857142857143,0.06501547987616099,0.002857142857142857,0.025190484088418952,0.14049379942222504,9.455108359133128,0.08079828447811299,0.14921563186018072,0.1984789706868678,0.0804953560371517,0,0.17867293502209694,0.14791010812500002,4.650764848633314,0.8913773427776011,0.0,0.9795918367346939,0.0,0.1,0.0,0.1,0.0,0.08,0.11728395061728394,0.5161596568956226,0.2661596568956226
109,0.963481597519983,0.476307266072373,0.9526347207482422,0.4764285166075628,0.2534419849265073,0.47487211228853476,0.7616099071207431,0.38431243144389043,0.4044422900452837,0.08978328173374613,0.7028571428571428,0.37767241827449444,0.4028497711190797,0.08285714285714285,0.09907120743034056,0.11714285714285715,0.07714285714285714,4.531428571428571,0.06501547987616099,0.0,0.025362832512141366,0.1402379759140294,9.455108359133128,0.0783743359437696,0.14508110302819666,0.19702460156626175,0.0804953560371517,0,0.1788935703469865,0.14865337500000003,4.6748924088035055,0.9224883110808909,0.0,0.975609756097561,0.0,0.1,0.0,0.1,0.0,0.08,0.09907120743034056,0.5156748671887539,0.26567486718875394
110,0.9644135339978555,0.47615944464064613,0.9534947649835359,0.47621366319539365,0.2534419849265073,0.47488818002458005,0.804953560371517,0.3843743509485344,0.4044887296737667,0.08978328173374613,0.7428571428571429,0.3777295611316372,0.40289262826193695,0.08285714285714285,0.11455108359133127,0.12285714285714286,0.07714285714285714,4.594285714285714,0.06501547987616099,0.0,0.02552794516895438,0.13998982711107963,9.455108359133128,0.0760231058654565,0.1410514136769826,0.1956138635192739,0.0804953560371517,0,0.17919853106668013,0.149325,4.704251703484577,0.908707649653459,0.0,0.9767441860465116,0.0,0.1,0.0,0.1,0.0,0.08,0.11455108359133127,0.5152046211730913,0.2652046211730913
111,0.9662962327707019,0.47606924295444775,0.9552322269939056,0.47623494892437196,0.2534419849265073,0.47491106377287107,0.8452012383900929,0.3846220289671103,0.40467448818769863,0.08978328173374613,0.78,0.3779581325602086,0.40306405683336544,0.08285714285714285,0.09287925696594428,0.11142857142857143,0.07714285714285714,4.648571428571429,0.06501547987616099,0.0,0.025691139041425625,0.13974912277221832,9.455108359133128,0.0737424126894928,0.13712446796878974,0.19424544761369567,0.0804953560371517,0,0.18024510983991818,0.1604602817738654,4.721595240843458,0.9820000000000004,0.0,0.9230769230769231,0.0,0.1,0.0,0.1,0.0,0.08,0.09287925696594428,0.5147484825378985,0.26474848253789857
112,0.9670398498171746,0.47563325107498056,0.9549893494555738,0.4762120102851708,0.2534419849265073,0.474864557790289,0.790625,0.38649527098187386,0.4051450209043673,0.090625,0.7228571428571429,0.3779581325602086,0.40306405683336544,0.08285714285714285,0.078125,0.10285714285714286,0.08571428571428572,4.694285714285714,0.05625,0.008571428571428572,0.02589679162456144,0.1395156395635229,9.325,0.07153014030880801,0.13329817800035182,0.1929180841852848,0.08125,0,0.18002902714786143,0.15965798036499607,4.7300204788837314,0.9623600000000003,0.0,1.0,0.0,0.1,0.0,0.1,0.0,0.08,0.08359133126934984,0.5143060280617616,0.2643060280617616
113,0.9666775537801795,0.4754300141594485,0.9546581073646068,0.4760983413389452,0.2534419849265073,0.4747845654461493,0.825,0.38649527098187386,0.4051450209043673,0.090625,0.7542857142857143,0.3779581325602086,0.40306405683336544,0.08285714285714285,0.109375,0.12285714285714286,0.08571428571428572,4.757142857142857,0.05625,0.0,0.026087663662847455,0.1392891608510883,9.325,0.06938423609954376,0.1295704662338868,0.19163054165972626,0.08125,0,0.179927456294265,0.15885969046317108,4.7582772121631995,0.9431128000000003,0.0,1.0,0.0,0.1,0.0,0.1,0.0,0.08,0.109375,0.5138768472199088,0.26387684721990873
114,0.9686498678284312,0.4752264825654417,0.9564613659230082,0.4756336645808447,0.2534419849265073,0.4746879757033851,0.81875,0.3865577709818739,0.40519189590436727,0.090625,0.7485714285714286,0.37801527541735147,0.4031069139762226,0.08285714285714285,0.109375,0.13428571428571429,0.08571428571428572,4.831428571428572,0.059375,0.0,0.026245958643260688,0.13906947650002682,9.325,0.06730270901655745,0.1259392677435177,0.19038162540993447,0.08125,0,0.18028396258422225,0.15806539201085523,4.7973973822056495,0.9411919999999999,0.0,0.9787234042553191,0.0,0.1,0.0,0.1,0.0,0.08,0.109375,0.5134605418033115,0.26346054180331147
115,0.9691416100749916,0.47561333687776985,0.9566488696433508,0.47602032214012246,0.2534419849265073,0.47455074729381524,0.8307210031347962,0.38656645320146216,0.4048588696552123,0.09090909090909091,0.7571428571428571,0.37812956113163726,0.4031926282619369,0.08285714285714285,0.09404388714733543,0.10857142857142857,0.08857142857142856,4.8914285714285715,0.05642633228840126,0.002857142857142857,0.02644384978324612,0.1388563826794971,9.253918495297805,0.06528362774606072,0.12240253228570042,0.1891701766476364,0.08150470219435736,0,0.18043939991415825,0.1599548824664259,4.810020863132965,0.9298101959149857,0.0,0.9736842105263158,0.0,0.1,0.0,0.1,0.0,0.08,0.096875,0.5130567255492121,0.26305672554921217
116,0.967698236963747,0.4753264369317192,0.9552147454275931,0.47563253322731613,0.2534419849265073,0.4746204379505559,0.8270440251572327,0.3868477563261137,0.40436282310593596,0.09119496855345911,0.7514285714285714,0.37812956113163726,0.4031926282619369,0.08285714285714285,0.09119496855345911,0.10571428571428572,0.09142857142857143,4.94,0.05345911949685535,0.002857142857142857,0.02663056310008833,0.1386496816735833,9.20125786163522,0.0633251189136789,0.11895822620206453,0.18799507134820734,0.08176100628930817,0,0.18030763220030174,0.15915510805409375,4.819534731584591,0.911213991996686,0.0,1.0,0.0,0.1,0.0,0.1,0.0,0.08,0.09404388714733543,0.5126650237827358,0.26266502378273576
117,0.969377579145602,0.47469394914023283,0.9567405477528214,0.4751102003222281,0.2534419849265073,0.47459819619598465,0.8207547169811321,0.38697354248963567,0.40445716272857757,0.09119496855345911,0.7457142857142857,0.37824384684592294,0.40327834254765116,0.08285714285714285,0.0880503144654088,0.09428571428571429,0.09142857142857143,4.994285714285715,0.05660377358490566,0.0,0.026794577159456972,0.13844918169784695,9.20125786163522,0.06142536534626853,0.1156043341628803,0.1868552192077611,0.07861635220125786,0,0.18089095189644308,0.15970595751382327,4.817429751238613,0.9643600000000009,0.0,0.9393939393939394,0.0,0.1,0.0,0.1,0.0,0.08,0.0880503144654088,0.5122850730692537,0.2622850730692537
118,0.9706170086240529,0.4749476250173097,0.9578666579646711,0.4753965231055005,0.2534419849265073,0.4745504546955165,0.7955974842767296,0.38697354248963567,0.40445716272857757,0.09119496855345911,0.7228571428571429,0.37824384684592294,0.40327834254765116,0.08285714285714285,0.11949685534591195,0.12285714285714286,0.09142857142857143,5.06,0.05660377358490566,0.0,0.026944983291324488,0.13825469672138266,9.20125786163522,0.05958260438588047,0.11233886075915511,0.18574956263152828,0.07861635220125786,0,0.1807567835655323,0.15890742772625413,4.8439382990709845,0.9450728000000008,0.0,1.0,0.0,0.1,0.0,0.1,0.0,0.08,0.11949685534591195,0.5119165208771761,0.2619165208771761
119,0.9698011597078614,0.4742344855896558,0.9571254009493882,0.47494799369641955,0.2534419849265073,0.4745183936216519,0.8459119496855346,0.38697354248963567,0.40445716272857757,0.09119496855345911,0.7685714285714286,0.37824384684592294,0.40327834254765116,0.08285714285714285,0.10062893081761007,0.10857142857142857,0.09142857142857143,5.1257142857142854,0.05660377358490566,0.0,0.027092968387709478,0.1380660462942123,9.20125786163522,0.05779512625430405,0.10915983195114243,0.1846770757525824,0.07861635220125786,0,0.18053785750484752,0.15811289058762287,4.855630961660993,0.9261713440000008,0.0,1.0,0.0,0.1,0.0,0.1,0.0,0.08,0.10062893081761007,0.5115590252508608,0.26155902525086083
120,0.9711394053115538,0.4743751900654545,0.9583412926693146,0.4751898129132855,0.2534419849265073,0.47451511535143964,0.8207547169811321,0.3870993286531577,0.404551502351219,0.09119496855345911,0.7457142857142857,0.3783581325602086,0.40336405683336546,0.08285714285714285,0.09433962264150944,0.10857142857142857,0.09142857142857143,5.168571428571428,0.05660377358490566,0.0,0.0272385026621844,0.13788305537985704,9.20125786163522,0.05606127246667493,0.1060652963808163,0.18363676348000496,0.07861635220125786,0,0.18063459678875185,0.24402102336442866,4.867089770999201,0.9411919999999999,0.0,0.9736842105263158,0.0,0.1,0.0,0.1,0.0,0.08,0.09433962264150944,0.511212254493335,0.26121225449333496
121,0.971533533001467,0.474403997014907,0.9582280574359006,0.47564088743129973,0.2534419849265073,0.47454092895742245,0.8449367088607594,0.38790988630814194,0.40555414913169036,0.09177215189873418,0.7628571428571429,0.3783581325602086,0.40336405683336546,0.08285714285714285,0.09177215189873418,0.10857142857142857,0.09714285714285714,5.2457142857142856,0.05379746835443038,0.005714285714285714,0.027465907407527017,0.13770555419293237,8.886075949367088,0.05437943429267468,0.10305332655562971,0.1826276605756048,0.07911392405063292,0,0.18058614592982594,0.24280091824760652,4.878319404150647,0.9223681599999999,0.0,1.0,0.0,0.1,0.0,0.1,0.0,0.08,0.09748427672955975,0.5108758868585349,0.2608758868585349
122,0.9710714292161073,0.4743741360566247,0.9578108437325469,0.4754463080675771,0.2534419849265073,0.47466169003870157,0.8164556962025317,0.38790988630814194,0.40555414913169036,0.09177215189873418,0.7371428571428571,0.3783581325602086,0.40336405683336546,0.08285714285714285,0.10126582278481013,0.10571428571428572,0.09714285714285714,5.288571428571428,0.05379746835443038,0.0,0.027694595453199067,0.13753337804161556,8.886075949367088,0.05274805126389444,0.10012201991063052,0.18164883075833665,0.07911392405063292,0,0.18039621734303396,0.2415869136563685,4.886467301781919,0.9039207967999998,0.0,1.0,0.0,0.1,0.0,0.1,0.0,0.08,0.10126582278481013,0.5105496102527789,0.2605496102527789
123,0.9710980864821039,0.4746064878944096,0.9578349114355612,0.4755848269728876,0.2534419849265073,0.47478114507978303,0.8607594936708861,0.38822634200434447,0.4057914909038422,0.09177215189873418,0.7771428571428571,0.3786438468459229,0.4035783425476511,0.08285714285714285,0.11708860759493671,0.13428571428571429,0.09714285714285714,5.377142857142857,0.05379746835443038,0.0,0.02783488521644822,0.1373663671748382,8.886075949367088,0.051165609725977605,0.09726949975576782,0.18069936583558655,0.07911392405063292,0,0.1816642376848902,0.24388903332134193,4.923023670031994,0.9609793458381866,0.0,0.9361702127659575,0.0,0.1,0.0,0.1,0.0,0.08,0.11708860759493671,0.5102331219451955,0.26023312194519554
124,0.9714461644698712,0.4756247390763099,0.9578044194984409,0.4763476814137553,0.2534419849265073,0.4749739616058955,0.8412698412698413,0.3888102122394264,0.4059537679416393,0.09206349206349207,0.7571428571428571,0.3786438468459229,0.4035783425476511,0.08285714285714285,0.08253968253968254,0.1,0.1,5.425714285714286,0.050793650793650794,0.002857142857142857,0.027991678007085595,0.13720436663406413,8.812698412698413,0.04963064143419828,0.09449391611497016,0.17977838486051895,0.07936507936507936,0,0.1813557736393229,0.24266958815473524,4.924563196631355,0.9417597589214228,0.0,1.0,0.0,0.1,0.0,0.1,0.0,0.08,0.08227848101265822,0.5099261282868397,0.25992612828683964
125,0.9712995226754102,0.4745483329865169,0.957672441883426,0.47531098272787486,0.2534419849265073,0.4750699080783998,0.8222222222222222,0.3888102122394264,0.4059537679416393,0.09206349206349207,0.74,0.3786438468459229,0.4035783425476511,0.08285714285714285,0.08571428571428572,0.1,0.1,5.48,0.050793650793650794,0.0,0.02816891097987819,0.13704722610951334,8.812698412698413,0.048141722191172326,0.09179344646333287,0.1788850333147034,0.07936507936507936,0,0.18107685262826914,0.24145624021396156,4.9260719326987275,0.9229245637429944,0.0,1.0,0.0,0.1,0.0,0.1,0.0,0.08,0.08571428571428572,0.5096283444382345,0.25962834443823446
126,0.9708912503662817,0.4746584843397375,0.9573049968052104,0.4752597456949938,0.2534419849265073,0.47511099090265607,0.834920634920635,0.3888102122394264,0.4059537679416393,0.09206349206349207,0.7514285714285714,0.3786438468459229,0.4035783425476511,0.08285714285714285,0.09206349206349207,0.09142857142857143,0.1,5.548571428571429,0.050793650793650794,0.0,0.028302180587617312,0.13689479980069905,8.812698412698413,0.04669747052543716,0.08916629636850315,0.1780184823152623,0.07936507936507936,0,0.18091304122227067,0.24024895901289176,4.918979065473325,0.9044660724681345,0.0,1.0,0.0,0.1,0.0,0.1,0.0,0.08,0.09206349206349207,0.5093394941050874,0.25933949410508744
127,0.972398504206387,0.4743566777582294,0.958661525261305,0.4750804075135655,0.2534419849265073,0.4752114140687852,0.8095238095238095,0.3888737043029185,0.4060013869892583,0.09206349206349207,0.7285714285714285,0.3787009897030658,0.40362119969050836,0.08285714285714285,0.09206349206349207,0.09142857142857143,0.1,5.602857142857143,0.05396825396825397,0.0,0.028432862053373767,0.13674694628114925,8.812698412698413,0.04529654640967404,0.08661070004210591,0.1771779278458044,0.07936507936507936,0,0.18115004887330213,0.24139207390245407,4.91202805559243,0.8922905360878958,0.0,0.96875,0.0,0.1,0.0,0.1,0.0,0.08,0.09206349206349207,0.5090593092819348,0.2590593092819348
128,0.9716663437387506,0.4740425206509383,0.9580025808404324,0.4749709637681578,0.2534419849265073,0.47526873164977157,0.8253968253968254,0.3890006884299026,0.4060966250844964,0.09206349206349207,0.7428571428571429,0.3788152754173515,0.4037069139762226,0.08285714285714285,0.1111111111111111,0.11714285714285715,0.1,5.6571428571428575,0.05396825396825397,0.0,0.02856096036438196,0.13660352836718584,8.812698412698413,0.04393765001738382,0.08412492080681178,0.17636259001043028,0.07936507936507936,0,0.1814431564860785,0.24040732806057216,4.930930351623438,0.9039207967999998,0.0,0.975609756097561,0.0,0.1,0.0,0.1,0.0,0.08,0.1111111111111111,0.5087875300034768,0.25878753000347676
129,0.9730621275974498,0.4740362409847154,0.9592587863132614,0.4746757294294616,0.2534419849265073,0.4753389707704038,0.8253968253968254,0.3890006884299026,0.4060966250844964,0.09206349206349207,0.7428571428571429,0.3788152754173515,0.4037069139762226,0.08285714285714285,0.09206349206349207,0.09428571428571429,0.1,5.74,0.05396825396825397,0.0,0.028686483754291222,0.13646441299064135,8.812698412698413,0.042619520516862304,0.08170725148440683,0.17557171231011737,0.07936507936507936,0,0.18127779856079096,0.23920529142026928,4.926597458876683,0.8858423808639998,0.0,1.0,0.0,0.1,0.0,0.1,0.0,0.08,0.09206349206349207,0.5085239041033724,0.25852390410337245
130,0.973316259649933,0.474333686601599,0.9594875051604965,0.4750038292671718,0.2534419849265073,0.4754640849693639,0.8380952380952381,0.3890006884299026,0.4060966250844964,0.09206349206349207,0.7542857142857143,0.3788152754173515,0.4037069139762226,0.08285714285714285,0.09523809523809523,0.10285714285714286,0.1,5.82,0.05396825396825397,0.0,0.028809443479221323,0.13632947107539325,8.812698412698413,0.04134093490135644,0.07935601470998999,0.17480456094081387,0.07936507936507936,0,0.1810851238537013,0.23800926496316793,4.930922652556292,0.8681255332467198,0.0,1.0,0.0,0.1,0.0,0.1,0.0,0.08,0.09523809523809523,0.5082681869802713,0.25826818698027126
131,0.9732766021386374,0.47507034259318004,0.9594518134003305,0.4755849210176585,0.2534419849265073,0.4755108997899269,0.8412698412698413,0.3890006884299026,0.4060966250844964,0.09206349206349207,0.7571428571428571,0.3788152754173515,0.4037069139762226,0.08285714285714285,0.08888888888888889,0.10857142857142857,0.1,5.894285714285714,0.05396825396825397,0.0,0.028929853602078094,0.13619857741760258,8.812698412698413,0.04010070685431574,0.07706956317719249,0.17406042411258943,0.07936507936507936,0,0.1808646989487185,0.2368192186383521,4.940875628076594,0.8507630225817854,0.0,1.0,0.0,0.1,0.0,0.1,0.0,0.08,0.08888888888888889,0.5080201413708632,0.25802014137086315
132,0.9735631228828264,0.47522517920836477,0.9597096820701005,0.47574289843571527,0.2534419849265073,0.47549343182168197,0.834920634920635,0.3890006884299026,0.4060966250844964,0.09206349206349207,0.7514285714285714,0.3788152754173515,0.4037069139762226,0.08285714285714285,0.1111111111111111,0.12571428571428572,0.1,5.945714285714286,0.05396825396825397,0.0,0.029047730785240894,0.13607161056954561,8.812698412698413,0.03889768564868627,0.07484627981908543,0.17333861138921175,0.07936507936507936,0,0.1807595190254035,0.23563512254516034,4.967772401229348,0.8337477621301497,0.0,1.0,0.0,0.1,0.0,0.1,0.0,0.08,0.1111111111111111,0.5077795371297372,0.2577795371297373
133,0.9738689323880557,0.4755891058167621,0.9599849106248071,0.4761241741245096,0.2534419849265073,0.4755105778729585,0.7936507936507936,0.3890006884299026,0.4060966250844964,0.09206349206349207,0.7142857142857143,0.3788152754173515,0.4037069139762226,0.08285714285714285,0.12380952380952381,0.13714285714285715,0.1,6.02,0.05714285714285714,0.0,0.029163094091678454,0.13594845272693035,8.812698412698413,0.037730755079225686,0.07268457792922522,0.17263845304753542,0.07936507936507936,0,0.1805980078588479,0.23445694693243452,5.005559810347619,0.8170728068875467,0.0,1.0,0.0,0.1,0.0,0.1,0.0,0.08,0.12380952380952381,0.5075461510158451,0.25754615101584516
134,0.9751493811690746,0.47559396880443555,0.961137314527724,0.47620087008444506,0.2534419849265073,0.47552297909655156,0.7841269841269841,0.3890006884299026,0.4060966250844964,0.09206349206349207,0.7057142857142857,0.3788152754173515,0.4037069139762226,0.08285714285714285,0.10793650793650794,0.10857142857142857,0.1,6.091428571428572,0.06031746031746032,0.0,0.029275964794500203,0.13582898961959353,8.812698412698413,0.036598832426848915,0.0705829012270679,0.17195929945610935,0.07936507936507936,0,0.18026644639098224,0.23328466219777236,5.014020042712095,0.8007313507497957,0.0,1.0,0.0,0.1,0.0,0.1,0.0,0.08,0.10793650793650794,0.5073197664853698,0.2573197664853698
135,0.9735439032528416,0.4750211527367531,0.9596923844031141,0.4758388249234734,0.2534419849265073,0.4756362847775141,0.8,0.3890006884299026,0.4060966250844964,0.09206349206349207,0.72,0.3788152754173515,0.4037069139762226,0.08285714285714285,0.10476190476190476,0.10571428571428572,0.1,6.177142857142857,0.06031746031746032,0.0,0.029386366194907195,0.13571311040547687,8.812698412698413,0.03550086745404345,0.06853972387177543,0.17130052047242605,0.07936507936507936,0,0.1800785434447416,0.23211823888678348,5.019453927572139,0.7847167237347998,0.0,1.0,0.0,0.1,0.0,0.1,0.0,0.08,0.10476190476190476,0.5071001734908087,0.2571001734908087
136,0.9737897357101647,0.4751204135308727,0.9599136336147052,0.47587217563438156,0.2534419849265073,0.47585463016031143,0.7714285714285715,0.3890006884299026,0.4060966250844964,0.09206349206349207,0.6942857142857143,0.3788152754173515,0.4037069139762226,0.08285714285714285,0.10476190476190476,0.1,0.1,6.26,0.06349206349206349,0.0,0.029494323448468848,0.13560070756778367,8.812698412698413,0.034435841430422144,0.06655355042823763,0.17066150485825327,0.07936507936507936,0,0.1798625821525179,0.23095764769234955,5.019064849020696,0.7690223892601038,0.0,1.0,0.0,0.1,0.0,0.1,0.0,0.08,0.10476190476190476,0.5068871682860844,0.25688716828608443
137,0.9748280157705536,0.47507351403223014,0.9608480856690551,0.47574701050315965,0.2534419849265073,0.4761913593407604,0.7904761904761904,0.3890006884299026,0.4060966250844964,0.09206349206349207,0.7114285714285714,0.3788152754173515,0.4037069139762226,0.08285714285714285,0.10476190476190476,0.12,0.1,6.328571428571428,0.06666666666666667,0.0,0.029599863399619113,0.13549167681522123,8.812698412698413,0.03340276618750948,0.06462291578893375,0.17004165971250568,0.07936507936507936,0,0.1797906985274696,0.22980285945388784,5.038683552040281,0.7536419414749017,0.0,1.0,0.0,0.1,0.0,0.1,0.0,0.08,0.10476190476190476,0.5066805532375019,0.2566805532375019
138,0.9745899428365062,0.47517887173222073,0.9606338200284125,0.4757350435571256,0.2534419849265073,0.4764719380733973,0.7936507936507936,0.3890006884299026,0.4060966250844964,0.09206349206349207,0.7142857142857143,0.3788152754173515,0.4037069139762226,0.08285714285714285,0.10793650793650794,0.11428571428571428,0.1,6.408571428571428,0.0761904761904762,0.0,0.029703014424237343,0.13538591698523578,8.812698412698413,0.032400683201884196,0.06274638505506869,0.16944040992113052,0.07936507936507936,0,0.17957674574911794,0.2286538451566184,5.05219559528519,0.7385691026454037,0.0,1.0,0.0,0.1,0.0,0.1,0.0,0.08,0.10793650793650794,0.5064801366403768,0.25648013664037683
139,0.9716821278831673,0.47567874767793744,0.9580167865704072,0.47628101108330373,0.2534419849265073,0.4768716798455941,0.7746031746031746,0.3891276725568867,0.4061918631797345,0.09206349206349207,0.6971428571428572,0.3789295611316373,0.4037926282619369,0.08285714285714285,0.10476190476190476,0.11428571428571428,0.1,6.48,0.07301587301587302,0.0,0.029803806280154978,0.13528332995014977,8.812698412698413,0.03142866270582767,0.06092255338024011,0.1688571976234966,0.07936507936507936,0,0.17970700487751523,0.22751057593083532,5.0654373976652005,0.7335302872337999,0.0,0.975,0.0,0.1,0.0,0.1,0.0,0.08,0.10476190476190476,0.5062857325411655,0.25628573254116555
140,0.9733995105882773,0.47582182146659435,0.9595624310050062,0.47668024380455953,0.2534419849265073,0.47714361165815866,0.7746031746031746,0.3892546566838709,0.4062871012749726,0.09206349206349207,0.6971428571428572,0.37904384684592296,0.4038783425476512,0.08285714285714285,0.10476190476190476,0.12285714285714286,0.1,6.557142857142857,0.0761904761904762,0.0,0.029902269965409296,0.1351838205261164,8.812698412698413,0.03048580282465284,0.059150045779710836,0.1682914816947917,0.07936507936507936,0,0.18000732842455622,0.22637302305118112,5.086985792569039,0.8057822675696747,0.0,0.9767441860465116,0.0,0.1,0.0,0.1,0.0,0.08,0.10476190476190476,0.5060971605649306,0.2560971605649306
141,0.9726265522100948,0.476339445334726,0.9589197620410724,0.47692407551288574,0.2534419849265073,0.47755418328344607,0.7802547770700637,0.3901045477268485,0.40623676484101273,0.09235668789808917,0.7,0.37904384684592296,0.4038783425476512,0.08285714285714285,0.11464968152866242,0.12857142857142856,0.10285714285714286,6.605714285714286,0.0732484076433121,0.002857142857142857,0.02999581391921861,0.135087296384804,8.802547770700636,0.029571228739913254,0.057427516908195475,0.16774273724394795,0.07961783439490445,0,0.17973529249671913,0.22524115793592522,5.113817505289087,0.7896666222182813,0.0,1.0,0.0,0.1,0.0,0.1,0.0,0.08,0.11746031746031746,0.5059142457479826,0.25591424574798266
142,0.9731928002105446,0.4762739503934038,0.9594277673900472,0.47697037644876267,0.2534419849265073,0.477971147525758,0.7961783439490446,0.39023193626188035,0.4063323062422866,0.09235668789808917,0.7142857142857143,0.37915813256020864,0.4039640568333655,0.08285714285714285,0.10828025477707007,0.12285714285714286,0.10285714285714286,6.685714285714286,0.07961783439490445,0.0,0.03009604473330486,0.13499366796773102,8.802547770700636,0.028684091877715857,0.055753650808906485,0.16721045512662952,0.07961783439490445,0,0.180063050312807,0.22411495214624558,5.1343982980404475,0.7846034058673861,0.0,0.9767441860465116,0.0,0.1,0.0,0.1,0.0,0.08,0.10828025477707007,0.5057368183755432,0.2557368183755432
143,0.9735165369985885,0.4763419297454478,0.9597182055370354,0.47712669077352327,0.2534419849265073,0.4784417267680233,0.7388535031847133,0.3903593247969122,0.4064278476435605,0.09235668789808917,0.6628571428571428,0.3792724182744944,0.4040497711190798,0.08285714285714285,0.1178343949044586,0.12571428571428572,0.10285714285714286,6.7542857142857144,0.07961783439490445,0.0,0.03018774598817867,0.1349028484031702,8.802547770700636,0.02782356912138438,0.05412716063644807,0.16669414147283063,0.07961783439490445,0,0.18039030720410007,0.22299437738551434,5.157424617793925,0.7917909186799914,0.0,0.9772727272727273,0.0,0.1,0.0,0.1,0.0,0.08,0.1178343949044586,0.5055647138242769,0.25556471382427687
144,0.9731646097206227,0.4755883092430865,0.9594024764933747,0.4764270243209311,0.2534419849265073,0.4789000871324484,0.8089171974522293,0.3903593247969122,0.4064278476435605,0.09235668789808917,0.7257142857142858,0.3792724182744944,0.4040497711190798,0.08285714285714285,0.1305732484076433,0.13714285714285715,0.10285714285714286,6.831428571428572,0.07961783439490445,0.0,0.030277252259220126,0.1348147534255462,8.802547770700636,0.02698886204774285,0.05254678835599624,0.1661933172286457,0.07961783439490445,0,0.18025907066807959,0.22187940549858678,5.1914189825809025,0.7759551003063916,0.0,1.0,0.0,0.1,0.0,0.1,0.0,0.08,0.1305732484076433,0.5053977724095485,0.2553977724095486
145,0.9731660609827048,0.4750234435160041,0.9594037784827852,0.47604381911270266,0.2534419849265073,0.47920528295905224,0.8312101910828026,0.3903593247969122,0.4064278476435605,0.09235668789808917,0.7457142857142857,0.3792724182744944,0.4040497711190798,0.08285714285714285,0.09872611464968153,0.10571428571428572,0.10285714285714286,6.92,0.07961783439490445,0.0,0.03036459888733769,0.13472930129725097,8.802547770700636,0.026179196186310563,0.05101130442106161,0.16570751771178632,0.07961783439490445,0,0.1799004896004535,0.22077000847109385,5.1933048886435715,0.7604359983002638,0.0,1.0,0.0,0.1,0.0,0.1,0.0,0.08,0.09872611464968153,0.5052358392372621,0.2552358392372621
146,0.9736691693466534,0.4745876258380775,0.9598551385578707,0.4755808127333973,0.2534419849265073,0.47951125482120266,0.8184713375796179,0.390486713331944,0.40652338904483437,0.09235668789808917,0.7342857142857143,0.3793867039887801,0.404135485404794,0.08285714285714285,0.10509554140127389,0.11714285714285715,0.10285714285714286,6.997142857142857,0.08280254777070063,0.0,0.03044982175414381,0.13464641273280453,8.802547770700636,0.025393820300721244,0.04951950743199218,0.16523629218043273,0.07961783439490445,0,0.18017141643816548,0.21966615842873838,5.2065816480135565,0.8389241957577137,0.0,0.975609756097561,0.0,0.1,0.0,0.1,0.0,0.08,0.10509554140127389,0.5050787640601443,0.25507876406014424
147,0.9729138836445547,0.47488663120487584,0.9591775393851305,0.4758033850216255,0.2534419849265073,0.47977728813643933,0.8057324840764332,0.39055040759945997,0.4065711597454713,0.09235668789808917,0.7228571428571429,0.37944384684592297,0.4041783425476513,0.08285714285714285,0.08598726114649681,0.09714285714285714,0.10285714285714286,7.062857142857143,0.07961783439490445,0.0,0.030532957188338553,0.13456601082529152,8.802547770700636,0.024632005691699606,0.048070223777244014,0.16477920341501975,0.07961783439490445,0,0.1804692750702604,0.221746408244452,5.199592872196142,0.8524992736482793,0.0,0.9705882352941176,0.0,0.1,0.0,0.1,0.0,0.08,0.08598726114649681,0.50492640113834,0.2549264011383399
148,0.9732378198950281,0.47509163127647186,0.9592514320143422,0.47588622040659134,0.2534419849265073,0.48000090545145785,0.8076923076923077,0.3902565834334339,0.40555220177280416,0.09294871794871795,0.72,0.37944384684592297,0.4041783425476513,0.08285714285714285,0.10897435897435898,0.10857142857142857,0.10857142857142857,7.1571428571428575,0.07692307692307693,0.005714285714285714,0.030616394594662193,0.1344880209750039,8.76923076923077,0.023893045520948616,0.04666230725932252,0.16433582731256915,0.08012820512820513,0,0.18025207155205195,0.22063767620322974,5.204172443323648,0.8354492881753136,0.0,1.0,0.0,0.1,0.0,0.1,0.0,0.08,0.11146496815286625,0.5047786091041897,0.2547786091041897
149,0.9729103509271263,0.4746683605374887,0.9589595168200983,0.4755413894652776,0.2534419849265073,0.480272884886212,0.7852564102564102,0.3904488911257416,0.40569643254203486,0.09294871794871795,0.7,0.37961527541735157,0.40430691397622265,0.08285714285714285,0.12179487179487179,0.13142857142857142,0.10857142857142857,7.228571428571429,0.08012820512820513,0.0,0.030723746595101832,0.1344123708202249,8.76923076923077,0.023176254155320156,0.045294638707175316,0.1639057524931921,0.08012820512820513,0,0.18086466833714882,0.2195344878222136,5.2315175658857465,0.8698972180084482,0.0,0.9565217391304348,0.0,0.1,0.0,0.1,0.0,0.08,0.12179487179487179,0.5046352508310641,0.25463525083106403
150,0.9717497472043934,0.47543716165799865,0.9577285692552068,0.47600882587334953,0.2534419849265073,0.4804220057017383,0.8263665594855305,0.3916214788353564,0.40603882680934006,0.0932475884244373,0.7342857142857143,0.37961527541735157,0.40430691397622265,0.08285714285714285,0.1189710610932476,0.12,0.11142857142857143,7.3028571428571425,0.07717041800643087,0.002857142857142857,0.030900668057404403,0.13433899017008927,8.495176848874598,0.022480966530660552,0.04396612557670909,0.16348857991839633,0.08038585209003216,0,0.1806453457097488,0.21843681538310253,5.246887214568031,0.8524992736482793,0.0,1.0,0.0,0.1,0.0,0.1,0.0,0.08,0.11858974358974358,0.5044961933061322,0.2544961933061321
151,0.9728518930512553,0.4761015097045193,0.9587079045648469,0.4763290351282064,0.2534419849265073,0.4805759200300649,0.8488745980707395,0.3916214788353564,0.40603882680934006,0.0932475884244373,0.7542857142857143,0.37961527541735157,0.40430691397622265,0.08285714285714285,0.09967845659163987,0.10857142857142857,0.11142857142857143,7.382857142857143,0.07717041800643087,0.0,0.03103987843227947,0.1342678109394577,8.495176848874598,0.021806537534740735,0.042675701540988875,0.16308392252084444,0.08038585209003216,0,0.18045441253478933,0.217344631306187,5.250520898848099,0.8354492881753136,0.0,1.0,0.0,0.1,0.0,0.1,0.0,0.08,0.09967845659163987,0.5043613075069482,0.25436130750694813
152,0.9735840493546811,0.47732094367943884,0.9584556012808532,0.4771203499126583,0.2534419849265073,0.4807798848574996,0.7961165048543689,0.39220260457645195,0.40635391760378853,0.09385113268608414,0.7028571428571428,0.37961527541735157,0.40430691397622265,0.08285714285714285,0.11974110032362459,0.12571428571428572,0.11714285714285715,7.457142857142857,0.07119741100323625,0.005714285714285714,0.031169553680944016,0.1341987670857451,8.35598705501618,0.021152341408698514,0.04142232607157981,0.1626914048452191,0.08090614886731391,0,0.18040771332925826,0.21625790814965606,5.271224766585423,0.8187403024118074,0.0,1.0,0.0,0.1,0.0,0.1,0.0,0.08,0.12540192926045016,0.5042304682817397,0.25423046828173973
153,0.9732546217009369,0.4780655231027829,0.9581647637236904,0.47766368116372,0.2534419849265073,0.48117115600557236,0.8058252427184466,0.39233205441463964,0.4064510049824293,0.09385113268608414,0.7114285714285714,0.37972956113163725,0.40439262826193695,0.08285714285714285,0.09385113268608414,0.09714285714285714,0.11714285714285715,7.522857142857143,0.07119741100323625,0.0,0.03130852908150203,0.13413179454764385,8.35598705501618,0.02051777116643756,0.040204984012392475,0.16231066269986252,0.08090614886731391,0,0.18056238904832622,0.21707361370561723,5.262943128396571,0.818813095630849,0.0,0.9705882352941176,0.0,0.1,0.0,0.1,0.0,0.08,0.09385113268608414,0.5041035542332876,0.2541035542332875
154,0.97298627175291,0.47884913679780877,0.9579278490552896,0.4782842292934565,0.2534419849265073,0.48156680213248154,0.7443365695792881,0.3923967793337335,0.40649954867174964,0.09385113268608414,0.6571428571428571,0.37978670398878017,0.404435485404794,0.08285714285714285,0.11650485436893204,0.12857142857142856,0.11714285714285715,7.597142857142857,0.0744336569579288,0.0,0.03137957940529879,0.13406683118568566,8.35598705501618,0.019902238031444433,0.03902268514729912,0.16194134281886666,0.08090614886731391,0,0.18088714924594174,0.21598824563708915,5.286255694400069,0.8210838646489185,0.0,0.9777777777777777,0.0,0.1,0.0,0.1,0.0,0.08,0.11650485436893204,0.5039804476062889,0.2539804476062889
155,0.9725080906097171,0.4784567082002973,0.9575056834174422,0.4775932842659846,0.2534419849265073,0.48214209198531477,0.7508090614886731,0.3923967793337335,0.40649954867174964,0.09385113268608414,0.6628571428571428,0.37978670398878017,0.404435485404794,0.08285714285714285,0.0970873786407767,0.10285714285714286,0.11714285714285715,7.68,0.0744336569579288,0.0,0.0314487999988039,0.13400381672458617,8.35598705501618,0.0193051708905011,0.03787446376270165,0.16158310253430067,0.08090614886731391,0,0.18055399921399776,0.21490830440890368,5.283387723369209,0.8046621873559401,0.0,1.0,0.0,0.1,0.0,0.1,0.0,0.08,0.0970873786407767,0.5038610341781002,0.25386103417810024
156,0.9699808534066154,0.47914164674339843,0.9552744940009896,0.47819569771771453,0.2534419849265073,0.48264918139956353,0.7864077669902912,0.3926556790101089,0.4066937234290312,0.09385113268608414,0.6942857142857143,0.38001527541735153,0.4046069139762226,0.08285714285714285,0.12944983818770225,0.1457142857142857,0.11714285714285715,7.7457142857142856,0.0744336569579288,0.0,0.031516228800698515,0.1339426926973197,8.35598705501618,0.018726015763786068,0.03675937820614861,0.16123560945827164,0.08090614886731391,0,0.1813075156464992,0.22937945947459015,5.323434254616111,0.8681255332467198,0.0,0.9607843137254902,0.0,0.1,0.0,0.1,0.0,0.08,0.12944983818770225,0.5037452031527572,0.2537452031527572
157,0.9708267244232365,0.4798536004824359,0.9559537735424517,0.47869185709811907,0.2534419849265073,0.4830421840456109,0.7954545454545454,0.39252712429203757,0.40685524990516175,0.09415584415584416,0.7,0.38001527541735153,0.4046069139762226,0.08285714285714285,0.09415584415584416,0.1,0.12,7.822857142857143,0.07792207792207792,0.002857142857142857,0.03161099440782024,0.13388340239087124,8.285714285714286,0.018164235290872487,0.035676510442018805,0.16089854117452349,0.08116883116883117,0,0.1810848430504274,0.2282325621772172,5.31696556952379,0.8507630225817854,0.0,1.0,0.0,0.1,0.0,0.1,0.0,0.08,0.0970873786407767,0.5036328470581745,0.2536328470581745
158,0.9709906767146573,0.479568656204041,0.956098051558902,0.4784780143122029,0.2534419849265073,0.48336176041147333,0.7694805194805194,0.39252712429203757,0.40685524990516175,0.09415584415584416,0.6771428571428572,0.38001527541735153,0.4046069139762226,0.08285714285714285,0.11688311688311688,0.12857142857142856,0.12,7.902857142857143,0.08116883116883117,0.0,0.03172164158127524,0.13382589079361623,8.285714285714286,0.017619308232146313,0.03462496560521677,0.16057158493928778,0.08116883116883117,0,0.18100713312088954,0.22709139936633113,5.3391976867047415,0.8337477621301497,0.0,1.0,0.0,0.1,0.0,0.1,0.0,0.08,0.11688311688311688,0.5035238616464293,0.25352386164642926
159,0.9711710562302001,0.48009262352797183,0.9562567855325798,0.4789321689452942,0.2534419849265073,0.48364196697463685,0.775974025974026,0.3926569944219077,0.40695265250256435,0.09415584415584416,0.6828571428571428,0.3801295611316372,0.4046926282619369,0.08285714285714285,0.1266233766233766,0.12857142857142856,0.12,7.98,0.08116883116883117,0.0,0.03178421540428534,0.13377010454427882,8.285714285714286,0.01709072898518192,0.03360387155375133,0.16025443739110914,0.08116883116883117,0,0.1812158124552851,0.22595594236949945,5.360985161542076,0.8241708082409945,0.0,0.9777777777777777,0.0,0.1,0.0,0.1,0.0,0.08,0.1266233766233766,0.5034181457970364,0.25341814579703636
160,0.9730363321522021,0.47983445500415683,0.9568377577982162,0.4786433218902409,0.2534419849265073,0.483995923044487,0.8078175895765473,0.39269744964276054,0.4074464584954622,0.09446254071661238,0.7085714285714285,0.3801295611316372,0.4046926282619369,0.08285714285714285,0.09771986970684039,0.11142857142857143,0.12285714285714286,8.048571428571428,0.0781758957654723,0.002857142857142857,0.03202610507968848,0.1337159918824216,7.960912052117264,0.016578007115626462,0.03261237842100484,0.15994680426937588,0.08143322475570032,0,0.18090930482158013,0.22482616265765198,5.365194029739803,0.8076873920761747,0.0,1.0,0.0,0.1,0.0,0.1,0.0,0.08,0.10064935064935066,0.5033156014231253,0.2533156014231253
161,0.9720071907405606,0.4807299545896903,0.9559350537600048,0.47935943677287446,0.2534419849265073,0.4843662069978402,0.8078175895765473,0.39269744964276054,0.4074464584954622,0.09446254071661238,0.7085714285714285,0.3801295611316372,0.4046926282619369,0.08285714285714285,0.13680781758957655,0.14285714285714285,0.12285714285714286,8.134285714285713,0.0781758957654723,0.0,0.03212478038514986,0.13366350260042004,7.960912052117264,0.01608066690215767,0.03164965816843801,0.15964840014129458,0.08143322475570032,0,0.1808891875831865,0.2237020318443637,5.400747292002151,0.7915336442346511,0.0,1.0,0.0,0.1,0.0,0.1,0.0,0.08,0.13680781758957655,0.5032161333804316,0.25321613338043153
162,0.9708486468028755,0.48094869951841496,0.9547833660529838,0.47936347324170103,0.2534419849265073,0.4848130422092487,0.826797385620915,0.3924178409961012,0.40691498255250835,0.09477124183006536,0.7228571428571429,0.3803581325602087,0.4048640568333654,0.08285714285714285,0.10784313725490197,0.13142857142857142,0.12571428571428572,8.22,0.07516339869281045,0.002857142857142857,0.0321728439198038,0.13361258799687856,7.954248366013072,0.015598246895092939,0.03071490413941258,0.15935894813705576,0.08169934640522876,0,0.18232745593098484,0.22615735277171328,5.4241609175906795,0.9427028144150608,0.0,0.9130434782608695,0.0,0.1,0.0,0.1,0.0,0.08,0.11074918566775244,0.5031196493790185,0.2531196493790186
163,0.9703008953056732,0.48158825098492186,0.954304474744001,0.4801845083179207,0.2534419849265073,0.4852638761886441,0.8104575163398693,0.3924178409961012,0.40691498255250835,0.09477124183006536,0.7085714285714285,0.3803581325602087,0.4048640568333654,0.08285714285714285,0.08169934640522876,0.08571428571428572,0.12571428571428572,8.294285714285714,0.0784313725490196,0.0,0.03224696797455897,0.13356320083144332,7.954248366013072,0.01513029948824015,0.029807330614762373,0.15907817969294408,0.0784313725490196,0,0.18192981865132993,0.22502656600785473,5.401391984953153,0.9238487581267595,0.0,1.0,0.0,0.1,0.0,0.1,0.0,0.08,0.08169934640522876,0.503026059897648,0.25302605989764804
164,0.971886202524277,0.48360295981574436,0.9552509309085359,0.4817618429254726,0.2534419849265073,0.48572164957069214,0.839344262295082,0.3926655467888765,0.40656313652738846,0.09508196721311475,0.7314285714285714,0.3804724182744944,0.40494977111907976,0.08285714285714285,0.09180327868852459,0.1,0.12857142857142856,8.354285714285714,0.07540983606557378,0.002857142857142857,0.03239454624527393,0.13351529528097109,7.822950819672132,0.014676390503592944,0.02892617237068884,0.15880583430215575,0.07868852459016394,0,0.18219002955450186,0.22390143317781547,5.393364145254089,0.9168494148885998,0.0,0.9714285714285714,0.0,0.1,0.0,0.1,0.0,0.08,0.09477124183006536,0.5029352781007186,0.2529352781007186
165,0.9725492227517067,0.48266061951424327,0.9553519206819835,0.4812633241342447,0.2534419849265073,0.48633946394735567,0.7730263157894737,0.3927751706363858,0.4075501946538461,0.09868421052631579,0.6714285714285714,0.38064384684592295,0.40507834254765124,0.08571428571428572,0.12171052631578948,0.12857142857142856,0.13142857142857142,8.428571428571429,0.06907894736842106,0.002857142857142857,0.03256723337640821,0.13346882689701314,7.651315789473684,0.014236098788485156,0.02807068423950665,0.15854165927309108,0.07894736842105263,0,0.18296336654958648,0.22278192601192637,5.4140682909204365,0.9080043225309374,0.0,0.9555555555555556,0.0,0.1,0.0,0.1,0.0,0.08,0.12459016393442623,0.5028472197576971,0.25284721975769703
166,0.972434664635999,0.4828546598216975,0.9552524187757688,0.48156662142789847,0.2534419849265073,0.4868739110231194,0.7894736842105263,0.3927751706363858,0.4075501946538461,0.09868421052631579,0.6857142857142857,0.38064384684592295,0.40507834254765124,0.08571428571428572,0.10197368421052631,0.10285714285714286,0.13142857142857142,8.502857142857144,0.07236842105263158,0.0,0.032657939843254866,0.13342375256457384,7.651315789473684,0.013809015824830602,0.027240140673720603,0.15828540949489836,0.07894736842105263,0,0.18264812114541,0.22166801638186676,5.4086440679591705,0.8898442360803186,0.0,1.0,0.0,0.1,0.0,0.1,0.0,0.08,0.10197368421052631,0.5027618031649661,0.2527618031649661
167,0.9731955225185459,0.48392435729504335,0.9559132781937524,0.48211932262217067,0.2534419849265073,0.48728742138151976,0.819078947368421,0.3927751706363858,0.4075501946538461,0.09868421052631579,0.7114285714285714,0.38064384684592295,0.40507834254765124,0.08571428571428572,0.1118421052631579,0.11428571428571428,0.13142857142857142,8.58,0.07236842105263158,0.0,0.03270981173115515,0.13338003046210775,7.651315789473684,0.013394745350085684,0.02643383531387067,0.1580368472100514,0.07894736842105263,0,0.18250545196825435,0.22055967629995743,5.414756900885701,0.8720473513587123,0.0,1.0,0.0,0.1,0.0,0.1,0.0,0.08,0.1118421052631579,0.5026789490700171,0.25267894907001714
168,0.9733033473245993,0.48407337063498584,0.9558839263338265,0.4824782947150219,0.2534419849265073,0.4877549975889431,0.8178807947019867,0.3922871406624518,0.40743024836099334,0.09933774834437085,0.7057142857142857,0.38075813256020863,0.4051640568333655,0.08571428571428572,0.08609271523178808,0.08857142857142856,0.13714285714285715,8.642857142857142,0.0695364238410596,0.005714285714285714,0.0328910799318125,0.13333762002271562,7.430463576158941,0.012992902989583112,0.02565108056053944,0.15779574179374986,0.07947019867549669,0,0.1827610924409303,0.21945687791845764,5.395033191439415,0.8833569950268454,0.0,0.9354838709677419,0.0,0.1,0.0,0.1,0.0,0.08,0.09210526315789473,0.5025985805979166,0.2525985805979166
169,0.973300435385812,0.4834469942292738,0.9558814137466444,0.48167998930985007,0.2534419849265073,0.48829154654167034,0.7913907284768212,0.3924195909935776,0.4075295861093377,0.09933774834437085,0.6828571428571428,0.3808724182744944,0.4052497711190797,0.08571428571428572,0.08609271523178808,0.08,0.13714285714285715,8.725714285714286,0.06622516556291391,0.0,0.03298315624779997,0.13329648189650525,7.430463576158941,0.012603115899895618,0.024891207150881223,0.15756186953993737,0.07947019867549669,0,0.18287528697872565,0.21835959352886536,5.367132527610626,0.8681255332467198,0.0,0.9642857142857143,0.0,0.1,0.0,0.1,0.0,0.08,0.08609271523178808,0.5025206231799791,0.25252062317997914
170,0.9724625380027407,0.484395598067478,0.9551584280046798,0.4821678599399211,0.2534419849265073,0.48873812095916774,0.7715231788079471,0.3924195909935776,0.4075295861093377,0.09933774834437085,0.6657142857142857,0.3808724182744944,0.4052497711190797,0.08571428571428572,0.10927152317880795,0.10571428571428572,0.13714285714285715,8.782857142857143,0.06622516556291391,0.0,0.03303138998393727,0.1332565779140812,7.430463576158941,0.01222502242289875,0.024153563739992,0.15733501345373924,0.07947019867549669,0,0.18278734339740346,0.21726779556122103,5.365504162772699,0.8507630225817854,0.0,1.0,0.0,0.1,0.0,0.1,0.0,0.08,0.10927152317880795,0.5024450044845797,0.25244500448457974
171,0.9720297822388394,0.4842951961035692,0.9543802172881438,0.48187070260717535,0.2534419849265073,0.4892836739889872,0.7906976744186046,0.392197664775083,0.40805750341522573,0.09966777408637874,0.68,0.38092956113163723,0.4052926282619369,0.08571428571428572,0.09634551495016612,0.10571428571428572,0.14,8.845714285714285,0.06312292358803986,0.002857142857142857,0.033108689027224705,0.1332178710511299,7.401993355481728,0.011858271750211787,0.02343751648740955,0.15711496305012707,0.07973421926910298,0,0.18310097882327356,0.2307665940264235,5.363908365231531,0.8371855392418075,0.0,0.972972972972973,0.0,0.1,0.0,0.1,0.0,0.08,0.09933774834437085,0.5023716543500424,0.2523716543500424
172,0.9730438823775334,0.48424691856237595,0.9552523434074208,0.4818957951296966,0.2534419849265073,0.4896816817847291,0.7807308970099668,0.392197664775083,0.40805750341522573,0.09966777408637874,0.6714285714285714,0.38092956113163723,0.4052926282619369,0.08571428571428572,0.12292358803986711,0.12,0.14,8.93142857142857,0.06312292358803986,0.0,0.033154383567512526,0.1331803253940671,7.401993355481728,0.011502523597705433,0.02274244864899877,0.15690151415862325,0.07973421926910298,0,0.1828709025005858,0.2296127610562914,5.376630197926901,0.8204418284569713,0.0,1.0,0.0,0.1,0.0,0.1,0.0,0.08,0.12292358803986711,0.5023005047195411,0.2523005047195411
173,0.9733609604434698,0.4840566307265531,0.9552117489142387,0.48163120912539237,0.2534419849265073,0.4899406140979368,0.8033333333333333,0.3921705724177727,0.40808021268603684,0.1,0.6885714285714286,0.381043846845923,0.4053783425476512,0.08571428571428572,0.08,0.08285714285714285,0.14285714285714285,8.985714285714286,0.06,0.002857142857142857,0.033194312995167154,0.13314390610671617,7.386666666666667,0.011157447889774269,0.02206776017444878,0.15669446873386456,0.08,0,0.18287069084522573,0.22846469725100993,5.351954736825506,0.8354492881753136,0.0,0.9655172413793104,0.0,0.1,0.0,0.1,0.0,0.08,0.07973421926910298,0.5022314895779548,0.2522314895779548
174,0.9728014028661106,0.4830542143723231,0.9548098384111704,0.4806128693125529,0.2534419849265073,0.4903142339637157,0.8294314381270903,0.3924981185284153,0.4092792115185358,0.10033444816053512,0.7085714285714285,0.381043846845923,0.4053783425476512,0.08571428571428572,0.08695652173913043,0.08571428571428572,0.1457142857142857,9.037142857142857,0.06020066889632107,0.002857142857142857,0.03329238966764955,0.13310857939798584,7.3244147157190636,0.01082272445308104,0.021412867310581674,0.15649363467184862,0.0802675585284281,0,0.18261233810528532,0.22732237376475486,5.330629927803281,0.8187403024118074,0.0,1.0,0.0,0.1,0.0,0.1,0.0,0.08,0.09,0.5021645448906162,0.2521645448906162
175,0.971723322811489,0.4837893508398991,0.9538888500216508,0.4811448608852457,0.2534419849265073,0.49057900122368847,0.8060200668896321,0.3926987874247364,0.40942971319077665,0.10033444816053512,0.6885714285714286,0.38121527541735156,0.4055069139762226,0.08571428571428572,0.12709030100334448,0.12,0.1457142857142857,9.102857142857143,0.06020066889632107,0.0,0.033377157895382224,0.1330743124905174,7.3244147157190636,0.010498042719488608,0.020777202210646273,0.15629882563169317,0.0802675585284281,0,0.183440563557616,0.23266182667561278,5.344017329247215,0.8698972180084482,0.0,0.9523809523809523,0.0,0.1,0.0,0.1,0.0,0.08,0.12709030100334448,0.5020996085438977,0.25209960854389774
176,0.9727305272960385,0.48312812650929493,0.954749290424166,0.4807432356165109,0.2534419849265073,0.4907877387318031,0.7959866220735786,0.3928325666889505,0.40953004763893713,0.10033444816053512,0.68,0.3813295611316372,0.4055926282619369,0.08571428571428572,0.10702341137123746,0.10571428571428572,0.1457142857142857,9.151428571428571,0.06354515050167224,0.0,0.03341820041601862,0.13304107359027298,7.3244147157190636,0.01018310143790395,0.02016021254974565,0.15610986086274237,0.0802675585284281,0,0.1835513614541137,0.23149851754223472,5.342851268376557,0.8754321799220495,0.0,0.972972972972973,0.0,0.1,0.0,0.1,0.0,0.08,0.10702341137123746,0.5020366202875808,0.2520366202875808
177,0.9730921890832532,0.48384371627905576,0.9550582529223863,0.4812950579407589,0.2534419849265073,0.49098870258663874,0.782608695652174,0.3928325666889505,0.40953004763893713,0.10033444816053512,0.6685714285714286,0.3813295611316372,0.4055926282619369,0.08571428571428572,0.0903010033444816,0.09428571428571429,0.1457142857142857,9.214285714285714,0.06020066889632107,0.0,0.03345809807194043,0.1330088318570359,7.3244147157190636,0.00987760839476683,0.01956136114652751,0.1559265650368601,0.0802675585284281,0,0.1833186046468431,0.23034102495452355,5.3302799572947395,0.8579235363236084,0.0,1.0,0.0,0.1,0.0,0.1,0.0,0.08,0.0903010033444816,0.5019755216789533,0.2519755216789534
178,0.9736242904854309,0.4834724788801704,0.9555128195488182,0.48112528772916385,0.2534419849265073,0.49124569884727476,0.8093645484949833,0.3928325666889505,0.40953004763893713,0.10033444816053512,0.6914285714285714,0.3813295611316372,0.4055926282619369,0.08571428571428572,0.08361204013377926,0.08285714285714285,0.1457142857142857,9.282857142857143,0.06354515050167224,0.0,0.03349688022436545,0.1329775573757959,7.3244147157190636,0.009581280142923825,0.018980125591242847,0.1557487680857543,0.0802675585284281,0,0.18300144019503745,0.2291893198297509,5.3065315010059875,0.8407650655971363,0.0,1.0,0.0,0.1,0.0,0.1,0.0,0.08,0.08361204013377926,0.5019162560285848,0.25191625602858475
179,0.974055877027872,0.48316586492620217,0.955926241279371,0.4808284537349475,0.2534419849265073,0.49131974429673186,0.8221476510067114,0.3923614384818178,0.4101357127311775,0.10067114093959731,0.7,0.381443846845923,0.40567834254765117,0.08571428571428572,0.087248322147651,0.09428571428571429,0.14857142857142858,9.368571428571428,0.06375838926174497,0.002857142857142857,0.03353610340300917,0.13294722112899315,7.315436241610739,0.00929384173863611,0.018415997880260826,0.15557630504318165,0.08053691275167785,0,0.18331343584763365,0.22804337323060217,5.294686585271582,0.887388591227746,0.0,0.9696969696969697,0.0,0.1,0.0,0.1,0.0,0.08,0.0903010033444816,0.5018587683477272,0.25185876834772725
180,0.9744873387977221,0.4829483377615662,0.9559873184465378,0.4807912792747897,0.2534419849265073,0.4912713966321124,0.8282828282828283,0.3934805689804472,0.4103349097859562,0.10101010101010101,0.7028571428571428,0.38167241827449433,0.40584977111907977,0.08571428571428572,0.09427609427609428,0.1,0.15142857142857144,9.451428571428572,0.06397306397306397,0.002857142857142857,0.0335807296306774,0.13291779496959452,7.306397306397306,0.009015026486477026,0.017868484057111056,0.15540901589188622,0.08080808080808081,0,0.18388186938268125,0.22690315636444913,5.288792853566151,0.9057655331200002,0.0,0.9428571428571428,0.0,0.1,0.0,0.1,0.0,0.08,0.09731543624161074,0.5018030052972954,0.2518030052972954
181,0.9737212039119311,0.48272466539472136,0.9553371982720237,0.4806478653149421,0.2534419849265073,0.49118099339312743,0.7946127946127947,0.3934805689804472,0.4103349097859562,0.10101010101010101,0.6742857142857143,0.38167241827449433,0.40584977111907977,0.08571428571428572,0.09090909090909091,0.08857142857142856,0.15142857142857144,9.494285714285715,0.06734006734006734,0.0,0.03362603444777429,0.13288925159497775,7.306397306397306,0.008744575691882715,0.017337103860104452,0.15524674541512962,0.08080808080808081,0,0.1834764600357678,0.22576864058262688,5.2715884250662555,0.8876502224576002,0.0,1.0,0.0,0.1,0.0,0.1,0.0,0.08,0.09090909090909091,0.5017489151383765,0.25174891513837655
182,0.9727810802416612,0.4817228892122775,0.954463456068757,0.4798857810761753,0.2534419849265073,0.4909990305744114,0.7635135135135135,0.39429673176539454,0.4099636906858903,0.10135135135135136,0.6457142857142857,0.3817867039887801,0.40593548540479407,0.08571428571428572,0.10472972972972973,0.1,0.15428571428571428,9.562857142857142,0.060810810810810814,0.002857142857142857,0.03368204627938146,0.13286156452159956,7.263513513513513,0.008482238421126234,0.016821390376573375,0.15508934305267574,0.08108108108108109,0,0.1837859370213033,0.23086375905513168,5.26615665656493,0.8878449529398805,0.0,0.9714285714285714,0.0,0.1,0.0,0.1,0.0,0.08,0.10774410774410774,0.5016964476842253,0.2516964476842252
183,0.9708794511995017,0.48159668674437217,0.9528552212216735,0.47983420041776836,0.2534419849265073,0.4910118958552833,0.793918918918919,0.39443186690052967,0.41006504203724164,0.10135135135135136,0.6714285714285714,0.3819009897030658,0.40602119969050837,0.08571428571428572,0.08783783783783784,0.08857142857142856,0.15428571428571428,9.622857142857143,0.06756756756756757,0.0,0.03373514628966528,0.13283470806042266,7.263513513513513,0.008227771268492447,0.016320889703752672,0.15493666276109547,0.08108108108108109,0,0.18400815731835746,0.24128054716302577,5.24940495200506,0.8912124816313128,0.0,0.967741935483871,0.0,0.1,0.0,0.1,0.0,0.08,0.08783783783783784,0.5016455542536985,0.2516455542536985
184,0.9716328519081101,0.4819486549429274,0.9528642839772574,0.48000784481692904,0.2534419849265073,0.4909112077611494,0.7728813559322034,0.3945048889658423,0.4107015733009375,0.1016949152542373,0.6514285714285715,0.3819009897030658,0.40602119969050837,0.08571428571428572,0.08813559322033898,0.09142857142857143,0.15714285714285714,9.677142857142858,0.061016949152542375,0.002857142857142857,0.033796133625348404,0.1328086572930811,7.213559322033898,0.007980938130437673,0.015835160616315624,0.1547885628782626,0.08135593220338982,0,0.18380154581747993,0.24007414442721062,5.235845424393531,0.8733882319986865,0.0,1.0,0.0,0.1,0.0,0.1,0.0,0.08,0.09121621621621621,0.5015961876260875,0.25159618762608754
185,0.9731600032370712,0.4822013411045168,0.954151454383096,0.4802070139601037,0.2534419849265073,0.4907843997080323,0.7728813559322034,0.39457268557601183,0.41075242075856455,0.1016949152542373,0.6514285714285715,0.3819581325602087,0.40606405683336544,0.08571428571428572,0.08813559322033898,0.08571428571428572,0.15714285714285714,9.737142857142857,0.061016949152542375,0.0,0.033856454580450265,0.13278338804875975,7.213559322033898,0.007741509986524542,0.01536377424056179,0.15464490599191472,0.08135593220338982,0,0.18399497378483895,0.23887377370507457,5.216842801619946,0.8876502224576002,0.0,0.9666666666666667,0.0,0.1,0.0,0.1,0.0,0.08,0.08813559322033898,0.5015483019973049,0.25154830199730494
186,0.9735182712167898,0.48242202911669413,0.9544534231088586,0.48042283513861794,0.2534419849265073,0.49070460730171694,0.7559322033898305,0.39457268557601183,0.41075242075856455,0.1016949152542373,0.6371428571428571,0.3819581325602087,0.40606405683336544,0.08571428571428572,0.08813559322033898,0.08857142857142856,0.15714285714285714,9.782857142857143,0.061016949152542375,0.0,0.0338874900324347,0.13275887688176807,7.213559322033898,0.007509264686928806,0.014906313735245869,0.15450555881215727,0.08135593220338982,0,0.18370285605877193,0.23767940483654917,5.201077374158975,0.8698972180084482,0.0,1.0,0.0,0.1,0.0,0.1,0.0,0.08,0.08813559322033898,0.5015018529373858,0.25150185293738575
187,0.9726892514249825,0.4822621896119203,0.9537546778557642,0.4798659813973252,0.2534419849265073,0.49057088954504474,0.7661016949152543,0.39457268557601183,0.41075242075856455,0.1016949152542373,0.6457142857142857,0.3819581325602087,0.40606405683336544,0.08571428571428572,0.08813559322033898,0.09142857142857143,0.15714285714285714,9.834285714285715,0.061016949152542375,0.0,0.03391764224220622,0.13273510104978617,7.213559322033898,0.007283986746320942,0.014462373979026721,0.15437039204779257,0.08135593220338982,0,0.18352591463562093,0.23649100781236643,5.188484398104367,0.8524992736482793,0.0,1.0,0.0,0.1,0.0,0.1,0.0,0.08,0.08813559322033898,0.5014567973492642,0.2514567973492642
188,0.9731974936787889,0.482307642631379,0.9533115473581482,0.479768931518838,0.2534419849265073,0.49045147959864505,0.7721088435374149,0.3942092440275788,0.4108755714255569,0.10204081632653061,0.6485714285714286,0.3820152754173515,0.4061069139762226,0.08571428571428572,0.11224489795918367,0.11428571428571428,0.16,9.911428571428571,0.05782312925170068,0.002857142857142857,0.03396294108289546,0.13271203849276372,7.183673469387755,0.007065467143931314,0.014031561264504666,0.15423928028635878,0.08163265306122448,0,0.1838071436338714,0.2353085527733046,5.199000424427994,0.8507630225817854,0.0,0.975,0.0,0.1,0.0,0.1,0.0,0.08,0.1152542372881356,0.5014130934287863,0.25141309342878626
189,0.9754960494635265,0.48194077456672424,0.9541507138393924,0.4796636169027306,0.2534419849265073,0.4903936344585688,0.8253424657534246,0.3956248299695074,0.4122261473742874,0.10273972602739725,0.6885714285714286,0.3820152754173515,0.4061069139762226,0.08571428571428572,0.07191780821917808,0.06857142857142857,0.1657142857142857,9.957142857142857,0.05821917808219178,0.005714285714285714,0.03401834538371442,0.13268966781245187,7.1506849315068495,0.006853503129613374,0.013613492998807541,0.15411210187776803,0.0821917808219178,0,0.18334510791570202,0.23413201000943806,5.163591844510862,0.8337477621301497,0.0,1.0,0.0,0.1,0.0,0.1,0.0,0.08,0.0782312925170068,0.5013707006259227,0.25137070062592265
190,0.9736673043999138,0.48269966714114054,0.9526250179577496,0.48014597653934166,0.2534419849265073,0.49031700722937344,0.8047945205479452,0.3957618162708772,0.41232888710031484,0.10273972602739725,0.6714285714285714,0.38212956113163726,0.4061926282619369,0.08571428571428572,0.0958904109589041,0.09714285714285714,0.1657142857142857,9.997142857142856,0.0547945205479452,0.0,0.034083190841655904,0.13266796825254945,7.1506849315068495,0.006647898035724973,0.013207797410680344,0.153988738821435,0.07876712328767123,0,0.18371238522969496,0.23296134995939088,5.157462864763503,0.825757605878794,0.0,0.9705882352941176,0.0,0.1,0.0,0.1,0.0,0.08,0.0958904109589041,0.501329579607145,0.25132957960714497
191,0.9723616963417403,0.48334753235636574,0.9515357678063593,0.48108074459639383,0.2534419849265073,0.4902173756165303,0.797945205479452,0.395967295722932,0.41248299668935595,0.10273972602739725,0.6657142857142857,0.38230098970306586,0.4063211996905084,0.08571428571428572,0.0958904109589041,0.08571428571428572,0.1657142857142857,10.054285714285715,0.06164383561643835,0.0,0.03411014912025116,0.1326469196794441,7.1506849315068495,0.006448461094653224,0.012814113264022264,0.15386907665679192,0.07876712328767123,0,0.18419339544640365,0.23179654320959392,5.140027893182518,0.9072251894055455,0.0,0.9333333333333333,0.0,0.1,0.0,0.1,0.0,0.08,0.0958904109589041,0.5012896922189306,0.25128969221893066
192,0.9743097302148266,0.4842627606700054,0.95316098463762,0.48173296769986695,0.2534419849265073,0.49014008370058254,0.8082191780821918,0.395967295722932,0.41248299668935595,0.10273972602739725,0.6742857142857143,0.38230098970306586,0.4063211996905084,0.08571428571428572,0.08561643835616438,0.08571428571428572,0.1657142857142857,10.122857142857143,0.05821917808219178,0.0,0.034136334190326294,0.1326265025635319,7.1506849315068495,0.006255007261813627,0.012432089577813055,0.15375300435708816,0.07876712328767123,0,0.1838434284691716,0.23063756049354597,5.122941621033153,0.8890806856174346,0.0,1.0,0.0,0.1,0.0,0.1,0.0,0.08,0.08561643835616438,0.5012510014523627,0.25125100145236273
193,0.9752884021600641,0.484504162029851,0.9540376109873189,0.4820439777718247,0.2534419849265073,0.4900728444263405,0.8109965635738832,0.3967727911325887,0.4130552269930875,0.10309278350515463,0.6742857142857143,0.38241527541735154,0.4064069139762226,0.08571428571428572,0.07560137457044673,0.07714285714285714,0.16857142857142857,10.177142857142858,0.058419243986254296,0.002857142857142857,0.03415794502328021,0.13260669796109703,7.140893470790378,0.006067357043959218,0.01206138535236212,0.15364041422637553,0.07903780068728522,0,0.18403735561254003,0.22948437269107824,5.097625645755347,0.9431128000000003,0.0,0.9629629629629629,0.0,0.1,0.0,0.1,0.0,0.08,0.07876712328767123,0.5012134714087918,0.25121347140879186
194,0.9735553269097429,0.4854549876645934,0.9525966827077661,0.483038455956991,0.2534419849265073,0.4900580777542594,0.7903780068728522,0.3967727911325887,0.4130552269930875,0.10309278350515463,0.6571428571428571,0.38241527541735154,0.4064069139762226,0.08571428571428572,0.11683848797250859,0.10857142857142857,0.16857142857142857,10.248571428571429,0.058419243986254296,0.0,0.03420205421420733,0.13258748749673524,7.140893470790378,0.005885336332640441,0.011701669301808493,0.15353120179958427,0.07903780068728522,0,0.18383059812019165,0.22833695082762284,5.10424456141167,0.9242505440000003,0.0,1.0,0.0,0.1,0.0,0.1,0.0,0.08,0.11683848797250859,0.5011770672665281,0.2511770672665281
195,0.9754025017611666,0.48546199806056717,0.9535244069113686,0.48324722752586663,0.2534419849265073,0.4900689180942488,0.7689655172413793,0.39776114766194437,0.4136296423701425,0.10344827586206896,0.6371428571428571,0.3824724182744944,0.4064497711190798,0.08571428571428572,0.0896551724137931,0.08285714285714285,0.17142857142857143,10.305714285714286,0.05517241379310345,0.002857142857142857,0.034248702181002746,0.13256885334630433,7.117241379310345,0.0057087762426612275,0.011352619592798652,0.15342526574559673,0.07931034482758621,0,0.18385415941530495,0.2271952660734847,5.085016813040578,0.9248983071274723,0.0,0.9655172413793104,0.0,0.1,0.0,0.1,0.0,0.08,0.09278350515463918,0.5011417552485322,0.2511417552485323
196,0.975918258476816,0.48551285074426986,0.9539517481900495,0.48301135924075345,0.2534419849265073,0.490131795570892,0.7827586206896552,0.3978990786964271,0.41373309064600455,0.10344827586206896,0.6485714285714286,0.38258670398878014,0.40653548540479406,0.08571428571428572,0.10344827586206896,0.09142857142857143,0.17142857142857143,10.377142857142857,0.05862068965517241,0.0,0.034280188480023115,0.13255077822038627,7.117241379310345,0.005537512955381391,0.011013923589260899,0.15332250777322884,0.07931034482758621,0,0.18399117504679988,0.24137753728074962,5.074745048208339,0.9299638147843025,0.0,0.96875,0.0,0.1,0.0,0.1,0.0,0.08,0.10344827586206896,0.5011075025910763,0.2511075025910763
197,0.9750360337753572,0.48608834408628876,0.9532207620088408,0.4833446481001319,0.2534419849265073,0.49020406415432005,0.7793103448275862,0.3978990786964271,0.41373309064600455,0.10344827586206896,0.6457142857142857,0.38258670398878014,0.40653548540479406,0.08571428571428572,0.08275862068965517,0.07428571428571429,0.17142857142857143,10.445714285714285,0.06206896551724138,0.0,0.0343028658622666,0.13253324534824582,7.117241379310345,0.005371387566719949,0.010685277603193044,0.15322283254003197,0.07931034482758621,0,0.18369907702870872,0.24017064959434586,5.0475358615298855,0.9113645384886164,0.0,1.0,0.0,0.1,0.0,0.1,0.0,0.08,0.08275862068965517,0.501074277513344,0.251074277513344
198,0.9752147651480724,0.4859309220110604,0.9533393574545681,0.48325962791191024,0.2534419849265073,0.4903150128916472,0.8131487889273357,0.39867223783553124,0.41465242647774175,0.10380622837370242,0.6714285714285714,0.38258670398878014,0.40653548540479406,0.08571428571428572,0.09342560553633218,0.08571428571428572,0.1742857142857143,10.514285714285714,0.06228373702422145,0.002857142857142857,0.03439780901045141,0.13251623846226956,6.996539792387543,0.0052102459397183505,0.010366386651379123,0.153126147563831,0.07958477508650519,0,0.1834937259292794,0.23896979634637414,5.032299430013573,0.8931372477188442,0.0,1.0,0.0,0.1,0.0,0.1,0.0,0.08,0.09655172413793103,0.5010420491879437,0.25104204918794365
199,0.9750016975729453,0.48538726549159567,0.9531634245139632,0.4829926362886446,0.2534419849265073,0.49044172255298296,0.8131487889273357,0.39867223783553124,0.41465242647774175,0.10380622837370242,0.6714285714285714,0.38258670398878014,0.40653548540479406,0.08571428571428572,0.08304498269896193,0.08285714285714285,0.1742857142857143,10.585714285714285,0.06228373702422145,0.0,0.034468159320122704,0.13249974178287258,6.996539792387543,0.0050539385615268,0.01005696421794422,0.15303236313691607,0.07958477508650519,0,0.18317597158534735,0.23777494736464225,5.014510584270444,0.8752745027644672,0.0,1.0,0.0,0.1,0.0,0.1,0.0,0.08,0.08304498269896193,0.5010107877123053,0.25101078771230534
200,0.9754235138456647,0.48597957691106625,0.9535117242362942,0.4835872606445881,0.2534419849265073,0.49031918153386156,0.8027681660899654,0.39881064614002953,0.41475623270611545,0.10380622837370242,0.6628571428571428,0.3827009897030658,0.40662119969050836,0.08571428571428572,0.0657439446366782,0.06857142857142857,0.1742857142857143,10.648571428571428,0.06228373702422145,0.0,0.0344890576076512,0.1324837400038575,6.996539792387543,0.004902320404680996,0.009756732022657477,0.1529413922428086,0.07958477508650519,0,0.18359143705382175,0.23658607262781903,4.982791801156464,0.8702014392250691,0.0,0.9166666666666666,0.0,0.1,0.0,0.1,0.0,0.08,0.0657439446366782,0.5009804640809362,0.2509804640809362
201,0.97429344502361,0.48606612514520764,0.9525786102660833,0.4832455912719779,0.2534419849265073,0.4902491927085558,0.8062283737024222,0.39881064614002953,0.41475623270611545,0.10380622837370242,0.6657142857142857,0.3827009897030658,0.40662119969050836,0.08571428571428572,0.10726643598615918,0.09428571428571429,0.1742857142857143,10.714285714285714,0.06228373702422145,0.0,0.03450934977229238,0.1324682182782129,6.996539792387543,0.004755250792540566,0.00946541979488924,0.15285315047552434,0.07958477508650519,0,0.18335847986855264,0.23540314226467995,4.977421679419049,0.8527974104405677,0.0,1.0,0.0,0.1,0.0,0.1,0.0,0.08,0.10726643598615918,0.5009510501585082,0.2509510501585081
202,0.9733960559896789,0.4855373639383465,0.9518442832961734,0.48299299789016165,0.2534419849265073,0.49022365869624007,0.8090277777777778,0.39920500459957126,0.4153652657347265,0.10416666666666667,0.6657142857142857,0.3827009897030658,0.40662119969050836,0.08571428571428572,0.09722222222222222,0.09428571428571429,0.17714285714285713,10.774285714285714,0.059027777777777776,0.002857142857142857,0.03458148064954552,0.13245316220433764,6.9375,0.004612593268764349,0.00918276505312765,0.1527675559612586,0.0798611111111111,0,0.1831832617513527,0.23422612655335656,4.972158960116382,0.8357414622317563,0.0,1.0,0.0,0.1,0.0,0.1,0.0,0.08,0.09688581314878893,0.5009225186537529,0.25092251865375287
203,0.9743226166128776,0.48536689541414524,0.9526067103232624,0.48309563529864785,0.2534419849265073,0.4901350642229244,0.8125,0.39934389348846017,0.41546943240139317,0.10416666666666667,0.6685714285714286,0.3828152754173516,0.40670691397622266,0.08571428571428572,0.10069444444444445,0.09714285714285714,0.17714285714285713,10.842857142857143,0.059027777777777776,0.0,0.03461949250060207,0.13243855781267858,6.9375,0.004474215470701419,0.008908512889958198,0.15268452928242085,0.0798611111111111,0,0.1832956311568817,0.23305499592058976,4.969858638056911,0.8380262633531371,0.0,0.9705882352941176,0.0,0.1,0.0,0.1,0.0,0.08,0.10069444444444445,0.5008948430941402,0.2508948430941403
204,0.9728303159155183,0.4858735759099462,0.9513787600351494,0.48366470343086476,0.2534419849265073,0.49002163366544893,0.78125,0.39934389348846017,0.41546943240139317,0.10416666666666667,0.6428571428571429,0.3828152754173516,0.40670691397622266,0.08571428571428572,0.09722222222222222,0.09428571428571429,0.17714285714285713,10.917142857142856,0.0625,0.0,0.03463813408316893,0.1324243915527694,6.9375,0.004339989006580377,0.008642415762409206,0.15260399340394823,0.0798611111111111,0,0.18340729585824014,0.2318897209409868,4.9647471795814875,0.8212657380860744,0.0,0.9696969696969697,0.0,0.1,0.0,0.1,0.0,0.08,0.09722222222222222,0.5008679978013161,0.2508679978013161
205,0.9725072338791504,0.4856227251937629,0.9511129096737952,0.48347014244620157,0.2534419849265073,0.4899435842099079,0.7569444444444444,0.39934389348846017,0.41546943240139317,0.10416666666666667,0.6228571428571429,0.3828152754173516,0.40670691397622266,0.08571428571428572,0.09722222222222222,0.08857142857142856,0.17714285714285713,10.98,0.06597222222222222,0.0,0.03465623282784233,0.13241065028065743,6.9375,0.004209789336382965,0.008384233287564102,0.1525258736018298,0.0798611111111111,0,0.18320311937537748,0.23073027233628185,4.954023664561287,0.8048404233243529,0.0,1.0,0.0,0.1,0.0,0.1,0.0,0.08,0.09722222222222222,0.5008419578672766,0.2508419578672766
206,0.9714235827959479,0.48637518916234157,0.9502212196396173,0.48390913643261413,0.2534419849265073,0.48984487936917503,0.78125,0.3996911157106824,0.4157298490680598,0.10416666666666667,0.6428571428571429,0.38310098970306583,0.40692119969050833,0.08571428571428572,0.10069444444444445,0.09714285714285714,0.17714285714285713,11.054285714285715,0.06944444444444445,0.0,0.03467380405950635,0.1323973212467088,6.9375,0.004083495656291476,0.008133732043342223,0.15245009739377488,0.0798611111111111,0,0.18417238949278628,0.2548157501735039,4.9520860484129186,0.8789493830749442,0.0,0.9117647058823529,0.0,0.1,0.0,0.1,0.0,0.08,0.10069444444444445,0.5008166991312583,0.2508166991312583
207,0.9712546301344054,0.48645973957441946,0.9500821957352623,0.4840718049628142,0.2534419849265073,0.4897847178585635,0.7777777777777778,0.3996911157106824,0.4157298490680598,0.10416666666666667,0.64,0.38310098970306583,0.40692119969050833,0.08571428571428572,0.1076388888888889,0.10571428571428572,0.17714285714285713,11.102857142857143,0.07291666666666667,0.0,0.03469086269921605,0.13238439208377864,6.9375,0.003960990786602732,0.007890685374348227,0.15237659447196164,0.0798611111111111,0,0.1839363854024652,0.2535416714226364,4.958758613158945,0.8613703954134453,0.0,1.0,0.0,0.1,0.0,0.1,0.0,0.08,0.1076388888888889,0.5007921981573206,0.25079219815732057
208,0.9722986543641833,0.4858564446065899,0.9499508388262263,0.4836170584184986,0.2534419849265073,0.4898273316098359,0.7692307692307693,0.4009227589231835,0.4148138375364599,0.1048951048951049,0.6285714285714286,0.38310098970306583,0.40692119969050833,0.08571428571428572,0.09090909090909091,0.08571428571428572,0.18285714285714286,11.177142857142858,0.06643356643356643,0.005714285714285714,0.03478102820582058,0.1323718507957364,6.769230769230769,0.00384216106300465,0.007654873202690871,0.1523052966378028,0.08041958041958042,0,0.18358784633259576,0.25227396306552324,4.945297726610051,0.8441429875051765,0.0,1.0,0.0,0.1,0.0,0.1,0.0,0.08,0.09722222222222222,0.5007684322126009,0.2507684322126009
209,0.9727457246313714,0.48645420068153833,0.9503161591016999,0.48346918666741656,0.2534419849265073,0.48988937831162194,0.8076923076923077,0.4009227589231835,0.4148138375364599,0.1048951048951049,0.66,0.38310098970306583,0.40692119969050833,0.08571428571428572,0.08741258741258741,0.08285714285714285,0.18285714285714286,11.234285714285715,0.06993006993006994,0.0,0.03491893919649134,0.13235968574633541,6.769230769230769,0.0037268962311145103,0.007426081843671994,0.1522361377386687,0.08041958041958042,0,0.1834104863688078,0.25101259325019565,4.929248914934993,0.8272601277550728,0.0,1.0,0.0,0.1,0.0,0.1,0.0,0.08,0.08741258741258741,0.5007453792462229,0.2507453792462229
210,0.973496667267443,0.48660686668683756,0.950579929791818,0.4837643521494246,0.2534419849265073,0.49005121037785726,0.8350877192982457,0.40160919980576293,0.4157769309185636,0.10526315789473684,0.68,0.38315813256020875,0.40696405683336545,0.08571428571428572,0.10175438596491228,0.09428571428571429,0.18571428571428572,11.302857142857142,0.06666666666666667,0.002857142857142857,0.0349389748661557,0.13234788564841646,6.771929824561403,0.003615089344181075,0.007204103826245034,0.15216905360650865,0.08070175438596491,0,0.18355000536553515,0.24975753028394465,4.924949650922008,0.8221780795234651,0.0,0.9696969696969697,0.0,0.1,0.0,0.1,0.0,0.08,0.1048951048951049,0.5007230178688362,0.2507230178688362
211,0.9733609588568777,0.48540803970651697,0.9504694243717862,0.4827142523286871,0.2534419849265073,0.49018538138156414,0.7684210526315789,0.40174955068295587,0.4158821940764584,0.10526315789473684,0.6257142857142857,0.3832724182744944,0.40704977111907975,0.08571428571428572,0.08771929824561403,0.07428571428571429,0.18571428571428572,11.345714285714285,0.07368421052631578,0.0,0.03495781124077694,0.1323364395534351,6.771929824561403,0.0035066366638556424,0.006988737718145566,0.15210398199831338,0.08070175438596491,0,0.18360311319585038,0.2485087426325249,4.900736372189281,0.8517359162215995,0.0,0.9615384615384616,0.0,0.1,0.0,0.1,0.0,0.08,0.08771929824561403,0.5007013273327712,0.2507013273327711
212,0.9727068705222919,0.4853464785999218,0.949936809585052,0.4823979731886831,0.2534419849265073,0.4901453084519706,0.8070175438596491,0.40174955068295587,0.4158821940764584,0.10526315789473684,0.6571428571428571,0.3832724182744944,0.40704977111907975,0.08571428571428572,0.08771929824561403,0.08285714285714285,0.18571428571428572,11.414285714285715,0.07368421052631578,0.0,0.03497266788930595,0.13232533684130313,6.771929824561403,0.003401437563939973,0.006779787955592975,0.152040862538364,0.08070175438596491,0,0.1832275262012997,0.2472661989193623,4.885578787602639,0.8347011978971676,0.0,1.0,0.0,0.1,0.0,0.1,0.0,0.08,0.08771929824561403,0.500680287512788,0.250680287512788
213,0.9732072925408818,0.4864773790054106,0.95022555382566,0.4831800046691046,0.2534419849265073,0.4901013132660864,0.7711267605633803,0.40213480912904476,0.4170902447258542,0.1056338028169014,0.6257142857142857,0.38332956113163724,0.40709262826193693,0.08571428571428572,0.09154929577464789,0.08285714285714285,0.18857142857142858,11.474285714285715,0.07394366197183098,0.002857142857142857,0.0350286812279263,0.13231456721053517,6.697183098591549,0.0032993944370217736,0.006577064677468769,0.15197963666221306,0.08098591549295775,0,0.1833106749988646,0.2570521474967051,4.870724354707729,0.8180071739392242,0.0,0.9655172413793104,0.0,0.1,0.0,0.1,0.0,0.08,0.09473684210526316,0.5006598788874044,0.2506598788874044
214,0.9736642108630112,0.486574287856099,0.950160191934432,0.4832910987727069,0.2534419849265073,0.49006927541386763,0.8268551236749117,0.4011255232778656,0.4169508232063385,0.10600706713780919,0.6685714285714286,0.38332956113163724,0.40709262826193693,0.08571428571428572,0.12367491166077739,0.10857142857142857,0.19142857142857142,11.531428571428572,0.0706713780918728,0.002857142857142857,0.03510233159260624,0.13230412066869024,6.678445229681979,0.0032004126039111205,0.006380383563869163,0.15192024756234668,0.0812720848056537,0,0.18316341517745957,0.25576688675922155,4.881881296185003,0.8016470304604397,0.0,1.0,0.0,0.1,0.0,0.1,0.0,0.08,0.1267605633802817,0.5006400825207822,0.25064008252078224
215,0.9739672969805052,0.48671567904402296,0.9504052587094345,0.48313162782938385,0.2534419849265073,0.4900994317317918,0.8197879858657244,0.4011255232778656,0.4169508232063385,0.10600706713780919,0.6628571428571428,0.38332956113163724,0.40709262826193693,0.08571428571428572,0.09187279151943463,0.08,0.19142857142857142,11.605714285714285,0.0706713780918728,0.0,0.03511598840320099,0.13229398752310065,6.678445229681979,0.0031044002257937867,0.006189565678940356,0.15186264013547626,0.0812720848056537,0,0.18293075590525076,0.2544880523254255,4.864243670261302,0.7856140898512309,0.0,1.0,0.0,0.1,0.0,0.1,0.0,0.08,0.09187279151943463,0.5006208800451588,0.25062088004515876
216,0.9739029134304378,0.48692231962133237,0.9503532000103798,0.48297618416872506,0.2534419849265073,0.4900990341295389,0.8268551236749117,0.4011255232778656,0.4169508232063385,0.10600706713780919,0.6685714285714286,0.38332956113163724,0.40709262826193693,0.08571428571428572,0.0812720848056537,0.07428571428571429,0.19142857142857142,11.64,0.07420494699646643,0.0,0.035129244050989744,0.13228415837187876,6.678445229681979,0.003011268219019973,0.006004437317897682,0.151806760931412,0.0812720848056537,0,0.18261553069715306,0.25321561206379833,4.841244511141791,0.7699018080542063,0.0,1.0,0.0,0.1,0.0,0.1,0.0,0.08,0.0812720848056537,0.500602253643804,0.250602253643804
217,0.9740034977447573,0.48658960762058495,0.9504345296131012,0.48294454169899026,0.2534419849265073,0.49011354654936384,0.8303886925795053,0.40140820879023303,0.41716283734061405,0.10600706713780919,0.6714285714285714,0.3835581325602087,0.4072640568333655,0.08571428571428572,0.08480565371024736,0.07142857142857142,0.19142857142857142,11.688571428571429,0.07420494699646643,0.0,0.03514211006956555,0.1322746240951935,6.678445229681979,0.0029209301724493738,0.005824829858134151,0.15175255810346963,0.0812720848056537,0,0.18301659590081015,0.25194953400347936,4.815848192347526,0.7645983675639926,0.0,0.92,0.0,0.1,0.0,0.1,0.0,0.08,0.08480565371024736,0.5005841860344898,0.2505841860344899
218,0.9749997206418753,0.48648155645878877,0.9512400469841993,0.4830705643869253,0.2534419849265073,0.49007678168285407,0.7597173144876325,0.40140820879023303,0.41716283734061405,0.10600706713780919,0.6142857142857143,0.3835581325602087,0.4072640568333655,0.08571428571428572,0.12014134275618374,0.10285714285714286,0.19142857142857142,11.757142857142858,0.07420494699646643,0.0,0.035154597675833454,0.13226537584680878,6.678445229681979,0.0028333022672758926,0.0056505796143262454,0.15169998136036553,0.0812720848056537,0,0.18338437933203827,0.25068978633346195,4.822388371357718,0.7493064002127127,0.0,0.9722222222222222,0.0,0.1,0.0,0.1,0.0,0.08,0.12014134275618374,0.5005666604534552,0.25056666045345516
219,0.9749400759701664,0.4866117637266169,0.9511918200067889,0.4832600729480475,0.2534419849265073,0.49006659693114046,0.7667844522968198,0.40140820879023303,0.41716283734061405,0.10600706713780919,0.62,0.3835581325602087,0.4072640568333655,0.08571428571428572,0.09540636042402827,0.08,0.19142857142857142,11.814285714285715,0.07420494699646643,0.0,0.03516671777780506,0.13225640504587563,6.678445229681979,0.0027483031992576157,0.005481527697443478,0.15164898191955456,0.0812720848056537,0,0.1830383152925209,0.24943633740179463,4.805940603930564,0.7343202722084584,0.0,1.0,0.0,0.1,0.0,0.1,0.0,0.08,0.09540636042402827,0.5005496606398515,0.2505496606398515
220,0.9736103332963747,0.4869602486825555,0.9501166280734088,0.48371880904520775,0.2534419849265073,0.4901202057706626,0.7879858657243817,0.40147888016832495,0.41721584087418295,0.10600706713780919,0.6371428571428571,0.3836152754173515,0.4073069139762226,0.08571428571428572,0.0989399293286219,0.08285714285714285,0.19142857142857142,11.88,0.07420494699646643,0.0,0.035178480982257856,0.13224770336897046,6.678445229681979,0.0026658541032798873,0.005317519877569565,0.15159951246196793,0.0812720848056537,0,0.18306569514462975,0.24818915571478567,4.7926789347090955,0.7488702915345591,0.0,0.9655172413793104,0.0,0.1,0.0,0.1,0.0,0.08,0.0989399293286219,0.500533170820656,0.25053317082065596
221,0.9743739854003405,0.4876724154605851,0.9507340953460438,0.48414140592339727,0.2534419849265073,0.49016741015989745,0.823321554770318,0.40147888016832495,0.41721584087418295,0.10600706713780919,0.6657142857142857,0.3836152754173515,0.4073069139762226,0.08571428571428572,0.10247349823321555,0.08285714285714285,0.19142857142857142,11.954285714285714,0.07420494699646643,0.0,0.025032761974310227,0.1428017025389626,6.678445229681979,0.1026658541032799,0.1856228639758878,0.21159951246196793,0.0812720848056537,0,0.18289094593678157,0.24694820993621175,4.779682498872057,0.7338928857038679,0.0,1.0,0.0,0.1,0.0,0.1,0.0,0.08,0.10247349823321555,0.520533170820656,0.270533170820656
222,0.9763526615676427,0.4874652778944308,0.9509930623752202,0.484573007188698,0.2534419849265073,0.49010992492052086,0.797153024911032,0.4032785131791775,0.4180400890224048,0.10676156583629894,0.64,0.38378670398878006,0.407435485404794,0.08571428571428572,0.08185053380782918,0.07714285714285714,0.19714285714285715,12.002857142857144,0.06761565836298933,0.005714285714285714,0.02528040109828592,0.14247664193726486,6.590747330960854,0.0995858784801815,0.18059085797776442,0.2097515270881089,0.08185053380782918,0,0.18331891977852624,0.24571346888653067,4.761231706037473,0.8138193952109657,0.0,0.9259259259259259,0.0,0.1,0.0,0.1,0.0,0.08,0.08833922261484099,0.5199171756960363,0.2699171756960363
223,0.9760012444801109,0.4883714367120139,0.950538546344954,0.4851253119002159,0.2534419849265073,0.49011108235041784,0.7964285714285714,0.4040871624242512,0.41828215977175426,0.10714285714285714,0.6371428571428571,0.3838438468459229,0.4074783425476512,0.08571428571428572,0.08571428571428572,0.08571428571428572,0.2,12.057142857142857,0.06785714285714285,0.002857142857142857,0.025507460186086423,0.14216133315361798,6.585714285714285,0.09659830212577605,0.1756801065889334,0.20795898127546564,0.07857142857142857,0,0.18351447587608,0.2563364192201463,4.751721357631009,0.8623808816354079,0.0,0.9666666666666667,0.0,0.1,0.0,0.1,0.0,0.08,0.08896797153024912,0.5193196604251552,0.2693196604251552
224,0.9747816144908199,0.4889365797895408,0.9495628423535212,0.4855428196385327,0.2534419849265073,0.49015371483271963,0.8142857142857143,0.40415859099567975,0.4183357312003257,0.10714285714285714,0.6514285714285715,0.38390098970306585,0.4075211996905084,0.08571428571428572,0.075,0.06571428571428571,0.2,12.111428571428572,0.06785714285714285,0.0,0.025715892405543412,0.14185548363348058,6.585714285714285,0.09370035306200276,0.17088856021819543,0.20622021183720166,0.07857142857142857,0,0.18351061849669967,0.2550547371240456,4.722401216192674,0.8735497959220491,0.0,0.9565217391304348,0.0,0.1,0.0,0.1,0.0,0.08,0.075,0.5187400706124006,0.2687400706124006
225,0.9731595142945634,0.49065106173132,0.948265162196516,0.48709808017249606,0.2534419849265073,0.49026390236263157,0.8285714285714286,0.4043014481385369,0.41844287405746855,0.10714285714285714,0.6628571428571428,0.3840152754173515,0.4076069139762227,0.08571428571428572,0.07142857142857142,0.06285714285714286,0.2,12.154285714285715,0.06785714285714285,0.0,0.02592281095522913,0.1415588095989473,6.585714285714285,0.09088934247014267,0.16621415063728118,0.2045336054820856,0.07857142857142857,0,0.18359178254350186,0.2537794634384254,4.690810334725963,0.9076479171200007,0.0,0.9545454545454546,0.0,0.1,0.0,0.1,0.0,0.08,0.07142857142857142,0.5181778684940286,0.2681778684940285
226,0.9742286007624078,0.4902223343331736,0.9491204313707915,0.4865747307038887,0.2534419849265073,0.49046400869629153,0.7785714285714286,0.4043014481385369,0.41844287405746855,0.10714285714285714,0.6228571428571429,0.3840152754173515,0.4076069139762227,0.08571428571428572,0.075,0.06285714285714286,0.2,12.197142857142858,0.06785714285714285,0.0,0.02612806104236297,0.14127103578544997,6.585714285714285,0.0881626621960384,0.16165479517538206,0.20289759731762302,0.07857142857142857,0,0.18321582434507008,0.2525105661212333,4.659851270888587,0.8894949587776007,0.0,1.0,0.0,0.1,0.0,0.1,0.0,0.08,0.075,0.5176325324392077,0.2676325324392077
227,0.9737568283670098,0.4893412612328355,0.9485942692617881,0.4865440843839134,0.2534419849265073,0.4906870198624119,0.7670250896057348,0.4046817405615102,0.4194663428655567,0.10752688172043011,0.6114285714285714,0.3840152754173515,0.4076069139762227,0.08571428571428572,0.08960573476702509,0.07428571428571429,0.20285714285714285,12.24,0.06810035842293907,0.002857142857142857,0.026342554046077653,0.14099189518635755,6.544802867383512,0.08551778233015725,0.1572084006583333,0.20131066939809433,0.07885304659498207,0,0.18298290231273748,0.2512480132906271,4.64093995975653,0.8717050596020486,0.0,1.0,0.0,0.1,0.0,0.1,0.0,0.08,0.08928571428571429,0.5171035564660315,0.26710355646603146
228,0.973933937161904,0.48940992598807626,0.9486647671285677,0.48655389070676947,0.2534419849265073,0.49066520199855246,0.7985611510791367,0.4038518159960339,0.4198101395759233,0.1079136690647482,0.6342857142857142,0.3840152754173515,0.4076069139762227,0.08571428571428572,0.08633093525179857,0.08285714285714285,0.2057142857142857,12.285714285714286,0.06474820143884892,0.002857142857142857,0.026570989159979824,0.14072112880523793,6.510791366906475,0.08295224886025253,0.15287286710145354,0.1997713493161515,0.07913669064748201,0,0.18298213065831662,0.24999177322417396,4.630978303418542,0.8542709584100077,0.0,0.9655172413793104,0.0,0.1,0.0,0.1,0.0,0.08,0.08960573476702509,0.5165904497720505,0.2665904497720505
229,0.9728662302327516,0.48933368400907507,0.947816702767698,0.4863626123218214,0.2534419849265073,0.49079618574979994,0.802158273381295,0.4038518159960339,0.4198101395759233,0.1079136690647482,0.6371428571428571,0.3840152754173515,0.4076069139762227,0.08571428571428572,0.07553956834532374,0.06571428571428571,0.2057142857142857,12.32,0.06474820143884892,0.0,0.02678626558461884,0.14045848541555195,6.510791366906475,0.08046368139444494,0.1486460911651306,0.19827820883666697,0.07913669064748201,0,0.18274755259532616,0.2487418143580531,4.604073023064456,0.8371855392418075,0.0,1.0,0.0,0.1,0.0,0.1,0.0,0.08,0.07553956834532374,0.516092736278889,0.26609273627888896
230,0.9734891511028528,0.489707827282315,0.9483114799159499,0.48684501213130377,0.2534419849265073,0.4909625603155555,0.8057553956834532,0.4038518159960339,0.4198101395759233,0.1079136690647482,0.64,0.3840152754173515,0.4076069139762227,0.08571428571428572,0.08992805755395683,0.07428571428571429,0.2057142857142857,12.36,0.06474820143884892,0.0,0.026984528177434935,0.14020372132755649,6.510791366906475,0.07804977095261159,0.14452596938226991,0.19682986257156695,0.07913669064748201,0,0.1826313941002245,0.24749810528626282,4.586277276888881,0.8204418284569713,0.0,1.0,0.0,0.1,0.0,0.1,0.0,0.08,0.08992805755395683,0.5156099541905224,0.2656099541905223
231,0.9739994139077487,0.48994458075014474,0.9487167743724102,0.48735238300316497,0.2534419849265073,0.4910454995225923,0.8345323741007195,0.4038518159960339,0.4198101395759233,0.1079136690647482,0.6628571428571428,0.3840152754173515,0.4076069139762227,0.08571428571428572,0.07553956834532374,0.06857142857142857,0.2057142857142857,12.405714285714286,0.06474820143884892,0.0,0.027180480799262757,0.1399566001622009,6.510791366906475,0.07570827782403323,0.1405104011667173,0.19542496669441994,0.07913669064748201,0,0.18206109427258055,0.24626061475983152,4.563123159922532,0.8040329918878318,0.0,1.0,0.0,0.1,0.0,0.1,0.0,0.08,0.07553956834532374,0.5151416555648066,0.2651416555648066
232,0.9735632390391413,0.4899953742628051,0.948370326905345,0.48719939879779484,0.2534419849265073,0.4911245263946205,0.8165467625899281,0.4038518159960339,0.4198101395759233,0.1079136690647482,0.6485714285714286,0.3840152754173515,0.4076069139762227,0.08571428571428572,0.08273381294964029,0.07142857142857142,0.2057142857142857,12.457142857142857,0.06474820143884892,0.0,0.027374026390490802,0.13971689263180603,6.510791366906475,0.07343702948931223,0.1365972916117163,0.19406221769358734,0.07913669064748201,0,0.1821216459440748,0.24502931168603237,4.543289268152652,0.7879523320500753,0.0,0.96,0.0,0.1,0.0,0.1,0.0,0.08,0.08273381294964029,0.5146874058978624,0.26468740589786244
233,0.9740271865517584,0.48911176434767967,0.948738833786795,0.48648103568187756,0.2534419849265073,0.49104629766922403,0.7949640287769785,0.4038518159960339,0.4198101395759233,0.1079136690647482,0.6314285714285715,0.3840152754173515,0.4076069139762227,0.08571428571428572,0.07553956834532374,0.07428571428571429,0.2057142857142857,12.51142857142857,0.06474820143884892,0.0,0.02756507669373249,0.1394843763273229,6.510791366906475,0.07123391860463286,0.13278455408737522,0.1927403511627797,0.07913669064748201,0,0.1817814677143544,0.2438041651276022,4.526709197075314,0.7721932854090737,0.0,1.0,0.0,0.1,0.0,0.1,0.0,0.08,0.07553956834532374,0.5142467837209266,0.2642467837209266
234,0.9742117883794371,0.4887865278522452,0.9488854603813514,0.4861658208646668,0.2534419849265073,0.49098700173671156,0.7985611510791367,0.4039957008881203,0.419918053244988,0.1079136690647482,0.6342857142857142,0.38412956113163726,0.4076926282619369,0.08571428571428572,0.09712230215827339,0.08285714285714285,0.2057142857142857,12.554285714285715,0.06115107913669065,0.0,0.027753551946499668,0.13925883551197435,6.510791366906475,0.06909690104649388,0.12907011264601032,0.19145814062789632,0.07913669064748201,0,0.1818708532150862,0.24258514430196418,4.51903215599095,0.7879523320500753,0.0,0.9655172413793104,0.0,0.1,0.0,0.1,0.0,0.08,0.09712230215827339,0.5138193802092987,0.2638193802092988
235,0.9746967852753053,0.4897237219120858,0.9493429813864257,0.48669797882960436,0.2534419849265073,0.4908985761804876,0.8086642599277978,0.4040324376480377,0.42052939653235877,0.10830324909747292,0.64,0.3843009897030658,0.40782119969050834,0.08571428571428572,0.09747292418772563,0.08571428571428572,0.20857142857142857,12.597142857142858,0.05776173285198556,0.002857142857142857,0.027977549046137955,0.13904006092108623,6.4548736462093865,0.06702399401509906,0.12545190424408792,0.19021439640905943,0.07942238267148015,0,0.18236078537758219,0.24137221858045435,4.514365798585417,0.8086323555163731,0.0,0.9333333333333333,0.0,0.1,0.0,0.1,0.0,0.08,0.10071942446043165,0.5134047988030198,0.2634047988030198
236,0.9738202975088877,0.48906149984161285,0.9486429065530066,0.4865443453615611,0.2534419849265073,0.49098697059696067,0.822463768115942,0.40342920852150577,0.42025025518723486,0.10869565217391304,0.6485714285714286,0.3843009897030658,0.40782119969050834,0.08571428571428572,0.07246376811594203,0.06,0.21142857142857144,12.651428571428571,0.05434782608695652,0.002857142857142857,0.028271754285686596,0.13882784956792474,6.27536231884058,0.06501327419464609,0.12192788078932892,0.18900796451678764,0.07971014492753623,0,0.1819625535935514,0.24016535748755208,4.484078482613708,0.7924597084060456,0.0,1.0,0.0,0.1,0.0,0.1,0.0,0.08,0.07220216606498195,0.5130026548389293,0.2630026548389292
237,0.972583172943658,0.48875878709048537,0.9476673454672828,0.48599395978058735,0.2534419849265073,0.49115141012489205,0.8369565217391305,0.40342920852150577,0.42025025518723486,0.10869565217391304,0.66,0.3843009897030658,0.40782119969050834,0.08571428571428572,0.09420289855072464,0.08,0.21142857142857144,12.691428571428572,0.05434782608695652,0.0,0.028466234519230443,0.13862200455535814,6.27536231884058,0.0630628759688067,0.11849601102135776,0.18783772558128403,0.07971014492753623,0,0.18162359796844083,0.2389645307001143,4.474396912961434,0.7766105142379247,0.0,1.0,0.0,0.1,0.0,0.1,0.0,0.08,0.09420289855072464,0.5126125751937614,0.26261257519376136
238,0.9733016368951933,0.48797591289310294,0.9482339056119221,0.4852743628029919,0.2534419849265073,0.49140557085583986,0.822463768115942,0.40350167228962175,0.42030460301332184,0.10869565217391304,0.6485714285714286,0.3843581325602086,0.4078640568333655,0.08571428571428572,0.10507246376811594,0.09428571428571429,0.21142857142857144,12.734285714285715,0.05434782608695652,0.0,0.028646257262791002,0.1384223348931685,6.27536231884058,0.0611709896897425,0.11515428223408042,0.1867025938138455,0.07971014492753623,0,0.1816581942643129,0.23776970804661374,4.47919468898792,0.7730854681917348,0.0,0.9696969696969697,0.0,0.1,0.0,0.1,0.0,0.08,0.10507246376811594,0.5122341979379486,0.2622341979379485
239,0.9728125374753857,0.48687401308331946,0.947925894248087,0.4841541540675085,0.2534419849265073,0.4914979521940364,0.8436363636363636,0.4035942284413753,0.4212048206724519,0.10909090909090909,0.6628571428571428,0.3843581325602086,0.4078640568333655,0.08571428571428572,0.05090909090909091,0.04285714285714286,0.21428571428571427,12.777142857142858,0.05090909090909091,0.002857142857142857,0.028842864614482572,0.13822865532084452,6.203636363636364,0.05933585999905022,0.11190070184776524,0.18560151599943012,0.08,0,0.18109233257870563,0.23658085950638066,4.4324679380653045,0.7576237588279001,0.0,1.0,0.0,0.1,0.0,0.1,0.0,0.08,0.05434782608695652,0.51186717199981,0.26186717199981
240,0.9727140617719349,0.48683566744964746,0.9478485204810899,0.48434627685026144,0.2534419849265073,0.49147923744640043,0.8181818181818182,0.4036669557141026,0.4212593661269974,0.10909090909090909,0.6428571428571429,0.3844152754173515,0.40790691397622264,0.08571428571428572,0.10545454545454545,0.08571428571428572,0.21428571428571427,12.814285714285715,0.05090909090909091,0.0,0.029058119843765773,0.13804078613569035,6.203636363636364,0.05755578419907871,0.10873329883857896,0.1845334705194472,0.08,0,0.18127158520152636,0.23539795520884876,4.429532865018285,0.7424712836513421,0.0,0.9666666666666667,0.0,0.1,0.0,0.1,0.0,0.08,0.10545454545454545,0.5115111568398157,0.26151115683981574
241,0.9740503049587237,0.4867409978110379,0.9487424237093507,0.48408831605110386,0.2534419849265073,0.4913565510085472,0.8284671532846716,0.40426348706416637,0.42270965231831786,0.10948905109489052,0.6485714285714286,0.3845295611316372,0.4079926282619369,0.08571428571428572,0.07664233576642336,0.07428571428571429,0.21714285714285714,12.86,0.051094890510948905,0.002857142857142857,0.029237539522936656,0.1378585530260907,6.182481751824818,0.05582911067310635,0.1056501250330999,0.1834974664038638,0.08029197080291971,0,0.18130751370409018,0.23551876565751106,4.415227922003632,0.7726477383302897,0.0,0.9615384615384616,0.0,0.1,0.0,0.1,0.0,0.08,0.08,0.5111658221346213,0.26116582213462125
242,0.9752619639429887,0.48617189447576026,0.949312040258718,0.48339771166913814,0.2534419849265073,0.4911735256411608,0.8021978021978022,0.40476240071448183,0.423394364023764,0.10989010989010989,0.6257142857142857,0.3845867039887801,0.408035485404794,0.08571428571428572,0.07326007326007326,0.06571428571428571,0.22,12.90857142857143,0.04395604395604396,0.002857142857142857,0.02952586015731643,0.13768178690977914,5.978021978021978,0.05415423735291316,0.1026492562750918,0.1824925424117479,0.08058608058608059,0,0.1813149761355697,0.23434117182922348,4.392637649277845,0.8524992736482793,0.0,0.9565217391304348,0.0,0.1,0.0,0.1,0.0,0.08,0.07664233576642336,0.5108308474705826,0.2608308474705826
243,0.9758508269996118,0.4873180675539685,0.9492950900851871,0.4845007270517049,0.2534419849265073,0.4909593194196939,0.8492647058823529,0.4040228959182277,0.4229144741822343,0.11029411764705882,0.66,0.3847581325602087,0.4081640568333655,0.08571428571428572,0.07720588235294118,0.07142857142857142,0.22285714285714286,12.94,0.04044117647058824,0.002857142857142857,0.029771427198272436,0.13751032377695682,5.838235294117647,0.05252961023232576,0.0997287934715827,0.18151776613939546,0.08088235294117647,0,0.1819447719379446,0.23316946597007737,4.37621346772086,0.8636867203236098,0.0,0.92,0.0,0.1,0.0,0.1,0.0,0.08,0.08058608058608059,0.5105059220464652,0.26050592204646517
244,0.9750965669806493,0.48689826065631614,0.9487089222990219,0.4837942732137221,0.2534419849265073,0.4907113299124828,0.8419117647058824,0.40416995474175715,0.4230247682998814,0.11029411764705882,0.6542857142857142,0.38487241827449437,0.4082497711190797,0.08571428571428572,0.05514705882352941,0.045714285714285714,0.22285714285714286,12.982857142857142,0.04044117647058824,0.0,0.03000750536525687,0.13734400453811932,5.838235294117647,0.05095372192535599,0.09688686352504317,0.1805722331552136,0.08088235294117647,0,0.18189105093182634,0.238351140152418,4.334403484080728,0.9623600000000003,0.0,0.9375,0.0,0.1,0.0,0.1,0.0,0.08,0.05514705882352941,0.5101907443850712,0.26019074438507117
245,0.9752442256535628,0.4863784303763563,0.9484328557184014,0.48365797122536786,0.2534419849265073,0.490366969968884,0.7962962962962963,0.4056169821359048,0.4239443898640551,0.1111111111111111,0.6142857142857143,0.38492956113163723,0.40829262826193696,0.08571428571428572,0.05555555555555555,0.05714285714285714,0.22857142857142856,13.005714285714285,0.03333333333333333,0.005714285714285714,0.030175794573587916,0.13718267487644684,5.814814814814815,0.04942511026759531,0.09412162015821623,0.17965506616055718,0.08148148148148149,0,0.18192373853431004,0.2371593844516559,4.304858271541971,0.9603999999999999,0.0,0.95,0.0,0.1,0.0,0.1,0.0,0.08,0.058823529411764705,0.509885022053519,0.25988502205351904
246,0.9751014955230346,0.48680802519337096,0.9483227496177083,0.48420015884022033,0.2534419849265073,0.4900981042628574,0.8481481481481481,0.4059132784322011,0.4241666120862773,0.1111111111111111,0.6542857142857142,0.38515813256020864,0.40846405683336545,0.08571428571428572,0.05185185185185185,0.04285714285714286,0.22857142857142856,13.028571428571428,0.03333333333333333,0.0,0.030348673892379767,0.1370261851046245,5.814814814814815,0.047942356959567445,0.09143124463789898,0.17876541417574046,0.08148148148148149,0,0.18221326412735275,0.23904557002498603,4.261618248968274,0.9450728000000008,0.0,0.8666666666666667,0.0,0.1,0.0,0.1,0.0,0.08,0.05185185185185185,0.5095884713919134,0.2595884713919135
247,0.9750334152558257,0.48771313570408414,0.9482702305544329,0.48462009698584063,0.2534419849265073,0.489788831750473,0.8518518518518519,0.4059132784322011,0.4241666120862773,0.1111111111111111,0.6571428571428571,0.38515813256020864,0.40846405683336545,0.08571428571428572,0.06666666666666667,0.05714285714285714,0.22857142857142856,13.051428571428572,0.037037037037037035,0.0,0.030505865676915777,0.13687439002595697,5.814814814814815,0.04650408625078042,0.08881394640373375,0.17790245175046823,0.08148148148148149,0,0.18192834850316245,0.2378503421748611,4.2335287411317655,0.9261713440000008,0.0,1.0,0.0,0.1,0.0,0.1,0.0,0.08,0.06666666666666667,0.5093008172501561,0.2593008172501561
248,0.974111711112702,0.488742358164764,0.9475592016440231,0.4853563265223134,0.2534419849265073,0.48959781925245294,0.8333333333333334,0.4059132784322011,0.4241666120862773,0.1111111111111111,0.6428571428571429,0.38515813256020864,0.40846405683336545,0.08571428571428572,0.07777777777777778,0.06571428571428571,0.22857142857142856,13.065714285714286,0.03333333333333333,0.0,0.030659940749721958,0.13672714879964928,5.814814814814815,0.04510896366325701,0.08626796360781619,0.1770653781979542,0.08148148148148149,0,0.18153227890350376,0.23666109046398678,4.2145724520234165,0.9076479171200007,0.0,1.0,0.0,0.1,0.0,0.1,0.0,0.08,0.07777777777777778,0.5090217927326514,0.2590217927326514
249,0.9740154077961123,0.48851328410799183,0.9474849105140823,0.4852406059292017,0.2534419849265073,0.4894686823058899,0.8629629629629629,0.40606142658034927,0.42427772319738843,0.1111111111111111,0.6657142857142857,0.3852724182744943,0.40854977111907975,0.08571428571428572,0.07037037037037037,0.06,0.22857142857142856,13.094285714285714,0.037037037037037035,0.0,0.030810909440750846,0.13658432481013094,5.814814814814815,0.043755694753359296,0.08379156357069062,0.17625341685201557,0.08148148148148149,0,0.1814244746518434,0.23547778501166683,4.190281002982948,0.9239322898767913,0.0,0.9523809523809523,0.0,0.1,0.0,0.1,0.0,0.08,0.07037037037037037,0.5087511389506718,0.25875113895067187
250,0.9740278240510027,0.48843896114578805,0.947494488767855,0.485648941624341,0.2534419849265073,0.4893715993076652,0.8407407407407408,0.40606142658034927,0.42427772319738843,0.1111111111111111,0.6485714285714286,0.3852724182744943,0.40854977111907975,0.08571428571428572,0.08518518518518518,0.07428571428571429,0.22857142857142856,13.125714285714286,0.037037037037037035,0.0,0.03095878572320673,0.13644578554029807,5.814814814814815,0.042443023910758514,0.08138304315905875,0.1754658143464551,0.08148148148148149,0,0.18134194506442336,0.23430039608660852,4.180761097209002,0.9054536440792554,0.0,1.0,0.0,0.1,0.0,0.1,0.0,0.08,0.08518518518518518,0.5084886047821517,0.2584886047821517
251,0.9737243519577818,0.4889363451008596,0.9472603817245132,0.48637133932354687,0.2534419849265073,0.4892770040591892,0.8333333333333334,0.4063577228766455,0.42449994541961067,0.1111111111111111,0.6428571428571429,0.38550098970306584,0.40872119969050835,0.08571428571428572,0.08148148148148149,0.07142857142857142,0.22857142857142856,13.162857142857144,0.040740740740740744,0.0,0.031103586951033848,0.1363114024485603,5.814814814814815,0.04116973319343576,0.07904072909029669,0.17470183991606145,0.08148148148148149,0,0.18169237819624412,0.23312889410617546,4.168574446693395,0.9095687171200011,0.0,0.92,0.0,0.1,0.0,0.1,0.0,0.08,0.08148148148148149,0.5082339466386872,0.25823394663868715
252,0.9731862387195246,0.4884845039554827,0.9468452657978579,0.4856804103045209,0.2534419849265073,0.4892173489696959,0.8296296296296296,0.4063577228766455,0.42449994541961067,0.1111111111111111,0.64,0.38550098970306584,0.40872119969050835,0.08571428571428572,0.07407407407407407,0.06285714285714286,0.22857142857142856,13.191428571428572,0.040740740740740744,0.0,0.031245333606790052,0.13618105084957463,5.814814814814815,0.03993464119763269,0.07676297816864242,0.17396078471857962,0.08148148148148149,0,0.18124077344812,0.2319632496356446,4.14806010061667,0.8913773427776011,0.0,1.0,0.0,0.1,0.0,0.1,0.0,0.08,0.07407407407407407,0.5079869282395265,0.2579869282395265
253,0.9739677326738453,0.4890342475975166,0.9474481325626193,0.4865363331936416,0.2534419849265073,0.48929702065807545,0.8185185185185185,0.4063577228766455,0.42449994541961067,0.1111111111111111,0.6314285714285715,0.38550098970306584,0.40872119969050835,0.08571428571428572,0.07777777777777778,0.06571428571428571,0.22857142857142856,13.222857142857142,0.040740740740740744,0.0,0.03138404905995476,0.13605460979855846,5.814814814814815,0.038736601961703705,0.07454817745769149,0.17324196117702223,0.08148148148148149,0,0.18067742672373657,0.23080343338746637,4.130813184318621,0.8735497959220491,0.0,1.0,0.0,0.1,0.0,0.1,0.0,0.08,0.07777777777777778,0.5077473203923407,0.2577473203923407
254,0.9733900899910669,0.4899205368224922,0.9470025224930474,0.48677083351540734,0.2534419849265073,0.489424303926473,0.8185185185185185,0.40650587102479363,0.4246110565307218,0.1111111111111111,0.6314285714285715,0.38561527541735147,0.4088069139762226,0.08571428571428572,0.07407407407407407,0.06,0.22857142857142856,13.262857142857143,0.040740740740740744,0.0,0.0315197593356612,0.13593196197907284,5.814814814814815,0.03757450390285259,0.07239474439361815,0.17254470234171154,0.08148148148148149,0,0.18080075815797503,0.24294823562158363,4.108196920632248,0.9056428761492444,0.0,0.9523809523809523,0.0,0.1,0.0,0.1,0.0,0.08,0.07407407407407407,0.5075149007805705,0.25751490078057054
255,0.9723295472824122,0.4897964110843601,0.946184389546371,0.48669329138428974,0.2534419849265073,0.4896430142773177,0.8333333333333334,0.40650587102479363,0.4246110565307218,0.1111111111111111,0.6428571428571429,0.38561527541735147,0.4088069139762226,0.08571428571428572,0.06666666666666667,0.05714285714285714,0.22857142857142856,13.3,0.040740740740740744,0.0,0.03165249289379072,0.1358129935941718,5.814814814814815,0.03644726878576701,0.07030112684332634,0.1718683612714602,0.08148148148148149,0,0.18046732651004233,0.2417334944434757,4.083175839362461,0.8875300186262595,0.0,1.0,0.0,0.1,0.0,0.1,0.0,0.08,0.06666666666666667,0.5072894537571534,0.2572894537571534
256,0.9714487998300749,0.4890161257845315,0.9453928156383701,0.486134903628546,0.2534419849265073,0.4899028137834827,0.7955390334572491,0.4070856386181888,0.4258006236075834,0.11152416356877323,0.6114285714285714,0.38561527541735147,0.4088069139762226,0.08571428571428572,0.06319702602230483,0.06,0.23142857142857143,13.334285714285715,0.03717472118959108,0.002857142857142857,0.03178390760649546,0.13569759426081776,5.799256505576208,0.035353850722194,0.06826580311152597,0.1712123104333164,0.08178438661710037,0,0.17999327559177783,0.24052482697125832,4.061512322575211,0.8697794182537343,0.0,1.0,0.0,0.1,0.0,0.1,0.0,0.08,0.06666666666666667,0.5070707701444388,0.2570707701444388
257,0.9709948864253549,0.48925258495903423,0.9450439507644566,0.4857937053548285,0.2534419849265073,0.4902493736446567,0.7881040892193308,0.40738303638770557,0.42602367193472096,0.11524163568773234,0.6057142857142858,0.38584384684592304,0.4089783425476511,0.08857142857142856,0.09293680297397769,0.08,0.23142857142857143,13.371428571428572,0.048327137546468404,0.0,0.0319209655927901,0.1355856569074643,5.799256505576208,0.034293235200528176,0.06628728190052913,0.1705759411203169,0.08178438661710037,0,0.18046430921381892,0.23932220283640201,4.060282076123707,0.8917532398274098,0.0,0.9285714285714286,0.0,0.1,0.0,0.1,0.0,0.08,0.09293680297397769,0.5068586470401056,0.25685864704010564
258,0.9741036346142874,0.48957228675900377,0.9459475610757809,0.4859979297624133,0.2534419849265073,0.49052346748995096,0.8097014925373134,0.40877063663059976,0.4269422927518833,0.11567164179104478,0.62,0.38584384684592304,0.4089783425476511,0.08857142857142856,0.05223880597014925,0.045714285714285714,0.2342857142857143,13.4,0.04477611940298507,0.002857142857142857,0.03204160171721288,0.13547707767471145,5.7835820895522385,0.033264438144512326,0.06436410222636424,0.16995866288670738,0.08208955223880597,0,0.1799047019534641,0.23812559182222,4.024790720315519,0.8739181750308617,0.0,1.0,0.0,0.1,0.0,0.1,0.0,0.08,0.055762081784386616,0.5066528876289025,0.2566528876289025
259,0.9744772171225756,0.4900446877366974,0.946138540145229,0.4865622200387781,0.2534419849265073,0.49074623754408253,0.8239700374531835,0.40987099049419734,0.4269341621978299,0.11610486891385768,0.6285714285714286,0.38584384684592304,0.4089783425476511,0.08857142857142856,0.04868913857677903,0.04,0.23714285714285716,13.437142857142858,0.04119850187265917,0.002857142857142857,0.03217732303476282,0.1353717558189413,5.775280898876405,0.03226650500017696,0.06249483329462158,0.16935990300010617,0.07865168539325842,0,0.17948946701155394,0.23693496386310892,3.9842949059092083,0.8564398115302444,0.0,1.0,0.0,0.1,0.0,0.1,0.0,0.08,0.05223880597014925,0.5064533010000354,0.2564533010000354
260,0.9756575766971477,0.49021279023224257,0.9470389858778315,0.48660775289082175,0.2534419849265073,0.4910130877797734,0.8539325842696629,0.40987099049419734,0.4269341621978299,0.11610486891385768,0.6514285714285715,0.38584384684592304,0.4089783425476511,0.08857142857142856,0.07116104868913857,0.06285714285714286,0.23714285714285716,13.462857142857143,0.04119850187265917,0.0,0.03230883346642126,0.13526959361884416,5.775280898876405,0.031298509850171644,0.06067807433925587,0.16877910591010298,0.07865168539325842,0,0.179076877533639,0.2357502890437934,3.967466150648167,0.8393110152996395,0.0,1.0,0.0,0.1,0.0,0.1,0.0,0.08,0.07116104868913857,0.5062597019700343,0.25625970197003434
261,0.9766304018483603,0.4898902169062419,0.9477811124931846,0.48651097700443807,0.2534419849265073,0.49121473544931993,0.8314606741573034,0.4100208032282797,0.4270465217483917,0.11610486891385768,0.6342857142857142,0.3859581325602087,0.4090640568333655,0.08857142857142856,0.0599250936329588,0.054285714285714284,0.23714285714285716,13.48857142857143,0.04119850187265917,0.0,0.03242464556446858,0.13517049628474997,5.775280898876405,0.030359554554666494,0.058912454427401895,0.16821573273279988,0.07865168539325842,0,0.17900949386025652,0.2345715375985744,3.9424025419209174,0.8225247949936467,0.0,0.9473684210526315,0.0,0.1,0.0,0.1,0.0,0.08,0.0599250936329588,0.5060719109109333,0.2560719109109333
262,0.9760334589957707,0.4906509118874736,0.9473257303742093,0.4875462978521973,0.2534419849265073,0.4915969467539155,0.8314606741573034,0.4100208032282797,0.4270465217483917,0.11610486891385768,0.6342857142857142,0.3859581325602087,0.4090640568333655,0.08857142857142856,0.0749063670411985,0.06285714285714286,0.23714285714285716,13.517142857142858,0.04119850187265917,0.0,0.032537725943897144,0.13507437187067856,5.775280898876405,0.0294487679180265,0.05719663223308802,0.1676692607508159,0.07865168539325842,0,0.1785705921016695,0.23339867991058152,3.9264116339396424,0.8060742990937738,0.0,1.0,0.0,0.1,0.0,0.1,0.0,0.08,0.0749063670411985,0.5058897535836053,0.25588975358360533
263,0.9751911630706201,0.49002461513929163,0.9466831789113088,0.48758076721620847,0.2534419849265073,0.4919958949190349,0.8352059925093633,0.4100208032282797,0.4270465217483917,0.11610486891385768,0.6371428571428571,0.3859581325602087,0.4090640568333655,0.08857142857142856,0.0749063670411985,0.06,0.23714285714285716,13.54,0.0449438202247191,0.0,0.03264811590504554,0.1349811311890293,5.775280898876405,0.028565304880485705,0.05552929578256993,0.1671391829282914,0.07865168539325842,0,0.17813431128401833,0.23223168651102863,3.9078834012608485,0.7899528131118984,0.0,1.0,0.0,0.1,0.0,0.1,0.0,0.08,0.0749063670411985,0.5057130609760971,0.25571306097609714
264,0.9759514721177743,0.49120192455016715,0.9467527187189405,0.48838146546332795,0.2534419849265073,0.49222374184055223,0.8157894736842105,0.41071567991220637,0.4274525904974522,0.11654135338345864,0.62,0.38630098970306587,0.4093211996905083,0.08857142857142856,0.09398496240601503,0.07428571428571429,0.24,13.571428571428571,0.041353383458646614,0.002857142857142857,0.0327523193817739,0.13489068772782953,5.774436090225564,0.027708345734071133,0.05390916217385344,0.16662500744044267,0.07894736842105263,0,0.17904207542404468,0.23107052807847347,3.9040114475213463,0.8876438192908973,0.0,0.8846153846153846,0.0,0.1,0.0,0.1,0.0,0.08,0.09737827715355805,0.5055416691468142,0.2555416691468142
265,0.9753856879005227,0.4918565350797354,0.9463227227138291,0.4886969550109607,0.2534419849265073,0.492608581241454,0.8195488721804511,0.41071567991220637,0.4274525904974522,0.11654135338345864,0.6228571428571429,0.38630098970306587,0.4093211996905083,0.08857142857142856,0.06390977443609022,0.054285714285714284,0.24,13.6,0.041353383458646614,0.0,0.03286237634051983,0.13480295757046573,5.774436090225564,0.026877095362049,0.052334977272824657,0.1661262572172294,0.07894736842105263,0,0.1785180079040673,0.22991517543808113,3.880216932856634,0.8698909429050794,0.0,1.0,0.0,0.1,0.0,0.1,0.0,0.08,0.06390977443609022,0.5053754190724098,0.2553754190724098
266,0.976427285597047,0.49216871836253584,0.9471143369631878,0.4885885764285887,0.2534419849265073,0.4930085640557305,0.8345864661654135,0.410866055852056,0.42756537245233944,0.11654135338345864,0.6342857142857142,0.38641527541735154,0.40940691397622264,0.08857142857142856,0.05639097744360902,0.04857142857142857,0.24,13.628571428571428,0.041353383458646614,0.0,0.032964961166624514,0.1347178593178229,5.774436090225564,0.026070782501187526,0.05080551538826483,0.1656424695007125,0.07894736842105263,0,0.17856586066822547,0.2287655995608907,3.8511840227709295,0.8644622240669769,0.0,0.9411764705882353,0.0,0.1,0.0,0.1,0.0,0.08,0.05639097744360902,0.5052141565002375,0.2552141565002375
267,0.9771372211431998,0.4931581614158674,0.9476538879782639,0.48924856752954904,0.2534419849265073,0.4935020236452359,0.8345864661654135,0.41094124382198083,0.427621763429783,0.11654135338345864,0.6342857142857142,0.38647241827449447,0.40944977111907976,0.08857142857142856,0.05263157894736842,0.045714285714285714,0.24,13.657142857142857,0.041353383458646614,0.0,0.03306502813265154,0.13463531401275936,5.774436090225564,0.025288659026151898,0.04931957892788941,0.16517319541569114,0.07894736842105263,0,0.17850088922202717,0.22762177156308624,3.8198746280297966,0.8579033270331977,0.0,0.9375,0.0,0.1,0.0,0.1,0.0,0.08,0.05263157894736842,0.5050577318052304,0.2550577318052304
268,0.9763698119254917,0.49323746411973823,0.9467011998642655,0.48922327085207795,0.2534419849265073,0.49383906602855143,0.8830188679245283,0.41169072925026334,0.4275358951221266,0.1169811320754717,0.6685714285714286,0.38647241827449447,0.40944977111907976,0.08857142857142856,0.07169811320754717,0.06285714285714286,0.24285714285714285,13.674285714285714,0.03773584905660377,0.002857142857142857,0.03316348489357452,0.13455524506684766,5.766037735849056,0.024529999255367342,0.04787599803742004,0.1647179995532204,0.07924528301886792,0,0.17815038549020276,0.22648366270527082,3.8063342783263434,0.8407452604925337,0.0,1.0,0.0,0.1,0.0,0.1,0.0,0.08,0.07518796992481203,0.5049059998510734,0.2549059998510735
269,0.9752252818311128,0.49324096258974515,0.94587872155349,0.48978442827710306,0.2534419849265073,0.49411398867512024,0.8674242424242424,0.4127030639712851,0.42740005031190853,0.11742424242424243,0.6542857142857142,0.38647241827449447,0.40944977111907976,0.08857142857142856,0.07196969696969698,0.06285714285714286,0.24571428571428572,13.705714285714286,0.03409090909090909,0.002857142857142857,0.0332749804651037,0.13447757818931333,5.742424242424242,0.023794099277706322,0.04647363022457851,0.1642764595666238,0.07954545454545454,0,0.17757391927703745,0.22535124439174445,3.793064735616959,0.823930355282683,0.0,1.0,0.0,0.1,0.0,0.1,0.0,0.08,0.07547169811320754,0.5047588198555413,0.2547588198555413
270,0.9762284163041821,0.492688345257282,0.9466353715560337,0.48922808579669436,0.2534419849265073,0.49444692260933176,0.821969696969697,0.4128545791228002,0.4275136866755449,0.11742424242424243,0.62,0.38658670398878014,0.4095354854047941,0.08857142857142856,0.06818181818181818,0.05142857142857143,0.24571428571428572,13.742857142857142,0.03409090909090909,0.0,0.03338462636667456,0.13440224131810513,5.742424242424242,0.023080276299375133,0.045111359969765674,0.16384816577962508,0.07954545454545454,0,0.17751433539493797,0.22422448816978574,3.7686320123331916,0.8546332259528354,0.0,0.9444444444444444,0.0,0.1,0.0,0.1,0.0,0.08,0.06818181818181818,0.5046160552598751,0.254616055259875
271,0.9752571027069548,0.4929603258852588,0.9459027235855537,0.4890666176916144,0.2534419849265073,0.49484695632309933,0.8446969696969697,0.4128545791228002,0.4275136866755449,0.11742424242424243,0.6371428571428571,0.38658670398878014,0.4095354854047941,0.08857142857142856,0.06439393939393939,0.05714285714285714,0.24571428571428572,13.762857142857143,0.03409090909090909,0.0,0.033475233421496844,0.13432916455303306,5.742424242424242,0.02238786801039388,0.04378809832508257,0.16343272080623633,0.07954545454545454,0,0.17708333586082045,0.22310336572893683,3.750402229229385,0.8375405614337786,0.0,1.0,0.0,0.1,0.0,0.1,0.0,0.08,0.06439393939393939,0.5044775736020788,0.2544775736020788
272,0.9756321286790726,0.49360054439238416,0.9461856003188082,0.49012733292694227,0.2534419849265073,0.49531679574730825,0.8787878787878788,0.4128545791228002,0.4275136866755449,0.11742424242424243,0.6628571428571428,0.38658670398878014,0.4095354854047941,0.08857142857142856,0.06060606060606061,0.04857142857142857,0.24571428571428572,13.777142857142858,0.03409090909090909,0.0,0.033563543138030526,0.13425828009091315,5.742424242424242,0.021716231970082062,0.04250278250323991,0.16302973918204924,0.07954545454545454,0,0.17651220489580202,0.22198784890029213,3.723965613216226,0.820789750205103,0.0,1.0,0.0,0.1,0.0,0.1,0.0,0.08,0.06060606060606061,0.5043432463940164,0.2543432463940164
273,0.9754070164785035,0.4944094064518803,0.9460158014018075,0.49080072993524065,0.2534419849265073,0.49576790829005357,0.8295454545454546,0.4130060942743154,0.4276273230391813,0.11742424242424243,0.6257142857142857,0.3867009897030658,0.4096211996905083,0.08857142857142856,0.06060606060606061,0.05142857142857143,0.24571428571428572,13.805714285714286,0.03409090909090909,0.0,0.03364960087526465,0.13418952216265684,5.742424242424242,0.0210647450109796,0.04125437545780075,0.16263884700658776,0.07954545454545454,0,0.17637235815703733,0.2253208186245434,3.700914872380473,0.8337477621301497,0.0,0.9444444444444444,0.0,0.1,0.0,0.1,0.0,0.08,0.06060606060606061,0.5042129490021959,0.25421294900219593
274,0.9762981823874096,0.49392094641486195,0.946524780909978,0.4902931272778747,0.2534419849265073,0.49608801875564634,0.8288973384030418,0.41300054523172713,0.4272467322961168,0.11787072243346007,0.6228571428571429,0.3867009897030658,0.4096211996905083,0.08857142857142856,0.060836501901140684,0.05714285714285714,0.24857142857142858,13.84,0.030418250950570342,0.002857142857142857,0.03378667139068366,0.13412282697224828,5.695817490494297,0.02043280266065021,0.040041865456103776,0.16225968159639012,0.07984790874524715,0,0.17625639682796393,0.22419421453142066,3.6840394320757204,0.8170728068875467,0.0,1.0,0.0,0.1,0.0,0.1,0.0,0.08,0.06439393939393939,0.5040865605321301,0.25408656053213
275,0.976275829008818,0.4940825641087158,0.9465079839426364,0.4906191720200905,0.2534419849265073,0.4964790876244878,0.8326996197718631,0.41300054523172713,0.4272467322961168,0.11787072243346007,0.6257142857142857,0.3867009897030658,0.4096211996905083,0.08857142857142856,0.045627376425855515,0.04,0.24857142857142858,13.86,0.030418250950570342,0.0,0.03387434123322673,0.13405813263755198,5.695817490494297,0.019819818580830706,0.038864265646124774,0.16189189114849842,0.07984790874524715,0,0.17571768627239553,0.22307324345876356,3.6503586434342052,0.8007313507497957,0.0,1.0,0.0,0.1,0.0,0.1,0.0,0.08,0.045627376425855515,0.5039639637161661,0.25396396371616614
276,0.9759674188410398,0.49439349801329424,0.9462309741769416,0.4903469581413373,0.2534419849265073,0.49696750746841784,0.8396946564885496,0.4138929733718742,0.4282488826773088,0.1183206106870229,0.6285714285714286,0.3868152754173515,0.40970691397622266,0.08857142857142856,0.0648854961832061,0.054285714285714284,0.25142857142857145,13.871428571428572,0.026717557251908396,0.002857142857142857,0.0339823647970758,0.13399537913289647,5.67175572519084,0.019225224023405783,0.037720613618443255,0.16153513441404346,0.08015267175572519,0,0.1757242406981764,0.2250453203181497,3.631637184851236,0.7847167237347998,0.0,0.9473684210526315,0.0,0.1,0.0,0.1,0.0,0.08,0.06463878326996197,0.5038450448046812,0.2538450448046812
277,0.9751670445300088,0.49501256833039337,0.9456318368355413,0.4904178892443833,0.2534419849265073,0.4974170072687106,0.8244274809160306,0.4138929733718742,0.4282488826773088,0.1183206106870229,0.6171428571428571,0.3868152754173515,0.40970691397622266,0.08857142857142856,0.05725190839694656,0.05142857142857143,0.25142857142857145,13.885714285714286,0.030534351145038167,0.0,0.034060221127268815,0.1339345082333807,5.67175572519084,0.01864846730270361,0.036609970964401994,0.16118908038162216,0.08015267175572519,0,0.17533062020897122,0.22392009371655894,3.610433012582783,0.7690223892601038,0.0,1.0,0.0,0.1,0.0,0.1,0.0,0.08,0.05725190839694656,0.5037296934605408,0.2537296934605407
278,0.9756715817662659,0.4939527718898293,0.945886312399284,0.48980447806401906,0.2534419849265073,0.4978356543131125,0.8735632183908046,0.4153302774366498,0.4289436541102935,0.11877394636015326,0.6514285714285715,0.3868152754173515,0.40970691397622266,0.08857142857142856,0.022988505747126436,0.02857142857142857,0.2542857142857143,13.894285714285715,0.02681992337164751,0.002857142857142857,0.03415030094382549,0.13387546346085039,5.662835249042145,0.0180890132836225,0.03553142283146549,0.1608534079701735,0.08045977011494253,0,0.17468253853649782,0.22280049324797613,3.5667957809025554,0.7536419414749017,0.0,1.0,0.0,0.1,0.0,0.1,0.0,0.08,0.026717557251908396,0.5036178026567245,0.2536178026567245
279,0.9763586381341429,0.49437754504855097,0.9463986601479011,0.48985519477004996,0.2534419849265073,0.4981675344032756,0.8735632183908046,0.4154835341416306,0.42905859663902907,0.11877394636015326,0.6514285714285715,0.3869295611316373,0.4097926282619369,0.08857142857142856,0.06513409961685823,0.05714285714285714,0.2542857142857143,13.9,0.02681992337164751,0.0,0.03422417689960779,0.133818190031496,5.662835249042145,0.017546342885113825,0.03448407747671345,0.16052780573106828,0.08045977011494253,0,0.17515084155810104,0.22318421326960314,3.5526027224273613,0.7640747875374024,0.0,0.9,0.0,0.1,0.0,0.1,0.0,0.08,0.06513409961685823,0.5035092685770227,0.2535092685770228
280,0.9759043846485842,0.494316633357688,0.9459645762227455,0.48979796538730286,0.2534419849265073,0.4983739210902432,0.85,0.41575897093922154,0.4304164793489557,0.11923076923076924,0.6314285714285715,0.3870438468459229,0.40987834254765126,0.08857142857142856,0.057692307692307696,0.05142857142857143,0.2571428571428571,13.914285714285715,0.023076923076923078,0.002857142857142857,0.03434466769906978,0.13376263480502223,5.615384615384615,0.01701995259856041,0.03346706581933134,0.16021197155913625,0.08076923076923077,0,0.17521651806459626,0.22836522709989002,3.532979239407385,0.7603906351555211,0.0,0.9444444444444444,0.0,0.1,0.0,0.1,0.0,0.08,0.06130268199233716,0.5034039905197121,0.2534039905197121
281,0.9749569184401982,0.49539467582819624,0.9452607441822303,0.4906732060961346,0.2534419849265073,0.4984498084918607,0.8692307692307693,0.41591281709306777,0.43053186396434034,0.11923076923076924,0.6457142857142857,0.3871581325602087,0.40996405683336545,0.08857142857142856,0.046153846153846156,0.03428571428571429,0.2571428571428571,13.928571428571429,0.023076923076923078,0.0,0.03443087842209998,0.1337087462353427,5.615384615384615,0.0165093540206036,0.03247954099289663,0.15990561241236215,0.08076923076923077,0,0.17502586404570183,0.2366660565636651,3.4966053689049517,0.7696148880062588,0.0,0.9166666666666666,0.0,0.1,0.0,0.1,0.0,0.08,0.046153846153846156,0.5033018708041207,0.2533018708041207
282,0.9747787902911048,0.495541157225385,0.9451284204143323,0.4904937109800304,0.2534419849265073,0.4985738310523652,0.8615384615384616,0.41591281709306777,0.43053186396434034,0.11923076923076924,0.64,0.3871581325602087,0.40996405683336545,0.08857142857142856,0.05,0.045714285714285714,0.2571428571428571,13.945714285714285,0.023076923076923078,0.0,0.034499256661795534,0.13365647432275352,5.615384615384615,0.01601407339998549,0.03152067789819646,0.15960844403999128,0.08076923076923077,0,0.17457816472547333,0.23548272628084674,3.4723875472411385,0.7542225902461336,0.0,1.0,0.0,0.1,0.0,0.1,0.0,0.08,0.05,0.5032028146799971,0.2532028146799971
283,0.9746450769004562,0.49554417201974177,0.9450290904669935,0.49091549121684086,0.2534419849265073,0.4987170499636809,0.8615384615384616,0.41606666324691394,0.430647248579725,0.11923076923076924,0.64,0.38727241827449443,0.41004977111907986,0.08857142857142856,0.07692307692307693,0.06571428571428571,0.2571428571428571,13.965714285714286,0.023076923076923078,0.0,0.03456580701079118,0.133605770567542,5.615384615384615,0.015533651197985924,0.030589672757253217,0.15932019071879155,0.08076923076923077,0,0.17478913390184594,0.23430531264944254,3.468654082010601,0.8835132136008094,0.0,0.9565217391304348,0.0,0.1,0.0,0.1,0.0,0.08,0.07692307692307693,0.5031067302395972,0.2531067302395972
284,0.9758459859973163,0.4965300984508563,0.9459211943675181,0.49103113427873274,0.2534419849265073,0.49891262078098547,0.8730769230769231,0.41606666324691394,0.430647248579725,0.11923076923076924,0.6485714285714286,0.38727241827449443,0.41004977111907986,0.08857142857142856,0.05384615384615385,0.045714285714285714,0.2571428571428571,13.982857142857142,0.023076923076923078,0.0,0.034630571583495535,0.1335565879249869,5.615384615384615,0.015067641662046346,0.02968574266917945,0.1590405849972278,0.08076923076923077,0,0.17420090251805104,0.2331337860861953,3.4449952860846755,0.8658429493287931,0.0,1.0,0.0,0.1,0.0,0.1,0.0,0.08,0.05384615384615385,0.5030135283324093,0.25301352833240925
285,0.9754275510753538,0.49670820177097624,0.9456103569969173,0.4912688171412497,0.2534419849265073,0.49912151389225345,0.8461538461538461,0.41606666324691394,0.430647248579725,0.11923076923076924,0.6285714285714286,0.38727241827449443,0.41004977111907986,0.08857142857142856,0.046153846153846156,0.04,0.2571428571428571,14.008571428571429,0.023076923076923078,0.0,0.03469359194069116,0.1335088807617084,5.615384615384615,0.014615612412184955,0.028808125168431453,0.15876936744731096,0.08076923076923077,0,0.17372946943403217,0.23196811715576435,3.4160953803629814,0.8485260903422173,0.0,1.0,0.0,0.1,0.0,0.1,0.0,0.08,0.046153846153846156,0.502923122482437,0.252923122482437
286,0.975759452274107,0.49536338491004483,0.9454609821233397,0.4907897802374761,0.2534419849265073,0.49922066484419636,0.8571428571428571,0.4168469062312567,0.4317858766717063,0.11969111969111969,0.6342857142857142,0.38738670398878017,0.41013548540479405,0.08857142857142856,0.03861003861003861,0.03428571428571429,0.26,14.017142857142858,0.019305019305019305,0.002857142857142857,0.03477440730195529,0.13346260481332825,5.575289575289576,0.014177144039819406,0.027956077785981637,0.15850628642389164,0.08108108108108109,0,0.17366025137257632,0.2595915146312681,3.3820591870414356,0.8884592183643976,0.0,0.9166666666666666,0.0,0.1,0.0,0.1,0.0,0.08,0.038461538461538464,0.5028354288079638,0.2528354288079639
287,0.9766753739025613,0.49559454801173086,0.9461387641283961,0.49130526631144333,0.2534419849265073,0.49921102379377696,0.8764478764478765,0.41692412630847675,0.4318437917296214,0.11969111969111969,0.6485714285714286,0.38744384684592303,0.4101783425476512,0.08857142857142856,0.04633204633204633,0.037142857142857144,0.26,14.034285714285714,0.019305019305019305,0.0,0.03486121709543052,0.13341771714339948,5.575289575289576,0.013751829718624823,0.027128877613884494,0.1582510978311749,0.08108108108108109,0,0.17364823654428485,0.25829355705811174,3.351560860443464,0.9075327429960289,0.0,0.9230769230769231,0.0,0.1,0.0,0.1,0.0,0.08,0.04633204633204633,0.502750365943725,0.25275036594372496
288,0.976722565930301,0.49579870798689923,0.9461736862289237,0.49185453834279086,0.2534419849265073,0.49915445754168897,0.861003861003861,0.41700134638569686,0.4319017067875364,0.11969111969111969,0.6371428571428571,0.38750098970306585,0.4102211996905084,0.08857142857142856,0.06177606177606178,0.04857142857142857,0.26,14.048571428571428,0.019305019305019305,0.0,0.034919383484781165,0.13337417610356866,5.575289575289576,0.013339274827066079,0.026325820873665307,0.15800356489623965,0.08108108108108109,0,0.17363656679013487,0.26375021630942225,3.333101071806024,0.949900519897025,0.0,0.9411764705882353,0.0,0.1,0.0,0.1,0.0,0.08,0.06177606177606178,0.5026678549654132,0.2526678549654132
289,0.9775585627403415,0.49704650083847407,0.9467923238683535,0.4928349279589351,0.2534419849265073,0.499034665618992,0.8571428571428571,0.4170785664629169,0.4319596218454515,0.11969111969111969,0.6342857142857142,0.3875581325602087,0.41026405683336553,0.08857142857142856,0.06177606177606178,0.05142857142857143,0.26,14.071428571428571,0.019305019305019305,0.0,0.03497596217829136,0.13333194129493273,5.575289575289576,0.012939096582254096,0.025546222488924686,0.15776345794935245,0.08108108108108109,0,0.17359652681332705,0.2640222931268979,3.317867621798475,0.9712885677530793,0.0,0.9444444444444444,0.0,0.1,0.0,0.1,0.0,0.08,0.06177606177606178,0.5025878193164508,0.2525878193164508
290,0.9781922853242,0.4966165024170039,0.9472612785804088,0.49272462763786823,0.2534419849265073,0.49903133985255577,0.9073359073359073,0.4170785664629169,0.4319596218454515,0.11969111969111969,0.6714285714285714,0.3875581325602087,0.41026405683336553,0.08857142857142856,0.03474903474903475,0.03428571428571429,0.26,14.082857142857144,0.019305019305019305,0.0,0.03503099179108586,0.13329097353055583,5.575289575289576,0.012550923684786473,0.02478941566250792,0.15753055421087186,0.08108108108108109,0,0.17307111560783184,0.26270218166126347,3.285795983648219,0.9518627963980176,0.0,1.0,0.0,0.1,0.0,0.1,0.0,0.08,0.03474903474903475,0.5025101847369573,0.2525101847369573
291,0.9761979988710966,0.4972694941159095,0.9457855066051124,0.49350924818860276,0.2534419849265073,0.4989800729518784,0.8571428571428571,0.417155786540137,0.43201753690336653,0.11969111969111969,0.6342857142857142,0.3876152754173516,0.41030691397622265,0.08857142857142856,0.07335907335907337,0.05714285714285714,0.26,14.102857142857143,0.019305019305019305,0.0,0.03508451028825381,0.13325123479911027,5.575289575289576,0.012174395974242878,0.024054751458558843,0.15730463758454571,0.08108108108108109,0,0.1733985599985597,0.26138867075295713,3.277222921118112,1.0026941964700555,0.0,0.95,0.0,0.1,0.0,0.1,0.0,0.08,0.07335907335907337,0.5024348791948485,0.2524348791948486
292,0.9755449290476024,0.4973294159598702,0.9453022349357265,0.4934278033587581,0.2534419849265073,0.49898206796430755,0.8571428571428571,0.417155786540137,0.43201753690336653,0.11969111969111969,0.6342857142857142,0.3876152754173516,0.41030691397622265,0.08857142857142856,0.03861003861003861,0.03428571428571429,0.26,14.111428571428572,0.019305019305019305,0.0,0.03513655497642416,0.1332126882296081,5.575289575289576,0.011809164095015591,0.02334159838973804,0.15708549845700934,0.08108108108108109,0,0.1728455671985669,0.2600817273991924,3.2459641769814644,0.9826403125406544,0.0,1.0,0.0,0.1,0.0,0.1,0.0,0.08,0.03861003861003861,0.5023618328190032,0.2523618328190031
293,0.9782948553325216,0.49789685639850956,0.9455566289713032,0.49389849985352163,0.2534419849265073,0.4990486826914088,0.872093023255814,0.41776130300232,0.43207362508360914,0.12015503875968993,0.6428571428571429,0.3877867039887801,0.410435485404794,0.08857142857142856,0.05426356589147287,0.05142857142857143,0.26285714285714284,14.125714285714286,0.015503875968992248,0.002857142857142857,0.03526924749339454,0.13317529805719097,5.496124031007752,0.011454889172165124,0.022649342009860907,0.15687293350329906,0.08139534883720931,0,0.17329491079114548,0.2587813187621964,3.2324734648704054,1.0260476964836107,0.0,0.8888888888888888,0.0,0.1,0.0,0.1,0.0,0.08,0.05791505791505792,0.502290977834433,0.25229097783443305
294,0.9790041732817025,0.49799361868578107,0.9460794976309853,0.49438048691456854,0.2534419849265073,0.49928686229994634,0.872093023255814,0.41776130300232,0.43207362508360914,0.12015503875968993,0.6428571428571429,0.3877867039887801,0.410435485404794,0.08857142857142856,0.046511627906976744,0.04,0.26285714285714284,14.145714285714286,0.015503875968992248,0.0,0.03533864578039256,0.13313902958994636,5.496124031007752,0.011111242497000169,0.021977384512174902,0.1566667454982001,0.08139534883720931,0,0.17277072266576116,0.2574874121683854,3.2078239955729972,1.0055267425539385,0.0,1.0,0.0,0.1,0.0,0.1,0.0,0.08,0.046511627906976744,0.5022222484994,0.25222224849940006
295,0.9769083921156353,0.4972091860538661,0.9445346075142842,0.49353986297568925,0.2534419849265073,0.49954034119065055,0.875968992248062,0.41776130300232,0.43207362508360914,0.12015503875968993,0.6457142857142857,0.3877867039887801,0.410435485404794,0.08857142857142856,0.03488372093023256,0.03142857142857143,0.26285714285714284,14.162857142857144,0.015503875968992248,0.0,0.035386726992379776,0.13310384917671905,5.496124031007752,0.010777905222090163,0.021325144333474655,0.1564667431332541,0.08139534883720931,0,0.1722208690524324,0.25619997510754344,3.1750960870901093,0.9854162077028599,0.0,1.0,0.0,0.1,0.0,0.1,0.0,0.08,0.03488372093023256,0.502155581044418,0.25215558104441804
296,0.9781732253384681,0.4974732828465794,0.9454669702899724,0.4935114453098894,0.2534419849265073,0.4997167015241515,0.8798449612403101,0.4179938611418549,0.4322480436882603,0.12015503875968993,0.6485714285714286,0.38795813256020867,0.4105640568333655,0.08857142857142856,0.03488372093023256,0.025714285714285714,0.26285714285714284,14.188571428571429,0.015503875968992248,0.0,0.035433470086528175,0.1330697241758886,5.496124031007752,0.010454568065427458,0.020692055764222284,0.15627274083925646,0.08139534883720931,0,0.17247319613217021,0.25491897523200574,3.137308451062592,1.0322347652867911,0.0,0.7777777777777778,0.0,0.1,0.0,0.1,0.0,0.08,0.03488372093023256,0.5020909136130854,0.2520909136130855
297,0.9801719415182675,0.49691770217524417,0.9464206653749502,0.49301013564288343,0.2534419849265073,0.4999359106033484,0.8910505836575876,0.4176434781085454,0.43105241475830725,0.12062256809338522,0.6542857142857142,0.38795813256020867,0.4105640568333655,0.08857142857142856,0.038910505836575876,0.04,0.26571428571428574,14.202857142857143,0.011673151750972763,0.002857142857142857,0.03556186937003374,0.13303662292508303,5.424124513618677,0.010140931023464634,0.02007756856482179,0.15608455861407877,0.08171206225680934,0,0.17232212300150937,0.2536443803558457,3.1145622820413403,1.0115900699810552,0.0,1.0,0.0,0.1,0.0,0.1,0.0,0.08,0.04263565891472868,0.5020281862046929,0.2520281862046929
298,0.9794151982108895,0.49779952860625293,0.9458649995749613,0.4934788361339005,0.2534419849265073,0.500131208638093,0.8443579766536965,0.4176434781085454,0.43105241475830725,0.12062256809338522,0.62,0.38795813256020867,0.4105640568333655,0.08857142857142856,0.042801556420233464,0.03428571428571429,0.26571428571428574,14.225714285714286,0.011673151750972763,0.0,0.03562086668114423,0.13300451471180175,5.424124513618677,0.009836703092760694,0.019481147588170877,0.1559020218556564,0.08171206225680934,0,0.1717456559579304,0.2523761584540664,3.0865567506862286,0.991358268581434,0.0,1.0,0.0,0.1,0.0,0.1,0.0,0.08,0.042801556420233464,0.5019673406185522,0.25196734061855214
299,0.9800656914704634,0.4978500516796582,0.9463426474827056,0.49319400692231286,0.2534419849265073,0.5002536821954654,0.8249027237354085,0.4176434781085454,0.43105241475830725,0.12062256809338522,0.6057142857142858,0.38795813256020867,0.4105640568333655,0.08857142857142856,0.054474708171206226,0.04285714285714286,0.26571428571428574,14.234285714285715,0.011673151750972763,0.0,0.03566400114646119,0.13297336974491875,5.424124513618677,0.009541601999977873,0.018902272408594767,0.15572496119998672,0.08171206225680934,0,0.17128621339242647,0.25111427766179606,3.0676827585296462,0.9715311032098054,0.0,1.0,0.0,0.1,0.0,0.1,0.0,0.08,0.054474708171206226,0.5019083203999956,0.25190832039999556
300,0.9812188005149268,0.498493911575605,0.9471893589810686,0.49379908441742015,0.2534419849265073,0.5003958708506059,0.8832684824902723,0.4176434781085454,0.43105241475830725,0.12062256809338522,0.6485714285714286,0.38795813256020867,0.4105640568333655,0.08857142857142856,0.05058365758754864,0.04,0.26571428571428574,14.251428571428571,0.011673151750972763,0.0,0.03570592409677456,0.13294315912704227,5.424124513618677,0.009255353939978537,0.01834043695724641,0.15555321236398711,0.08171206225680934,0,0.17077206875403575,0.2498587062734871,3.046329103359054,0.9521004811456093,0.0,1.0,0.0,0.1,0.0,0.1,0.0,0.08,0.05058365758754864,0.5018510707879957,0.25185107078799573
301,0.9803831815028005,0.4982649275831955,0.9465757758778786,0.49373778281025066,0.2534419849265073,0.5007825931301182,0.8871595330739299,0.4177212991202185,0.43111078051706214,0.12062256809338522,0.6514285714285715,0.3880152754173515,0.4106069139762226,0.08857142857142856,0.04669260700389105,0.04285714285714286,0.26571428571428574,14.271428571428572,0.011673151750972763,0.0,0.0357466671037692,0.13291385482770215,5.424124513618677,0.00897769332177918,0.017795149164042123,0.1553866159930675,0.08171206225680934,0,0.17068906626740843,0.2617281433956216,3.0282596641490156,0.9435526008115008,0.0,0.9333333333333333,0.0,0.1,0.0,0.1,0.0,0.08,0.04669260700389105,0.5017955386643559,0.25179553866435583
302,0.9810149252337889,0.4987849448190957,0.947039656274633,0.49411328123114456,0.2534419849265073,0.5012097767417891,0.8949416342412452,0.4177991201318917,0.431169146275817,0.12062256809338522,0.6571428571428571,0.38807241827449435,0.4106497711190798,0.08857142857142856,0.054474708171206226,0.045714285714285714,0.26571428571428574,14.297142857142857,0.01556420233463035,0.0,0.03578626106512033,0.13288542965734215,5.424124513618677,0.008708362522125803,0.017265930606182978,0.15522501751327547,0.08171206225680934,0,0.1708054816467857,0.26318538865676827,3.0134087565803203,0.9450555351251643,0.0,0.9375,0.0,0.1,0.0,0.1,0.0,0.08,0.054474708171206226,0.5017416725044251,0.25174167250442514
303,0.9802801610623528,0.49896360906921733,0.9465001294401787,0.49424363783067893,0.2534419849265073,0.5016973943615782,0.8793774319066148,0.4177991201318917,0.431169146275817,0.12062256809338522,0.6457142857142857,0.38807241827449435,0.4106497711190798,0.08857142857142856,0.05058365758754864,0.04285714285714286,0.26571428571428574,14.311428571428571,0.01556420233463035,0.0,0.03582473620935423,0.13285785724209306,5.424124513618677,0.008447111646462028,0.016752316163297643,0.1550682669878772,0.08171206225680934,0,0.17020845423855174,0.26186946171348446,2.9959977243058566,0.926154424422661,0.0,1.0,0.0,0.1,0.0,0.1,0.0,0.08,0.05058365758754864,0.5016894223292924,0.2516894223292924
304,0.9808116471289781,0.4997040328022511,0.9468903920662435,0.49515527904748263,0.2534419849265073,0.5021791320897586,0.8599221789883269,0.4177991201318917,0.431169146275817,0.12062256809338522,0.6314285714285715,0.38807241827449435,0.4106497711190798,0.08857142857142856,0.038910505836575876,0.03428571428571429,0.26571428571428574,14.325714285714286,0.019455252918287938,0.0,0.03586212210140261,0.13283111199930134,5.424124513618677,0.008193698297068168,0.01625385367923049,0.1549162189782409,0.08171206225680934,0,0.16997642449927683,0.26056011440491705,2.9703634841054543,0.9076313359342079,0.0,1.0,0.0,0.1,0.0,0.1,0.0,0.08,0.038910505836575876,0.5016387396594136,0.25163873965941363
305,0.9805122722425483,0.4999889247942765,0.9466705653639222,0.49537741951826003,0.2534419849265073,0.5026116702305461,0.8365758754863813,0.4177991201318917,0.431169146275817,0.12062256809338522,0.6142857142857143,0.38807241827449435,0.4106497711190798,0.08857142857142856,0.054474708171206226,0.04857142857142857,0.26571428571428574,14.34,0.019455252918287938,0.0,0.0358984476487864,0.13280516911379342,5.424124513618677,0.007947887348156123,0.01577010363048381,0.15476873240889366,0.08171206225680934,0,0.17003968666249472,0.25925731383289247,2.9595276429947734,0.8894787092155236,0.0,0.9411764705882353,0.0,0.1,0.0,0.1,0.0,0.08,0.054474708171206226,0.5015895774696312,0.25158957746963123
306,0.9847901012648328,0.5002914281891253,0.9464568735583577,0.49568171624111984,0.2534419849265073,0.5031183888938728,0.8627450980392157,0.417057533661907,0.4313057252328247,0.12156862745098039,0.6285714285714286,0.3881867039887801,0.410735485404794,0.08857142857142856,0.047058823529411764,0.045714285714285714,0.2714285714285714,14.365714285714287,0.011764705882352941,0.005714285714285714,0.036024615738600024,0.13278000451485075,5.215686274509804,0.0077094507277114385,0.015300638801311273,0.15462567043662687,0.08235294117647059,0,0.16993220251489655,0.257961027263728,2.946051375849164,0.8744496141380925,0.0,0.9375,0.0,0.1,0.0,0.1,0.0,0.08,0.054474708171206226,0.5015418901455423,0.2515418901455423
307,0.9856798685419231,0.49994005420228954,0.9471051325745234,0.49528801606897066,0.2534419849265073,0.5036278507712935,0.8784313725490196,0.417057533661907,0.4313057252328247,0.12156862745098039,0.64,0.3881867039887801,0.410735485404794,0.08857142857142856,0.050980392156862744,0.04,0.2714285714285714,14.382857142857143,0.011764705882352941,0.0,0.036200873328087683,0.13275559485387634,5.215686274509804,0.007478167205880095,0.0148450439654505,0.15448690032352805,0.0784313725490196,0,0.16942482793089347,0.25667122212740934,2.9271303483321804,0.8569606218553307,0.0,1.0,0.0,0.1,0.0,0.1,0.0,0.08,0.050980392156862744,0.501495633441176,0.25149563344117604
308,0.9859194227835855,0.49895325852297634,0.9472796649505917,0.4942425900789439,0.2534419849265073,0.5040624627789153,0.8823529411764706,0.417057533661907,0.4313057252328247,0.12156862745098039,0.6428571428571429,0.3881867039887801,0.410735485404794,0.08857142857142856,0.0392156862745098,0.02857142857142857,0.2714285714285714,14.397142857142857,0.01568627450980392,0.0,0.03623455392610016,0.1327319174827312,5.215686274509804,0.007253822189703692,0.014402915574471264,0.15435229331382222,0.0784313725490196,0,0.16891843230920323,0.25538786601677227,2.897159169936965,0.839821409418224,0.0,1.0,0.0,0.1,0.0,0.1,0.0,0.08,0.0392156862745098,0.5014507644379408,0.25145076443794073
309,0.9859782735502663,0.5000296243927228,0.9473225419377448,0.49504353524988526,0.2534419849265073,0.5044160593940286,0.8941176470588236,0.417057533661907,0.4313057252328247,0.12156862745098039,0.6514285714285715,0.3881867039887801,0.410735485404794,0.08857142857142856,0.0392156862745098,0.02857142857142857,0.2714285714285714,14.411428571428571,0.01568627450980392,0.0,0.036267272706652726,0.13270895043272032,5.215686274509804,0.007036207524012581,0.01397386145270807,0.15422172451440755,0.0784313725490196,0,0.16841541514408578,0.25411092668668844,2.867787415109655,0.8230249812298596,0.0,1.0,0.0,0.1,0.0,0.1,0.0,0.08,0.0392156862745098,0.5014072415048025,0.25140724150480254
310,0.9851542547389841,0.4996716545007758,0.9467221853752393,0.4947694230560819,0.2534419849265073,0.5048216726740361,0.8823529411764706,0.417057533661907,0.4313057252328247,0.12156862745098039,0.6428571428571429,0.3881867039887801,0.410735485404794,0.08857142857142856,0.050980392156862744,0.04,0.2714285714285714,14.43142857142857,0.01568627450980392,0.0,0.03629905569746994,0.1326866723942098,5.215686274509804,0.006825121298292203,0.013557500498734498,0.15409507277897533,0.0784313725490196,0,0.16805748306836535,0.252840372053255,2.850431666807461,0.8065644816052623,0.0,1.0,0.0,0.1,0.0,0.1,0.0,0.08,0.050980392156862744,0.5013650242596585,0.25136502425965845
311,0.9845204337412884,0.4993457280644719,0.9462604015054895,0.49464533162844304,0.2534419849265073,0.5052654215072158,0.8509803921568627,0.41721439640700503,0.43142337229164823,0.12156862745098039,0.62,0.38830098970306576,0.41082119969050834,0.08857142857142856,0.027450980392156862,0.02,0.2714285714285714,14.442857142857143,0.01568627450980392,0.0,0.03632992830854001,0.13266506269685466,5.215686274509804,0.006620367659343437,0.013153462393335258,0.15397222059560606,0.0784313725490196,0,0.16781705279588066,0.2515761701929887,2.813423033471312,0.8068311221890186,0.0,0.8571428571428571,0.0,0.1,0.0,0.1,0.0,0.08,0.027450980392156862,0.5013240735318687,0.2513240735318687
312,0.9841004209862694,0.5003309341963627,0.9459543922125473,0.4947456033593767,0.2534419849265073,0.5056230901622228,0.8823529411764706,0.41737125915210305,0.4315410193504718,0.12156862745098039,0.6428571428571429,0.38841527541735155,0.4109069139762226,0.08857142857142856,0.047058823529411764,0.03428571428571429,0.2714285714285714,14.448571428571428,0.01568627450980392,0.0,0.03635991534135389,0.1326441012904201,5.215686274509804,0.006421756629563133,0.012761387313916961,0.15385305397773788,0.0784313725490196,0,0.1678055396747584,0.25031828934202377,2.7914402870876,0.8927425678793881,0.0,0.9166666666666666,0.0,0.1,0.0,0.1,0.0,0.08,0.047058823529411764,0.5012843513259126,0.25128435132591265
313,0.9834365488366882,0.4996702689639266,0.9454707139321381,0.4947504428394557,0.2534419849265073,0.5060224915156949,0.8627450980392157,0.41737125915210305,0.4315410193504718,0.12156862745098039,0.6285714285714286,0.38841527541735155,0.4109069139762226,0.08857142857142856,0.047058823529411764,0.037142857142857144,0.2714285714285714,14.468571428571428,0.01568627450980392,0.0,0.036389040998386434,0.13262376872617865,5.215686274509804,0.006229103930676239,0.012380925655299913,0.15373746235840574,0.0784313725490196,0,0.16728051197638463,0.24906669789531363,2.7727543384887055,0.8748877165218003,0.0,1.0,0.0,0.1,0.0,0.1,0.0,0.08,0.047058823529411764,0.5012458207861352,0.2512458207861352
314,0.9840235268921924,0.49928840146912895,0.9458983693725767,0.4941487316987181,0.2534419849265073,0.5065178818452549,0.8666666666666667,0.4176065532697501,0.43171748993870707,0.12549019607843137,0.6314285714285715,0.3885867039887801,0.41103548540479407,0.09142857142857143,0.050980392156862744,0.04,0.2714285714285714,14.477142857142857,0.01568627450980392,0.0,0.03641732889278401,0.13260404613886442,5.215686274509804,0.006042230812755952,0.012011737756823071,0.15362533848765356,0.0784313725490196,0,0.167813119395092,0.2581266087496191,2.757299251718931,0.889770135969647,0.0,0.8571428571428571,0.0,0.1,0.0,0.1,0.0,0.08,0.050980392156862744,0.5012084461625512,0.25120844616255117
315,0.9841963944608491,0.5003079753907713,0.9460243157440265,0.49477216581285727,0.2534419849265073,0.5070198663192805,0.8235294117647058,0.4176065532697501,0.43171748993870707,0.12549019607843137,0.6,0.3885867039887801,0.41103548540479407,0.09142857142857143,0.054901960784313725,0.04,0.2714285714285714,14.5,0.01568627450980392,0.0,0.036444802058225985,0.13258491522916957,5.215686274509804,0.005860963888373273,0.011653493635690682,0.15351657833302396,0.0784313725490196,0,0.16720248236954505,0.256835975705871,2.742153266684552,0.8719747332502541,0.0,1.0,0.0,0.1,0.0,0.1,0.0,0.08,0.054901960784313725,0.5011721927776747,0.25117219277767466
316,0.9830902350396097,0.49914694696376877,0.9452183995942665,0.49413473309668127,0.2534419849265073,0.5076269460381598,0.8627450980392157,0.4179202787599462,0.4319527840563541,0.12549019607843137,0.6285714285714286,0.38881527541735156,0.4112069139762226,0.09142857142857143,0.043137254901960784,0.03142857142857143,0.2714285714285714,14.514285714285714,0.01568627450980392,0.0,0.03647148295892933,0.13256635824676558,5.215686274509804,0.005685134971722075,0.011305872726485089,0.15341108098303324,0.0784313725490196,0,0.1673950413862688,0.25918707977098443,2.7187387727794325,0.9064518924199297,0.0,0.8181818181818182,0.0,0.1,0.0,0.1,0.0,0.08,0.043137254901960784,0.5011370269943444,0.2511370269943444
317,0.984296331375214,0.4990113504411432,0.9460971269244922,0.4939490439286509,0.2534419849265073,0.5082196330505803,0.8745098039215686,0.4180771415050442,0.4320704311151777,0.12549019607843137,0.6371428571428571,0.38892956113163724,0.4112926282619369,0.09142857142857143,0.050980392156862744,0.04,0.2714285714285714,14.534285714285714,0.01568627450980392,0.0,0.03649739349976841,0.13254835797383374,5.215686274509804,0.005514580922570412,0.010968563626765016,0.15330874855354223,0.0784313725490196,0,0.1674704990329089,0.2578911443721295,2.7043639973238434,0.911411549115429,0.0,0.9285714285714286,0.0,0.1,0.0,0.1,0.0,0.08,0.050980392156862744,0.5011029161845141,0.2511029161845141
318,0.9834651118280879,0.4996746797906802,0.9454915241115863,0.49431500043443016,0.2534419849265073,0.5087667615462452,0.8549019607843137,0.4180771415050442,0.4320704311151777,0.12549019607843137,0.6228571428571429,0.38892956113163724,0.4112926282619369,0.09142857142857143,0.050980392156862744,0.037142857142857144,0.2714285714285714,14.557142857142857,0.01568627450980392,0.0,0.03652255503648355,0.13253089770908982,5.215686274509804,0.0053491434948933,0.010641263848666926,0.15320948609693597,0.0784313725490196,0,0.16705986653060148,0.25660168865026883,2.687419574520224,0.8931833181331204,0.0,1.0,0.0,0.1,0.0,0.1,0.0,0.08,0.050980392156862744,0.5010698286989786,0.25106982869897865
319,0.9836375693278209,0.49874493062994574,0.9456171717185345,0.4939725266424096,0.2534419849265073,0.509213639311958,0.8196078431372549,0.41823400425014223,0.43218807817400123,0.12549019607843137,0.5971428571428572,0.389043846845923,0.4113783425476512,0.09142857142857143,0.047058823529411764,0.03428571428571429,0.2714285714285714,14.582857142857144,0.0196078431372549,0.0,0.036546988385954327,0.13251396125228826,5.215686274509804,0.005188669190046501,0.010323679576421774,0.1531132015140279,0.0784313725490196,0,0.16685299576937704,0.2861287851488368,2.6679568973155336,0.8841264598559463,0.0,0.9166666666666666,0.0,0.1,0.0,0.1,0.0,0.08,0.047058823529411764,0.5010377338380093,0.2510377338380093
320,0.9832894256611173,0.4989196823325647,0.9453635241899363,0.4939110029954384,0.2534419849265073,0.5095638752544174,0.8392156862745098,0.4183124356226913,0.43224690170341296,0.12549019607843137,0.6114285714285714,0.38910098970306584,0.41142119969050833,0.09142857142857143,0.050980392156862744,0.037142857142857144,0.2714285714285714,14.602857142857143,0.023529411764705882,0.0,0.036570713836515126,0.1324975328891907,5.215686274509804,0.005033009114345106,0.010015525429698746,0.15301980546860705,0.0784313725490196,0,0.16684616079053013,0.2846981412230926,2.6517406165120803,0.8664439306588274,0.0,0.9230769230769231,0.0,0.1,0.0,0.1,0.0,0.08,0.050980392156862744,0.501006601822869,0.25100660182286905
321,0.9827555953399424,0.49933227712289546,0.9449745906702233,0.4941185589014055,0.2534419849265073,0.5099915648526808,0.8117647058823529,0.4183124356226913,0.43224690170341296,0.12549019607843137,0.5914285714285714,0.38910098970306584,0.41142119969050833,0.09142857142857143,0.054901960784313725,0.04,0.2714285714285714,14.625714285714286,0.027450980392156862,0.0,0.025675158413015906,0.1430515320591828,5.215686274509804,0.10503300911434511,0.18946926559954713,0.21301980546860705,0.0784313725490196,0,0.16635378998300607,0.28327465051697714,2.6387058041818388,0.8491150520456507,0.0,1.0,0.0,0.1,0.0,0.1,0.0,0.08,0.054901960784313725,0.5210066018228691,0.271006601822869
322,0.9831370301289005,0.49996016575427216,0.9452524931593214,0.49432438304275367,0.2534419849265073,0.5104691307014415,0.8156862745098039,0.41846929836778934,0.4323645487622365,0.12549019607843137,0.5942857142857143,0.3892152754173515,0.4115069139762227,0.09142857142857143,0.047058823529411764,0.037142857142857144,0.2714285714285714,14.642857142857142,0.027450980392156862,0.0,0.025906884397377802,0.14271897657187843,5.215686274509804,0.10188201884091476,0.1843451877176906,0.21112921130454884,0.0784313725490196,0,0.16623573603309105,0.28252010188358456,2.623074545241059,0.8335881220492565,0.0,0.9230769230769231,0.0,0.1,0.0,0.1,0.0,0.08,0.047058823529411764,0.520376403768183,0.27037640376818295
323,0.9821846765319169,0.5009706515869201,0.9445586355386617,0.4948831321823774,0.2534419849265073,0.5107885608973514,0.8549019607843137,0.4185477297403384,0.4324233722916483,0.12549019607843137,0.6228571428571429,0.38927241827449444,0.41154977111907975,0.09142857142857143,0.0784313725490196,0.06,0.2714285714285714,14.665714285714285,0.03137254901960784,0.0,0.026137382328115813,0.14239639774919324,5.215686274509804,0.09882555827568731,0.17934388346528107,0.2092953349654124,0.0784313725490196,0,0.166260843781497,0.2811075013741667,2.630613054336238,0.8568547145446647,0.0,0.9523809523809523,0.0,0.1,0.0,0.1,0.0,0.08,0.0784313725490196,0.5197651116551375,0.26976511165513745
324,0.9804785849053406,0.5023419323205264,0.9433156259250133,0.4957172076220679,0.2534419849265073,0.5111506226076611,0.8588235294117647,0.4187045924854364,0.4325410193504718,0.12549019607843137,0.6257142857142857,0.38938670398878017,0.41163548540479405,0.09142857142857143,0.054901960784313725,0.04,0.2714285714285714,14.68,0.03137254901960784,0.0,0.02636645533485603,0.14208349629118855,5.215686274509804,0.0958607915274167,0.17446332010095666,0.20751647491645,0.0784313725490196,0,0.16605811099116097,0.2797019638672958,2.6180007932495126,0.9222025818511559,0.0,0.9285714285714286,0.0,0.1,0.0,0.1,0.0,0.08,0.054901960784313725,0.5191721583054834,0.26917215830548336
325,0.9810818268242901,0.5015718601964624,0.9437551307516763,0.49520743518097543,0.2534419849265073,0.5115334532014711,0.807843137254902,0.4187045924854364,0.4325410193504718,0.12549019607843137,0.5885714285714285,0.38938670398878017,0.41163548540479405,0.09142857142857143,0.058823529411764705,0.04285714285714286,0.2714285714285714,14.7,0.03137254901960784,0.0,0.02659391810988658,0.14177998187692403,5.215686274509804,0.0929849677815942,0.16970144293480105,0.2057909806689565,0.0784313725490196,0,0.16565553543620515,0.2783034540479593,2.6084979202416654,0.9037585302141328,0.0,1.0,0.0,0.1,0.0,0.1,0.0,0.08,0.058823529411764705,0.5185969935563188,0.26859699355631883
326,0.9807432181389143,0.5006779948579202,0.9435084301380456,0.49459679672869616,0.2534419849265073,0.5119005642525724,0.8156862745098039,0.4187045924854364,0.4325410193504718,0.12549019607843137,0.5942857142857143,0.38938670398878017,0.41163548540479405,0.09142857142857143,0.07058823529411765,0.05142857142857143,0.2714285714285714,14.717142857142857,0.03137254901960784,0.0,0.026819596814434174,0.14148557289508742,5.215686274509804,0.09019541874814636,0.16505617971978281,0.2041172512488878,0.0784313725490196,0,0.16514140061616697,0.2769119367777195,2.607756533265403,0.8856833596098501,0.0,1.0,0.0,0.1,0.0,0.1,0.0,0.08,0.07058823529411765,0.5180390837496293,0.26803908374962926
327,0.9816634941287371,0.5015463095564717,0.944055906225325,0.49514849425051133,0.2534419849265073,0.5120065209423713,0.8464566929133859,0.41928880003725616,0.4316506386112389,0.12598425196850394,0.6142857142857143,0.38955813256020877,0.4117640568333655,0.09142857142857143,0.047244094488188976,0.04,0.2742857142857143,14.737142857142857,0.027559055118110236,0.002857142857142857,0.027060957676829523,0.1411999961827059,5.149606299212598,0.08748955618570196,0.16052544478119457,0.20249373371142118,0.07874015748031496,0,0.165429836470229,0.2755273770938309,2.5956014026000953,0.9075489754399795,0.0,0.8571428571428571,0.0,0.1,0.0,0.1,0.0,0.08,0.050980392156862744,0.5174979112371404,0.2674979112371404
328,0.9812082849468822,0.5015860961475835,0.9437255544190644,0.49575291311242087,0.2534419849265073,0.5121413284045662,0.8622047244094488,0.41928880003725616,0.4316506386112389,0.12598425196850394,0.6257142857142857,0.38955813256020877,0.4117640568333655,0.09142857142857143,0.05511811023622047,0.04,0.2742857142857143,14.754285714285714,0.027559055118110236,0.0,0.027311197797843963,0.14092298677169582,5.149606299212598,0.0848648695001309,0.15610714289299887,0.20091892170007852,0.07874015748031496,0,0.164916544430735,0.27414974020836175,2.583689374548093,0.8893979959311799,0.0,1.0,0.0,0.1,0.0,0.1,0.0,0.08,0.05511811023622047,0.5169729739000262,0.26697297390002617
329,0.9810932906038221,0.5017424748773861,0.9436421013815295,0.4963335045103033,0.2534419849265073,0.5121959758471419,0.8700787401574803,0.41960376066717747,0.4318868590836799,0.12598425196850394,0.6314285714285715,0.3897867039887801,0.411935485404794,0.09142857142857143,0.047244094488188976,0.037142857142857144,0.2742857142857143,14.765714285714285,0.027559055118110236,0.0,0.02753156840860271,0.14065428764301613,5.149606299212598,0.08231892341512698,0.15179917291011336,0.19939135404907618,0.07874015748031496,0,0.16520596170858134,0.2727789915073199,2.5691584441999886,0.907250512392745,0.0,0.8461538461538461,0.0,0.1,0.0,0.1,0.0,0.08,0.047244094488188976,0.5164637846830253,0.2664637846830254
330,0.9801566145990006,0.5008892284443902,0.9429623422237449,0.49587895843733715,0.2534419849265073,0.5122580616173189,0.8346456692913385,0.4197612409821381,0.43200496931990034,0.12598425196850394,0.6057142857142858,0.38990098970306586,0.4120211996905083,0.09142857142857143,0.051181102362204724,0.037142857142857144,0.2742857142857143,14.785714285714286,0.027559055118110236,0.0,0.02774955695061603,0.1403936494881967,5.149606299212598,0.07984935571267317,0.14759943116573326,0.19790961342760388,0.07874015748031496,0,0.16512221832860982,0.2714150965497833,2.5549181324588464,0.9239412504086911,0.0,0.9230769230769231,0.0,0.1,0.0,0.1,0.0,0.08,0.051181102362204724,0.5159698711425347,0.2659698711425346
331,0.9822865272724322,0.501461261082523,0.9445080502781779,0.4961316993312138,0.2534419849265073,0.5122327958599734,0.8188976377952756,0.4199187212970987,0.4321230795561208,0.12598425196850394,0.5942857142857143,0.39001527541735154,0.4121069139762226,0.09142857142857143,0.05511811023622047,0.04,0.2742857142857143,14.794285714285714,0.027559055118110236,0.0,0.027965043678504338,0.14014083047802184,5.149606299212598,0.07745387504129297,0.14350581464281253,0.19647232502477577,0.07874015748031496,0,0.1650956086655382,0.27005802106703436,2.543819769809669,0.9543584420291995,0.0,0.9285714285714286,0.0,0.1,0.0,0.1,0.0,0.08,0.05511811023622047,0.5154907750082586,0.2654907750082586
332,0.981694389294804,0.5030982864209871,0.9440783272886993,0.49680501370886676,0.2534419849265073,0.5123083644022617,0.8464566929133859,0.4199187212970987,0.4321230795561208,0.12598425196850394,0.6142857142857143,0.39001527541735154,0.4121069139762226,0.09142857142857143,0.04330708661417323,0.03142857142857143,0.2742857142857143,14.811428571428571,0.027559055118110236,0.0,0.02817791897966712,0.13989559603815235,5.149606299212598,0.07513025879005418,0.13951622392880558,0.1950781552740325,0.07874015748031496,0,0.1644985591936391,0.2687077309616992,2.524371945842047,0.9352712731886155,0.0,1.0,0.0,0.1,0.0,0.1,0.0,0.08,0.04330708661417323,0.5150260517580109,0.26502605175801086
333,0.9811919199437946,0.5025531204853435,0.943713678102538,0.49623128821522206,0.2534419849265073,0.5123238211637461,0.8937007874015748,0.4199187212970987,0.4321230795561208,0.12598425196850394,0.6485714285714286,0.39001527541735154,0.4121069139762226,0.09142857142857143,0.03937007874015748,0.02857142857142857,0.2742857142857143,14.822857142857142,0.023622047244094488,0.0,0.028388083051090463,0.13965771863147894,5.149606299212598,0.07287635102635255,0.13562856596270934,0.1937258106158115,0.07874015748031496,0,0.1639043521119566,0.26736419230689074,2.5024559354966347,0.9165658477248432,0.0,1.0,0.0,0.1,0.0,0.1,0.0,0.08,0.03937007874015748,0.5145752702052705,0.2645752702052705
334,0.9791440307123658,0.50213314185299,0.9422274956317295,0.4955054848571561,0.2534419849265073,0.5123233016476907,0.8582677165354331,0.4201549417695396,0.4323002449104515,0.12598425196850394,0.6228571428571429,0.39018670398878014,0.412235485404794,0.09142857142857143,0.051181102362204724,0.037142857142857144,0.2742857142857143,14.837142857142856,0.023622047244094488,0.0,0.028595445561136766,0.13942697754700564,5.149606299212598,0.07069006049556198,0.1318407565833598,0.19241403629733717,0.07874015748031496,0,0.1647122617763968,0.2706858048784391,2.489549673929559,0.9062888679986038,0.0,0.8461538461538461,0.0,0.1,0.0,0.1,0.0,0.08,0.051181102362204724,0.5141380120991124,0.2641380120991124
335,0.9797841914061125,0.5027971524684927,0.942634566349105,0.4960871203761704,0.2534419849265073,0.5122088827988638,0.83399209486166,0.4205461094626417,0.43218918829442754,0.12648221343873517,0.6028571428571429,0.39018670398878014,0.412235485404794,0.09142857142857143,0.019762845849802372,0.017142857142857144,0.27714285714285714,14.845714285714285,0.019762845849802372,0.002857142857142857,0.028817234079717972,0.13920315869506658,5.122529644268774,0.06856935868069512,0.12815072288781204,0.19114161520841708,0.07905138339920949,0,0.16411670118180055,0.2693323758540469,2.456901537593825,0.8881630906386316,0.0,1.0,0.0,0.1,0.0,0.1,0.0,0.08,0.023622047244094488,0.513713871736139,0.263713871736139
336,0.98027248819851,0.5040172183952256,0.9429875351733238,0.4973277777239473,0.2534419849265073,0.5121836055050646,0.8023715415019763,0.4205461094626417,0.43218918829442754,0.12648221343873517,0.58,0.39018670398878014,0.412235485404794,0.09142857142857143,0.05138339920948617,0.037142857142857144,0.27714285714285714,14.862857142857143,0.019762845849802372,0.0,0.02902438267348714,0.13898605440868572,5.122529644268774,0.06651227792027427,0.12455640540849067,0.18990736675216455,0.07905138339920949,0,0.16366654696160582,0.26798571397477666,2.4449063639848054,0.870399828825859,0.0,1.0,0.0,0.1,0.0,0.1,0.0,0.08,0.05138339920948617,0.5133024555840549,0.26330245558405485
337,0.980511479770601,0.5043121114197475,0.9431602919382926,0.49696315209605,0.2534419849265073,0.512149641838329,0.8142292490118577,0.4205461094626417,0.43218918829442754,0.12648221343873517,0.5885714285714285,0.39018670398878014,0.412235485404794,0.09142857142857143,0.039525691699604744,0.02857142857142857,0.27714285714285714,14.862857142857143,0.019762845849802372,0.0,0.02922322885945466,0.13877546325089626,5.122529644268774,0.06451690958266604,0.12105576011762875,0.1887101457495996,0.07905138339920949,0,0.16324509624502934,0.2666457854049028,2.424579665276538,0.8529918322493418,0.0,1.0,0.0,0.1,0.0,0.1,0.0,0.08,0.039525691699604744,0.5129033819165332,0.26290338191653323
338,0.9790469404946764,0.5041376989794205,0.9421016392616957,0.4963431238041656,0.2534419849265073,0.5122504251169512,0.849802371541502,0.4205461094626417,0.43218918829442754,0.12648221343873517,0.6142857142857143,0.39018670398878014,0.412235485404794,0.09142857142857143,0.043478260869565216,0.03142857142857143,0.27714285714285714,14.871428571428572,0.019762845849802372,0.0,0.029418993084413973,0.1385711898278405,5.122529644268774,0.06258140229518605,0.11764676026733134,0.1875488413771116,0.07905138339920949,0,0.16278217537625278,0.26531255647787827,2.4075166433995783,0.8359319956043549,0.0,1.0,0.0,0.1,0.0,0.1,0.0,0.08,0.043478260869565216,0.5125162804590372,0.2625162804590372
339,0.9790590492696557,0.5052988193044603,0.9421103921761804,0.49718016909684803,0.2534419849265073,0.5123870822134521,0.8695652173913043,0.4205461094626417,0.43218918829442754,0.12648221343873517,0.6285714285714286,0.39018670398878014,0.412235485404794,0.09142857142857143,0.03162055335968379,0.022857142857142857,0.27714285714285714,14.88,0.019762845849802372,0.0,0.029611626998771564,0.1383730446074764,5.122529644268774,0.06070396022633047,0.11432739807339232,0.18642237613579826,0.07905138339920949,0,0.16228141021008582,0.26398599369548886,2.38222345338873,0.8192133556922678,0.0,1.0,0.0,0.1,0.0,0.1,0.0,0.08,0.03162055335968379,0.5121407920452661,0.2621407920452661
340,0.980300460808447,0.5065469738846976,0.943007755374221,0.49758677877694896,0.2534419849265073,0.5124284807223966,0.8537549407114624,0.4205461094626417,0.43218918829442754,0.12648221343873517,0.6171428571428571,0.39018670398878014,0.412235485404794,0.09142857142857143,0.03162055335968379,0.022857142857142857,0.27714285714285714,14.882857142857143,0.019762845849802372,0.0,0.029801089558464975,0.1381808437437232,5.122529644268774,0.05888284141954055,0.11109568625078814,0.18532970485172434,0.07905138339920949,0,0.16169814601617824,0.26266606372701146,2.357436127178098,0.8028290885784225,0.0,1.0,0.0,0.1,0.0,0.1,0.0,0.08,0.03162055335968379,0.5117765682839082,0.2617765682839081
341,0.9811054964969623,0.5058283881463363,0.9435896811719195,0.4970168139029259,0.2534419849265073,0.5125067292181895,0.83399209486166,0.4205461094626417,0.43218918829442754,0.12648221343873517,0.6028571428571429,0.39018670398878014,0.412235485404794,0.09142857142857143,0.039525691699604744,0.02857142857142857,0.27714285714285714,14.888571428571428,0.019762845849802372,0.0,0.02998734665938802,0.13799440890588263,5.122529644268774,0.05711635617695433,0.10794965940854029,0.1842698137061726,0.07905138339920949,0,0.1612599438539545,0.2613527334083764,2.3388588332059643,0.7867725068068541,0.0,1.0,0.0,0.1,0.0,0.1,0.0,0.08,0.039525691699604744,0.5114232712353909,0.2614232712353909
342,0.9823509963570143,0.5058990413212033,0.9444899996421856,0.49698148425300204,0.2534419849265073,0.512496818782046,0.8774703557312253,0.42086231499623855,0.4324263424446252,0.12648221343873517,0.6342857142857142,0.3904152754173516,0.4124069139762226,0.09142857142857143,0.05138339920948617,0.037142857142857144,0.27714285714285714,14.897142857142857,0.019762845849802372,0.0,0.03017037077608829,0.13781356711317724,5.122529644268774,0.0554028654916457,0.10488737531141057,0.18324171929498742,0.07905138339920949,0,0.16159564556325615,0.2600459697413345,2.3292245136847027,0.8365661951121309,0.0,0.8461538461538461,0.0,0.1,0.0,0.1,0.0,0.08,0.05138339920948617,0.5110805730983291,0.26108057309832916
343,0.980291917381715,0.5059715357020731,0.9429280220296162,0.4974358774051859,0.2534419849265073,0.512618755199571,0.876984126984127,0.4207206578580919,0.4331862170212432,0.12698412698412698,0.6314285714285715,0.3904152754173516,0.4124069139762226,0.09142857142857143,0.023809523809523808,0.02,0.28,14.90857142857143,0.015873015873015872,0.002857142857142857,0.03039628490308461,0.13763815057425302,5.0476190476190474,0.05374077952689633,0.10190691601565216,0.18224446771613778,0.07936507936507936,0,0.16095881019258274,0.25874573989262784,2.302640023411008,0.8198348712098883,0.0,1.0,0.0,0.1,0.0,0.1,0.0,0.08,0.02766798418972332,0.5107481559053793,0.26074815590537925
344,0.9794103226172833,0.5056829667311745,0.9422932737992256,0.49715158480023375,0.2534419849265073,0.5128094562182074,0.8888888888888888,0.4207206578580919,0.4331862170212432,0.12698412698412698,0.64,0.3904152754173516,0.4124069139762226,0.09142857142857143,0.03968253968253968,0.02857142857142857,0.28,14.917142857142856,0.015873015873015872,0.0,0.03060053245902671,0.13746799653149658,5.0476190476190474,0.05212855614108944,0.0990063888857986,0.18127713368465365,0.07936507936507936,0,0.16041073042733411,0.25745201119316474,2.2851586515142164,0.8034381737856906,0.0,1.0,0.0,0.1,0.0,0.1,0.0,0.08,0.03968253968253968,0.5104257112282179,0.2604257112282179
345,0.9795941930496956,0.5052543910442003,0.9424256605105623,0.49703070481194445,0.2534419849265073,0.5130023175345898,0.8968253968253969,0.4207206578580919,0.4331862170212432,0.12698412698412698,0.6457142857142857,0.3904152754173516,0.4124069139762226,0.09142857142857143,0.047619047619047616,0.037142857142857144,0.28,14.928571428571429,0.015873015873015872,0.0,0.03077462241456833,0.13730294711002278,5.0476190476190474,0.05056469945685675,0.09618392749922455,0.18033881967411405,0.07936507936507936,0,0.1600921117680546,0.2561647511371989,2.2765983356267894,0.7873694103099768,0.0,1.0,0.0,0.1,0.0,0.1,0.0,0.08,0.047619047619047616,0.5101129398913713,0.26011293989137135
346,0.9791772261564167,0.5055975661192679,0.9419722890499965,0.49784965234779277,0.2534419849265073,0.5132094179241974,0.8844621513944223,0.4210099219027773,0.4334568886770335,0.12749003984063745,0.6342857142857142,0.3904152754173516,0.4124069139762226,0.09142857142857143,0.027888446215139442,0.025714285714285714,0.28285714285714286,14.934285714285714,0.01195219123505976,0.002857142857142857,0.03095374112882809,0.1371428491711932,5.01195219123506,0.04904775847315105,0.09343769244496569,0.1794286550838906,0.0796812749003984,0,0.15954850835207146,0.2548839273815129,2.2567806546285394,0.7716220221037773,0.0,1.0,0.0,0.1,0.0,0.1,0.0,0.08,0.031746031746031744,0.5098095516946302,0.2598095516946302
347,0.9812704577815161,0.5058640764010114,0.943473435158282,0.497836946886626,0.2534419849265073,0.5134973747779156,0.9123505976095617,0.4210099219027773,0.4334568886770335,0.12749003984063745,0.6542857142857142,0.3904152754173516,0.4124069139762226,0.09142857142857143,0.03187250996015936,0.022857142857142857,0.28285714285714286,14.945714285714285,0.01195219123505976,0.0,0.031147099039113266,0.13698755417052855,5.01195219123506,0.047576325718956515,0.09076587202303954,0.1785457954313739,0.0796812749003984,0,0.15903619438173966,0.2536095077446054,2.2345021843931114,0.7561895816617017,0.0,1.0,0.0,0.1,0.0,0.1,0.0,0.08,0.03187250996015936,0.5095152651437913,0.2595152651437913
348,0.9800651888278294,0.5059545743948906,0.9426090851372092,0.49774234705471543,0.2534419849265073,0.5136139280780042,0.8844621513944223,0.4210099219027773,0.4334568886770335,0.12749003984063745,0.6342857142857142,0.3904152754173516,0.4124069139762226,0.09142857142857143,0.027888446215139442,0.02,0.28285714285714286,14.957142857142857,0.01195219123505976,0.0,0.031311644220601835,0.1368369180198838,5.01195219123506,0.04614903594738782,0.08816668285025797,0.17768942156843268,0.0796812749003984,0,0.15866309837859796,0.25234146020588233,2.2098121407052487,0.7410657900284676,0.0,1.0,0.0,0.1,0.0,0.1,0.0,0.08,0.027888446215139442,0.5092298071894775,0.2592298071894776
349,0.9804057923398257,0.5053320890075902,0.9428533465129554,0.4971665911515296,0.2534419849265073,0.5136100307255704,0.8804780876494024,0.4210099219027773,0.4334568886770335,0.12749003984063745,0.6314285714285715,0.3904152754173516,0.4124069139762226,0.09142857142857143,0.027888446215139442,0.02,0.28285714285714286,14.96,0.01195219123505976,0.0,0.03147289253211325,0.1366908009537584,5.01195219123506,0.044764564868966183,0.08563837037828248,0.1768587389213797,0.0796812749003984,0,0.15855506860099072,0.2510797529048529,2.185615897891144,0.7262444742278983,0.0,0.8571428571428571,0.0,0.1,0.0,0.1,0.0,0.08,0.027888446215139442,0.5089529129737932,0.25895291297379325
350,0.9793269438260094,0.5055159493926442,0.9420796580073327,0.49787317811101894,0.2534419849265073,0.5135466108824066,0.8725099601593626,0.4211692844525781,0.4335764105893841,0.12749003984063745,0.6257142857142857,0.3905295611316373,0.4124926282619369,0.09142857142857143,0.04780876494023904,0.03428571428571429,0.28285714285714286,14.971428571428572,0.01195219123505976,0.0,0.03163085724956159,0.13654906739961678,5.01195219123506,0.043421627922897194,0.08317920932942868,0.17605297675373832,0.0796812749003984,0,0.15850358609728932,0.2524343277108912,2.1761892942190353,0.7117195847433403,0.0,0.9166666666666666,0.0,0.1,0.0,0.1,0.0,0.08,0.04780876494023904,0.5086843255845794,0.25868432558457943
351,0.9806622796223885,0.5064341932970268,0.9430372845355932,0.4982162076587846,0.2534419849265073,0.513409426264013,0.8605577689243028,0.421328647002379,0.4336959325017347,0.12749003984063745,0.6171428571428571,0.390643846845923,0.4125783425476512,0.09142857142857143,0.043824701195219126,0.03428571428571429,0.28285714285714286,14.977142857142857,0.01195219123505976,0.0,0.03178555535153871,0.13641158585209937,5.01195219123506,0.04211897908521028,0.08078750405548829,0.17527138745112616,0.0796812749003984,0,0.15850964316323143,0.2803656722356382,2.166951222620369,0.7155075519068735,0.0,0.9166666666666666,0.0,0.1,0.0,0.1,0.0,0.08,0.043824701195219126,0.508423795817042,0.25842379581704206
352,0.981941210291402,0.5056014075316649,0.9439544605296571,0.49751121916568847,0.2534419849265073,0.5132043624176276,0.8326693227091634,0.42148800955217974,0.43381545441408526,0.12749003984063745,0.5971428571428572,0.39075813256020875,0.41266405683336543,0.09142857142857143,0.043824701195219126,0.03428571428571429,0.28285714285714286,14.98,0.01195219123505976,0.0,0.03193700724645157,0.13627822875100754,5.01195219123506,0.040855409712653966,0.07846158882460419,0.17451324582759237,0.0796812749003984,0,0.15851638137598673,0.27896384387446,2.157897912453676,0.7618877085654031,0.0,0.9166666666666666,0.0,0.1,0.0,0.1,0.0,0.08,0.043824701195219126,0.5081710819425308,0.2581710819425308
353,0.9810680147230105,0.505591017240383,0.9433282545648964,0.49738263348926465,0.2534419849265073,0.5131321101715357,0.8645418326693227,0.4216473721019805,0.43393497632643585,0.12749003984063745,0.62,0.3908724182744944,0.41274977111907973,0.09142857142857143,0.043824701195219126,0.03142857142857143,0.28285714285714286,14.98857142857143,0.01195219123505976,0.0,0.03208523651080584,0.1361488723629484,5.01195219123506,0.03962974742127435,0.07619982804100356,0.17377784845276462,0.0796812749003984,0,0.1584930994156424,0.27756902465508765,2.1461685256331733,0.8044335292804529,0.0,0.9090909090909091,0.0,0.1,0.0,0.1,0.0,0.08,0.043824701195219126,0.5079259494842548,0.25792594948425485
354,0.9813232016122964,0.5058448034302572,0.9435112600197844,0.4977117853422683,0.2534419849265073,0.5130957601860483,0.8605577689243028,0.42180673465178137,0.43405449823878645,0.12749003984063745,0.6171428571428571,0.3909867039887801,0.41283548540479403,0.09142857142857143,0.043824701195219126,0.03142857142857143,0.28285714285714286,14.997142857142856,0.01195219123505976,0.0,0.03223026963864441,0.13602339666653102,5.01195219123506,0.038440854998636115,0.07400061640217215,0.17306451299918166,0.0796812749003984,0,0.1583004910614213,0.2761811795318122,2.1346737265490816,0.8286527197978375,0.0,0.9090909090909091,0.0,0.1,0.0,0.1,0.0,0.08,0.043824701195219126,0.5076881709997272,0.25768817099972724
355,0.9820228538682568,0.5067264146911151,0.9440130106376304,0.4985482161460076,0.2534419849265073,0.5129690319598336,0.900398406374502,0.42180673465178137,0.43405449823878645,0.12749003984063745,0.6457142857142857,0.3909867039887801,0.41283548540479403,0.09142857142857143,0.027888446215139442,0.02,0.28285714285714286,15.002857142857144,0.01195219123505976,0.0,0.032372135802091515,0.13590168524100624,5.01195219123506,0.03728762934867703,0.07186237899783066,0.1723725776092062,0.0796812749003984,0,0.15779370432039996,0.27480027363415316,2.1119802520181,0.8120796654018807,0.0,1.0,0.0,0.1,0.0,0.1,0.0,0.08,0.027888446215139442,0.5074575258697354,0.2574575258697354
356,0.9833191669613839,0.5068006240511483,0.944942652312987,0.49803150992228656,0.2534419849265073,0.5129239668805765,0.8924302788844621,0.4218864159266817,0.43411425919496177,0.12749003984063745,0.64,0.391043846845923,0.4128783425476512,0.09142857142857143,0.035856573705179286,0.025714285714285714,0.28285714285714286,15.005714285714285,0.01195219123505976,0.0,0.03251086662290242,0.13578362515824716,5.01195219123506,0.036169000468216715,0.06978357135486657,0.17170140028093003,0.0796812749003984,0,0.1576898793702265,0.2734262722659824,2.0954549326920238,0.795838072093843,0.0,0.8888888888888888,0.0,0.1,0.0,0.1,0.0,0.08,0.035856573705179286,0.5072338000936434,0.25723380009364333
357,0.9824171644595501,0.5069157261746001,0.944295787661672,0.4983497295381572,0.2534419849265073,0.512971565772345,0.8804780876494024,0.4219660972015821,0.43417402015113704,0.13147410358565736,0.6314285714285715,0.3911009897030658,0.41292119969050833,0.09428571428571429,0.043824701195219126,0.03142857142857143,0.28285714285714286,15.017142857142858,0.01195219123505976,0.0,0.03264649595487484,0.13566910687797087,5.01195219123506,0.035083930454170215,0.06776267943216419,0.17105035827250212,0.0796812749003984,0,0.15764300496980393,0.27307532251057953,2.0849744054667547,0.7895643367746836,0.0,0.9090909090909091,0.0,0.1,0.0,0.1,0.0,0.08,0.043824701195219126,0.507016786090834,0.25701678609083406
358,0.9821921083770772,0.5073698258525523,0.94413439029967,0.4986622022940815,0.2534419849265073,0.5130481316943346,0.8645418326693227,0.4219660972015821,0.43417402015113704,0.13147410358565736,0.62,0.3911009897030658,0.41292119969050833,0.09428571428571429,0.027888446215139442,0.02,0.28285714285714286,15.02,0.01195219123505976,0.0,0.03277905967694086,0.13555802414610288,5.01195219123506,0.034031412540545106,0.06579821956907816,0.17041884752432707,0.0796812749003984,0,0.1571109356556692,0.2717099458980266,2.0632749173574196,0.77377305003919,0.0,1.0,0.0,0.1,0.0,0.1,0.0,0.08,0.027888446215139442,0.506806282508109,0.256806282508109
359,0.9825034292873934,0.5077966934225417,0.9443576518667824,0.4991514356968634,0.2534419849265073,0.5131380084501378,0.848605577689243,0.4219660972015821,0.43417402015113704,0.13147410358565736,0.6085714285714285,0.3911009897030658,0.41292119969050833,0.09428571428571429,0.02390438247011952,0.02,0.28285714285714286,15.034285714285714,0.01195219123505976,0.0,0.03290859549672572,0.1354502738961909,5.01195219123506,0.03301047016432875,0.06388873839110187,0.16980628209859724,0.0796812749003984,0,0.1565530981166766,0.2703513961685365,2.042009419010271,0.758297589038406,0.0,1.0,0.0,0.1,0.0,0.1,0.0,0.08,0.02390438247011952,0.5066020940328657,0.25660209403286577
360,0.982416732512034,0.5077218045395706,0.9442954778935964,0.49890140043043957,0.2534419849265073,0.513274646597052,0.852589641434263,0.4219660972015821,0.43417402015113704,0.13147410358565736,0.6114285714285714,0.3911009897030658,0.41292119969050833,0.09428571428571429,0.05976095617529881,0.04285714285714286,0.28285714285714286,15.037142857142857,0.01195219123505976,0.0,0.03303514276433334,0.1353457561537763,5.01195219123506,0.03202015605939889,0.062032812676094284,0.16921209363563933,0.0796812749003984,0,0.15653439717476428,0.2689996391876938,2.044026373487209,0.743131637257638,0.0,1.0,0.0,0.1,0.0,0.1,0.0,0.08,0.05976095617529881,0.5064040312118798,0.25640403121187977
361,0.9836057061166638,0.5077975088735629,0.9451481418214878,0.4983988850141473,0.2534419849265073,0.5133891749854578,0.852589641434263,0.4219660972015821,0.43417402015113704,0.13147410358565736,0.6114285714285714,0.3911009897030658,0.41292119969050833,0.09428571428571429,0.03187250996015936,0.022857142857142857,0.28285714285714286,15.048571428571428,0.01195219123505976,0.0,0.0331587422960962,0.13524437394363406,5.01195219123506,0.03105955137761692,0.060229049184251204,0.16863573082657016,0.0796812749003984,0,0.15595143947460477,0.2676546409917553,2.026002988874607,0.7282690045124852,0.0,1.0,0.0,0.1,0.0,0.1,0.0,0.08,0.03187250996015936,0.5062119102755234,0.25621191027552337
362,0.9820671594868642,0.5075415538079858,0.9440447840955458,0.49798456276406977,0.2534419849265073,0.5134271768618288,0.8326693227091634,0.4219660972015821,0.43417402015113704,0.13147410358565736,0.5971428571428572,0.3911009897030658,0.41292119969050833,0.09428571428571429,0.02390438247011952,0.02,0.28285714285714286,15.06,0.01195219123505976,0.0,0.033279436208008537,0.1351460331997962,5.01195219123506,0.030127764836288415,0.05847608445482888,0.16807665890177304,0.0796812749003984,0,0.15542839656294605,0.2663163677867965,2.0054829290971146,0.7137036244222354,0.0,1.0,0.0,0.1,0.0,0.1,0.0,0.08,0.02390438247011952,0.5060255529672577,0.2560255529672577
363,0.9810640489498619,0.5068926741112147,0.94332541053901,0.4977835880075546,0.2534419849265073,0.513470945498842,0.8884462151394422,0.4220457784764825,0.43423378110731237,0.13147410358565736,0.6371428571428571,0.3911581325602087,0.4129640568333655,0.09428571428571429,0.043824701195219126,0.03142857142857143,0.28285714285714286,15.074285714285715,0.01195219123505976,0.0,0.03339726775854842,0.1350506426782734,5.01195219123506,0.02922393189119976,0.05677258457246703,0.16753435913471984,0.0796812749003984,0,0.15539311315155988,0.26498478594786257,1.996801841943744,0.8345102199071136,0.0,0.9090909090909091,0.0,0.1,0.0,0.1,0.0,0.08,0.043824701195219126,0.5058447863782399,0.25584478637823993
364,0.9807616896018028,0.5075483612126335,0.9431085756922588,0.49812229764913324,0.2534419849265073,0.5136080005994219,0.8725099601593626,0.4220457784764825,0.43423378110731237,0.13147410358565736,0.6257142857142857,0.3911581325602087,0.4129640568333655,0.09428571428571429,0.03187250996015936,0.022857142857142857,0.28285714285714286,15.082857142857144,0.01593625498007968,0.0,0.033512281200582396,0.13495811387239634,5.01195219123506,0.028347213934463766,0.05511724490579173,0.16700832836067825,0.0796812749003984,0,0.1549300047286592,0.26365986201812325,1.9797229479620118,0.8178200155089713,0.0,1.0,0.0,0.1,0.0,0.1,0.0,0.08,0.03187250996015936,0.5056694427868927,0.25566944278689274
365,0.9793407735170688,0.5074195769600791,0.9420895758714928,0.49801964975230534,0.2534419849265073,0.5136225678934722,0.848605577689243,0.4221254597513829,0.4342935420634877,0.13147410358565736,0.6085714285714285,0.39121527541735157,0.41300691397622263,0.09428571428571429,0.035856573705179286,0.025714285714285714,0.28285714285714286,15.1,0.01593625498007968,0.0,0.03362452164203869,0.13486836093069554,5.01195219123506,0.027496797516429854,0.053508789820830516,0.1664980785098579,0.0796812749003984,0,0.1547837832764445,0.26625151969334687,1.9658427747170575,0.8137413417416625,0.0,0.8888888888888888,0.0,0.1,0.0,0.1,0.0,0.08,0.035856573705179286,0.505499359503286,0.25549935950328595
366,0.9815167193296286,0.5085255240769082,0.9436500398684997,0.49849295771505636,0.2534419849265073,0.5135599617917789,0.852589641434263,0.4222051410262833,0.43435330301966296,0.13147410358565736,0.6114285714285714,0.3912724182744944,0.4130497711190797,0.09428571428571429,0.055776892430278883,0.04,0.28285714285714286,15.105714285714285,0.01593625498007968,0.0,0.03373403491502967,0.13478130057724577,5.01195219123506,0.026671893590936958,0.05194597237162091,0.16600313615456216,0.0796812749003984,0,0.15494902857447287,0.2649202620948801,1.966525919222716,0.8489611232769287,0.0,0.9285714285714286,0.0,0.1,0.0,0.1,0.0,0.08,0.055776892430278883,0.5053343787181874,0.25533437871818737
367,0.9808483014670637,0.5080261259510758,0.9431706887727744,0.4980255471657458,0.2534419849265073,0.5136316814751269,0.8127490039840638,0.4222051410262833,0.43435330301966296,0.13147410358565736,0.5828571428571429,0.3912724182744944,0.4130497711190797,0.09428571428571429,0.035856573705179286,0.025714285714285714,0.28285714285714286,15.108571428571429,0.01593625498007968,0.0,0.033840867453100915,0.1346968520343995,5.01195219123506,0.025871736783208848,0.050427573970253325,0.1655230420699253,0.0796812749003984,0,0.1544309984316005,0.2635956607844057,1.9529096865525477,0.8319819008113902,0.0,1.0,0.0,0.1,0.0,0.1,0.0,0.08,0.035856573705179286,0.5051743473566418,0.2551743473566418
368,0.9798787315750389,0.5079026125494622,0.9424753686502083,0.4982374285457734,0.2534419849265073,0.5136181274357936,0.8685258964143426,0.4223645035760841,0.43447282493201356,0.13147410358565736,0.6228571428571429,0.39138670398878017,0.4131354854047941,0.09428571428571429,0.03187250996015936,0.025714285714285714,0.28285714285714286,15.114285714285714,0.01593625498007968,0.0,0.03394506617628339,0.13461493694783866,5.01195219123506,0.025095584679712582,0.048952404038457686,0.16505735080782755,0.0796812749003984,0,0.15434370343587106,0.26227768248048366,1.9395657785357825,0.8272579337550651,0.0,0.8888888888888888,0.0,0.1,0.0,0.1,0.0,0.08,0.03187250996015936,0.5050191169359425,0.25501911693594254
369,0.9807166646218,0.5074733602298077,0.9430762863494568,0.49802346193466546,0.2534419849265073,0.5135252127026803,0.8605577689243028,0.4225238661258849,0.43459234684436415,0.13147410358565736,0.6171428571428571,0.39150098970306585,0.4132211996905083,0.09428571428571429,0.05179282868525897,0.037142857142857144,0.28285714285714286,15.12,0.01593625498007968,0.0,0.03404667838362598,0.13453547931387466,5.01195219123506,0.024342717139321204,0.04751929964270851,0.1646056302835927,0.0796812749003984,0,0.1543708449151203,0.27320827165060013,1.9379173201079236,0.8220997997933079,0.0,0.9230769230769231,0.0,0.1,0.0,0.1,0.0,0.08,0.05179282868525897,0.5048685434278642,0.25486854342786425
370,0.9800362598302544,0.5078362820332925,0.9425883389132341,0.4984187882420131,0.2534419849265073,0.5136358493541628,0.8804780876494024,0.4225238661258849,0.43459234684436415,0.13147410358565736,0.6314285714285715,0.39150098970306585,0.4132211996905083,0.09428571428571429,0.02390438247011952,0.02,0.28285714285714286,15.134285714285713,0.01593625498007968,0.0,0.03414575165288786,0.13445840540892948,5.01195219123506,0.023612435625141568,0.04612712511470596,0.16416746137508492,0.0796812749003984,0,0.1537702764048304,0.2718422302923471,1.9191589737057653,0.8056578037974418,0.0,1.0,0.0,0.1,0.0,0.1,0.0,0.08,0.02390438247011952,0.5047224871250283,0.2547224871250283
371,0.9802329186273715,0.5075930768279832,0.942729371364881,0.498341930911733,0.2534419849265073,0.5136427670245552,0.8884462151394422,0.4225238661258849,0.43459234684436415,0.13147410358565736,0.6371428571428571,0.39150098970306585,0.4132211996905083,0.09428571428571429,0.043824701195219126,0.03142857142857143,0.28285714285714286,15.137142857142857,0.01593625498007968,0.0,0.03424233374707376,0.13438364372113273,5.01195219123506,0.02290406255638732,0.04477477165897081,0.16374243753383239,0.0796812749003984,0,0.15325813930852053,0.27048301914088535,1.912204365660221,0.789544647721493,0.0,1.0,0.0,0.1,0.0,0.1,0.0,0.08,0.043824701195219126,0.5045808125112775,0.25458081251127745
372,0.9808699785808277,0.5069793444701282,0.943186234360074,0.4983063137432266,0.2534419849265073,0.5135951241766726,0.8565737051792829,0.42265422630462657,0.4347118687567148,0.13147410358565736,0.6142857142857143,0.39159447657410623,0.41330691397622266,0.09428571428571429,0.0199203187250996,0.014285714285714285,0.28285714285714286,15.145714285714286,0.01593625498007968,0.0,0.03433647252750059,0.1343111248839699,5.01195219123506,0.0222169406796957,0.043461156949179625,0.16333016440781742,0.0796812749003984,0,0.15297756289769224,0.26913060404518097,1.8882459926327309,0.7737537547670631,0.0,0.8,0.0,0.1,0.0,0.1,0.0,0.08,0.0199203187250996,0.5044433881359391,0.25444338813593914
373,0.9788239822000535,0.5066115784716745,0.9417189626698617,0.49755128408357135,0.2534419849265073,0.5134480878371257,0.8725099601593626,0.42273390757952695,0.4347716297128901,0.13147410358565736,0.6257142857142857,0.3916516194312491,0.4133497711190798,0.09428571428571429,0.05179282868525897,0.037142857142857144,0.28285714285714286,15.162857142857144,0.01593625498007968,0.0,0.03442821587308857,0.1342407816119219,5.01195219123506,0.021550432459304828,0.042185224714760716,0.1629302594755829,0.0796812749003984,0,0.15320870067286385,0.2677849510249551,1.8876239299229334,0.8256338401925865,0.0,0.9230769230769231,0.0,0.1,0.0,0.1,0.0,0.08,0.05179282868525897,0.5043100864918609,0.254310086491861
374,0.9802046220136336,0.5080907971085714,0.9427090786504575,0.49875847091043407,0.2534419849265073,0.5133873345232541,0.896414342629482,0.42273390757952695,0.4347716297128901,0.13147410358565736,0.6428571428571429,0.3916516194312491,0.4133497711190798,0.09428571428571429,0.0398406374501992,0.02857142857142857,0.28285714285714286,15.168571428571429,0.01593625498007968,0.0,0.03451761160557775,0.13417254863803532,5.01195219123506,0.020903919485525682,0.040945944319172756,0.1625423516913154,0.0796812749003984,0,0.15303642118480063,0.2664460262698303,1.8784428798959034,0.8091211633887347,0.0,1.0,0.0,0.1,0.0,0.1,0.0,0.08,0.0398406374501992,0.5041807838971052,0.25418078389710513
375,0.9796452573105444,0.5091295496065822,0.9423079342490993,0.4993018779056369,0.2534419849265073,0.5133578378271416,0.8924302788844621,0.42273390757952695,0.4347716297128901,0.13147410358565736,0.64,0.3916516194312491,0.4133497711190798,0.09428571428571429,0.0398406374501992,0.02857142857142857,0.28285714285714286,15.174285714285714,0.01593625498007968,0.0,0.034604707420377426,0.13410636265336537,5.01195219123506,0.02027680190095991,0.03974231033118736,0.16216608114057593,0.0796812749003984,0,0.1525565247931623,0.2651137961384812,1.8694454508694138,0.7929387401209601,0.0,1.0,0.0,0.1,0.0,0.1,0.0,0.08,0.0398406374501992,0.5040553603801919,0.254055360380192
376,0.9817452455467096,0.5075596779367051,0.9432645616759783,0.4985006563522616,0.2534419849265073,0.5133618194077584,0.852,0.42235203622446377,0.4332480237919354,0.132,0.6085714285714285,0.3916516194312491,0.4133497711190798,0.09428571428571429,0.032,0.022857142857142857,0.2857142857142857,15.194285714285714,0.012,0.002857142857142857,0.034786345243020295,0.1340421622482355,4.928,0.019668497843931113,0.03857334209041252,0.16180109870635867,0.08,0,0.15196502788348223,0.2637882271577887,1.8549136847091683,0.7770799653185408,0.0,1.0,0.0,0.1,0.0,0.1,0.0,0.08,0.03187250996015936,0.5039336995687862,0.2539336995687862
377,0.9816041988329632,0.507914647297889,0.9431638140233024,0.498941884131393,0.2534419849265073,0.5133459584848327,0.856,0.42235203622446377,0.4332480237919354,0.132,0.6114285714285714,0.3916516194312491,0.4133497711190798,0.09428571428571429,0.036,0.02857142857142857,0.2857142857142857,15.194285714285714,0.012,0.0,0.034869393557304444,0.13397988785525955,4.928,0.01907844290861318,0.03743808326820253,0.1614470657451679,0.08,0,0.1520320634547791,0.2624692860219998,1.8463868395864138,0.7615383660121701,0.0,0.9,0.0,0.1,0.0,0.1,0.0,0.08,0.036,0.5038156885817227,0.25381568858172265
378,0.981296203393467,0.5069027623573715,0.9429438172808051,0.4981793578822505,0.2534419849265073,0.5135083899088353,0.88,0.42235203622446377,0.4332480237919354,0.132,0.6285714285714286,0.3916516194312491,0.4133497711190798,0.09428571428571429,0.04,0.02857142857142857,0.2857142857142857,15.202857142857143,0.012,0.0,0.03495027255753922,0.13391948169407294,4.928,0.018506089621354783,0.03633560142501968,0.16110365377281285,0.08,0,0.15167062027679093,0.26115693959188985,1.8380305313661138,0.7463075986919266,0.0,1.0,0.0,0.1,0.0,0.1,0.0,0.08,0.04,0.5037012179242709,0.25370121792427097
379,0.9824287297848183,0.5070893235566677,0.9436108404906085,0.49852302273593263,0.2534419849265073,0.5136227766921252,0.8795180722891566,0.42278484327455035,0.4338863138476827,0.13253012048192772,0.6257142857142857,0.3916516194312491,0.4133497711190798,0.09428571428571429,0.0321285140562249,0.02857142857142857,0.2885714285714286,15.217142857142857,0.008032128514056224,0.002857142857142857,0.0350415800930511,0.13386088771772184,4.9156626506024095,0.01795090693271414,0.03526498756523999,0.1607705441596285,0.08032128514056225,0,0.15122598217540695,0.25985115489393035,1.82984134931022,0.7313814467180881,0.0,1.0,0.0,0.1,0.0,0.1,0.0,0.08,0.036,0.5035901813865429,0.2535901813865428
380,0.9834387535753426,0.5079735779871245,0.9443294002730099,0.49927936740363343,0.2534419849265073,0.513850102573889,0.8955823293172691,0.42278484327455035,0.4338863138476827,0.13253012048192772,0.6371428571428571,0.3916516194312491,0.4133497711190798,0.09428571428571429,0.028112449799196786,0.02,0.2885714285714286,15.222857142857142,0.008032128514056224,0.0,0.03512491895302444,0.13380405156066133,4.9156626506024095,0.017412379724732717,0.03422535569031393,0.16044742783483962,0.08032128514056225,0,0.15064113797881562,0.2585518991194607,1.8132445223240157,0.7167538177837264,0.0,1.0,0.0,0.1,0.0,0.1,0.0,0.08,0.028112449799196786,0.5034824759449466,0.25348247594494655
381,0.9823690681931038,0.5073909196196823,0.943568395529646,0.49843115454538445,0.2534419849265073,0.5141356083797729,0.8594377510040161,0.42278484327455035,0.4338863138476827,0.13253012048192772,0.6114285714285714,0.3916516194312491,0.4133497711190798,0.09428571428571429,0.05220883534136546,0.04,0.2885714285714286,15.245714285714286,0.008032128514056224,0.0,0.03519963433358531,0.13374892048831258,4.9156626506024095,0.016890008332990734,0.033215842351134284,0.16013400499979444,0.08032128514056225,0,0.1507437922853501,0.2572591396238634,1.8169796318775355,0.7024187414280518,0.0,1.0,0.0,0.1,0.0,0.1,0.0,0.08,0.05220883534136546,0.5033780016665982,0.25337800166659813
382,0.9821355620806126,0.5079064758379842,0.9434022726096165,0.49875194135702533,0.2534419849265073,0.5143722053267344,0.8795180722891566,0.42278484327455035,0.4338863138476827,0.13253012048192772,0.6257142857142857,0.3916516194312491,0.4133497711190798,0.09428571428571429,0.028112449799196786,0.02,0.2885714285714286,15.245714285714286,0.008032128514056224,0.0,0.035272363485637434,0.1336954433481343,4.9156626506024095,0.01638330808300101,0.032235606200388345,0.1598299848498006,0.08032128514056225,0,0.15021779046320907,0.25597284392574404,1.8006400392399844,0.6883703665994908,0.0,1.0,0.0,0.1,0.0,0.1,0.0,0.08,0.028112449799196786,0.5032766616166002,0.25327666161660023
383,0.9813447474701498,0.5080714661850082,0.94283966450103,0.4987853926334983,0.2534419849265073,0.5146718436761336,0.8875502008032129,0.42278484327455035,0.4338863138476827,0.13253012048192772,0.6314285714285715,0.3916516194312491,0.4133497711190798,0.09428571428571429,0.03614457831325301,0.025714285714285714,0.2885714285714286,15.248571428571429,0.008032128514056224,0.0,0.03534315148454064,0.13364357052216141,4.9156626506024095,0.01589180884051098,0.03128382754561865,0.15953508530430657,0.08032128514056225,0,0.14972341579660733,0.2546929797061153,1.7903415241694705,0.6746029592675009,0.0,1.0,0.0,0.1,0.0,0.1,0.0,0.08,0.03614457831325301,0.5031783617681022,0.2531783617681022
384,0.9814844404191908,0.5073446857400299,0.9429390460562048,0.4980783503922748,0.2534419849265073,0.5149001495857172,0.8795180722891566,0.42278484327455035,0.4338863138476827,0.13253012048192772,0.6257142857142857,0.3916516194312491,0.4133497711190798,0.09428571428571429,0.0321285140562249,0.025714285714285714,0.2885714285714286,15.257142857142858,0.008032128514056224,0.0,0.03541204286118548,0.13359325388096763,4.9156626506024095,0.01541505457529565,0.030359707903652278,0.15924903274517738,0.08032128514056225,0,0.14960322728905287,0.25341951480758473,1.7802489794003669,0.6611109000821509,0.0,1.0,0.0,0.1,0.0,0.1,0.0,0.08,0.0321285140562249,0.5030830109150591,0.25308301091505914
385,0.9816590949338011,0.5078078586312533,0.9430633002680274,0.4985258672477957,0.2534419849265073,0.5151310864296907,0.8674698795180723,0.42294548584483144,0.43400679577539353,0.13253012048192772,0.6171428571428571,0.39176590514553483,0.4134354854047941,0.09428571428571429,0.0321285140562249,0.022857142857142857,0.2885714285714286,15.262857142857143,0.008032128514056224,0.0,0.03547908157491434,0.13354444673900975,4.9156626506024095,0.01495260293803678,0.029462469557007154,0.15897156176282207,0.08032128514056225,0,0.15022663972403616,0.2521524172335468,1.7675011426695024,0.6478886820805079,0.0,0.875,0.0,0.1,0.0,0.1,0.0,0.08,0.0321285140562249,0.5029905205876074,0.25299052058760735
386,0.9833048077680204,0.5087355586440937,0.944234107398658,0.49943213141699166,0.2534419849265073,0.5154453169908367,0.8674698795180723,0.42294548584483144,0.43400679577539353,0.13253012048192772,0.6171428571428571,0.39176590514553483,0.4134354854047941,0.09428571428571429,0.040160642570281124,0.02857142857142857,0.2885714285714286,15.271428571428572,0.008032128514056224,0.0,0.03554431098944588,0.13349710381131058,4.9156626506024095,0.014504024849895677,0.02859135511283384,0.1587024149099374,0.08032128514056225,0,0.15018523862902314,0.2508916551473791,1.760722548387541,0.6349309084388977,0.0,1.0,0.0,0.1,0.0,0.1,0.0,0.08,0.040160642570281124,0.5029008049699791,0.25290080496997913
387,0.9828715249157939,0.5095779329201904,0.9439258575980739,0.4998799291353974,0.2534419849265073,0.5158520084224412,0.8313253012048193,0.4231061284151126,0.4341272777031044,0.13253012048192772,0.5914285714285714,0.39188019085982057,0.4135211996905083,0.09428571428571429,0.0321285140562249,0.025714285714285714,0.2885714285714286,15.277142857142858,0.008032128514056224,0.0,0.03560777385161602,0.13345118117144233,4.9156626506024095,0.014068904104398806,0.02774562706489825,0.15844134246263927,0.08032128514056225,0,0.15006288386444944,0.2496371968716422,1.7512223831340759,0.6385961661872008,0.0,0.8888888888888888,0.0,0.1,0.0,0.1,0.0,0.08,0.0321285140562249,0.5028137808208798,0.25281378082087974
388,0.9822562267009368,0.5100604400781941,0.9434881168680755,0.49991577366609696,0.2534419849265073,0.5161923565972508,0.8995983935742972,0.4231061284151126,0.4341272777031044,0.13253012048192772,0.64,0.39188019085982057,0.4135211996905083,0.09428571428571429,0.040160642570281124,0.03142857142857143,0.2885714285714286,15.28,0.008032128514056224,0.0,0.03566951227275609,0.1334066362107702,4.9156626506024095,0.013646836981266841,0.02692456735907056,0.1581881021887601,0.08032128514056225,0,0.14962614158798435,0.248389010887284,1.747626506899966,0.6258242428634568,0.0,1.0,0.0,0.1,0.0,0.1,0.0,0.08,0.040160642570281124,0.5027293673962534,0.25272936739625335
389,0.9837546693232094,0.5100709435443395,0.9445541517622067,0.499853785758766,0.2534419849265073,0.5164008930020937,0.8875502008032129,0.42318644970025315,0.4341875186669598,0.13253012048192772,0.6314285714285715,0.3919373337169634,0.41356405683336545,0.09428571428571429,0.04417670682730924,0.03142857142857143,0.2885714285714286,15.282857142857143,0.008032128514056224,0.0,0.035729567712538254,0.13336342759891823,4.9156626506024095,0.013237431871828836,0.026127476962740204,0.1579424591230973,0.08032128514056225,0,0.14950629659433012,0.24714706583284757,1.744102548190538,0.6309381351689083,0.0,0.9090909090909091,0.0,0.1,0.0,0.1,0.0,0.08,0.04417670682730924,0.5026474863743657,0.2526474863743658
390,0.9829434392795287,0.509957429457689,0.9439770195311309,0.4999346810316241,0.2534419849265073,0.5167230145985986,0.8795180722891566,0.42318644970025315,0.4341875186669598,0.13253012048192772,0.6257142857142857,0.3919373337169634,0.41356405683336545,0.09428571428571429,0.024096385542168676,0.017142857142857144,0.2885714285714286,15.285714285714286,0.008032128514056224,0.0,0.03578798096512594,0.13332151524542177,4.9156626506024095,0.01284030891567397,0.025353675438536172,0.15770418534940436,0.08032128514056225,0,0.14933005082564418,0.24591133050368333,1.7263633543695842,0.6183193724655301,0.0,1.0,0.0,0.1,0.0,0.1,0.0,0.08,0.024096385542168676,0.5025680617831348,0.2525680617831348
391,0.9826158519183934,0.5109213188973896,0.9437439645227804,0.5005347380085848,0.2534419849265073,0.5170574192726998,0.8835341365461847,0.42318644970025315,0.4341875186669598,0.13253012048192772,0.6285714285714286,0.3919373337169634,0.41356405683336545,0.09428571428571429,0.028112449799196786,0.022857142857142857,0.2885714285714286,15.291428571428572,0.008032128514056224,0.0,0.03584479214747488,0.13328086026253025,4.9156626506024095,0.012455099648203752,0.02460250052269808,0.15747305978892223,0.08032128514056225,0,0.14886811628580168,0.2446817738511649,1.7146932301393352,0.6059529850162195,0.0,1.0,0.0,0.1,0.0,0.1,0.0,0.08,0.028112449799196786,0.5024910199296407,0.25249101992964074
392,0.9838168470564528,0.5108274799778458,0.9445983867781428,0.5010272084088517,0.2534419849265073,0.5173454510486005,0.8755020080321285,0.42334709227053424,0.4343080005946707,0.13253012048192772,0.6228571428571429,0.3920516194312491,0.41364977111907975,0.09428571428571429,0.04819277108433735,0.03428571428571429,0.2885714285714286,15.297142857142857,0.008032128514056224,0.0,0.0359000406896387,0.1332414249291254,4.9156626506024095,0.01208144665875764,0.023873307708403013,0.1572488679952546,0.08032128514056225,0,0.14998494845604657,0.2434583649819091,1.7146850798222626,0.6673880712109077,0.0,0.8333333333333334,0.0,0.1,0.0,0.1,0.0,0.08,0.04819277108433735,0.5024162893317515,0.25241628933175153
393,0.9831091884919979,0.510092822513734,0.9440949382565733,0.5005453981795143,0.2534419849265073,0.5176545402913157,0.8875502008032129,0.42334709227053424,0.4343080005946707,0.13253012048192772,0.6314285714285715,0.3920516194312491,0.41364977111907975,0.09428571428571429,0.04819277108433735,0.03428571428571429,0.2885714285714286,15.297142857142857,0.008032128514056224,0.0,0.03595376532693967,0.1332031726557228,4.9156626506024095,0.01171900325899491,0.02316546983432588,0.15703140195539694,0.08032128514056225,0,0.15000432366030197,0.24224107315699953,1.7146770925115318,0.6540403097866895,0.0,0.9166666666666666,0.0,0.1,0.0,0.1,0.0,0.08,0.04819277108433735,0.502343800651799,0.25234380065179896
394,0.9842784540639552,0.5099649228152725,0.9449267871920516,0.5003614645499637,0.2534419849265073,0.5179216070782868,0.9196787148594378,0.42334709227053424,0.4343080005946707,0.13253012048192772,0.6542857142857142,0.3920516194312491,0.41364977111907975,0.09428571428571429,0.024096385542168676,0.017142857142857144,0.2885714285714286,15.302857142857142,0.008032128514056224,0.0,0.036006004093873036,0.13316606795052222,4.9156626506024095,0.011367433161225063,0.022478376678675915,0.15682045989673504,0.08032128514056225,0,0.14945401632771474,0.24102986779121455,1.6975264078041579,0.6409595035909558,0.0,1.0,0.0,0.1,0.0,0.1,0.0,0.08,0.024096385542168676,0.502273486632245,0.252273486632245
395,0.9829796379070644,0.5103464984106447,0.9440027722690063,0.5010399476354463,0.2534419849265073,0.5181074193265796,0.8995983935742972,0.42334709227053424,0.4343080005946707,0.13253012048192772,0.64,0.3920516194312491,0.41364977111907975,0.09428571428571429,0.03614457831325301,0.02857142857142857,0.2885714285714286,15.311428571428571,0.008032128514056224,0.0,0.03605679431962007,0.13313007638647764,4.9156626506024095,0.01102641016638831,0.02181143455892587,0.15661584609983298,0.08032128514056225,0,0.14904846338536187,0.23982471845225847,1.6921473082195035,0.6281403135191367,0.0,1.0,0.0,0.1,0.0,0.1,0.0,0.08,0.03614457831325301,0.5022052820332776,0.2522052820332777
396,0.9817746849198494,0.5103702226347653,0.9431455342866736,0.5009949678694292,0.2534419849265073,0.5183109125541304,0.8634538152610441,0.42334709227053424,0.4343080005946707,0.13253012048192772,0.6142857142857143,0.3920516194312491,0.41364977111907975,0.09428571428571429,0.028112449799196786,0.02,0.2885714285714286,15.308571428571428,0.008032128514056224,0.0,0.036106172625051704,0.1330951645693545,4.9156626506024095,0.01069561786139666,0.02116406593742237,0.15641737071683798,0.08032128514056225,0,0.1486141038009523,0.23862559485999715,1.6783043620551137,0.6155775072487539,0.0,1.0,0.0,0.1,0.0,0.1,0.0,0.08,0.028112449799196786,0.5021391235722793,0.25213912357227936
397,0.9831710381416936,0.5105396051321369,0.9441389398644998,0.5006925404283181,0.2534419849265073,0.518451952201753,0.8875502008032129,0.42342741355567487,0.4343682415585261,0.13253012048192772,0.6314285714285715,0.392108762288392,0.4136926282619369,0.09428571428571429,0.012048192771084338,0.008571428571428572,0.2885714285714286,15.32,0.008032128514056224,0.0,0.03615417492111092,0.1330613001067449,4.9156626506024095,0.01037474932555476,0.020535709033042693,0.15622484959533284,0.08032128514056225,0,0.1484134625676618,0.24019985627229265,1.6533097033854398,0.6032659571037787,0.0,0.6666666666666666,0.0,0.1,0.0,0.1,0.0,0.08,0.012048192771084338,0.5020749498651109,0.252074949865111
398,0.9832893501696626,0.5110915707390545,0.9442231104215406,0.5012210989658179,0.2534419849265073,0.5184823145979616,0.8795180722891566,0.42342741355567487,0.4343682415585261,0.13253012048192772,0.6257142857142857,0.392108762288392,0.4136926282619369,0.09428571428571429,0.0321285140562249,0.022857142857142857,0.2885714285714286,15.314285714285715,0.008032128514056224,0.0,0.036200836408468606,0.13302845157801374,4.9156626506024095,0.010063506845788116,0.01992581743903754,0.15603810410747287,0.08032128514056225,0,0.14818283309412708,0.2389988569909312,1.6431006521748739,0.5912006379617032,0.0,1.0,0.0,0.1,0.0,0.1,0.0,0.08,0.0321285140562249,0.5020127013691577,0.2520127013691576
399,0.9843942376061809,0.5114822569256846,0.9445769634040344,0.5018320532443442,0.2534419849265073,0.5186034885454097,0.875,0.42480281854394836,0.4351893098674473,0.13306451612903225,0.62,0.39222304800267765,0.4137783425476512,0.09428571428571429,0.036290322580645164,0.02857142857142857,0.2914285714285714,15.331428571428571,0.004032258064516129,0.002857142857142857,0.03626575227957252,0.13299658850514445,4.903225806451613,0.009761601640414473,0.01933385974717905,0.15585696098424867,0.08064516129032258,0,0.14821206535365644,0.23780386270597653,1.638810067702805,0.6051666318117948,0.0,0.9,0.0,0.1,0.0,0.1,0.0,0.08,0.040160642570281124,0.5019523203280829,0.2519523203280829
400,0.9850310346713309,0.5125281889916351,0.9450281796101979,0.502126861583203,0.2534419849265073,0.5187875942006166,0.8830645161290323,0.42480281854394836,0.4351893098674473,0.13306451612903225,0.6257142857142857,0.39222304800267765,0.4137783425476512,0.09428571428571429,0.028225806451612902,0.02,0.2914285714285714,15.337142857142856,0.004032258064516129,0.0,0.03632044567679965,0.13296568132446124,4.903225806451613,0.009468753591202039,0.01875931917831508,0.15568125215472123,0.08064516129032258,0,0.14783944784835243,0.23661484339244665,1.6260338663487488,0.5930632991755589,0.0,1.0,0.0,0.1,0.0,0.1,0.0,0.08,0.028225806451612902,0.5018937507182404,0.2518937507182404
401,0.9841752862381153,0.5120327853798162,0.9444218207203765,0.5017146659218183,0.2534419849265073,0.5190706433414862,0.8951612903225806,0.42480281854394836,0.4351893098674473,0.13306451612903225,0.6342857142857142,0.39222304800267765,0.4137783425476512,0.09428571428571429,0.024193548387096774,0.017142857142857144,0.2914285714285714,15.337142857142856,0.004032258064516129,0.0,0.03636334639209945,0.1329357013591985,4.903225806451613,0.009184690983465978,0.01820169321940779,0.1555108145900796,0.08064516129032258,0,0.14741367989482496,0.23543176917548442,1.6106560461646307,0.5812020331920478,0.0,1.0,0.0,0.1,0.0,0.1,0.0,0.08,0.024193548387096774,0.5018369381966932,0.25183693819669317
402,0.9836820237653804,0.5125460908379188,0.94407230902541,0.5017658264773059,0.2534419849265073,0.5192451459734082,0.875,0.42488346370523866,0.435267346201959,0.13306451612903225,0.62,0.3922801908598206,0.4138336368646766,0.09428571428571429,0.028225806451612902,0.02,0.2914285714285714,15.345714285714285,0.004032258064516129,0.0,0.03640503837537586,0.13290662079289367,4.903225806451613,0.008909150253961998,0.01766049326712238,0.1553454901523772,0.08064516129032258,0,0.14741832720963655,0.23425461032960698,1.5984429252413384,0.6902766557319713,0.0,0.8571428571428571,0.0,0.1,0.0,0.1,0.0,0.08,0.028225806451612902,0.5017818300507924,0.2517818300507924
403,0.9834951641824785,0.5132839745248928,0.943939905663811,0.5023890438950918,0.2534419849265073,0.5194312592402521,0.875,0.4250447540278193,0.4353883139438945,0.13306451612903225,0.62,0.39239447657410625,0.41391935115039086,0.09428571428571429,0.04032258064516129,0.02857142857142857,0.2914285714285714,15.354285714285714,0.004032258064516129,0.0,0.0364455533541866,0.13287841264357797,4.903225806451613,0.008641875746343139,0.017135244278011386,0.15518512544780588,0.08064516129032258,0,0.14739509271644555,0.2372754532670254,1.59504549530794,0.7137808792490004,0.0,0.9,0.0,0.1,0.0,0.1,0.0,0.08,0.04032258064516129,0.5017283751492686,0.2517283751492686
404,0.9828392295534047,0.5130143481757208,0.9434751291266387,0.5026840230932961,0.2534419849265073,0.5195619399710212,0.8548387096774194,0.4252060443504,0.43550928168583,0.13306451612903225,0.6057142857142858,0.39250876228839193,0.4140050654361052,0.09428571428571429,0.056451612903225805,0.04,0.2914285714285714,15.354285714285714,0.004032258064516129,0.0,0.03648492236417725,0.1328510507387417,4.903225806451613,0.008382619473952845,0.01662548442532863,0.1550295716843717,0.08064516129032258,0,0.14754183937788115,0.23608907600069023,1.603144585401781,0.7175865789785346,0.0,0.9285714285714286,0.0,0.1,0.0,0.1,0.0,0.08,0.056451612903225805,0.5016765238947906,0.25167652389479056
405,0.9819380193322345,0.5131650672959206,0.9428365573127809,0.5022559218003896,0.2534419849265073,0.519673214178363,0.8709677419354839,0.4252060443504,0.43550928168583,0.13306451612903225,0.6171428571428571,0.39250876228839193,0.4140050654361052,0.09428571428571429,0.020161290322580645,0.014285714285714285,0.2914285714285714,15.348571428571429,0.004032258064516129,0.0,0.036523175755180895,0.13282450969105056,4.903225806451613,0.008131140889734259,0.016130764762490424,0.15487868453384054,0.08064516129032258,0,0.1469469873238489,0.2349086306206868,1.58536740797946,0.7032348473989639,0.0,1.0,0.0,0.1,0.0,0.1,0.0,0.08,0.020161290322580645,0.5016262281779469,0.25162622817794683
406,0.981723454569413,0.5133008549319393,0.9426845228522672,0.5027211550607795,0.2534419849265073,0.5197172362997351,0.8951612903225806,0.4252060443504,0.43556976555679766,0.13306451612903225,0.6342857142857142,0.39250876228839193,0.41404792257896234,0.09428571428571429,0.04032258064516129,0.02857142857142857,0.2914285714285714,15.34,0.004032258064516129,0.0,0.036560343197940076,0.13279876487479017,4.903225806451613,0.007887206663042231,0.015650648893192565,0.15473232399782533,0.08064516129032258,0,0.14689725310151536,0.23373408746758337,1.5822314883912993,0.6891701504509846,0.0,0.9,0.0,0.1,0.0,0.1,0.0,0.08,0.04032258064516129,0.5015774413326084,0.25157744133260845
407,0.9841806679448963,0.5134395068891927,0.9444256340440383,0.5029881523431518,0.2534419849265073,0.5198394484967707,0.8830645161290323,0.4252060443504,0.43556976555679766,0.13306451612903225,0.6257142857142857,0.39250876228839193,0.41404792257896234,0.09428571428571429,0.056451612903225805,0.04,0.2914285714285714,15.351428571428572,0.004032258064516129,0.0,0.03659645369138956,0.1327737924030176,4.903225806451613,0.007650590463150964,0.01518471264817578,0.15459035427789058,0.08064516129032258,0,0.14664592392540057,0.23256541703024544,1.590586858623473,0.6753867474419649,0.0,1.0,0.0,0.1,0.0,0.1,0.0,0.08,0.056451612903225805,0.5015301180926302,0.2515301180926302
408,0.9829784467005073,0.5132912401909674,0.9435737744194428,0.5027005583290284,0.2534419849265073,0.5198687626366728,0.8709677419354839,0.4252060443504,0.43556976555679766,0.13306451612903225,0.6171428571428571,0.39250876228839193,0.41404792257896234,0.09428571428571429,0.028225806451612902,0.02,0.2914285714285714,15.357142857142858,0.004032258064516129,0.0,0.03663153557044332,0.13274956910539815,4.903225806451613,0.0074210727492564355,0.014732543768625317,0.15445264364955386,0.08064516129032258,0,0.1461689828736307,0.2314025899450942,1.5787751214510035,0.6618790124931255,0.0,1.0,0.0,0.1,0.0,0.1,0.0,0.08,0.028225806451612902,0.5014842145498513,0.25148421454985126
409,0.9825215868549049,0.5139358874553476,0.9432500565859874,0.5034394011980765,0.2534419849265073,0.5199615610052819,0.8669354838709677,0.4252060443504,0.43556976555679766,0.13306451612903225,0.6142857142857143,0.39250876228839193,0.41404792257896234,0.09428571428571429,0.03225806451612903,0.022857142857142857,0.2914285714285714,15.368571428571428,0.004032258064516129,0.0,0.03666561651423216,0.13272607250670737,4.903225806451613,0.007198440566778742,0.014293741596179688,0.15431906434006723,0.08064516129032258,0,0.14583628794142325,0.2302455769953687,1.5700567618791264,0.648641432243263,0.0,1.0,0.0,0.1,0.0,0.1,0.0,0.08,0.03225806451612903,0.5014396881133557,0.25143968811335576
410,0.9802331759980044,0.5134826398827138,0.9416285540359549,0.5030389297884281,0.2534419849265073,0.5200970318225987,0.9032258064516129,0.4253673346729806,0.43569073329873315,0.13306451612903225,0.64,0.3926230480026777,0.4141336368646766,0.09428571428571429,0.03225806451612903,0.025714285714285714,0.2914285714285714,15.371428571428572,0.004032258064516129,0.0,0.03669872355474219,0.1327032808059772,4.903225806451613,0.0069824873497753796,0.013867916769512711,0.1541894924098652,0.08064516129032258,0,0.14576410650171615,0.22909434911039186,1.5643699123558295,0.6794710341876802,0.0,0.8888888888888888,0.0,0.1,0.0,0.1,0.0,0.08,0.03225806451612903,0.5013964974699551,0.25139649746995507
411,0.9807687561164432,0.5131589701540437,0.9420080508055916,0.5023042904864461,0.2534419849265073,0.5201662293123097,0.8669354838709677,0.4253673346729806,0.43569073329873315,0.13306451612903225,0.6142857142857143,0.3926230480026777,0.4141336368646766,0.09428571428571429,0.05241935483870968,0.04,0.2914285714285714,15.38,0.004032258064516129,0.0,0.03673088308580729,0.13268117285626904,4.903225806451613,0.006773012729282118,0.013454690927448443,0.15406380763756927,0.08064516129032258,0,0.14543386096563612,0.2279488773648399,1.573082514108713,0.6658816135039266,0.0,1.0,0.0,0.1,0.0,0.1,0.0,0.08,0.05241935483870968,0.5013546025458564,0.2513546025458564
412,0.9810433877980034,0.5126565221092163,0.9422026469685257,0.5019911484961378,0.2534419849265073,0.520211558273756,0.8467741935483871,0.4255286249955612,0.43581170104066863,0.13306451612903225,0.6,0.3927373337169634,0.4142193511503909,0.09428571428571429,0.036290322580645164,0.025714285714285714,0.2914285714285714,15.394285714285715,0.008064516129032258,0.0,0.03676212087241246,0.13265972814505209,4.903225806451613,0.006569822347403655,0.013053696418557914,0.1539418934084422,0.08064516129032258,0,0.14527812023223652,0.2268091329780157,1.5673351495408243,0.7738274310228492,0.0,0.8888888888888888,0.0,0.1,0.0,0.1,0.0,0.08,0.036290322580645164,0.5013139644694807,0.25131396446948073
413,0.9806889390651577,0.5130444890060203,0.9419514947235379,0.5018856669597981,0.2534419849265073,0.5204084305295686,0.8669354838709677,0.4256899153181419,0.4359326687826041,0.13306451612903225,0.6142857142857143,0.3928516194312491,0.4143050654361052,0.09428571428571429,0.06854838709677419,0.04857142857142857,0.2914285714285714,15.411428571428571,0.008064516129032258,0.0,0.036792462060267116,0.13263892677517156,4.903225806451613,0.006372727676981545,0.01266457601718185,0.15382363660618892,0.08064516129032258,0,0.1457224446310753,0.2256750873131256,1.5845598751214363,0.8040329918878318,0.0,0.8823529411764706,0.0,0.1,0.0,0.1,0.0,0.08,0.06854838709677419,0.5012745455353963,0.2512745455353963
414,0.9809415639584272,0.5129407516489212,0.9421304975050546,0.5021508357876037,0.2534419849265073,0.5206228734443907,0.8870967741935484,0.4256899153181419,0.4359326687826041,0.13306451612903225,0.6285714285714286,0.3928516194312491,0.4143050654361052,0.09428571428571429,0.04435483870967742,0.03428571428571429,0.2914285714285714,15.417142857142856,0.008064516129032258,0.0,0.03682193118561088,0.13261874944638755,4.903225806451613,0.006181545846672099,0.012286982645817623,0.15370892750800325,0.08064516129032258,0,0.14542097883291996,0.22454671187655997,1.587154391904722,0.7879523320500753,0.0,1.0,0.0,0.1,0.0,0.1,0.0,0.08,0.04435483870967742,0.5012363091693344,0.2512363091693344
415,0.9790310202825548,0.5123511746846795,0.9407767408432935,0.5015600011907441,0.2534419849265073,0.5207728212499746,0.8911290322580645,0.4256899153181419,0.4359326687826041,0.13306451612903225,0.6314285714285715,0.3928516194312491,0.4143050654361052,0.09428571428571429,0.04435483870967742,0.03142857142857143,0.2914285714285714,15.43142857142857,0.008064516129032258,0.0,0.03685055218521673,0.13259917743746708,4.903225806451613,0.005996099471271936,0.011920579103801288,0.15359765968276315,0.08064516129032258,0,0.14509075595698687,0.22342397831717717,1.586839875495199,0.7721932854090737,0.0,1.0,0.0,0.1,0.0,0.1,0.0,0.08,0.04435483870967742,0.5011992198942544,0.25119921989425437
416,0.9798335159770979,0.5127723162554227,0.9413453663639982,0.5020542929860873,0.2534419849265073,0.5208933275108031,0.9112903225806451,0.42585120564072254,0.4360536365245396,0.13306451612903225,0.6457142857142857,0.39296590514553487,0.4143907797218195,0.09428571428571429,0.04838709677419355,0.03428571428571429,0.2914285714285714,15.437142857142858,0.008064516129032258,0.0,0.03687834840655859,0.13258019258881418,4.903225806451613,0.005816216487133778,0.011565037802213185,0.15348972989228027,0.08064516129032258,0,0.14507915932005908,0.22230685842559128,1.5893887922710093,0.7869522959768894,0.0,0.9166666666666666,0.0,0.1,0.0,0.1,0.0,0.08,0.04838709677419355,0.5011632432974268,0.25116324329742673
417,0.9804816095570963,0.5129127558372221,0.9418045869578259,0.5021770279486781,0.2534419849265073,0.5208988634334364,0.8951612903225806,0.42585120564072254,0.4360536365245396,0.13306451612903225,0.6342857142857142,0.39296590514553487,0.4143907797218195,0.09428571428571429,0.036290322580645164,0.02857142857142857,0.2914285714285714,15.44,0.008064516129032258,0.0,0.03690534261811359,0.13256177728562088,4.903225806451613,0.005641729992519764,0.011220040504929751,0.15338503799551184,0.08064516129032258,0,0.1445820492377445,0.22119532413346335,1.5861724449970176,0.7712132500573515,0.0,1.0,0.0,0.1,0.0,0.1,0.0,0.08,0.036290322580645164,0.501128345998504,0.251128345998504
418,0.9814275911737332,0.5129644827735031,0.9424748825033287,0.5017067328101434,0.2534419849265073,0.5208143123487805,0.875,0.42585120564072254,0.4360536365245396,0.13306451612903225,0.62,0.39296590514553487,0.4143907797218195,0.09428571428571429,0.028225806451612902,0.02,0.2914285714285714,15.445714285714285,0.008064516129032258,0.0,0.03693155701977051,0.1325439144415234,4.903225806451613,0.005472478092744171,0.010885278075740024,0.1532834868556465,0.08064516129032258,0,0.1441441397058415,0.22008934751279605,1.5744489960970771,0.7557889850562045,0.0,1.0,0.0,0.1,0.0,0.1,0.0,0.08,0.028225806451612902,0.5010944956185488,0.25109449561854885
419,0.980134231288336,0.5137521276385111,0.9415584446416756,0.5023637617897779,0.2534419849265073,0.5207104894469622,0.8709677419354839,0.42585120564072254,0.4360536365245396,0.13306451612903225,0.6171428571428571,0.39296590514553487,0.4143907797218195,0.09428571428571429,0.03225806451612903,0.022857142857142857,0.2914285714285714,15.445714285714285,0.008064516129032258,0.0,0.036957013253318786,0.13252658748274881,4.903225806451613,0.0053083037499618456,0.01056045023144403,0.1531849822499771,0.08064516129032258,0,0.1437928554180444,0.21898890077523206,1.5658171590322782,0.7406732053550804,0.0,1.0,0.0,0.1,0.0,0.1,0.0,0.08,0.03225806451612903,0.5010616607499924,0.25106166074999237
420,0.9812530376861824,0.5135901718785278,0.9423511988892924,0.5027262149221342,0.2534419849265073,0.5207369707809608,0.8830645161290323,0.42585120564072254,0.4360536365245396,0.13306451612903225,0.6257142857142857,0.39296590514553487,0.4143907797218195,0.09428571428571429,0.04838709677419355,0.03428571428571429,0.2914285714285714,15.44,0.008064516129032258,0.0,0.03698173241299382,0.13250978033273736,4.903225806451613,0.00514905463746299,0.01024526530084413,0.15308943278247777,0.08064516129032258,0,0.14338746328381136,0.21789395627135588,1.5687865301373471,0.7258597412479788,0.0,1.0,0.0,0.1,0.0,0.1,0.0,0.08,0.04838709677419355,0.5010298109274925,0.2510298109274926
421,0.9799818435822109,0.5127480462888868,0.9414504670670499,0.5021487981592119,0.2534419849265073,0.5208188032291614,0.842741935483871,0.42601249596330315,0.4361746042664751,0.13306451612903225,0.5971428571428572,0.39308019085982054,0.41447649400753367,0.09428571428571429,0.04838709677419355,0.037142857142857144,0.2914285714285714,15.448571428571428,0.004032258064516129,0.0,0.037005735056056636,0.13249347739722642,4.903225806451613,0.0049945829983391,0.009939439989540277,0.15299674979900346,0.08064516129032258,0,0.1435262438209637,0.2168044864899991,1.5745536566774574,0.732344722126341,0.0,0.9230769230769231,0.0,0.1,0.0,0.1,0.0,0.08,0.04838709677419355,0.5009989165996678,0.25099891659966783
422,0.9835801032482472,0.5134892457000022,0.9440000910589842,0.5026925519621382,0.2534419849265073,0.520810247768222,0.8387096774193549,0.4261737862858839,0.43629557200841057,0.13306451612903225,0.5942857142857143,0.3931944765741062,0.414562208293248,0.09428571428571429,0.04032258064516129,0.02857142857142857,0.2914285714285714,15.457142857142857,0.008064516129032258,0.0,0.037029041213387466,0.1324776635497807,4.903225806451613,0.004844745508388927,0.00964269915043725,0.15290684730503334,0.08064516129032258,0,0.1434367561732875,0.23326138518551223,1.5716340121153367,0.7449264446295583,0.0,0.9,0.0,0.1,0.0,0.1,0.0,0.08,0.04032258064516129,0.5009689491016778,0.2509689491016778
423,0.9826363911376139,0.5125656258878369,0.9433314036205925,0.5023010233262635,0.2534419849265073,0.5210061855942119,0.842741935483871,0.42633507660846454,0.43641653975034606,0.13306451612903225,0.5971428571428572,0.393308762288392,0.41464792257896227,0.09428571428571429,0.04838709677419355,0.037142857142857144,0.2914285714285714,15.46,0.004032258064516129,0.0,0.03705167040007448,0.13246232411775843,4.903225806451613,0.0046994031431372586,0.009354775559869521,0.15281964188588235,0.08064516129032258,0,0.1434904295352782,0.2390675093594171,1.577344189015887,0.7529703304467774,0.0,0.9230769230769231,0.0,0.1,0.0,0.1,0.0,0.08,0.04838709677419355,0.5009398806286275,0.25093988062862743
424,0.9820877049890865,0.5123096377879027,0.9429426202924931,0.5023570117208718,0.2534419849265073,0.5212071875087622,0.8951612903225806,0.42633507660846454,0.43641653975034606,0.13306451612903225,0.6342857142857142,0.393308762288392,0.41464792257896227,0.09428571428571429,0.04838709677419355,0.037142857142857144,0.2914285714285714,15.465714285714286,0.008064516129032258,0.0,0.03707364162598039,0.13244744486869678,4.903225806451613,0.0045584210488431405,0.00907540969924825,0.15273505262930587,0.08064516129032258,0,0.14322869524117324,0.23787217181262,1.5829401623784267,0.7379109238378418,0.0,1.0,0.0,0.1,0.0,0.1,0.0,0.08,0.04838709677419355,0.5009116842097686,0.2509116842097686
425,0.9812252483560661,0.5116907458630251,0.942331508163953,0.5023543949139541,0.2534419849265073,0.5214214052233193,0.8548387096774194,0.42633507660846454,0.43641653975034606,0.13306451612903225,0.6057142857142858,0.393308762288392,0.41464792257896227,0.09428571428571429,0.06451612903225806,0.045714285714285714,0.2914285714285714,15.462857142857143,0.008064516129032258,0.0,0.03709497340627131,0.13243301199710705,4.903225806451613,0.004421668417377846,0.008804349542133605,0.1526530010504267,0.08064516129032258,0,0.14276969462211023,0.2366828109535569,1.5969956448451437,0.723152705361085,0.0,1.0,0.0,0.1,0.0,0.1,0.0,0.08,0.06451612903225806,0.5008843336834756,0.25088433368347557
426,0.9828623580850963,0.5121314809809762,0.94349151734338,0.502712182486524,0.2534419849265073,0.5215135492326105,0.8790322580645161,0.42649636693104515,0.4365375074922816,0.13306451612903225,0.6228571428571429,0.3934230480026777,0.4147336368646766,0.09428571428571429,0.036290322580645164,0.025714285714285714,0.2914285714285714,15.468571428571428,0.008064516129032258,0.0,0.03711568377189328,0.13241901211166487,4.903225806451613,0.004289018364856511,0.008541350346634835,0.1525734110189139,0.08064516129032258,0,0.14262727472042824,0.2354993968987891,1.5907700176625261,0.7243958845438593,0.0,0.8888888888888888,0.0,0.1,0.0,0.1,0.0,0.08,0.036290322580645164,0.5008578036729713,0.2508578036729713
427,0.9828753579794829,0.5130967733469636,0.9433258312281741,0.5035727858005317,0.2534419849265073,0.5215415241981232,0.8785425101214575,0.42761628765654064,0.4364855633736765,0.13360323886639677,0.62,0.3934230480026777,0.4147336368646766,0.09428571428571429,0.04048582995951417,0.03142857142857143,0.29428571428571426,15.471428571428572,0.004048582995951417,0.002857142857142857,0.03714626033279964,0.13240543222278608,4.882591093117409,0.0041603478139108155,0.008286174453038697,0.15249620868834649,0.08097165991902834,0,0.14268442691468322,0.23432189991429517,1.590383188737847,0.7099079668529821,0.0,0.9090909090909091,0.0,0.1,0.0,0.1,0.0,0.08,0.04435483870967742,0.5008320695627821,0.25083206956278215
428,0.9826065712948072,0.5122165388470611,0.9431361446249886,0.502691012590129,0.2534419849265073,0.5215977823387462,0.9068825910931174,0.42761628765654064,0.4364855633736765,0.13360323886639677,0.64,0.3934230480026777,0.4147336368646766,0.09428571428571429,0.032388663967611336,0.022857142857142857,0.29428571428571426,15.474285714285715,0.004048582995951417,0.0,0.03718495014947897,0.13239225973057353,4.882591093117409,0.004035537379493491,0.008038591086568347,0.1524213224276961,0.08097165991902834,0,0.14228429334796694,0.23315029041472368,1.5814326678202335,0.6957098075159224,0.0,1.0,0.0,0.1,0.0,0.1,0.0,0.08,0.032388663967611336,0.5008071074758987,0.2508071074758987
429,0.9825434194262217,0.5125871939058554,0.9430915774491583,0.5023818114477603,0.2534419849265073,0.521582495397394,0.8906882591093117,0.42777823097637874,0.4366070208635551,0.13360323886639677,0.6285714285714286,0.3935373337169634,0.4148193511503908,0.09428571428571429,0.048582995951417005,0.04285714285714286,0.29428571428571426,15.482857142857142,0.004048582995951417,0.0,0.037203923697239,0.1323794824131275,4.882591093117409,0.003914471258108686,0.007798376165171983,0.1523486827548652,0.08097165991902834,0,0.14285673473122712,0.2319845389626501,1.5926611573209715,0.6891084225653734,0.0,0.9333333333333333,0.0,0.1,0.0,0.1,0.0,0.08,0.048582995951417005,0.5007828942516217,0.25078289425162176
430,0.982341296933931,0.5122532343474585,0.9429489367188847,0.5021186141560756,0.2534419849265073,0.5217003870279497,0.8704453441295547,0.42777823097637874,0.4366070208635551,0.13360323886639677,0.6142857142857143,0.3935373337169634,0.4148193511503908,0.09428571428571429,0.032388663967611336,0.022857142857142857,0.29428571428571426,15.497142857142856,0.008097165991902834,0.0,0.037222342613575946,0.1323670884152048,4.882591093117409,0.0037970371203654256,0.007565312112242317,0.15227822227221924,0.08097165991902834,0,0.14237059462899956,0.23082461626783682,1.5836650770316945,0.675326254114066,0.0,1.0,0.0,0.1,0.0,0.1,0.0,0.08,0.032388663967611336,0.5007594074240731,0.2507594074240731
431,0.9821683130802726,0.512061839875196,0.9428268595421601,0.5028078147292959,0.2534419849265073,0.5217278168187225,0.854251012145749,0.42777823097637874,0.4366070208635551,0.13360323886639677,0.6028571428571429,0.3935373337169634,0.4148193511503908,0.09428571428571429,0.03643724696356275,0.02857142857142857,0.29428571428571426,15.505714285714285,0.004048582995951417,0.0,0.037240222683222704,0.13235506623721974,4.882591093117409,0.0036831260067544625,0.007339187674166858,0.15220987560405266,0.08097165991902834,0,0.14242917165585456,0.22967049318649765,1.5805632040624897,0.6618197290317847,0.0,1.0,0.0,0.1,0.0,0.1,0.0,0.08,0.03643724696356275,0.5007366252013509,0.25073662520135087
432,0.9817360729566998,0.5111890681724335,0.9425218215120956,0.5024368712844451,0.2534419849265073,0.5218367981840799,0.8825910931174089,0.42794017429621684,0.4367284783534336,0.13360323886639677,0.6228571428571429,0.39365161943124916,0.4149050654361052,0.09428571428571429,0.032388663967611336,0.025714285714285714,0.29428571428571426,15.505714285714285,0.004048582995951417,0.0,0.037257579267227704,0.1323434047245743,4.882591093117409,0.0035726322265518286,0.007119797742611067,0.1521435793359311,0.08097165991902834,0,0.1428877407975753,0.22852214072056515,1.5746662256955253,0.6691649091416554,0.0,0.8888888888888888,0.0,0.1,0.0,0.1,0.0,0.08,0.032388663967611336,0.5007145264453103,0.2507145264453104
433,0.9815437626735676,0.5115948053510689,0.9423861053979996,0.503068776007974,0.2534419849265073,0.5219286158695848,0.8623481781376519,0.42794017429621684,0.4367284783534336,0.13360323886639677,0.6085714285714285,0.39365161943124916,0.4149050654361052,0.09428571428571429,0.03643724696356275,0.025714285714285714,0.29428571428571426,15.505714285714285,0.004048582995951417,0.0,0.0372744273127736,0.13233209305730817,4.882591093117409,0.0034654532597552736,0.006906943181432812,0.15207927195585316,0.08097165991902834,0,0.1424864478043017,0.22737953001696232,1.5688871868959005,0.6557816109588223,0.0,1.0,0.0,0.1,0.0,0.1,0.0,0.08,0.03643724696356275,0.500693090651951,0.25069309065195106
434,0.9827709262912834,0.5109116982680734,0.9432521322939306,0.5031862812475021,0.2534419849265073,0.5220544812292526,0.8866396761133604,0.42794017429621684,0.4367284783534336,0.13360323886639677,0.6257142857142857,0.39365161943124916,0.4149050654361052,0.09428571428571429,0.044534412955465584,0.03142857142857143,0.29428571428571426,15.51142857142857,0.008097165991902834,0.0,0.03729078136286732,0.13232112074006003,4.882591093117409,0.0033614896619626154,0.006700430658132306,0.15201689379717756,0.08097165991902834,0,0.14240230127956588,0.22624263236687753,1.568938014586554,0.6426659787396458,0.0,1.0,0.0,0.1,0.0,0.1,0.0,0.08,0.044534412955465584,0.5006722979323925,0.25067229793239254
435,0.983658411878771,0.5112659399743289,0.9438784435513861,0.5036347514959073,0.2534419849265073,0.5221892197570674,0.854251012145749,0.4281021176160548,0.43684993584331216,0.13360323886639677,0.6028571428571429,0.3937659051455349,0.4149907797218194,0.09428571428571429,0.05668016194331984,0.04,0.29428571428571426,15.52,0.008097165991902834,0.0,0.03730665556589652,0.13231047759232942,4.882591093117409,0.003260644972103737,0.006500072479738717,0.15195638698326225,0.08097165991902834,0,0.14291743619816807,0.22511141920504313,1.577559254294823,0.6468242094754861,0.0,0.9285714285714286,0.0,0.1,0.0,0.1,0.0,0.08,0.05668016194331984,0.5006521289944208,0.25065212899442074
436,0.9845639363990041,0.5112957516400084,0.9445174851413791,0.503799937792602,0.2534419849265073,0.5223966969954561,0.8663967611336032,0.4281021176160548,0.43684993584331216,0.13360323886639677,0.6114285714285714,0.3937659051455349,0.4149907797218194,0.09428571428571429,0.044534412955465584,0.03142857142857143,0.29428571428571426,15.517142857142858,0.008097165991902834,0.0,0.037322063685046765,0.13230015373903065,4.882591093117409,0.0031628256229406246,0.006305686433034863,0.15189769537376438,0.08097165991902834,0,0.14305856687074867,0.2239858621090179,1.5774366406374978,0.6338877252859764,0.0,1.0,0.0,0.1,0.0,0.1,0.0,0.08,0.044534412955465584,0.5006325651245881,0.25063256512458815
437,0.9844966742174259,0.5106526821908287,0.9444700172589509,0.5032805079920316,0.2534419849265073,0.5224247726606881,0.8906882591093117,0.4282640609358929,0.4369713933331907,0.13360323886639677,0.6285714285714286,0.39388019085982057,0.41507649400753377,0.09428571428571429,0.03643724696356275,0.025714285714285714,0.29428571428571426,15.522857142857143,0.008097165991902834,0.0,0.03733701910757604,0.13229013960133076,4.882591093117409,0.0030679408542524057,0.0061170956290268474,0.15184076451255143,0.08097165991902834,0,0.14348312091180304,0.22286593279847283,1.5716021935390336,0.6608697958357648,0.0,0.8888888888888888,0.0,0.1,0.0,0.1,0.0,0.08,0.03643724696356275,0.5006135881708504,0.2506135881708505
438,0.98450227002394,0.51115089986118,0.944473966299548,0.5035513385838432,0.2534419849265073,0.5224316111658407,0.8785425101214575,0.4282640609358929,0.4369713933331907,0.13360323886639677,0.62,0.39388019085982057,0.41507649400753377,0.09428571428571429,0.03643724696356275,0.025714285714285714,0.29428571428571426,15.517142857142858,0.008097165991902834,0.0,0.03735153485394235,0.13228042588776184,4.882591093117409,0.0029759026286248335,0.005934128351560153,0.1517855415771749,0.08097165991902834,0,0.14296541959295833,0.22175160313448047,1.5658844353825387,0.6476523999190494,0.0,1.0,0.0,0.1,0.0,0.1,0.0,0.08,0.03643724696356275,0.5005951805257249,0.250595180525725
439,0.9863710687785652,0.5108815002768405,0.9457928042778121,0.503057741827711,0.2534419849265073,0.5224960474993161,0.8947368421052632,0.4282640609358929,0.4369713933331907,0.13360323886639677,0.6314285714285715,0.39388019085982057,0.41507649400753377,0.09428571428571429,0.048582995951417005,0.03428571428571429,0.29428571428571426,15.52,0.008097165991902834,0.0,0.03736562358678156,0.1322710035856003,4.882591093117409,0.0028866255497660884,0.005756617909990158,0.15173197532985966,0.08097165991902834,0,0.14256416463785065,0.22064284511880808,1.568852460960602,0.6346993519206684,0.0,1.0,0.0,0.1,0.0,0.1,0.0,0.08,0.048582995951417005,0.5005773251099532,0.25057732510995323
440,0.985832280845411,0.51209688531574,0.9454125739364148,0.5034523390921941,0.2534419849265073,0.5224680160430021,0.8987854251012146,0.42858794757556906,0.4372143083129478,0.13360323886639677,0.6342857142857142,0.3941087622883919,0.41524792257896226,0.09428571428571429,0.05263157894736842,0.04,0.29428571428571426,15.522857142857143,0.008097165991902834,0.0,0.03737929761973291,0.1322618639525033,4.882591093117409,0.002800026783273106,0.0055844024958126015,0.15168001606996387,0.08097165991902834,0,0.14336037511146432,0.2247727603371109,1.5774754117413898,0.700098640991922,0.0,0.8571428571428571,0.0,0.1,0.0,0.1,0.0,0.08,0.05263157894736842,0.5005600053566546,0.2505600053566546
441,0.9848790121895312,0.5120402514704913,0.9447398386278368,0.5031899625266366,0.2534419849265073,0.5224042916888092,0.9149797570850202,0.42874989089540705,0.43733576580282635,0.13360323886639677,0.6457142857142857,0.3942230480026777,0.41533363686467656,0.09428571428571429,0.04048582995951417,0.03142857142857143,0.29428571428571426,15.522857142857143,0.008097165991902834,0.0,0.0373925689261102,0.13225299850839933,4.882591093117409,0.0027160259797749126,0.00541732504316228,0.15162961558786495,0.08097165991902834,0,0.14341443037876417,0.22845086251185953,1.5773544749351336,0.7036497279792822,0.0,0.9090909090909091,0.0,0.1,0.0,0.1,0.0,0.08,0.04048582995951417,0.500543205195955,0.25054320519595497
442,0.9844993045298445,0.5116033444980582,0.9444718735080008,0.5030982275187127,0.2534419849265073,0.5222371748694616,0.8663967611336032,0.42891183421524515,0.43745722329270487,0.13360323886639677,0.6114285714285714,0.3943373337169634,0.41541935115039086,0.09428571428571429,0.032388663967611336,0.022857142857142857,0.29428571428571426,15.52,0.008097165991902834,0.0,0.03740544914741663,0.13224439902761853,4.882591093117409,0.002634545200381665,0.005255233093089617,0.151580727120229,0.08097165991902834,0,0.1432972153697275,0.2273086081993002,1.5686645282935738,0.7289515315127859,0.0,0.875,0.0,0.1,0.0,0.1,0.0,0.08,0.032388663967611336,0.5005269090400764,0.25052690904007635
443,0.9843962079571072,0.5113095181277622,0.9443991167838118,0.5027964235423823,0.2534419849265073,0.5221611756066468,0.8421052631578947,0.4290737775350832,0.43757868078258344,0.13360323886639677,0.5942857142857143,0.3944516194312491,0.41550506543610516,0.09428571428571429,0.05263157894736842,0.037142857142857144,0.29428571428571426,15.534285714285714,0.008097165991902834,0.0,0.037417949601702395,0.13223605753126108,4.882591093117409,0.002555508844370215,0.005097978661524283,0.15153330530662212,0.08097165991902834,0,0.14337987286430742,0.2261720651583037,1.5744340948705595,0.7519001282734885,0.0,0.9230769230769231,0.0,0.1,0.0,0.1,0.0,0.08,0.05263157894736842,0.500511101768874,0.25051110176887403
444,0.983644415257761,0.5129076574882615,0.9438718606816591,0.5039007311344387,0.2534419849265073,0.5221396810867888,0.8821138211382114,0.42965921651732314,0.43748932387792877,0.13414634146341464,0.62,0.3944516194312491,0.41550506543610516,0.09428571428571429,0.056910569105691054,0.04285714285714286,0.29714285714285715,15.54,0.0040650406504065045,0.002857142857142857,0.03744083462219554,0.13222796627979433,4.853658536585366,0.0024788435790391084,0.004945418110839261,0.15148730614742345,0.08130081300813008,0,0.1432035513499859,0.2250412048325122,1.5858025558302913,0.7368621257080187,0.0,1.0,0.0,0.1,0.0,0.1,0.0,0.08,0.05668016194331984,0.5004957687158078,0.2504957687158078
445,0.9831290361864281,0.5145088666954148,0.9435096228200935,0.5053856856606191,0.2534419849265073,0.522344424903201,0.8617886178861789,0.42990311895634753,0.43767225070719706,0.13414634146341464,0.6057142857142858,0.39462304800267767,0.41563363686467664,0.09428571428571429,0.04878048780487805,0.03428571428571429,0.29714285714285715,15.542857142857143,0.0040650406504065045,0.0,0.037479932105189,0.13222011776587156,4.853658536585366,0.002404478271667935,0.004797412024927561,0.15144268696300076,0.08130081300813008,0,0.14348753359323596,0.2415029867932515,1.5883722189993994,0.7492556351421318,0.0,0.8333333333333334,0.0,0.1,0.0,0.1,0.0,0.08,0.04878048780487805,0.5004808956543336,0.25048089565433357
446,0.9825663767135727,0.5144924697257048,0.9431141535906009,0.5052527039499782,0.2534419849265073,0.5226623828625547,0.8821138211382114,0.42990311895634753,0.43767225070719706,0.13414634146341464,0.62,0.39462304800267767,0.41563363686467664,0.09428571428571429,0.036585365853658534,0.025714285714285714,0.29714285714285715,15.551428571428572,0.0040650406504065045,0.0,0.037491376233105916,0.1322125047073666,4.853658536585366,0.002332343923517897,0.004653825087704844,0.15139940635411073,0.08130081300813008,0,0.14302652521098408,0.24029547185928524,1.5823190603336974,0.7342705224392891,0.0,1.0,0.0,0.1,0.0,0.1,0.0,0.08,0.036585365853658534,0.5004664687847036,0.2504664687847036
447,0.9841709878949076,0.5147256039442696,0.9442419660209108,0.505848413857291,0.2534419849265073,0.5229266282477422,0.8943089430894309,0.43006572058236375,0.43779420192670926,0.13414634146341464,0.6285714285714286,0.39473733371696346,0.4157193511503909,0.09428571428571429,0.04065040650406504,0.02857142857142857,0.29714285714285715,15.551428571428572,0.0040650406504065045,0.0,0.037502482253440335,0.13220512004061669,4.853658536585366,0.0022623736058123597,0.00451452596495705,0.1513574241634874,0.08130081300813008,0,0.14319525400992916,0.2390939944999888,1.5792441076984518,0.7418396317977987,0.0,0.9,0.0,0.1,0.0,0.1,0.0,0.08,0.04065040650406504,0.5004524747211625,0.2504524747211625
448,0.9827594244267575,0.5132421292204679,0.9432498385547251,0.5046423643050367,0.2534419849265073,0.5233825466112827,0.9186991869918699,0.43006572058236375,0.43779420192670926,0.13414634146341464,0.6457142857142857,0.39473733371696346,0.4157193511503909,0.09428571428571429,0.052845528455284556,0.037142857142857144,0.29714285714285715,15.551428571428572,0.0040650406504065045,0.0,0.03751326000265684,0.13219795691386932,4.853658536585366,0.002194502397637989,0.0043793871894469705,0.15131670143858278,0.08130081300813008,0,0.14282127916845094,0.23789852452748886,1.58480208268734,0.7270028391618427,0.0,1.0,0.0,0.1,0.0,0.1,0.0,0.08,0.052845528455284556,0.5004389004795275,0.2504389004795276
449,0.9837096401778643,0.5123955143616269,0.9439177044826459,0.5040933108674864,0.2534419849265073,0.523864345514759,0.8861788617886179,0.43006572058236375,0.43779420192670926,0.13414634146341464,0.6228571428571429,0.39473733371696346,0.4157193511503909,0.09428571428571429,0.024390243902439025,0.02,0.29714285714285715,15.548571428571428,0.0040650406504065045,0.0,0.03752371904012324,0.13219100868092434,4.853658536585366,0.002128667325708849,0.004248285049200606,0.1512772003954253,0.08130081300813008,0,0.1423628941833408,0.2367090319048514,1.573106041033593,0.7124627823786059,0.0,1.0,0.0,0.1,0.0,0.1,0.0,0.08,0.024390243902439025,0.5004257334651417,0.25042573346514174
