t,mean_x,mean_y,mean_x_all,mean_y_all,mean_L,y0,mean_epc,mean_r,mean_b,fund_prevalence,mean_epc_all,mean_r_all,mean_b_all,fund_prevalence_all,punish_rate,mean_punished,exit_rate,mean_exit_intent,exit_attempt_rate,exit_success_rate,p_opp_mean,stay_value,mean_degree_active,threat,A,budget,enforcer_frac,n_cadre_fallback,cap_mean,cap_p90,service_mean,service_p90,monopoly_on,enforcer_punish_share_step,alpha_punish_revalue,delta_outside_degrade,mu_membership_reward,current_delta,eta_delta_drift,punish_floor,punish_intensity_step,pi_reward,lam_punish
0,0.35583155728550026,0.5012652160182387,0.35583155728550026,0.5012652160182387,0.26235045025828074,0.5,0.0,0.3264239485828008,0.3310484747667466,0.005714285714285714,0.0,0.3264239485828008,0.3310484747667466,0.005714285714285714,0.0,0.0,0.0,0.0,0.0,0.0,0.5,0.0,11.794285714285714,0.0,0.0,0.0,0.0,0,0.0,0.0,0.0,0.0,0.0,0.0,0.0,0.0,0.0,0.0,0.0,0.08,0.0,0.05,0.25
1,0.3648079781566426,0.5010380514334684,0.3648079781566426,0.5010380514334684,0.26235045025828074,0.497044491547564,0.6685714285714286,0.3269382342970865,0.3314341890524609,0.005714285714285714,0.6685714285714286,0.3269382342970865,0.3314341890524609,0.005714285714285714,0.02857142857142857,0.03142857142857143,0.0,0.03428571428571429,0.0,0.0,0.03595393851124719,0.11836634914903713,11.794285714285714,0.0,0.0,0.15,0.08,28,0.004714285714285714,0.0,0.03142857142857143,0.0,0.0,0.7272727272727273,0.0,0.0,0.0,0.0,0.0,0.08,0.02857142857142857,0.05,0.25
2,0.37349510114126294,0.5001734624037276,0.37349510114126294,0.5001734624037276,0.26235045025828074,0.49382649846554155,0.8685714285714285,0.3276810914399437,0.3319913319096038,0.005714285714285714,0.8685714285714285,0.3276810914399437,0.3319913319096038,0.005714285714285714,0.02,0.022857142857142857,0.0,0.04285714285714286,0.0,0.0,0.03595393851124719,0.11836634914903713,11.794285714285714,0.0,0.0,0.15,0.08,25,0.008119285714285714,0.0,0.05365714285714286,0.0,0.0,1.0,0.0,0.0,0.0,0.0,0.0,0.08,0.02,0.05,0.25
3,0.38307477332811185,0.49946504965947836,0.38307477332811185,0.49946504965947836,0.26235045025828074,0.49068804082292317,0.8914285714285715,0.32928109143994366,0.3331913319096038,0.008571428571428572,0.8914285714285715,0.32928109143994366,0.3331913319096038,0.008571428571428572,0.045714285714285714,0.045714285714285714,0.0,0.02,0.0,0.0,0.03595393851124719,0.11836634914903713,11.794285714285714,0.0,0.0,0.15,0.08,23,0.014935832142857142,0.0,0.0982982857142857,0.0,0.0,0.9375,0.0,0.0,0.0,0.0,0.0,0.08,0.045714285714285714,0.05,0.25
4,0.39059464936997196,0.49992505309489627,0.39059464936997196,0.49992505309489627,0.26235045025828074,0.48633643638482127,0.8914285714285715,0.3297382342970865,0.3335341890524609,0.008571428571428572,0.8914285714285715,0.3297382342970865,0.3335341890524609,0.008571428571428572,0.011428571428571429,0.011428571428571429,0.0,0.025714285714285714,0.0,0.0,0.03595393851124719,0.11836634914903713,11.794285714285714,0.0,0.0,0.15,0.08,17,0.016575438696428572,0.0,0.10776089142857144,0.0,0.0,1.0,0.0,0.0,0.0,0.0,0.0,0.08,0.011428571428571429,0.05,0.25
5,0.3994729658105863,0.49940600163612137,0.3994729658105863,0.49940600163612137,0.26235045025828074,0.4822715198561555,0.9,0.33110085223464997,0.33469133190960376,0.014285714285714285,0.9,0.33110085223464997,0.33469133190960376,0.014285714285714285,0.04857142857142857,0.04857142857142857,0.0,0.04,0.0,0.0,0.03595393851124719,0.11836634914903713,11.794285714285714,0.0,0.0,0.15,0.08,17,0.023778275788660715,0.0,0.15417710217142855,0.0,0.0,0.8823529411764706,0.0,0.0,0.0,0.0,0.0,0.08,0.04857142857142857,0.05,0.25
6,0.4091156043761305,0.499268421296329,0.4091156043761305,0.499268421296329,0.26235045025828074,0.4806818764379203,0.9142857142857143,0.33207228080607853,0.33554847476674665,0.014285714285714285,0.9142857142857143,0.33207228080607853,0.33554847476674665,0.014285714285714285,0.025714285714285714,0.03142857142857143,0.0,0.04,0.0,0.0,0.03595393851124719,0.11836634914903713,11.794285714285714,0.0,0.0,0.15,0.08,15,0.028373670124003124,0.0,0.1825221315565714,0.0,0.0,1.0,0.0,0.0,0.0,0.0,0.0,0.08,0.025714285714285714,0.05,0.25
7,0.41765488952140134,0.4991309239903552,0.41765488952140134,0.4991309239903552,0.26235045025828074,0.47904743346094675,0.9057142857142857,0.33275799509179277,0.33614847476674664,0.02,0.9057142857142857,0.33275799509179277,0.33614847476674664,0.02,0.022857142857142857,0.022857142857142857,0.0,0.03428571428571429,0.0,0.0,0.03595393851124719,0.11836634914903713,11.794285714285714,0.0,0.0,0.15,0.08,12,0.03166037320195454,0.0,0.20172883178258286,0.0,0.0,1.0,0.0,0.0,0.0,0.0,0.0,0.08,0.022857142857142857,0.05,0.25
8,0.42776681353746987,0.4987761056862483,0.42776681353746987,0.4987761056862483,0.26235045025828074,0.47830798260646523,0.9114285714285715,0.3333294236632213,0.33674847476674663,0.022857142857142857,0.9114285714285715,0.3333294236632213,0.33674847476674663,0.022857142857142857,0.025714285714285714,0.025714285714285714,0.0,0.03142857142857143,0.0,0.0,0.03595393851124719,0.11836634914903713,11.794285714285714,0.0,0.0,0.15,0.08,12,0.035359214193087615,0.0,0.2234085408612169,0.0,0.0,0.8888888888888888,0.0,0.0,0.0,0.0,0.0,0.08,0.025714285714285714,0.05,0.25
9,0.43655116276771705,0.49894089313425705,0.43655116276771705,0.49894089313425705,0.26235045025828074,0.4776033215219677,0.9142857142857143,0.3352351293589891,0.3382056176238895,0.025714285714285714,0.9142857142857143,0.3352351293589891,0.3382056176238895,0.025714285714285714,0.05714285714285714,0.05714285714285714,0.0,0.03142857142857143,0.0,0.0,0.03595393851124719,0.11836634914903713,11.794285714285714,0.0,0.0,0.15,0.08,11,0.04375384669355075,0.0,0.27608322718684963,0.0,0.0,0.95,0.0,0.0,0.0,0.0,0.0,0.08,0.05714285714285714,0.05,0.25
10,0.4464531631188434,0.4982173842673328,0.4464531631188434,0.4982173842673328,0.26235045025828074,0.47751013886638805,0.8885714285714286,0.3352351293589891,0.33846276048103235,0.025714285714285714,0.8885714285714286,0.3352351293589891,0.33846276048103235,0.025714285714285714,0.02,0.02,0.0,0.02857142857142857,0.0,0.0,0.03595393851124719,0.11836634914903713,11.794285714285714,0.0,0.0,0.15,0.08,8,0.04637432383738892,0.0,0.2905615626431127,0.0,0.0,0.7142857142857143,0.0,0.0,0.0,0.0,0.0,0.08,0.02,0.05,0.25
11,0.45427720810545047,0.49828953086893224,0.45427720810545047,0.49828953086893224,0.26235045025828074,0.4772614543696833,0.9085714285714286,0.33592084364470337,0.33914847476674664,0.02857142857142857,0.9085714285714286,0.33592084364470337,0.33914847476674664,0.02857142857142857,0.025714285714285714,0.025714285714285714,0.0,0.054285714285714284,0.0,0.0,0.03595393851124719,0.11836634914903713,11.794285714285714,0.0,0.0,0.15,0.08,7,0.04917102364677341,0.0,0.31046461710453616,0.0,0.0,1.0,0.0,0.0,0.0,0.0,0.0,0.08,0.025714285714285714,0.05,0.25
12,0.4644531507787326,0.49774671342483284,0.4644531507787326,0.49774671342483284,0.26235045025828074,0.4773423376747277,0.8914285714285715,0.33723512935898914,0.3403484747667466,0.02857142857142857,0.8914285714285715,0.33723512935898914,0.3403484747667466,0.02857142857142857,0.04,0.045714285714285714,0.0,0.045714285714285714,0.0,0.0,0.03595393851124719,0.11836634914903713,11.794285714285714,0.0,0.0,0.15,0.08,6,0.05452516852853953,0.0,0.3499696104767312,0.0,0.0,0.9375,0.0,0.0,0.0,0.0,0.0,0.08,0.04,0.05,0.25
13,0.47440973252649743,0.49771249769497444,0.47440973252649743,0.49771249769497444,0.26235045025828074,0.47771609039225926,0.9057142857142857,0.33820655793041765,0.3413770461953181,0.02857142857142857,0.9057142857142857,0.33820655793041765,0.3413770461953181,0.02857142857142857,0.037142857142857144,0.04,0.0,0.025714285714285714,0.0,0.0,0.03595393851124719,0.11836634914903713,11.794285714285714,0.0,0.0,0.15,0.08,6,0.05899539982875398,0.0,0.38297021826719646,0.0,0.0,1.0,0.0,0.0,0.0,0.0,0.0,0.08,0.037142857142857144,0.05,0.25
14,0.4851409853157306,0.497553610643735,0.4851409853157306,0.497553610643735,0.26235045025828074,0.4777864393777484,0.8942857142857142,0.33975952309033625,0.34287704619531806,0.02857142857142857,0.8942857142857142,0.33975952309033625,0.34287704619531806,0.02857142857142857,0.04857142857142857,0.05142857142857143,0.0,0.045714285714285714,0.0,0.0,0.03595393851124719,0.11836634914903713,11.794285714285714,0.0,0.0,0.15,0.08,6,0.06548121574876889,0.0,0.42673938533042394,0.0,0.0,1.0,0.0,0.0,0.0,0.0,0.0,0.08,0.04857142857142857,0.05,0.25
15,0.4930206907575953,0.49747869844526105,0.4930206907575953,0.49747869844526105,0.26235045025828074,0.4780073127444511,0.9057142857142857,0.3405592347121105,0.34369133190960377,0.03142857142857143,0.9057142857142857,0.3405592347121105,0.34369133190960377,0.03142857142857143,0.03428571428571429,0.03428571428571429,0.0,0.037142857142857144,0.0,0.0,0.03595393851124719,0.11836634914903713,11.794285714285714,0.0,0.0,0.15,0.08,5,0.06946809538431074,0.0,0.45249031190952976,0.0,0.0,0.9166666666666666,0.0,0.0,0.0,0.0,0.0,0.08,0.03428571428571429,0.05,0.25
16,0.5015746606664229,0.49727971016920364,0.5015746606664229,0.49727971016920364,0.26235045025828074,0.47919281017415205,0.9028571428571428,0.34215923471211046,0.34523418905246095,0.03428571428571429,0.9028571428571428,0.34215923471211046,0.34523418905246095,0.03428571428571429,0.04857142857142857,0.054285714285714284,0.0,0.05714285714285714,0.0,0.0,0.03595393851124719,0.11836634914903713,11.794285714285714,0.0,0.0,0.15,0.08,5,0.07606346919310349,0.0,0.49772621995705346,0.0,0.0,1.0,0.0,0.0,0.0,0.0,0.0,0.08,0.04857142857142857,0.05,0.25
17,0.5102285816341794,0.496242293577207,0.5102285816341794,0.496242293577207,0.26235045025828074,0.4804376657089825,0.9114285714285715,0.34347352042639623,0.34661033616606346,0.03428571428571429,0.9114285714285715,0.34347352042639623,0.34661033616606346,0.03428571428571429,0.05142857142857143,0.054285714285714284,0.0,0.04857142857142857,0.0,0.0,0.03595393851124719,0.11836634914903713,11.794285714285714,0.0,0.0,0.15,0.08,4,0.08127262068155644,0.0,0.5420574098436267,0.0,0.0,1.0,0.0,0.0,0.0,0.0,0.0,0.08,0.05142857142857143,0.05,0.25
18,0.5198822463056492,0.49609102598989663,0.5198822463056492,0.49609102598989663,0.26235045025828074,0.4815421895534163,0.9314285714285714,0.34427296671812213,0.34755319330892065,0.03428571428571429,0.9314285714285714,0.34427296671812213,0.34755319330892065,0.03428571428571429,0.05142857142857143,0.05142857142857143,0.0,0.04857142857142857,0.0,0.0,0.03595393851124719,0.11836634914903713,11.794285714285714,0.0,0.0,0.15,0.08,4,0.08548848783525263,0.0,0.5826448330753256,0.0,0.0,0.9444444444444444,0.0,0.0,0.0,0.0,0.0,0.08,0.05142857142857143,0.05,0.25
19,0.5293123704278424,0.4959914884557387,0.5293123704278424,0.4959914884557387,0.26235045025828074,0.4826456287479125,0.9371428571428572,0.3449585007770449,0.34820376839757566,0.037142857142857144,0.9371428571428572,0.3449585007770449,0.34820376839757566,0.037142857142857144,0.045714285714285714,0.04857142857142857,0.0,0.06857142857142857,0.0,0.0,0.03595393851124719,0.11836634914903713,11.794285714285714,0.0,0.0,0.15,0.08,4,0.08783233111036208,0.0,0.6195633649852477,0.0,0.0,1.0,0.0,0.0,0.0,0.0,0.0,0.08,0.045714285714285714,0.05,0.25
20,0.5388075094865026,0.49528655411104444,0.5388075094865026,0.49528655411104444,0.26235045025828074,0.48339447999187735,0.9,0.3460308213798599,0.3490609112547185,0.04,0.9,0.3460308213798599,0.3490609112547185,0.04,0.045714285714285714,0.04857142857142857,0.0,0.08571428571428572,0.0,0.0,0.03595393851124719,0.11836634914903713,11.794285714285714,0.0,0.0,0.15,0.08,4,0.09280415334612328,0.0,0.6557435262569712,0.0,0.0,0.9411764705882353,0.0,0.0,0.0,0.0,0.0,0.08,0.045714285714285714,0.05,0.25
21,0.5485650003311072,0.49524428218311106,0.5485650003311072,0.49524428218311106,0.26235045025828074,0.48411617476285457,0.9,0.34703651234415184,0.3502324949921541,0.04,0.9,0.34703651234415184,0.3502324949921541,0.04,0.06,0.06285714285714286,0.0,0.11428571428571428,0.0,0.0,0.03595393851124719,0.11836634914903713,11.794285714285714,0.0,0.0,0.15,0.08,2,0.09608241829367839,0.0,0.7054857985889746,0.0,0.0,1.0,0.0,0.0,0.0,0.0,0.0,0.08,0.06,0.05,0.25
22,0.5572150990680688,0.49577024902576655,0.5572150990680688,0.49577024902576655,0.26235045025828074,0.48465473365209694,0.9285714285714286,0.34749365520129466,0.351129117078539,0.04,0.9285714285714286,0.34749365520129466,0.351129117078539,0.04,0.04,0.04285714285714286,0.0,0.13142857142857142,0.0,0.0,0.03595393851124719,0.11836634914903713,11.794285714285714,0.0,0.0,0.15,0.08,1,0.09798434068025422,0.0,0.7342332254743379,0.0,0.0,1.0,0.0,0.0,0.0,0.0,0.0,0.08,0.04,0.05,0.25
23,0.5659565597546383,0.49647593928407785,0.5659565597546383,0.49647593928407785,0.26235045025828074,0.48517334701591736,0.8914285714285715,0.3482365123441518,0.35202911707853896,0.04285714285714286,0.8914285714285715,0.3482365123441518,0.35202911707853896,0.04285714285714286,0.06571428571428571,0.07142857142857142,0.0,0.15142857142857144,0.0,0.0,0.03595393851124719,0.11836634914903713,11.794285714285714,0.0,0.0,0.15,0.08,1,0.1027932811735192,0.13461011703926248,0.7909771323934227,0.6465671595519377,0.0,0.92,0.0,0.0,0.0,0.0,0.0,0.08,0.06571428571428571,0.05,0.25
24,0.5751366189156583,0.4967065142189928,0.5751366189156583,0.4967065142189928,0.26235045025828074,0.4856205660045101,0.9,0.3486365123441518,0.35317085460532244,0.04285714285714286,0.9,0.3486365123441518,0.35317085460532244,0.04285714285714286,0.06,0.07428571428571429,0.0,0.14285714285714285,0.0,0.0,0.03595393851124719,0.11836634914903713,11.794285714285714,0.0,0.0,0.15,0.08,1,0.1068790290533659,0.13893404541188534,0.8494433040312684,0.7347927247462634,0.0,0.9230769230769231,0.0,0.0,0.0,0.0,0.0,0.08,0.06,0.05,0.25
25,0.5845583993676521,0.4964578750855067,0.5845583993676521,0.4964578750855067,0.26235045025828074,0.48608021307908655,0.9228571428571428,0.3492079409155804,0.3538565688910368,0.04285714285714286,0.9228571428571428,0.3492079409155804,0.3538565688910368,0.04285714285714286,0.045714285714285714,0.054285714285714284,0.0,0.16,0.0,0.0,0.03595393851124719,0.11836634914903713,11.794285714285714,0.0,0.0,0.15,0.08,1,0.10949233326454934,0.1427382112882426,0.8867401522363574,0.8187403024118074,0.0,0.9473684210526315,0.0,0.0,0.0,0.0,0.0,0.08,0.045714285714285714,0.05,0.25
26,0.5944127936439133,0.49629102540497405,0.5944127936439133,0.49629102540497405,0.26235045025828074,0.4866288318704192,0.9114285714285715,0.34965109223207835,0.3549478727662484,0.04285714285714286,0.9114285714285715,0.34965109223207835,0.3549478727662484,0.04285714285714286,0.07714285714285714,0.08285714285714285,0.0,0.21142857142857144,0.0,0.0,0.03595393851124719,0.11836634914903713,11.794285714285714,0.0,0.0,0.15,0.08,1,0.1140294988837854,0.1457764118880959,0.9518624920487732,0.8913773427776011,0.0,0.896551724137931,0.0,0.0,0.0,0.0,0.0,0.08,0.07714285714285714,0.05,0.25
27,0.6059150572335675,0.49644571759909534,0.6059150572335675,0.49644571759909534,0.26235045025828074,0.48710271475831307,0.9142857142857143,0.3506225208035069,0.35577159761972743,0.04285714285714286,0.9142857142857143,0.3506225208035069,0.35577159761972743,0.04285714285714286,0.08285714285714285,0.08857142857142856,0.0,0.24571428571428572,0.002857142857142857,0.0,0.03595393851124719,0.11836634914903713,11.794285714285714,0.0,0.0,0.15,0.08,1,0.11771606567508075,0.147096305709375,1.0213966707792264,0.9242505440000003,0.0,0.967741935483871,0.0,0.0,0.0,0.0,0.0,0.08,0.08285714285714285,0.05,0.25
28,0.6154040277884975,0.4968262319310473,0.6154040277884975,0.4968262319310473,0.26235045025828074,0.48750380361912937,0.8742857142857143,0.3511882949509854,0.356543026191156,0.045714285714285714,0.8742857142857143,0.3511882949509854,0.356543026191156,0.045714285714285714,0.08,0.08285714285714285,0.0,0.3142857142857143,0.002857142857142857,0.0,0.03595393851124719,0.11836634914903713,11.794285714285714,0.0,0.0,0.15,0.08,0,0.12049877106099108,0.14702242509375,1.0838258802207845,0.9223681599999999,0.0,0.9655172413793104,0.0,0.0,0.0,0.0,0.0,0.08,0.08,0.05,0.25
29,0.6243575233727787,0.49629788940124114,0.6243575233727787,0.49629788940124114,0.26235045025828074,0.48765240328087894,0.9028571428571428,0.3523311520938426,0.35784287321812036,0.05142857142857143,0.9028571428571428,0.3523311520938426,0.35784287321812036,0.05142857142857143,0.08,0.09142857142857143,0.0,0.32,0.002857142857142857,0.0,0.03595393851124719,0.11836634914903713,11.794285714285714,0.0,0.0,0.15,0.08,0,0.12409444924038801,0.14628731296828124,1.1535779340449404,0.9039207967999998,0.0,1.0,0.0,0.0,0.0,0.0,0.0,0.08,0.08,0.05,0.25
30,0.6317853947276566,0.4965089709544053,0.6317853947276566,0.4965089709544053,0.26235045025828074,0.48804284140843834,0.8514285714285714,0.3533788648463439,0.35869466822433865,0.054285714285714284,0.8514285714285714,0.3533788648463439,0.35869466822433865,0.054285714285714284,0.07142857142857142,0.08285714285714285,0.0,0.36,0.005714285714285714,0.0,0.03595393851124719,0.11836634914903713,11.794285714285714,0.0,0.0,0.15,0.08,0,0.12724511985132891,0.14555587640343984,1.2133635182211844,0.8858423808639998,0.0,1.0,0.0,0.0,0.0,0.0,0.0,0.08,0.07142857142857142,0.05,0.25
31,0.6408057065929226,0.4961407528935667,0.6408057065929226,0.4961407528935667,0.26235045025828074,0.48822602613137,0.8885714285714286,0.3544074362749153,0.35972323965291014,0.054285714285714284,0.8885714285714286,0.3544074362749153,0.35972323965291014,0.054285714285714284,0.08285714285714285,0.08571428571428572,0.0,0.41714285714285715,0.005714285714285714,0.0,0.03595393851124719,0.11836634914903713,11.794285714285714,0.0,0.0,0.15,0.08,0,0.13160875139492942,0.14482809702142263,1.2748105335710462,0.8681255332467198,0.0,1.0,0.0,0.0,0.0,0.0,0.0,0.08,0.08285714285714285,0.05,0.25
32,0.6498931789364938,0.4964599307806854,0.6498931789364938,0.4964599307806854,0.26235045025828074,0.4883869256989291,0.8714285714285714,0.35446457913205814,0.3600232396529101,0.054285714285714284,0.8714285714285714,0.35446457913205814,0.3600232396529101,0.054285714285714284,0.07714285714285714,0.08857142857142856,0.0,0.4857142857142857,0.005714285714285714,0.0,0.03595393851124719,0.11836634914903713,11.794285714285714,0.0,0.0,0.15,0.08,0,0.13320219589959686,0.14490087495962437,1.337885751471054,0.8698972180084482,0.0,0.9032258064516129,0.0,0.0,0.0,0.0,0.0,0.08,0.07714285714285714,0.05,0.25
33,0.6573912176314844,0.49677120290323096,0.6573912176314844,0.49677120290323096,0.26235045025828074,0.48862310962991995,0.86,0.35559099472825334,0.36105181108148154,0.05714285714285714,0.86,0.35559099472825334,0.36105181108148154,0.05714285714285714,0.09142857142857143,0.10285714285714286,0.0,0.5428571428571428,0.008571428571428572,0.0,0.03595393851124719,0.11836634914903713,11.794285714285714,0.0,0.0,0.15,0.08,0,0.1365298481347792,0.14417637058482624,1.4139851792987757,0.8524992736482793,0.0,1.0,0.0,0.0,0.0,0.0,0.0,0.08,0.09142857142857143,0.05,0.25
34,0.6682976498031875,0.4956014908581542,0.6682976498031875,0.4956014908581542,0.26235045025828074,0.4886237287697709,0.8571428571428571,0.3565801958443503,0.36255463878584165,0.05714285714285714,0.8571428571428571,0.3565801958443503,0.36255463878584165,0.05714285714285714,0.08857142857142856,0.12,0.0,0.5771428571428572,0.014285714285714285,0.0,0.03595393851124719,0.11836634914903713,11.794285714285714,0.0,0.0,0.15,0.08,0,0.13934309607412612,0.14345548873190211,1.5057054757128,0.8354492881753136,0.0,1.0,0.0,0.0,0.0,0.0,0.0,0.08,0.08857142857142856,0.05,0.25
35,0.6757971684805024,0.4958144329009244,0.6757971684805024,0.4958144329009244,0.26235045025828074,0.48859897933838586,0.8314285714285714,0.3568087672729217,0.36315463878584164,0.05714285714285714,0.8314285714285714,0.3568087672729217,0.36315463878584164,0.05714285714285714,0.07142857142857142,0.07428571428571429,0.0,0.6371428571428571,0.022857142857142857,0.0,0.03595393851124719,0.11836634914903713,11.794285714285714,0.0,0.0,0.15,0.08,0,0.13990295273661266,0.1427382112882426,1.5498770804842583,0.8187403024118074,0.0,1.0,0.0,0.0,0.0,0.0,0.0,0.08,0.07142857142857142,0.05,0.25
36,0.6826419947345375,0.49388929342993587,0.6826419947345375,0.49388929342993587,0.26235045025828074,0.48858955385988195,0.8171428571428572,0.35743733870149313,0.36396892450012736,0.05714285714285714,0.8171428571428572,0.35743733870149313,0.36396892450012736,0.05714285714285714,0.08571428571428572,0.10285714285714286,0.0,0.68,0.022857142857142857,0.0,0.03595393851124719,0.11836634914903713,11.794285714285714,0.0,0.0,0.15,0.08,0,0.14220834562107781,0.14202452023180137,1.621736681731716,0.8023654963635712,0.0,1.0,0.0,0.0,0.0,0.0,0.0,0.08,0.08571428571428572,0.05,0.25
37,0.6913765054610476,0.4937898362872702,0.6913765054610476,0.4937898362872702,0.26235045025828074,0.48846206540988196,0.8085714285714286,0.35823733870149316,0.36456892450012734,0.05714285714285714,0.8085714285714286,0.35823733870149316,0.36456892450012734,0.05714285714285714,0.08285714285714285,0.10285714285714286,0.0,0.7657142857142857,0.02857142857142857,0.0,0.03595393851124719,0.11836634914903713,11.794285714285714,0.0,0.0,0.15,0.08,0,0.14461059103582954,0.14195318697201642,1.6921590909542243,0.8007313507497957,0.0,0.9722222222222222,0.0,0.0,0.0,0.0,0.0,0.08,0.08285714285714285,0.05,0.25
38,0.7014602907603721,0.4931660516978394,0.7011544401746,0.4932197814414785,0.26235045025828074,0.48835430960909243,0.8166189111747851,0.35958105868704854,0.3654082757245113,0.06017191977077364,0.8142857142857143,0.35895341940640946,0.3653832102144131,0.06,0.08022922636103152,0.09142857142857143,0.002857142857142857,0.8,0.02865329512893983,0.002857142857142857,0.035966634746193514,0.11836634914903713,11.770773638968482,0.0,0.0,0.15,0.08022922636103152,0,0.14541720434335587,0.14124342103715634,1.7497444805637115,0.7847167237347998,0.0,1.0,0.0,0.0,0.0,0.0,0.0,0.08,0.08285714285714285,0.05,0.25
39,0.7093482713816922,0.49231907218304843,0.7090198837084306,0.4923960599260561,0.26235045025828074,0.48840912002960274,0.8424068767908309,0.3604680939109608,0.36630866673851525,0.06017191977077364,0.84,0.3598379202439677,0.3662810286826629,0.06,0.08022922636103152,0.08857142857142856,0.002857142857142857,0.86,0.03151862464183381,0.0,0.03598074323219509,0.11836634914903713,11.770773638968482,0.0,0.0,0.15,0.08022922636103152,0,0.14731826117878197,0.14053720393197056,1.8033210195238656,0.7690223892601038,0.0,1.0,0.0,0.0,0.0,0.0,0.0,0.08,0.08022922636103152,0.05,0.25
40,0.7174469686972924,0.4924589242697928,0.7168960368866698,0.4924277651167842,0.26235045025828074,0.48842285515472683,0.8419540229885057,0.36163747992017903,0.3667699788429801,0.06321839080459771,0.8371428571428572,0.36046649167253914,0.3671440885730247,0.06285714285714286,0.10057471264367816,0.11714285714285715,0.005714285714285714,0.9314285714285714,0.028735632183908046,0.002857142857142857,0.03602547008343302,0.11836634914903711,11.741379310344827,0.0,0.0,0.15,0.08045977011494253,0,0.150035881653007,0.1398345179123107,1.8843974562762456,0.7536419414749017,0.0,0.975609756097561,0.0,0.0,0.0,0.0,0.0,0.08,0.10315186246418338,0.05,0.25
41,0.7258827109284526,0.49261978814930507,0.7252835748765093,0.49260450257887994,0.26235045025828074,0.488412780194688,0.8362068965517241,0.36272943394316753,0.3678511985133381,0.06609195402298851,0.8314285714285714,0.36155220595825344,0.3682191298452662,0.06571428571428571,0.09770114942528736,0.10857142857142857,0.005714285714285714,1.022857142857143,0.031609195402298854,0.0,0.03602547008343302,0.11836634914903711,11.741379310344827,0.0,0.0,0.15,0.08045977011494253,0,0.15218856169978837,0.13913534532274913,1.9552809357221492,0.7385691026454037,0.0,1.0,0.0,0.0,0.0,0.0,0.0,0.08,0.09770114942528736,0.05,0.25
42,0.7345852453422737,0.4928103834352567,0.7339363805222511,0.49279692995264146,0.26235045025828074,0.48846595608641064,0.8160919540229885,0.36307426152937444,0.36845665431832825,0.06609195402298851,0.8114285714285714,0.3618950631011106,0.3688211259027993,0.06571428571428571,0.09195402298850575,0.11142857142857143,0.005714285714285714,1.0914285714285714,0.040229885057471264,0.0,0.03602547008343302,0.11836634914903711,11.741379310344827,0.0,0.0,0.15,0.08045977011494253,0,0.15376961960557514,0.13843966859613538,2.0276038884362775,0.7237977205924956,0.0,1.0,0.0,0.0,0.0,0.0,0.0,0.08,0.09195402298850575,0.05,0.25
43,0.7441026699161464,0.4907467748222438,0.7426761454913928,0.4910697395710554,0.26235045025828074,0.4886192157338796,0.8184438040345822,0.36330563171101843,0.36853859999586924,0.069164265129683,0.8114285714285714,0.362123634529682,0.3689925544742279,0.06857142857142857,0.08357348703170028,0.1,0.008571428571428572,1.1885714285714286,0.037463976945244955,0.002857142857142857,0.036054353448725415,0.11836634914903714,11.694524495677234,0.0,0.0,0.15,0.08069164265129683,0,0.15400020079326157,0.1377474702531547,2.087051810667552,0.7093217661806457,0.0,1.0,0.0,0.0,0.0,0.0,0.0,0.08,0.08620689655172414,0.05,0.25
44,0.7510816832232198,0.491274440799806,0.7490531194722941,0.49131539036358884,0.26235045025828074,0.48837574508869686,0.7890173410404624,0.3647026817627964,0.36997914097174167,0.06936416184971098,0.78,0.3628093488153963,0.36950684018851365,0.06857142857142857,0.0953757225433526,0.12857142857142856,0.011428571428571429,1.2685714285714285,0.03757225433526012,0.002857142857142857,0.03611986693791774,0.11836634914903713,11.589595375722544,0.0,0.0,0.15,0.08092485549132948,0,0.1559440576464381,0.1378166900874528,2.17388220302563,0.710769361621831,0.0,0.9555555555555556,0.0,0.0,0.0,0.0,0.0,0.08,0.09798270893371758,0.05,0.25
45,0.7585177950791385,0.49103473271007814,0.7564042471927165,0.4909460247019745,0.26235045025828074,0.48818178464286577,0.815028901734104,0.3657431441905421,0.370799294613059,0.07514450867052024,0.8057142857142857,0.36383792024396766,0.37031762064535867,0.07428571428571429,0.0953757225433526,0.11428571428571428,0.011428571428571429,1.3371428571428572,0.04335260115606936,0.0,0.03621156213639416,0.11836634914903713,11.589595375722544,0.0,0.0,0.15,0.08092485549132948,0,0.15844706730474153,0.13802644362103636,2.244690273250831,0.7152918284885929,0.0,0.975,0.0,0.0,0.0,0.0,0.0,0.08,0.0953757225433526,0.05,0.25
46,0.7654730802242441,0.49047022811138724,0.7632190963890216,0.4906264740366904,0.26235045025828074,0.48788533326166184,0.8115942028985508,0.3674981267920273,0.37234774822759753,0.07536231884057971,0.8,0.3647522059582534,0.37100333493107296,0.07428571428571429,0.11304347826086956,0.13142857142857142,0.014285714285714285,1.4342857142857144,0.04057971014492753,0.002857142857142857,0.036247944446904865,0.11836634914903711,11.553623188405798,0.0,0.0,0.15,0.08115942028985507,0,0.16281268859317483,0.14360068071861457,2.331225039214386,0.8389572240035359,0.0,0.9565217391304348,0.0,0.0,0.0,0.0,0.0,0.08,0.11560693641618497,0.05,0.25
47,0.7723692149213423,0.4894030670856007,0.7700167148761615,0.4896144286893222,0.26235045025828074,0.4877291727705767,0.7797101449275362,0.3685317154753649,0.37315270347203594,0.07536231884057971,0.7685714285714286,0.3657710290889719,0.37179679081487654,0.07428571428571429,0.11304347826086956,0.1457142857142857,0.014285714285714285,1.5142857142857142,0.04057971014492753,0.0,0.036254557931044075,0.11836634914903711,11.553623188405798,0.0,0.0,0.15,0.08115942028985507,0,0.16379314709242634,0.1428826773150215,2.430314824144384,0.8221780795234651,0.0,1.0,0.0,0.0,0.0,0.0,0.0,0.08,0.11304347826086956,0.05,0.25
48,0.7805068075782116,0.49017678305134416,0.7780380562093612,0.49032681973069253,0.26235045025828074,0.48739757911740034,0.7913043478260869,0.3692046447588413,0.373848355645949,0.07536231884057971,0.78,0.36643434509697,0.37248250510059083,0.07428571428571429,0.09855072463768116,0.11428571428571428,0.014285714285714285,1.5885714285714285,0.043478260869565216,0.0,0.036254557931044075,0.11836634914903711,11.553623188405798,0.0,0.0,0.15,0.08115942028985507,0,0.16465913500301435,0.14439580339205904,2.4959942419472103,0.8579235363236084,0.0,0.975,0.0,0.0,0.0,0.0,0.0,0.08,0.09855072463768116,0.05,0.25
49,0.7848362351217067,0.49065778626444384,0.7823056347879492,0.4908998921649196,0.26235045025828074,0.48710763678556634,0.7681159420289855,0.3695411720121233,0.37415978837187613,0.07536231884057971,0.7571428571428571,0.36676606481806223,0.3727894887875761,0.07428571428571429,0.10434782608695652,0.12285714285714286,0.014285714285714285,1.6828571428571428,0.0463768115942029,0.0,0.036254557931044075,0.11836634914903711,11.553623188405798,0.0,0.0,0.15,0.08115942028985507,0,0.16460598289942785,0.14367382437509874,2.568931499965409,0.8407650655971363,0.0,1.0,0.0,0.0,0.0,0.0,0.0,0.08,0.10434782608695652,0.05,0.25
50,0.7911982650412851,0.49053810435961204,0.7885767785658192,0.49076854811799664,0.26235045025828074,0.48689017434625814,0.7507246376811594,0.3702368241860363,0.3746755705435815,0.08115942028985507,0.74,0.3674517791037765,0.373297902642543,0.08,0.11884057971014493,0.15142857142857144,0.014285714285714285,1.7714285714285714,0.05217391304347826,0.0,0.036254557931044075,0.11836634914903711,11.553623188405798,0.0,0.0,0.15,0.08115942028985507,0,0.167039382270645,0.14555587640343984,2.668981441394672,0.8858423808639998,0.0,0.9811320754716981,0.0,0.0,0.0,0.0,0.0,0.08,0.11884057971014493,0.05,0.25
51,0.7966092367245052,0.4911785727067518,0.7939104506535648,0.4914477572100664,0.26235045025828074,0.48676829807776595,0.7797101449275362,0.37084542103217755,0.37532774445662503,0.08115942028985507,0.7685714285714286,0.36805168170925867,0.3739407597854001,0.08,0.10144927536231885,0.13428571428571429,0.014285714285714285,1.8371428571428572,0.05217391304347826,0.0,0.036254557931044075,0.11836634914903711,11.553623188405798,0.0,0.0,0.15,0.08115942028985507,0,0.16890445580986305,0.14490087495962437,2.7498875268524925,0.8698972180084482,0.0,0.9787234042553191,0.0,0.0,0.0,0.0,0.0,0.08,0.10144927536231885,0.05,0.25
52,0.804316597604421,0.4905750779620015,0.8015077063780532,0.4909371149455106,0.26235045025828074,0.486574363158214,0.7739130434782608,0.37119324711913404,0.37558861402184235,0.08115942028985507,0.7628571428571429,0.3683945388521158,0.374197902642543,0.08,0.08405797101449275,0.10285714285714286,0.014285714285714285,1.92,0.06376811594202898,0.0,0.036254557931044075,0.11836634914903711,11.553623188405798,0.0,0.0,0.15,0.08115942028985507,0,0.16886096299538791,0.14417637058482624,2.7977469191725857,0.8524992736482793,0.0,1.0,0.0,0.0,0.0,0.0,0.0,0.08,0.08405797101449275,0.05,0.25
53,0.8104649359231522,0.4912019622476155,0.8066201048963689,0.4913552338083837,0.26235045025828074,0.4864595711253281,0.752906976744186,0.37252126205166525,0.3754252979641629,0.08139534883720931,0.74,0.36896596742354437,0.3746693312139715,0.08,0.12209302325581395,0.14285714285714285,0.017142857142857144,2.0142857142857142,0.061046511627906974,0.002857142857142857,0.03631676233413176,0.11836634914903714,11.470930232558139,0.0,0.0,0.15,0.08139534883720931,0,0.17061395244828598,0.14482809702142263,2.8846491236462772,0.8681255332467198,0.0,0.96,0.0,0.0,0.0,0.0,0.0,0.08,0.12173913043478261,0.05,0.25
54,0.8159197618075897,0.49072245143117266,0.8119814194799304,0.49083926713792264,0.26235045025828074,0.4865175403158833,0.7616279069767442,0.37316079693538623,0.37595036655839087,0.08430232558139535,0.7485714285714286,0.3695945388521158,0.37518539863229844,0.08285714285714285,0.11337209302325581,0.13142857142857142,0.017142857142857144,2.1228571428571428,0.06395348837209303,0.0,0.0363396598713611,0.11836634914903714,11.470930232558139,0.0,0.0,0.15,0.08139534883720931,0,0.17052989691829445,0.14410395653631553,2.958384712601923,0.8507630225817854,0.0,1.0,0.0,0.0,0.0,0.0,0.0,0.08,0.11337209302325581,0.05,0.25
55,0.8210613051099714,0.4899755183778567,0.8170348220399858,0.49004093949195277,0.26235045025828074,0.4866507425755406,0.7994186046511628,0.37342434043292405,0.376149654144157,0.08430232558139535,0.7857142857142857,0.3698535644611244,0.3753812698594515,0.08285714285714285,0.11046511627906977,0.13428571428571429,0.017142857142857144,2.2342857142857144,0.06395348837209303,0.0,0.0363396598713611,0.11836634914903714,11.470930232558139,0.0,0.0,0.15,0.08139534883720931,0,0.1712759645729887,0.14497401861610854,3.0335027326355988,0.8717050596020486,0.0,0.9574468085106383,0.0,0.0,0.0,0.0,0.0,0.08,0.11046511627906977,0.05,0.25
56,0.8262466022470722,0.49033204154497256,0.822131228369022,0.4904183212455855,0.26235045025828074,0.48670250376170304,0.7965116279069767,0.37412201485152874,0.37658570065578495,0.08430232558139535,0.7828571428571428,0.3705392787468387,0.37580984128802297,0.08285714285714285,0.1308139534883721,0.14285714285714285,0.017142857142857144,2.342857142857143,0.06395348837209303,0.0,0.0363396598713611,0.11836634914903714,11.470930232558139,0.0,0.0,0.15,0.08139534883720931,0,0.1721698377750948,0.14424914852302798,3.115689820840029,0.8542709584100077,0.0,1.0,0.0,0.0,0.0,0.0,0.0,0.08,0.1308139534883721,0.05,0.25
57,0.8304166386100338,0.48976853613626303,0.8262297783943326,0.48970557122339364,0.26235045025828074,0.4866712814023089,0.7790697674418605,0.3740782177461971,0.3767165146092733,0.08430232558139535,0.7657142857142857,0.3704962324490271,0.3759384127165944,0.08285714285714285,0.11337209302325581,0.14857142857142858,0.017142857142857144,2.454285714285714,0.06395348837209303,0.0,0.0363396598713611,0.11836634914903714,11.470930232558139,0.0,0.0,0.15,0.08139534883720931,0,0.17242256072907644,0.14490087495962437,3.2019474529946574,0.8698972180084482,0.0,0.9807692307692307,0.0,0.0,0.0,0.0,0.0,0.08,0.11337209302325581,0.05,0.25
58,0.8362937884845855,0.4899874435244977,0.8314439660778211,0.4899931224711473,0.26235045025828074,0.4866983701344282,0.7280701754385965,0.37409868024060267,0.37694182148834565,0.0847953216374269,0.7114285714285714,0.3704611385632025,0.3758718221794904,0.08285714285714285,0.1111111111111111,0.13714285714285715,0.022857142857142857,2.5742857142857143,0.06140350877192982,0.005714285714285714,0.036381331801559974,0.11836634914903711,11.35672514619883,0.0,0.0,0.15,0.08187134502923976,0,0.1730457336397168,0.14628731296828124,3.275051361077621,0.9039207967999998,0.0,0.9583333333333334,0.0,0.0,0.0,0.0,0.0,0.08,0.11627906976744186,0.05,0.25
59,0.8405314843039996,0.4886430703691163,0.8348651463660391,0.4892848626916048,0.26235045025828074,0.48674109052533315,0.7610619469026548,0.3748894203639278,0.3767862312568749,0.0855457227138643,0.7371428571428571,0.3703468528489168,0.37578610789377614,0.08285714285714285,0.12979351032448377,0.1457142857142857,0.03142857142857143,2.7114285714285713,0.05309734513274336,0.008571428571428572,0.03685901756588103,0.11836634914903711,10.749262536873156,0.0,0.0,0.15,0.07964601769911504,0,0.17326593354294675,0.14570253127247088,3.355264619570354,0.8894949587776007,0.0,0.9803921568627451,0.0,0.0,0.0,0.0,0.0,0.08,0.13450292397660818,0.05,0.25
60,0.8455979339225519,0.489629704979103,0.8395243592988163,0.48980576752326904,0.26235045025828074,0.4867088197077692,0.7633136094674556,0.37446303599181724,0.3767165541951075,0.08579881656804733,0.7371428571428571,0.370289709991774,0.37574325075091897,0.08285714285714285,0.14497041420118342,0.1742857142857143,0.03428571428571429,2.874285714285714,0.05621301775147929,0.002857142857142857,0.03713366446827224,0.11836634914903714,10.431952662721894,0.0,0.0,0.15,0.07988165680473373,0,0.17442165076194383,0.14628731296828124,3.4624450414646617,0.9039207967999998,0.0,0.9672131147540983,0.0,0.0,0.0,0.0,0.0,0.08,0.14749262536873156,0.05,0.25
61,0.8508500140280073,0.4898426362793776,0.8445963680863703,0.4897986102016788,0.26235045025828074,0.4868091688510793,0.7307692307692307,0.37428552119891784,0.37658341810043294,0.08579881656804733,0.7057142857142857,0.3701182814203454,0.3756146793223476,0.08285714285714285,0.13609467455621302,0.16,0.03428571428571429,2.9771428571428573,0.05917159763313609,0.0,0.03723385592534132,0.11836634914903714,10.431952662721894,0.0,0.0,0.15,0.07988165680473373,0,0.17509211393670554,0.1457764118880959,3.5531961406353676,0.8913773427776011,0.0,0.9642857142857143,0.0,0.0,0.0,0.0,0.0,0.08,0.13609467455621302,0.05,0.25
62,0.8553588940623204,0.4891906053793471,0.8486130875457834,0.48914737523725366,0.26235045025828074,0.4868977111893915,0.7002967359050445,0.37507516976874233,0.37713819814711885,0.08902077151335312,0.6742857142857143,0.3702325671346311,0.3757003936080619,0.08571428571428572,0.12462908011869436,0.1457142857142857,0.037142857142857144,3.0742857142857143,0.05934718100890208,0.002857142857142857,0.03722374848379387,0.11836634914903711,10.427299703264095,0.0,0.0,0.15,0.08011869436201781,0,0.17527351050987913,0.147096305709375,3.6278465035369467,0.9242505440000003,0.0,0.9803921568627451,0.0,0.0,0.0,0.0,0.0,0.08,0.1242603550295858,0.05,0.25
63,0.8608770905381979,0.49054318402247654,0.8526858239157825,0.4903955271200625,0.26235045025828074,0.48687249834023993,0.7053571428571429,0.37541196667009036,0.37603669533122724,0.08928571428571429,0.6771428571428572,0.3703468528489168,0.37578610789377614,0.08571428571428572,0.09523809523809523,0.12,0.04,3.1857142857142855,0.06547619047619048,0.002857142857142857,0.03730904018902,0.11836634914903713,10.351190476190476,0.0,0.0,0.15,0.08035714285714286,0,0.17551057224304406,0.147096305709375,3.6752895734662077,0.9242505440000003,0.0,0.9761904761904762,0.0,0.0,0.0,0.0,0.0,0.08,0.09792284866468842,0.05,0.25
64,0.8646998278782454,0.4906762459941863,0.8565526645632735,0.4904329071820313,0.26235045025828074,0.48682185792060106,0.7014925373134329,0.37604512379208166,0.3767449040376941,0.08955223880597014,0.6714285714285714,0.3705451048889116,0.37604325075091904,0.08571428571428572,0.08656716417910448,0.10571428571428572,0.04285714285714286,3.3057142857142856,0.06567164179104477,0.002857142857142857,0.03749941225166761,0.11836634914903711,10.08955223880597,0.0,0.0,0.15,0.08059701492537313,0,0.17520416223897167,0.14636082418082813,3.7074980677111697,0.9057655331200002,0.0,1.0,0.0,0.0,0.0,0.0,0.0,0.08,0.08630952380952381,0.05,0.25
65,0.8693146780568408,0.48962638409643666,0.8592228494536013,0.4897859116235934,0.26235045025828074,0.48679233869930627,0.7207207207207207,0.3756595961586971,0.3767882822295356,0.09009009009009009,0.6857142857142857,0.3705451048889116,0.37612896503663334,0.08571428571428572,0.09009009009009009,0.10571428571428572,0.04857142857142857,3.434285714285714,0.06306306306306306,0.005714285714285714,0.037810150362932296,0.11836634914903713,9.531531531531531,0.0,0.0,0.15,0.08108108108108109,0,0.17492742785634827,0.14562902005992398,3.7390623920712316,0.8876502224576002,0.0,1.0,0.0,0.0,0.0,0.0,0.0,0.08,0.09253731343283582,0.05,0.25
66,0.8729805066809283,0.48991168492908777,0.8627106235445188,0.4901433563949196,0.26235045025828074,0.48677167699147195,0.7597597597597597,0.37553947603857696,0.3769234173646707,0.09009009009009009,0.7228571428571429,0.3704308191746259,0.3762575364652047,0.08571428571428572,0.09309309309309309,0.11428571428571428,0.04857142857142857,3.5228571428571427,0.06606606606606606,0.0,0.03802373943721268,0.11836634914903713,9.531531531531531,0.0,0.0,0.15,0.08108108108108109,0,0.1750807907170665,0.14570253127247088,3.778566858515521,0.8894949587776007,0.0,0.975,0.0,0.0,0.0,0.0,0.0,0.08,0.09309309309309309,0.05,0.25
67,0.8769735047084619,0.4891747076458453,0.8665096759535723,0.48940530578286373,0.26235045025828074,0.4868261984880227,0.7057057057057057,0.3754193559184568,0.37710359754485084,0.09009009009009009,0.6714285714285714,0.37031653346034016,0.3764289650366333,0.08571428571428572,0.0990990990990991,0.12,0.04857142857142857,3.6285714285714286,0.07507507507507508,0.0,0.03802373943721268,0.11836634914903713,9.531531531531531,0.0,0.0,0.15,0.08108108108108109,0,0.17529052962062402,0.14636082418082813,3.8229955213452103,0.9057655331200002,0.0,0.9761904761904762,0.0,0.0,0.0,0.0,0.0,0.08,0.0990990990990991,0.05,0.25
68,0.8811317479793449,0.4880413629334822,0.8704659474084409,0.48823596098359634,0.26235045025828074,0.4868808425825003,0.7117117117117117,0.3752992357983367,0.37714864258989594,0.09009009009009009,0.6771428571428572,0.3702022477460545,0.3764718221794905,0.08571428571428572,0.12912912912912913,0.13428571428571429,0.04857142857142857,3.717142857142857,0.08408408408408409,0.0,0.03802373943721268,0.11836634914903713,9.531531531531531,0.0,0.0,0.15,0.08108108108108109,0,0.17547093411537804,0.14650895667145317,3.8808213252040207,0.9095687171200011,0.0,0.9787234042553191,0.0,0.0,0.0,0.0,0.0,0.08,0.12912912912912913,0.05,0.25
69,0.8861391866716689,0.48816436808598856,0.8747749432790644,0.48835244817252205,0.26235045025828074,0.486951917435119,0.7198795180722891,0.37604032395593956,0.377210589520884,0.09036144578313253,0.6828571428571428,0.3702022477460545,0.3764718221794905,0.08571428571428572,0.09939759036144578,0.11428571428571428,0.05142857142857143,3.797142857142857,0.0783132530120482,0.002857142857142857,0.0380703475191,0.11836634914903713,9.46987951807229,0.0,0.0,0.15,0.08132530120481928,0,0.17510772230194402,0.1457764118880959,3.9174906129856546,0.8913773427776011,0.0,1.0,0.0,0.0,0.0,0.0,0.0,0.08,0.1021021021021021,0.05,0.25
70,0.8901024774460563,0.48919933140524113,0.8777315440963463,0.4889443489342349,0.26235045025828074,0.4869590013431056,0.6990881458966566,0.374962882721149,0.3764797036771485,0.08814589665653495,0.6571428571428571,0.3702022477460545,0.3765247296280417,0.08571428571428572,0.11246200607902736,0.13714285714285715,0.06,3.902857142857143,0.06990881458966565,0.008571428571428572,0.038278828036406316,0.11836634914903713,9.23404255319149,0.0,0.0,0.15,0.0790273556231003,0,0.17579636596353365,0.1450475298286554,3.9762836578687986,0.8735497959220491,0.0,1.0,0.0,0.0,0.0,0.0,0.0,0.08,0.11746987951807229,0.05,0.25
71,0.8949292434974822,0.48963539381133514,0.8818874816109153,0.4892337822029018,0.26235045025828074,0.4872496737351447,0.7103658536585366,0.3744623246554352,0.3771028481328935,0.08841463414634146,0.6657142857142857,0.3700879620317687,0.37643901534232743,0.08571428571428572,0.0975609756097561,0.11714285714285715,0.06285714285714286,4.0,0.07926829268292683,0.002857142857142857,0.03838658815834745,0.11836634914903711,9.170731707317072,0.0,0.0,0.15,0.07926829268292683,0,0.1759736705622874,0.14636082418082813,4.013900841854279,0.9044879832324388,0.0,0.975609756097561,0.0,0.0,0.0,0.0,0.0,0.08,0.10030395136778116,0.05,0.25
72,0.8980004735928508,0.4897768765423814,0.8847656629574323,0.489333954543854,0.26235045025828074,0.4874608847591651,0.7225609756097561,0.37434037343592297,0.37701138471825935,0.08841463414634146,0.6771428571428572,0.3699736763174831,0.37635330105661313,0.08571428571428572,0.10365853658536585,0.11428571428571428,0.06285714285714286,4.097142857142857,0.07926829268292683,0.0,0.038409438486177394,0.11836634914903711,9.170731707317072,0.0,0.0,0.15,0.07926829268292683,0,0.17648395759853666,0.14636082418082813,4.047908539302909,0.8926528067917116,0.0,0.975,0.0,0.0,0.0,0.0,0.0,0.08,0.10365853658536585,0.05,0.25
73,0.8996050431357607,0.489392193348931,0.8862693738433595,0.4892354703553826,0.26235045025828074,0.48745817840381966,0.7225609756097561,0.37434037343592297,0.37701138471825935,0.08841463414634146,0.6771428571428572,0.3699736763174831,0.37635330105661313,0.08571428571428572,0.12195121951219512,0.13714285714285715,0.06285714285714286,4.16,0.07926829268292683,0.0,0.038409438486177394,0.11836634914903711,9.170731707317072,0.0,0.0,0.15,0.07926829268292683,0,0.17648511352125826,0.14562902005992398,4.104093225659707,0.8747997506558773,0.0,1.0,0.0,0.0,0.0,0.0,0.0,0.08,0.12195121951219512,0.05,0.25
74,0.901997954731806,0.48952700019639994,0.8890679895014002,0.4893521107946646,0.26235045025828074,0.4874885792152097,0.7723076923076924,0.3756767367389864,0.3778592326213687,0.08923076923076922,0.7171428571428572,0.3699165334603402,0.376310443913756,0.08571428571428572,0.11384615384615385,0.13428571428571429,0.07142857142857142,4.22,0.07692307692307693,0.008571428571428572,0.03851168081603493,0.11836634914903711,9.076923076923077,0.0,0.0,0.15,0.08,0,0.17668797366793768,0.1457764118880959,4.156297075432226,0.8698972180084482,0.0,0.9787234042553191,0.0,0.0,0.0,0.0,0.0,0.08,0.11585365853658537,0.05,0.25
75,0.9056590991162126,0.4894646955880824,0.890655780295067,0.48929680441274565,0.26235045025828074,0.4875761755164011,0.7515527950310559,0.3751106277218602,0.3775574317676509,0.09006211180124224,0.6914285714285714,0.3698022477460545,0.3762247296280418,0.08571428571428572,0.13664596273291926,0.15142857142857144,0.08,4.328571428571428,0.07142857142857142,0.008571428571428572,0.03876563440299242,0.11836634914903711,8.888198757763975,0.0,0.0,0.15,0.08074534161490683,0,0.17719483204580158,0.14724518258437505,4.224599705352154,0.8735497959220491,0.0,0.9811320754716981,0.0,0.0,0.0,0.0,0.0,0.08,0.14461538461538462,0.05,0.25
76,0.9074995927807666,0.48956539613912353,0.8923490344664566,0.48950024089827937,0.26235045025828074,0.48775331733780336,0.7546583850931677,0.3751106277218602,0.3775574317676509,0.09006211180124224,0.6942857142857143,0.3698022477460545,0.3762247296280418,0.08571428571428572,0.08695652173913043,0.12,0.08,4.428571428571429,0.07142857142857142,0.0,0.03879674227058256,0.11836634914903711,8.888198757763975,0.0,0.0,0.15,0.08074534161490683,0,0.17696557217128686,0.14650895667145317,4.2601077112451105,0.856078800003608,0.0,1.0,0.0,0.0,0.0,0.0,0.0,0.08,0.08695652173913043,0.05,0.25
77,0.9139669772782704,0.4884266378522287,0.8961169041366331,0.4887138767323773,0.26235045025828074,0.4877362828907152,0.7601246105919003,0.37470582007237707,0.3767023888051926,0.09034267912772585,0.6971428571428572,0.36968796203176874,0.37613901534232747,0.08571428571428572,0.11526479750778816,0.12285714285714286,0.08285714285714285,4.502857142857143,0.07165109034267912,0.002857142857142857,0.03885096705411412,0.11836634914903711,8.710280373831775,0.0,0.0,0.15,0.08099688473520249,0,0.17730718072116256,0.147835483125,4.297762699877352,0.8913773427776011,0.0,0.9767441860465116,0.0,0.0,0.0,0.0,0.0,0.08,0.11801242236024845,0.05,0.25
78,0.9149071144456868,0.4880703318900837,0.8970807195292708,0.4881332251665916,0.26235045025828074,0.48760203521303913,0.74375,0.37490538867577283,0.3759726330352885,0.090625,0.68,0.36957367631748306,0.3760533010566132,0.08571428571428572,0.115625,0.12857142857142856,0.08571428571428572,4.642857142857143,0.071875,0.002857142857142857,0.03895767504919318,0.11836634914903713,8.70625,0.0,0.0,0.15,0.08125,0,0.17756264553184245,0.14791010812500002,4.340378874451233,0.9242505440000003,0.0,0.9777777777777777,0.0,0.0,0.0,0.0,0.0,0.08,0.11838006230529595,0.05,0.25
79,0.9172990091979712,0.48756525056548716,0.8990524313960313,0.48795476616744166,0.26235045025828074,0.48734613149513084,0.7255520504731862,0.3749953190894989,0.37763354364794693,0.0914826498422713,0.6571428571428571,0.36957367631748306,0.3760533010566132,0.08571428571428572,0.10410094637223975,0.12571428571428572,0.09428571428571429,4.748571428571428,0.0694006309148265,0.008571428571428572,0.03913664540806859,0.11836634914903711,8.523659305993691,0.0,0.0,0.15,0.08201892744479496,0,0.1773599751613261,0.14717055758437503,4.379285582676493,0.9057655331200002,0.0,1.0,0.0,0.0,0.0,0.0,0.0,0.08,0.10625,0.05,0.25
80,0.921106871166233,0.48722537253675136,0.902069265272066,0.48757474086795005,0.26235045025828074,0.48708892602464404,0.75,0.3741636870398067,0.37751013849807336,0.09177215189873418,0.6771428571428572,0.36957367631748306,0.3760533010566132,0.08571428571428572,0.12025316455696203,0.12857142857142856,0.09714285714285714,4.854285714285714,0.06962025316455696,0.002857142857142857,0.03923499380045888,0.1183663491490371,8.481012658227849,0.0,0.0,0.15,0.07911392405063292,0,0.17704431814266233,0.14643470479645315,4.4202712995943925,0.8876502224576002,0.0,1.0,0.0,0.0,0.0,0.0,0.0,0.08,0.11987381703470032,0.05,0.25
81,0.9248331487698012,0.4868643190599491,0.9051267708173056,0.4868283145917319,0.26235045025828074,0.4867645127506367,0.7619047619047619,0.3721769050939012,0.37553398020759104,0.08888888888888889,0.6857142857142857,0.36957367631748306,0.3760533010566132,0.08571428571428572,0.13333333333333333,0.14857142857142858,0.1,4.968571428571429,0.0761904761904762,0.002857142857142857,0.03935110428030328,0.11836634914903713,8.247619047619047,0.0,0.0,0.15,0.0761904761904762,0,0.17709953296268116,0.14570253127247088,4.480437302173932,0.8698972180084482,0.0,1.0,0.0,0.0,0.0,0.0,0.0,0.08,0.1360759493670886,0.05,0.25
82,0.9276642757071167,0.4865145317621493,0.9077267817756225,0.4865783625697041,0.26235045025828074,0.48635761875651945,0.7028753993610224,0.37245390603625805,0.37562004906305113,0.08945686900958466,0.6285714285714286,0.36945939060319727,0.37596758677089887,0.08571428571428572,0.12460063897763578,0.12857142857142856,0.10571428571428572,5.1085714285714285,0.07348242811501597,0.005714285714285714,0.03952530837587526,0.1183663491490371,8.178913738019169,0.0,0.0,0.15,0.07987220447284345,0,0.17727018100858208,0.14636082418082813,4.519399984701883,0.8717050596020486,0.0,0.9777777777777777,0.0,0.0,0.0,0.0,0.0,0.08,0.13015873015873017,0.05,0.25
83,0.9281657734266923,0.4848329941384915,0.9083143235586209,0.484662428663479,0.26235045025828074,0.48582279491401,0.717948717948718,0.37120432141857906,0.3758163587400995,0.08974358974358974,0.64,0.3693451048889116,0.3758818724851847,0.08571428571428572,0.125,0.13142857142857142,0.10857142857142857,5.251428571428572,0.08012820512820513,0.002857142857142857,0.0395763676470872,0.11836634914903713,8.147435897435898,0.0,0.0,0.15,0.08012820512820513,0,0.17749754438925341,0.1465835816714532,4.560440556436417,0.8876502224576002,0.0,0.9782608695652174,0.0,0.0,0.0,0.0,0.0,0.08,0.12779552715654952,0.05,0.25
84,0.9296036082789135,0.48483563642488775,0.9094013523166724,0.48449685589836644,0.26235045025828074,0.4851909494214201,0.6945337620578779,0.3703217379187816,0.3759927677765078,0.09003215434083602,0.6171428571428571,0.3693451048889116,0.3758818724851847,0.08571428571428572,0.12540192926045016,0.13714285714285715,0.11142857142857143,5.362857142857143,0.07395498392282958,0.002857142857142857,0.039794835653978816,0.11836634914903711,7.819935691318328,0.0,0.0,0.15,0.08038585209003216,0,0.17729505738159287,0.1458506637630959,4.606374602450545,0.8698972180084482,0.0,1.0,0.0,0.0,0.0,0.0,0.0,0.08,0.1282051282051282,0.05,0.25
85,0.9308940110090235,0.4849835376553685,0.9105479673139985,0.48469543590300107,0.26235045025828074,0.4844313578254908,0.6913183279742765,0.3701288118737655,0.3758480732427458,0.09003215434083602,0.6142857142857143,0.369173676317483,0.3757533010566132,0.08571428571428572,0.0932475884244373,0.09428571428571429,0.11142857142857143,5.462857142857143,0.08038585209003216,0.0,0.03991773148486872,0.11836634914903711,7.819935691318328,0.0,0.0,0.15,0.08038585209003216,0,0.17772272495182773,0.14865337500000003,4.608532824687249,0.8714620274039284,0.0,0.9393939393939394,0.0,0.0,0.0,0.0,0.0,0.08,0.0932475884244373,0.05,0.25
86,0.9298529430906256,0.48477552238915567,0.9097354234472405,0.48414212459814426,0.26235045025828074,0.4837230813261907,0.7193548387096774,0.37007957233871736,0.37630759763610916,0.09032258064516129,0.6371428571428571,0.369173676317483,0.3757533010566132,0.08571428571428572,0.12580645161290321,0.12571428571428572,0.11428571428571428,5.554285714285714,0.08387096774193549,0.002857142857142857,0.03996607001823293,0.1183663491490371,7.774193548387097,0.0,0.0,0.15,0.08064516129032258,0,0.17754739775564005,0.14791010812500002,4.642076453907788,0.8540327868558498,0.0,1.0,0.0,0.0,0.0,0.0,0.0,0.08,0.12861736334405144,0.05,0.25
87,0.9337910440732072,0.48475951862286043,0.9132234557460983,0.48436286401985024,0.26235045025828074,0.4830839277409176,0.6645161290322581,0.3699505400806528,0.3762108234425608,0.09032258064516129,0.5885714285714285,0.3690593906031973,0.3756675867708989,0.08571428571428572,0.11290322580645161,0.12857142857142856,0.11428571428571428,5.631428571428572,0.08064516129032258,0.0,0.039992289517222473,0.1183663491490371,7.774193548387097,0.0,0.0,0.15,0.08064516129032258,0,0.177772947909719,0.14850375,4.677806353401062,0.845923811495902,0.0,0.9777777777777777,0.0,0.0,0.0,0.0,0.0,0.08,0.11290322580645161,0.05,0.25
88,0.9362034452955509,0.48429803353478473,0.915360153971603,0.48400978925790045,0.26235045025828074,0.4824214955074527,0.6612903225806451,0.3699505400806528,0.3762108234425608,0.09032258064516129,0.5857142857142857,0.3690593906031973,0.3756675867708989,0.08571428571428572,0.11612903225806452,0.11714285714285715,0.11428571428571428,5.731428571428571,0.08387096774193549,0.0,0.039992289517222473,0.1183663491490371,7.774193548387097,0.0,0.0,0.15,0.08064516129032258,0,0.17739822602731328,0.14776123124999999,4.701393083475897,0.829005335265984,0.0,1.0,0.0,0.0,0.0,0.0,0.0,0.08,0.11612903225806452,0.05,0.25
89,0.9387751857255069,0.48392364834211654,0.916041279502371,0.48373060620852687,0.26235045025828074,0.4817351523124713,0.6828478964401294,0.36915821142708816,0.3769430815983191,0.09061488673139159,0.6028571428571429,0.3690593906031973,0.3756675867708989,0.08571428571428572,0.10032362459546926,0.11142857142857143,0.11714285714285715,5.828571428571428,0.09385113268608414,0.002857142857142857,0.040216725138549084,0.11836634914903713,7.553398058252427,0.0,0.0,0.15,0.08090614886731391,0,0.17713909275431955,0.14702242509375,4.71879379323495,0.8124252285606642,0.0,1.0,0.0,0.0,0.0,0.0,0.0,0.08,0.1032258064516129,0.05,0.25
90,0.9413466326138965,0.4837625903509125,0.9175351452743319,0.4838112609915179,0.26235045025828074,0.48116623950231013,0.6428571428571429,0.3699097010565857,0.376899273296982,0.09090909090909091,0.5657142857142857,0.36894510488891163,0.3755818724851846,0.08571428571428572,0.11363636363636363,0.12285714285714286,0.12,5.902857142857143,0.09415584415584416,0.002857142857142857,0.04024116024472667,0.11836634914903711,7.538961038961039,0.0,0.0,0.15,0.08116883116883117,0,0.1773098265762622,0.14643470479645315,4.747275060227395,0.8524992736482793,0.0,0.9767441860465116,0.0,0.0,0.0,0.0,0.0,0.08,0.11650485436893204,0.05,0.25
91,0.943878133182812,0.48438299060043355,0.9182392880131145,0.4844066136798377,0.26235045025828074,0.48042078240096664,0.6221498371335505,0.370297297034783,0.37684255915255843,0.09120521172638436,0.5457142857142857,0.36883081917462585,0.3754961581994703,0.08571428571428572,0.10423452768729642,0.11142857142857143,0.12285714285714286,5.988571428571428,0.09446254071661238,0.002857142857142857,0.040268414905037055,0.1183663491490371,7.504885993485342,0.0,0.0,0.15,0.08143322475570032,0,0.17761888862294986,0.14724518258437505,4.763758130451418,0.8542709584100077,0.0,0.9743589743589743,0.0,0.0,0.0,0.0,0.0,0.08,0.10714285714285714,0.05,0.25
92,0.9469246792901738,0.4834680510244203,0.9200680484893652,0.4832072134569185,0.26235045025828074,0.47983037968975617,0.7081967213114754,0.37162068956566985,0.376826768734144,0.09180327868852459,0.6171428571428571,0.36871653346034017,0.37541044391375605,0.08571428571428572,0.12131147540983607,0.12571428571428572,0.12857142857142856,6.091428571428572,0.09508196721311475,0.005714285714285714,0.04038986857338877,0.11836634914903711,7.344262295081967,0.0,0.0,0.15,0.08196721311475409,0,0.17787293703697796,0.148578375,4.794197253556675,0.8681255332467198,0.0,0.9772727272727273,0.0,0.0,0.0,0.0,0.0,0.08,0.1237785016286645,0.05,0.25
93,0.9482655100076084,0.48307704905013304,0.9207131387944082,0.48288149319568585,0.26235045025828074,0.4792830663608828,0.694078947368421,0.3726584430737469,0.376833842216074,0.09210526315789473,0.6028571428571429,0.3686593906031973,0.37536758677089893,0.08571428571428572,0.11513157894736842,0.12285714285714286,0.13142857142857142,6.194285714285714,0.08223684210526316,0.002857142857142857,0.04050797016869423,0.11836634914903711,7.322368421052632,0.0,0.0,0.15,0.07894736842105263,0,0.17801185806607878,0.148578375,4.8211704513426845,0.8542709584100077,0.0,0.9767441860465116,0.0,0.0,0.0,0.0,0.0,0.08,0.1180327868852459,0.05,0.25
94,0.948112587110264,0.4834277690945783,0.9205803143350005,0.4833087762613822,0.26235045025828074,0.47879000822079076,0.6644736842105263,0.3726584430737469,0.376833842216074,0.09210526315789473,0.5771428571428572,0.3686593906031973,0.37536758677089893,0.08571428571428572,0.13157894736842105,0.13142857142857142,0.13142857142857142,6.265714285714286,0.09539473684210527,0.0,0.040536249120077444,0.11836634914903711,7.322368421052632,0.0,0.0,0.15,0.07894736842105263,0,0.17805342910214952,0.147835483125,4.856175613744402,0.8371855392418075,0.0,1.0,0.0,0.0,0.0,0.0,0.0,0.08,0.13157894736842105,0.05,0.25
95,0.9492518737803778,0.48314623282649005,0.9215698661856138,0.4829047274948103,0.26235045025828074,0.47832195685137113,0.680921052631579,0.3726584430737469,0.376833842216074,0.09210526315789473,0.5914285714285714,0.3686593906031973,0.37536758677089893,0.08571428571428572,0.14473684210526316,0.15428571428571428,0.13142857142857142,6.402857142857143,0.10526315789473684,0.0,0.040536249120077444,0.11836634914903711,7.322368421052632,0.0,0.0,0.15,0.07894736842105263,0,0.17823570413140788,0.147096305709375,4.913337815755228,0.8204418284569713,0.0,1.0,0.0,0.0,0.0,0.0,0.0,0.08,0.14473684210526316,0.05,0.25
96,0.950415232528357,0.48275235347777257,0.9224900339574376,0.48232622787883705,0.26235045025828074,0.47779581719828507,0.6600660066006601,0.37320798686320966,0.3767791188432115,0.0924092409240924,0.5714285714285714,0.3686593906031973,0.37536758677089893,0.08571428571428572,0.14521452145214522,0.15714285714285714,0.13428571428571429,6.514285714285714,0.10231023102310231,0.002857142857142857,0.040525149674354576,0.1183663491490371,7.313531353135313,0.0,0.0,0.15,0.07920792079207921,0,0.17800152561075083,0.14636082418082813,4.972213916582982,0.8040329918878318,0.0,1.0,0.0,0.0,0.0,0.0,0.0,0.08,0.14802631578947367,0.05,0.25
97,0.9506277756613473,0.48262998652405,0.9223887838278899,0.4824895731464085,0.26235045025828074,0.4772247006732276,0.6556291390728477,0.37383792496298895,0.37771060454868516,0.09271523178807947,0.5657142857142857,0.3686593906031973,0.37536758677089893,0.08571428571428572,0.12251655629139073,0.12285714285714286,0.13714285714285715,6.597142857142857,0.10596026490066225,0.002857142857142857,0.04065705529445069,0.11836634914903711,7.172185430463577,0.0,0.0,0.15,0.07947019867549669,0,0.17771137512555424,0.14562902005992398,4.995626781108465,0.7879523320500753,0.0,1.0,0.0,0.0,0.0,0.0,0.0,0.08,0.1254125412541254,0.05,0.25
98,0.9503190566378074,0.48269208123234836,0.922122403413293,0.48229345404585894,0.26235045025828074,0.476742644276297,0.6556291390728477,0.37383792496298895,0.37771060454868516,0.09271523178807947,0.5657142857142857,0.3686593906031973,0.37536758677089893,0.08571428571428572,0.11258278145695365,0.11714285714285715,0.13714285714285715,6.708571428571428,0.10927152317880795,0.0,0.04072522092909909,0.11836634914903711,7.172185430463577,0.0,0.0,0.15,0.07947019867549669,0,0.17736538967849788,0.14490087495962437,5.012857102629153,0.7721932854090737,0.0,1.0,0.0,0.0,0.0,0.0,0.0,0.08,0.11258278145695365,0.05,0.25
99,0.9501276494240533,0.48236463180338635,0.9220556198649417,0.48230844753970215,0.26235045025828074,0.47642271808817255,0.6976744186046512,0.3743487289308487,0.3772758224485097,0.09302325581395349,0.6,0.36854510488891157,0.37528187248518463,0.08571428571428572,0.10963455149501661,0.11428571428571428,0.14,6.822857142857143,0.11295681063122924,0.002857142857142857,0.040713411153069166,0.11836634914903711,7.1694352159468435,0.0,0.0,0.15,0.07973421926910298,0,0.17739270558724823,0.14534528731928048,5.026885674862283,0.7857386326528544,0.0,0.975,0.0,0.0,0.0,0.0,0.0,0.08,0.10927152317880795,0.05,0.25
100,0.9514595473533586,0.482645258922551,0.9232633946773061,0.4822047855034847,0.26235045025828074,0.476208995767336,0.6866666666666666,0.37445837398911164,0.37710241825490615,0.09333333333333334,0.5885714285714285,0.3684879620317687,0.37523901534232745,0.08571428571428572,0.11333333333333333,0.10857142857142857,0.14285714285714285,6.9314285714285715,0.11,0.002857142857142857,0.04073905368548491,0.11836634914903713,7.153333333333333,0.0,0.0,0.15,0.08,0,0.1778637135197954,0.149325,5.034919389936466,0.7828406676800875,0.0,0.9736842105263158,0.0,0.0,0.0,0.0,0.0,0.08,0.11295681063122924,0.05,0.25
101,0.9560991302051527,0.4822549408628509,0.9256156626148699,0.4817097024497996,0.26235045025828074,0.4759650799756717,0.6711409395973155,0.3749373299185154,0.37754294706770014,0.09395973154362416,0.5714285714285714,0.3684879620317687,0.37523901534232745,0.08571428571428572,0.12751677852348994,0.13142857142857142,0.14857142857142858,7.034285714285715,0.1040268456375839,0.005714285714285714,0.04082177968049217,0.11836634914903711,7.026845637583893,0.0,0.0,0.15,0.08053691275167785,0,0.17763096638076786,0.148578375,5.065649573566308,0.7671838543264857,0.0,1.0,0.0,0.0,0.0,0.0,0.0,0.08,0.13333333333333333,0.05,0.25
102,0.9555385551980318,0.4820515658142091,0.9251383730373783,0.48135662407747776,0.26235045025828074,0.47556948369734875,0.6644295302013423,0.3749373299185154,0.37754294706770014,0.09395973154362416,0.5657142857142857,0.3684879620317687,0.37523901534232745,0.08571428571428572,0.10067114093959731,0.10857142857142857,0.14857142857142858,7.1257142857142854,0.10738255033557047,0.0,0.04090502775093864,0.11836634914903711,7.026845637583893,0.0,0.0,0.15,0.08053691275167785,0,0.17722852583457832,0.147835483125,5.07290801066641,0.751840177239956,0.0,1.0,0.0,0.0,0.0,0.0,0.0,0.08,0.10067114093959731,0.05,0.25
103,0.954827420543922,0.48145679246367884,0.9246619571874677,0.48074341332817483,0.26235045025828074,0.4751153264799499,0.6632996632996633,0.37590182586435056,0.3783004018726524,0.09427609427609428,0.5628571428571428,0.3684879620317687,0.37523901534232745,0.08571428571428572,0.10437710437710437,0.11428571428571428,0.15142857142857144,7.242857142857143,0.10437710437710437,0.002857142857142857,0.04094907155385772,0.11836634914903711,6.9966329966329965,0.0,0.0,0.15,0.08080808080808081,0,0.17697024106254827,0.147096305709375,5.085735564738797,0.7368033736951569,0.0,1.0,0.0,0.0,0.0,0.0,0.0,0.08,0.10738255033557047,0.05,0.25
104,0.9544313423795787,0.48301176213474917,0.9239546183887153,0.48181977865630693,0.26235045025828074,0.4747181191224604,0.6745762711864407,0.3758182110329193,0.37938388166899345,0.09491525423728814,0.5685714285714286,0.368373676317483,0.37515330105661315,0.08571428571428572,0.1288135593220339,0.13428571428571429,0.15714285714285714,7.365714285714286,0.09830508474576272,0.005714285714285714,0.040998537907999975,0.11836634914903711,6.928813559322034,0.0,0.0,0.15,0.08135593220338982,0,0.17708524700009268,0.14732018258437507,5.118306567729735,0.7551799862534223,0.0,0.9787234042553191,0.0,0.0,0.0,0.0,0.0,0.08,0.13131313131313133,0.05,0.25
105,0.9542766437097124,0.4832212931125961,0.9238242295098281,0.4822493677280404,0.26235045025828074,0.47448145655660784,0.688135593220339,0.37568261781258033,0.3792821867537392,0.09491525423728814,0.58,0.36825939060319735,0.37506758677089885,0.08571428571428572,0.12203389830508475,0.12,0.15714285714285714,7.465714285714285,0.09830508474576272,0.0,0.04104165342369643,0.11836634914903711,6.928813559322034,0.0,0.0,0.15,0.08135593220338982,0,0.17719939290794937,0.149325,5.13594043637514,0.7551799862534223,0.0,0.9761904761904762,0.0,0.0,0.0,0.0,0.0,0.08,0.12203389830508475,0.05,0.25
106,0.9571752920977967,0.48249998816993556,0.9257564254434344,0.4812061823849826,0.26235045025828074,0.47424999558446845,0.6791808873720137,0.3760806861067773,0.3793349176561764,0.09215017064846416,0.5685714285714286,0.3681451048889116,0.3749818724851846,0.08285714285714285,0.14675767918088736,0.13714285714285715,0.16285714285714287,7.58,0.10238907849829351,0.005714285714285714,0.04112915099618173,0.1183663491490371,6.839590443686006,0.0,0.0,0.15,0.08191126279863481,0,0.17731311022912388,0.149325,5.170364484790494,0.7650903006520862,0.0,0.9791666666666666,0.0,0.0,0.0,0.0,0.0,0.08,0.15254237288135594,0.05,0.25
107,0.9592359847383982,0.48217360184280456,0.9257003182828534,0.4813810384870305,0.26235045025828074,0.47414799405348435,0.6563573883161512,0.37683007428400417,0.3799602691705224,0.09278350515463918,0.5457142857142857,0.3681451048889116,0.3749818724851846,0.08285714285714285,0.10309278350515463,0.11142857142857143,0.16857142857142857,7.6971428571428575,0.09621993127147767,0.005714285714285714,0.04122613915803858,0.11836634914903711,6.769759450171821,0.0,0.0,0.15,0.07903780068728522,0,0.17688368753512113,0.148578375,5.178385766523256,0.7497884946390444,0.0,1.0,0.0,0.0,0.0,0.0,0.0,0.08,0.10921501706484642,0.05,0.25
108,0.9607139654301327,0.48093536153798294,0.9269291536579812,0.4799844397981044,0.26235045025828074,0.47409833955909114,0.6735395189003437,0.37683007428400417,0.3799602691705224,0.09278350515463918,0.56,0.3681451048889116,0.3749818724851846,0.08285714285714285,0.08247422680412371,0.08,0.16857142857142857,7.78,0.10309278350515463,0.0,0.04128087786295122,0.11836634914903711,6.769759450171821,0.0,0.0,0.15,0.07903780068728522,0,0.17656955624030266,0.147835483125,5.15481805119279,0.7347927247462634,0.0,1.0,0.0,0.0,0.0,0.0,0.0,0.08,0.08247422680412371,0.05,0.25
109,0.9607546901029727,0.4804613693659487,0.9249801106624266,0.4794890967350695,0.26235045025828074,0.47405255827521786,0.643598615916955,0.37726085624314876,0.37903053069133213,0.09342560553633218,0.5314285714285715,0.3681451048889116,0.3749818724851846,0.08285714285714285,0.10726643598615918,0.11428571428571428,0.1742857142857143,7.897142857142857,0.09688581314878893,0.005714285714285714,0.04134587291018743,0.1183663491490371,6.698961937716263,0.0,0.0,0.15,0.07958477508650519,0,0.17628613703052973,0.147096305709375,5.166007404454649,0.7200968702513383,0.0,1.0,0.0,0.0,0.0,0.0,0.0,0.08,0.1134020618556701,0.05,0.25
110,0.9612289681475552,0.4792619082973398,0.9250471604792444,0.47923663013145756,0.26235045025828074,0.47392572848513076,0.6724738675958188,0.3779456756576544,0.37693500989498996,0.09407665505226481,0.5514285714285714,0.3681451048889116,0.3749818724851846,0.08285714285714285,0.1254355400696864,0.12,0.18,7.997142857142857,0.0975609756097561,0.005714285714285714,0.04142506408088829,0.1183663491490371,6.662020905923345,0.0,0.0,0.15,0.08013937282229965,0,0.17600385063109136,0.14636082418082813,5.182687256365555,0.7056949328463115,0.0,1.0,0.0,0.0,0.0,0.0,0.0,0.08,0.12802768166089964,0.05,0.25
111,0.960070424332708,0.4791143132608287,0.9240971545510698,0.4789721809693588,0.26235045025828074,0.4738399772666872,0.6515679442508711,0.37780630283535477,0.3768304802782652,0.09407665505226481,0.5342857142857143,0.36803081917462593,0.3748961581994703,0.08285714285714285,0.12195121951219512,0.11714285714285715,0.18,8.111428571428572,0.10104529616724739,0.0,0.041434433167511456,0.1183663491490371,6.662020905923345,0.0,0.0,0.15,0.08013937282229965,0,0.1761232606636502,0.1466585816714532,5.196176368381102,0.7863181864362998,0.0,0.975609756097561,0.0,0.0,0.0,0.0,0.0,0.08,0.12195121951219512,0.05,0.25
112,0.9609339748722765,0.4777336467482632,0.9247131080727773,0.4777348943035378,0.26235045025828074,0.47382838102095165,0.6678321678321678,0.3775478948754694,0.3773194680842712,0.0944055944055944,0.5457142857142857,0.36803081917462593,0.3748961581994703,0.08285714285714285,0.0979020979020979,0.08857142857142856,0.18285714285714286,8.194285714285714,0.11538461538461539,0.002857142857142857,0.041507464817683,0.1183663491490371,6.601398601398602,0.0,0.0,0.15,0.08041958041958042,0,0.17581335936033193,0.14592528876309593,5.1808242695849085,0.7705918227075738,0.0,1.0,0.0,0.0,0.0,0.0,0.0,0.08,0.0975609756097561,0.05,0.25
113,0.9620609964954926,0.4774746657012681,0.9257424428949037,0.4777597475753839,0.26235045025828074,0.47378727668097614,0.6701754385964912,0.3776857108289682,0.37761635144588346,0.09473684210526316,0.5457142857142857,0.36791653346034014,0.374810443913756,0.08285714285714285,0.11929824561403508,0.11142857142857143,0.18571428571428572,8.274285714285714,0.10877192982456141,0.002857142857142857,0.041642989147421566,0.11836634914903711,6.526315789473684,0.0,0.0,0.15,0.08070175438596491,0,0.1759338639921017,0.14865337500000003,5.188636355621782,0.7754949265471098,0.0,0.9743589743589743,0.0,0.0,0.0,0.0,0.0,0.08,0.12237762237762238,0.05,0.25
114,0.9630908189605406,0.47860649562456486,0.9266507706318079,0.4787543297408717,0.26235045025828074,0.47376847146158263,0.6690140845070423,0.3785057861370214,0.378791968330743,0.09507042253521127,0.5428571428571428,0.36791653346034014,0.374810443913756,0.08285714285714285,0.10211267605633803,0.1,0.18857142857142858,8.374285714285714,0.11619718309859155,0.002857142857142857,0.04167310356175193,0.11836634914903708,6.492957746478873,0.0,0.0,0.15,0.08098591549295775,0,0.1756249096721412,0.14791010812500002,5.184863628509346,0.7599850280161676,0.0,1.0,0.0,0.0,0.0,0.0,0.0,0.08,0.10526315789473684,0.05,0.25
115,0.9634626589717961,0.47799066693177444,0.9269524922409408,0.477913045040801,0.26235045025828074,0.4738708998949458,0.6443661971830986,0.37829451853138757,0.3786335176265176,0.09507042253521127,0.5228571428571429,0.3677451048889116,0.3746818724851846,0.08285714285714285,0.11971830985915492,0.11142857142857143,0.18857142857142858,8.451428571428572,0.11971830985915492,0.0,0.041688604455654116,0.11836634914903708,6.492957746478873,0.0,0.0,0.15,0.08098591549295775,0,0.1766107857751371,0.15,5.19259492736773,0.8187403024118074,0.0,0.9487179487179487,0.0,0.0,0.0,0.0,0.0,0.08,0.11971830985915492,0.05,0.25
116,0.9651849105391284,0.47822290862869044,0.9283499763698618,0.4781566575251374,0.26235045025828074,0.47407506679316574,0.6584507042253521,0.37829451853138757,0.3786335176265176,0.09507042253521127,0.5342857142857143,0.3677451048889116,0.3746818724851846,0.08285714285714285,0.11971830985915492,0.11428571428571428,0.18857142857142858,8.531428571428572,0.12323943661971831,0.0,0.041688604455654116,0.11836634914903708,6.492957746478873,0.0,0.0,0.15,0.08098591549295775,0,0.17632701827483285,0.14925,5.203028743106089,0.8023654963635712,0.0,1.0,0.0,0.0,0.0,0.0,0.0,0.08,0.11971830985915492,0.05,0.25
117,0.9662930700028248,0.47707551895177513,0.929217483723546,0.4774700784446228,0.26235045025828074,0.4741641996965797,0.6843971631205674,0.3797046167512561,0.3796158079394529,0.09574468085106383,0.5514285714285714,0.3676879620317687,0.3746390153423274,0.08285714285714285,0.13120567375886524,0.12857142857142856,0.19428571428571428,8.617142857142857,0.1099290780141844,0.005714285714285714,0.04174294805998716,0.11836634914903711,6.390070921985815,0.0,0.0,0.15,0.08156028368794327,0,0.1766156703263158,0.14865337500000003,5.227539596815396,0.8080675973926091,0.0,0.9777777777777777,0.0,0.0,0.0,0.0,0.0,0.08,0.13380281690140844,0.05,0.25
118,0.9681331252778412,0.4758227844940343,0.9298085464273438,0.47655248201725464,0.26235045025828074,0.47417664268849435,0.6535714285714286,0.3809539292480282,0.38091205316172877,0.09642857142857143,0.5228571428571429,0.3676879620317687,0.3746390153423274,0.08285714285714285,0.11071428571428571,0.11142857142857143,0.2,8.734285714285715,0.11428571428571428,0.005714285714285714,0.04189070133197795,0.11836634914903713,6.321428571428571,0.0,0.0,0.15,0.08214285714285714,0,0.17621816340325566,0.14791010812500002,5.23441737630766,0.791906245444757,0.0,1.0,0.0,0.0,0.0,0.0,0.0,0.08,0.11347517730496454,0.05,0.25
119,0.9684900437653834,0.47607287536342774,0.9292695208988685,0.4773339138866609,0.26235045025828074,0.47413412403537636,0.6451612903225806,0.3814701932002179,0.3816451490556325,0.0967741935483871,0.5142857142857142,0.3676879620317687,0.3746390153423274,0.08285714285714285,0.14695340501792115,0.13428571428571429,0.20285714285714285,8.834285714285715,0.1111111111111111,0.002857142857142857,0.04194290116761879,0.1183663491490371,6.32258064516129,0.0,0.0,0.15,0.07885304659498207,0,0.17607921544338226,0.14717055758437503,5.26401474306722,0.7760681205358617,0.0,1.0,0.0,0.0,0.0,0.0,0.0,0.08,0.15,0.05,0.25
120,0.9680984996302234,0.4761674983387348,0.9286479499835801,0.4776404715431566,0.26235045025828074,0.47412878861008523,0.6690647482014388,0.3811637492765706,0.38196664571279915,0.09352517985611511,0.5314285714285715,0.367573676317483,0.37455330105661316,0.08,0.11870503597122302,0.10857142857142857,0.2057142857142857,8.93142857142857,0.1079136690647482,0.002857142857142857,0.04194984947177552,0.11836634914903708,6.309352517985611,0.0,0.0,0.15,0.07913669064748201,0,0.17611310508045103,0.14643470479645315,5.267305876777305,0.7605467581251445,0.0,0.9736842105263158,0.0,0.0,0.0,0.0,0.0,0.08,0.12186379928315412,0.05,0.25
121,0.9705446734923007,0.47612926304637376,0.9305235514889266,0.47814953541196165,0.26235045025828074,0.4742080591710798,0.6498194945848376,0.3816074705911486,0.3828455420429483,0.09386281588447654,0.5142857142857142,0.367573676317483,0.37455330105661316,0.08,0.10830324909747292,0.10857142857142857,0.20857142857142857,9.031428571428572,0.10830324909747292,0.002857142857142857,0.0419740516658047,0.11836634914903711,6.2888086642599275,0.0,0.0,0.15,0.07942238267148015,0,0.17580368241219166,0.14570253127247088,5.270531187813187,0.7453358229626416,0.0,1.0,0.0,0.0,0.0,0.0,0.0,0.08,0.11151079136690648,0.05,0.25
122,0.9705282841303237,0.4773058261022401,0.9303783491591074,0.4784583513138193,0.26235045025828074,0.4743039913251352,0.6618181818181819,0.3812461884227749,0.38386866728750724,0.09454545454545454,0.52,0.367573676317483,0.37455330105661316,0.08,0.09454545454545454,0.09142857142857143,0.21428571428571427,9.148571428571428,0.10545454545454545,0.005714285714285714,0.0419786904285707,0.11836634914903711,6.2690909090909095,0.0,0.0,0.15,0.08,0,0.1754383790001307,0.14497401861610854,5.256549135485495,0.7304291065033888,0.0,1.0,0.0,0.0,0.0,0.0,0.0,0.08,0.10108303249097472,0.05,0.25
123,0.971266957908917,0.4773425230581414,0.9307837516719152,0.47787240008769327,0.26235045025828074,0.4743506041765124,0.6764705882352942,0.38198214702502653,0.3845803572187189,0.09558823529411764,0.5257142857142857,0.36740224774605446,0.37442472962804174,0.08,0.09558823529411764,0.09714285714285714,0.22285714285714286,9.234285714285715,0.10294117647058823,0.008571428571428572,0.04225339398562088,0.1183663491490371,6.073529411764706,0.0,0.0,0.15,0.08088235294117647,0,0.17596075853370147,0.1500120172160291,5.248561009918642,0.7753500856701258,0.0,0.9411764705882353,0.0,0.0,0.0,0.0,0.0,0.08,0.10545454545454545,0.05,0.25
124,0.9696933068576936,0.47693097924051736,0.9295108245630104,0.47758866818462814,0.26235045025828074,0.4744513013737689,0.7011070110701108,0.3821020212128495,0.384543185254369,0.0959409594095941,0.5428571428571428,0.36734510488891164,0.37438187248518456,0.08,0.08856088560885608,0.09428571428571429,0.2257142857142857,9.305714285714286,0.1033210332103321,0.002857142857142857,0.042330552053325185,0.11836634914903711,6.059040590405904,0.0,0.0,0.15,0.08118081180811808,0,0.1760518125981758,0.19000556002983562,5.2378755040059835,0.7721932854090737,0.0,0.9696969696969697,0.0,0.0,0.0,0.0,0.0,0.08,0.09191176470588236,0.05,0.25
125,0.9686485991288216,0.47581590203188434,0.9284360749109177,0.4766520797379753,0.26235045025828074,0.4746280524349803,0.6877323420074349,0.38367494010754605,0.3852229210326795,0.09665427509293681,0.5285714285714286,0.36734510488891164,0.37438187248518456,0.08,0.08178438661710037,0.07714285714285714,0.23142857142857143,9.371428571428572,0.09665427509293681,0.005714285714285714,0.04251830259540523,0.11836634914903713,5.888475836431227,0.0,0.0,0.15,0.08178438661710037,0,0.1756569821066135,0.18905553222968643,5.210260851068721,0.7567494197008923,0.0,1.0,0.0,0.0,0.0,0.0,0.0,0.08,0.08856088560885608,0.05,0.25
126,0.96991153457908,0.4763082772967603,0.9294067310141164,0.4771731716461639,0.26235045025828074,0.47481237245896,0.6951672862453532,0.38367494010754605,0.3852229210326795,0.09665427509293681,0.5342857142857143,0.36734510488891164,0.37438187248518456,0.08,0.08178438661710037,0.08,0.23142857142857143,9.448571428571428,0.09665427509293681,0.0,0.042587656501342865,0.11836634914903713,5.888475836431227,0.0,0.0,0.15,0.08178438661710037,0,0.17534898576393756,0.188110254568538,5.186055634047346,0.7416144313068743,0.0,1.0,0.0,0.0,0.0,0.0,0.0,0.08,0.08178438661710037,0.05,0.25
127,0.969754367829462,0.4751382476801485,0.9292859371408385,0.4759625196897732,0.26235045025828074,0.4750563645410105,0.6802973977695167,0.38367494010754605,0.3852229210326795,0.09665427509293681,0.5228571428571429,0.36734510488891164,0.37438187248518456,0.08,0.08550185873605948,0.08,0.23142857142857143,9.505714285714285,0.10037174721189591,0.0,0.042587656501342865,0.11836634914903713,5.888475836431227,0.0,0.0,0.15,0.08178438661710037,0,0.17501438440654646,0.1871697032956953,5.162334521366399,0.7267821426807369,0.0,1.0,0.0,0.0,0.0,0.0,0.0,0.08,0.08550185873605948,0.05,0.25
128,0.9714985286051475,0.4758590746612564,0.9298825935221502,0.4759998150257779,0.26235045025828074,0.47497654713173865,0.6954887218045113,0.3834886557605142,0.3846067622125548,0.09774436090225563,0.5285714285714286,0.36705939060319726,0.3741675867708989,0.08,0.08270676691729323,0.09714285714285714,0.24,9.565714285714286,0.09022556390977443,0.008571428571428572,0.04294675008864145,0.11836634914903713,5.473684210526316,0.0,0.0,0.15,0.08270676691729323,0,0.17602431319879944,0.18623385477921683,5.156230688081928,0.7396842745400636,0.0,0.9117647058823529,0.0,0.0,0.0,0.0,0.0,0.08,0.09293680297397769,0.05,0.25
129,0.9705599866510385,0.4749549375100265,0.9287286377504331,0.47569996419906596,0.26235045025828074,0.4748526544639736,0.6920152091254753,0.38227508385577574,0.38503839381540345,0.09885931558935361,0.52,0.3668308191746259,0.3739961581994703,0.08,0.09125475285171103,0.08857142857142856,0.24857142857142858,9.642857142857142,0.08745247148288973,0.008571428571428572,0.04321485249316688,0.11836634914903713,5.269961977186312,0.0,0.0,0.15,0.07984790874524715,0,0.17654362091851974,0.19276891237265645,5.141677502891718,0.7536419414749017,0.0,0.9354838709677419,0.0,0.0,0.0,0.0,0.0,0.08,0.09774436090225563,0.05,0.25
130,0.9702300823042284,0.47503475564673625,0.9282848800817763,0.4759060821780709,0.26235045025828074,0.4746033350554031,0.7251908396946565,0.3827699288897413,0.38553419083404755,0.09923664122137404,0.5428571428571428,0.3668308191746259,0.3739961581994703,0.08,0.08015267175572519,0.08285714285714285,0.25142857142857145,9.708571428571428,0.08396946564885496,0.002857142857142857,0.04338398847141783,0.11836634914903713,5.206106870229007,0.0,0.0,0.15,0.08015267175572519,0,0.17611790281392714,0.19180506781079315,5.1217010956910265,0.7385691026454037,0.0,1.0,0.0,0.0,0.0,0.0,0.0,0.08,0.08365019011406843,0.05,0.25
131,0.9713620272467356,0.4740712989105171,0.9290851382396611,0.47539201851131613,0.26235045025828074,0.4742523664651631,0.7760617760617761,0.3838613845332322,0.38610598027488274,0.10038610038610038,0.5742857142857143,0.36677367631748303,0.3739533010566132,0.08,0.05019305019305019,0.07142857142857142,0.26,9.78,0.07335907335907337,0.008571428571428572,0.043651447163943806,0.11836634914903713,5.027027027027027,0.0,0.0,0.15,0.08108108108108109,0,0.17615102829985751,0.1908460424717392,5.090695645205777,0.7267821426807369,0.0,0.96,0.0,0.0,0.0,0.0,0.0,0.08,0.05725190839694656,0.05,0.25
132,0.9723924068237597,0.4736978605886102,0.9292906822815336,0.47508676166601066,0.26235045025828074,0.47401922097953225,0.77734375,0.3830317336700484,0.38591917542161647,0.1015625,0.5685714285714286,0.36677367631748303,0.3739533010566132,0.08,0.0625,0.07142857142857142,0.26857142857142857,9.825714285714286,0.0625,0.008571428571428572,0.043850872440236055,0.11836634914903715,4.8984375,0.0,0.0,0.15,0.08203125,0,0.17575570172978677,0.1898918122593805,5.060310303730233,0.7122464998271222,0.0,1.0,0.0,0.0,0.0,0.0,0.0,0.08,0.0694980694980695,0.05,0.25
133,0.9740273194061314,0.4736331817155596,0.9301958599151443,0.4754250363050809,0.26235045025828074,0.4738004928075079,0.7411764705882353,0.3842723288294679,0.3849732750355928,0.10196078431372549,0.54,0.36677367631748303,0.3739533010566132,0.08,0.06274509803921569,0.06571428571428571,0.2714285714285714,9.894285714285715,0.06274509803921569,0.002857142857142857,0.043942986679873605,0.11836634914903713,4.870588235294117,0.0,0.0,0.15,0.0784313725490196,0,0.17533363822113787,0.18894235319808358,5.024818383369914,0.6980015698305797,0.0,1.0,0.0,0.0,0.0,0.0,0.0,0.08,0.06640625,0.05,0.25
134,0.9737670090411232,0.47445358989904796,0.9300062052206384,0.47614301538925136,0.26235045025828074,0.4735012791617008,0.7686274509803922,0.3842723288294679,0.3849732750355928,0.10196078431372549,0.56,0.36677367631748303,0.3739533010566132,0.08,0.06666666666666667,0.054285714285714284,0.2714285714285714,9.942857142857143,0.06274509803921569,0.0,0.043970635247964185,0.11836634914903713,4.870588235294117,0.0,0.0,0.15,0.0784313725490196,0,0.17485668431574644,0.1879976414320932,4.97860772998823,0.6840415384339681,0.0,1.0,0.0,0.0,0.0,0.0,0.0,0.08,0.06666666666666667,0.05,0.25
135,0.9755353008774496,0.47434326158097767,0.9305860557234904,0.47602384174033757,0.26235045025828074,0.4732130677098827,0.7440944881889764,0.38523461339354725,0.38523355744632926,0.10236220472440945,0.54,0.36677367631748303,0.3739533010566132,0.08,0.06299212598425197,0.06285714285714286,0.2742857142857143,10.002857142857144,0.05905511811023622,0.002857142857142857,0.043978467497812104,0.11836634914903713,4.858267716535433,0.0,0.0,0.15,0.07874015748031496,0,0.17449611517988198,0.1870576532249327,4.941892718245608,0.6703607076652887,0.0,1.0,0.0,0.0,0.0,0.0,0.0,0.08,0.06666666666666667,0.05,0.25
136,0.9759718016326635,0.4750879942365102,0.9301444017453546,0.4770928722932437,0.26235045025828074,0.4730198420260073,0.753968253968254,0.3839616929124548,0.3831558714383376,0.0992063492063492,0.5428571428571428,0.36677367631748303,0.3739533010566132,0.08,0.04365079365079365,0.045714285714285714,0.28,10.042857142857143,0.051587301587301584,0.005714285714285714,0.04406602609945399,0.11836634914903713,4.801587301587301,0.0,0.0,0.15,0.07539682539682539,0,0.17393777746112543,0.18612236495880805,4.888769149594982,0.6569534935119828,0.0,1.0,0.0,0.0,0.0,0.0,0.0,0.08,0.04330708661417323,0.05,0.25
137,0.9747115038053696,0.47596275298187857,0.9293092401559735,0.4779215735793823,0.26235045025828074,0.4726883605668344,0.7410358565737052,0.38453062159405454,0.383286762526988,0.099601593625498,0.5314285714285715,0.36677367631748303,0.3739533010566132,0.08,0.05976095617529881,0.06,0.28285714285714286,10.09142857142857,0.04780876494023904,0.002857142857142857,0.04418254756820768,0.11836634914903713,4.733067729083666,0.0,0.0,0.15,0.0796812749003984,0,0.17355294643096267,0.185191753134014,4.850993766603082,0.6438144236417432,0.0,1.0,0.0,0.0,0.0,0.0,0.0,0.08,0.06349206349206349,0.05,0.25
138,0.9752389929704489,0.4762917551010511,0.9296875252429303,0.47839819181842796,0.26235045025828074,0.4724388730600097,0.7131474103585658,0.38453062159405454,0.383286762526988,0.099601593625498,0.5114285714285715,0.36677367631748303,0.3739533010566132,0.08,0.05976095617529881,0.06285714285714286,0.28285714285714286,10.125714285714286,0.05179282868525897,0.0,0.04423400790824575,0.11836634914903713,4.733067729083666,0.0,0.0,0.15,0.0796812749003984,0,0.17311346741309358,0.18426579436834392,4.816831034128163,0.6309381351689083,0.0,1.0,0.0,0.0,0.0,0.0,0.0,0.08,0.05976095617529881,0.05,0.25
139,0.976197687467954,0.4759714953842914,0.9303750461539981,0.4782302978761103,0.26235045025828074,0.4722443365716064,0.7529880478087649,0.38453062159405454,0.383286762526988,0.099601593625498,0.54,0.36677367631748303,0.3739533010566132,0.08,0.04780876494023904,0.04857142857142857,0.28285714285714286,10.162857142857144,0.055776892430278883,0.0,0.04423400790824575,0.11836634914903713,4.733067729083666,0.0,0.0,0.15,0.0796812749003984,0,0.1725336143617424,0.1833444653965022,4.769065842017028,0.6183193724655301,0.0,1.0,0.0,0.0,0.0,0.0,0.0,0.08,0.04780876494023904,0.05,0.25
140,0.9743206279402399,0.4762533083351616,0.9290166152651096,0.47854933453964626,0.26235045025828074,0.47209057538586896,0.8,0.38343631913301335,0.38382552182392954,0.1,0.5714285714285714,0.36677367631748303,0.3739533010566132,0.08,0.04,0.04857142857142857,0.2857142857142857,10.202857142857143,0.052,0.002857142857142857,0.04422714332308503,0.11836634914903713,4.72,0.0,0.0,0.15,0.08,0,0.17212737557564797,0.18242774306951967,4.722255953748117,0.6059529850162195,0.0,1.0,0.0,0.0,0.0,0.0,0.0,0.08,0.043824701195219126,0.05,0.25
141,0.973487621957691,0.4769328512454356,0.9281390715453917,0.4789020324444432,0.26235045025828074,0.47190430616152756,0.7630522088353414,0.38369790061132103,0.3850994399818162,0.10040160642570281,0.5428571428571428,0.36677367631748303,0.3739533010566132,0.08,0.04819277108433735,0.05142857142857143,0.2885714285714286,10.245714285714286,0.05220883534136546,0.002857142857142857,0.044249505565537056,0.11836634914903713,4.714859437751004,0.0,0.0,0.15,0.08032128514056225,0,0.171666167983484,0.18151560435417208,4.6792394061017255,0.5938339253158951,0.0,1.0,0.0,0.0,0.0,0.0,0.0,0.08,0.052,0.05,0.25
142,0.9730533913187626,0.4767935654115773,0.9271718478688732,0.4782605202981925,0.26235045025828074,0.4717820191002357,0.7661290322580645,0.3839646198254821,0.3850272287616326,0.10080645161290322,0.5428571428571428,0.36677367631748303,0.3739533010566132,0.08,0.04838709677419355,0.054285714285714284,0.2914285714285714,10.282857142857143,0.04838709677419355,0.002857142857142857,0.04431647959957985,0.11836634914903715,4.669354838709677,0.0,0.0,0.15,0.08064516129032258,0,0.1711791228578523,0.18060802633240122,4.639940332265405,0.5819572468095773,0.0,1.0,0.0,0.0,0.0,0.0,0.0,0.08,0.05220883534136546,0.05,0.25
143,0.9733322168707322,0.4771124064265257,0.9273694156885547,0.4784674315423083,0.26235045025828074,0.471754692936476,0.7620967741935484,0.3839646198254821,0.3850272287616326,0.10080645161290322,0.54,0.36677367631748303,0.3739533010566132,0.08,0.04032258064516129,0.04,0.2914285714285714,10.305714285714286,0.04838709677419355,0.0,0.04434648097172644,0.11836634914903715,4.669354838709677,0.0,0.0,0.15,0.08064516129032258,0,0.1707223715292773,0.17970498620073924,4.587141525620097,0.5703181018733857,0.0,1.0,0.0,0.0,0.0,0.0,0.0,0.08,0.04032258064516129,0.05,0.25
144,0.9746511987115833,0.4768891699653207,0.9283040085357864,0.47795173972515675,0.26235045025828074,0.4717780617961452,0.8064516129032258,0.38380332950290147,0.3849062610196971,0.10080645161290322,0.5714285714285714,0.3666593906031973,0.3738675867708988,0.08,0.05241935483870968,0.05142857142857143,0.2914285714285714,10.337142857142856,0.04838709677419355,0.0,0.04434648097172644,0.11836634914903715,4.669354838709677,0.0,0.0,0.15,0.08064516129032258,0,0.17066847395734522,0.17880646126973554,4.5468272665362655,0.5939905458909399,0.0,0.9444444444444444,0.0,0.0,0.0,0.0,0.0,0.08,0.05241935483870968,0.05,0.25
145,0.9753516167466015,0.4772766169383708,0.928531221381159,0.4774669598438091,0.26235045025828074,0.4717823353116381,0.8130081300813008,0.3817909836556419,0.3831292706516775,0.0975609756097561,0.5714285714285714,0.3666593906031973,0.3738675867708988,0.08,0.044715447154471545,0.04857142857142857,0.29714285714285715,10.362857142857143,0.04065040650406504,0.005714285714285714,0.044511393898402626,0.11836634914903714,4.560975609756097,0.0,0.0,0.15,0.07723577235772358,0,0.17021470373041564,0.17791242896338688,4.504462149776969,0.582110734973121,0.0,1.0,0.0,0.0,0.0,0.0,0.0,0.08,0.04838709677419355,0.05,0.25
146,0.9758928806241876,0.477673194037197,0.9289116525636908,0.47721761943209,0.26235045025828074,0.47168186724456423,0.7845528455284553,0.3817909836556419,0.3831292706516775,0.0975609756097561,0.5514285714285714,0.3666593906031973,0.3738675867708988,0.08,0.04065040650406504,0.04857142857142857,0.29714285714285715,10.402857142857142,0.04065040650406504,0.0,0.04452593028937816,0.11836634914903714,4.560975609756097,0.0,0.0,0.15,0.08130081300813008,0,0.1696779159260493,0.17702286681856993,4.462944335352859,0.5704685202736587,0.0,1.0,0.0,0.0,0.0,0.0,0.0,0.08,0.04065040650406504,0.05,0.25
147,0.9782612493414063,0.478261511266972,0.9283881584674545,0.4778850516396132,0.26235045025828074,0.47179870324852063,0.7918367346938775,0.3821773357245386,0.38249276436834634,0.09795918367346938,0.5542857142857143,0.3666593906031973,0.3738675867708988,0.08,0.0326530612244898,0.05142857142857143,0.3,10.425714285714285,0.036734693877551024,0.002857142857142857,0.04467726290431058,0.11836634914903714,4.473469387755102,0.0,0.0,0.15,0.08163265306122448,0,0.16922867205713332,0.17613775248447708,4.425114020074373,0.5590591498681855,0.0,1.0,0.0,0.0,0.0,0.0,0.0,0.08,0.036585365853658534,0.05,0.25
148,0.9799247291419773,0.4788329487663693,0.9295525943278541,0.47881031899817944,0.26235045025828074,0.47199722213497025,0.7755102040816326,0.3821773357245386,0.38249276436834634,0.09795918367346938,0.5428571428571428,0.3666593906031973,0.3738675867708988,0.08,0.036734693877551024,0.04,0.3,10.445714285714285,0.036734693877551024,0.0,0.04467726290431058,0.11836634914903714,4.473469387755102,0.0,0.0,0.15,0.08163265306122448,0,0.1686966715539905,0.17525706372205468,4.376611739672885,0.5478779668708218,0.0,1.0,0.0,0.0,0.0,0.0,0.0,0.08,0.036734693877551024,0.05,0.25
149,0.9809901496507863,0.47887943902963515,0.9302983886840205,0.4791052662525005,0.26235045025828074,0.47216289604887396,0.7714285714285715,0.3819324377653549,0.38230909089895865,0.09795918367346938,0.54,0.36648796203176875,0.37373901534232745,0.08,0.044897959183673466,0.045714285714285714,0.3,10.477142857142857,0.036734693877551024,0.0,0.04467726290431058,0.11836634914903714,4.473469387755102,0.0,0.0,0.15,0.08163265306122448,0,0.16902433105336342,0.17438077840344443,4.334793790593713,0.6703607076652887,0.0,0.875,0.0,0.0,0.0,0.0,0.0,0.08,0.044897959183673466,0.05,0.25
150,0.9816465525467301,0.4788711791618418,0.9307578707111809,0.4788957246566268,0.26235045025828074,0.4723409829604218,0.7673469387755102,0.3819324377653549,0.38230909089895865,0.09795918367346938,0.5371428571428571,0.36648796203176875,0.37373901534232745,0.08,0.036734693877551024,0.037142857142857144,0.3,10.494285714285715,0.036734693877551024,0.0,0.04467726290431058,0.11836634914903714,4.473469387755102,0.0,0.0,0.15,0.08163265306122448,0,0.16852178082666805,0.1735088745114272,4.285240771924695,0.6569534935119828,0.0,1.0,0.0,0.0,0.0,0.0,0.0,0.08,0.036734693877551024,0.05,0.25
151,0.9817489308725716,0.4787038885692363,0.9308295355392703,0.47903866687108626,0.26235045025828074,0.4724920292808298,0.7877551020408163,0.3819324377653549,0.38230909089895865,0.09795918367346938,0.5514285714285714,0.36648796203176875,0.37373901534232745,0.08,0.04081632653061224,0.04,0.3,10.528571428571428,0.036734693877551024,0.0,0.04467726290431058,0.11836634914903714,4.473469387755102,0.0,0.0,0.15,0.08163265306122448,0,0.168078601208249,0.17264133013887006,4.239535956486202,0.6438144236417432,0.0,1.0,0.0,0.0,0.0,0.0,0.0,0.08,0.04081632653061224,0.05,0.25
152,0.9820142147819123,0.4781710034948961,0.9310152342758087,0.47963522904513495,0.26235045025828074,0.4726720176316951,0.8081632653061225,0.3817691724592325,0.3821866419193668,0.09795918367346938,0.5657142857142857,0.366373676317483,0.37365330105661315,0.08,0.036734693877551024,0.045714285714285714,0.3,10.548571428571428,0.036734693877551024,0.0,0.04467726290431058,0.11836634914903714,4.473469387755102,0.0,0.0,0.15,0.08163265306122448,0,0.16800949391649345,0.17241936928464785,4.200459523070763,0.661216156164007,0.0,0.9375,0.0,0.0,0.0,0.0,0.0,0.08,0.036734693877551024,0.05,0.25
153,0.979935267642521,0.47684038205660373,0.9295599712782346,0.47900137107049123,0.26235045025828074,0.47278924876915573,0.7918367346938775,0.3817691724592325,0.3821866419193668,0.09795918367346938,0.5542857142857143,0.366373676317483,0.37365330105661315,0.08,0.0326530612244898,0.037142857142857144,0.3,10.577142857142857,0.036734693877551024,0.0,0.04467726290431058,0.11836634914903714,4.473469387755102,0.0,0.0,0.15,0.08163265306122448,0,0.16742658930405382,0.1715572724382246,4.153593189752205,0.6479918330407268,0.0,1.0,0.0,0.0,0.0,0.0,0.0,0.08,0.0326530612244898,0.05,0.25
154,0.9800240406209835,0.47697010245019555,0.9296221123631585,0.47935877965910045,0.26235045025828074,0.4727274668232407,0.7714285714285715,0.3817691724592325,0.3821866419193668,0.09795918367346938,0.54,0.366373676317483,0.37365330105661315,0.08,0.0326530612244898,0.03428571428571429,0.3,10.6,0.036734693877551024,0.0,0.04467726290431058,0.11836634914903714,4.473469387755102,0.0,0.0,0.15,0.08163265306122448,0,0.16696017135753355,0.1706994860760335,4.104807040242875,0.6350319963799123,0.0,1.0,0.0,0.0,0.0,0.0,0.0,0.08,0.0326530612244898,0.05,0.25
155,0.980070270828478,0.47582670124067544,0.9296544735084045,0.4786407235359218,0.26235045025828074,0.47257605488228505,0.7755102040816326,0.3817691724592325,0.3821866419193668,0.09795918367346938,0.5428571428571428,0.366373676317483,0.37365330105661315,0.08,0.0326530612244898,0.04,0.3,10.617142857142857,0.036734693877551024,0.0,0.04467726290431058,0.11836634914903714,4.473469387755102,0.0,0.0,0.15,0.08163265306122448,0,0.1664963705007459,0.1698459886456533,4.062710899438018,0.6223313564523141,0.0,1.0,0.0,0.0,0.0,0.0,0.0,0.08,0.0326530612244898,0.05,0.25
156,0.97872081309101,0.4753801789930012,0.9287098530921769,0.47846296713886594,0.26235045025828074,0.4723974633477721,0.8040816326530612,0.3817691724592325,0.3821866419193668,0.09795918367346938,0.5628571428571428,0.366373676317483,0.37365330105661315,0.08,0.02857142857142857,0.04,0.3,10.645714285714286,0.036734693877551024,0.0,0.04467726290431058,0.11836634914903714,4.473469387755102,0.0,0.0,0.15,0.08163265306122448,0,0.166035031505385,0.16899675870242506,4.021456681449258,0.6098847293232678,0.0,1.0,0.0,0.0,0.0,0.0,0.0,0.08,0.02857142857142857,0.05,0.25
157,0.9777131275401852,0.4750266406936626,0.9280044732065997,0.4783179573848231,0.26235045025828074,0.4721757924858655,0.7551020408163265,0.3817691724592325,0.3821866419193668,0.09795918367346938,0.5285714285714286,0.366373676317483,0.37365330105661315,0.08,0.0326530612244898,0.04,0.3,10.677142857142858,0.036734693877551024,0.0,0.04467726290431058,0.11836634914903714,4.473469387755102,0.0,0.0,0.15,0.08163265306122448,0,0.1655475706335724,0.16815177490891295,3.981027547820273,0.5976870347368024,0.0,1.0,0.0,0.0,0.0,0.0,0.0,0.08,0.0326530612244898,0.05,0.25
158,0.9777934564802726,0.47545445289261334,0.9280607034646609,0.47889347883135885,0.26235045025828074,0.47193584425818597,0.8163265306122449,0.3816875398061713,0.3821254174295709,0.09795918367346938,0.5714285714285714,0.36631653346034015,0.37361044391375603,0.08,0.0326530612244898,0.037142857142857144,0.3,10.708571428571428,0.036734693877551024,0.0,0.04467726290431058,0.11836634914903714,4.473469387755102,0.0,0.0,0.15,0.08163265306122448,0,0.16543411849469025,0.16731101603436835,3.9385498540067236,0.6462750289634142,0.0,0.9230769230769231,0.0,0.0,0.0,0.0,0.0,0.08,0.0326530612244898,0.05,0.25
159,0.9794118758451765,0.47512726040547637,0.9290596778985377,0.47847586435647665,0.26235045025828074,0.47174400869773225,0.7663934426229508,0.3819302785881162,0.38314928829159467,0.09836065573770492,0.5342857142857143,0.36631653346034015,0.37361044391375603,0.08,0.02459016393442623,0.037142857142857144,0.3028571428571429,10.74,0.03278688524590164,0.002857142857142857,0.044729578764977226,0.11836634914903714,4.434426229508197,0.0,0.0,0.15,0.08196721311475409,0,0.16492109075935962,0.16647446095419652,3.8969217140694465,0.6333495283841459,0.0,1.0,0.0,0.0,0.0,0.0,0.0,0.08,0.02857142857142857,0.05,0.25
160,0.9805635807401194,0.474297571454769,0.9298625807395837,0.4781169194448861,0.26235045025828074,0.4716132142438772,0.7909836065573771,0.3819302785881162,0.38314928829159467,0.09836065573770492,0.5514285714285714,0.36631653346034015,0.37361044391375603,0.08,0.03278688524590164,0.04,0.3028571428571429,10.757142857142858,0.03278688524590164,0.0,0.04474700252402107,0.11836634914903714,4.434426229508197,0.0,0.0,0.15,0.08196721311475409,0,0.16452405958770572,0.16564208864942553,3.8589832797880574,0.620682537816463,0.0,1.0,0.0,0.0,0.0,0.0,0.0,0.08,0.03278688524590164,0.05,0.25
161,0.9801980729046872,0.4731615462634351,0.9296077695628823,0.47698518106330245,0.26235045025828074,0.4714481996889665,0.8319672131147541,0.3819302785881162,0.38314928829159467,0.09836065573770492,0.58,0.36631653346034015,0.37361044391375603,0.08,0.03278688524590164,0.03142857142857143,0.3028571428571429,10.782857142857143,0.03278688524590164,0.0,0.04474700252402107,0.11836634914903714,4.434426229508197,0.0,0.0,0.15,0.08196721311475409,0,0.16393001071833863,0.1648138782061784,3.8132321856208677,0.6082688870601337,0.0,1.0,0.0,0.0,0.0,0.0,0.0,0.08,0.03278688524590164,0.05,0.25
162,0.9799556533822547,0.4720172374711782,0.9293739939322603,0.4760507701472602,0.26235045025828074,0.47114221612702706,0.7818930041152263,0.3826440290694055,0.3846062509293645,0.09876543209876543,0.5428571428571428,0.36631653346034015,0.37361044391375603,0.08,0.024691358024691357,0.037142857142857144,0.3057142857142857,10.811428571428571,0.02880658436213992,0.002857142857142857,0.044750490677724415,0.11836634914903715,4.411522633744856,0.0,0.0,0.15,0.0823045267489712,0,0.16345293209331832,0.16398980881514752,3.7741103990513074,0.596103509318931,0.0,1.0,0.0,0.0,0.0,0.0,0.0,0.08,0.028688524590163935,0.05,0.25
163,0.9784828528063994,0.4717290261367695,0.9283514495324523,0.4762538213460919,0.26235045025828074,0.4707693025898611,0.7818930041152263,0.38247942001590757,0.384482794139241,0.09876543209876543,0.5428571428571428,0.3662022477460545,0.3735247296280417,0.08,0.02880658436213992,0.03142857142857143,0.3057142857142857,10.82857142857143,0.02880658436213992,0.0,0.044784983585972445,0.11836634914903715,4.411522633744856,0.0,0.0,0.15,0.07818930041152264,0,0.1633495252899946,0.17154856029754748,3.7300567624988528,0.6308601701444518,0.0,0.9090909090909091,0.0,0.0,0.0,0.0,0.0,0.08,0.02880658436213992,0.05,0.25
164,0.9793191070291064,0.47130085175461256,0.928461892590993,0.4760687488732453,0.26235045025828074,0.4705791641260435,0.768595041322314,0.3822784542932387,0.38389678333448346,0.09917355371900827,0.5314285714285715,0.36585939060319733,0.3732675867708989,0.08,0.0371900826446281,0.045714285714285714,0.30857142857142855,10.857142857142858,0.024793388429752067,0.002857142857142857,0.0449361132899531,0.11836634914903715,4.2809917355371905,0.0,0.0,0.15,0.07851239669421488,0,0.16461806337783036,0.19199200285703083,3.7011699129631612,0.7497082830912111,0.0,0.75,0.0,0.0,0.0,0.0,0.0,0.08,0.037037037037037035,0.05,0.25
165,0.9795630161908994,0.47084837784666783,0.9286305383542897,0.47568519848045393,0.26235045025828074,0.4704058530488261,0.768595041322314,0.3821131650370404,0.3837728163923347,0.09917355371900827,0.5314285714285715,0.3657451048889116,0.3731818724851846,0.08,0.028925619834710745,0.03142857142857143,0.30857142857142855,10.882857142857143,0.024793388429752067,0.0,0.044987407211841635,0.11836634914903715,4.2809917355371905,0.0,0.0,0.15,0.07851239669421488,0,0.16445211591808404,0.2115264693617987,3.65857508613247,0.7347141174293869,0.0,0.9090909090909091,0.0,0.0,0.0,0.0,0.0,0.08,0.028925619834710745,0.05,0.25
166,0.9793051056347571,0.47032212321661293,0.9284522116269,0.47527612439209416,0.26235045025828074,0.4702113268864028,0.7603305785123967,0.3821131650370404,0.3837728163923347,0.09917355371900827,0.5257142857142857,0.3657451048889116,0.3731818724851846,0.08,0.024793388429752067,0.02857142857142857,0.30857142857142855,10.902857142857142,0.024793388429752067,0.0,0.044987407211841635,0.11836634914903715,4.2809917355371905,0.0,0.0,0.15,0.07851239669421488,0,0.16391514176706506,0.2104688370149897,3.613975012981248,0.7200198350807991,0.0,1.0,0.0,0.0,0.0,0.0,0.0,0.08,0.024793388429752067,0.05,0.25
167,0.9802155081512937,0.4705116530751263,0.929081689938334,0.4753445010732295,0.26235045025828074,0.469959082978462,0.8140495867768595,0.381947875780842,0.38364884945018596,0.09917355371900827,0.5628571428571428,0.36563081917462587,0.3730961581994703,0.08,0.024793388429752067,0.037142857142857144,0.30857142857142855,10.92,0.024793388429752067,0.0,0.044987407211841635,0.11836634914903715,4.2809917355371905,0.0,0.0,0.15,0.07851239669421488,0,0.163894995343944,0.21853644973020922,3.57883836986448,0.8033535416836768,0.0,0.9230769230769231,0.0,0.0,0.0,0.0,0.0,0.08,0.024793388429752067,0.05,0.25
168,0.9808826621152862,0.47050458381449606,0.92954297925058,0.47558543898585964,0.26235045025828074,0.4697824715770336,0.8099173553719008,0.381947875780842,0.38364884945018596,0.09917355371900827,0.56,0.36563081917462587,0.3730961581994703,0.08,0.024793388429752067,0.03142857142857143,0.30857142857142855,10.93142857142857,0.024793388429752067,0.0,0.044987407211841635,0.11836634914903715,4.2809917355371905,0.0,0.0,0.15,0.07851239669421488,0,0.16333266322436713,0.21744376748155816,3.538690173895762,0.7872864708500033,0.0,1.0,0.0,0.0,0.0,0.0,0.0,0.08,0.024793388429752067,0.05,0.25
169,0.9795891697749155,0.47163672163812914,0.928661650283018,0.4764263171456916,0.26235045025828074,0.46966021226060006,0.8132780082987552,0.3829623610968624,0.38433063809609674,0.0995850622406639,0.56,0.36563081917462587,0.3730961581994703,0.08,0.024896265560165973,0.037142857142857144,0.31142857142857144,10.942857142857143,0.02074688796680498,0.002857142857142857,0.045072755793868345,0.11836634914903714,4.240663900414938,0.0,0.0,0.15,0.07883817427385892,0,0.16291443560469174,0.21635654864415038,3.5050592275607038,0.7715407414330032,0.0,1.0,0.0,0.0,0.0,0.0,0.0,0.08,0.028925619834710745,0.05,0.25
170,0.9817595255322471,0.4711260762155733,0.930156095247352,0.4761725165667759,0.26235045025828074,0.46942724397532265,0.8132780082987552,0.3829623610968624,0.38433063809609674,0.0995850622406639,0.56,0.36563081917462587,0.3730961581994703,0.08,0.02074688796680498,0.03142857142857143,0.31142857142857144,10.962857142857143,0.02074688796680498,0.0,0.045072755793868345,0.11836634914903714,4.240663900414938,0.0,0.0,0.15,0.07883817427385892,0,0.16244243485523968,0.21527476590092962,3.466386614438061,0.7561099266043431,0.0,1.0,0.0,0.0,0.0,0.0,0.0,0.08,0.02074688796680498,0.05,0.25
171,0.982263363531209,0.4723094297767626,0.9305536998022623,0.47715070925472997,0.26235045025828074,0.46929054051409486,0.8541666666666666,0.3836711294546557,0.38458589960364986,0.1,0.5857142857142857,0.36551653346034013,0.37301044391375604,0.08,0.020833333333333332,0.03428571428571429,0.3142857142857143,10.98,0.016666666666666666,0.002857142857142857,0.04518412755910347,0.11836634914903715,4.108333333333333,0.0,0.0,0.15,0.07916666666666666,0,0.1623729369666778,0.2216995339609491,3.431344596435014,0.7755735211213192,0.0,0.9166666666666666,0.0,0.0,0.0,0.0,0.0,0.08,0.024896265560165973,0.05,0.25
172,0.9801294605521833,0.47166407348201145,0.9290904520452162,0.476255444835351,0.26235045025828074,0.46915170958472024,0.8125,0.3836711294546557,0.38458589960364986,0.1,0.5571428571428572,0.36551653346034013,0.37301044391375604,0.08,0.025,0.02857142857142857,0.3142857142857143,10.997142857142856,0.016666666666666666,0.0,0.04526879520079592,0.11836634914903715,4.108333333333333,0.0,0.0,0.15,0.07916666666666666,0,0.1618180722818444,0.22059103629114435,3.3912891330777426,0.7600620506988928,0.0,1.0,0.0,0.0,0.0,0.0,0.0,0.08,0.025,0.05,0.25
173,0.9810802197007062,0.47171222292967646,0.9297424011756319,0.47646082538427564,0.26235045025828074,0.46904915532488195,0.8125,0.3836711294546557,0.38458589960364986,0.1,0.5571428571428572,0.36551653346034013,0.37301044391375604,0.08,0.029166666666666667,0.03428571428571429,0.3142857142857143,11.005714285714285,0.016666666666666666,0.0,0.04526879520079592,0.11836634914903715,4.108333333333333,0.0,0.0,0.15,0.07916666666666666,0,0.16132298192043518,0.21948808110968862,3.357749064701902,0.7448608096849149,0.0,1.0,0.0,0.0,0.0,0.0,0.0,0.08,0.029166666666666667,0.05,0.25
174,0.9808807550788664,0.4713247407158799,0.9296056254349417,0.47578746701911945,0.26235045025828074,0.4688434203800727,0.7958333333333333,0.3836711294546557,0.38458589960364986,0.1,0.5457142857142857,0.36551653346034013,0.37301044391375604,0.08,0.020833333333333332,0.02857142857142857,0.3142857142857143,11.017142857142858,0.016666666666666666,0.0,0.04526879520079592,0.11836634914903715,4.108333333333333,0.0,0.0,0.15,0.07916666666666666,0,0.16080193843940443,0.2183906407041402,3.319165511979292,0.7299635934912166,0.0,1.0,0.0,0.0,0.0,0.0,0.0,0.08,0.020833333333333332,0.05,0.25
175,0.9828031806018861,0.4707901849833825,0.9309238600792982,0.47561940727830493,0.26235045025828074,0.4685184364881328,0.7916666666666666,0.38342112945465573,0.3843983996036498,0.1,0.5428571428571428,0.3653451048889116,0.3728818724851846,0.08,0.0375,0.037142857142857144,0.3142857142857143,11.04,0.016666666666666666,0.0,0.04526879520079592,0.11836634914903715,4.108333333333333,0.0,0.0,0.15,0.07916666666666666,0,0.16111207160435026,0.21729868750061945,3.2899250588825635,0.8102563943872755,0.0,0.8461538461538461,0.0,0.0,0.0,0.0,0.0,0.08,0.0375,0.05,0.25
176,0.9835421809443304,0.4709278404628167,0.93143060317126,0.475672997156044,0.26235045025828074,0.4684159262573416,0.8208333333333333,0.38342112945465573,0.3843983996036498,0.1,0.5628571428571428,0.3653451048889116,0.3728818724851846,0.08,0.025,0.03142857142857143,0.3142857142857143,11.054285714285715,0.020833333333333332,0.0,0.04526879520079592,0.11836634914903715,4.108333333333333,0.0,0.0,0.15,0.07916666666666666,0,0.16059208267489997,0.21621219406311637,3.255555129133484,0.79405126649953,0.0,1.0,0.0,0.0,0.0,0.0,0.0,0.08,0.025,0.05,0.25
177,0.9837923366919834,0.47177866495961257,0.9308531800591946,0.47583862304950164,0.26235045025828074,0.4681937646985572,0.8451882845188284,0.3843304114365021,0.3851106358872619,0.100418410041841,0.5771428571428572,0.3652879620317688,0.37283901534232744,0.08,0.02092050209205021,0.037142857142857144,0.3171428571428571,11.06,0.012552301255230125,0.002857142857142857,0.045308795879300826,0.11836634914903713,4.083682008368201,0.0,0.0,0.15,0.0794979079497908,0,0.16053155154723972,0.21513113309280077,3.227586883693671,0.8672277565249655,0.0,0.9230769230769231,0.0,0.0,0.0,0.0,0.0,0.08,0.025,0.05,0.25
178,0.9832189210779885,0.4717338474536029,0.9304616191113522,0.4752097046787057,0.26235045025828074,0.46781501362070566,0.8158995815899581,0.3843304114365021,0.3851106358872619,0.100418410041841,0.5571428571428572,0.3652879620317688,0.37283901534232744,0.08,0.016736401673640166,0.02857142857142857,0.3171428571428571,11.071428571428571,0.016736401673640166,0.0,0.045308795879300826,0.11836634914903713,4.083682008368201,0.0,0.0,0.15,0.0794979079497908,0,0.16001446521807497,0.21405547742733677,3.1916065745912263,0.8498832013944662,0.0,1.0,0.0,0.0,0.0,0.0,0.0,0.08,0.016736401673640166,0.05,0.25
179,0.9836108908521491,0.4710962677989337,0.930729278471422,0.47511723776350845,0.26235045025828074,0.46769359483609724,0.8200836820083682,0.3843304114365021,0.3851106358872619,0.100418410041841,0.56,0.3652879620317688,0.37283901534232744,0.08,0.016736401673640166,0.03142857142857143,0.3171428571428571,11.085714285714285,0.016736401673640166,0.0,0.045308795879300826,0.11836634914903713,4.083682008368201,0.0,0.0,0.15,0.0794979079497908,0,0.15947153574912745,0.21298520004020008,3.1592030145279737,0.8328855373665769,0.0,1.0,0.0,0.0,0.0,0.0,0.0,0.08,0.016736401673640166,0.05,0.25
180,0.9827068878768249,0.4709820109183156,0.9301119735825577,0.47525123799069435,0.26235045025828074,0.46749735915910284,0.803347280334728,0.3841630474197657,0.3849851128747096,0.100418410041841,0.5485714285714286,0.36517367631748304,0.37275330105661314,0.08,0.012552301255230125,0.022857142857142857,0.3171428571428571,11.088571428571429,0.016736401673640166,0.0,0.045308795879300826,0.11836634914903713,4.083682008368201,0.0,0.0,0.15,0.0794979079497908,0,0.15930274949895323,0.2119202740399991,3.118876097094557,0.8762802946721608,0.0,0.875,0.0,0.0,0.0,0.0,0.0,0.08,0.012552301255230125,0.05,0.25
181,0.981684334906355,0.4714473123653609,0.9294137159827225,0.4750797672433834,0.26235045025828074,0.4671318814717963,0.8242677824267782,0.3841630474197657,0.3849851128747096,0.100418410041841,0.5628571428571428,0.36517367631748304,0.37275330105661314,0.08,0.02092050209205021,0.025714285714285714,0.3171428571428571,11.102857142857143,0.016736401673640166,0.0,0.045308795879300826,0.11836634914903713,4.083682008368201,0.0,0.0,0.15,0.0794979079497908,0,0.15876309289431562,0.2108606726697991,3.082212860866951,0.8587546887787176,0.0,1.0,0.0,0.0,0.0,0.0,0.0,0.08,0.02092050209205021,0.05,0.25
182,0.9842016262935811,0.47190819605262907,0.9309545200002346,0.4748155689084943,0.26235045025828074,0.4666416911203043,0.8059071729957806,0.38507712239181036,0.3856943797799697,0.10126582278481013,0.5457142857142857,0.36517367631748304,0.37275330105661314,0.08,0.012658227848101266,0.02857142857142857,0.32285714285714284,11.102857142857143,0.008438818565400843,0.005714285714285714,0.04546091244443265,0.11836634914903715,3.940928270042194,0.0,0.0,0.15,0.08016877637130802,0,0.15825470600127262,0.2098063693064501,3.0491400322210405,0.8415795950031432,0.0,1.0,0.0,0.0,0.0,0.0,0.0,0.08,0.016736401673640166,0.05,0.25
183,0.9824426474583582,0.4710707822797631,0.929763440046098,0.47431822807214036,0.26235045025828074,0.4662751684567249,0.8523206751054853,0.38507712239181036,0.3856943797799697,0.10126582278481013,0.5771428571428572,0.36517367631748304,0.37275330105661314,0.08,0.008438818565400843,0.011428571428571429,0.32285714285714284,11.108571428571429,0.008438818565400843,0.0,0.045551182355063,0.11836634914903715,3.940928270042194,0.0,0.0,0.15,0.08016877637130802,0,0.15760614675698054,0.20875733745991787,2.9995858030051914,0.8247480031030803,0.0,1.0,0.0,0.0,0.0,0.0,0.0,0.08,0.008438818565400843,0.05,0.25
184,0.9813361765385904,0.47063161118577557,0.929014201166141,0.4740446171211799,0.26235045025828074,0.465728606645138,0.8312236286919831,0.38507712239181036,0.3856943797799697,0.10126582278481013,0.5628571428571428,0.36517367631748304,0.37275330105661314,0.08,0.016877637130801686,0.014285714285714285,0.32285714285714284,11.114285714285714,0.008438818565400843,0.0,0.045551182355063,0.11836634914903715,3.940928270042194,0.0,0.0,0.15,0.08016877637130802,0,0.15696083030890992,0.20771355077261827,2.953879801230802,0.8082530430410187,0.0,1.0,0.0,0.0,0.0,0.0,0.0,0.08,0.016877637130801686,0.05,0.25
185,0.9794678069134488,0.47003769211013596,0.9277490480199736,0.4738268629239641,0.26235045025828074,0.46526441724535483,0.8565400843881856,0.3849927342061563,0.38563108864072915,0.10126582278481013,0.58,0.3651165334603402,0.3727104439137561,0.08,0.016877637130801686,0.017142857142857144,0.32285714285714284,11.12,0.008438818565400843,0.0,0.045551182355063,0.11836634914903715,3.940928270042194,0.0,0.0,0.15,0.08016877637130802,0,0.1567758833002225,0.2066749830187552,2.9119450623490426,0.8170728068875467,0.0,0.8333333333333334,0.0,0.0,0.0,0.0,0.0,0.08,0.016877637130801686,0.05,0.25
186,0.9789358897238537,0.4696225886577443,0.9273888640944477,0.47362011218091793,0.26235045025828074,0.46470315733843787,0.8354430379746836,0.3847395696491943,0.3854412152230076,0.10126582278481013,0.5657142857142857,0.3649451048889116,0.3725818724851846,0.08,0.02109704641350211,0.02,0.32285714285714284,11.122857142857143,0.008438818565400843,0.0,0.045551182355063,0.11836634914903715,3.940928270042194,0.0,0.0,0.15,0.08016877637130802,0,0.1569920038837214,0.20564160810366142,2.873706161102062,0.8040329918878318,0.0,0.7142857142857143,0.0,0.0,0.0,0.0,0.0,0.08,0.02109704641350211,0.05,0.25
187,0.9771200178346182,0.4699560464543865,0.9258327709347408,0.47382652301274725,0.26235045025828074,0.4641727545518974,0.809322033898305,0.38453074169553864,0.38496835536989793,0.1016949152542373,0.5457142857142857,0.3648308191746259,0.3724961581994703,0.08,0.00847457627118644,0.014285714285714285,0.32571428571428573,11.131428571428572,0.00423728813559322,0.002857142857142857,0.04553032898742348,0.11836634914903714,3.940677966101695,0.0,0.0,0.15,0.08050847457627118,0,0.15674990100715994,0.20461340006314313,2.8305177521657345,0.8221780795234651,0.0,0.8,0.0,0.0,0.0,0.0,0.0,0.08,0.012658227848101266,0.05,0.25
188,0.9767986904780854,0.46965236558649937,0.9256161044886214,0.47374656661100434,0.26235045025828074,0.4636154984097241,0.8389830508474576,0.38444599593282675,0.38490479604786404,0.1016949152542373,0.5657142857142857,0.36477367631748303,0.3724533010566131,0.08,0.0211864406779661,0.02,0.32571428571428573,11.137142857142857,0.00423728813559322,0.0,0.04554633941941602,0.11836634914903714,3.940677966101695,0.0,0.0,0.15,0.08050847457627118,0,0.15653743721640984,0.21469416964553162,2.79390739712242,0.8598059203236089,0.0,0.8571428571428571,0.0,0.0,0.0,0.0,0.0,0.08,0.0211864406779661,0.05,0.25
189,0.978691263196862,0.4701894562372125,0.9268922392361394,0.47385291648785516,0.26235045025828074,0.4632036776936924,0.8305084745762712,0.384276504407403,0.3847776774037962,0.1016949152542373,0.56,0.36465939060319735,0.3723675867708989,0.08,0.01694915254237288,0.014285714285714285,0.32571428571428573,11.142857142857142,0.00423728813559322,0.0,0.04554633941941602,0.11836634914903714,3.940677966101695,0.0,0.0,0.15,0.08050847457627118,0,0.1562690357446135,0.21362069879730397,2.752314963465686,0.9242505440000003,0.0,0.8,0.0,0.0,0.0,0.0,0.0,0.08,0.01694915254237288,0.05,0.25
190,0.9795612154240416,0.4698295326793112,0.9274788355950376,0.474088370044695,0.26235045025828074,0.462974813232684,0.8389830508474576,0.38419175864469113,0.3847141180817623,0.1016949152542373,0.5657142857142857,0.3646022477460545,0.3723247296280417,0.08,0.00847457627118644,0.005714285714285714,0.32571428571428573,11.148571428571428,0.00423728813559322,0.0,0.04554633941941602,0.11836634914903714,3.940677966101695,0.0,0.0,0.15,0.08050847457627118,0,0.1559448334230333,0.21255259530331744,2.7029829499106577,0.9233286377960408,0.0,0.5,0.0,0.0,0.0,0.0,0.0,0.08,0.00847457627118644,0.05,0.25
191,0.9804153471559013,0.469735037091025,0.9280547644199488,0.47383126181834395,0.26235045025828074,0.46246907837474616,0.8177966101694916,0.38419175864469113,0.3847141180817623,0.1016949152542373,0.5514285714285714,0.3646022477460545,0.3723247296280417,0.08,0.00847457627118644,0.011428571428571429,0.32571428571428573,11.16,0.00423728813559322,0.0,0.04554633941941602,0.11836634914903714,3.940677966101695,0.0,0.0,0.15,0.08050847457627118,0,0.15539296711306097,0.21148983232680085,2.660351862341016,0.9048620650401199,0.0,1.0,0.0,0.0,0.0,0.0,0.0,0.08,0.00847457627118644,0.05,0.25
192,0.9823181716099256,0.4700517174404735,0.9284180841117723,0.4743456082351913,0.26235045025828074,0.46220352327831976,0.8340425531914893,0.384880099356805,0.3849821859098009,0.10212765957446808,0.56,0.36454510488891156,0.37228187248518463,0.08,0.00851063829787234,0.014285714285714285,0.32857142857142857,11.168571428571429,0.0,0.002857142857142857,0.0457865599683197,0.11836634914903714,3.753191489361702,0.0,0.0,0.15,0.08085106382978724,0,0.15515885942035282,0.21043238316516685,2.6214305393799098,0.8959522083354573,0.0,0.8,0.0,0.0,0.0,0.0,0.0,0.08,0.012711864406779662,0.05,0.25
193,0.9832716582376917,0.4707109860579784,0.9290582822761293,0.4751530087658608,0.26235045025828074,0.4619858143464013,0.8127659574468085,0.38470988659084754,0.3848545263353328,0.10212765957446808,0.5457142857142857,0.3644308191746259,0.37219615819947033,0.08,0.01276595744680851,0.008571428571428572,0.32857142857142857,11.168571428571429,0.0,0.0,0.045843086472785115,0.11836634914903714,3.753191489361702,0.0,0.0,0.15,0.08085106382978724,0,0.1548402079803939,0.20938022124934103,2.577573357163741,0.8894949587776007,0.0,0.6666666666666666,0.0,0.0,0.0,0.0,0.0,0.08,0.01276595744680851,0.05,0.25
194,0.983467894558375,0.4708567968811774,0.9291900409485883,0.47506117684181454,0.26235045025828074,0.46165464957683555,0.8170212765957446,0.38470988659084754,0.3848545263353328,0.10212765957446808,0.5485714285714286,0.3644308191746259,0.37219615819947033,0.08,0.0,0.0,0.32857142857142857,11.162857142857144,0.0,0.0,0.045843086472785115,0.11836634914903714,3.753191489361702,0.0,0.0,0.15,0.08085106382978724,0,0.15406600694049194,0.2083333201430943,2.5260218900204654,0.8717050596020486,0.0,0.0,0.0,0.0,0.0,0.0,0.0,0.08,0.0,0.05,0.25
195,0.9851382605728138,0.47077460720973335,0.9303115724154258,0.47502719786193925,0.26235045025828074,0.46140761927271495,0.8425531914893617,0.3845396738248901,0.3847268667608647,0.10212765957446808,0.5657142857142857,0.36431653346034015,0.37211044391375603,0.08,0.00425531914893617,0.002857142857142857,0.32857142857142857,11.162857142857144,0.0,0.0,0.045843086472785115,0.11836634914903714,3.753191489361702,0.0,0.0,0.15,0.08085106382978724,0,0.1537242483343609,0.21014686401649008,2.4783585950771987,0.8542709584100077,0.0,0.0,0.0,0.0,0.0,0.0,0.0,0.08,0.00425531914893617,0.05,0.25
196,0.9832919902921753,0.46980644430798274,0.9290719337984255,0.47388054845443434,0.26235045025828074,0.46102792995314024,0.8680851063829788,0.3845396738248901,0.3847268667608647,0.10212765957446808,0.5828571428571429,0.36431653346034015,0.37211044391375603,0.08,0.00425531914893617,0.002857142857142857,0.32857142857142857,11.16,0.0,0.0,0.045843086472785115,0.11836634914903714,3.753191489361702,0.0,0.0,0.15,0.08085106382978724,0,0.15304091352126054,0.20909612969640762,2.431648566032798,0.8371855392418075,0.0,1.0,0.0,0.0,0.0,0.0,0.0,0.08,0.00425531914893617,0.05,0.25
197,0.9823655287850407,0.4690355966660678,0.9284498810722066,0.47308851594944873,0.26235045025828074,0.46064108421825906,0.8425531914893617,0.3845396738248901,0.3847268667608647,0.10212765957446808,0.5657142857142857,0.36431653346034015,0.37211044391375603,0.08,0.00851063829787234,0.005714285714285714,0.32857142857142857,11.162857142857144,0.0,0.0,0.045843086472785115,0.11836634914903714,3.753191489361702,0.0,0.0,0.15,0.08085106382978724,0,0.15230428038222565,0.20805064904792556,2.388729880426428,0.8204418284569713,0.0,1.0,0.0,0.0,0.0,0.0,0.0,0.08,0.00851063829787234,0.05,0.25
198,0.9825290765327718,0.4686775265624105,0.928559691702826,0.4729399996542821,0.26235045025828074,0.4602008937640507,0.7872340425531915,0.3843694610589327,0.3845992071863966,0.10212765957446808,0.5285714285714286,0.3642022477460544,0.37202472962804173,0.08,0.01702127659574468,0.011428571428571429,0.32857142857142857,11.165714285714285,0.0,0.0,0.045843086472785115,0.11836634914903714,3.753191489361702,0.0,0.0,0.15,0.08085106382978724,0,0.1519999018374574,0.20701039580268593,2.3523838542464706,0.8040329918878318,0.0,0.75,0.0,0.0,0.0,0.0,0.0,0.08,0.01702127659574468,0.05,0.25
199,0.9817214050828729,0.4683268055323735,0.9280173980150369,0.47251243652157043,0.26235045025828074,0.45971459598391734,0.8468085106382979,0.38428435467595395,0.38453537739916255,0.10212765957446808,0.5685714285714286,0.3641451048889116,0.3719818724851846,0.08,0.01276595744680851,0.008571428571428572,0.32857142857142857,11.177142857142858,0.0,0.0,0.045843086472785115,0.11836634914903714,3.753191489361702,0.0,0.0,0.15,0.08085106382978724,0,0.15169704518541297,0.22455172092305298,2.3139076057329695,0.8182948659238634,0.0,0.6666666666666666,0.0,0.0,0.0,0.0,0.0,0.08,0.01276595744680851,0.05,0.25
200,0.9828900684155987,0.4688691301715318,0.9288020719670099,0.47274394800203284,0.26235045025828074,0.45921034233267166,0.7957446808510639,0.38428435467595395,0.38453537739916255,0.10212765957446808,0.5342857142857143,0.3641451048889116,0.3719818724851846,0.08,0.0,0.0,0.32857142857142857,11.177142857142858,0.0,0.0,0.045843086472785115,0.11836634914903714,3.753191489361702,0.0,0.0,0.15,0.08085106382978724,0,0.15093855995948588,0.22342896231843773,2.26762945361831,0.8019289686053861,0.0,0.0,0.0,0.0,0.0,0.0,0.0,0.08,0.0,0.05,0.25
201,0.984071858934969,0.4672684571914734,0.9295955598871586,0.47208123565664356,0.26235045025828074,0.45876429335634833,0.7957446808510639,0.38428435467595395,0.38453537739916255,0.10212765957446808,0.5342857142857143,0.3641451048889116,0.3719818724851846,0.08,0.00851063829787234,0.005714285714285714,0.32857142857142857,11.18,0.0,0.0,0.045843086472785115,0.11836634914903714,3.753191489361702,0.0,0.0,0.15,0.08085106382978724,0,0.15024086715968846,0.22231181750684553,2.2279911502602294,0.7858903892332784,0.0,1.0,0.0,0.0,0.0,0.0,0.0,0.08,0.00851063829787234,0.05,0.25
202,0.9836330410666337,0.46726121764043665,0.9293009250327048,0.4718727724039122,0.26235045025828074,0.45851694546668725,0.8127659574468085,0.3841992482929752,0.38447154761192853,0.10212765957446808,0.5457142857142857,0.36408796203176874,0.37193901534232743,0.08,0.00851063829787234,0.005714285714285714,0.32857142857142857,11.18,0.0,0.0,0.045843086472785115,0.11836634914903714,3.753191489361702,0.0,0.0,0.15,0.08085106382978724,0,0.14994680568103289,0.23264807756167394,2.1891456129693103,0.7841791607194275,0.0,0.5,0.0,0.0,0.0,0.0,0.0,0.08,0.00851063829787234,0.05,0.25
203,0.9823786093765033,0.4663317002420068,0.9284586637550459,0.47090968634756936,0.26235045025828074,0.4583044723703464,0.8425531914893617,0.3841992482929752,0.38447154761192853,0.10212765957446808,0.5657142857142857,0.36408796203176874,0.37193901534232743,0.08,0.00851063829787234,0.005714285714285714,0.32857142857142857,11.188571428571429,0.0,0.0,0.045843086472785115,0.11836634914903714,3.753191489361702,0.0,0.0,0.15,0.08085106382978724,0,0.14922564308119912,0.23148483717386556,2.15107698642421,0.7684955775050389,0.0,1.0,0.0,0.0,0.0,0.0,0.0,0.08,0.00851063829787234,0.05,0.25
204,0.9818799845184054,0.4666118674195197,0.9281238727788942,0.47190512782850647,0.26235045025828074,0.45794853217933557,0.851063829787234,0.38411414190999654,0.38440771782469446,0.10212765957446808,0.5714285714285714,0.3640308191746259,0.37189615819947025,0.08,0.01702127659574468,0.011428571428571429,0.32857142857142857,11.182857142857143,0.00425531914893617,0.0,0.045843086472785115,0.11836634914903714,3.753191489361702,0.0,0.0,0.15,0.08085106382978724,0,0.148936657722936,0.23032741298799625,2.119484018124297,0.7953851321515124,0.0,0.75,0.0,0.0,0.0,0.0,0.0,0.08,0.01702127659574468,0.05,0.25
205,0.9854639278919091,0.4656133630537288,0.9305302347582468,0.47161891178829607,0.26235045025828074,0.4576224590144632,0.8170212765957446,0.38411414190999654,0.38440771782469446,0.10212765957446808,0.5485714285714286,0.3640308191746259,0.37189615819947025,0.08,0.01276595744680851,0.008571428571428572,0.32857142857142857,11.191428571428572,0.00425531914893617,0.0,0.045843086472785115,0.11836634914903714,3.753191489361702,0.0,0.0,0.15,0.08085106382978724,0,0.14822054586289277,0.22917577592305627,2.08566576633324,0.7794774295084821,0.0,1.0,0.0,0.0,0.0,0.0,0.0,0.08,0.01276595744680851,0.05,0.25
206,0.985935991311558,0.4663049727465729,0.9308471916257254,0.4717601573028475,0.26235045025828074,0.45727562897649504,0.8,0.38385882276106037,0.3842162284629924,0.10212765957446808,0.5371428571428571,0.3638593906031973,0.37176758677089894,0.08,0.00851063829787234,0.008571428571428572,0.32857142857142857,11.194285714285714,0.00425531914893617,0.0,0.045843086472785115,0.11836634914903714,3.753191489361702,0.0,0.0,0.15,0.08085106382978724,0,0.14836515741929254,0.24390257004688445,2.0525238795780036,0.8743933574437852,0.0,0.3333333333333333,0.0,0.0,0.0,0.0,0.0,0.08,0.00851063829787234,0.05,0.25
207,0.9854562261991443,0.46638893343441806,0.9305250636216762,0.4715986876860136,0.26235045025828074,0.4570349795159364,0.7957446808510639,0.38385882276106037,0.3842162284629924,0.10212765957446808,0.5342857142857143,0.3638593906031973,0.37176758677089894,0.08,0.01276595744680851,0.008571428571428572,0.32857142857142857,11.2,0.00425531914893617,0.0,0.045843086472785115,0.11836634914903714,3.753191489361702,0.0,0.0,0.15,0.08085106382978724,0,0.14765190306076756,0.24268305719665004,2.020044830557872,0.8569054902949095,0.0,1.0,0.0,0.0,0.0,0.0,0.0,0.08,0.01276595744680851,0.05,0.25
208,0.9843860332792498,0.4662237628379831,0.9298065055183186,0.47158490349625576,0.26235045025828074,0.456780231442431,0.8212765957446808,0.38385882276106037,0.3842162284629924,0.10212765957446808,0.5514285714285714,0.3638593906031973,0.37176758677089894,0.08,0.01276595744680851,0.008571428571428572,0.32857142857142857,11.205714285714286,0.00425531914893617,0.0,0.045843086472785115,0.11836634914903714,3.753191489361702,0.0,0.0,0.15,0.08085106382978724,0,0.14694221497403512,0.2414696419106668,1.9882153625181431,0.8397673804890112,0.0,1.0,0.0,0.0,0.0,0.0,0.0,0.08,0.01276595744680851,0.05,0.25
209,0.9836298967727966,0.46696532028679244,0.9292988138639855,0.47202012947848776,0.26235045025828074,0.45661631208561454,0.8595744680851064,0.38368860999510296,0.3840885688885243,0.10212765957446808,0.5771428571428572,0.3637451048889116,0.3716818724851846,0.08,0.00425531914893617,0.002857142857142857,0.32857142857142857,11.197142857142858,0.00425531914893617,0.0,0.045843086472785115,0.11836634914903714,3.753191489361702,0.0,0.0,0.15,0.08085106382978724,0,0.14663607532773637,0.24026229370111346,1.9513081981249232,0.913528717120002,0.0,0.0,0.0,0.0,0.0,0.0,0.0,0.08,0.00425531914893617,0.05,0.25
210,0.9838496727325242,0.46787500779407903,0.9292148567466745,0.47268562638465367,0.26235045025828074,0.45661076044853766,0.7991452991452992,0.38506394614792055,0.38422164903266737,0.10256410256410256,0.5342857142857143,0.3637451048889116,0.3716818724851846,0.08,0.008547008547008548,0.008571428571428572,0.3314285714285714,11.205714285714286,0.0,0.002857142857142857,0.045823302324728685,0.11836634914903714,3.752136752136752,0.0,0.0,0.15,0.0811965811965812,0,0.14595989495109768,0.23906098223260788,1.9208534627338532,0.895258142777602,0.0,1.0,0.0,0.0,0.0,0.0,0.0,0.08,0.01276595744680851,0.05,0.25
211,0.9849903799628519,0.4674260164096307,0.9299775010092364,0.4721884295458116,0.26235045025828074,0.45658841681108125,0.8376068376068376,0.38489300597698034,0.38409344390446226,0.10256410256410256,0.56,0.36363081917462586,0.3715961581994704,0.08,0.004273504273504274,0.002857142857142857,0.3314285714285714,11.197142857142858,0.0,0.0,0.04583861239121379,0.11836634914903714,3.752136752136752,0.0,0.0,0.15,0.0811965811965812,0,0.1456586669049136,0.2416367891334629,1.8852935363363192,0.9617520596441934,0.0,0.0,0.0,0.0,0.0,0.0,0.0,0.08,0.004273504273504274,0.05,0.25
212,0.9845517044065546,0.4667825697285599,0.9296842150658834,0.47167211075698173,0.26235045025828074,0.456315979688571,0.8589743589743589,0.3847220658060402,0.3839652387762571,0.10256410256410256,0.5742857142857143,0.3635165334603402,0.371510443913756,0.08,0.008547008547008548,0.005714285714285714,0.3314285714285714,11.197142857142858,0.0,0.0,0.04583861239121379,0.11836634914903714,3.752136752136752,0.0,0.0,0.15,0.0811965811965812,0,0.1454159449989605,0.2404286051877956,1.853301951323878,0.9425170184513095,0.0,0.5,0.0,0.0,0.0,0.0,0.0,0.08,0.008547008547008548,0.05,0.25
213,0.9855389882394912,0.4663361796762337,0.9303442848284752,0.47141846471968457,0.26235045025828074,0.4560543788077116,0.8675213675213675,0.38497847606245045,0.38415754646856476,0.10256410256410256,0.58,0.36368796203176873,0.37163901534232746,0.08,0.017094017094017096,0.011428571428571429,0.3314285714285714,11.2,0.0,0.0,0.04583861239121379,0.11836634914903714,3.752136752136752,0.0,0.0,0.15,0.0811965811965812,0,0.14600315098825142,0.2392264621618566,1.827664483725972,0.941695617058048,0.0,0.75,0.0,0.0,0.0,0.0,0.0,0.08,0.017094017094017096,0.05,0.25
214,0.9846589158354119,0.4656606820768802,0.9297558935640337,0.47051200212833394,0.26235045025828074,0.45587073075071577,0.8504273504273504,0.38489300597698034,0.38409344390446226,0.10256410256410256,0.5685714285714286,0.36363081917462586,0.3715961581994704,0.08,0.017094017094017096,0.011428571428571429,0.3314285714285714,11.202857142857143,0.0,0.0,0.04583861239121379,0.11836634914903714,3.752136752136752,0.0,0.0,0.15,0.0811965811965812,0,0.14615884951902441,0.23803032985104733,1.8025397654800241,0.9789205230003347,0.0,0.75,0.0,0.0,0.0,0.0,0.0,0.08,0.017094017094017096,0.05,0.25
215,0.9846363139540988,0.46573452716887515,0.9297407825919556,0.47067217564305985,0.26235045025828074,0.45557662113098235,0.811965811965812,0.38489300597698034,0.38409344390446226,0.10256410256410256,0.5428571428571428,0.36363081917462586,0.3715961581994704,0.08,0.017094017094017096,0.011428571428571429,0.3314285714285714,11.202857142857143,0.0,0.0,0.04583861239121379,0.11836634914903714,3.752136752136752,0.0,0.0,0.15,0.0811965811965812,0,0.1459402268802873,0.2368401782017921,1.7779175415989945,0.9593421125403281,0.0,1.0,0.0,0.0,0.0,0.0,0.0,0.08,0.017094017094017096,0.05,0.25
216,0.9852929125915759,0.4656696760179827,0.9301797656810119,0.47082554525209874,0.26235045025828074,0.455389361521534,0.7991452991452992,0.38489300597698034,0.38409344390446226,0.10256410256410256,0.5342857142857143,0.36363081917462586,0.3715961581994704,0.08,0.008547008547008548,0.005714285714285714,0.3314285714285714,11.205714285714286,0.0,0.0,0.04583861239121379,0.11836634914903714,3.752136752136752,0.0,0.0,0.15,0.0811965811965812,0,0.1452676686030287,0.23565597731078314,1.7480734764813008,0.9401552702895215,0.0,1.0,0.0,0.0,0.0,0.0,0.0,0.08,0.008547008547008548,0.05,0.25
217,0.9839368218089717,0.46711472573485596,0.9292731221292134,0.4719963734494249,0.26235045025828074,0.4550974824426318,0.811965811965812,0.38489300597698034,0.38409344390446226,0.10256410256410256,0.5428571428571428,0.36363081917462586,0.3715961581994704,0.08,0.004273504273504274,0.002857142857142857,0.3314285714285714,11.202857142857143,0.0,0.0,0.04583861239121379,0.11836634914903714,3.752136752136752,0.0,0.0,0.15,0.0811965811965812,0,0.144569901688585,0.23447769742422922,1.7159691498088177,0.9213521648837311,0.0,1.0,0.0,0.0,0.0,0.0,0.0,0.08,0.004273504273504274,0.05,0.25
218,0.9842978933033626,0.4669160112747889,0.929514524214035,0.47177047649781906,0.26235045025828074,0.45503593629887934,0.7735042735042735,0.3847220658060402,0.3839652387762571,0.10256410256410256,0.5171428571428571,0.3635165334603402,0.371510443913756,0.08,0.004273504273504274,0.002857142857142857,0.3314285714285714,11.208571428571428,0.0,0.0,0.04583861239121379,0.11836634914903714,3.752136752136752,0.0,0.0,0.15,0.0811965811965812,0,0.1442756236087135,0.23330530893710807,1.684506909669784,0.9057655331200002,0.0,0.0,0.0,0.0,0.0,0.0,0.0,0.08,0.004273504273504274,0.05,0.25
219,0.9834940267327115,0.4669063535118043,0.9289770819925138,0.47174665291085166,0.26235045025828074,0.4551454076379776,0.7735042735042735,0.3847220658060402,0.3839652387762571,0.10256410256410256,0.5171428571428571,0.3635165334603402,0.371510443913756,0.08,0.004273504273504274,0.002857142857142857,0.3314285714285714,11.205714285714286,0.0,0.0,0.04583861239121379,0.11836634914903714,3.752136752136752,0.0,0.0,0.15,0.0811965811965812,0,0.14361124549066992,0.23213878239242255,1.653673914333531,0.8876502224576002,0.0,1.0,0.0,0.0,0.0,0.0,0.0,0.08,0.004273504273504274,0.05,0.25
220,0.9822139178847433,0.4668607081454246,0.9281212377913011,0.47149288645088044,0.26235045025828074,0.4552123938675622,0.811965811965812,0.3847220658060402,0.3839652387762571,0.10256410256410256,0.5428571428571428,0.3635165334603402,0.371510443913756,0.08,0.017094017094017096,0.011428571428571429,0.3314285714285714,11.214285714285714,0.0,0.0,0.04583861239121379,0.11836634914903714,3.752136752136752,0.0,0.0,0.15,0.0811965811965812,0,0.143035192116788,0.23097808848046045,1.6320290074754322,0.8698972180084482,0.0,1.0,0.0,0.0,0.0,0.0,0.0,0.08,0.017094017094017096,0.05,0.25
221,0.9834193197380066,0.4666325685451215,0.9289271350303397,0.4708315907778716,0.26235045025828074,0.45542129403775683,0.8418803418803419,0.3847220658060402,0.3839652387762571,0.10256410256410256,0.5628571428571428,0.3635165334603402,0.371510443913756,0.08,0.008547008547008548,0.005714285714285714,0.3314285714285714,11.214285714285714,0.0,0.0,0.04583861239121379,0.11836634914903714,3.752136752136752,0.0,0.0,0.15,0.0811965811965812,0,0.14234858758477548,0.22982319803805815,1.6051027130402094,0.8524992736482793,0.0,1.0,0.0,0.0,0.0,0.0,0.0,0.08,0.008547008547008548,0.05,0.25
222,0.9818673296736041,0.46626719520611215,0.9278895188158536,0.4708992010631604,0.26235045025828074,0.45570681625642745,0.7991452991452992,0.3847220658060402,0.3839652387762571,0.10256410256410256,0.5342857142857143,0.3635165334603402,0.371510443913756,0.08,0.017094017094017096,0.011428571428571429,0.3314285714285714,11.214285714285714,0.004273504273504274,0.0,0.04583861239121379,0.11836634914903714,3.752136752136752,0.0,0.0,0.15,0.0811965811965812,0,0.14172241607542305,0.22867408204786782,1.584429230207976,0.8354492881753136,0.0,1.0,0.0,0.0,0.0,0.0,0.0,0.08,0.017094017094017096,0.05,0.25
223,0.9830994614613277,0.4656074247103284,0.9287132869253603,0.47049618108288455,0.26235045025828074,0.45600300752321027,0.811965811965812,0.3847220658060402,0.3839652387762571,0.10256410256410256,0.5428571428571428,0.3635165334603402,0.371510443913756,0.08,0.01282051282051282,0.008571428571428572,0.3314285714285714,11.217142857142857,0.004273504273504274,0.0,0.04583861239121379,0.11836634914903714,3.752136752136752,0.0,0.0,0.15,0.0811965811965812,0,0.1410709468521888,0.2275307116376285,1.5613120741752453,0.8187403024118074,0.0,1.0,0.0,0.0,0.0,0.0,0.0,0.08,0.01282051282051282,0.05,0.25
224,0.9830677018500791,0.46550181037446436,0.9286920533566969,0.47013545515255145,0.26235045025828074,0.45637470659846835,0.8290598290598291,0.3845511256351001,0.383837033648052,0.10256410256410256,0.5542857142857143,0.36340224774605445,0.3714247296280418,0.08,0.021367521367521368,0.014285714285714285,0.3314285714285714,11.222857142857142,0.004273504273504274,0.0,0.04583861239121379,0.11836634914903714,3.752136752136752,0.0,0.0,0.15,0.0811965811965812,0,0.14085130640364213,0.22639305807944035,1.5443715469774548,0.817539852139217,0.0,0.8,0.0,0.0,0.0,0.0,0.0,0.08,0.021367521367521368,0.05,0.25
225,0.9834915576630648,0.4657873938969664,0.9289754312430932,0.47066730313978977,0.26235045025828074,0.4566660514802001,0.8162393162393162,0.3844656555496299,0.3837729310839494,0.10256410256410256,0.5457142857142857,0.3633451048889116,0.3713818724851846,0.08,0.029914529914529916,0.02,0.3314285714285714,11.225714285714286,0.004273504273504274,0.0,0.04583861239121379,0.11836634914903714,3.752136752136752,0.0,0.0,0.15,0.0811965811965812,0,0.1406327641573382,0.22526109278904313,1.5334841160379054,0.806713956934459,0.0,0.8571428571428571,0.0,0.0,0.0,0.0,0.0,0.08,0.029914529914529916,0.05,0.25
226,0.9822377390907249,0.4659938344572339,0.9281371639690142,0.47075256418427736,0.26235045025828074,0.45700640978557594,0.8803418803418803,0.3844656555496299,0.3837729310839494,0.10256410256410256,0.5885714285714285,0.3633451048889116,0.3713818724851846,0.08,0.008547008547008548,0.005714285714285714,0.3314285714285714,11.225714285714286,0.004273504273504274,0.0,0.04583861239121379,0.11836634914903714,3.752136752136752,0.0,0.0,0.15,0.0811965811965812,0,0.13995817176512293,0.22413478732509792,1.508528719431433,0.7905796777957699,0.0,1.0,0.0,0.0,0.0,0.0,0.0,0.08,0.008547008547008548,0.05,0.25
227,0.9827512025946513,0.4661948459021253,0.9284804509973538,0.4710958440810616,0.26235045025828074,0.4572212219431101,0.8247863247863247,0.3844656555496299,0.3837729310839494,0.10256410256410256,0.5514285714285714,0.3633451048889116,0.3713818724851846,0.08,0.01282051282051282,0.008571428571428572,0.3314285714285714,11.228571428571428,0.004273504273504274,0.0,0.04583861239121379,0.11836634914903714,3.752136752136752,0.0,0.0,0.15,0.0811965811965812,0,0.13934395233486876,0.2230141133884724,1.4869295736142327,0.7747680842398544,0.0,1.0,0.0,0.0,0.0,0.0,0.0,0.08,0.01282051282051282,0.05,0.25
228,0.9834228901670415,0.4656018293524914,0.9289295221171804,0.47068898481961957,0.26235045025828074,0.45721875427369907,0.8589743589743589,0.3844656555496299,0.3837729310839494,0.10256410256410256,0.5742857142857143,0.3633451048889116,0.3713818724851846,0.08,0.008547008547008548,0.005714285714285714,0.3314285714285714,11.237142857142857,0.004273504273504274,0.0,0.04583861239121379,0.11836634914903714,3.752136752136752,0.0,0.0,0.15,0.0811965811965812,0,0.1386758040017658,0.22189904282153006,1.462905267856234,0.7592727225550574,0.0,1.0,0.0,0.0,0.0,0.0,0.0,0.08,0.008547008547008548,0.05,0.25
229,0.9821154992114868,0.4653312618986037,0.9280554378783237,0.4704399912510634,0.26235045025828074,0.4572010823667757,0.8717948717948718,0.3844656555496299,0.3837729310839494,0.10256410256410256,0.5828571428571429,0.3633451048889116,0.3713818724851846,0.08,0.008547008547008548,0.005714285714285714,0.3314285714285714,11.24,0.004273504273504274,0.0,0.04583861239121379,0.11836634914903714,3.752136752136752,0.0,0.0,0.15,0.0811965811965812,0,0.13801099641032843,0.2207895476074224,1.439361448213395,0.7440872681039562,0.0,1.0,0.0,0.0,0.0,0.0,0.0,0.08,0.008547008547008548,0.05,0.25
230,0.9826825340362179,0.4645577944610978,0.9284345411611439,0.4696602973069722,0.26235045025828074,0.4571065331937736,0.7991452991452992,0.3843801854641598,0.38370882851984683,0.10256410256410256,0.5342857142857143,0.3632879620317687,0.37133901534232744,0.08,0.01282051282051282,0.008571428571428572,0.3314285714285714,11.248571428571429,0.004273504273504274,0.0,0.04583861239121379,0.11836634914903714,3.752136752136752,0.0,0.0,0.15,0.0811965811965812,0,0.13783479928541964,0.2196855998693853,1.4191456478205555,0.7433831172096218,0.0,0.6666666666666666,0.0,0.0,0.0,0.0,0.0,0.08,0.01282051282051282,0.05,0.25
231,0.9834564286265611,0.4637175165672305,0.9289519449729734,0.4688808386975513,0.26235045025828074,0.4569921618913744,0.8333333333333334,0.3843801854641598,0.38370882851984683,0.10256410256410256,0.5571428571428572,0.3632879620317687,0.37133901534232744,0.08,0.008547008547008548,0.005714285714285714,0.3314285714285714,11.248571428571429,0.004273504273504274,0.0,0.04583861239121379,0.11836634914903714,3.752136752136752,0.0,0.0,0.15,0.0811965811965812,0,0.13720262528899252,0.21858717187003837,1.3964770205784303,0.7285154548654293,0.0,1.0,0.0,0.0,0.0,0.0,0.0,0.08,0.008547008547008548,0.05,0.25
232,0.9826157746290134,0.4635518161460238,0.9283899077288986,0.46862731961340875,0.26235045025828074,0.45698337477138734,0.8205128205128205,0.3842947153786898,0.3836447259557442,0.10256410256410256,0.5485714285714286,0.36323081917462585,0.3712961581994703,0.08,0.008547008547008548,0.005714285714285714,0.3314285714285714,11.262857142857143,0.004273504273504274,0.0,0.04583861239121379,0.11836634914903714,3.752136752136752,0.0,0.0,0.15,0.0811965811965812,0,0.13697375501969042,0.23141550593811494,1.3742617658811471,0.7392527992582688,0.0,0.5,0.0,0.0,0.0,0.0,0.0,0.08,0.008547008547008548,0.05,0.25
233,0.9830458065305409,0.4637132584634102,0.9286774147716341,0.4682723542663939,0.26235045025828074,0.4569418797815588,0.8333333333333334,0.38412377520774954,0.3835165208275391,0.10256410256410256,0.5571428571428572,0.3631165334603402,0.371210443913756,0.08,0.008547008547008548,0.005714285714285714,0.3314285714285714,11.268571428571429,0.004273504273504274,0.0,0.04583861239121379,0.11836634914903714,3.752136752136752,0.0,0.0,0.15,0.0811965811965812,0,0.13680274410173485,0.23786885522798196,1.35249081627781,0.7474773717122654,0.0,0.5,0.0,0.0,0.0,0.0,0.0,0.08,0.008547008547008548,0.05,0.25
234,0.9828793980490683,0.4635082541718115,0.9285661588154497,0.46812809752097506,0.26235045025828074,0.45706880303057373,0.8162393162393162,0.38412377520774954,0.3835165208275391,0.10256410256410256,0.5457142857142857,0.3631165334603402,0.371210443913756,0.08,0.004273504273504274,0.002857142857142857,0.3314285714285714,11.274285714285714,0.004273504273504274,0.0,0.04583861239121379,0.11836634914903714,3.752136752136752,0.0,0.0,0.15,0.0811965811965812,0,0.13617573038122616,0.23667951095184206,1.3282981428093965,0.7325278242780201,0.0,1.0,0.0,0.0,0.0,0.0,0.0,0.08,0.004273504273504274,0.05,0.25
235,0.9827491876478723,0.46279992605074954,0.9284791038615073,0.46747914653633604,0.26235045025828074,0.45721248986542595,0.8547008547008547,0.38412377520774954,0.3835165208275391,0.10256410256410256,0.5714285714285714,0.3631165334603402,0.371210443913756,0.08,0.021367521367521368,0.014285714285714285,0.3314285714285714,11.291428571428572,0.004273504273504274,0.0,0.04583861239121379,0.11836634914903714,3.752136752136752,0.0,0.0,0.15,0.0811965811965812,0,0.13558042315789146,0.23549611339708285,1.3160178942389227,0.7178772677924596,0.0,1.0,0.0,0.0,0.0,0.0,0.0,0.08,0.021367521367521368,0.05,0.25
236,0.9827681682043024,0.46315889189223675,0.9284917937192348,0.4677943222906988,0.26235045025828074,0.45732830260265106,0.8504273504273504,0.38395283503680944,0.383388315699334,0.10256410256410256,0.5685714285714286,0.36300224774605444,0.3711247296280417,0.08,0.021367521367521368,0.014285714285714285,0.3314285714285714,11.3,0.004273504273504274,0.0,0.04583861239121379,0.11836634914903714,3.752136752136752,0.0,0.0,0.15,0.0811965811965812,0,0.1353882353278163,0.23431863283009743,1.3039832506398588,0.779552994360992,0.0,0.8,0.0,0.0,0.0,0.0,0.0,0.08,0.021367521367521368,0.05,0.25
237,0.9825474837986975,0.46386881584695905,0.9283442504309161,0.4676306929118404,0.26235045025828074,0.4574403656385893,0.8376068376068376,0.38395283503680944,0.383388315699334,0.10256410256410256,0.56,0.36300224774605444,0.3711247296280417,0.08,0.021367521367521368,0.014285714285714285,0.3314285714285714,11.311428571428571,0.004273504273504274,0.0,0.04583861239121379,0.11836634914903714,3.752136752136752,0.0,0.0,0.15,0.0811965811965812,0,0.13476843700832006,0.23314703966594694,1.2921892999127758,0.7639619344737721,0.0,1.0,0.0,0.0,0.0,0.0,0.0,0.08,0.021367521367521368,0.05,0.25
238,0.9821858668028758,0.46412047153527763,0.9281024836394236,0.4675131365870561,0.26235045025828074,0.4577017418312687,0.811965811965812,0.3836964247803992,0.3831960080070263,0.10256410256410256,0.5428571428571428,0.3628308191746259,0.3709961581994703,0.08,0.017094017094017096,0.014285714285714285,0.3314285714285714,11.314285714285715,0.004273504273504274,0.0,0.04583861239121379,0.11836634914903714,3.752136752136752,0.0,0.0,0.15,0.0811965811965812,0,0.13500888053756416,0.2319813044676172,1.2806312282002343,0.7736686723514115,0.0,0.6,0.0,0.0,0.0,0.0,0.0,0.08,0.017094017094017096,0.05,0.25
239,0.9844983719088082,0.4642177632946412,0.9296485584816758,0.4675936334768466,0.26235045025828074,0.45789431184861584,0.8333333333333334,0.383525484609459,0.3830678028788212,0.10256410256410256,0.5571428571428572,0.36271653346034016,0.37091044391375605,0.08,0.021367521367521368,0.014285714285714285,0.3314285714285714,11.325714285714286,0.004273504273504274,0.0,0.04583861239121379,0.11836634914903714,3.752136752136752,0.0,0.0,0.15,0.0811965811965812,0,0.13481955042059063,0.23082139794527912,1.269304317921944,0.8026327404057518,0.0,0.8,0.0,0.0,0.0,0.0,0.0,0.08,0.021367521367521368,0.05,0.25
240,0.9851113681655498,0.4640959166927347,0.9300583902647542,0.4675957626768945,0.26235045025828074,0.4580694401261914,0.8076923076923077,0.383525484609459,0.3830678028788212,0.10256410256410256,0.54,0.36271653346034016,0.37091044391375605,0.08,0.004273504273504274,0.002857142857142857,0.3314285714285714,11.342857142857143,0.008547008547008548,0.0,0.04583861239121379,0.11836634914903714,3.752136752136752,0.0,0.0,0.15,0.0811965811965812,0,0.1341740240970591,0.22966729095555274,1.246775374420648,0.7865800855976368,0.0,1.0,0.0,0.0,0.0,0.0,0.0,0.08,0.004273504273504274,0.05,0.25
241,0.9854900387822311,0.46478532145138995,0.930311558619907,0.46797276893619155,0.26235045025828074,0.4582814822042602,0.8290598290598291,0.3834400145239889,0.38300370031471864,0.10256410256410256,0.5542857142857143,0.3626593906031973,0.37086758677089887,0.08,0.02564102564102564,0.017142857142857144,0.3314285714285714,11.351428571428572,0.01282051282051282,0.0,0.04583861239121379,0.11836634914903714,3.752136752136752,0.0,0.0,0.15,0.0811965811965812,0,0.1340172968337167,0.2351239747192272,1.2389827240750921,0.8110502953548185,0.0,0.8333333333333334,0.0,0.0,0.0,0.0,0.0,0.08,0.02564102564102564,0.05,0.25
242,0.9851280174895216,0.4648490905729844,0.9300695215270671,0.46785464295903034,0.26235045025828074,0.45855317731977807,0.7991452991452992,0.3834400145239889,0.38300370031471864,0.10256410256410256,0.5342857142857143,0.3626593906031973,0.37086758677089887,0.08,0.004273504273504274,0.002857142857142857,0.3314285714285714,11.365714285714287,0.01282051282051282,0.0,0.04583861239121379,0.11836634914903714,3.752136752136752,0.0,0.0,0.15,0.0811965811965812,0,0.1333757817781195,0.23394835484563103,1.2170602124507333,0.7948292894477221,0.0,1.0,0.0,0.0,0.0,0.0,0.0,0.08,0.004273504273504274,0.05,0.25
243,0.9867820151389001,0.46538951813825963,0.9311753370983658,0.4677837952575797,0.26235045025828074,0.45890821489478095,0.782051282051282,0.3834400145239889,0.38300370031471864,0.10256410256410256,0.5228571428571429,0.3626593906031973,0.37086758677089887,0.08,0.01282051282051282,0.008571428571428572,0.3314285714285714,11.38,0.01282051282051282,0.0,0.04583861239121379,0.11836634914903714,3.752136752136752,0.0,0.0,0.15,0.0811965811965812,0,0.13273747429780033,0.23277861307140288,1.2012904367731472,0.7789327036587677,0.0,1.0,0.0,0.0,0.0,0.0,0.0,0.08,0.01282051282051282,0.05,0.25
244,0.9864535894077806,0.4660707324373932,0.9309557610381314,0.4681415292382519,0.26235045025828074,0.4592451655693619,0.7905982905982906,0.3834400145239889,0.38300370031471864,0.10256410256410256,0.5285714285714286,0.3626593906031973,0.37086758677089887,0.08,0.01282051282051282,0.008571428571428572,0.3314285714285714,11.391428571428571,0.01282051282051282,0.0,0.04583861239121379,0.11836634914903714,3.752136752136752,0.0,0.0,0.15,0.0811965811965812,0,0.13210235835488277,0.23161472000604588,1.1858360566091128,0.7633540495855923,0.0,1.0,0.0,0.0,0.0,0.0,0.0,0.08,0.01282051282051282,0.05,0.25
245,0.9852300748107721,0.4655018715321062,0.9301377541361315,0.4680884088584488,0.26235045025828074,0.4596320569590794,0.811965811965812,0.3834400145239889,0.38300370031471864,0.10256410256410256,0.5428571428571428,0.3626593906031973,0.37086758677089887,0.08,0.01282051282051282,0.008571428571428572,0.3314285714285714,11.397142857142857,0.017094017094017096,0.0,0.04583861239121379,0.11836634914903714,3.752136752136752,0.0,0.0,0.15,0.0811965811965812,0,0.1314704179916798,0.23045664640601565,1.170690764048359,0.7480869685938805,0.0,1.0,0.0,0.0,0.0,0.0,0.0,0.08,0.01282051282051282,0.05,0.25
246,0.9848241081288561,0.46524513977400755,0.9298663364116506,0.4673346185214221,0.26235045025828074,0.4600614295580308,0.7777777777777778,0.3834400145239889,0.38300370031471864,0.10256410256410256,0.52,0.3626593906031973,0.37086758677089887,0.08,0.0,0.0,0.3314285714285714,11.385714285714286,0.01282051282051282,0.0,0.04583861239121379,0.11836634914903714,3.752136752136752,0.0,0.0,0.15,0.0811965811965812,0,0.1308130659017214,0.2293043631739856,1.1472769487673917,0.7331252292220028,0.0,0.0,0.0,0.0,0.0,0.0,0.0,0.08,0.0,0.05,0.25
247,0.985314514447819,0.46463484765809904,0.9301942080649,0.466733257113797,0.26235045025828074,0.4603744952548482,0.7905982905982906,0.3834400145239889,0.38300370031471864,0.10256410256410256,0.5285714285714286,0.3626593906031973,0.37086758677089887,0.08,0.004273504273504274,0.002857142857142857,0.3314285714285714,11.397142857142857,0.01282051282051282,0.0,0.04583861239121379,0.11836634914903714,3.752136752136752,0.0,0.0,0.15,0.0811965811965812,0,0.13021600057221278,0.22815784135811565,1.127188552649187,0.7184627246375628,0.0,1.0,0.0,0.0,0.0,0.0,0.0,0.08,0.004273504273504274,0.05,0.25
248,0.9845437102767314,0.46499670085480693,0.9296971197652101,0.46649101532378845,0.26235045025828074,0.4605059668389558,0.8025751072961373,0.38332661014868796,0.3831205282770764,0.10300429184549356,0.5342857142857143,0.36260224774605443,0.3708247296280417,0.08,0.012875536480686695,0.011428571428571429,0.3342857142857143,11.397142857142857,0.008583690987124463,0.002857142857142857,0.045957568315958805,0.11836634914903715,3.630901287553648,0.0,0.0,0.15,0.0815450643776824,0,0.13002206342649458,0.2326484778042061,1.1160733530247746,0.7879523320500753,0.0,0.75,0.0,0.0,0.0,0.0,0.0,0.08,0.017094017094017096,0.05,0.25
249,0.9839092630906678,0.4638084811470011,0.9292747592099163,0.46574579771394986,0.26235045025828074,0.46058804027002986,0.7854077253218884,0.38332661014868796,0.3831205282770764,0.10300429184549356,0.5228571428571429,0.36260224774605443,0.3708247296280417,0.08,0.017167381974248927,0.011428571428571429,0.3342857142857143,11.4,0.008583690987124463,0.0,0.046041578778183635,0.11836634914903715,3.630901287553648,0.0,0.0,0.15,0.0815450643776824,0,0.12962513571750245,0.2314852354151851,1.1051804573928503,0.7721932854090737,0.0,1.0,0.0,0.0,0.0,0.0,0.0,0.08,0.017167381974248927,0.05,0.25
250,0.9834688220090564,0.463734961354941,0.9289815512898721,0.46555105493608656,0.26235045025828074,0.4605812508250735,0.8197424892703863,0.3831549363289455,0.3829917729122695,0.10300429184549356,0.5457142857142857,0.3624879620317687,0.3707390153423275,0.08,0.017167381974248927,0.011428571428571429,0.3342857142857143,11.405714285714286,0.008583690987124463,0.0,0.046041578778183635,0.11836634914903715,3.630901287553648,0.0,0.0,0.15,0.0815450643776824,0,0.1294341528960578,0.23032780923810917,1.0945054196735646,0.7854695769640527,0.0,0.75,0.0,0.0,0.0,0.0,0.0,0.08,0.017167381974248927,0.05,0.25
251,0.984174989782433,0.46466640101071444,0.92945165726472,0.46619297192716813,0.26235045025828074,0.46057249221946867,0.7939914163090128,0.3830690994190742,0.38292739522986596,0.10300429184549356,0.5285714285714286,0.3624308191746259,0.37069615819947027,0.08,0.012875536480686695,0.011428571428571429,0.3342857142857143,11.405714285714286,0.012875536480686695,0.0,0.046041578778183635,0.11836634914903715,3.630901287553648,0.0,0.0,0.15,0.0815450643776824,0,0.12924412498872037,0.2291761701919186,1.084043882708665,0.7772319881895823,0.0,0.75,0.0,0.0,0.0,0.0,0.0,0.08,0.012875536480686695,0.05,0.25
252,0.9831278398260146,0.4644101397252347,0.9287545545794471,0.46611241958477145,0.26235045025828074,0.46084108455576783,0.7639484978540773,0.382983262509203,0.3828630175474626,0.10300429184549356,0.5085714285714286,0.362373676317483,0.3706533010566131,0.08,0.012875536480686695,0.008571428571428572,0.3342857142857143,11.414285714285715,0.012875536480686695,0.0,0.046041578778183635,0.11836634914903715,3.630901287553648,0.0,0.0,0.15,0.0815450643776824,0,0.12911176222091963,0.24821567537784878,1.0709344336259201,0.7868764069701867,0.0,0.6666666666666666,0.0,0.0,0.0,0.0,0.0,0.08,0.012875536480686695,0.05,0.25
253,0.9827948074638706,0.4638176603905587,0.9285328501783627,0.4660201883935385,0.26235045025828074,0.46113247509022515,0.8240343347639485,0.3828115886894605,0.38273426218265577,0.10300429184549356,0.5485714285714286,0.36225939060319734,0.3705675867708989,0.08,0.012875536480686695,0.008571428571428572,0.3342857142857143,11.414285714285715,0.012875536480686695,0.0,0.046041578778183635,0.11836634914903715,3.630901287553648,0.0,0.0,0.15,0.0815450643776824,0,0.1289233462669579,0.24697459700095953,1.0580871735248303,0.7711388788307829,0.0,0.6666666666666666,0.0,0.0,0.0,0.0,0.0,0.08,0.012875536480686695,0.05,0.25
254,0.9824188698286199,0.4638143868894859,0.9282825831240389,0.46628741398155027,0.26235045025828074,0.4613382613815426,0.8025751072961373,0.382639914869718,0.3826055068178489,0.10300429184549356,0.5342857142857143,0.3621451048889116,0.37048187248518455,0.08,0.012875536480686695,0.008571428571428572,0.3342857142857143,11.422857142857143,0.012875536480686695,0.0,0.046041578778183635,0.11836634914903715,3.630901287553648,0.0,0.0,0.15,0.0815450643776824,0,0.12916444382133738,0.27488331022370205,1.0454968586257622,0.9100486968503205,0.0,0.3333333333333333,0.0,0.0,0.0,0.0,0.0,0.08,0.012875536480686695,0.05,0.25
255,0.9833218096919627,0.4624986549059962,0.9288836830902069,0.4656354626987593,0.26235045025828074,0.46151714987621373,0.7725321888412017,0.382639914869718,0.3826055068178489,0.10300429184549356,0.5142857142857142,0.3621451048889116,0.37048187248518455,0.08,0.012875536480686695,0.008571428571428572,0.3342857142857143,11.414285714285715,0.012875536480686695,0.0,0.046041578778183635,0.11836634914903715,3.630901287553648,0.0,0.0,0.15,0.0815450643776824,0,0.12854719303080211,0.2735088936725835,1.0331583500246757,0.8918477229133142,0.0,1.0,0.0,0.0,0.0,0.0,0.0,0.08,0.012875536480686695,0.05,0.25
256,0.9828089986261184,0.4623073455274199,0.9285422974378019,0.4662006488854224,0.26235045025828074,0.46170495984370147,0.7811158798283262,0.38246824104997557,0.382476751453042,0.10300429184549356,0.52,0.3620308191746259,0.3703961581994703,0.08,0.008583690987124463,0.005714285714285714,0.3342857142857143,11.414285714285715,0.012875536480686695,0.0,0.046041578778183635,0.11836634914903715,3.630901287553648,0.0,0.0,0.15,0.0815450643776824,0,0.12836159992279098,0.2721413492042206,1.0182094687384677,0.8740107684550478,0.0,0.5,0.0,0.0,0.0,0.0,0.0,0.08,0.008583690987124463,0.05,0.25
257,0.9821736863522729,0.4617247862800709,0.9281193609812134,0.46556152946663476,0.26235045025828074,0.46180782188898956,0.7725321888412017,0.38246824104997557,0.382476751453042,0.10300429184549356,0.5142857142857142,0.3620308191746259,0.3703961581994703,0.08,0.017167381974248927,0.011428571428571429,0.3342857142857143,11.428571428571429,0.012875536480686695,0.0,0.046041578778183635,0.11836634914903715,3.630901287553648,0.0,0.0,0.15,0.0815450643776824,0,0.12791766329828408,0.2707806424581995,1.0092738507922698,0.8565305530859468,0.0,1.0,0.0,0.0,0.0,0.0,0.0,0.08,0.017167381974248927,0.05,0.25
258,0.981303600725071,0.4606835013779195,0.9275401325493904,0.4646378744996386,0.26235045025828074,0.462051101675482,0.8326180257510729,0.38246824104997557,0.382476751453042,0.10300429184549356,0.5542857142857143,0.3620308191746259,0.3703961581994703,0.08,0.012875536480686695,0.008571428571428572,0.3342857142857143,11.425714285714285,0.012875536480686695,0.0,0.046041578778183635,0.11836634914903715,3.630901287553648,0.0,0.0,0.15,0.0815450643776824,0,0.1273352178389355,0.2694267392459085,0.9976598023478531,0.839399942024228,0.0,1.0,0.0,0.0,0.0,0.0,0.0,0.08,0.012875536480686695,0.05,0.25
259,0.9816272584339348,0.4604285557678266,0.9277555961098626,0.46456278472695794,0.26235045025828074,0.46218210392682463,0.8412017167381974,0.38238240414010427,0.3824123737706386,0.10300429184549356,0.56,0.361973676317483,0.3703533010566131,0.08,0.012875536480686695,0.008571428571428572,0.3342857142857143,11.42,0.012875536480686695,0.0,0.046041578778183635,0.11836634914903715,3.630901287553648,0.0,0.0,0.15,0.0815450643776824,0,0.12715568460688367,0.2680796055496789,0.9862780348723246,0.8233851780717207,0.0,0.6666666666666666,0.0,0.0,0.0,0.0,0.0,0.08,0.012875536480686695,0.05,0.25
260,0.9820449290440536,0.4606875042702369,0.9280336454017418,0.4646043381428149,0.26235045025828074,0.46223406533030625,0.8540772532188842,0.38238240414010427,0.3824123737706386,0.10300429184549356,0.5685714285714286,0.361973676317483,0.3703533010566131,0.08,0.017167381974248927,0.011428571428571429,0.3342857142857143,11.42,0.008583690987124463,0.0,0.046041578778183635,0.11836634914903715,3.630901287553648,0.0,0.0,0.15,0.0815450643776824,0,0.12660547761242072,0.26673920752193053,0.9779810456034495,0.8069174745102863,0.0,1.0,0.0,0.0,0.0,0.0,0.0,0.08,0.017167381974248927,0.05,0.25
261,0.9827331363058399,0.46125099575095996,0.9284917948074451,0.4646085039168088,0.26235045025828074,0.46228348325816976,0.8154506437768241,0.38238240414010427,0.3824123737706386,0.10300429184549356,0.5428571428571428,0.361973676317483,0.3703533010566131,0.08,0.012875536480686695,0.008571428571428572,0.3342857142857143,11.422857142857143,0.012875536480686695,0.0,0.046041578778183635,0.11836634914903715,3.630901287553648,0.0,0.0,0.15,0.0815450643776824,0,0.12600102165293,0.2654055114843209,0.9669928532628088,0.7907791250200805,0.0,1.0,0.0,0.0,0.0,0.0,0.0,0.08,0.012875536480686695,0.05,0.25
262,0.9827237270303456,0.4615080102567909,0.9284855309183303,0.4645781762118541,0.26235045025828074,0.46239399015715105,0.8326180257510729,0.38238240414010427,0.3824123737706386,0.10300429184549356,0.5542857142857143,0.361973676317483,0.3703533010566131,0.08,0.017167381974248927,0.011428571428571429,0.3342857142857143,11.425714285714285,0.008583690987124463,0.0,0.046041578778183635,0.11836634914903715,3.630901287553648,0.0,0.0,0.15,0.0815450643776824,0,0.12545658797323678,0.2640784839268993,0.9590815676261241,0.7749635425196788,0.0,1.0,0.0,0.0,0.0,0.0,0.0,0.08,0.017167381974248927,0.05,0.25
263,0.98309327885378,0.46109883419013237,0.9287315468465025,0.4644888894157152,0.26235045025828074,0.46249364241519203,0.8369098712446352,0.38238240414010427,0.3824123737706386,0.10300429184549356,0.5571428571428572,0.361973676317483,0.3703533010566131,0.08,0.0,0.0,0.3342857142857143,11.434285714285714,0.008583690987124463,0.0,0.046041578778183635,0.11836634914903715,3.630901287553648,0.0,0.0,0.15,0.0815450643776824,0,0.12482930503337061,0.2627580915072648,0.9398999362736017,0.7594642716692853,0.0,0.0,0.0,0.0,0.0,0.0,0.0,0.08,0.0,0.05,0.25
264,0.9826151297370835,0.46157480644145893,0.9284132361488159,0.46510377598121666,0.26235045025828074,0.4625730763366355,0.7982832618025751,0.38238240414010427,0.3824123737706386,0.10300429184549356,0.5314285714285715,0.361973676317483,0.3703533010566131,0.08,0.012875536480686695,0.008571428571428572,0.3342857142857143,11.442857142857143,0.008583690987124463,0.0,0.046041578778183635,0.11836634914903715,3.630901287553648,0.0,0.0,0.15,0.0815450643776824,0,0.12426215850820378,0.2614443010497285,0.9296733661195581,0.7442749862358995,0.0,1.0,0.0,0.0,0.0,0.0,0.0,0.08,0.012875536480686695,0.05,0.25
265,0.9809315754877174,0.46238964362735757,0.9272924700342376,0.46560394036940334,0.26235045025828074,0.4626713529982541,0.7982832618025751,0.38238240414010427,0.3824123737706386,0.10300429184549356,0.5314285714285715,0.361973676317483,0.3703533010566131,0.08,0.02145922746781116,0.014285714285714285,0.3342857142857143,11.451428571428572,0.008583690987124463,0.0,0.046041578778183635,0.11836634914903715,3.630901287553648,0.0,0.0,0.15,0.0815450643776824,0,0.12375470557280559,0.26013707954447984,0.9253656130828812,0.7293894865111815,0.0,1.0,0.0,0.0,0.0,0.0,0.0,0.08,0.02145922746781116,0.05,0.25
266,0.980029189190163,0.4626256232352667,0.9266917385847231,0.4659318581661654,0.26235045025828074,0.46277191159771186,0.8454935622317596,0.38238240414010427,0.3824123737706386,0.10300429184549356,0.5628571428571428,0.361973676317483,0.3703533010566131,0.08,0.0,0.0,0.3342857142857143,11.465714285714286,0.008583690987124463,0.0,0.046041578778183635,0.11836634914903715,3.630901287553648,0.0,0.0,0.15,0.0815450643776824,0,0.12313593204494157,0.25883639414675746,0.9068583008212237,0.7148016967809578,0.0,0.0,0.0,0.0,0.0,0.0,0.0,0.08,0.0,0.05,0.25
267,0.9794899207801543,0.46297371875614374,0.9263327399003458,0.4662242582184558,0.26235045025828074,0.46280094173590375,0.7811158798283262,0.38238240414010427,0.3824123737706386,0.10300429184549356,0.52,0.361973676317483,0.3703533010566131,0.08,0.017167381974248927,0.011428571428571429,0.3342857142857143,11.477142857142857,0.008583690987124463,0.0,0.046041578778183635,0.11836634914903715,3.630901287553648,0.0,0.0,0.15,0.0815450643776824,0,0.12263425238471685,0.2575422121760237,0.9001497062333705,0.7005056628453387,0.0,1.0,0.0,0.0,0.0,0.0,0.0,0.08,0.017167381974248927,0.05,0.25
268,0.980984590725026,0.4632018499338452,0.9273277630350747,0.4666181320700291,0.26235045025828074,0.46290730581906203,0.7725321888412017,0.38238240414010427,0.3824123737706386,0.10300429184549356,0.5142857142857142,0.361973676317483,0.3703533010566131,0.08,0.017167381974248927,0.011428571428571429,0.3342857142857143,11.482857142857142,0.012875536480686695,0.0,0.046041578778183635,0.11836634914903715,3.630901287553648,0.0,0.0,0.15,0.0815450643776824,0,0.12207822397993613,0.2562545011151436,0.8935752835372747,0.6864955495884318,0.0,1.0,0.0,0.0,0.0,0.0,0.0,0.08,0.017167381974248927,0.05,0.25
269,0.9808262105031094,0.4631836724510453,0.9272223270587701,0.4665281221504769,0.26235045025828074,0.4629911696988045,0.7896995708154506,0.38238240414010427,0.3824123737706386,0.10300429184549356,0.5257142857142857,0.361973676317483,0.3703533010566131,0.08,0.012875536480686695,0.008571428571428572,0.3342857142857143,11.497142857142856,0.012875536480686695,0.0,0.046041578778183635,0.11836634914903715,3.630901287553648,0.0,0.0,0.15,0.0815450643776824,0,0.12149640428860786,0.2549732286095679,0.8842752064379578,0.6727656385966632,0.0,1.0,0.0,0.0,0.0,0.0,0.0,0.08,0.012875536480686695,0.05,0.25
270,0.9802592384127325,0.4635054001319194,0.926844885638605,0.4667348896950432,0.26235045025828074,0.46320352997857467,0.8197424892703863,0.38238240414010427,0.3824123737706386,0.10300429184549356,0.5457142857142857,0.361973676317483,0.3703533010566131,0.08,0.008583690987124463,0.005714285714285714,0.3342857142857143,11.494285714285715,0.012875536480686695,0.0,0.046041578778183635,0.11836634914903715,3.630901287553648,0.0,0.0,0.15,0.0815450643776824,0,0.12094592226716482,0.25369836246652006,0.8723039880234843,0.6593103258247299,0.0,1.0,0.0,0.0,0.0,0.0,0.0,0.08,0.008583690987124463,0.05,0.25
271,0.98122656868577,0.46300379647816303,0.92748885122037,0.46634143977398723,0.26235045025828074,0.4632204108329988,0.7896995708154506,0.38238240414010427,0.3824123737706386,0.10300429184549356,0.5257142857142857,0.361973676317483,0.3703533010566131,0.08,0.008583690987124463,0.005714285714285714,0.3342857142857143,11.51142857142857,0.012875536480686695,0.0,0.046041578778183635,0.11836634914903715,3.630901287553648,0.0,0.0,0.15,0.0815450643776824,0,0.12036976408440044,0.2524298706541874,0.8605721939773002,0.6461241193082353,0.0,1.0,0.0,0.0,0.0,0.0,0.0,0.08,0.008583690987124463,0.05,0.25
272,0.9813704567050517,0.46216951927304967,0.927637866796906,0.46566458072818107,0.26235045025828074,0.4630023484020026,0.7801724137931034,0.38242635891327625,0.3831110100799571,0.10344827586206896,0.5171428571428571,0.361973676317483,0.3703533010566131,0.08,0.021551724137931036,0.014285714285714285,0.33714285714285713,11.525714285714285,0.01293103448275862,0.002857142857142857,0.046115967353850235,0.11836634914903715,3.5948275862068964,0.0,0.0,0.15,0.08189655172413793,0,0.11988177312112129,0.25116772130091647,0.8576464643834684,0.6332016369220705,0.0,1.0,0.0,0.0,0.0,0.0,0.0,0.08,0.02145922746781116,0.05,0.25
273,0.9829793813219512,0.4633389275442794,0.9287043539715364,0.4662966886398879,0.26235045025828074,0.46277788085596144,0.8620689655172413,0.38242635891327625,0.3831110100799571,0.10344827586206896,0.5714285714285714,0.361973676317483,0.3703533010566131,0.08,0.017241379310344827,0.011428571428571429,0.33714285714285713,11.548571428571428,0.01293103448275862,0.0,0.046115967353850235,0.11836634914903715,3.5948275862068964,0.0,0.0,0.15,0.08189655172413793,0,0.11933950711265855,0.24991188269441186,0.8519221065243705,0.6205376041836291,0.0,1.0,0.0,0.0,0.0,0.0,0.0,0.08,0.017241379310344827,0.05,0.25
274,0.9832805050770079,0.4640216780379127,0.9289517259889541,0.4674928952270083,0.26235045025828074,0.46260557077538317,0.8311688311688312,0.3818881531731764,0.3829313559376469,0.1038961038961039,0.5485714285714286,0.3618593906031973,0.3702675867708988,0.08,0.025974025974025976,0.02,0.34,11.554285714285715,0.008658008658008658,0.002857142857142857,0.046161838535254004,0.11836634914903714,3.5411255411255413,0.0,0.0,0.15,0.08225108225108226,0,0.11922852386280954,0.25905914813301295,0.854883664393883,0.6143070892019757,0.0,0.8571428571428571,0.0,0.0,0.0,0.0,0.0,0.08,0.03017241379310345,0.05,0.25
275,0.9840301909066888,0.4632887070707004,0.9294465186365434,0.46715220896076176,0.26235045025828074,0.46247342900394744,0.8354978354978355,0.3818881531731764,0.3829313559376469,0.1038961038961039,0.5514285714285714,0.3618593906031973,0.3702675867708988,0.08,0.021645021645021644,0.014285714285714285,0.34,11.557142857142857,0.008658008658008658,0.0,0.04622770195438242,0.11836634914903714,3.5411255411255413,0.0,0.0,0.15,0.07792207792207792,0,0.11868952410063832,0.2577638523923479,0.8520717053917198,0.6020209474179363,0.0,1.0,0.0,0.0,0.0,0.0,0.0,0.08,0.021645021645021644,0.05,0.25
276,0.9829573000275721,0.4637694237945807,0.9287660913134936,0.46726547805696717,0.26235045025828074,0.4622999254411735,0.8043478260869565,0.38254594777363554,0.3837374476650792,0.10434782608695652,0.5285714285714286,0.3618593906031973,0.3702675867708988,0.08,0.004347826086956522,0.002857142857142857,0.34285714285714286,11.56,0.004347826086956522,0.002857142857142857,0.04624734318864617,0.11836634914903714,3.5217391304347827,0.0,0.0,0.15,0.0782608695652174,0,0.11812464790870657,0.2564750331303861,0.8378874141410282,0.5899805284695776,0.0,1.0,0.0,0.0,0.0,0.0,0.0,0.08,0.004329004329004329,0.05,0.25
277,0.9825697832505632,0.4613304894496749,0.928511437431459,0.46517161966220155,0.26235045025828074,0.46215147069401585,0.782608695652174,0.38254594777363554,0.3837374476650792,0.10434782608695652,0.5142857142857142,0.3618593906031973,0.3702675867708988,0.08,0.017391304347826087,0.011428571428571429,0.34285714285714286,11.571428571428571,0.004347826086956522,0.0,0.04626592695393906,0.11836634914903714,3.5217391304347827,0.0,0.0,0.15,0.0782608695652174,0,0.11761959609773448,0.25519265796473417,0.8325582372867791,0.578180917900186,0.0,1.0,0.0,0.0,0.0,0.0,0.0,0.08,0.017391304347826087,0.05,0.25
278,0.9828620689147678,0.46052077443134926,0.9287035108679365,0.4647467436142768,0.26235045025828074,0.46183423462024525,0.8217391304347826,0.38254594777363554,0.3837374476650792,0.10434782608695652,0.54,0.3618593906031973,0.3702675867708988,0.08,0.013043478260869565,0.008571428571428572,0.34285714285714286,11.585714285714285,0.004347826086956522,0.0,0.04626592695393906,0.11836634914903714,3.5217391304347827,0.0,0.0,0.15,0.0782608695652174,0,0.11706006954581723,0.2539166946749105,0.824478501112472,0.5666172995421823,0.0,1.0,0.0,0.0,0.0,0.0,0.0,0.08,0.013043478260869565,0.05,0.25
279,0.9815872549707226,0.4595151445433371,0.9278657759904211,0.4640186316335844,0.26235045025828074,0.46142296249845377,0.7913043478260869,0.38254594777363554,0.3837374476650792,0.10434782608695652,0.52,0.3618593906031973,0.3702675867708988,0.08,0.017391304347826087,0.011428571428571429,0.34285714285714286,11.6,0.004347826086956522,0.0,0.04626592695393906,0.11836634914903714,3.5217391304347827,0.0,0.0,0.15,0.0782608695652174,0,0.11656034062665957,0.252647111201536,0.8194175025187942,0.5552849535513386,0.0,1.0,0.0,0.0,0.0,0.0,0.0,0.08,0.017391304347826087,0.05,0.25
280,0.9835869330057488,0.4591608938915483,0.9291798501277237,0.4633676407035406,0.26235045025828074,0.4608950698256212,0.8130434782608695,0.38254594777363554,0.3837374476650792,0.10434782608695652,0.5342857142857143,0.3618593906031973,0.3702675867708988,0.08,0.004347826086956522,0.002857142857142857,0.34285714285714286,11.611428571428572,0.004347826086956522,0.0,0.04626592695393906,0.11836634914903714,3.5217391304347827,0.0,0.0,0.15,0.0782608695652174,0,0.11600611035209768,0.25138387564552833,0.805886295325561,0.5441792544803118,0.0,1.0,0.0,0.0,0.0,0.0,0.0,0.08,0.004347826086956522,0.05,0.25
281,0.9836590131235384,0.45946122926624383,0.9292272170622713,0.46377867605258855,0.26235045025828074,0.46025276236299956,0.7739130434782608,0.38254594777363554,0.3837374476650792,0.10434782608695652,0.5085714285714286,0.3618593906031973,0.3702675867708988,0.08,0.021739130434782608,0.014285714285714285,0.34285714285714286,11.622857142857143,0.008695652173913044,0.0,0.04626592695393906,0.11836634914903714,3.5217391304347827,0.0,0.0,0.15,0.0782608695652174,0,0.11551165122890865,0.25012695626730064,0.804054283704764,0.5332956693907056,0.0,1.0,0.0,0.0,0.0,0.0,0.0,0.08,0.021739130434782608,0.05,0.25
282,0.982133317391465,0.4602132993280019,0.928224617009766,0.4643227961841051,0.26235045025828074,0.4597539519087978,0.8130434782608695,0.38254594777363554,0.3837374476650792,0.10434782608695652,0.5342857142857143,0.3618593906031973,0.3702675867708988,0.08,0.021739130434782608,0.014285714285714285,0.34285714285714286,11.628571428571428,0.008695652173913044,0.0,0.04626592695393906,0.11836634914903714,3.5217391304347827,0.0,0.0,0.15,0.0782608695652174,0,0.11499123582990696,0.24887632148596414,0.8022589123163829,0.5226297560028914,0.0,1.0,0.0,0.0,0.0,0.0,0.0,0.08,0.021739130434782608,0.05,0.25
283,0.9838637693747009,0.4603181235289572,0.929361771170178,0.4643012468166856,0.26235045025828074,0.4593672129618846,0.7913043478260869,0.38254594777363554,0.3837374476650792,0.10434782608695652,0.52,0.3618593906031973,0.3702675867708988,0.08,0.021739130434782608,0.014285714285714285,0.34285714285714286,11.64,0.013043478260869565,0.0,0.04626592695393906,0.11836634914903714,3.5217391304347827,0.0,0.0,0.15,0.0782608695652174,0,0.11447342250790027,0.24763193987853432,0.8004994483557696,0.5121771608828336,0.0,1.0,0.0,0.0,0.0,0.0,0.0,0.08,0.021739130434782608,0.05,0.25
284,0.9853909788049274,0.4613356846745793,0.9303653659386127,0.46468538600757436,0.26235045025828074,0.4590475751554671,0.8347826086956521,0.38254594777363554,0.3837374476650792,0.10434782608695652,0.5485714285714286,0.3618593906031973,0.3702675867708988,0.08,0.021739130434782608,0.014285714285714285,0.34285714285714286,11.657142857142857,0.013043478260869565,0.0,0.04626592695393906,0.11836634914903714,3.5217391304347827,0.0,0.0,0.15,0.0782608695652174,0,0.1139581982525036,0.24639378017914165,0.7987751736743686,0.5019336176651769,0.0,1.0,0.0,0.0,0.0,0.0,0.0,0.08,0.021739130434782608,0.05,0.25
285,0.9844981181643119,0.46138504919580503,0.9297883413560921,0.46517431522856206,0.26235045025828074,0.4587554037559393,0.8209606986899564,0.38329987552645134,0.3828439762622802,0.10480349344978165,0.5371428571428571,0.3618593906031973,0.3702675867708988,0.08,0.008733624454148471,0.008571428571428572,0.3457142857142857,11.674285714285714,0.013100436681222707,0.002857142857142857,0.046267305874268826,0.11836634914903713,3.502183406113537,0.0,0.0,0.15,0.07860262008733625,0,0.11341697868981254,0.24516181127824596,0.7913710987723097,0.4918949453118733,0.0,1.0,0.0,0.0,0.0,0.0,0.0,0.08,0.013043478260869565,0.05,0.25
286,0.9855894297022801,0.4609857096923756,0.9304564564531579,0.4648238386974264,0.26235045025828074,0.45855775847054486,0.8245614035087719,0.38415397405982266,0.3832871752486152,0.10526315789473684,0.5371428571428571,0.3618593906031973,0.3702675867708988,0.08,0.013157894736842105,0.008571428571428572,0.3485714285714286,11.688571428571429,0.008771929824561403,0.002857142857142857,0.04631280253471727,0.11836634914903714,3.473684210526316,0.0,0.0,0.15,0.07894736842105263,0,0.11290689379636348,0.24393600222185471,0.784115105368292,0.4820570464056358,0.0,1.0,0.0,0.0,0.0,0.0,0.0,0.08,0.013100436681222707,0.05,0.25
287,0.9847878415373039,0.4597135069977224,0.9299342790199733,0.4641777436078626,0.26235045025828074,0.45868771673172287,0.7850877192982456,0.38406625476157696,0.38322138577493103,0.10526315789473684,0.5114285714285715,0.36180224774605446,0.37022472962804176,0.08,0.021929824561403508,0.014285714285714285,0.3485714285714286,11.7,0.008771929824561403,0.0,0.04634953909087796,0.11836634914903714,3.473684210526316,0.0,0.0,0.15,0.07894736842105263,0,0.11285650218452452,0.24271632221074543,0.7827185175466405,0.48607195598842856,0.0,0.8,0.0,0.0,0.0,0.0,0.0,0.08,0.021929824561403508,0.05,0.25
288,0.9858022847809119,0.4598668953164265,0.9305951163329522,0.46409236186280994,0.26235045025828074,0.45870029333067996,0.793859649122807,0.38406625476157696,0.38322138577493103,0.10526315789473684,0.5171428571428571,0.36180224774605446,0.37022472962804176,0.08,0.013157894736842105,0.008571428571428572,0.3485714285714286,11.711428571428572,0.008771929824561403,0.0,0.04634953909087796,0.11836634914903714,3.473684210526316,0.0,0.0,0.15,0.07894736842105263,0,0.11232079110217331,0.2415027405996917,0.7756355757671363,0.47635051686866,0.0,1.0,0.0,0.0,0.0,0.0,0.0,0.08,0.013157894736842105,0.05,0.25
289,0.9870028517619105,0.4591438788530615,0.9313771999662884,0.46363368272679834,0.26235045025828074,0.4587966895710611,0.8114035087719298,0.38406625476157696,0.38322138577493103,0.10526315789473684,0.5285714285714286,0.36180224774605446,0.37022472962804176,0.08,0.017543859649122806,0.011428571428571429,0.3485714285714286,11.722857142857142,0.008771929824561403,0.0,0.04634953909087796,0.11836634914903714,3.473684210526316,0.0,0.0,0.15,0.07894736842105263,0,0.11184475857523388,0.24029522689669325,0.7715514356803648,0.4668235065312868,0.0,1.0,0.0,0.0,0.0,0.0,0.0,0.08,0.017543859649122806,0.05,0.25
290,0.9867847553397013,0.45876697442108727,0.931235125725535,0.4631582415141359,0.26235045025828074,0.45876901743404763,0.7982456140350878,0.38406625476157696,0.38322138577493103,0.10526315789473684,0.52,0.36180224774605446,0.37022472962804176,0.08,0.017543859649122806,0.011428571428571429,0.3485714285714286,11.734285714285715,0.008771929824561403,0.0,0.04634953909087796,0.11836634914903714,3.473684210526316,0.0,0.0,0.15,0.07894736842105263,0,0.11134267763950058,0.23909375076220976,0.7675489783953291,0.457487036400661,0.0,1.0,0.0,0.0,0.0,0.0,0.0,0.08,0.017543859649122806,0.05,0.25
291,0.9866290064529125,0.45854297147900563,0.9311336664507127,0.4622306709425659,0.26235045025828074,0.45887177749373587,0.8201754385964912,0.3837153775685946,0.3829582278801942,0.10526315789473684,0.5342857142857143,0.36157367631748305,0.37005330105661316,0.08,0.03070175438596491,0.02,0.3485714285714286,11.745714285714286,0.013157894736842105,0.0,0.04634953909087796,0.11836634914903714,3.473684210526316,0.0,0.0,0.15,0.07894736842105263,0,0.1121288213941602,0.23789828200839871,0.7721979988274223,0.530308862433495,0.0,0.5714285714285714,0.0,0.0,0.0,0.0,0.0,0.08,0.03070175438596491,0.05,0.25
292,0.986230770410429,0.45957916213724137,0.9308742441144663,0.4634385102486884,0.26235045025828074,0.4588940851220471,0.8201754385964912,0.3837153775685946,0.3829582278801942,0.10526315789473684,0.5342857142857143,0.36157367631748305,0.37005330105661316,0.08,0.017543859649122806,0.011428571428571429,0.3485714285714286,11.757142857142858,0.017543859649122806,0.0,0.04634953909087796,0.11836634914903714,3.473684210526316,0.0,0.0,0.15,0.07894736842105263,0,0.11162532014433225,0.23670879059835673,0.7681826102794455,0.5197026851848251,0.0,1.0,0.0,0.0,0.0,0.0,0.0,0.08,0.017543859649122806,0.05,0.25
293,0.9855776462279128,0.45996217865942757,0.9304487803612842,0.46352474437101054,0.26235045025828074,0.45894825194079697,0.7719298245614035,0.3837153775685946,0.3829582278801942,0.10526315789473684,0.5028571428571429,0.36157367631748305,0.37005330105661316,0.08,0.017543859649122806,0.011428571428571429,0.3485714285714286,11.768571428571429,0.017543859649122806,0.0,0.04634953909087796,0.11836634914903714,3.473684210526316,0.0,0.0,0.15,0.07894736842105263,0,0.11112433640075346,0.23552524664536492,0.7642475295024279,0.5093086314811286,0.0,1.0,0.0,0.0,0.0,0.0,0.0,0.08,0.017543859649122806,0.05,0.25
294,0.9862456223441325,0.4594181090385359,0.9308839190884217,0.46332613696535874,0.26235045025828074,0.4589750855096258,0.8421052631578947,0.3837153775685946,0.3829582278801942,0.10526315789473684,0.5485714285714286,0.36157367631748305,0.37005330105661316,0.08,0.017543859649122806,0.011428571428571429,0.3485714285714286,11.78,0.017543859649122806,0.0,0.04634953909087796,0.11836634914903714,3.473684210526316,0.0,0.0,0.15,0.07894736842105263,0,0.11062585757589255,0.2343476204121381,0.7603911503409507,0.49912245885150597,0.0,1.0,0.0,0.0,0.0,0.0,0.0,0.08,0.017543859649122806,0.05,0.25
295,0.9855670143783168,0.4597145573931748,0.9304418544706904,0.4635505957688272,0.26235045025828074,0.45894894137065523,0.7894736842105263,0.3837153775685946,0.3829582278801942,0.10526315789473684,0.5142857142857142,0.36157367631748305,0.37005330105661316,0.08,0.013157894736842105,0.008571428571428572,0.3485714285714286,11.791428571428572,0.017543859649122806,0.0,0.04634953909087796,0.11836634914903714,3.473684210526316,0.0,0.0,0.15,0.07894736842105263,0,0.11010129971658451,0.2331758823100774,0.7537547559055604,0.48914000967447585,0.0,1.0,0.0,0.0,0.0,0.0,0.0,0.08,0.013157894736842105,0.05,0.25
296,0.9847200554721255,0.4594988755158633,0.9298901212403713,0.4630258936475993,0.26235045025828074,0.4588582575031124,0.8114035087719298,0.3837153775685946,0.3829582278801942,0.10526315789473684,0.5285714285714286,0.36157367631748305,0.37005330105661316,0.08,0.017543859649122806,0.011428571428571429,0.3485714285714286,11.802857142857142,0.017543859649122806,0.0,0.04634953909087796,0.11836634914903714,3.473684210526316,0.0,0.0,0.15,0.07894736842105263,0,0.10963636464657303,0.23201000289852702,0.7501082322160204,0.4793572094809863,0.0,1.0,0.0,0.0,0.0,0.0,0.0,0.08,0.017543859649122806,0.05,0.25
297,0.9856598102741406,0.45886602178512853,0.9305023043685411,0.46317515252468866,0.26235045025828074,0.45870378534383033,0.8026315789473685,0.3837153775685946,0.3829582278801942,0.10526315789473684,0.5228571428571429,0.36157367631748305,0.37005330105661316,0.08,0.017543859649122806,0.011428571428571429,0.3485714285714286,11.814285714285715,0.017543859649122806,0.0,0.04634953909087796,0.11836634914903714,3.473684210526316,0.0,0.0,0.15,0.07894736842105263,0,0.10914532568048302,0.2308499528840344,0.7465346390002716,0.4697700652913666,0.0,1.0,0.0,0.0,0.0,0.0,0.0,0.08,0.017543859649122806,0.05,0.25
298,0.9846495940227822,0.45883550618551877,0.9298442206390848,0.46271775488319217,0.26235045025828074,0.4584813760848679,0.8464912280701754,0.3837153775685946,0.3829582278801942,0.10526315789473684,0.5514285714285714,0.36157367631748305,0.37005330105661316,0.08,0.017543859649122806,0.011428571428571429,0.3485714285714286,11.825714285714286,0.017543859649122806,0.0,0.04634953909087796,0.11836634914903714,3.473684210526316,0.0,0.0,0.15,0.07894736842105263,0,0.10865674190922346,0.22969570311961424,0.7430325176488374,0.4603746639855393,0.0,1.0,0.0,0.0,0.0,0.0,0.0,0.08,0.017543859649122806,0.05,0.25
299,0.9834825263045183,0.4590857835265715,0.9290839593826156,0.46306733800884275,0.26235045025828074,0.45853420141515205,0.8289473684210527,0.3837153775685946,0.3829582278801942,0.10526315789473684,0.54,0.36157367631748305,0.37005330105661316,0.08,0.013157894736842105,0.008571428571428572,0.3485714285714286,11.837142857142856,0.017543859649122806,0.0,0.04634953909087796,0.11836634914903714,3.473684210526316,0.0,0.0,0.15,0.07894736842105263,0,0.10814202962824875,0.22854722460401616,0.7367432958672893,0.45116717070582846,0.0,1.0,0.0,0.0,0.0,0.0,0.0,0.08,0.013157894736842105,0.05,0.25
300,0.9843776254230755,0.4592735175244486,0.9296670525227044,0.46326005876403037,0.26235045025828074,0.45856776663162246,0.7763157894736842,0.3837153775685946,0.3829582278801942,0.10526315789473684,0.5057142857142857,0.36157367631748305,0.37005330105661316,0.08,0.017543859649122806,0.011428571428571429,0.3485714285714286,11.848571428571429,0.017543859649122806,0.0,0.04634953909087796,0.11836634914903714,3.473684210526316,0.0,0.0,0.15,0.07894736842105263,0,0.10768689090867894,0.2274044884809961,0.7334370013785149,0.44214382729171187,0.0,1.0,0.0,0.0,0.0,0.0,0.0,0.08,0.017543859649122806,0.05,0.25
301,0.9852291915799812,0.4594026350442128,0.9302217870477746,0.4633720605088102,0.26235045025828074,0.45871373280538275,0.7675438596491229,0.3837153775685946,0.3829582278801942,0.10526315789473684,0.5,0.36157367631748305,0.37005330105661316,0.08,0.013157894736842105,0.008571428571428572,0.3485714285714286,11.86,0.017543859649122806,0.0,0.04634953909087796,0.11836634914903714,3.473684210526316,0.0,0.0,0.15,0.07894736842105263,0,0.10717702788270697,0.2262674660385911,0.7273396899223731,0.4333009507458776,0.0,1.0,0.0,0.0,0.0,0.0,0.0,0.08,0.013157894736842105,0.05,0.25
302,0.985372498871582,0.4598306000029256,0.9303151415120172,0.46409227002762965,0.26235045025828074,0.45887882815760384,0.7675438596491229,0.3837153775685946,0.3829582278801942,0.10526315789473684,0.5,0.36157367631748305,0.37005330105661316,0.08,0.017543859649122806,0.011428571428571429,0.3485714285714286,11.871428571428572,0.017543859649122806,0.0,0.04634953909087796,0.11836634914903714,3.473684210526316,0.0,0.0,0.15,0.07894736842105263,0,0.10672671417186487,0.22513612870839816,0.7242214675524971,0.42463493173096006,0.0,1.0,0.0,0.0,0.0,0.0,0.0,0.08,0.017543859649122806,0.05,0.25
303,0.9844499537016211,0.4599733605446781,0.9297141692298713,0.4644714184029798,0.26235045025828074,0.4590091458128827,0.8026315789473685,0.3837153775685946,0.3829582278801942,0.10526315789473684,0.5228571428571429,0.36157367631748305,0.37005330105661316,0.08,0.017543859649122806,0.011428571428571429,0.3485714285714286,11.882857142857143,0.017543859649122806,0.0,0.04634953909087796,0.11836634914903714,3.473684210526316,0.0,0.0,0.15,0.07894736842105263,0,0.10625022345814841,0.22401044806485615,0.7211656096300185,0.41614223309634085,0.0,1.0,0.0,0.0,0.0,0.0,0.0,0.08,0.017543859649122806,0.05,0.25
304,0.9851645194281036,0.45969144262373096,0.9301796577602657,0.46420330225219947,0.26235045025828074,0.459179990698315,0.793859649122807,0.3837153775685946,0.3829582278801942,0.10526315789473684,0.5171428571428571,0.36157367631748305,0.37005330105661316,0.08,0.0043859649122807015,0.002857142857142857,0.3485714285714286,11.894285714285715,0.017543859649122806,0.0,0.04634953909087796,0.11836634914903714,3.473684210526316,0.0,0.0,0.15,0.07894736842105263,0,0.1057475437694291,0.22289039582453188,0.709599440294561,0.407819388434414,0.0,1.0,0.0,0.0,0.0,0.0,0.0,0.08,0.0043859649122807015,0.05,0.25
305,0.9845051069047974,0.4602395027675069,0.9297500976022262,0.46490771779705864,0.26235045025828074,0.4592358354441496,0.7763157894736842,0.3837153775685946,0.3829582278801942,0.10526315789473684,0.5057142857142857,0.36157367631748305,0.37005330105661316,0.08,0.017543859649122806,0.011428571428571429,0.3485714285714286,11.905714285714286,0.017543859649122806,0.0,0.04634953909087796,0.11836634914903714,3.473684210526316,0.0,0.0,0.15,0.07894736842105263,0,0.10530437747915337,0.22177594384540922,0.7068360229172412,0.39966300066572574,0.0,1.0,0.0,0.0,0.0,0.0,0.0,0.08,0.017543859649122806,0.05,0.25
306,0.9836549511750253,0.4605745931569433,0.929196281869689,0.46547857569736917,0.26235045025828074,0.45933956899777084,0.7456140350877193,0.3837153775685946,0.3829582278801942,0.10526315789473684,0.4857142857142857,0.36157367631748305,0.37005330105661316,0.08,0.017543859649122806,0.011428571428571429,0.3485714285714286,11.917142857142856,0.017543859649122806,0.0,0.04634953909087796,0.11836634914903714,3.473684210526316,0.0,0.0,0.15,0.07894736842105263,0,0.10483499844890046,0.22066706412618217,0.7041278738874678,0.3916697406524112,0.0,1.0,0.0,0.0,0.0,0.0,0.0,0.08,0.017543859649122806,0.05,0.25
307,0.9833115365622407,0.4605022192151662,0.9289725717790749,0.4652685198744589,0.26235045025828074,0.45950703242093927,0.8114035087719298,0.3837153775685946,0.3829582278801942,0.10526315789473684,0.5285714285714286,0.36157367631748305,0.37005330105661316,0.08,0.017543859649122806,0.011428571428571429,0.3485714285714286,11.928571428571429,0.017543859649122806,0.0,0.04634953909087796,0.11836634914903714,3.473684210526316,0.0,0.0,0.15,0.07894736842105263,0,0.10436796631379881,0.21956372880555125,0.7014738878382899,0.383836345839363,0.0,1.0,0.0,0.0,0.0,0.0,0.0,0.08,0.017543859649122806,0.05,0.25
308,0.9833691884161784,0.4592715069685379,0.9290101278439259,0.4640794731477172,0.26235045025828074,0.45953661128417,0.793859649122807,0.3837153775685946,0.3829582278801942,0.10526315789473684,0.5171428571428571,0.36157367631748305,0.37005330105661316,0.08,0.017543859649122806,0.011428571428571429,0.3485714285714286,11.94,0.017543859649122806,0.0,0.04634953909087796,0.11836634914903714,3.473684210526316,0.0,0.0,0.15,0.07894736842105263,0,0.10390326933937268,0.21846591016152347,0.6988729815100955,0.37615961892257566,0.0,1.0,0.0,0.0,0.0,0.0,0.0,0.08,0.017543859649122806,0.05,0.25
309,0.9833775238093816,0.4591529407598948,0.9288949899278639,0.46370579086547886,0.26235045025828074,0.4595817806108634,0.8061674008810573,0.3843459561749888,0.38198582110194135,0.10572687224669604,0.5228571428571429,0.36157367631748305,0.37005330105661316,0.08,0.013215859030837005,0.011428571428571429,0.3514285714285714,11.951428571428572,0.013215859030837005,0.002857142857142857,0.046348021134592174,0.11836634914903715,3.462555066079295,0.0,0.0,0.15,0.07929515418502203,0,0.10344089584981866,0.21737358061071588,0.696324093308465,0.36863642654412415,0.0,1.0,0.0,0.0,0.0,0.0,0.0,0.08,0.017543859649122806,0.05,0.25
310,0.9819238101697598,0.45978239572374785,0.9279521527958806,0.46383764696033497,0.26235045025828074,0.45967938350027776,0.8325991189427313,0.3843459561749888,0.38198582110194135,0.10572687224669604,0.54,0.36157367631748305,0.37005330105661316,0.08,0.013215859030837005,0.008571428571428572,0.3514285714285714,11.96,0.013215859030837005,0.0,0.046367334054607585,0.11836634914903715,3.462555066079295,0.0,0.0,0.15,0.07929515418502203,0,0.10298083422771244,0.2162867127076623,0.6909690400137243,0.36126369801324165,0.0,1.0,0.0,0.0,0.0,0.0,0.0,0.08,0.013215859030837005,0.05,0.25
311,0.9819942051497164,0.4587175018080151,0.9279978089685954,0.4628379284682555,0.26235045025828074,0.4596484040957782,0.73568281938326,0.3843459561749888,0.38198582110194135,0.10572687224669604,0.47714285714285715,0.36157367631748305,0.37005330105661316,0.08,0.013215859030837005,0.008571428571428572,0.3514285714285714,11.968571428571428,0.013215859030837005,0.0,0.046367334054607585,0.11836634914903715,3.462555066079295,0.0,0.0,0.15,0.07929515418502203,0,0.10252307291371673,0.215205279144124,0.6857210877848784,0.3540384240529768,0.0,1.0,0.0,0.0,0.0,0.0,0.0,0.08,0.013215859030837005,0.05,0.25
312,0.9816287430653459,0.4581994327509429,0.9277607807024465,0.46247294342364326,0.26235045025828074,0.45951768032206836,0.762114537444934,0.38416974472124427,0.38185366251163294,0.10572687224669604,0.4942857142857143,0.3614593906031973,0.36996758677089886,0.08,0.01762114537444934,0.011428571428571429,0.3514285714285714,11.977142857142857,0.013215859030837005,0.0,0.046367334054607585,0.11836634914903715,3.462555066079295,0.0,0.0,0.15,0.07929515418502203,0,0.10249617183486241,0.22249799904255044,0.6834352374577523,0.38991834050115765,0.0,0.75,0.0,0.0,0.0,0.0,0.0,0.08,0.01762114537444934,0.05,0.25
313,0.9815149750448425,0.45789838306542957,0.927686994014863,0.4623650973588648,0.26235045025828074,0.4593808471547399,0.8105726872246696,0.38416974472124427,0.38185366251163294,0.10572687224669604,0.5257142857142857,0.3614593906031973,0.36996758677089886,0.08,0.013215859030837005,0.008571428571428572,0.3514285714285714,11.985714285714286,0.013215859030837005,0.0,0.046367334054607585,0.11836634914903715,3.462555066079295,0.0,0.0,0.15,0.07929515418502203,0,0.102040833832831,0.2213855090473377,0.6783379612800258,0.3821199736911345,0.0,1.0,0.0,0.0,0.0,0.0,0.0,0.08,0.013215859030837005,0.05,0.25
314,0.9824085082668343,0.45777316254940986,0.9282665141331261,0.4626290530235589,0.26235045025828074,0.45919051179924164,0.8325991189427313,0.38416974472124427,0.38185366251163294,0.10572687224669604,0.54,0.3614593906031973,0.36996758677089886,0.08,0.00881057268722467,0.005714285714285714,0.3514285714285714,11.994285714285715,0.013215859030837005,0.0,0.046367334054607585,0.11836634914903715,3.462555066079295,0.0,0.0,0.15,0.07929515418502203,0,0.10155920109223826,0.220278581502101,0.6704854877687111,0.3744775742173118,0.0,1.0,0.0,0.0,0.0,0.0,0.0,0.08,0.00881057268722467,0.05,0.25
315,0.9827512078039498,0.4574894879610328,0.9284887792614838,0.4628849033273053,0.26235045025828074,0.45905466984830096,0.7929515418502202,0.38416974472124427,0.38185366251163294,0.10572687224669604,0.5142857142857142,0.3614593906031973,0.36996758677089886,0.08,0.004405286343612335,0.002857142857142857,0.3514285714285714,12.002857142857144,0.013215859030837005,0.0,0.046367334054607585,0.11836634914903715,3.462555066079295,0.0,0.0,0.15,0.07929515418502203,0,0.10110840508677707,0.21917718859459048,0.6599329208704795,0.36698802273296555,0.0,1.0,0.0,0.0,0.0,0.0,0.0,0.08,0.004405286343612335,0.05,0.25
316,0.9816797170176002,0.45714467977346757,0.9277938409514799,0.4626669755422103,0.26235045025828074,0.45912587930806303,0.788546255506608,0.38416974472124427,0.38185366251163294,0.10572687224669604,0.5114285714285715,0.3614593906031973,0.36996758677089886,0.08,0.013215859030837005,0.008571428571428572,0.3514285714285714,12.01142857142857,0.013215859030837005,0.0,0.046367334054607585,0.11836634914903715,3.462555066079295,0.0,0.0,0.15,0.07929515418502203,0,0.10068843448991463,0.21808130265161754,0.6553056910244985,0.35964826227830626,0.0,1.0,0.0,0.0,0.0,0.0,0.0,0.08,0.013215859030837005,0.05,0.25
317,0.9832257665174639,0.4569167236903999,0.9287965644842487,0.4623025704323047,0.26235045025828074,0.45925435578674406,0.801762114537445,0.38416974472124427,0.38185366251163294,0.10572687224669604,0.52,0.3614593906031973,0.36996758677089886,0.08,0.013215859030837005,0.008571428571428572,0.3514285714285714,12.02,0.013215859030837005,0.0,0.046367334054607585,0.11836634914903715,3.462555066079295,0.0,0.0,0.15,0.07929515418502203,0,0.1002421351746079,0.21699089613835945,0.650771005775437,0.35245529703274014,0.0,1.0,0.0,0.0,0.0,0.0,0.0,0.08,0.013215859030837005,0.05,0.25
318,0.9836298005808245,0.4566346023223504,0.929058609433914,0.462249256593732,0.26235045025828074,0.45931683550800595,0.8105726872246696,0.38408163899437203,0.3817875832164787,0.10572687224669604,0.5257142857142857,0.36140224774605445,0.3699247296280417,0.08,0.013215859030837005,0.008571428571428572,0.3514285714285714,12.028571428571428,0.013215859030837005,0.0,0.046367334054607585,0.11836634914903715,3.462555066079295,0.0,0.0,0.15,0.07929515418502203,0,0.1001980673558777,0.21590594165766766,0.646327014231357,0.3872530529416268,0.0,0.6666666666666666,0.0,0.0,0.0,0.0,0.0,0.08,0.013215859030837005,0.05,0.25
319,0.9845750915981093,0.4578562843551026,0.9296716981794102,0.4627156162602184,0.26235045025828074,0.45935688246775375,0.7973568281938326,0.38408163899437203,0.3817875832164787,0.10572687224669604,0.5171428571428571,0.36140224774605445,0.3699247296280417,0.08,0.013215859030837005,0.008571428571428572,0.3514285714285714,12.037142857142857,0.013215859030837005,0.0,0.046367334054607585,0.11836634914903715,3.462555066079295,0.0,0.0,0.15,0.07929515418502203,0,0.09978264844766975,0.21482641194937932,0.6419719025181583,0.37950799188279427,0.0,1.0,0.0,0.0,0.0,0.0,0.0,0.08,0.013215859030837005,0.05,0.25
320,0.9834995602863497,0.4584777715146218,0.9289741393000689,0.46312095958192556,0.26235045025828074,0.45943892824614174,0.7973568281938326,0.38408163899437203,0.3817875832164787,0.10572687224669604,0.5171428571428571,0.36140224774605445,0.3699247296280417,0.08,0.004405286343612335,0.002857142857142857,0.3514285714285714,12.045714285714286,0.013215859030837005,0.0,0.046367334054607585,0.11836634914903715,3.462555066079295,0.0,0.0,0.15,0.07929515418502203,0,0.09931230663400283,0.2137522798896324,0.6319896073249379,0.3719178320451384,0.0,1.0,0.0,0.0,0.0,0.0,0.0,0.08,0.004405286343612335,0.05,0.25
321,0.982567202098265,0.45858536188053517,0.9283694384180826,0.46343701075014704,0.26235045025828074,0.4596005674268163,0.7797356828193832,0.38390542754062756,0.3816554246261703,0.10572687224669604,0.5057142857142857,0.3612879620317688,0.3698390153423274,0.08,0.01762114537444934,0.011428571428571429,0.3514285714285714,12.054285714285715,0.013215859030837005,0.0,0.046367334054607585,0.11836634914903715,3.462555066079295,0.0,0.0,0.15,0.07929515418502203,0,0.09932988795797566,0.2169474569491781,0.6307783866070107,0.3852716197510955,0.0,0.75,0.0,0.0,0.0,0.0,0.0,0.08,0.01762114537444934,0.05,0.25
322,0.9823544363274207,0.45863753371371757,0.928231444618135,0.46340122970381037,0.26235045025828074,0.459792708188303,0.8061674008810573,0.38390542754062756,0.3816554246261703,0.10572687224669604,0.5228571428571429,0.3612879620317688,0.3698390153423274,0.08,0.00881057268722467,0.005714285714285714,0.3514285714285714,12.062857142857142,0.013215859030837005,0.0,0.046367334054607585,0.11836634914903715,3.462555066079295,0.0,0.0,0.15,0.07929515418502203,0,0.09886180994675722,0.2158627196644322,0.6238771045891561,0.37756618735607356,0.0,1.0,0.0,0.0,0.0,0.0,0.0,0.08,0.00881057268722467,0.05,0.25
323,0.9803432023912061,0.4589878795662221,0.9269270157509328,0.4636085951179578,0.26235045025828074,0.459886596012649,0.8414096916299559,0.38390542754062756,0.3816554246261703,0.10572687224669604,0.5457142857142857,0.3612879620317688,0.3698390153423274,0.08,0.013215859030837005,0.008571428571428572,0.3514285714285714,12.071428571428571,0.013215859030837005,0.0,0.046367334054607585,0.11836634914903715,3.462555066079295,0.0,0.0,0.15,0.07929515418502203,0,0.09845307232559486,0.21478340606611004,0.6199709910688015,0.370014863608952,0.0,1.0,0.0,0.0,0.0,0.0,0.0,0.08,0.013215859030837005,0.05,0.25
324,0.9812537396324766,0.4585614382783039,0.9275175641902712,0.4627129033739232,0.26235045025828074,0.45991895931698523,0.788546255506608,0.3838173218137553,0.3815893453310162,0.10572687224669604,0.5114285714285715,0.36123081917462585,0.3697961581994703,0.08,0.00881057268722467,0.005714285714285714,0.3514285714285714,12.08,0.013215859030837005,0.0,0.046367334054607585,0.11836634914903715,3.462555066079295,0.0,0.0,0.15,0.07929515418502203,0,0.09841794982110975,0.22086894541464938,0.6132858569617112,0.4679488893041804,0.0,0.5,0.0,0.0,0.0,0.0,0.0,0.08,0.00881057268722467,0.05,0.25
325,0.9806656049269993,0.4594277693649465,0.9271361168241473,0.46372896616139037,0.26235045025828074,0.4598968723100065,0.801762114537445,0.3838173218137553,0.3815893453310162,0.10572687224669604,0.52,0.36123081917462585,0.3697961581994703,0.08,0.013215859030837005,0.008571428571428572,0.3514285714285714,12.088571428571429,0.013215859030837005,0.0,0.046367334054607585,0.11836634914903715,3.462555066079295,0.0,0.0,0.15,0.07929515418502203,0,0.09801143150057563,0.21976460068757614,0.6095915683939055,0.4585899115180968,0.0,1.0,0.0,0.0,0.0,0.0,0.0,0.08,0.013215859030837005,0.05,0.25
326,0.9809157993222499,0.45987767314356076,0.9272983857604955,0.4643878779315508,0.26235045025828074,0.4599102276823487,0.8149779735682819,0.3838173218137553,0.3815893453310162,0.10572687224669604,0.5285714285714286,0.36123081917462585,0.3697961581994703,0.08,0.004405286343612335,0.002857142857142857,0.3514285714285714,12.097142857142858,0.013215859030837005,0.0,0.046367334054607585,0.11836634914903715,3.462555066079295,0.0,0.0,0.15,0.07929515418502203,0,0.09754994577164416,0.21866577768413825,0.6002568798831703,0.44941811328773484,0.0,1.0,0.0,0.0,0.0,0.0,0.0,0.08,0.004405286343612335,0.05,0.25
327,0.9807257907450316,0.45957985302159815,0.9271751516261283,0.4637966890200005,0.26235045025828074,0.45987599126256384,0.8370044052863436,0.3838173218137553,0.3815893453310162,0.10572687224669604,0.5428571428571428,0.36123081917462585,0.3697961581994703,0.08,0.00881057268722467,0.005714285714285714,0.3514285714285714,12.105714285714285,0.013215859030837005,0.0,0.046367334054607585,0.11836634914903715,3.462555066079295,0.0,0.0,0.15,0.07929515418502203,0,0.09711919604278596,0.21757244879571755,0.5939660279997926,0.4404297510219802,0.0,1.0,0.0,0.0,0.0,0.0,0.0,0.08,0.00881057268722467,0.05,0.25
328,0.9824504324324341,0.45946817693261516,0.9279019328499319,0.4635970993388446,0.26235045025828074,0.46001933248241195,0.8362831858407079,0.3849668203131345,0.38081286470323267,0.10619469026548672,0.54,0.36123081917462585,0.3697961581994703,0.08,0.008849557522123894,0.008571428571428572,0.35428571428571426,12.114285714285714,0.008849557522123894,0.002857142857142857,0.04639407699735308,0.11836634914903714,3.4513274336283186,0.0,0.0,0.15,0.07964601769911504,0,0.09671917149114344,0.21648458655173897,0.5906581360112253,0.43162115600154055,0.0,1.0,0.0,0.0,0.0,0.0,0.0,0.08,0.013215859030837005,0.05,0.25
329,0.9840760208357062,0.46017664170324535,0.9289515985046163,0.46453287717971914,0.26235045025828074,0.46022686370972343,0.7876106194690266,0.38478982916269205,0.3806801213404008,0.10619469026548672,0.5085714285714286,0.3611165334603401,0.369710443913756,0.08,0.01327433628318584,0.008571428571428572,0.35428571428571426,12.12,0.008849557522123894,0.0,0.04639407699735308,0.11836634914903714,3.4513274336283186,0.0,0.0,0.15,0.07964601769911504,0,0.09672128991940203,0.21540216361898026,0.5874164018624293,0.4279448230377008,0.0,0.6666666666666666,0.0,0.0,0.0,0.0,0.0,0.08,0.01327433628318584,0.05,0.25
330,0.9842322005903577,0.46026726524403905,0.9290524460033339,0.46464851576617927,0.26235045025828074,0.4603699154175115,0.8407079646017699,0.38478982916269205,0.3806801213404008,0.10619469026548672,0.5428571428571428,0.3611165334603401,0.369710443913756,0.08,0.008849557522123894,0.005714285714285714,0.35428571428571426,12.125714285714286,0.008849557522123894,0.0,0.04639407699735308,0.11836634914903714,3.4513274336283186,0.0,0.0,0.15,0.07964601769911504,0,0.09629482632694786,0.21432515280088535,0.5813823595394665,0.41938592657694684,0.0,1.0,0.0,0.0,0.0,0.0,0.0,0.08,0.008849557522123894,0.05,0.25
331,0.9837818183953961,0.4613166863057668,0.9287616277860158,0.46498650957213356,0.26235045025828074,0.4605045564484047,0.8539823008849557,0.3847013335874708,0.3806137496589849,0.10619469026548672,0.5514285714285714,0.3610593906031973,0.36966758677089884,0.08,0.01327433628318584,0.008571428571428572,0.35428571428571426,12.131428571428572,0.008849557522123894,0.0,0.04639407699735308,0.11836634914903714,3.4513274336283186,0.0,0.0,0.15,0.07964601769911504,0,0.0962990664810274,0.2132535270368809,0.5783261409201056,0.41540098438209977,0.0,0.6666666666666666,0.0,0.0,0.0,0.0,0.0,0.08,0.01327433628318584,0.05,0.25
332,0.9832285564926083,0.4616295175167168,0.9284043786716443,0.46475973445503393,0.26235045025828074,0.4606684591661698,0.7787610619469026,0.3845243424370284,0.38048100629615306,0.10619469026548672,0.5028571428571429,0.36094510488891157,0.36958187248518454,0.08,0.008849557522123894,0.005714285714285714,0.35428571428571426,12.137142857142857,0.008849557522123894,0.0,0.04639407699735308,0.11836634914903714,3.4513274336283186,0.0,0.0,0.15,0.07964601769911504,0,0.09627471400576512,0.21218725940169653,0.5724739038159892,0.42746813899092234,0.0,0.5,0.0,0.0,0.0,0.0,0.0,0.08,0.008849557522123894,0.05,0.25
333,0.9830669778733597,0.46158104397553784,0.9283000450489294,0.46472251824330774,0.26235045025828074,0.46094321487600026,0.8053097345132744,0.3841703601361434,0.3802155195704893,0.10619469026548672,0.52,0.36071653346034016,0.36941044391375594,0.08,0.017699115044247787,0.011428571428571429,0.35428571428571426,12.142857142857142,0.008849557522123894,0.0,0.04639407699735308,0.11836634914903714,3.4513274336283186,0.0,0.0,0.15,0.07964601769911504,0,0.0967360547214506,0.21112632310468804,0.5724529971682409,0.4281728639939106,0.0,0.5,0.0,0.0,0.0,0.0,0.0,0.08,0.017699115044247787,0.05,0.25
334,0.9834089322791024,0.4612597704566572,0.9285208498937807,0.4640089576339727,0.26235045025828074,0.4612860366897441,0.8008849557522124,0.3841703601361434,0.3802155195704893,0.10619469026548672,0.5171428571428571,0.36071653346034016,0.36941044391375594,0.08,0.008849557522123894,0.005714285714285714,0.35428571428571426,12.148571428571428,0.008849557522123894,0.0,0.04639407699735308,0.11836634914903714,3.4513274336283186,0.0,0.0,0.15,0.07964601769911504,0,0.09630951730498619,0.2100706914891646,0.5667182229391617,0.41960940671403235,0.0,1.0,0.0,0.0,0.0,0.0,0.0,0.08,0.008849557522123894,0.05,0.25
335,0.9824565687628342,0.46158130214911847,0.9279058951661331,0.4643613949799962,0.26235045025828074,0.46160389405965996,0.7964601769911505,0.3841703601361434,0.3802155195704893,0.10619469026548672,0.5142857142857142,0.36071653346034016,0.36941044391375594,0.08,0.004424778761061947,0.002857142857142857,0.35428571428571426,12.154285714285715,0.008849557522123894,0.0,0.04639407699735308,0.11836634914903714,3.4513274336283186,0.0,0.0,0.15,0.07964601769911504,0,0.09585654114703271,0.2090203380317188,0.5582410013375214,0.4112172185797517,0.0,1.0,0.0,0.0,0.0,0.0,0.0,0.08,0.004424778761061947,0.05,0.25
336,0.9845323920063777,0.461918880247174,0.9292462838891069,0.4647100660357597,0.26235045025828074,0.4620462412612244,0.8053097345132744,0.3841703601361434,0.3802155195704893,0.10619469026548672,0.52,0.36071653346034016,0.36941044391375594,0.08,0.004424778761061947,0.002857142857142857,0.35428571428571426,12.16,0.008849557522123894,0.0,0.04639407699735308,0.11836634914903714,3.4513274336283186,0.0,0.0,0.15,0.07964601769911504,0,0.09543425844129753,0.20797523634156018,0.5499333241679137,0.40299287420815666,0.0,1.0,0.0,0.0,0.0,0.0,0.0,0.08,0.004424778761061947,0.05,0.25
337,0.9826854903838511,0.4626830995702118,0.9280537131271324,0.46533247651343523,0.26235045025828074,0.46261537911129474,0.7831858407079646,0.3841703601361434,0.3802155195704893,0.10619469026548672,0.5057142857142857,0.36071653346034016,0.36941044391375594,0.08,0.004424778761061947,0.002857142857142857,0.35428571428571426,12.165714285714285,0.008849557522123894,0.0,0.04639407699735308,0.11836634914903714,3.4513274336283186,0.0,0.0,0.15,0.07964601769911504,0,0.09498565857766246,0.2069353601598524,0.5417918005416984,0.3949330167239935,0.0,1.0,0.0,0.0,0.0,0.0,0.0,0.08,0.004424778761061947,0.05,0.25
338,0.9834350129872917,0.46213503103315773,0.9285376905796401,0.4652637234622493,0.26235045025828074,0.4632104299673952,0.8451327433628318,0.3841703601361434,0.3802155195704893,0.10619469026548672,0.5457142857142857,0.36071653346034016,0.36941044391375594,0.08,0.008849557522123894,0.005714285714285714,0.35428571428571426,12.17142857142857,0.008849557522123894,0.0,0.04639407699735308,0.11836634914903714,3.4513274336283186,0.0,0.0,0.15,0.07964601769911504,0,0.09462458814191702,0.20590068335905312,0.5366702502451501,0.38703435638951367,0.0,1.0,0.0,0.0,0.0,0.0,0.0,0.08,0.008849557522123894,0.05,0.25
339,0.9819840634600532,0.4618791424235443,0.9276007917420517,0.4650713067022574,0.26235045025828074,0.46386840852401895,0.8230088495575221,0.3841703601361434,0.3802155195704893,0.10619469026548672,0.5314285714285715,0.36071653346034016,0.36941044391375594,0.08,0.008849557522123894,0.005714285714285714,0.35428571428571426,12.177142857142858,0.008849557522123894,0.0,0.04639407699735308,0.11836634914903714,3.4513274336283186,0.0,0.0,0.15,0.07964601769911504,0,0.0942086080583503,0.20487117994225787,0.5316511309545329,0.37929366926172337,0.0,1.0,0.0,0.0,0.0,0.0,0.0,0.08,0.008849557522123894,0.05,0.25
340,0.9822567647611136,0.46083686103551874,0.9277768788678792,0.4645381891290924,0.26235045025828074,0.4643782852050217,0.8539823008849557,0.3841703601361434,0.3802155195704893,0.10619469026548672,0.5514285714285714,0.36071653346034016,0.36941044391375594,0.08,0.008849557522123894,0.005714285714285714,0.35428571428571426,12.182857142857143,0.008849557522123894,0.0,0.04639407699735308,0.11836634914903714,3.4513274336283186,0.0,0.0,0.15,0.07964601769911504,0,0.0937947078752014,0.20384682404254656,0.5267323940497278,0.3717077958764889,0.0,1.0,0.0,0.0,0.0,0.0,0.0,0.08,0.008849557522123894,0.05,0.25
341,0.9810488107648639,0.46064907949271433,0.9269968857160152,0.4647609314190136,0.26235045025828074,0.4648853080907095,0.7964601769911505,0.3841703601361434,0.3802155195704893,0.10619469026548672,0.5142857142857142,0.36071653346034016,0.36941044391375594,0.08,0.008849557522123894,0.005714285714285714,0.35428571428571426,12.188571428571429,0.008849557522123894,0.0,0.04639407699735308,0.11836634914903714,3.4513274336283186,0.0,0.0,0.15,0.07964601769911504,0,0.09338287719296823,0.20282758992233385,0.521912031883019,0.3642736399589591,0.0,1.0,0.0,0.0,0.0,0.0,0.0,0.08,0.008849557522123894,0.05,0.25
342,0.9818422969819136,0.4596039047856977,0.9275092511018816,0.4640072144154473,0.26235045025828074,0.4653731292133104,0.8008849557522124,0.3839933689857009,0.38008277620765746,0.10619469026548672,0.5171428571428571,0.3606022477460544,0.3693247296280417,0.08,0.01327433628318584,0.008571428571428572,0.35428571428571426,12.194285714285714,0.008849557522123894,0.0,0.04639407699735308,0.11836634914903714,3.4513274336283186,0.0,0.0,0.15,0.07964601769911504,0,0.0934016770927177,0.20181345197272219,0.5200452198167872,0.35855606578427696,0.0,0.6666666666666666,0.0,0.0,0.0,0.0,0.0,0.08,0.01327433628318584,0.05,0.25
343,0.982706979922959,0.46008297104592927,0.9280675892295279,0.4650563669125711,0.26235045025828074,0.465896355605368,0.827433628318584,0.3839933689857009,0.38008277620765746,0.10619469026548672,0.5342857142857143,0.3606022477460544,0.3693247296280417,0.08,0.004424778761061947,0.002857142857142857,0.35428571428571426,12.2,0.008849557522123894,0.0,0.04639407699735308,0.11836634914903714,3.4513274336283186,0.0,0.0,0.15,0.07964601769911504,0,0.09296324013582553,0.20080438471285855,0.5125014582775943,0.3513849444685914,0.0,1.0,0.0,0.0,0.0,0.0,0.0,0.08,0.004424778761061947,0.05,0.25
344,0.9821385800423464,0.4613329512880613,0.9277005653066183,0.46575478092500444,0.26235045025828074,0.4664719969641676,0.8053097345132744,0.3839933689857009,0.38008277620765746,0.10619469026548672,0.52,0.3606022477460544,0.3693247296280417,0.08,0.008849557522123894,0.005714285714285714,0.35428571428571426,12.205714285714286,0.008849557522123894,0.0,0.04639407699735308,0.11836634914903714,3.4513274336283186,0.0,0.0,0.15,0.07964601769911504,0,0.09258399536371781,0.19980036278929425,0.5079657148263282,0.3443572455792196,0.0,1.0,0.0,0.0,0.0,0.0,0.0,0.08,0.008849557522123894,0.05,0.25
345,0.9827708333624315,0.46090031896209177,0.9281088203075873,0.46528798777698116,0.26235045025828074,0.46699933555678824,0.8053097345132744,0.38390487341047974,0.3800164045262415,0.10619469026548672,0.52,0.3605451048889116,0.36928187248518457,0.08,0.01327433628318584,0.008571428571428572,0.35428571428571426,12.211428571428572,0.008849557522123894,0.0,0.04639407699735308,0.11836634914903714,3.4513274336283186,0.0,0.0,0.15,0.07964601769911504,0,0.09260678967261352,0.19880136097534779,0.5063778291012302,0.3505973682248322,0.0,0.6666666666666666,0.0,0.0,0.0,0.0,0.0,0.08,0.01327433628318584,0.05,0.25
346,0.9833365802857879,0.4609085411999127,0.9284741311780975,0.46509967712146094,0.26235045025828074,0.4673808344467492,0.7654867256637168,0.38390487341047974,0.3800164045262415,0.10619469026548672,0.4942857142857143,0.3605451048889116,0.36928187248518457,0.08,0.004424778761061947,0.002857142857142857,0.35428571428571426,12.217142857142857,0.008849557522123894,0.0,0.04639407699735308,0.11836634914903714,3.4513274336283186,0.0,0.0,0.15,0.07964601769911504,0,0.09217232715282188,0.19780735417047104,0.4991074153763484,0.3435854208603355,0.0,1.0,0.0,0.0,0.0,0.0,0.0,0.08,0.004424778761061947,0.05,0.25
347,0.9843090021712844,0.4612140576160888,0.9291020378813037,0.4646799948736262,0.26235045025828074,0.4677817428199652,0.7699115044247787,0.38372788226003723,0.37988366116340966,0.10619469026548672,0.49714285714285716,0.3604308191746259,0.36919615819947027,0.08,0.01327433628318584,0.008571428571428572,0.35428571428571426,12.222857142857142,0.008849557522123894,0.0,0.04639407699735308,0.11836634914903714,3.4513274336283186,0.0,0.0,0.15,0.07964601769911504,0,0.09222560837420062,0.1968183173996187,0.49769669564025,0.4048511628330462,0.0,0.6666666666666666,0.0,0.0,0.0,0.0,0.0,0.08,0.01327433628318584,0.05,0.25
348,0.9849840794956252,0.45995955259837906,0.9295379449535923,0.4645878500141118,0.26235045025828074,0.4681916455438723,0.8097345132743363,0.38372788226003723,0.37988366116340966,0.10619469026548672,0.5228571428571429,0.3604308191746259,0.36919615819947027,0.08,0.008849557522123894,0.005714285714285714,0.35428571428571426,12.228571428571428,0.008849557522123894,0.0,0.04639407699735308,0.11836634914903714,3.4513274336283186,0.0,0.0,0.15,0.07964601769911504,0,0.09182162318947248,0.1958342258126206,0.4934570474417307,0.3967541395763853,0.0,1.0,0.0,0.0,0.0,0.0,0.0,0.08,0.008849557522123894,0.05,0.25
349,0.9850433642097942,0.46037333488717136,0.9295762259404557,0.4650923871885692,0.26235045025828074,0.4683623926874265,0.7654867256637168,0.38372788226003723,0.37988366116340966,0.10619469026548672,0.4942857142857143,0.3604308191746259,0.36919615819947027,0.08,0.004424778761061947,0.002857142857142857,0.35428571428571426,12.234285714285715,0.008849557522123894,0.0,0.04639407699735308,0.11836634914903714,3.4513274336283186,0.0,0.0,0.15,0.07964601769911504,0,0.09139108650209656,0.19485505468355752,0.48644504935003885,0.3888190567848575,0.0,1.0,0.0,0.0,0.0,0.0,0.0,0.08,0.004424778761061947,0.05,0.25
350,0.9844965443508842,0.46049951974993375,0.9292231365458453,0.46499499752304113,0.26235045025828074,0.46857643179827596,0.8230088495575221,0.38372788226003723,0.37988366116340966,0.10619469026548672,0.5314285714285715,0.3604308191746259,0.36919615819947027,0.08,0.008849557522123894,0.005714285714285714,0.35428571428571426,12.24,0.008849557522123894,0.0,0.04639407699735308,0.11836634914903714,3.4513274336283186,0.0,0.0,0.15,0.07964601769911504,0,0.0910197024981575,0.1938807794101397,0.4824304340773238,0.3810426756491604,0.0,1.0,0.0,0.0,0.0,0.0,0.0,0.08,0.008849557522123894,0.05,0.25
351,0.9823045573689977,0.46010882289890165,0.9278077392375416,0.46509571860262394,0.26235045025828074,0.46884681998240935,0.8008849557522124,0.38372788226003723,0.37988366116340966,0.10619469026548672,0.5171428571428571,0.3604308191746259,0.36919615819947027,0.08,0.004424778761061947,0.002857142857142857,0.35428571428571426,12.245714285714286,0.008849557522123894,0.0,0.04639407699735308,0.11836634914903714,3.4513274336283186,0.0,0.0,0.15,0.07964601769911504,0,0.09059317541423813,0.192911375513089,0.4756389682529202,0.3734218221361772,0.0,1.0,0.0,0.0,0.0,0.0,0.0,0.08,0.004424778761061947,0.05,0.25
352,0.9815504514970106,0.460292864016984,0.9273208023030585,0.46489381087639103,0.26235045025828074,0.4692238568196394,0.8141592920353983,0.38372788226003723,0.37988366116340966,0.10619469026548672,0.5257142857142857,0.3604308191746259,0.36919615819947027,0.08,0.008849557522123894,0.005714285714285714,0.35428571428571426,12.251428571428571,0.008849557522123894,0.0,0.04639407699735308,0.11836634914903714,3.4513274336283186,0.0,0.0,0.15,0.07964601769911504,0,0.09022578096573837,0.19194681863552357,0.4718404746021475,0.36595338569345365,0.0,1.0,0.0,0.0,0.0,0.0,0.0,0.08,0.008849557522123894,0.05,0.25
353,0.9840369326949505,0.4610760754703886,0.9288902978617579,0.46547534433333276,0.26235045025828074,0.46953458473871973,0.7688888888888888,0.38359046060563934,0.3811135646930113,0.10666666666666667,0.4942857142857143,0.3604308191746259,0.36919615819947027,0.08,0.0,0.0,0.35714285714285715,12.257142857142858,0.0044444444444444444,0.002857142857142857,0.04653874009200384,0.11836634914903714,3.3777777777777778,0.0,0.0,0.15,0.08,0,0.08977465206090968,0.19098708454234595,0.46240366511010456,0.35863431797958456,0.0,0.0,0.0,0.0,0.0,0.0,0.0,0.08,0.0,0.05,0.25
354,0.9841394845760232,0.46076343424065586,0.9289562240710189,0.4651626611758853,0.26235045025828074,0.46971729698901415,0.8488888888888889,0.38359046060563934,0.3811135646930113,0.10666666666666667,0.5457142857142857,0.3604308191746259,0.36919615819947027,0.08,0.0044444444444444444,0.002857142857142857,0.35714285714285715,12.26,0.0044444444444444444,0.0,0.04653874009200384,0.11836634914903714,3.3777777777777778,0.0,0.0,0.15,0.08,0,0.08938277880060513,0.1900321491196342,0.4560127346650453,0.35146163161999283,0.0,1.0,0.0,0.0,0.0,0.0,0.0,0.08,0.0044444444444444444,0.05,0.25
355,0.9840081352818646,0.4611559896686222,0.9288717852390596,0.46568092247439835,0.26235045025828074,0.4699575949700547,0.7733333333333333,0.38350157171675037,0.3810468980263446,0.10666666666666667,0.49714285714285716,0.360373676317483,0.3691533010566131,0.08,0.0044444444444444444,0.002857142857142857,0.35714285714285715,12.262857142857143,0.0044444444444444444,0.0,0.04653874009200384,0.11836634914903714,3.3777777777777778,0.0,0.0,0.15,0.08,0,0.08936443633517352,0.18908198837403603,0.44974962282888725,0.3732529822333348,0.0,0.0,0.0,0.0,0.0,0.0,0.0,0.08,0.0044444444444444444,0.05,0.25
356,0.9833558950792073,0.4621997108859969,0.928452487965923,0.46621392641962334,0.26235045025828074,0.4703052406501325,0.8266666666666667,0.38332379393897265,0.3809135646930113,0.10666666666666667,0.5314285714285715,0.36025939060319734,0.3690675867708988,0.08,0.013333333333333334,0.008571428571428572,0.35714285714285715,12.265714285714285,0.0044444444444444444,0.0,0.04653874009200384,0.11836634914903714,3.3777777777777778,0.0,0.0,0.15,0.08,0,0.08983175701064051,0.19544933220460428,0.44932605894373806,0.46677428137122795,0.0,0.3333333333333333,0.0,0.0,0.0,0.0,0.0,0.08,0.013333333333333334,0.05,0.25
357,0.9835521440887146,0.46255085995808815,0.9285786480434632,0.46626259063253256,0.26235045025828074,0.4707057843569268,0.8444444444444444,0.38332379393897265,0.3809135646930113,0.10666666666666667,0.5428571428571428,0.36025939060319734,0.3690675867708988,0.08,0.0044444444444444444,0.002857142857142857,0.35714285714285715,12.268571428571429,0.0044444444444444444,0.0,0.04653874009200384,0.11836634914903714,3.3777777777777778,0.0,0.0,0.15,0.08,0,0.08941116965415875,0.19447208554358125,0.4431966806220063,0.45743879574380336,0.0,1.0,0.0,0.0,0.0,0.0,0.0,0.08,0.0044444444444444444,0.05,0.25
358,0.9830656617484624,0.46253203898766604,0.9282659093961583,0.46652854194781934,0.26235045025828074,0.47110896756982235,0.8222222222222222,0.38332379393897265,0.3809135646930113,0.10666666666666667,0.5285714285714286,0.36025939060319734,0.3690675867708988,0.08,0.0044444444444444444,0.002857142857142857,0.35714285714285715,12.271428571428572,0.0044444444444444444,0.0,0.04653874009200384,0.11836634914903714,3.3777777777777778,0.0,0.0,0.15,0.08,0,0.08899268523445938,0.19349972511586333,0.437189889866709,0.4482900198289273,0.0,1.0,0.0,0.0,0.0,0.0,0.0,0.08,0.0044444444444444444,0.05,0.25
359,0.9821334832032148,0.4623883854846833,0.9276666517599276,0.4668024553698152,0.26235045025828074,0.47150965983331333,0.8266666666666667,0.38314601616119487,0.380780231359678,0.10666666666666667,0.5314285714285715,0.3601451048889116,0.3689818724851845,0.08,0.008888888888888889,0.005714285714285714,0.35714285714285715,12.274285714285714,0.0044444444444444444,0.0,0.04653874009200384,0.11836634914903714,3.3777777777777778,0.0,0.0,0.15,0.08,0,0.08900486466542995,0.19833834705673944,0.43416037778366046,0.4688950908822993,0.0,0.5,0.0,0.0,0.0,0.0,0.0,0.08,0.008888888888888889,0.05,0.25
360,0.9811665312924819,0.4625770273779614,0.9270450398173137,0.4670648300475291,0.26235045025828074,0.4718362605248511,0.8266666666666667,0.38305712727230595,0.38071356469301126,0.10666666666666667,0.5314285714285715,0.36008796203176874,0.3689390153423274,0.08,0.008888888888888889,0.005714285714285714,0.35714285714285715,12.277142857142858,0.0044444444444444444,0.0,0.04653874009200384,0.11836634914903714,3.3777777777777778,0.0,0.0,0.15,0.08,0,0.08901698319924566,0.1997084458910552,0.431191455942273,0.5191268197319179,0.0,0.5,0.0,0.0,0.0,0.0,0.0,0.08,0.008888888888888889,0.05,0.25
361,0.9821383680099764,0.46225211643369046,0.9276697919928459,0.4664079842281086,0.26235045025828074,0.47232249159107786,0.8177777777777778,0.38305712727230595,0.38071356469301126,0.10666666666666667,0.5257142857142857,0.36008796203176874,0.3689390153423274,0.08,0.0,0.0,0.35714285714285715,12.28,0.0044444444444444444,0.0,0.04653874009200384,0.11836634914903714,3.3777777777777778,0.0,0.0,0.15,0.08,0,0.08857189828324942,0.19870990366159988,0.42256762682342747,0.5087442833372795,0.0,0.0,0.0,0.0,0.0,0.0,0.0,0.08,0.0,0.05,0.25
362,0.982096974146016,0.46203398628369086,0.9276431816517284,0.465913353783561,0.26235045025828074,0.4726092153545484,0.8088888888888889,0.38305712727230595,0.38071356469301126,0.10666666666666667,0.52,0.36008796203176874,0.3689390153423274,0.08,0.0044444444444444444,0.002857142857142857,0.35714285714285715,12.282857142857143,0.0044444444444444444,0.0,0.04653874009200384,0.11836634914903714,3.3777777777777778,0.0,0.0,0.15,0.08,0,0.08818603879183318,0.1977163541432919,0.4169734171441018,0.49856939767053393,0.0,1.0,0.0,0.0,0.0,0.0,0.0,0.08,0.0044444444444444444,0.05,0.25
363,0.982353272348409,0.462209050655055,0.9278079447818384,0.4664448881307848,0.26235045025828074,0.4728636392844971,0.7644444444444445,0.38305712727230595,0.38071356469301126,0.10666666666666667,0.49142857142857144,0.36008796203176874,0.3689390153423274,0.08,0.0044444444444444444,0.002857142857142857,0.35714285714285715,12.285714285714286,0.0044444444444444444,0.0,0.04653874009200384,0.11836634914903714,3.3777777777777778,0.0,0.0,0.15,0.08,0,0.08777368002644545,0.1967277723725754,0.41149109165836256,0.48859800971712325,0.0,1.0,0.0,0.0,0.0,0.0,0.0,0.08,0.0044444444444444444,0.05,0.25
364,0.9810715661634408,0.4619953232686175,0.9269839908057872,0.4663959711381288,0.26235045025828074,0.4731723841298854,0.7955555555555556,0.3828793494945282,0.38058023135967795,0.10222222222222223,0.5114285714285715,0.359973676317483,0.3688533010566131,0.07714285714285714,0.008888888888888889,0.005714285714285714,0.35714285714285715,12.288571428571428,0.0044444444444444444,0.0,0.04653874009200384,0.11836634914903714,3.3777777777777778,0.0,0.0,0.15,0.08,0,0.08779195448345606,0.20243764580751641,0.4089755555394811,0.48209612950796243,0.0,0.5,0.0,0.0,0.0,0.0,0.0,0.08,0.008888888888888889,0.05,0.25
365,0.9794622594983174,0.46247544422491793,0.9259494365210651,0.4664983737377348,0.26235045025828074,0.47356435498115673,0.7911111111111111,0.3828793494945282,0.38058023135967795,0.10222222222222223,0.5085714285714286,0.359973676317483,0.3688533010566131,0.07714285714285714,0.0044444444444444444,0.002857142857142857,0.35714285714285715,12.291428571428572,0.0044444444444444444,0.0,0.04653874009200384,0.11836634914903714,3.3777777777777778,0.0,0.0,0.15,0.08,0,0.08738156613961022,0.20142545757847882,0.40365318728583427,0.47245420691780315,0.0,1.0,0.0,0.0,0.0,0.0,0.0,0.08,0.0044444444444444444,0.05,0.25
366,0.9802898355796013,0.4618638045249234,0.9264814497161761,0.4661742771517731,0.26235045025828074,0.4738379546467112,0.7911111111111111,0.3828793494945282,0.38058023135967795,0.10222222222222223,0.5085714285714286,0.359973676317483,0.3688533010566131,0.07714285714285714,0.0044444444444444444,0.002857142857142857,0.35714285714285715,12.294285714285714,0.0044444444444444444,0.0,0.04653874009200384,0.11836634914903714,3.3777777777777778,0.0,0.0,0.15,0.08,0,0.0869732297374836,0.20041833029058642,0.39843726639726046,0.4630051227794471,0.0,1.0,0.0,0.0,0.0,0.0,0.0,0.08,0.0044444444444444444,0.05,0.25
367,0.9809794533487771,0.4628325321767472,0.9269247754249321,0.46708262544391865,0.26235045025828074,0.4738816769274652,0.7955555555555556,0.38270157171675034,0.3804468980263447,0.10222222222222223,0.5114285714285715,0.3598593906031973,0.3687675867708988,0.07714285714285714,0.008888888888888889,0.005714285714285714,0.35714285714285715,12.297142857142857,0.0044444444444444444,0.0,0.04653874009200384,0.11836634914903714,3.3777777777777778,0.0,0.0,0.15,0.08,0,0.08699550644593902,0.1994162386391335,0.39618280678360096,0.4654469163746013,0.0,0.5,0.0,0.0,0.0,0.0,0.0,0.08,0.008888888888888889,0.05,0.25
368,0.9808756338744317,0.46184779803416703,0.9268580343342814,0.46682486245283794,0.26235045025828074,0.47405490296104347,0.8355555555555556,0.38270157171675034,0.3804468980263447,0.10222222222222223,0.5371428571428571,0.3598593906031973,0.3687675867708988,0.07714285714285714,0.0,0.0,0.35714285714285715,12.3,0.0044444444444444444,0.0,0.04653874009200384,0.11836634914903714,3.3777777777777778,0.0,0.0,0.15,0.08,0,0.08656052891370933,0.19841915744593783,0.38825915064792893,0.4561379780471092,0.0,0.0,0.0,0.0,0.0,0.0,0.0,0.08,0.0,0.05,0.25
369,0.9818481917883269,0.4618439686185896,0.9274832501360711,0.4666361218319779,0.26235045025828074,0.47406210720474706,0.8177777777777778,0.3825237939389726,0.3803135646930113,0.10222222222222223,0.5257142857142857,0.35974510488891165,0.3686818724851845,0.07714285714285714,0.0044444444444444444,0.002857142857142857,0.35714285714285715,12.302857142857142,0.0044444444444444444,0.0,0.04653874009200384,0.11836634914903714,3.3777777777777778,0.0,0.0,0.15,0.08,0,0.08655629769771221,0.2111907879567665,0.38335111049211323,0.45953362391559843,0.0,0.0,0.0,0.0,0.0,0.0,0.0,0.08,0.0044444444444444444,0.05,0.25
370,0.98101359009054,0.46235203589405965,0.926946720473208,0.46730436803739706,0.26235045025828074,0.47389513922993254,0.7866666666666666,0.3825237939389726,0.3803135646930113,0.10222222222222223,0.5057142857142857,0.35974510488891165,0.3686818724851845,0.07714285714285714,0.0044444444444444444,0.002857142857142857,0.35714285714285715,12.305714285714286,0.0044444444444444444,0.0,0.04653874009200384,0.11836634914903714,3.3777777777777778,0.0,0.0,0.15,0.08,0,0.0862088026377951,0.21013483401698269,0.37854123113941374,0.4503429514372864,0.0,1.0,0.0,0.0,0.0,0.0,0.0,0.08,0.0044444444444444444,0.05,0.25
371,0.9826949252883487,0.46149933523823744,0.9280275788146566,0.46744359463452806,0.26235045025828074,0.47363178650689985,0.8311111111111111,0.3825237939389726,0.3803135646930113,0.10222222222222223,0.5342857142857143,0.35974510488891165,0.3686818724851845,0.07714285714285714,0.0044444444444444444,0.002857142857142857,0.35714285714285715,12.308571428571428,0.0044444444444444444,0.0,0.04653874009200384,0.11836634914903714,3.3777777777777778,0.0,0.0,0.15,0.08,0,0.08580633005317755,0.20908415984689777,0.3738275493737684,0.44133609240854066,0.0,1.0,0.0,0.0,0.0,0.0,0.0,0.08,0.0044444444444444444,0.05,0.25
372,0.9826431932556973,0.4610735298338284,0.927994322507952,0.46696738517585296,0.26235045025828074,0.4733690063889742,0.7866666666666666,0.3825237939389726,0.3803135646930113,0.10222222222222223,0.5057142857142857,0.35974510488891165,0.3686818724851845,0.07714285714285714,0.0044444444444444444,0.002857142857142857,0.35714285714285715,12.311428571428571,0.0044444444444444444,0.0,0.04653874009200384,0.11836634914903714,3.3777777777777778,0.0,0.0,0.15,0.08,0,0.08540586983148307,0.2080387390476633,0.3692081412434359,0.43250937056036987,0.0,1.0,0.0,0.0,0.0,0.0,0.0,0.08,0.0044444444444444444,0.05,0.25
373,0.9831503126224188,0.4629180838856141,0.9283203278151304,0.4682916547955682,0.26235045025828074,0.47313234822250105,0.8044444444444444,0.3825237939389726,0.3803135646930113,0.10222222222222223,0.5171428571428571,0.35974510488891165,0.3686818724851845,0.07714285714285714,0.0044444444444444444,0.002857142857142857,0.35714285714285715,12.314285714285715,0.0044444444444444444,0.0,0.04653874009200384,0.11836634914903714,3.3777777777777778,0.0,0.0,0.15,0.08,0,0.08500741191089708,0.20699854535242496,0.36468112127571,0.42385918314916243,0.0,1.0,0.0,0.0,0.0,0.0,0.0,0.08,0.0044444444444444444,0.05,0.25
374,0.9849572118320554,0.4629292134419897,0.9294819058784682,0.46837153306322266,0.26235045025828074,0.4731909615373682,0.8044444444444444,0.3825237939389726,0.3803135646930113,0.10222222222222223,0.5171428571428571,0.35974510488891165,0.3686818724851845,0.07714285714285714,0.0044444444444444444,0.002857142857142857,0.35714285714285715,12.317142857142857,0.0044444444444444444,0.0,0.04653874009200384,0.11836634914903714,3.3777777777777778,0.0,0.0,0.15,0.08,0,0.08461094627991404,0.20596355262566285,0.36024464170733866,0.41538199948617915,0.0,1.0,0.0,0.0,0.0,0.0,0.0,0.08,0.0044444444444444444,0.05,0.25
375,0.9852495944404851,0.4627567039041462,0.9296698661267445,0.46788579742682307,0.26235045025828074,0.47313729561696266,0.7822222222222223,0.38234601616119485,0.380180231359678,0.10222222222222223,0.5028571428571429,0.35963081917462586,0.3685961581994703,0.07714285714285714,0.008888888888888889,0.005714285714285714,0.35714285714285715,12.32,0.0044444444444444444,0.0,0.04653874009200384,0.11836634914903714,3.3777777777777778,0.0,0.0,0.15,0.08,0,0.08464503440565732,0.20493373486253452,0.3587540345874776,0.4132315208252944,0.0,0.5,0.0,0.0,0.0,0.0,0.0,0.08,0.008888888888888889,0.05,0.25
376,0.985344378276332,0.46247613151672884,0.929730798592646,0.4675992900897972,0.26235045025828074,0.4730006978776139,0.7911111111111111,0.38234601616119485,0.380180231359678,0.10222222222222223,0.5085714285714286,0.35963081917462586,0.3685961581994703,0.07714285714285714,0.0044444444444444444,0.002857142857142857,0.35714285714285715,12.322857142857142,0.0044444444444444444,0.0,0.04653874009200384,0.11836634914903714,3.3777777777777778,0.0,0.0,0.15,0.08,0,0.08425038066220046,0.20390906618822183,0.3544360967528709,0.40496689040878847,0.0,1.0,0.0,0.0,0.0,0.0,0.0,0.08,0.0044444444444444444,0.05,0.25
377,0.9851604278385645,0.4616112074337933,0.9296125447397955,0.4671168501433689,0.26235045025828074,0.47275693725399237,0.8355555555555556,0.38225712727230593,0.3801135646930113,0.10222222222222223,0.5371428571428571,0.35957367631748305,0.36855330105661305,0.07714285714285714,0.008888888888888889,0.005714285714285714,0.35714285714285715,12.325714285714286,0.0044444444444444444,0.0,0.04653874009200384,0.11836634914903714,3.3777777777777778,0.0,0.0,0.15,0.08,0,0.08428627161603232,0.20288952085728074,0.3530616605320992,0.40384369510894447,0.0,0.5,0.0,0.0,0.0,0.0,0.0,0.08,0.008888888888888889,0.05,0.25
378,0.9845224788853257,0.46280512994762124,0.9292024346984274,0.46792976852598533,0.26235045025828074,0.47241408877030167,0.7777777777777778,0.38216823838341707,0.38004689802634467,0.10222222222222223,0.5,0.3595165334603402,0.368510443913756,0.07714285714285714,0.008888888888888889,0.005714285714285714,0.35714285714285715,12.32857142857143,0.0044444444444444444,0.0,0.04653874009200384,0.11836634914903714,3.3777777777777778,0.0,0.0,0.15,0.08,0,0.084321983115095,0.2090716573830143,0.35171471303574287,0.40665854315462757,0.0,0.5,0.0,0.0,0.0,0.0,0.0,0.08,0.008888888888888889,0.05,0.25
379,0.984374370443396,0.4625809179645559,0.9291072221286156,0.4680548844599257,0.26235045025828074,0.4720369520927657,0.8355555555555556,0.38216823838341707,0.38004689802634467,0.10222222222222223,0.5371428571428571,0.3595165334603402,0.368510443913756,0.07714285714285714,0.0044444444444444444,0.002857142857142857,0.35714285714285715,12.331428571428571,0.0044444444444444444,0.0,0.04653874009200384,0.11836634914903714,3.3777777777777778,0.0,0.0,0.15,0.08,0,0.08392894462809097,0.20802629909609924,0.3475375616321709,0.39852537229153506,0.0,1.0,0.0,0.0,0.0,0.0,0.0,0.08,0.0044444444444444444,0.05,0.25
380,0.9845720990224008,0.4622365409476644,0.9292343333579759,0.46782432552911735,0.26235045025828074,0.4716861605670166,0.84,0.3820793494945282,0.3799802313596779,0.10222222222222223,0.54,0.35945939060319726,0.36846758677089886,0.07714285714285714,0.008888888888888889,0.005714285714285714,0.35714285714285715,12.334285714285715,0.0044444444444444444,0.0,0.04653874009200384,0.11836634914903714,3.3777777777777778,0.0,0.0,0.15,0.08,0,0.08396644276209338,0.20698616760061875,0.34630109611381316,0.4115837395629916,0.0,0.5,0.0,0.0,0.0,0.0,0.0,0.08,0.008888888888888889,0.05,0.25
381,0.9830884011448779,0.46206561866294366,0.9282805275795681,0.46769015671718006,0.26235045025828074,0.47124116671204175,0.8577777777777778,0.3820793494945282,0.3799802313596779,0.10222222222222223,0.5514285714285714,0.35945939060319726,0.36846758677089886,0.07714285714285714,0.0044444444444444444,0.002857142857142857,0.35714285714285715,12.337142857142856,0.0044444444444444444,0.0,0.04653874009200384,0.11836634914903714,3.3777777777777778,0.0,0.0,0.15,0.08,0,0.08357518197685433,0.20595123676261562,0.34223221704867973,0.40335206477173174,0.0,1.0,0.0,0.0,0.0,0.0,0.0,0.08,0.0044444444444444444,0.05,0.25
382,0.983429062285257,0.46166044825413816,0.9284995240269547,0.4677240403128184,0.26235045025828074,0.4706632586095089,0.8533333333333334,0.38199046060563924,0.3799135646930113,0.10222222222222223,0.5485714285714286,0.35940224774605445,0.3684247296280417,0.07714285714285714,0.008888888888888889,0.005714285714285714,0.35714285714285715,12.34,0.0044444444444444444,0.0,0.04653874009200384,0.11836634914903714,3.3777777777777778,0.0,0.0,0.15,0.08,0,0.08361444892411293,0.20492148057880255,0.34110185842199187,0.40434686967518263,0.0,0.5,0.0,0.0,0.0,0.0,0.0,0.08,0.008888888888888889,0.05,0.25
383,0.982763657836898,0.462062787634081,0.9280717640244384,0.46755491606639077,0.26235045025828074,0.470059306527082,0.8355555555555556,0.38199046060563924,0.3799135646930113,0.10222222222222223,0.5371428571428571,0.35940224774605445,0.3684247296280417,0.07714285714285714,0.0044444444444444444,0.002857142857142857,0.35714285714285715,12.342857142857143,0.0044444444444444444,0.0,0.04653874009200384,0.11836634914903714,3.3777777777777778,0.0,0.0,0.15,0.08,0,0.08322494810806379,0.20389687317590854,0.3371369641106949,0.396259932281679,0.0,1.0,0.0,0.0,0.0,0.0,0.0,0.08,0.0044444444444444444,0.05,0.25
384,0.9824379508748853,0.4613066476888372,0.92786238097743,0.4679647315387315,0.26235045025828074,0.4694105770045333,0.7733333333333333,0.3819015717167504,0.3798468980263446,0.10222222222222223,0.49714285714285716,0.3593451048889116,0.36838187248518456,0.07714285714285714,0.008888888888888889,0.005714285714285714,0.35714285714285715,12.345714285714285,0.0044444444444444444,0.0,0.04653874009200384,0.11836634914903714,3.3777777777777778,0.0,0.0,0.15,0.08,0,0.08326596622466631,0.202877388810029,0.3361085105427667,0.4306570981422047,0.0,0.5,0.0,0.0,0.0,0.0,0.0,0.08,0.008888888888888889,0.05,0.25
385,0.9828765436868236,0.4613464733098821,0.9281443334993904,0.46839644699200983,0.26235045025828074,0.4687824571014545,0.7822222222222223,0.3819015717167504,0.3798468980263446,0.10222222222222223,0.5028571428571429,0.3593451048889116,0.36838187248518456,0.07714285714285714,0.0,0.0,0.35714285714285715,12.348571428571429,0.0044444444444444444,0.0,0.04653874009200384,0.11836634914903714,3.3777777777777778,0.0,0.0,0.15,0.08,0,0.08284963639354298,0.20186300186597886,0.32938634033191133,0.42204395617936064,0.0,0.0,0.0,0.0,0.0,0.0,0.0,0.08,0.0,0.05,0.25
386,0.9822204098286914,0.46172446319348587,0.9277225331620197,0.4691691822162595,0.26235045025828074,0.4680788018741591,0.7955555555555556,0.3818126828278615,0.379780231359678,0.10222222222222223,0.5114285714285715,0.3592879620317687,0.3683390153423274,0.07714285714285714,0.008888888888888889,0.005714285714285714,0.35714285714285715,12.351428571428572,0.0044444444444444444,0.0,0.04653874009200384,0.11836634914903714,3.3777777777777778,0.0,0.0,0.15,0.08,0,0.0829209596401467,0.20085368685664898,0.32851289923955884,0.4361974549108384,0.0,0.5,0.0,0.0,0.0,0.0,0.0,0.08,0.008888888888888889,0.05,0.25
387,0.9831238628318576,0.4619391417772662,0.928303324378341,0.4693001831451665,0.26235045025828074,0.4675176214934935,0.8088888888888889,0.3817237939389726,0.37971356469301126,0.10222222222222223,0.52,0.35923081917462585,0.3682961581994703,0.07714285714285714,0.008888888888888889,0.005714285714285714,0.35714285714285715,12.354285714285714,0.0044444444444444444,0.0,0.04653874009200384,0.11836634914903714,3.3777777777777778,0.0,0.0,0.15,0.08,0,0.08296349769908883,0.20081783561024943,0.32765692696905335,0.430151188542533,0.0,0.5,0.0,0.0,0.0,0.0,0.0,0.08,0.008888888888888889,0.05,0.25
388,0.9815226676140507,0.4615250528690069,0.9272739845954651,0.46911030129284165,0.26235045025828074,0.46710451798024943,0.8133333333333334,0.3817237939389726,0.37971356469301126,0.10222222222222223,0.5228571428571429,0.35923081917462585,0.3682961581994703,0.07714285714285714,0.0,0.0,0.35714285714285715,12.357142857142858,0.0044444444444444444,0.0,0.04653874009200384,0.11836634914903714,3.3777777777777778,0.0,0.0,0.15,0.08,0,0.08254868021059339,0.19981374643219818,0.3211037884296723,0.42154816477168233,0.0,0.0,0.0,0.0,0.0,0.0,0.0,0.08,0.0,0.05,0.25
389,0.9825687960563032,0.46222739267097873,0.9279464957369131,0.46921473645075074,0.26235045025828074,0.46671020273092323,0.8355555555555556,0.3816349050500838,0.37964689802634466,0.10222222222222223,0.5371428571428571,0.35917367631748304,0.3682533010566132,0.07714285714285714,0.0044444444444444444,0.002857142857142857,0.35714285714285715,12.36,0.0044444444444444444,0.0,0.04653874009200384,0.11836634914903714,3.3777777777777778,0.0,0.0,0.15,0.08,0,0.08256450823811184,0.1988146777000372,0.3175388555182217,0.4362568248512951,0.0,0.0,0.0,0.0,0.0,0.0,0.0,0.08,0.0044444444444444444,0.05,0.25
390,0.9829991803558602,0.4619241584867457,0.9282231713580569,0.4688090249396136,0.26235045025828074,0.46633584574540077,0.8044444444444444,0.3816349050500838,0.37964689802634466,0.10222222222222223,0.5171428571428571,0.35917367631748304,0.3682533010566132,0.07714285714285714,0.0044444444444444444,0.002857142857142857,0.35714285714285715,12.362857142857143,0.0044444444444444444,0.0,0.04653874009200384,0.11836634914903714,3.3777777777777778,0.0,0.0,0.15,0.08,0,0.08223697212549272,0.197820604311537,0.3140452212650001,0.4275316883542692,0.0,1.0,0.0,0.0,0.0,0.0,0.0,0.08,0.0044444444444444444,0.05,0.25
391,0.9812433668473727,0.4612226151959803,0.9270944341026006,0.46867273256610587,0.26235045025828074,0.4660691239873101,0.8311111111111111,0.38145712727230596,0.37960635812311405,0.10222222222222223,0.5342857142857143,0.3590593906031973,0.36822723969025056,0.07714285714285714,0.008888888888888889,0.005714285714285714,0.35714285714285715,12.365714285714287,0.0044444444444444444,0.0,0.04653874009200384,0.11836634914903714,3.3777777777777778,0.0,0.0,0.15,0.08,0,0.0822829301220081,0.1968315012899793,0.31347860255398585,0.46383863718158574,0.0,0.5,0.0,0.0,0.0,0.0,0.0,0.08,0.008888888888888889,0.05,0.25
392,0.9816625007071346,0.46239063092760135,0.9273638772981618,0.4692774731987192,0.26235045025828074,0.465969908418727,0.8222222222222222,0.38145712727230596,0.37960635812311405,0.10222222222222223,0.5285714285714286,0.3590593906031973,0.36822723969025056,0.07714285714285714,0.0044444444444444444,0.002857142857142857,0.35714285714285715,12.368571428571428,0.0044444444444444444,0.0,0.04653874009200384,0.11836634914903714,3.3777777777777778,0.0,0.0,0.15,0.08,0,0.0819000868999695,0.19584734378352942,0.31006617336004894,0.45456186443795404,0.0,1.0,0.0,0.0,0.0,0.0,0.0,0.08,0.0044444444444444444,0.05,0.25
393,0.9802614961864213,0.4620461869218361,0.9264632315348462,0.46894240507245166,0.26235045025828074,0.46592328460697024,0.8488888888888889,0.38145712727230596,0.37960635812311405,0.10222222222222223,0.5457142857142857,0.3590593906031973,0.36822723969025056,0.07714285714285714,0.0044444444444444444,0.002857142857142857,0.35714285714285715,12.371428571428572,0.0044444444444444444,0.0,0.04653874009200384,0.11836634914903714,3.3777777777777778,0.0,0.0,0.15,0.08,0,0.08151915789404109,0.19486810706461177,0.30672199274999085,0.44547062714919494,0.0,1.0,0.0,0.0,0.0,0.0,0.0,0.08,0.0044444444444444444,0.05,0.25
394,0.9809211884856326,0.4622193242038342,0.926887319441482,0.4688960601914039,0.26235045025828074,0.4658772325259056,0.8044444444444444,0.38145712727230596,0.37960635812311405,0.10222222222222223,0.5171428571428571,0.3590593906031973,0.36822723969025056,0.07714285714285714,0.0044444444444444444,0.002857142857142857,0.35714285714285715,12.374285714285714,0.0044444444444444444,0.0,0.04653874009200384,0.11836634914903714,3.3777777777777778,0.0,0.0,0.15,0.08,0,0.0811401335331423,0.19389376652928872,0.3034446957521339,0.43656121460621106,0.0,1.0,0.0,0.0,0.0,0.0,0.0,0.08,0.0044444444444444444,0.05,0.25
395,0.9800282980672607,0.4625905793102178,0.926313318458243,0.4691824736168113,0.26235045025828074,0.4656863052940775,0.8355555555555556,0.38145712727230596,0.37960635812311405,0.10222222222222223,0.5371428571428571,0.3590593906031973,0.36822723969025056,0.07714285714285714,0.0044444444444444444,0.002857142857142857,0.35714285714285715,12.377142857142857,0.0044444444444444444,0.0,0.04653874009200384,0.11836634914903714,3.3777777777777778,0.0,0.0,0.15,0.08,0,0.08076300429404802,0.19292429769664227,0.300232944694234,0.4278299903140868,0.0,1.0,0.0,0.0,0.0,0.0,0.0,0.08,0.0044444444444444444,0.05,0.25
396,0.9813815687426725,0.4625400601348977,0.9271832781781505,0.469478977757917,0.26235045025828074,0.4656296601431463,0.8311111111111111,0.38145712727230596,0.37960635812311405,0.10222222222222223,0.5342857142857143,0.3590593906031973,0.36822723969025056,0.07714285714285714,0.0044444444444444444,0.002857142857142857,0.35714285714285715,12.38,0.0044444444444444444,0.0,0.04653874009200384,0.11836634914903714,3.3777777777777778,0.0,0.0,0.15,0.08,0,0.08038776070114921,0.19195967620815907,0.2970854286574922,0.4192733905078051,0.0,1.0,0.0,0.0,0.0,0.0,0.0,0.08,0.0044444444444444444,0.05,0.25
397,0.9807954171816455,0.4630304427955794,0.9268064664603474,0.46978924910702646,0.26235045025828074,0.46567166994007203,0.8311111111111111,0.38145712727230596,0.37960635812311405,0.10222222222222223,0.5342857142857143,0.3590593906031973,0.36822723969025056,0.07714285714285714,0.0044444444444444444,0.002857142857142857,0.35714285714285715,12.382857142857143,0.0044444444444444444,0.0,0.04653874009200384,0.11836634914903714,3.3777777777777778,0.0,0.0,0.15,0.08,0,0.08001439332621489,0.19099987782711828,0.29400086294148525,0.41088792269764896,0.0,1.0,0.0,0.0,0.0,0.0,0.0,0.08,0.0044444444444444444,0.05,0.25
398,0.9813065068328016,0.46379418032968905,0.9271350240932335,0.4703946626309867,0.26235045025828074,0.4658471016431421,0.8177777777777778,0.38127934949452813,0.3794730247897807,0.10222222222222223,0.5257142857142857,0.35894510488891157,0.3681415254045364,0.07714285714285714,0.008888888888888889,0.005714285714285714,0.35714285714285715,12.385714285714286,0.0044444444444444444,0.0,0.04653874009200384,0.11836634914903714,3.3777777777777778,0.0,0.0,0.15,0.08,0,0.08007146421672666,0.19004487843798268,0.29383513139694123,0.41693267048143284,0.0,0.5,0.0,0.0,0.0,0.0,0.0,0.08,0.008888888888888889,0.05,0.25
399,0.980946270559182,0.4638462330587266,0.9269034436316209,0.4702741701471568,0.26235045025828074,0.466030700404244,0.8044444444444444,0.3811015717167504,0.37933969145644736,0.10222222222222223,0.5171428571428571,0.35883081917462584,0.36805581111882196,0.07714285714285714,0.008888888888888889,0.005714285714285714,0.35714285714285715,12.388571428571428,0.0044444444444444444,0.0,0.04653874009200384,0.11836634914903714,3.3777777777777778,0.0,0.0,0.15,0.08,0,0.08012824975278589,0.18909465404579276,0.29367271448328813,0.41272243990965296,0.0,0.5,0.0,0.0,0.0,0.0,0.0,0.08,0.008888888888888889,0.05,0.25
400,0.9825869049491439,0.463840237796352,0.927958137168025,0.4696431302642649,0.26235045025828074,0.4663662780939949,0.8,0.3810126828278615,0.37927302478978075,0.10222222222222223,0.5142857142857142,0.358773676317483,0.3680129539759649,0.07714285714285714,0.008888888888888889,0.005714285714285714,0.35714285714285715,12.391428571428571,0.0044444444444444444,0.0,0.04653874009200384,0.11836634914903714,3.3777777777777778,0.0,0.0,0.15,0.08,0,0.08018475136116482,0.1881491807755638,0.29351354590790807,0.4150895216800912,0.0,0.5,0.0,0.0,0.0,0.0,0.0,0.08,0.008888888888888889,0.05,0.25
401,0.9821274364599633,0.463274950521463,0.9276627645678374,0.4691105466524701,0.26235045025828074,0.46680667695060357,0.8133333333333334,0.3810126828278615,0.37927302478978075,0.10222222222222223,0.5228571428571429,0.358773676317483,0.3680129539759649,0.07714285714285714,0.0044444444444444444,0.002857142857142857,0.35714285714285715,12.394285714285715,0.0044444444444444444,0.0,0.04653874009200384,0.11836634914903714,3.3777777777777778,0.0,0.0,0.15,0.08,0,0.07981239903293043,0.18720843487168598,0.2905004178468928,0.40678773124648937,0.0,1.0,0.0,0.0,0.0,0.0,0.0,0.08,0.0044444444444444444,0.05,0.25
402,0.9822969951803553,0.46284178538417503,0.927771766602375,0.46937490221439815,0.26235045025828074,0.4669787774507635,0.7955555555555556,0.380657127272306,0.37900635812311406,0.10222222222222223,0.5114285714285715,0.3585451048889116,0.3678415254045363,0.07714285714285714,0.013333333333333334,0.008571428571428572,0.35714285714285715,12.397142857142857,0.0044444444444444444,0.0,0.04653874009200384,0.11836634914903714,3.3777777777777778,0.0,0.0,0.15,0.08,0,0.08029905132348006,0.19417052468702892,0.29326183806138345,0.4112718564177105,0.0,0.3333333333333333,0.0,0.0,0.0,0.0,0.0,0.08,0.013333333333333334,0.05,0.25
403,0.9820090895520477,0.46343947254104934,0.9275866844127488,0.4698843646593208,0.26235045025828074,0.4670124379557721,0.8355555555555556,0.3804793494945281,0.37887302478978074,0.10222222222222223,0.5371428571428571,0.3584308191746258,0.3677558111188221,0.07714285714285714,0.008888888888888889,0.005714285714285714,0.35714285714285715,12.4,0.0044444444444444444,0.0,0.04653874009200384,0.11836634914903714,3.3777777777777778,0.0,0.0,0.15,0.08,0,0.08035469892400551,0.19319967206359379,0.2931108870144415,0.4088890528057971,0.0,0.5,0.0,0.0,0.0,0.0,0.0,0.08,0.008888888888888889,0.05,0.25
404,0.9844619146636643,0.4634664668436539,0.9280363111085937,0.4702996905605241,0.26235045025828074,0.4671875280563804,0.8348214285714286,0.37948427622980513,0.37998319344053344,0.10267857142857142,0.5342857142857143,0.35825939060319734,0.36762723969025063,0.07714285714285714,0.008928571428571428,0.008571428571428572,0.36,12.402857142857142,0.0,0.002857142857142857,0.04659256509981622,0.11836634914903714,3.3125,0.0,0.0,0.15,0.08035714285714286,0,0.08083863971509977,0.20789971574569616,0.2958200978455812,0.41795397438137194,0.0,0.3333333333333333,0.0,0.0,0.0,0.0,0.0,0.08,0.013333333333333334,0.05,0.25
405,0.9837756723732707,0.46434045721975037,0.927597116042742,0.4714228450165321,0.26235045025828074,0.467230639102343,0.8616071428571429,0.37948427622980513,0.37998319344053344,0.10267857142857142,0.5514285714285714,0.35825939060319734,0.36762723969025063,0.07714285714285714,0.0,0.0,0.36,12.402857142857142,0.0,0.0,0.04665075502478943,0.11836634914903714,3.3125,0.0,0.0,0.15,0.08035714285714286,0,0.08043444651652427,0.20686021716696767,0.2899036958886696,0.4095948948937445,0.0,0.0,0.0,0.0,0.0,0.0,0.0,0.08,0.0,0.05,0.25
406,0.9848410187848243,0.4641923036354095,0.9282789377461361,0.47124057971743377,0.26235045025828074,0.4672324291227143,0.7857142857142857,0.37948427622980513,0.37998319344053344,0.10267857142857142,0.5028571428571429,0.35825939060319734,0.36762723969025063,0.07714285714285714,0.0,0.0,0.36,12.402857142857142,0.0,0.0,0.04665075502478943,0.11836634914903714,3.3125,0.0,0.0,0.15,0.08035714285714286,0,0.08003227428394165,0.20582591608113285,0.2841056219708962,0.40140299699586957,0.0,0.0,0.0,0.0,0.0,0.0,0.0,0.08,0.0,0.05,0.25
407,0.9849200034739083,0.4639801325401521,0.9283294879471501,0.47096974980806544,0.26235045025828074,0.4671280435352046,0.84375,0.3793057048012337,0.3798492648691049,0.10267857142857142,0.54,0.3581451048889116,0.36754152540453633,0.07714285714285714,0.004464285714285714,0.002857142857142857,0.36,12.402857142857142,0.0,0.0,0.04665075502478943,0.11836634914903714,3.3125,0.0,0.0,0.15,0.08035714285714286,0,0.08006068434109337,0.2047967865007272,0.28128065238862116,0.40502030771113484,0.0,0.0,0.0,0.0,0.0,0.0,0.0,0.08,0.004464285714285714,0.05,0.25
408,0.9844179622394,0.4641626815031482,0.9280081815570649,0.47123345799408234,0.26235045025828074,0.4670519433989868,0.8482142857142857,0.3793057048012337,0.3798492648691049,0.10267857142857142,0.5428571428571428,0.3581451048889116,0.36754152540453633,0.07714285714285714,0.0,0.0,0.36,12.402857142857142,0.0,0.0,0.04665075502478943,0.11836634914903714,3.3125,0.0,0.0,0.15,0.08035714285714286,0,0.0796603809193879,0.20377280256822355,0.27565503934084873,0.39691990155691215,0.0,0.0,0.0,0.0,0.0,0.0,0.0,0.08,0.0,0.05,0.25
409,0.9835926422575901,0.46479117915338286,0.9274799767687065,0.4717691684525604,0.26235045025828074,0.4668838476688497,0.8482142857142857,0.3791271333726623,0.37971533629767634,0.10267857142857142,0.5428571428571428,0.35803081917462587,0.36745581111882203,0.07714285714285714,0.004464285714285714,0.002857142857142857,0.36,12.402857142857142,0.0,0.0,0.04665075502478943,0.11836634914903714,3.3125,0.0,0.0,0.15,0.08035714285714286,0,0.07969065044336239,0.20275393855538246,0.2729990814111746,0.3889815035257739,0.0,0.0,0.0,0.0,0.0,0.0,0.0,0.08,0.004464285714285714,0.05,0.25
410,0.9856875273457406,0.46457335610399675,0.9288207032251229,0.47109211838556053,0.26235045025828074,0.46672774255142935,0.8035714285714286,0.3791271333726623,0.37971533629767634,0.10267857142857142,0.5142857142857142,0.35803081917462587,0.36745581111882203,0.07714285714285714,0.0,0.0,0.36,12.402857142857142,0.0,0.0,0.04665075502478943,0.11836634914903714,3.3125,0.0,0.0,0.15,0.08035714285714286,0,0.07929219719114558,0.20174016886260554,0.2675390997829511,0.3812018734552584,0.0,0.0,0.0,0.0,0.0,0.0,0.0,0.08,0.0,0.05,0.25
411,0.9827736454408226,0.46521309139965084,0.9269558188059753,0.47210470427311585,0.26235045025828074,0.46656396601644323,0.8169642857142857,0.3791271333726623,0.37971533629767634,0.10267857142857142,0.5228571428571429,0.35803081917462587,0.36745581111882203,0.07714285714285714,0.0,0.0,0.36,12.402857142857142,0.0,0.0,0.04665075502478943,0.11836634914903714,3.3125,0.0,0.0,0.15,0.08035714285714286,0,0.07889573620518986,0.20073146801829253,0.26218831778729207,0.37357783598615324,0.0,0.0,0.0,0.0,0.0,0.0,0.0,0.08,0.0,0.05,0.25
412,0.9825814851471416,0.46530828417777137,0.9268328362180195,0.4715296179789881,0.26235045025828074,0.46664539838778074,0.8258928571428571,0.3791271333726623,0.37971533629767634,0.10267857142857142,0.5285714285714286,0.35803081917462587,0.36745581111882203,0.07714285714285714,0.0,0.0,0.36,12.402857142857142,0.0,0.0,0.04665075502478943,0.11836634914903714,3.3125,0.0,0.0,0.15,0.08035714285714286,0,0.07850125752416388,0.19972781067820106,0.25694455143154626,0.36610627926643013,0.0,0.0,0.0,0.0,0.0,0.0,0.0,0.08,0.0,0.05,0.25
413,0.9835869089425656,0.4658954142905422,0.9274763074470908,0.471898806484726,0.26235045025828074,0.46678293543681,0.8214285714285714,0.3791271333726623,0.37971533629767634,0.10267857142857142,0.5257142857142857,0.35803081917462587,0.36745581111882203,0.07714285714285714,0.0,0.0,0.36,12.402857142857142,0.0,0.0,0.04665075502478943,0.11836634914903714,3.3125,0.0,0.0,0.15,0.08035714285714286,0,0.07810875123654308,0.19872917162481005,0.2518056604029153,0.35878415368110156,0.0,0.0,0.0,0.0,0.0,0.0,0.0,0.08,0.0,0.05,0.25
414,0.9826824317724362,0.4662720272993681,0.926897442058208,0.4723391568535204,0.26235045025828074,0.4669109946636762,0.8660714285714286,0.37903784765837656,0.379648372011962,0.10267857142857142,0.5542857142857143,0.35797367631748306,0.36741295397596496,0.07714285714285714,0.004464285714285714,0.002857142857142857,0.36,12.402857142857142,0.0,0.0,0.04665075502478943,0.11836634914903714,3.3125,0.0,0.0,0.15,0.08035714285714286,0,0.07814677890893179,0.2011458512967997,0.24962669005199983,0.3719865440838113,0.0,0.0,0.0,0.0,0.0,0.0,0.0,0.08,0.004464285714285714,0.05,0.25
415,0.9830869079295914,0.46602185630962645,0.9271563067987874,0.47206864760354034,0.26235045025828074,0.46720946016625803,0.8303571428571429,0.37903784765837656,0.379648372011962,0.10267857142857142,0.5314285714285715,0.35797367631748306,0.36741295397596496,0.07714285714285714,0.0,0.0,0.36,12.402857142857142,0.0,0.0,0.04665075502478943,0.11836634914903714,3.3125,0.0,0.0,0.15,0.08035714285714286,0,0.07775604501438713,0.2001401220403157,0.24463415625095986,0.36454681320213506,0.0,0.0,0.0,0.0,0.0,0.0,0.0,0.08,0.0,0.05,0.25
416,0.983355655597678,0.4662389473771073,0.9273283053063626,0.47236556666685103,0.26235045025828074,0.46760330379985826,0.8616071428571429,0.37903784765837656,0.379648372011962,0.10267857142857142,0.5514285714285714,0.35797367631748306,0.36741295397596496,0.07714285714285714,0.0,0.0,0.36,12.402857142857142,0.0,0.0,0.04665075502478943,0.11836634914903714,3.3125,0.0,0.0,0.15,0.08035714285714286,0,0.0773672647893152,0.19913942143011412,0.23974147312594063,0.35725587693809235,0.0,0.0,0.0,0.0,0.0,0.0,0.0,0.08,0.0,0.05,0.25
417,0.9840347332267242,0.46693716110442807,0.9277629149889522,0.4730208522573536,0.26235045025828074,0.46787072239973676,0.8258928571428571,0.37903784765837656,0.379648372011962,0.10267857142857142,0.5285714285714286,0.35797367631748306,0.36741295397596496,0.07714285714285714,0.0,0.0,0.36,12.402857142857142,0.0,0.0,0.04665075502478943,0.11836634914903714,3.3125,0.0,0.0,0.15,0.08035714285714286,0,0.07698042846536862,0.19814372432296357,0.23494664366342186,0.35011075939933045,0.0,0.0,0.0,0.0,0.0,0.0,0.0,0.08,0.0,0.05,0.25
418,0.9839222253080668,0.4664217964621273,0.9276909099210116,0.47271388724346514,0.26235045025828074,0.46804453703896287,0.8169642857142857,0.37885927622980514,0.3795144434405334,0.10267857142857142,0.5228571428571429,0.35785939060319727,0.36732723969025055,0.07714285714285714,0.004464285714285714,0.002857142857142857,0.36,12.402857142857142,0.0,0.0,0.04665075502478943,0.11836634914903714,3.3125,0.0,0.0,0.15,0.08035714285714286,0,0.0770240977516132,0.20166347212183314,0.23310485364729622,0.3574343172827372,0.0,0.0,0.0,0.0,0.0,0.0,0.0,0.08,0.004464285714285714,0.05,0.25
419,0.9835528219588185,0.46687895208624236,0.9274544917774925,0.47321381227977344,0.26235045025828074,0.46797010509074605,0.7946428571428571,0.37885927622980514,0.3795144434405334,0.10267857142857142,0.5085714285714286,0.35785939060319727,0.36732723969025055,0.07714285714285714,0.0,0.0,0.36,12.402857142857142,0.0,0.0,0.04665075502478943,0.11836634914903714,3.3125,0.0,0.0,0.15,0.08035714285714286,0,0.07663897726285514,0.20065515476122397,0.22844275657435031,0.3502856309370825,0.0,0.0,0.0,0.0,0.0,0.0,0.0,0.08,0.0,0.05,0.25
420,0.9844355773533577,0.46615618581081847,0.9280194552299977,0.47272580850369916,0.26235045025828074,0.4679935861829042,0.8080357142857143,0.37885927622980514,0.3795144434405334,0.10267857142857142,0.5171428571428571,0.35785939060319727,0.36732723969025055,0.07714285714285714,0.0,0.0,0.36,12.402857142857142,0.0,0.0,0.04665075502478943,0.11836634914903714,3.3125,0.0,0.0,0.15,0.08035714285714286,0,0.07625578237654086,0.19965187898741787,0.22387390144286332,0.3432799183183408,0.0,0.0,0.0,0.0,0.0,0.0,0.0,0.08,0.0,0.05,0.25
421,0.9842406275868295,0.4663079752143567,0.9278946873794195,0.4726261825443797,0.26235045025828074,0.46801498416643195,0.8839285714285714,0.37885927622980514,0.3795144434405334,0.10267857142857142,0.5657142857142857,0.35785939060319727,0.36732723969025055,0.07714285714285714,0.0,0.0,0.36,12.402857142857142,0.0,0.0,0.04665075502478943,0.11836634914903714,3.3125,0.0,0.0,0.15,0.08035714285714286,0,0.07587450346465816,0.1986536195924808,0.21939642341400603,0.336414319951974,0.0,0.0,0.0,0.0,0.0,0.0,0.0,0.08,0.0,0.05,0.25
422,0.9846417572768512,0.4658585737322811,0.9281514103810335,0.4728137129247742,0.26235045025828074,0.46807989431602987,0.8482142857142857,0.37885927622980514,0.3795144434405334,0.10267857142857142,0.5428571428571428,0.35785939060319727,0.36732723969025055,0.07714285714285714,0.0,0.0,0.36,12.402857142857142,0.0,0.0,0.04665075502478943,0.11836634914903714,3.3125,0.0,0.0,0.15,0.08035714285714286,0,0.07549513094733486,0.19766035149451838,0.21500849494572588,0.3296860335529346,0.0,0.0,0.0,0.0,0.0,0.0,0.0,0.08,0.0,0.05,0.25
423,0.9833351337912177,0.4663413808806053,0.9273151713502282,0.47328889149391506,0.26235045025828074,0.46807916310970943,0.78125,0.3787699905155194,0.3794474791548192,0.10267857142857142,0.5,0.35780224774605446,0.3672843825473935,0.07714285714285714,0.004464285714285714,0.002857142857142857,0.36,12.402857142857142,0.0,0.0,0.04665075502478943,0.11836634914903714,3.3125,0.0,0.0,0.15,0.08035714285714286,0,0.07554622672116962,0.20371207649844641,0.21356546790395425,0.32849966000753433,0.0,0.0,0.0,0.0,0.0,0.0,0.0,0.08,0.004464285714285714,0.05,0.25
424,0.9845487827506875,0.4667114323806115,0.9280919066842889,0.47358980599971173,0.26235045025828074,0.4681251803744454,0.7857142857142857,0.3787699905155194,0.3794474791548192,0.10267857142857142,0.5028571428571429,0.35780224774605446,0.3672843825473935,0.07714285714285714,0.0,0.0,0.36,12.402857142857142,0.0,0.0,0.04665075502478943,0.11836634914903714,3.3125,0.0,0.0,0.15,0.08035714285714286,0,0.07516849558756376,0.20269351611595418,0.20929415854587513,0.32192966680738366,0.0,0.0,0.0,0.0,0.0,0.0,0.0,0.08,0.0,0.05,0.25
425,0.9846996559598612,0.4663382002707611,0.9281884655381598,0.4735076981685633,0.26235045025828074,0.46818341066645675,0.7857142857142857,0.3787699905155194,0.3794474791548192,0.10267857142857142,0.5028571428571429,0.35780224774605446,0.3672843825473935,0.07714285714285714,0.0,0.0,0.36,12.402857142857142,0.0,0.0,0.04665075502478943,0.11836634914903714,3.3125,0.0,0.0,0.15,0.08035714285714286,0,0.07479265310962595,0.20168004853537438,0.20510827537495763,0.315491073471236,0.0,0.0,0.0,0.0,0.0,0.0,0.0,0.08,0.0,0.05,0.25
426,0.9856368562371269,0.4667690480382202,0.92878827371561,0.47386388168696003,0.26235045025828074,0.4680892542031178,0.8348214285714286,0.378591419086948,0.3793135505833906,0.10267857142857142,0.5342857142857143,0.3576879620317687,0.3671986682616792,0.07714285714285714,0.004464285714285714,0.002857142857142857,0.36,12.402857142857142,0.0,0.0,0.04665075502478943,0.11836634914903714,3.3125,0.0,0.0,0.15,0.08035714285714286,0,0.07484726127264926,0.2006716482926975,0.20386325272460137,0.3180060897292441,0.0,0.0,0.0,0.0,0.0,0.0,0.0,0.08,0.004464285714285714,0.05,0.25
427,0.9848586797339232,0.4656736716502247,0.9282902407535595,0.4728194563189605,0.26235045025828074,0.46808326646904025,0.8035714285714286,0.378591419086948,0.3793135505833906,0.10267857142857142,0.5142857142857142,0.3576879620317687,0.3671986682616792,0.07714285714285714,0.0,0.0,0.36,12.402857142857142,0.0,0.0,0.04665075502478943,0.11836634914903714,3.3125,0.0,0.0,0.15,0.08035714285714286,0,0.07447302496628601,0.19966829005123402,0.19978598767010933,0.31164596793465926,0.0,0.0,0.0,0.0,0.0,0.0,0.0,0.08,0.0,0.05,0.25
428,0.9839768781358634,0.4645079390404093,0.9277258877308013,0.4722134294677912,0.26235045025828074,0.4680139221208462,0.8348214285714286,0.378591419086948,0.3793135505833906,0.10267857142857142,0.5342857142857143,0.3576879620317687,0.3671986682616792,0.07714285714285714,0.0,0.0,0.36,12.402857142857142,0.0,0.0,0.04665075502478943,0.11836634914903714,3.3125,0.0,0.0,0.15,0.08035714285714286,0,0.07410065984145457,0.19866994860097784,0.19579026791670714,0.305413048575966,0.0,0.0,0.0,0.0,0.0,0.0,0.0,0.08,0.0,0.05,0.25
429,0.9829953746006742,0.4646470312175025,0.9270977254682803,0.47255572540852964,0.26235045025828074,0.4679215929667684,0.8035714285714286,0.37832356194409084,0.3791126577262477,0.10267857142857142,0.5142857142857142,0.3575165334603402,0.36707009683310776,0.07714285714285714,0.008928571428571428,0.005714285714285714,0.36,12.402857142857142,0.0,0.0,0.04665075502478943,0.11836634914903714,3.3125,0.0,0.0,0.15,0.08035714285714286,0,0.07458729939939016,0.21059466941323107,0.19758874827265868,0.3063031562698874,0.0,0.0,0.0,0.0,0.0,0.0,0.0,0.08,0.008928571428571428,0.05,0.25
430,0.9833372433367847,0.4641531891265543,0.927316521459391,0.47197213675627414,0.26235045025828074,0.4678692970912212,0.8080357142857143,0.37814499051551936,0.37897872915481917,0.10267857142857142,0.5171428571428571,0.35740224774605445,0.3669843825473935,0.07714285714285714,0.004464285714285714,0.002857142857142857,0.36,12.402857142857142,0.0,0.0,0.04665075502478943,0.11836634914903714,3.3125,0.0,0.0,0.15,0.08035714285714286,0,0.07464293433096464,0.2095416960661649,0.19649411616434836,0.30574825665892036,0.0,0.0,0.0,0.0,0.0,0.0,0.0,0.08,0.004464285714285714,0.05,0.25
431,0.9839721458588627,0.4631602056802607,0.9277228590735209,0.4709542314431992,0.26235045025828074,0.46766152167846603,0.8080357142857143,0.37814499051551936,0.37897872915481917,0.10267857142857142,0.5171428571428571,0.35740224774605445,0.3669843825473935,0.07714285714285714,0.0,0.0,0.36,12.402857142857142,0.0,0.0,0.04665075502478943,0.11836634914903714,3.3125,0.0,0.0,0.15,0.08035714285714286,0,0.0742697196593098,0.20849398758583407,0.19256423384106142,0.2996332915257419,0.0,0.0,0.0,0.0,0.0,0.0,0.0,0.08,0.0,0.05,0.25
432,0.9851171637731565,0.46148456256125936,0.9284556705386691,0.4701306455428107,0.26235045025828074,0.4672161605802429,0.8348214285714286,0.37814499051551936,0.37897872915481917,0.10267857142857142,0.5342857142857143,0.35740224774605445,0.3669843825473935,0.07714285714285714,0.0,0.0,0.36,12.402857142857142,0.0,0.0,0.04665075502478943,0.11836634914903714,3.3125,0.0,0.0,0.15,0.08035714285714286,0,0.07389837106101327,0.2074515176479049,0.18871294916424017,0.2936406256952271,0.0,0.0,0.0,0.0,0.0,0.0,0.0,0.08,0.0,0.05,0.25
433,0.9835806835940796,0.4610039351294674,0.9274723232240597,0.4694214830671128,0.26235045025828074,0.4666896803382541,0.7946428571428571,0.3778771333726623,0.3787778362976763,0.10267857142857142,0.5085714285714286,0.35723081917462585,0.36685581111882204,0.07714285714285714,0.008928571428571428,0.005714285714285714,0.36,12.402857142857142,0.0,0.0,0.04665075502478943,0.11836634914903714,3.3125,0.0,0.0,0.15,0.08035714285714286,0,0.07438602206285105,0.21763465156362116,0.19065297589524108,0.3238205773160226,0.0,0.0,0.0,0.0,0.0,0.0,0.0,0.08,0.008928571428571428,0.05,0.25
434,0.9837167048431967,0.46112452327735437,0.9275593768234948,0.4694835496647779,0.26235045025828074,0.4662461280020418,0.8080357142857143,0.3778771333726623,0.3787778362976763,0.10267857142857142,0.5171428571428571,0.35723081917462585,0.36685581111882204,0.07714285714285714,0.0,0.0,0.36,12.402857142857142,0.0,0.0,0.04665075502478943,0.11836634914903714,3.3125,0.0,0.0,0.15,0.08035714285714286,0,0.07401409195253679,0.21654647830580306,0.18683991637733624,0.31734416576970215,0.0,0.0,0.0,0.0,0.0,0.0,0.0,0.08,0.0,0.05,0.25
435,0.9844188252915761,0.46049567089104143,0.9280087339104574,0.46953491986910634,0.26235045025828074,0.4658803998891161,0.8080357142857143,0.3778771333726623,0.3787778362976763,0.10267857142857142,0.5171428571428571,0.35723081917462585,0.36685581111882204,0.07714285714285714,0.0,0.0,0.36,12.402857142857142,0.0,0.0,0.04665075502478943,0.11836634914903714,3.3125,0.0,0.0,0.15,0.08035714285714286,0,0.07364402149277412,0.21546374591427403,0.18310311804978954,0.3109972824543081,0.0,0.0,0.0,0.0,0.0,0.0,0.0,0.08,0.0,0.05,0.25
436,0.9837848767963359,0.4604079224626612,0.9276030068735037,0.4697167002473585,0.26235045025828074,0.4654964965409213,0.8125,0.3778771333726623,0.3787778362976763,0.10267857142857142,0.52,0.35723081917462585,0.36685581111882204,0.07714285714285714,0.0,0.0,0.36,12.402857142857142,0.0,0.0,0.04665075502478943,0.11836634914903714,3.3125,0.0,0.0,0.15,0.08035714285714286,0,0.07327580138531024,0.2143864271847027,0.17944105568879373,0.3047773368052219,0.0,0.0,0.0,0.0,0.0,0.0,0.0,0.08,0.0,0.05,0.25
437,0.983245638748099,0.45987089554346045,0.9272578945226323,0.46962175698590547,0.26235045025828074,0.4651113158417888,0.8125,0.3778771333726623,0.3787778362976763,0.10267857142857142,0.52,0.35723081917462585,0.36685581111882204,0.07714285714285714,0.0,0.0,0.36,12.402857142857142,0.0,0.0,0.04665075502478943,0.11836634914903714,3.3125,0.0,0.0,0.15,0.08035714285714286,0,0.07290942237838369,0.21331449504877917,0.17585223457501786,0.2986817900691175,0.0,0.0,0.0,0.0,0.0,0.0,0.0,0.08,0.0,0.05,0.25
438,0.9837812926950359,0.4594940154275338,0.9276007130486718,0.46951747086004486,0.26235045025828074,0.4646843526043973,0.8035714285714286,0.3778771333726623,0.3787778362976763,0.10267857142857142,0.5142857142857142,0.35723081917462585,0.36685581111882204,0.07714285714285714,0.0,0.0,0.36,12.402857142857142,0.0,0.0,0.04665075502478943,0.11836634914903714,3.3125,0.0,0.0,0.15,0.08035714285714286,0,0.07254487526649178,0.21224792257353525,0.17233518988351748,0.2927081542677351,0.0,0.0,0.0,0.0,0.0,0.0,0.0,0.08,0.0,0.05,0.25
439,0.9840524455897864,0.45835919681906273,0.9277742509013122,0.468051050922887,0.26235045025828074,0.4643408432119088,0.8571428571428571,0.37778784765837653,0.378710872011962,0.10267857142857142,0.5485714285714286,0.35717367631748304,0.3668129539759649,0.07714285714285714,0.004464285714285714,0.002857142857142857,0.36,12.402857142857142,0.0,0.0,0.04665075502478943,0.11836634914903714,3.3125,0.0,0.0,0.15,0.08035714285714286,0,0.07261072231873074,0.2111866829606676,0.17174562894299,0.2971439994284208,0.0,0.0,0.0,0.0,0.0,0.0,0.0,0.08,0.004464285714285714,0.05,0.25
440,0.9833448978019279,0.4595855431098406,0.9273214203170826,0.4692710482594344,0.26235045025828074,0.464018450532172,0.8571428571428571,0.37778784765837653,0.378710872011962,0.10267857142857142,0.5485714285714286,0.35717367631748304,0.3668129539759649,0.07714285714285714,0.0,0.0,0.36,12.402857142857142,0.0,0.0,0.04665075502478943,0.11836634914903714,3.3125,0.0,0.0,0.15,0.08035714285714286,0,0.07224766870713709,0.21013074954586425,0.16831071636413017,0.29120111943985233,0.0,0.0,0.0,0.0,0.0,0.0,0.0,0.08,0.0,0.05,0.25
441,0.9845422363997051,0.46052616546616054,0.9280877170196602,0.4697725626853352,0.26235045025828074,0.46386343542430525,0.8035714285714286,0.37760927622980517,0.37857694344053344,0.10267857142857142,0.5142857142857142,0.3570593906031973,0.3667272396902506,0.07714285714285714,0.004464285714285714,0.002857142857142857,0.36,12.402857142857142,0.0,0.0,0.04665075502478943,0.11836634914903714,3.3125,0.0,0.0,0.15,0.08035714285714286,0,0.07231500179217284,0.2090800957981349,0.1678016448939904,0.29003571134451184,0.0,0.0,0.0,0.0,0.0,0.0,0.0,0.08,0.004464285714285714,0.05,0.25
442,0.9839872086932672,0.4610947189611245,0.9277324992875398,0.47033954347076506,0.26235045025828074,0.463678955536027,0.8616071428571429,0.37760927622980517,0.37857694344053344,0.10267857142857142,0.5514285714285714,0.3570593906031973,0.3667272396902506,0.07714285714285714,0.0,0.0,0.36,12.402857142857142,0.0,0.0,0.04665075502478943,0.11836634914903714,3.3125,0.0,0.0,0.15,0.08035714285714286,0,0.07195342678321197,0.20803469531914423,0.16444561199611063,0.28423499711762157,0.0,0.0,0.0,0.0,0.0,0.0,0.0,0.08,0.0,0.05,0.25
443,0.9826635774917447,0.46252171769885464,0.9268853753185655,0.4714828034116103,0.26235045025828074,0.4636204776087068,0.8035714285714286,0.37760927622980517,0.37857694344053344,0.10267857142857142,0.5142857142857142,0.3570593906031973,0.3667272396902506,0.07714285714285714,0.0,0.0,0.36,12.402857142857142,0.0,0.0,0.04665075502478943,0.11836634914903714,3.3125,0.0,0.0,0.15,0.08035714285714286,0,0.07159365964929591,0.20699452184254852,0.16115669975618838,0.27855029717526913,0.0,0.0,0.0,0.0,0.0,0.0,0.0,0.08,0.0,0.05,0.25
444,0.9804386175914879,0.4641129149777302,0.9254614009824012,0.4724569523660972,0.26235045025828074,0.4635247654352098,0.7991071428571429,0.3774307048012337,0.37844301486910487,0.10267857142857142,0.5114285714285715,0.35694510488891157,0.3666415254045363,0.07714285714285714,0.004464285714285714,0.002857142857142857,0.36,12.402857142857142,0.0,0.0,0.04665075502478943,0.11836634914903714,3.3125,0.0,0.0,0.15,0.08035714285714286,0,0.07166426277962086,0.2059595492333358,0.16079070861820746,0.27342556215088243,0.0,0.0,0.0,0.0,0.0,0.0,0.0,0.08,0.004464285714285714,0.05,0.25
445,0.981495125307042,0.46419190575056746,0.9261375659203558,0.4730061134416817,0.26235045025828074,0.46347838591509033,0.8526785714285714,0.3772521333726622,0.3783090862976763,0.10267857142857142,0.5457142857142857,0.3568308191746259,0.3665558111188221,0.07714285714285714,0.004464285714285714,0.002857142857142857,0.36,12.402857142857142,0.0,0.0,0.04665075502478943,0.11836634914903714,3.3125,0.0,0.0,0.15,0.08035714285714286,0,0.07173451289429418,0.2049297514871691,0.1604320373029862,0.2700734901970135,0.0,0.0,0.0,0.0,0.0,0.0,0.0,0.08,0.004464285714285714,0.05,0.25
446,0.9822789772828278,0.46556198254485703,0.9266392311848586,0.47418542714161854,0.26235045025828074,0.4635881549467725,0.8080357142857143,0.3772521333726622,0.3783090862976763,0.10267857142857142,0.5171428571428571,0.3568308191746259,0.3665558111188221,0.07714285714285714,0.0,0.0,0.36,12.402857142857142,0.0,0.0,0.04665075502478943,0.11836634914903714,3.3125,0.0,0.0,0.15,0.08035714285714286,0,0.0713758403298227,0.20390510272973325,0.15722339655692646,0.2646720203930732,0.0,0.0,0.0,0.0,0.0,0.0,0.0,0.08,0.0,0.05,0.25
447,0.983828672038043,0.46447788374327803,0.9276310358281964,0.473588966677481,0.26235045025828074,0.4638110785920492,0.8169642857142857,0.3772521333726622,0.3783090862976763,0.10267857142857142,0.5228571428571429,0.3568308191746259,0.3665558111188221,0.07714285714285714,0.0,0.0,0.36,12.402857142857142,0.0,0.0,0.04665075502478943,0.11836634914903714,3.3125,0.0,0.0,0.15,0.08035714285714286,0,0.07101896112817359,0.20288557721608458,0.1540789286257879,0.25937857998521174,0.0,0.0,0.0,0.0,0.0,0.0,0.0,0.08,0.0,0.05,0.25
448,0.984456854514648,0.4654380402783783,0.9280330726132233,0.4743173389885724,0.26235045025828074,0.4639502708735771,0.8392857142857143,0.37716284765837654,0.378242122011962,0.10267857142857142,0.5371428571428571,0.356773676317483,0.36651295397596495,0.07714285714285714,0.004464285714285714,0.002857142857142857,0.36,12.402857142857142,0.0,0.0,0.04665075502478943,0.11836634914903714,3.3125,0.0,0.0,0.15,0.08035714285714286,0,0.07109243775110415,0.21979914330717926,0.153854492910415,0.2646720203930732,0.0,0.0,0.0,0.0,0.0,0.0,0.0,0.08,0.004464285714285714,0.05,0.25
449,0.9827297371722997,0.464909133072438,0.9269277175141204,0.4733506198987729,0.26235045025828074,0.4640416142147691,0.8303571428571429,0.37707356194409086,0.3781751577262477,0.10267857142857142,0.5314285714285715,0.35671653346034016,0.3664700968331078,0.07714285714285714,0.004464285714285714,0.002857142857142857,0.36,12.402857142857142,0.0,0.0,0.04665075502478943,0.11836634914903714,3.3125,0.0,0.0,0.15,0.08035714285714286,0,0.07116554699092005,0.21870014759064335,0.15363454590934958,0.26997696202332977,0.0,0.0,0.0,0.0,0.0,0.0,0.0,0.08,0.004464285714285714,0.05,0.25
