t,mean_x,mean_y,mean_x_all,mean_y_all,mean_L,y0,mean_epc,mean_r,mean_b,fund_prevalence,mean_epc_all,mean_r_all,mean_b_all,fund_prevalence_all,punish_rate,mean_punished,exit_rate,mean_exit_intent,exit_attempt_rate,exit_success_rate,p_opp_mean,stay_value,mean_degree_active,threat,A,budget,enforcer_frac,n_cadre_fallback,cap_mean,cap_p90,service_mean,service_p90,monopoly_on,enforcer_punish_share_step,alpha_punish_revalue,delta_outside_degrade,mu_membership_reward,pi_reward,lam_punish
0,0.3372765214062478,0.4946238113112225,0.3372765214062478,0.4946238113112225,0.24899929058488912,0.5,0.0,0.32571491917163187,0.33885848004507796,0.005714285714285714,0.0,0.32571491917163187,0.33885848004507796,0.005714285714285714,0.0,0.0,0.0,0.0,0.0,0.0,0.5,0.0,11.794285714285714,0.0,0.0,0.0,0.0,0,0.0,0.0,0.0,0.0,0.0,0.0,0.0,0.0,0.0,0.25,0.25
1,0.3465977636274229,0.4944118665712613,0.3465977636274229,0.4944118665712613,0.24899929058488912,0.49607974450900505,0.5971428571428572,0.3270292048859176,0.33984419433079227,0.005714285714285714,0.5971428571428572,0.3270292048859176,0.33984419433079227,0.005714285714285714,0.03428571428571429,0.03428571428571429,0.0,0.037142857142857144,0.0,0.0,0.03594998245381005,0.13196634914903713,11.794285714285714,0.0,0.0,0.15,0.08,28,0.005142857142857143,0.0,0.03428571428571429,0.0,0.0,0.9166666666666666,0.0,0.0,0.0,0.25,0.25
2,0.3542599231080238,0.4940647045352977,0.3542599231080238,0.4940647045352977,0.24899929058488912,0.49211679854596413,0.8514285714285714,0.3278292048859176,0.3404441943307923,0.005714285714285714,0.8514285714285714,0.3278292048859176,0.3404441943307923,0.005714285714285714,0.022857142857142857,0.022857142857142857,0.0,0.025714285714285714,0.0,0.0,0.03594998245381005,0.13196634914903713,11.794285714285714,0.0,0.0,0.15,0.08,25,0.008545714285714287,0.0,0.05645714285714285,0.0,0.0,0.875,0.0,0.0,0.0,0.25,0.25
3,0.3630255712677881,0.49469161029578246,0.3630255712677881,0.49469161029578246,0.24899929058488912,0.48815384537453244,0.8914285714285715,0.3293149191716319,0.341558480045078,0.008571428571428572,0.8914285714285715,0.3293149191716319,0.341558480045078,0.008571428571428572,0.037142857142857144,0.037142857142857144,0.0,0.03428571428571429,0.0,0.0,0.03594998245381005,0.13196634914903713,11.794285714285714,0.0,0.0,0.15,0.08,23,0.014074414285714286,0.0,0.09247085714285715,0.0,0.0,1.0,0.0,0.0,0.0,0.25,0.25
4,0.3710235267964204,0.49453637926136773,0.3710235267964204,0.49453637926136773,0.24899929058488912,0.4828504740953796,0.8914285714285715,0.32994349060020334,0.34202990861650656,0.008571428571428572,0.8914285714285715,0.32994349060020334,0.34202990861650656,0.008571428571428572,0.017142857142857144,0.017142857142857144,0.0,0.022857142857142857,0.0,0.0,0.03594998245381005,0.13196634914903713,11.794285714285714,0.0,0.0,0.15,0.08,17,0.016575470785714284,0.0,0.10776429714285715,0.0,0.0,1.0,0.0,0.0,0.0,0.25,0.25
5,0.38135862440232926,0.49404306605305465,0.38135862440232926,0.49404306605305465,0.24899929058488912,0.47794707745028503,0.9057142857142857,0.3305149191716319,0.34245848004507795,0.008571428571428572,0.9057142857142857,0.3305149191716319,0.34245848004507795,0.008571428571428572,0.014285714285714285,0.014285714285714285,0.0,0.017142857142857144,0.0,0.0,0.03594998245381005,0.13196634914903713,11.794285714285714,0.0,0.0,0.15,0.08,14,0.01863545057464286,0.0,0.11989472548571428,0.0,0.0,1.0,0.0,0.0,0.0,0.25,0.25
6,0.390104314518487,0.49358877856440586,0.390104314518487,0.49358877856440586,0.24899929058488912,0.47352498888118055,0.8971428571428571,0.33097206202877477,0.3428013371879351,0.008571428571428572,0.8971428571428571,0.33097206202877477,0.3428013371879351,0.008571428571428572,0.011428571428571429,0.011428571428571429,0.0,0.02857142857142857,0.0,0.0,0.03594998245381005,0.13196634914903713,11.794285714285714,0.0,0.0,0.15,0.08,13,0.020256559036055357,0.0,0.12892540240457143,0.0,0.0,0.75,0.0,0.0,0.0,0.25,0.25
7,0.3985157947157303,0.4932953495500078,0.3985157947157303,0.4932953495500078,0.24899929058488912,0.46911562573490384,0.9057142857142857,0.33177206202877474,0.34340133718793514,0.008571428571428572,0.9057142857142857,0.33177206202877474,0.34340133718793514,0.008571428571428572,0.02,0.02,0.0,0.014285714285714285,0.0,0.0,0.03594998245381005,0.13196634914903713,11.794285714285714,0.0,0.0,0.15,0.08,12,0.023155276240875083,0.0,0.14634689435648,0.0,0.0,0.8571428571428571,0.0,0.0,0.0,0.25,0.25
8,0.40672396257804205,0.492665703389094,0.40672396257804205,0.492665703389094,0.24899929058488912,0.4649307580280423,0.8942857142857142,0.3325149191716319,0.343958480045078,0.008571428571428572,0.8942857142857142,0.3325149191716319,0.343958480045078,0.008571428571428572,0.02,0.02,0.0,0.02,0.0,0.0,0.03594998245381005,0.13196634914903713,11.794285714285714,0.0,0.0,0.15,0.08,12,0.026039499859670703,0.0,0.16341995646935037,0.0,0.0,0.7142857142857143,0.0,0.0,0.0,0.25,0.25
9,0.41598307382282856,0.4929025455919149,0.41598307382282856,0.4929025455919149,0.24899929058488912,0.46138317645887283,0.8742857142857143,0.33348634774306046,0.3446870514736494,0.008571428571428572,0.8742857142857143,0.33348634774306046,0.3446870514736494,0.008571428571428572,0.025714285714285714,0.025714285714285714,0.0,0.008571428571428572,0.0,0.0,0.03594998245381005,0.13196634914903713,11.794285714285714,0.0,0.0,0.15,0.08,12,0.02976644521751521,0.0,0.1858658430542491,0.0,0.0,0.8888888888888888,0.0,0.0,0.0,0.25,0.25
10,0.426199685003526,0.49265425951024816,0.426199685003526,0.49265425951024816,0.24899929058488912,0.4582694825883791,0.8942857142857142,0.3341149191716319,0.345158480045078,0.011428571428571429,0.8942857142857142,0.3341149191716319,0.345158480045078,0.011428571428571429,0.017142857142857144,0.017142857142857144,0.0,0.008571428571428572,0.0,0.0,0.03594998245381005,0.13196634914903713,11.794285714285714,0.0,0.0,0.15,0.08,11,0.03218904156285621,0.0,0.19929138333602128,0.0,0.0,1.0,0.0,0.0,0.0,0.25,0.25
11,0.4366346987793299,0.49251204469120996,0.4366346987793299,0.49251204469120996,0.24899929058488912,0.4578295446781892,0.9028571428571428,0.33548634774306046,0.3461870514736494,0.014285714285714285,0.9028571428571428,0.33548634774306046,0.3461870514736494,0.014285714285714285,0.03428571428571429,0.03428571428571429,0.0,0.014285714285714285,0.0,0.0,0.03594998245381005,0.13196634914903713,11.794285714285714,0.0,0.0,0.15,0.08,11,0.03717095349789906,0.0,0.22959126995501508,0.0,0.0,1.0,0.0,0.0,0.0,0.25,0.25
12,0.44509155773596426,0.49177219886696044,0.44509155773596426,0.49177219886696044,0.24899929058488912,0.4569689993588606,0.9028571428571428,0.3368006334573462,0.347157322788418,0.014285714285714285,0.9028571428571428,0.3368006334573462,0.347157322788418,0.014285714285714285,0.03428571428571429,0.037142857142857144,0.0,0.02,0.0,0.0,0.03594998245381005,0.13196634914903713,11.794285714285714,0.0,0.0,0.15,0.08,10,0.04255652730183814,0.0,0.26214230169877195,0.0,0.0,0.8461538461538461,0.0,0.0,0.0,0.25,0.25
13,0.4521868896569783,0.4914299248981099,0.4521868896569783,0.4914299248981099,0.24899929058488912,0.4561027302987188,0.92,0.3376470778071288,0.3478858942169894,0.017142857142857144,0.92,0.3376470778071288,0.3478858942169894,0.017142857142857144,0.025714285714285714,0.025714285714285714,0.0,0.02857142857142857,0.0,0.0,0.03594998245381005,0.13196634914903713,11.794285714285714,0.0,0.0,0.15,0.08,8,0.04606441123257081,0.0,0.28261374137908224,0.0,0.0,1.0,0.0,0.0,0.0,0.25,0.25
14,0.462353514907069,0.4899744590039945,0.462353514907069,0.4899744590039945,0.24899929058488912,0.4562343040127355,0.9257142857142857,0.33860950507987914,0.348657322788418,0.017142857142857144,0.9257142857142857,0.33860950507987914,0.348657322788418,0.017142857142857144,0.03428571428571429,0.03428571428571429,0.0,0.017142857142857144,0.0,0.0,0.03594998245381005,0.13196634914903713,11.794285714285714,0.0,0.0,0.15,0.08,8,0.05014837489069367,0.0,0.31124718083721487,0.0,0.0,0.9166666666666666,0.0,0.0,0.0,0.25,0.25
15,0.47226338590010414,0.4889656718739115,0.47226338590010414,0.4889656718739115,0.24899929058488912,0.45621302684941895,0.92,0.3398848064294055,0.3497287513598465,0.017142857142857144,0.92,0.3398848064294055,0.3497287513598465,0.017142857142857144,0.03428571428571429,0.04,0.0,0.017142857142857144,0.0,0.0,0.03594998245381005,0.13196634914903713,11.794285714285714,0.0,0.0,0.15,0.08,8,0.055497633016240194,0.0,0.3450222372204705,0.0,0.0,0.9285714285714286,0.0,0.0,0.0,0.25,0.25
16,0.4815572409751268,0.4879306161125269,0.4815572409751268,0.4879306161125269,0.24899929058488912,0.4562950865146381,0.9057142857142857,0.34057052071511973,0.3502430370741322,0.017142857142857144,0.9057142857142857,0.34057052071511973,0.3502430370741322,0.017142857142857144,0.02,0.02,0.0,0.017142857142857144,0.0,0.0,0.03594998245381005,0.13196634914903713,11.794285714285714,0.0,0.0,0.15,0.08,7,0.058220144851158985,0.0,0.35812179247606113,0.0,0.0,1.0,0.0,0.0,0.0,0.25,0.25
17,0.4923839369111374,0.4865925084557685,0.4923839369111374,0.4865925084557685,0.24899929058488912,0.45642533530398177,0.9371428571428572,0.34102766357226266,0.3505858942169894,0.022857142857142857,0.9371428571428572,0.34102766357226266,0.3505858942169894,0.022857142857142857,0.014285714285714285,0.014285714285714285,0.0,0.014285714285714285,0.0,0.0,0.03594998245381005,0.13196634914903713,11.794285714285714,0.0,0.0,0.15,0.08,6,0.05996685160790349,0.0,0.36524507091225417,0.0,0.0,1.0,0.0,0.0,0.0,0.25,0.25
18,0.501987464866499,0.4865973564172738,0.501987464866499,0.4865973564172738,0.24899929058488912,0.45696474969175827,0.9085714285714286,0.3414848064294055,0.35127160850270367,0.022857142857142857,0.9085714285714286,0.3414848064294055,0.35127160850270367,0.022857142857142857,0.02857142857142857,0.02857142857142857,0.0,0.02,0.0,0.0,0.03594998245381005,0.13196634914903713,11.794285714285714,0.0,0.0,0.15,0.08,6,0.062352303778435404,0.0,0.38651159806543767,0.0,0.0,0.9,0.0,0.0,0.0,0.25,0.25
19,0.5104721902717372,0.48591454528245454,0.5104721902717372,0.48591454528245454,0.24899929058488912,0.4577214554805972,0.8885714285714286,0.3425705207151198,0.35252639546583986,0.022857142857142857,0.8885714285714286,0.3425705207151198,0.35252639546583986,0.022857142857142857,0.05142857142857143,0.054285714285714284,0.0,0.02,0.0,0.0,0.03594998245381005,0.13196634914903713,11.794285714285714,0.0,0.0,0.15,0.08,5,0.06796804431596057,0.0,0.4330670803898432,0.0,0.0,0.9473684210526315,0.0,0.0,0.0,0.25,0.25
20,0.5190082919828741,0.48487723275329186,0.5190082919828741,0.48487723275329186,0.24899929058488912,0.4583949113943208,0.92,0.34399909214369123,0.35368353832298277,0.02857142857142857,0.92,0.34399909214369123,0.35368353832298277,0.02857142857142857,0.045714285714285714,0.045714285714285714,0.0,0.014285714285714285,0.0,0.0,0.03594998245381005,0.13196634914903713,11.794285714285714,0.0,0.0,0.15,0.08,4,0.07238031383265395,0.01363734392374105,0.470120024496332,0.0681232624240047,0.0,0.9375,0.0,0.0,0.0,0.25,0.25
21,0.5286969737490218,0.4839333329491497,0.5286969737490218,0.4839333329491497,0.24899929058488912,0.4576600284861365,0.9228571428571428,0.3450276635722626,0.3546263954658399,0.03142857142857143,0.9228571428571428,0.3450276635722626,0.3546263954658399,0.03142857142857143,0.03142857142857143,0.03142857142857143,0.0,0.014285714285714285,0.0,0.0,0.03594998245381005,0.13196634914903713,11.794285714285714,0.0,0.0,0.15,0.08,3,0.0763326979777764,0.013569157204122344,0.49214619543497684,0.0667607971755246,0.0,1.0,0.0,0.0,0.0,0.25,0.25
22,0.5366127861641785,0.48345946054174793,0.5366127861641785,0.48345946054174793,0.24899929058488912,0.45751872369502955,0.9314285714285714,0.34622766357226264,0.35571409402452203,0.03142857142857143,0.9314285714285714,0.34622766357226264,0.35571409402452203,0.03142857142857143,0.037142857142857144,0.04285714285714286,0.0,0.002857142857142857,0.0,0.0,0.03594998245381005,0.13196634914903713,11.794285714285714,0.0,0.0,0.15,0.08,2,0.08031127552548843,0.13549525455411915,0.5251604143834201,0.6641944252354856,0.0,0.9333333333333333,0.0,0.0,0.0,0.25,0.25
23,0.5460873828999117,0.48276075921832867,0.5460873828999117,0.48276075921832867,0.24899929058488912,0.4573504548717318,0.9171428571428571,0.34687962702209113,0.3561426654530935,0.03142857142857143,0.9171428571428571,0.34687962702209113,0.3561426654530935,0.03142857142857143,0.02857142857142857,0.02857142857142857,0.0,0.02,0.0,0.0,0.03594998245381005,0.13196634914903713,11.794285714285714,0.0,0.0,0.15,0.08,2,0.08262357700500383,0.13481777828134855,0.5432286346671802,0.6509105367307758,0.0,1.0,0.0,0.0,0.0,0.25,0.25
24,0.5560409346766958,0.48167692941559703,0.5560409346766958,0.48167692941559703,0.24899929058488912,0.4572849586909572,0.9028571428571428,0.34761983487770376,0.35691409402452207,0.03142857142857143,0.9028571428571428,0.34761983487770376,0.35691409402452207,0.03142857142857143,0.045714285714285714,0.045714285714285714,0.0,0.011428571428571429,0.0,0.0,0.03594998245381005,0.13196634914903713,11.794285714285714,0.0,0.0,0.15,0.08,2,0.08589517625926453,0.1341436893899418,0.5780783476881223,0.6378923259961602,0.0,1.0,0.0,0.0,0.0,0.25,0.25
25,0.5647135302161626,0.4818003049577151,0.5647135302161626,0.4818003049577151,0.24899929058488912,0.4570845441814334,0.9314285714285714,0.3481912634491323,0.35784036892012977,0.03428571428571429,0.9314285714285714,0.3481912634491323,0.35784036892012977,0.03428571428571429,0.04285714285714286,0.045714285714285714,0.0,0.014285714285714285,0.0,0.0,0.03594998245381005,0.13196634914903713,11.794285714285714,0.0,0.0,0.15,0.08,0,0.08812518729658968,0.1334729709429921,0.6122310664486457,0.625134479476237,0.0,1.0,0.0,0.0,0.0,0.25,0.25
26,0.576029905548787,0.4817916994711652,0.576029905548787,0.4817916994711652,0.24899929058488912,0.45727983661972776,0.9314285714285714,0.3489082909046819,0.3584832260629869,0.03428571428571429,0.9314285714285714,0.3489082909046819,0.3584832260629869,0.03428571428571429,0.037142857142857144,0.04,0.0,0.014285714285714285,0.0,0.0,0.03594998245381005,0.13196634914903713,11.794285714285714,0.0,0.0,0.15,0.08,0,0.0901392352864428,0.13705873290188894,0.6399864451196727,0.6951353308570327,0.0,0.9285714285714286,0.0,0.0,0.0,0.25,0.25
27,0.5871500941421116,0.48050241065509663,0.5871500941421116,0.48050241065509663,0.24899929058488912,0.45737335744735763,0.8914285714285715,0.3497082909046819,0.3592826051585928,0.037142857142857144,0.8914285714285715,0.3497082909046819,0.3592826051585928,0.037142857142857144,0.04285714285714286,0.04285714285714286,0.0,0.022857142857142857,0.0,0.0,0.03594998245381005,0.13196634914903713,11.794285714285714,0.0,0.0,0.15,0.08,0,0.09285996768143916,0.1363734392373795,0.6700438590744221,0.6812326242398921,0.0,1.0,0.0,0.0,0.0,0.25,0.25
28,0.5953435146312697,0.47894152979105886,0.5953435146312697,0.47894152979105886,0.24899929058488912,0.4580319858960793,0.9257142857142857,0.35033686233325334,0.3600111765871642,0.037142857142857144,0.9257142857142857,0.35033686233325334,0.3600111765871642,0.037142857142857144,0.03142857142857143,0.03142857142857143,0.0,0.014285714285714285,0.0,0.0,0.03594998245381005,0.13196634914903713,11.794285714285714,0.0,0.0,0.15,0.08,0,0.09553809712874624,0.1356915720411926,0.688071553321505,0.6676079717550942,0.0,1.0,0.0,0.0,0.0,0.25,0.25
29,0.6060038917094217,0.47823618391083356,0.6060038917094217,0.47823618391083356,0.24899929058488912,0.4585654708238673,0.9371428571428572,0.35079400519039616,0.36039648226376236,0.037142857142857144,0.9371428571428572,0.35079400519039616,0.36039648226376236,0.037142857142857144,0.03142857142857143,0.03142857142857143,0.0,0.008571428571428572,0.0,0.0,0.03594998245381005,0.13196634914903713,11.794285714285714,0.0,0.0,0.15,0.08,0,0.09747045913695697,0.13501311418098663,0.7057386936836464,0.6542558123199923,0.0,1.0,0.0,0.0,0.0,0.25,0.25
30,0.6141964915622378,0.47848698647330823,0.6141964915622378,0.47848698647330823,0.24899929058488912,0.4592972658653697,0.9228571428571428,0.3511368623332533,0.36099648226376235,0.04,0.9228571428571428,0.3511368623332533,0.36099648226376235,0.04,0.02857142857142857,0.02857142857142857,0.0,0.011428571428571429,0.0,0.0,0.03594998245381005,0.13196634914903713,11.794285714285714,0.0,0.0,0.15,0.08,0,0.09849682184127216,0.1343380486100817,0.720195348381402,0.6411706960735924,0.0,1.0,0.0,0.0,0.0,0.25,0.25
31,0.6237746909155988,0.4777587531220336,0.6237746909155988,0.4777587531220336,0.24899929058488912,0.4595780140573838,0.9485714285714286,0.35227762809417196,0.3620928027097284,0.04,0.9485714285714286,0.35227762809417196,0.3620928027097284,0.04,0.04285714285714286,0.045714285714285714,0.0,0.014285714285714285,0.0,0.0,0.03594998245381005,0.13196634914903713,11.794285714285714,0.0,0.0,0.15,0.08,0,0.10281393084045407,0.13366635836703128,0.7515057271280596,0.6283472821521205,0.0,0.9375,0.0,0.0,0.0,0.25,0.25
32,0.6345002685954072,0.4768872147000322,0.6345002685954072,0.4768872147000322,0.24899929058488912,0.45977788458309266,0.9085714285714286,0.3538294253342251,0.3633785169954427,0.04285714285714286,0.9085714285714286,0.3538294253342251,0.3633785169954427,0.04285714285714286,0.05142857142857143,0.06571428571428571,0.0,0.02,0.0,0.0,0.03594998245381005,0.13196634914903713,11.794285714285714,0.0,0.0,0.15,0.08,0,0.10869772616841251,0.13306485975437965,0.8021898982997843,0.6170370310733827,0.0,0.9565217391304348,0.0,0.0,0.0,0.25,0.25
33,0.6455882569091551,0.47652437897985905,0.6455882569091551,0.47652437897985905,0.24899929058488912,0.46019143858132355,0.9257142857142857,0.35485799676279656,0.3644928027097284,0.045714285714285714,0.9257142857142857,0.35485799676279656,0.3644928027097284,0.045714285714285714,0.05142857142857143,0.05142857142857143,0.0,0.02,0.0,0.0,0.03594998245381005,0.13196634914903713,11.794285714285714,0.0,0.0,0.15,0.08,0,0.11238138396257044,0.13319953533577522,0.8375746717623599,0.6196278840901704,0.0,0.9444444444444444,0.0,0.0,0.0,0.25,0.25
34,0.6552400569737246,0.4755303713986171,0.6552400569737246,0.4755303713986171,0.24899929058488912,0.46061919080634894,0.9342857142857143,0.35622942533422514,0.3657785169954427,0.05142857142857143,0.9342857142857143,0.35622942533422514,0.3657785169954427,0.05142857142857143,0.05714285714285714,0.06,0.0,0.03142857142857143,0.0,0.0,0.03594998245381005,0.13196634914903713,11.794285714285714,0.0,0.0,0.15,0.08,0,0.11655920841429324,0.13454158767281152,0.8808231783271127,0.6451768888902233,0.0,0.9523809523809523,0.0,0.0,0.0,0.25,0.25
35,0.666345369392931,0.4744804532948066,0.666345369392931,0.4744804532948066,0.24899929058488912,0.4609082611900743,0.9457142857142857,0.3565199677541365,0.36659280270972844,0.05142857142857143,0.9457142857142857,0.3565199677541365,0.36659280270972844,0.05142857142857143,0.04285714285714286,0.054285714285714284,0.0,0.037142857142857144,0.0,0.0,0.03594998245381005,0.13196634914903713,11.794285714285714,0.0,0.0,0.15,0.08,0,0.1189469845150789,0.1361761352302705,0.9174924290462848,0.6777494135055975,0.0,0.9473684210526315,0.0,0.0,0.0,0.25,0.25
36,0.67502661674607,0.4745570217446204,0.67502661674607,0.4745570217446204,0.24899929058488912,0.46121275320377025,0.9371428571428572,0.3575837974246585,0.3677070884240141,0.054285714285714284,0.9371428571428572,0.3575837974246585,0.3677070884240141,0.054285714285714284,0.05714285714285714,0.06285714285714286,0.0,0.045714285714285714,0.0,0.0,0.03594998245381005,0.13196634914903713,11.794285714285714,0.0,0.0,0.15,0.08,0,0.1227588396230587,0.13549525455411915,0.9619997233225019,0.6641944252354856,0.0,1.0,0.0,0.0,0.0,0.25,0.25
37,0.6832482213470402,0.4744785469852599,0.6832482213470402,0.4744785469852599,0.24899929058488912,0.46159917367911274,0.92,0.3586695117103728,0.3687235454848635,0.054285714285714284,0.92,0.3586695117103728,0.3687235454848635,0.054285714285714284,0.054285714285714284,0.05714285714285714,0.0,0.06571428571428571,0.0,0.0,0.03594998245381005,0.13196634914903713,11.794285714285714,0.0,0.0,0.15,0.08,0,0.125754044180865,0.13481777828134855,0.9999025859989089,0.6509105367307758,0.0,1.0,0.0,0.0,0.0,0.25,0.25
38,0.6926814995288498,0.4744626186136552,0.6926814995288498,0.4744626186136552,0.24899929058488912,0.4619466972182483,0.9,0.3594336917383678,0.3693835591987561,0.054285714285714284,0.9,0.3594336917383678,0.3693835591987561,0.054285714285714284,0.05714285714285714,0.05714285714285714,0.0,0.08285714285714285,0.0,0.0,0.03594998245381005,0.13196634914903713,11.794285714285714,0.0,0.0,0.15,0.08,0,0.12724653870815025,0.1341436893899418,1.037047391421788,0.6378923259961602,0.0,1.0,0.0,0.0,0.0,0.25,0.25
39,0.7002539892779667,0.4748705370396986,0.7002539892779667,0.4748705370396986,0.24899929058488912,0.46228126392075425,0.9514285714285714,0.3599195813639755,0.3701121306273275,0.054285714285714284,0.9514285714285714,0.3599195813639755,0.3701121306273275,0.054285714285714284,0.05714285714285714,0.06,0.0,0.08857142857142856,0.0,0.0,0.03594998245381005,0.13196634914903713,11.794285714285714,0.0,0.0,0.15,0.08,0,0.12891700104824058,0.13845553292998167,1.0763064435933523,0.7252021428872567,0.0,0.9523809523809523,0.0,0.0,0.0,0.25,0.25
40,0.7082560729791422,0.47415538998344303,0.7082560729791422,0.47415538998344303,0.24899929058488912,0.46266684979934514,0.9314285714285714,0.36083386707826126,0.37096927348447034,0.054285714285714284,0.9314285714285714,0.36083386707826126,0.37096927348447034,0.054285714285714284,0.054285714285714284,0.06,0.0,0.11428571428571428,0.0,0.0,0.03594998245381005,0.13196634914903713,11.794285714285714,0.0,0.0,0.15,0.08,0,0.13130027390014223,0.13776325526533176,1.114780314721485,0.7106981000295115,0.0,1.0,0.0,0.0,0.0,0.25,0.25
41,0.7174216701730396,0.4740302977246977,0.7174216701730396,0.4740302977246977,0.24899929058488912,0.46304940049715754,0.8971428571428571,0.36174815279254696,0.37169391549092023,0.054285714285714284,0.8971428571428571,0.36174815279254696,0.37169391549092023,0.054285714285714284,0.05142857142857143,0.05714285714285714,0.0,0.11142857142857143,0.0,0.0,0.03594998245381005,0.13196634914903713,11.794285714285714,0.0,0.0,0.15,0.08,0,0.13321377609849866,0.14345548873190211,1.1496275655699124,0.8354492881753136,0.0,0.9,0.0,0.0,0.0,0.25,0.25
42,0.7256686336383436,0.47378241900424795,0.7256686336383436,0.47378241900424795,0.24899929058488912,0.4633390073875508,0.9085714285714286,0.3622299585816091,0.3727653440623489,0.05714285714285714,0.9085714285714286,0.3622299585816091,0.3727653440623489,0.05714285714285714,0.06,0.06285714285714286,0.0,0.12571428571428572,0.0,0.0,0.03594998245381005,0.13196634914903713,11.794285714285714,0.0,0.0,0.15,0.08,0,0.1345182338728547,0.1427382112882426,1.189492157115657,0.8187403024118074,0.0,1.0,0.0,0.0,0.0,0.25,0.25
43,0.7355092277416128,0.4729894361717384,0.7355092277416128,0.4729894361717384,0.24899929058488912,0.46372438108095265,0.9228571428571428,0.36284312308597033,0.37350100725703245,0.05714285714285714,0.9228571428571428,0.36284312308597033,0.37350100725703245,0.05714285714285714,0.054285714285714284,0.06285714285714286,0.0,0.1457142857142857,0.002857142857142857,0.0,0.03594998245381005,0.13196634914903713,11.794285714285714,0.0,0.0,0.15,0.08,0,0.135987786274919,0.14202452023180137,1.2285594568304867,0.8023654963635712,0.0,1.0,0.0,0.0,0.0,0.25,0.25
44,0.7432545648733786,0.47327483683894467,0.7432545648733786,0.47327483683894467,0.24899929058488912,0.4640864405969096,0.9057142857142857,0.36323139015763345,0.3740581501141753,0.05714285714285714,0.9057142857142857,0.36323139015763345,0.3740581501141753,0.05714285714285714,0.06571428571428571,0.06857142857142857,0.0,0.16285714285714287,0.002857142857142857,0.0,0.03594998245381005,0.13196634914903713,11.794285714285714,0.0,0.0,0.15,0.08,0,0.13713556234354438,0.14202452023180137,1.2725596962653054,0.8023654963635712,0.0,0.9583333333333334,0.0,0.0,0.0,0.25,0.25
45,0.7510721978442062,0.4741015667828566,0.7510721978442062,0.4741015667828566,0.24899929058488912,0.46439945716946845,0.8885714285714286,0.3636885330147763,0.3748252927466472,0.05714285714285714,0.8885714285714286,0.3636885330147763,0.3748252927466472,0.05714285714285714,0.06285714285714286,0.06857142857142857,0.0,0.17714285714285713,0.002857142857142857,0.0,0.03594998245381005,0.13196634914903713,11.794285714285714,0.0,0.0,0.15,0.08,0,0.13864902881754096,0.14131439763064235,1.315679930911428,0.7863181864362998,0.0,1.0,0.0,0.0,0.0,0.25,0.25
46,0.7606006852005956,0.4739277693834413,0.7606006852005956,0.4739277693834413,0.24899929058488912,0.4646549236837764,0.9171428571428571,0.36425996158620494,0.3760681498895043,0.06,0.9171428571428571,0.36425996158620494,0.3760681498895043,0.06,0.07428571428571429,0.08,0.0,0.21428571428571427,0.002857142857142857,0.0,0.03594998245381005,0.13196634914903713,11.794285714285714,0.0,0.0,0.15,0.08,0,0.1404700054800931,0.14060782564248914,1.3693663322931995,0.7705918227075738,0.0,1.0,0.0,0.0,0.0,0.25,0.25
47,0.7672810401391098,0.47336600252184247,0.7672810401391098,0.47336600252184247,0.24899929058488912,0.4650050542036697,0.8742857142857143,0.36448853301477635,0.37651747708142386,0.06,0.8742857142857143,0.36448853301477635,0.37651747708142386,0.06,0.07142857142857142,0.07428571428571429,0.0,0.24,0.002857142857142857,0.0,0.03594998245381005,0.13196634914903713,11.794285714285714,0.0,0.0,0.15,0.08,0,0.1411957983098355,0.14060782564248914,1.4162647199330496,0.7705918227075738,0.0,0.9615384615384616,0.0,0.0,0.0,0.25,0.25
48,0.7723177302763783,0.4735704444990053,0.7723177302763783,0.4735704444990053,0.24899929058488912,0.465195299671939,0.8942857142857142,0.3652493826084322,0.37758572440045846,0.06285714285714286,0.8942857142857142,0.3652493826084322,0.37758572440045846,0.06285714285714286,0.08,0.08857142857142856,0.0,0.2914285714285714,0.002857142857142857,0.0,0.03594998245381005,0.13196634914903713,11.794285714285714,0.0,0.0,0.15,0.08,0,0.1439752478897149,0.14352790278041283,1.476510854105817,0.8371855392418075,0.0,0.9354838709677419,0.0,0.0,0.0,0.25,0.25
49,0.780987710348851,0.47352012152630824,0.780987710348851,0.47352012152630824,0.24899929058488912,0.46553629264247276,0.8914285714285715,0.3652493826084322,0.37775715297188706,0.06285714285714286,0.8914285714285715,0.3652493826084322,0.37775715297188706,0.06285714285714286,0.07142857142857142,0.07428571428571429,0.0,0.3028571428571429,0.005714285714285714,0.0,0.03594998245381005,0.13196634914903713,11.794285714285714,0.0,0.0,0.15,0.08,0,0.14374065736455205,0.14281026326651078,1.521266351309415,0.8204418284569713,0.0,1.0,0.0,0.0,0.0,0.25,0.25
50,0.7888400072967579,0.4744636061731532,0.7888400072967579,0.4744636061731532,0.24899929058488912,0.46591317541489247,0.8971428571428571,0.3653636683227179,0.3782788702225306,0.06285714285714286,0.8971428571428571,0.3653636683227179,0.3782788702225306,0.06285714285714286,0.07428571428571429,0.07714285714285714,0.0,0.34285714285714286,0.008571428571428572,0.0,0.03594998245381005,0.13196634914903713,11.794285714285714,0.0,0.0,0.15,0.08,0,0.14393552622058642,0.14209621195017821,1.567983881426084,0.8040329918878318,0.0,1.0,0.0,0.0,0.0,0.25,0.25
51,0.7957486991647241,0.4748369807518547,0.7957486991647241,0.4748369807518547,0.24899929058488912,0.46619145220081537,0.9028571428571428,0.366038156588848,0.379007441651102,0.06285714285714286,0.9028571428571428,0.366038156588848,0.379007441651102,0.06285714285714286,0.06285714285714286,0.06857142857142857,0.0,0.37142857142857144,0.011428571428571429,0.0,0.03594998245381005,0.13196634914903713,11.794285714285714,0.0,0.0,0.15,0.08,0,0.14586266485152433,0.1428826773150215,1.6051956323689907,0.8221780795234651,0.0,0.9583333333333334,0.0,0.0,0.0,0.25,0.25
52,0.8008631836778546,0.4745585176553319,0.8006567949679412,0.4745398881331598,0.24899929058488912,0.46646198693075974,0.8624641833810889,0.3672327362240337,0.37992494396246734,0.0659025787965616,0.86,0.3667810137317052,0.37965029879395923,0.06571428571428571,0.09714285714285714,0.10285714285714286,0.002857142857142857,0.39714285714285713,0.014326647564469915,0.002857142857142857,0.03601547849688544,0.1319663491490371,11.724928366762178,0.0,0.0,0.15,0.08022922636103152,0,0.14880801813411643,0.14432229217951215,1.675948862578754,0.8522057261782425,0.0,0.9722222222222222,0.0,0.0,0.0,0.25,0.25
53,0.8080920885485673,0.47477091501914975,0.8078650458247378,0.4747169993619653,0.24899929058488912,0.4664735760180221,0.9255014326647565,0.3672327362240337,0.380096863733241,0.0659025787965616,0.9228571428571428,0.3667810137317052,0.37982172736538783,0.06571428571428571,0.07428571428571429,0.08285714285714285,0.002857142857142857,0.42857142857142855,0.014326647564469915,0.0,0.03603064273588855,0.1319663491490371,11.724928366762178,0.0,0.0,0.15,0.08022922636103152,0,0.14857797804344586,0.14360068071861457,1.7252870281843216,0.8351616116546777,0.0,1.0,0.0,0.0,0.0,0.25,0.25
54,0.8132831844498238,0.4743422213591284,0.8130413100234195,0.4742910237850085,0.24899929058488912,0.4665072847910876,0.8681948424068768,0.36734734940454944,0.3802687835040146,0.0659025787965616,0.8657142857142858,0.3668952994459908,0.3799931559368163,0.06571428571428571,0.06571428571428571,0.06571428571428571,0.002857142857142857,0.4657142857142857,0.014326647564469915,0.0,0.03603064273588855,0.1319663491490371,11.724928366762178,0.0,0.0,0.15,0.08022922636103152,0,0.14874880315322858,0.1428826773150215,1.7564955733349208,0.8184583794215842,0.0,1.0,0.0,0.0,0.0,0.25,0.25
55,0.8193353951534017,0.47417734875808015,0.8190762286964153,0.47413870127720625,0.24899929058488912,0.4665648700558346,0.8825214899713467,0.368035028487644,0.38095390951252006,0.06876790830945559,0.88,0.3675810137317051,0.3806763244424403,0.06857142857142857,0.06571428571428571,0.07428571428571429,0.002857142857142857,0.5114285714285715,0.014326647564469915,0.0,0.03603064273588855,0.1319663491490371,11.724928366762178,0.0,0.0,0.15,0.08022922636103152,0,0.1513476305660339,0.14482809702142263,1.7956513761539366,0.8524992736482793,0.0,0.9230769230769231,0.0,0.0,0.0,0.25,0.25
56,0.8254008975962449,0.4744602819506243,0.825124401132279,0.47446881408754565,0.24899929058488912,0.4667954215113357,0.8710601719197708,0.3688373207512543,0.3814798971794625,0.06876790830945559,0.8685714285714285,0.3683810137317051,0.3812008092874771,0.06857142857142857,0.08,0.08571428571428572,0.002857142857142857,0.5571428571428572,0.02005730659025788,0.0,0.03603064273588855,0.1319663491490371,11.724928366762178,0.0,0.0,0.15,0.08022922636103152,0,0.15427705187525403,0.14410395653631553,1.8454526343451436,0.8354492881753136,0.0,1.0,0.0,0.0,0.0,0.25,0.25
57,0.8306479189027232,0.47349219595491165,0.8303564309493101,0.47351512020089687,0.24899929058488912,0.46708233858191267,0.8739255014326648,0.369009240522028,0.3816367137581564,0.06876790830945559,0.8714285714285714,0.36855244230313366,0.3813571778188035,0.06857142857142857,0.06285714285714286,0.07142857142857142,0.002857142857142857,0.5942857142857143,0.022922636103151862,0.0,0.03603064273588855,0.1319663491490371,11.724928366762178,0.0,0.0,0.15,0.08022922636103152,0,0.15407453870527052,0.14338343675363394,1.879972153086812,0.8187403024118074,0.0,1.0,0.0,0.0,0.0,0.25,0.25
58,0.8348919070431883,0.47283989971809964,0.8345882934093741,0.4729228959725199,0.24899929058488912,0.46726791348208535,0.8911174785100286,0.369467693244091,0.3819805532997037,0.06876790830945559,0.8885714285714286,0.36900958516027654,0.38170003496166066,0.06857142857142857,0.05714285714285714,0.07142857142857142,0.002857142857142857,0.6371428571428571,0.022922636103151862,0.0,0.03603064273588855,0.1319663491490371,11.724928366762178,0.0,0.0,0.15,0.08022922636103152,0,0.15478831101174417,0.14266651956986576,1.9138012814536471,0.8023654963635712,0.0,1.0,0.0,0.0,0.0,0.25,0.25
59,0.840224438260589,0.4729733467155056,0.8399055888232965,0.4730569562570903,0.24899929058488912,0.46776777947864456,0.8882521489971347,0.3706138250492486,0.3828401521535719,0.07449856733524356,0.8857142857142857,0.37015244230313377,0.38255717781880344,0.07428571428571429,0.08571428571428572,0.09428571428571429,0.002857142857142857,0.6571428571428571,0.025787965616045846,0.0,0.03603064273588855,0.1319663491490371,11.724928366762178,0.0,0.0,0.15,0.08022922636103152,0,0.15729453388996045,0.1422406779769571,1.9698109701102886,0.8007313507497957,0.0,0.9696969696969697,0.0,0.0,0.0,0.25,0.25
60,0.8453881969949426,0.47320459654911945,0.8450545939612663,0.47330490703581857,0.24899929058488912,0.46829861904025116,0.8567335243553008,0.3715880370836326,0.3835278312366665,0.07736389684813753,0.8542857142857143,0.3711238708745623,0.3832428921045178,0.07714285714285714,0.09428571428571429,0.10285714285714286,0.002857142857142857,0.7171428571428572,0.025787965616045846,0.0,0.03603064273588855,0.1319663491490371,11.724928366762178,0.0,0.0,0.15,0.08022922636103152,0,0.1597353497883678,0.149325,2.0332718935652254,0.9086724130619024,0.0,0.9166666666666666,0.0,0.0,0.0,0.25,0.25
61,0.8490100296640066,0.4724499473731578,0.8486660785369903,0.47256838157634773,0.24899929058488912,0.4690117853987738,0.828080229226361,0.37220658789366773,0.38425849026245446,0.07736389684813753,0.8257142857142857,0.37174065439656884,0.3839714635330892,0.07714285714285714,0.09142857142857143,0.10285714285714286,0.002857142857142857,0.76,0.03151862464183381,0.0,0.03603064273588855,0.1319663491490371,11.724928366762178,0.0,0.0,0.15,0.08022922636103152,0,0.16062081732514022,0.14925,2.095463598551064,0.9352073982075716,0.0,0.9722222222222222,0.0,0.0,0.0,0.25,0.25
62,0.854309413551088,0.472334812847972,0.8539503213272512,0.4724431637161917,0.24899929058488912,0.4697557841467612,0.8595988538681948,0.37272021489945023,0.38486020946016214,0.07736389684813753,0.8571428571428571,0.37225281389662046,0.3845714635330892,0.07714285714285714,0.09142857142857143,0.10857142857142857,0.002857142857142857,0.8228571428571428,0.034383954154727794,0.0,0.03603064273588855,0.1319663491490371,11.724928366762178,0.0,0.0,0.15,0.08022922636103152,0,0.16098771609208595,0.14850375,2.162125755151471,0.9165032502434202,0.0,1.0,0.0,0.0,0.0,0.25,0.25
63,0.8597179566428146,0.4720702806773704,0.8593434114387157,0.47217188885493677,0.24899929058488912,0.4704694801578687,0.8567335243553008,0.37304622271173415,0.3855478885432567,0.07736389684813753,0.8542857142857143,0.37257789025801213,0.3852571778188034,0.07714285714285714,0.08,0.09714285714285714,0.002857142857142857,0.8514285714285714,0.034383954154727794,0.0,0.03603064273588855,0.1319663491490371,11.724928366762178,0.0,0.0,0.15,0.08022922636103152,0,0.16121092036876838,0.14776123124999999,2.216026097191299,0.8981731852385517,0.0,1.0,0.0,0.0,0.0,0.25,0.25
64,0.8663093480348617,0.472512417724123,0.8659159702839283,0.47259517540598217,0.24899929058488912,0.47117961713329376,0.8481375358166189,0.37307186999449465,0.38589172808480404,0.07736389684813753,0.8457142857142858,0.3726034642628219,0.38560003496166056,0.07714285714285714,0.08571428571428572,0.09142857142857143,0.002857142857142857,0.88,0.03724928366762178,0.0,0.03603064273588855,0.1319663491490371,11.724928366762178,0.0,0.0,0.15,0.08022922636103152,0,0.161117582195496,0.14702242509375,2.2631341466760437,0.8802097215337807,0.0,1.0,0.0,0.0,0.0,0.25,0.25
65,0.8713929195198684,0.47312496187338415,0.8709850172789781,0.47316934306995595,0.24899929058488912,0.47172111308869197,0.839541547277937,0.37307186999449465,0.3861005414120849,0.07736389684813753,0.8371428571428572,0.3726034642628219,0.38580825167943494,0.07714285714285714,0.08,0.10285714285714286,0.002857142857142857,0.9085714285714286,0.04011461318051576,0.0,0.03603064273588855,0.1319663491490371,11.724928366762178,0.0,0.0,0.15,0.08022922636103152,0,0.16099670928451848,0.14628731296828124,2.320728606599666,0.862605527103105,0.0,1.0,0.0,0.0,0.0,0.25,0.25
66,0.8739421868891528,0.47359411159876236,0.8735270010272073,0.47361863238946617,0.24899929058488912,0.4723433360475252,0.8595988538681948,0.3733073565876823,0.3864443809536321,0.07736389684813753,0.8571428571428571,0.37283827803717196,0.3861511088222921,0.07714285714285714,0.10571428571428572,0.12571428571428572,0.002857142857142857,0.9542857142857143,0.04297994269340974,0.0,0.03603064273588855,0.1319663491490371,11.724928366762178,0.0,0.0,0.15,0.08022922636103152,0,0.16150401573452447,0.14555587640343984,2.4000283201819586,0.845353416561043,0.0,1.0,0.0,0.0,0.0,0.25,0.25
67,0.8769031534120939,0.4745366275276963,0.8764795076457973,0.4745305365966229,0.24899929058488912,0.4729127048229004,0.8825214899713467,0.3733646631779402,0.3870031202086464,0.07736389684813753,0.88,0.37289542089431477,0.38670825167943496,0.07714285714285714,0.08,0.10285714285714286,0.002857142857142857,1.0085714285714287,0.04297994269340974,0.0,0.03603064273588855,0.1319663491490371,11.724928366762178,0.0,0.0,0.15,0.08022922636103152,0,0.16223849708442328,0.14482809702142263,2.454884896635462,0.8524992736482793,0.0,0.9722222222222222,0.0,0.0,0.0,0.25,0.25
68,0.882329936433369,0.47419537528199174,0.8810709861416556,0.47412698663897523,0.24899929058488912,0.4734038255359454,0.8645533141210374,0.37466369847759656,0.3862440149464062,0.07780979827089338,0.8571428571428571,0.37289542089431477,0.3869944168961367,0.07714285714285714,0.08571428571428572,0.09714285714285714,0.008571428571428572,1.0571428571428572,0.040345821325648415,0.005714285714285714,0.03611086420156755,0.1319663491490371,11.579250720461095,0.0,0.0,0.15,0.08069164265129683,0,0.16211216245614402,0.14410395653631553,2.50293005584561,0.8354492881753136,0.0,1.0,0.0,0.0,0.0,0.25,0.25
69,0.8845205311512097,0.474214855468543,0.8832428043333433,0.47416563156600333,0.24899929058488912,0.4738701565756816,0.8703170028818443,0.37477897225281276,0.3867588012725385,0.07780979827089338,0.8628571428571429,0.3730097066086005,0.38750479076804495,0.07714285714285714,0.1,0.11428571428571428,0.008571428571428572,1.1028571428571428,0.040345821325648415,0.0,0.03619200875947334,0.1319663491490371,11.579250720461095,0.0,0.0,0.15,0.08069164265129683,0,0.16247203092957757,0.14345548873190211,2.567157169014412,0.8337477621301497,0.0,0.975,0.0,0.0,0.0,0.25,0.25
70,0.8874166261412805,0.4745122107654616,0.8861140756520708,0.47436529175105574,0.24899929058488912,0.47415824842619325,0.8962536023054755,0.37477897225281276,0.387099006225429,0.07780979827089338,0.8885714285714286,0.3730097066086005,0.3878420796784821,0.07714285714285714,0.1,0.11428571428571428,0.008571428571428572,1.1657142857142857,0.040345821325648415,0.0,0.03619200875947334,0.1319663491490371,11.579250720461095,0.0,0.0,0.15,0.08069164265129683,0,0.16325881434635825,0.1427382112882426,2.630099739919838,0.8170728068875467,0.0,1.0,0.0,0.0,0.0,0.25,0.25
71,0.8907698482044922,0.4743894457819793,0.8890404354530532,0.47426842151070947,0.24899929058488912,0.4744407501272878,0.8728323699421965,0.37581221931477515,0.3882670476795189,0.07803468208092486,0.8628571428571429,0.3731239923228861,0.3880135082499107,0.07714285714285714,0.09142857142857143,0.10857142857142857,0.011428571428571429,1.22,0.03757225433526012,0.002857142857142857,0.036181991283969185,0.1319663491490371,11.572254335260116,0.0,0.0,0.15,0.08092485549132948,0,0.16358452098891219,0.14310211012225427,2.6860691736928697,0.8007313507497957,0.0,0.9736842105263158,0.0,0.0,0.0,0.25,0.25
72,0.8941944327775841,0.47535079712649003,0.892425881916738,0.47520159560399583,0.24899929058488912,0.47473933109113137,0.8988439306358381,0.37581221931477515,0.38835375288183094,0.07803468208092486,0.8885714285714286,0.3731239923228861,0.388099222535625,0.07714285714285714,0.07714285714285714,0.08571428571428572,0.011428571428571429,1.2571428571428571,0.03757225433526012,0.0,0.036196547150202166,0.1319663491490371,11.572254335260116,0.0,0.0,0.15,0.08092485549132948,0,0.16333774124111047,0.142386599571643,2.718062075933298,0.7847167237347998,0.0,1.0,0.0,0.0,0.0,0.25,0.25
73,0.8978937518661486,0.47562095444749525,0.8956782376620939,0.4755143831535518,0.24899929058488912,0.47496887310264196,0.8898550724637682,0.3764544066633254,0.3883082072953371,0.0782608695652174,0.8771428571428571,0.3732382780371719,0.38823450576694535,0.07714285714285714,0.09428571428571429,0.11428571428571428,0.014285714285714285,1.32,0.034782608695652174,0.002857142857142857,0.03624379537059757,0.1319663491490371,11.501449275362319,0.0,0.0,0.15,0.08115942028985507,0,0.16377648324919064,0.14570253127247088,2.7779865487003463,0.7705918227075738,0.0,0.975,0.0,0.0,0.0,0.25,0.25
74,0.9037247311234986,0.47612726649236264,0.9014259172157674,0.47610020406003173,0.24899929058488912,0.47523797680528396,0.7913043478260869,0.3764544066633254,0.3883951638170762,0.0782608695652174,0.78,0.3732382780371719,0.3883202200526596,0.07714285714285714,0.10285714285714286,0.12,0.014285714285714285,1.3514285714285714,0.03768115942028986,0.0,0.036275785338904354,0.1319663491490371,11.501449275362319,0.0,0.0,0.15,0.08115942028985507,0,0.1641566015472304,0.14497401861610854,2.8424268177263396,0.7551799862534223,0.0,1.0,0.0,0.0,0.0,0.25,0.25
75,0.9053998069348534,0.47616212078786047,0.9030770633726742,0.47605215652690697,0.24899929058488912,0.4756301208607453,0.8608695652173913,0.3764544066633254,0.3883951638170762,0.0782608695652174,0.8485714285714285,0.3732382780371719,0.3883202200526596,0.07714285714285714,0.08285714285714285,0.1,0.014285714285714285,1.4028571428571428,0.03768115942028986,0.0,0.036275785338904354,0.1319663491490371,11.501449275362319,0.0,0.0,0.15,0.08115942028985507,0,0.16387838996806567,0.14424914852302798,2.8855782813718123,0.7400763865283538,0.0,1.0,0.0,0.0,0.0,0.25,0.25
76,0.9088782588372667,0.47706656507004697,0.9065058231050529,0.4769430151119127,0.24899929058488912,0.47594863496847734,0.8260869565217391,0.3764544066633254,0.3883951638170762,0.0782608695652174,0.8142857142857143,0.3732382780371719,0.3883202200526596,0.07714285714285714,0.07714285714285714,0.09714285714285714,0.014285714285714285,1.4514285714285715,0.03768115942028986,0.0,0.036275785338904354,0.1319663491490371,11.501449275362319,0.0,0.0,0.15,0.08115942028985507,0,0.16374357016108249,0.14352790278041283,2.9250095728872334,0.7252748587977867,0.0,1.0,0.0,0.0,0.0,0.25,0.25
77,0.9126288525348892,0.47717399892211454,0.9102028368927095,0.47702316668479894,0.24899929058488912,0.47614214707668623,0.8405797101449275,0.3766862907212965,0.38882994642577184,0.0782608695652174,0.8285714285714286,0.3734668494657434,0.38874879148123104,0.07714285714285714,0.08285714285714285,0.10857142857142857,0.014285714285714285,1.4885714285714287,0.03768115942028986,0.0,0.036275785338904354,0.1319663491490371,11.501449275362319,0.0,0.0,0.15,0.08115942028985507,0,0.16489728005534526,0.14424914852302798,2.9750808100009176,0.7200968702513383,0.0,0.9736842105263158,0.0,0.0,0.0,0.25,0.25
78,0.9148723692731562,0.4774591659296005,0.9124143033918583,0.47739862090271135,0.24899929058488912,0.47634788158151864,0.8608695652173913,0.37697614579376015,0.389221250773598,0.0782608695652174,0.8485714285714285,0.37375256375145754,0.3891345057669454,0.07714285714285714,0.09714285714285714,0.12571428571428572,0.014285714285714285,1.5371428571428571,0.03768115942028986,0.0,0.036275785338904354,0.1319663491490371,11.501449275362319,0.0,0.0,0.15,0.08115942028985507,0,0.16612908008363997,0.15,3.041293479515185,0.8371855392418075,0.0,0.9318181818181818,0.0,0.0,0.0,0.25,0.25
79,0.9176968306249468,0.4769922493195973,0.9146526944662489,0.476764749267134,0.24899929058488912,0.4765264035421006,0.8459302325581395,0.3769889762268544,0.3896926244890796,0.07848837209302326,0.8314285714285714,0.373981135180029,0.38930593433837396,0.07714285714285714,0.09714285714285714,0.11714285714285715,0.017142857142857144,1.6028571428571428,0.0377906976744186,0.002857142857142857,0.03628549444736332,0.1319663491490371,11.465116279069768,0.0,0.0,0.15,0.08139534883720931,0,0.16681243468322177,0.14925,3.0976104670677382,0.8542709584100077,0.0,0.9512195121951219,0.0,0.0,0.0,0.25,0.25
80,0.9214358384012791,0.47822296405636844,0.9183276049664154,0.4779402389638258,0.24899929058488912,0.47671313214540656,0.8168604651162791,0.37716339483150557,0.389823438442568,0.07848837209302326,0.8028571428571428,0.3741525637514576,0.3894345057669454,0.07714285714285714,0.09428571428571429,0.12857142857142856,0.017142857142857144,1.6685714285714286,0.040697674418604654,0.0,0.036316125174770834,0.1319663491490371,11.465116279069768,0.0,0.0,0.15,0.08139534883720931,0,0.16740680108123424,0.14850375,3.1642296862978117,0.8371855392418075,0.0,1.0,0.0,0.0,0.0,0.25,0.25
81,0.9230266831395606,0.47814394116656034,0.919891178080612,0.47790897099967844,0.24899929058488912,0.47696655686472655,0.8226744186046512,0.37716339483150557,0.389823438442568,0.07848837209302326,0.8085714285714286,0.3741525637514576,0.3894345057669454,0.07714285714285714,0.09142857142857143,0.10571428571428572,0.017142857142857144,1.7228571428571429,0.040697674418604654,0.0,0.036316125174770834,0.1319663491490371,11.465116279069768,0.0,0.0,0.15,0.08139534883720931,0,0.16750836057595295,0.14776123124999999,3.2066593782861412,0.8204418284569713,0.0,1.0,0.0,0.0,0.0,0.25,0.25
82,0.9233365227569184,0.47803146441681066,0.9201957061616722,0.47786621268560875,0.24899929058488912,0.47722547928408526,0.811046511627907,0.377279673901273,0.38991064774489353,0.07848837209302326,0.7971428571428572,0.37426684946574335,0.3895202200526597,0.07714285714285714,0.10285714285714286,0.12857142857142856,0.017142857142857144,1.7771428571428571,0.040697674418604654,0.0,0.036316125174770834,0.1319663491490371,11.465116279069768,0.0,0.0,0.15,0.08139534883720931,0,0.1678412480587875,0.14732018258437507,3.2710976192918473,0.8426098019171367,0.0,0.9777777777777777,0.0,0.0,0.0,0.25,0.25
83,0.9266769823235117,0.4772813722210001,0.9234789007071239,0.47714007687220017,0.24899929058488912,0.47729553361189014,0.8023255813953488,0.377279673901273,0.38991064774489353,0.07848837209302326,0.7885714285714286,0.37426684946574335,0.3895202200526597,0.07714285714285714,0.09428571428571429,0.11428571428571428,0.017142857142857144,1.8257142857142856,0.0436046511627907,0.0,0.036316125174770834,0.1319663491490371,11.465116279069768,0.0,0.0,0.15,0.08139534883720931,0,0.16771575610420783,0.1465835816714532,3.319961381191724,0.825757605878794,0.0,1.0,0.0,0.0,0.0,0.25,0.25
84,0.9287928762713767,0.47705912116417076,0.9255585221873115,0.476725088459109,0.24899929058488912,0.47728447826372566,0.8226744186046512,0.3776285111105753,0.3902594849541959,0.07848837209302326,0.8085714285714286,0.37460970660860043,0.3898630771955168,0.07714285714285714,0.10571428571428572,0.12,0.017142857142857144,1.9028571428571428,0.0436046511627907,0.0,0.036316125174770834,0.1319663491490371,11.465116279069768,0.0,0.0,0.15,0.08139534883720931,0,0.16898904869879386,0.15,3.3735621535678897,0.8858423808639998,0.0,0.9523809523809523,0.0,0.0,0.0,0.25,0.25
85,0.9323350042384926,0.47795253310050945,0.9290399279607051,0.4776206591109261,0.24899929058488912,0.4772706268300214,0.8401162790697675,0.37774479018034274,0.39043390355884705,0.07848837209302326,0.8257142857142857,0.3747239923228861,0.39003450576694537,0.07714285714285714,0.08857142857142856,0.10571428571428572,0.017142857142857144,1.9285714285714286,0.0436046511627907,0.0,0.036316125174770834,0.1319663491490371,11.465116279069768,0.0,0.0,0.15,0.08139534883720931,0,0.1692855355945856,0.149325,3.411805196210818,0.8708362679358589,0.0,0.972972972972973,0.0,0.0,0.0,0.25,0.25
86,0.932933721375687,0.47707390507056063,0.9296283813755479,0.4767729272310526,0.24899929058488912,0.47730963586731867,0.8197674418604651,0.37774479018034274,0.39043390355884705,0.07848837209302326,0.8057142857142857,0.3747239923228861,0.39003450576694537,0.07714285714285714,0.07714285714285714,0.08285714285714285,0.017142857142857144,1.9828571428571429,0.0436046511627907,0.0,0.036316125174770834,0.1319663491490371,11.465116279069768,0.0,0.0,0.15,0.08139534883720931,0,0.1689529650594698,0.148578375,3.426426235143744,0.8534195425771416,0.0,1.0,0.0,0.0,0.0,0.25,0.25
87,0.9357060578189539,0.47717890168513344,0.9323531920512156,0.4769182187796928,0.24899929058488912,0.4772418497051591,0.7965116279069767,0.37786106925011015,0.39069553146582375,0.07848837209302326,0.7828571428571428,0.3748382780371719,0.39029164862408816,0.07714285714285714,0.09428571428571429,0.11142857142857143,0.017142857142857144,2.0285714285714285,0.046511627906976744,0.0,0.036316125174770834,0.1319663491490371,11.465116279069768,0.0,0.0,0.15,0.08139534883720931,0,0.16950549094488673,0.147835483125,3.46932628186944,0.8641955719561725,0.0,0.9743589743589743,0.0,0.0,0.0,0.25,0.25
88,0.937609108258372,0.4766998293373307,0.9342236187688151,0.476346314726463,0.24899929058488912,0.4772400353633679,0.8372093023255814,0.3779192087849939,0.39073913611698663,0.07848837209302326,0.8228571428571428,0.3748954208943147,0.39033450576694534,0.07714285714285714,0.11142857142857143,0.13714285714285715,0.017142857142857144,2.097142857142857,0.046511627906976744,0.0,0.036316125174770834,0.1319663491490371,11.465116279069768,0.0,0.0,0.15,0.08139534883720931,0,0.16999925134730517,0.14798510812500004,3.537082613374909,0.8894949587776007,0.0,0.9791666666666666,0.0,0.0,0.0,0.25,0.25
89,0.939631416651616,0.47664005118315694,0.9362112590181751,0.4762124300931326,0.24899929058488912,0.47722060740408884,0.8197674418604651,0.3779773483198776,0.39078274076814934,0.07848837209302326,0.8057142857142857,0.3749525637514576,0.39037736290980246,0.07714285714285714,0.10285714285714286,0.12857142857142856,0.017142857142857144,2.1542857142857144,0.046511627906976744,0.0,0.036316125174770834,0.1319663491490371,11.465116279069768,0.0,0.0,0.15,0.08139534883720931,0,0.1702919693762829,0.149325,3.594912389678839,0.9039207967999998,0.0,0.9777777777777777,0.0,0.0,0.0,0.25,0.25
90,0.9408110333955741,0.4778834652097111,0.9373706537608083,0.4773889515758527,0.24899929058488912,0.47723289879569153,0.8372093023255814,0.37832618552917996,0.39110709432104773,0.07848837209302326,0.8228571428571428,0.37529542089431467,0.39069615611607966,0.07714285714285714,0.09428571428571429,0.11142857142857143,0.017142857142857144,2.2285714285714286,0.046511627906976744,0.0,0.036316125174770834,0.1319663491490371,11.465116279069768,0.0,0.0,0.15,0.08139534883720931,0,0.17129708167225866,0.149325,3.634442713313834,0.8876502224576002,0.0,0.9743589743589743,0.0,0.0,0.0,0.25,0.25
91,0.9416286945036622,0.47801659808117064,0.9381742978213289,0.4775786533344694,0.24899929058488912,0.4773452637293418,0.8343023255813954,0.3786750227384823,0.39136872222802443,0.07848837209302326,0.82,0.3756382780371718,0.3909532989732225,0.07714285714285714,0.09428571428571429,0.10571428571428572,0.017142857142857144,2.3,0.046511627906976744,0.0,0.036316125174770834,0.1319663491490371,11.465116279069768,0.0,0.0,0.15,0.08139534883720931,0,0.17249673912104022,0.148578375,3.6674681447618425,0.8698972180084482,0.0,1.0,0.0,0.0,0.0,0.25,0.25
92,0.9429201462758929,0.4775066751225261,0.9394436104203215,0.47707668259805497,0.24899929058488912,0.4775957383006401,0.8168604651162791,0.37879130180824966,0.3914559315303501,0.07848837209302326,0.8028571428571428,0.3757525637514576,0.3910390132589368,0.07714285714285714,0.13142857142857142,0.15714285714285714,0.017142857142857144,2.374285714285714,0.046511627906976744,0.0,0.036316125174770834,0.1319663491490371,11.465116279069768,0.0,0.0,0.15,0.08139534883720931,0,0.17303282828257785,0.14865337500000003,3.7512616390094626,0.8735497959220491,0.0,0.9818181818181818,0.0,0.0,0.0,0.25,0.25
93,0.9450451076344526,0.47747798470902586,0.9415321438698772,0.4770403228653149,0.24899929058488912,0.47782589494496935,0.8284883720930233,0.3790238599477846,0.3916303501350012,0.08139534883720931,0.8142857142857143,0.37598113518002896,0.3912104418303654,0.08,0.10571428571428572,0.12857142857142856,0.017142857142857144,2.4571428571428573,0.04941860465116279,0.0,0.036316125174770834,0.1319663491490371,11.465116279069768,0.0,0.0,0.15,0.08139534883720931,0,0.17399623556973642,0.149325,3.8048078348007026,0.9057655331200002,0.0,0.9777777777777777,0.0,0.0,0.0,0.25,0.25
94,0.9455491097540268,0.47818272647478766,0.942033250803184,0.47769056888433226,0.24899929058488912,0.4780535679726892,0.760932944606414,0.37988894369845216,0.39239609217989163,0.08163265306122448,0.7457142857142857,0.37643827803717184,0.39155329897322255,0.08,0.12285714285714286,0.15142857142857144,0.02,2.5228571428571427,0.04956268221574344,0.002857142857142857,0.036383255658553854,0.13196634914903713,11.370262390670554,0.0,0.0,0.15,0.08163265306122448,0,0.17566825439188774,0.149325,3.8801402495332598,0.9057655331200002,0.0,0.9811320754716981,0.0,0.0,0.0,0.25,0.25
95,0.9469094290228088,0.47871056222986536,0.9433663636865904,0.47815086492010517,0.24899929058488912,0.4781330585350967,0.7871720116618076,0.37988894369845216,0.39239609217989163,0.08163265306122448,0.7714285714285715,0.37643827803717184,0.39155329897322255,0.08,0.12571428571428572,0.1457142857142857,0.02,2.611428571428571,0.052478134110787174,0.0,0.03640923300286153,0.13196634914903713,11.370262390670554,0.0,0.0,0.15,0.07871720116618076,0,0.17547505669135685,0.148578375,3.9482517302568794,0.8876502224576002,0.0,1.0,0.0,0.0,0.0,0.25,0.25
96,0.9485768875859606,0.47920207671966936,0.945000473078479,0.47864731361258805,0.24899929058488912,0.47827579577412377,0.8134110787172012,0.38006387081215476,0.3925272875151685,0.08163265306122448,0.7971428571428572,0.3766097066086004,0.3916818704017939,0.08,0.10285714285714286,0.12857142857142856,0.02,2.677142857142857,0.052478134110787174,0.0,0.03640923300286153,0.13196634914903713,11.370262390670554,0.0,0.0,0.15,0.07871720116618076,0,0.17625382497932862,0.147835483125,3.9978581242231708,0.8698972180084482,0.0,1.0,0.0,0.0,0.0,0.25,0.25
97,0.9499685863902811,0.4785557901703659,0.9463643379067133,0.47807780841720704,0.24899929058488912,0.478434573920342,0.7784256559766763,0.3801804888879565,0.3926147510720199,0.08163265306122448,0.7628571428571429,0.37672399232288617,0.3917675846875082,0.08,0.10571428571428572,0.12857142857142856,0.02,2.757142857142857,0.052478134110787174,0.0,0.03640923300286153,0.13196634914903713,11.370262390670554,0.0,0.0,0.15,0.07871720116618076,0,0.17657198442586056,0.14798510812500004,4.046472390310135,0.8717050596020486,0.0,0.9777777777777777,0.0,0.0,0.0,0.25,0.25
98,0.952404105352367,0.4790709804967818,0.9487511464895575,0.4785579986800516,0.24899929058488912,0.4785672251339296,0.8104956268221575,0.38029710696375824,0.39270221462887117,0.08163265306122448,0.7942857142857143,0.37683827803717185,0.3918532989732225,0.08,0.08571428571428572,0.10285714285714286,0.02,2.84,0.05830903790087463,0.0,0.03640923300286153,0.13196634914903713,11.370262390670554,0.0,0.0,0.15,0.07871720116618076,0,0.176774410218017,0.149325,4.068400085361076,0.8876502224576002,0.0,0.9722222222222222,0.0,0.0,0.0,0.25,0.25
99,0.952390045040008,0.4776278210204603,0.9487373673834457,0.4771054701268287,0.24899929058488912,0.4787775106249402,0.7959183673469388,0.38029710696375824,0.39270221462887117,0.08163265306122448,0.78,0.37683827803717185,0.3918532989732225,0.08,0.10285714285714286,0.12285714285714286,0.02,2.934285714285714,0.061224489795918366,0.0,0.03640923300286153,0.13196634914903713,11.370262390670554,0.0,0.0,0.15,0.07871720116618076,0,0.17663282388121263,0.148578375,4.109889226510997,0.8698972180084482,0.0,1.0,0.0,0.0,0.0,0.25,0.25
100,0.953463378711644,0.4782148309026819,0.9497892343816489,0.4778057887058251,0.24899929058488912,0.47884341924422585,0.793002915451895,0.38029710696375824,0.39270221462887117,0.08163265306122448,0.7771428571428571,0.37683827803717185,0.3918532989732225,0.08,0.10285714285714286,0.11714285714285715,0.02,3.0342857142857143,0.061224489795918366,0.0,0.03640923300286153,0.13196634914903713,11.370262390670554,0.0,0.0,0.15,0.07871720116618076,0,0.1764062319046637,0.147835483125,4.144834299123634,0.8524992736482793,0.0,1.0,0.0,0.0,0.0,0.25,0.25
101,0.9541497299096494,0.47866631407676685,0.9504618585556942,0.47837973989832294,0.24899929058488912,0.47886790220102404,0.7813411078717201,0.3803554160016591,0.3927459464072969,0.08163265306122448,0.7657142857142857,0.37689542089431466,0.3918961561160797,0.08,0.10285714285714286,0.10571428571428572,0.02,3.14,0.06705539358600583,0.0,0.02662213821162105,0.14252034831902924,11.370262390670554,0.1,0.18126924692201818,0.21,0.07871720116618076,0,0.1765807721737118,0.14798510812500004,4.167651898855447,0.8524992736482793,0.0,0.972972972972973,0.0,0.0,0.0,0.27,0.27
102,0.9554214393769017,0.4785301832875686,0.9517133267781342,0.4780528851981077,0.24899929058488912,0.47891131885219906,0.7894736842105263,0.38075858323565226,0.3925223768062036,0.08187134502923976,0.7714285714285715,0.37700970660860045,0.391981870401794,0.08,0.11142857142857143,0.12571428571428572,0.022857142857142857,3.222857142857143,0.07017543859649122,0.002857142857142857,0.026859554854759157,0.14220372834392947,10.994152046783626,0.097,0.17634209573142312,0.2082,0.07894736842105263,0,0.17698144686643252,0.149325,4.210013146592624,0.856078800003608,0.0,0.9772727272727273,0.0,0.0,0.0,0.2694,0.2694
103,0.9565921539623191,0.47861461289510504,0.9528572821730278,0.4781495156811813,0.24899929058488912,0.47897408597517327,0.783625730994152,0.380817062767816,0.39256623645532635,0.08187134502923976,0.7657142857142857,0.37706684946574326,0.3920247275446512,0.08,0.10857142857142857,0.13142857142857142,0.022857142857142857,3.3,0.07017543859649122,0.0,0.027122651308407637,0.1418966069680827,10.994152046783626,0.09409000000000001,0.1715344299918684,0.206454,0.07894736842105263,0,0.17723868320352895,0.15438233960389858,4.257241455089343,0.8876502224576002,0.0,0.9782608695652174,0.0,0.0,0.0,0.268818,0.268818
104,0.9581428865585353,0.4787959918489402,0.9532965783694728,0.47851430455094307,0.24899929058488912,0.47915644001931257,0.7917888563049853,0.38133958023579145,0.3928411990891929,0.08211143695014662,0.7714285714285715,0.37706684946574326,0.3920247275446512,0.08,0.1,0.11428571428571428,0.025714285714285714,3.3685714285714288,0.07331378299120235,0.002857142857142857,0.027334224589929932,0.1415986992335113,10.956011730205278,0.09126730000000001,0.16684418376162757,0.20476038,0.07917888563049853,0,0.17703734764465415,0.1536104279058791,4.28638234027327,0.8698972180084482,0.0,1.0,0.0,0.0,0.0,0.26825346,0.26825346
105,0.9590900560287235,0.47862294826500046,0.9543362776074884,0.47827131261081784,0.24899929058488912,0.47938737325272934,0.788235294117647,0.3823258243074068,0.39357827352326874,0.08235294117647059,0.7657142857142857,0.3775239923228862,0.3923675846875083,0.08,0.10571428571428572,0.12571428571428572,0.02857142857142857,3.4314285714285715,0.07058823529411765,0.002857142857142857,0.02758967556475413,0.14130972873097708,10.74705882352941,0.088529281,0.16226927610018926,0.2031175686,0.07941176470588235,0,0.17840686030013456,0.19942893096845896,4.3263689791820905,0.9449804037453562,0.0,0.9318181818181818,0.0,0.0,0.0,0.2677058562,0.2677058562
106,0.960329714555313,0.47900462606383637,0.9555405173190324,0.4786029326922268,0.24899929058488912,0.4795775218068643,0.788235294117647,0.3823258243074068,0.39357827352326874,0.08235294117647059,0.7657142857142857,0.3775239923228862,0.3923675846875083,0.08,0.10285714285714286,0.12285714285714286,0.02857142857142857,3.5142857142857142,0.07058823529411765,0.0,0.027818206938694606,0.1410294273435189,10.74705882352941,0.08587340257,0.15780761504170115,0.201524041542,0.07941176470588235,0,0.1785098664639171,0.1984317863136167,4.362698742455591,0.926080795670449,0.0,1.0,0.0,0.0,0.0,0.267174680514,0.267174680514
107,0.9606948674587426,0.47928690039586824,0.95583182577555,0.47900713165787046,0.24899929058488912,0.4798655755141203,0.7935103244837758,0.3832198032812658,0.39443841965182663,0.08259587020648967,0.7685714285714286,0.37763827803717187,0.3924024851812869,0.08,0.13142857142857142,0.16,0.03142857142857143,3.5885714285714285,0.06784660766961652,0.002857142857142857,0.028074419190801746,0.14075753499768442,10.625368731563421,0.08329720049289999,0.15345710132083934,0.19997832029573998,0.07964601769911504,0,0.1785023171315975,0.1974396273820486,4.435444767606479,0.9075591797570399,0.0,1.0,0.0,0.0,0.0,0.26665944009858,0.26665944009858
108,0.9623643994715751,0.4788058583906775,0.9574488867822651,0.47854054796885864,0.24899929058488912,0.4800504083794845,0.7876106194690266,0.38327880033141337,0.39443841965182663,0.08259587020648967,0.7628571428571429,0.37769542089431474,0.3924024851812869,0.08,0.12857142857142856,0.1457142857142857,0.03142857142857143,3.66,0.07079646017699115,0.0,0.028270255500241905,0.14049379942222506,10.625368731563421,0.08079828447811299,0.14921563186018072,0.1984789706868678,0.07964601769911504,0,0.17832394840308238,0.19645242924513837,4.492450157968635,0.8894079961618991,0.0,1.0,0.0,0.0,0.0,0.2661596568956226,0.2661596568956226
109,0.9621043995852584,0.47884202290316985,0.9569356468059859,0.47832884491816813,0.24899929058488912,0.48029164147083997,0.8047337278106509,0.38444773950430966,0.39331642307820447,0.08284023668639054,0.7771428571428571,0.37803827803717194,0.3924024851812869,0.08,0.1,0.10857142857142857,0.03428571428571429,3.76,0.06804733727810651,0.002857142857142857,0.028508284164520788,0.14023797591402937,10.437869822485206,0.0783743359437696,0.14508110302819666,0.19702460156626175,0.07988165680473373,0,0.17803204294678124,0.19547016709891266,4.511172583380691,0.8716198362386612,0.0,1.0,0.0,0.0,0.0,0.26567486718875394,0.26567486718875394
110,0.9623198749998528,0.4782046384247319,0.9570617506474292,0.4780588610471804,0.24899929058488912,0.4805256572564801,0.7492537313432835,0.3866912407670949,0.394496673120737,0.08358208955223881,0.7171428571428572,0.37838113518002897,0.3924881994670012,0.08,0.13428571428571429,0.15428571428571428,0.04285714285714286,3.86,0.0626865671641791,0.008571428571428572,0.02877264178831984,0.1399898271110796,10.304477611940298,0.0760231058654565,0.1410514136769826,0.1956138635192739,0.08059701492537313,0,0.17848373987490448,0.20339016293982123,4.575234845998791,0.8861467008180357,0.0,0.9814814814814815,0.0,0.0,0.0,0.2652046211730913,0.2652046211730913
111,0.9633377248317426,0.4777737089690098,0.9579357212788614,0.4776137676373432,0.24899929058488912,0.48061572352812354,0.8263473053892215,0.38708871672921136,0.39512121401792294,0.08383233532934131,0.7885714285714286,0.3784620761398846,0.3924881994670012,0.08,0.11142857142857143,0.13714285714285715,0.045714285714285714,3.914285714285714,0.0658682634730539,0.002857142857142857,0.029088176493390447,0.13974912277221832,10.167664670658683,0.0737424126894928,0.13712446796878974,0.19424544761369567,0.08083832335329341,0,0.17833318117195854,0.20237321212512213,4.6208730062216725,0.868423766801675,0.0,1.0,0.0,0.0,0.0,0.26474848253789857,0.26474848253789857
112,0.962977058175872,0.4785122061299125,0.957591542241545,0.47835384286335103,0.24899929058488912,0.4804847295810682,0.8233532934131736,0.38708871672921136,0.39512121401792294,0.08383233532934131,0.7857142857142857,0.3784620761398846,0.3924881994670012,0.08,0.08857142857142856,0.11142857142857143,0.045714285714285714,3.96,0.0658682634730539,0.0,0.02928114644026051,0.1395156395635229,10.167664670658683,0.07153014030880801,0.13329817800035182,0.1929180841852848,0.08083832335329341,0,0.17815508669467017,0.20136134606449652,4.639884117525811,0.8510552914656415,0.0,1.0,0.0,0.0,0.0,0.2643060280617616,0.2643060280617616
113,0.9635239237913754,0.4786847200953735,0.9581134082860541,0.47851863855644605,0.24899929058488912,0.4803538968496826,0.8203592814371258,0.38708871672921136,0.39512121401792294,0.08383233532934131,0.7828571428571428,0.3784620761398846,0.3924881994670012,0.08,0.09142857142857143,0.10571428571428572,0.045714285714285714,4.02,0.0688622754491018,0.0,0.029467455611454207,0.1392891608510883,10.167664670658683,0.06938423609954376,0.1295704662338868,0.19163054165972626,0.08083832335329341,0,0.17794945411833968,0.20035453933417402,4.65280072088958,0.8340341856363287,0.0,1.0,0.0,0.0,0.0,0.26387684721990873,0.26387684721990873
114,0.9643092422346045,0.4782484474296034,0.9588628264575925,0.47801738940590294,0.24899929058488912,0.4800568637037147,0.8173652694610778,0.38720847720825324,0.3952110343772044,0.08383233532934131,0.78,0.3785763618541703,0.39257391375271544,0.08,0.11142857142857143,0.12,0.045714285714285714,4.091428571428572,0.0688622754491018,0.0,0.029651221567230407,0.1390694765000268,10.167664670658683,0.06730270901655745,0.1259392677435177,0.19038162540993447,0.08083832335329341,0,0.1782587075620337,0.19935276663750315,4.679744706471789,0.8275064065499733,0.0,0.9761904761904762,0.0,0.0,0.0,0.26346054180331147,0.26346054180331147
115,0.9642020537599606,0.47748696457210765,0.9587229143293947,0.47704559875083624,0.24899929058488912,0.4797671882761443,0.8228228228228228,0.38628237173115826,0.3959588245066452,0.08408408408408409,0.7828571428571428,0.3785763618541703,0.39257391375271544,0.08,0.09142857142857143,0.10857142857142857,0.04857142857142857,4.1571428571428575,0.06606606606606606,0.002857142857142857,0.029834334263929226,0.1388563826794971,10.15015015015015,0.06528362774606072,0.12240253228570042,0.1891701766476364,0.08108108108108109,0,0.1781088454492235,0.19835600280431565,4.694721240913781,0.8109562784189739,0.0,1.0,0.0,0.0,0.0,0.26305672554921217,0.26305672554921217
116,0.9657579799470395,0.4777463739955185,0.9602689852820385,0.4774497497291892,0.24899929058488912,0.4793929092809847,0.7951807228915663,0.38616617306640855,0.3962172687865801,0.08433734939759036,0.7542857142857143,0.37880493328274173,0.39274534232414404,0.08,0.12857142857142856,0.14285714285714285,0.05142857142857143,4.234285714285714,0.06626506024096386,0.002857142857142857,0.030018240345872117,0.1386496816735833,10.13855421686747,0.0633251189136789,0.11895822620206453,0.18799507134820734,0.08132530120481928,0,0.17933172979340598,0.21221095045238605,4.743683958952648,0.948427958154884,0.0,0.94,0.0,0.0,0.0,0.26266502378273576,0.26266502378273576
117,0.9658588207846126,0.47792773141542777,0.9603646400193936,0.4777646556873761,0.24899929058488912,0.4789371560540667,0.822289156626506,0.38622641403026403,0.39626244950947165,0.08433734939759036,0.78,0.3788620761398846,0.39278819946700116,0.08,0.12571428571428572,0.15142857142857144,0.05142857142857143,4.285714285714286,0.06626506024096386,0.0,0.030203559386122753,0.13844918169784695,10.13855421686747,0.06142536534626853,0.1156043341628803,0.1868552192077611,0.08132530120481928,0,0.179803657519546,0.2111498957001241,4.800238851202166,0.9450728000000008,0.0,0.9811320754716981,0.0,0.0,0.0,0.2622850730692537,0.2622850730692537
118,0.965665535142046,0.4767936277448685,0.9601812947813018,0.47669455087752544,0.24899929058488912,0.47862693244892296,0.7921686746987951,0.38634689595797483,0.39635281095525476,0.08433734939759036,0.7514285714285714,0.3789763618541703,0.39287391375271535,0.08,0.11142857142857143,0.13142857142857142,0.05142857142857143,4.36,0.06626506024096386,0.0,0.03037679349447294,0.13825469672138266,10.13855421686747,0.05958260438588047,0.11233886075915511,0.18574956263152828,0.08132530120481928,0,0.18004706780337687,0.2100941462216235,4.8356626456066945,0.9603999999999999,0.0,0.9782608695652174,0.0,0.0,0.0,0.2619165208771761,0.2619165208771761
119,0.9666675632629305,0.47683418658548826,0.9600420022673767,0.47675063501665566,0.24899929058488912,0.4782698457233615,0.8181818181818182,0.38730935460274674,0.3967395314244253,0.08484848484848485,0.7714285714285715,0.3789763618541703,0.39287391375271535,0.08,0.08857142857142856,0.10285714285714286,0.05714285714285714,4.445714285714286,0.06363636363636363,0.005714285714285714,0.030615196138753464,0.13806604629421226,9.703030303030303,0.05779512625430405,0.10915983195114243,0.1846770757525824,0.08181818181818182,0,0.17983211817864567,0.2090436754905154,4.8418065355517035,0.9411919999999999,0.0,1.0,0.0,0.0,0.0,0.26155902525086083,0.26155902525086083
120,0.9658168544951525,0.47744758712548263,0.9592534240308784,0.4774520364100496,0.24899929058488912,0.4778636550213277,0.878419452887538,0.38771133101706173,0.39784471731198306,0.0851063829787234,0.8257142857142857,0.37909064756845606,0.3929596280384297,0.08,0.07142857142857142,0.08,0.06,4.497142857142857,0.060790273556231005,0.002857142857142857,0.031012552409915732,0.13788305537985704,9.635258358662615,0.05606127246667493,0.1060652963808163,0.18363676348000496,0.0790273556231003,0,0.18010295901632387,0.23368866175850003,4.824970404840669,0.9242505440000003,0.0,0.9642857142857143,0.0,0.0,0.0,0.26121225449333496,0.26121225449333496
121,0.9663192040112509,0.47780934453357676,0.959725632576011,0.47775643081792746,0.24899929058488912,0.47741382848674646,0.8541033434650456,0.38771133101706173,0.39784471731198306,0.0851063829787234,0.8028571428571428,0.37909064756845606,0.3929596280384297,0.08,0.09142857142857143,0.10857142857142857,0.06,4.534285714285715,0.060790273556231005,0.0,0.031181391765358717,0.1377055541929324,9.635258358662615,0.05437943429267468,0.10305332655562971,0.1826276605756048,0.0790273556231003,0,0.17994415850695653,0.23252021844970752,4.837042425315285,0.9057655331200002,0.0,1.0,0.0,0.0,0.0,0.2608758868585349,0.2608758868585349
122,0.9688382258634574,0.4781681659377148,0.9604129150638561,0.4779499967276052,0.24899929058488912,0.477071577264964,0.8588957055214724,0.3898470781843994,0.39817734323852244,0.08588957055214724,0.8,0.3793192189970275,0.3931310566098583,0.08,0.09714285714285714,0.11428571428571428,0.06857142857142857,4.597142857142857,0.05214723926380368,0.008571428571428572,0.031437777788203024,0.13753337804161556,9.47239263803681,0.05274805126389444,0.10012201991063052,0.18164883075833665,0.07975460122699386,0,0.18055815200013606,0.231357617357459,4.854587291094694,0.9268316102481414,0.0,0.95,0.0,0.0,0.0,0.2605496102527789,0.2605496102527789
123,0.9698864286029446,0.47815759472138086,0.9613892410440641,0.47792574431367385,0.24899929058488912,0.47662161490897215,0.8496932515337423,0.3898470781843994,0.39817734323852244,0.08588957055214724,0.7914285714285715,0.3793192189970275,0.3931310566098583,0.08,0.10571428571428572,0.12571428571428572,0.06857142857142857,4.651428571428571,0.05214723926380368,0.0,0.031647687065758545,0.1373663671748382,9.47239263803681,0.051165609725977605,0.09726949975576782,0.18069936583558655,0.07975460122699386,0,0.1806817926687068,0.2302008292706717,4.883209830987085,0.9082949780431785,0.0,1.0,0.0,0.0,0.0,0.26023312194519554,0.26023312194519554
124,0.9708578922037546,0.4783180666575581,0.9616057266584023,0.47771686189291357,0.24899929058488912,0.476312184500215,0.8240740740740741,0.3908203156844762,0.3977191232350373,0.08950617283950617,0.7628571428571429,0.3794335047113132,0.3932167708955725,0.08285714285714285,0.08857142857142856,0.10857142857142857,0.07428571428571429,4.694285714285714,0.05246913580246913,0.005714285714285714,0.03179917102149852,0.13720436663406413,9.45679012345679,0.04963064143419828,0.09449391611497016,0.17977838486051895,0.08024691358024691,0,0.18077824084822042,0.22904982512431835,4.894117062938772,0.8901290784823149,0.0,0.9736842105263158,0.0,0.0,0.0,0.25992612828683964,0.25992612828683964
125,0.9703747391627671,0.4784781952041695,0.9607525728746616,0.47770314262292,0.24899929058488912,0.4760235554483298,0.8421052631578947,0.3917613477513373,0.3970957655636388,0.08978328173374613,0.7771428571428571,0.379490647568456,0.3932596280384297,0.08285714285714285,0.08,0.09142857142857143,0.07714285714285714,4.74,0.04643962848297214,0.002857142857142857,0.0319886064724849,0.13704722610951334,9.442724458204335,0.048141722191172326,0.09179344646333287,0.1788850333147034,0.0804953560371517,0,0.18084534964397933,0.22790457599869676,4.887663293108567,0.8723264969126686,0.0,0.96875,0.0,0.0,0.0,0.25962834443823446,0.25962834443823446
126,0.9705383773743513,0.47802952888906597,0.9609035875670666,0.4774653167215883,0.24899929058488912,0.47574427439995465,0.8761609907120743,0.3917613477513373,0.3970957655636388,0.08978328173374613,0.8085714285714286,0.379490647568456,0.3932596280384297,0.08285714285714285,0.09142857142857143,0.12285714285714286,0.07714285714285714,4.8,0.04953560371517028,0.0,0.0321440825270015,0.13689479980069907,9.442724458204335,0.04669747052543716,0.08916629636850315,0.1780184823152623,0.0804953560371517,0,0.1808534107529023,0.2267650531187033,4.912767170103539,0.8548799669744152,0.0,1.0,0.0,0.0,0.0,0.25933949410508744,0.25933949410508744
127,0.970191687456012,0.4772689927181294,0.9605836422995705,0.4766930494847988,0.24899929058488912,0.47544355992122755,0.7987616099071208,0.3917613477513373,0.3970957655636388,0.08978328173374613,0.7371428571428571,0.379490647568456,0.3932596280384297,0.08285714285714285,0.08285714285714285,0.10571428571428572,0.07714285714285714,4.88,0.05263157894736842,0.0,0.032296503572475925,0.13674694628114922,9.442724458204335,0.04529654640967404,0.08661070004210591,0.1771779278458044,0.0804953560371517,0,0.18057728727056632,0.22563122785310977,4.920226112415754,0.8377823676349269,0.0,1.0,0.0,0.0,0.0,0.2590593092819348,0.2590593092819348
128,0.9706757691287085,0.477204810743497,0.9605916856779029,0.47665505583184054,0.24899929058488912,0.4751680694189736,0.8229813664596274,0.39186709668068653,0.3974488991228765,0.09006211180124224,0.7571428571428571,0.37971921899702743,0.3934310566098583,0.08285714285714285,0.08285714285714285,0.11142857142857143,0.08,4.934285714285714,0.052795031055900624,0.002857142857142857,0.03243745321694081,0.13660352836718584,9.434782608695652,0.04393765001738382,0.08412492080681178,0.17636259001043028,0.08074534161490683,0,0.18107425797707064,0.23510114930196294,4.9332501615960105,0.8858423808639998,0.0,0.9487179487179487,0.0,0.0,0.0,0.25878753000347676,0.25878753000347676
129,0.9712258895465554,0.4772153175678462,0.9604741386606739,0.47656114539253436,0.24899929058488912,0.47491828245158474,0.8566978193146417,0.39151930802570495,0.3968999413454742,0.09034267912772585,0.7857142857142857,0.37971921899702743,0.3934310566098583,0.08285714285714285,0.08857142857142856,0.10571428571428572,0.08285714285714285,4.988571428571428,0.0529595015576324,0.002857142857142857,0.032666776513063954,0.13646441299064138,9.302180685358255,0.042619520516862304,0.08170725148440683,0.17557171231011737,0.08099688473520249,0,0.18113647591586376,0.23392564355545312,4.940299444078375,0.8681255332467198,0.0,1.0,0.0,0.0,0.0,0.25852390410337245,0.25852390410337245
130,0.9717967490513157,0.4765178109766456,0.9601566939180657,0.47570831067259656,0.24899929058488912,0.47481687510708187,0.846875,0.39263836616873904,0.39765923143492593,0.090625,0.7742857142857142,0.37994779042559895,0.3936024851812869,0.08285714285714285,0.054285714285714284,0.06857142857142857,0.08571428571428572,5.048571428571429,0.05,0.002857142857142857,0.0328900706697018,0.13632947107539325,9.23125,0.04134093490135644,0.07935601470998999,0.17480456094081387,0.08125,0,0.18157336496485588,0.23275601533767584,4.910064883768237,0.8617267203236093,0.0,0.9166666666666666,0.0,0.0,0.0,0.25826818698027126,0.25826818698027126
131,0.9720942345801751,0.4770981468872316,0.9604286806873086,0.47638224302652127,0.24899929058488912,0.47470959405349517,0.79375,0.39263836616873904,0.39765923143492593,0.090625,0.7257142857142858,0.37994779042559895,0.3936024851812869,0.08285714285714285,0.09142857142857143,0.10857142857142857,0.08571428571428572,5.111428571428571,0.05,0.0,0.03305116656194309,0.1361985774176026,9.23125,0.04010070685431574,0.07706956317719249,0.17406042411258943,0.08125,0,0.18149249885431734,0.23159223526098746,4.9204350146643,0.8444921859171372,0.0,1.0,0.0,0.0,0.0,0.25802014137086315,0.25802014137086315
132,0.9712833162801058,0.4766573146884552,0.9596872696701023,0.47610327043041234,0.24899929058488912,0.47454642271428227,0.828125,0.39263836616873904,0.39765923143492593,0.090625,0.7571428571428571,0.37994779042559895,0.3936024851812869,0.08285714285714285,0.08857142857142856,0.11428571428571428,0.08571428571428572,5.154285714285714,0.05,0.0,0.033190186181488744,0.13607161056954561,9.23125,0.03889768564868627,0.07484627981908543,0.17333861138921175,0.08125,0,0.18141006123542008,0.23043427408468253,4.936312028656728,0.8276023421987944,0.0,1.0,0.0,0.0,0.0,0.2577795371297373,0.2577795371297373
133,0.9711183359239147,0.4770006178152887,0.9595364304872991,0.47643968072932547,0.24899929058488912,0.4742428198412864,0.84375,0.39263836616873904,0.39765923143492593,0.090625,0.7714285714285715,0.37994779042559895,0.3936024851812869,0.08285714285714285,0.08,0.09428571428571429,0.08571428571428572,5.214285714285714,0.053125,0.0,0.03332622075290396,0.13594845272693035,9.23125,0.037730755079225686,0.07268457792922522,0.17263845304753542,0.08125,0,0.18115958235781443,0.2292821027142591,4.931871502369308,0.8110502953548185,0.0,1.0,0.0,0.0,0.0,0.25754615101584516,0.25754615101584516
134,0.9698758309154517,0.4756022898622775,0.9581591586956162,0.47548552577363906,0.24899929058488912,0.47411304877452554,0.8495297805642633,0.39245274720390605,0.39864941971424406,0.09090909090909091,0.7742857142857142,0.37994779042559895,0.3936024851812869,0.08285714285714285,0.08285714285714285,0.10857142857142857,0.08857142857142856,5.274285714285714,0.050156739811912224,0.002857142857142857,0.03345083044696741,0.13582898961959353,9.22257053291536,0.036598832426848915,0.0705829012270679,0.17195929945610935,0.08150470219435736,0,0.1810520737281682,0.22813569220068783,4.94180550089335,0.7948292894477221,0.0,1.0,0.0,0.0,0.0,0.2573197664853698,0.2573197664853698
135,0.9712269660308738,0.4754321477680346,0.9593906218436723,0.4752118398846253,0.24899929058488912,0.4739834898703328,0.8495297805642633,0.3925781390534358,0.3987434636013914,0.09090909090909091,0.7742857142857142,0.38006207613988463,0.3936881994670011,0.08285714285714285,0.07142857142857142,0.08571428571428572,0.08857142857142856,5.3342857142857145,0.050156739811912224,0.0,0.03359686650565338,0.1357131104054769,9.22257053291536,0.03550086745404345,0.06853972387177543,0.17130052047242605,0.08150470219435736,0,0.18123167121667025,0.2269950137396844,4.928683676589769,0.8717050596020486,0.0,0.9666666666666667,0.0,0.0,0.0,0.2571001734908087,0.2571001734908087
136,0.9714172295353364,0.4752473050655702,0.9596456984962103,0.4754589364224775,0.24899929058488912,0.473959550129407,0.8301886792452831,0.39278786483643174,0.3982123668471133,0.09119496855345911,0.7542857142857143,0.38006207613988463,0.3936881994670011,0.08285714285714285,0.11428571428571428,0.12857142857142856,0.09142857142857143,5.385714285714286,0.04716981132075472,0.002857142857142857,0.03373908311185063,0.13560070756778367,9.20754716981132,0.034435841430422144,0.06655355042823763,0.17066150485825327,0.08176100628930817,0,0.18115294214630115,0.22586003867098597,4.958681431629402,0.8542709584100077,0.0,1.0,0.0,0.0,0.0,0.25688716828608443,0.25688716828608443
137,0.9709032984249433,0.4766561411089077,0.9592618888061247,0.47676467321318844,0.24899929058488912,0.47396984745710524,0.8296529968454258,0.39222728514440286,0.39885693237241565,0.0914826498422713,0.7514285714285714,0.38017636185417036,0.3937739137527154,0.08285714285714285,0.09428571428571429,0.11142857142857143,0.09428571428571429,5.44,0.04416403785488959,0.002857142857142857,0.03385665386599832,0.13549167681522123,9.198738170347003,0.03340276618750948,0.06462291578893375,0.17004165971250568,0.07886435331230283,0,0.18138932100699823,0.22473073847763103,4.970936374425386,0.87735297992205,0.0,0.9743589743589743,0.0,0.0,0.0,0.2566805532375019,0.2566805532375019
138,0.9736268309724573,0.47540911291703897,0.9596704670815175,0.47555080852766163,0.24899929058488912,0.47420844167148696,0.8607594936708861,0.3925525117406751,0.3991420149886104,0.09177215189873418,0.7771428571428571,0.3803477904255989,0.39390248518128684,0.08285714285714285,0.09428571428571429,0.12285714285714286,0.09714285714285714,5.508571428571429,0.04430379746835443,0.002857142857142857,0.034063197627020814,0.13538591698523575,8.930379746835444,0.032400683201884196,0.06274638505506869,0.16944040992113052,0.07911392405063292,0,0.18202466011624893,0.23054747076160215,4.994374789794021,0.9820000000000004,0.0,0.9302325581395349,0.0,0.0,0.0,0.25648013664037683,0.25648013664037683
139,0.9726464105306732,0.47506250472756456,0.9587852874826499,0.4752767870127751,0.24899929058488912,0.4744022423323613,0.8322784810126582,0.3925525117406751,0.3991420149886104,0.09177215189873418,0.7514285714285714,0.3803477904255989,0.39390248518128684,0.08285714285714285,0.054285714285714284,0.06,0.09714285714285714,5.54,0.04746835443037975,0.0,0.0343123795182411,0.1352833299501498,8.930379746835444,0.03142866270582767,0.06092255338024011,0.1688571976234966,0.07911392405063292,0,0.18195836470472251,0.22939473340779412,4.95448729399814,0.9623600000000003,0.0,1.0,0.0,0.0,0.0,0.25628573254116555,0.25628573254116555
140,0.9736278218378703,0.47457367641671533,0.9596713616914335,0.4750976106499791,0.24899929058488912,0.4745798506212995,0.8481012658227848,0.3928056762976372,0.3993318884063319,0.09177215189873418,0.7657142857142857,0.3805763618541703,0.3940739137527154,0.08285714285714285,0.09142857142857143,0.11428571428571428,0.09714285714285714,5.611428571428571,0.04746835443037975,0.0,0.034430018533608935,0.1351838205261164,8.930379746835444,0.03048580282465284,0.059150045779710836,0.1682914816947917,0.07911392405063292,0,0.18273271645262748,0.25799518475353855,4.969683262403891,1.08486911883175,0.0,0.95,0.0,0.0,0.0,0.2560971605649306,0.2560971605649306
141,0.9754865103086077,0.47374833601901706,0.961003655788843,0.47444682646194647,0.24899929058488912,0.4747367047627272,0.8285714285714286,0.3936612269660526,0.3994866773903707,0.09206349206349207,0.7457142857142857,0.38080493328274184,0.394245342324144,0.08285714285714285,0.08285714285714285,0.08571428571428572,0.1,5.662857142857143,0.044444444444444446,0.002857142857142857,0.03457716640805638,0.13508729638480402,8.831746031746032,0.029571228739913254,0.057427516908195475,0.16774273724394795,0.07936507936507936,0,0.18313276787036434,0.26628144929057596,4.9560038828701,1.2527840199291271,0.0,0.9333333333333333,0.0,0.0,0.0,0.25591424574798266,0.25591424574798266
142,0.9740265416267299,0.473390968283433,0.9596896839751529,0.4740765607233612,0.24899929058488912,0.47486355980539086,0.8317460317460318,0.3936612269660526,0.3994866773903707,0.09206349206349207,0.7485714285714286,0.38080493328274184,0.394245342324144,0.08285714285714285,0.08285714285714285,0.09714285714285714,0.1,5.708571428571428,0.044444444444444446,0.0,0.03475457376987481,0.13499366796773102,8.831746031746032,0.028684091877715857,0.055753650808906485,0.16721045512662952,0.07936507936507936,0,0.18312853902386966,0.2649500420441231,4.954026662355554,1.2277283395305447,0.0,1.0,0.0,0.0,0.0,0.2557368183755432,0.2557368183755432
143,0.9749368499159888,0.4737934136194869,0.9602255160362302,0.47458279146833143,0.24899929058488912,0.47497417721828067,0.8789808917197452,0.3938900701254067,0.4002271596255703,0.09235668789808917,0.7885714285714286,0.3809192189970275,0.3943310566098583,0.08285714285714285,0.08,0.10285714285714286,0.10285714285714286,5.76,0.04777070063694268,0.002857142857142857,0.03488159428125098,0.1349028484031702,8.80891719745223,0.02782356912138438,0.05412716063644807,0.16669414147283063,0.07961783439490445,0,0.18372575703946462,0.2636252918339025,4.957803271965585,1.2031737727399339,0.0,0.9444444444444444,0.0,0.0,0.0,0.25556471382427687,0.25556471382427687
144,0.9736905980032534,0.4734389532373421,0.9591074500345189,0.4740659159779992,0.24899929058488912,0.4750776631305007,0.8280254777070064,0.3938900701254067,0.4002271596255703,0.09235668789808917,0.7428571428571429,0.3809192189970275,0.3943310566098583,0.08285714285714285,0.04857142857142857,0.06857142857142857,0.10285714285714286,5.805714285714286,0.044585987261146494,0.0,0.03499802315881418,0.1348147534255462,8.80891719745223,0.02698886204774285,0.05254678835599624,0.1661933172286457,0.07961783439490445,0,0.18357584896141013,0.262307165374733,4.927218635097703,1.179110297285135,0.0,1.0,0.0,0.0,0.0,0.2553977724095486,0.2553977724095486
145,0.9752861977516348,0.47393246080532236,0.9604592540355698,0.4742545842437221,0.24899929058488912,0.475194837362904,0.8402555910543131,0.3940731970871349,0.3999674500115857,0.0926517571884984,0.7514285714285714,0.3809192189970275,0.3943310566098583,0.08285714285714285,0.06,0.07142857142857142,0.10571428571428572,5.865714285714286,0.04153354632587859,0.002857142857142857,0.03512968425104739,0.13472930129725097,8.779552715654953,0.026179196186310563,0.05101130442106161,0.16570751771178632,0.07987220447284345,0,0.18314325543088877,0.26099562954785926,4.90010283382432,1.1555280913394324,0.0,1.0,0.0,0.0,0.0,0.2552358392372621,0.2552358392372621
146,0.9749024586529895,0.4737340425659688,0.9601160816416382,0.474173936190312,0.24899929058488912,0.4752602454442621,0.8115015974440895,0.3940731970871349,0.3999674500115857,0.0926517571884984,0.7257142857142858,0.3809192189970275,0.3943310566098583,0.08285714285714285,0.08571428571428572,0.10571428571428572,0.10571428571428572,5.922857142857143,0.04153354632587859,0.0,0.0352485348856214,0.1346464127328045,8.779552715654953,0.025393820300721244,0.04951950743199218,0.16523629218043273,0.07987220447284345,0,0.1831104020073058,0.25969065140012,4.907815062862118,1.1324175295126437,0.0,1.0,0.0,0.0,0.0,0.25507876406014424,0.25507876406014424
147,0.9750302651013096,0.47459252953986597,0.9602303771225648,0.47483578258127435,0.24899929058488912,0.47541604984511804,0.853035143769968,0.3940731970871349,0.3999674500115857,0.0926517571884984,0.7628571428571429,0.3809192189970275,0.3943310566098583,0.08285714285714285,0.08285714285714285,0.10857142857142857,0.10571428571428572,5.977142857142857,0.051118210862619806,0.0,0.03534869123440692,0.13456601082529152,8.779552715654953,0.024632005691699606,0.048070223777244014,0.16477920341501975,0.07987220447284345,0,0.18290742570798355,0.25839219814311937,4.918230190176305,1.109769178922391,0.0,1.0,0.0,0.0,0.0,0.2549264011383399,0.2549264011383399
148,0.9772643011991962,0.47571413704340065,0.9622282436901032,0.4759960649718048,0.24899929058488912,0.4754940071915921,0.8178913738019169,0.3940731970871349,0.3999674500115857,0.0926517571884984,0.7314285714285714,0.3809192189970275,0.3943310566098583,0.08285714285714285,0.09142857142857143,0.11428571428571428,0.10571428571428572,6.042857142857143,0.051118210862619806,0.0,0.03544636490509429,0.13448802097500387,8.779552715654953,0.023893045520948616,0.04666230725932252,0.16433582731256915,0.07987220447284345,0,0.1827911764365865,0.25710023715240377,4.934151300658493,1.087573795343943,0.0,1.0,0.0,0.0,0.0,0.2547786091041897,0.2547786091041897
149,0.9776314386559758,0.47539527785268326,0.961691446957125,0.4758495633188363,0.24899929058488912,0.47568453533858845,0.8167202572347267,0.39524180096592243,0.400935905091058,0.0932475884244373,0.7257142857142858,0.38097636185417033,0.39437391375271547,0.08285714285714285,0.1,0.11714285714285715,0.11142857142857143,6.097142857142857,0.04501607717041801,0.005714285714285714,0.0356387146718318,0.13441237082022486,8.565916398713826,0.023176254155320156,0.045294638707175316,0.1639057524931921,0.08038585209003216,0,0.18313166335808206,0.2558147359666417,4.9526111317881805,1.0658223194370642,0.0,0.975609756097561,0.0,0.0,0.0,0.25463525083106403,0.25463525083106403
150,0.9776013273483734,0.47400491669478995,0.9616646909095123,0.4746085753551139,0.24899929058488912,0.4757895385891968,0.8263665594855305,0.39524180096592243,0.400935905091058,0.0932475884244373,0.7342857142857143,0.38097636185417033,0.39437391375271547,0.08285714285714285,0.08857142857142856,0.1,0.11142857142857143,6.137142857142857,0.04501607717041801,0.0,0.03584100238133433,0.13433899017008927,8.565916398713826,0.022480966530660552,0.04396612557670909,0.16348857991839633,0.08038585209003216,0,0.1828440050412916,0.2545356622868085,4.953558909152417,1.0445058730483228,0.0,1.0,0.0,0.0,0.0,0.2544961933061321,0.2544961933061321
151,0.9787153387726254,0.4735896175068217,0.9626545696322051,0.47442428376383733,0.24899929058488912,0.47577239979667363,0.8585209003215434,0.39524180096592243,0.400935905091058,0.0932475884244373,0.7628571428571429,0.38097636185417033,0.39437391375271547,0.08285714285714285,0.07428571428571429,0.08571428571428572,0.11142857142857143,6.185714285714286,0.04501607717041801,0.0,0.035932533048390204,0.1342678109394577,8.565916398713826,0.021806537534740735,0.042675701540988875,0.16308392252084444,0.08038585209003216,0,0.1825285021553709,0.2532629839753745,4.940202016683655,1.0236157555873564,0.0,1.0,0.0,0.0,0.0,0.25436130750694813,0.25436130750694813
152,0.9782519771484425,0.4735806860216174,0.9622428397318594,0.4743813361640083,0.24899929058488912,0.4755847627034635,0.8585209003215434,0.39524180096592243,0.400935905091058,0.0932475884244373,0.7628571428571429,0.38097636185417033,0.39437391375271547,0.08285714285714285,0.08285714285714285,0.11428571428571428,0.11142857142857143,6.248571428571428,0.04501607717041801,0.0,0.036021736520870595,0.1341987670857451,8.565916398713826,0.021152341408698514,0.04142232607157981,0.1626914048452191,0.08038585209003216,0,0.182357574644594,0.2519966690554976,4.955683690635695,1.003143440475609,0.0,1.0,0.0,0.0,0.0,0.25423046828173973,0.25423046828173973
153,0.9775970263999384,0.47420937784449246,0.9616608692096174,0.4748573085933179,0.24899929058488912,0.4754023184987975,0.842443729903537,0.39524180096592243,0.400935905091058,0.0932475884244373,0.7485714285714286,0.38097636185417033,0.39437391375271547,0.08285714285714285,0.09142857142857143,0.11142857142857143,0.11142857142857143,6.291428571428572,0.05466237942122187,0.0,0.03610865916867338,0.13413179454764382,8.565916398713826,0.02051777116643756,0.040204984012392475,0.16231066269986252,0.08038585209003216,0,0.18207336105351393,0.2507366857102201,4.967998588251553,0.9830805716660969,0.0,1.0,0.0,0.0,0.0,0.2541035542332875,0.2541035542332875
154,0.976179394742911,0.47460197079886324,0.9604012022229446,0.47523846316763035,0.24899929058488912,0.47527053266947517,0.842443729903537,0.3954347270109385,0.40108059962482007,0.0932475884244373,0.7485714285714286,0.38114779042559893,0.39450248518128683,0.08285714285714285,0.1,0.12857142857142856,0.11142857142857143,6.348571428571429,0.05787781350482315,0.0,0.03619334724370783,0.13406683118568563,8.565916398713826,0.019902238031444433,0.03902268514729912,0.16194134281886666,0.08038585209003216,0,0.1831018649375499,0.24976921693607915,4.997210045057951,0.9781616207709692,0.0,0.9555555555555556,0.0,0.0,0.0,0.2539804476062889,0.2539804476062889
155,0.9777146352540681,0.47527406842327263,0.9610068589845285,0.4756327002187548,0.24899929058488912,0.4752303554792366,0.8511326860841424,0.39697831591100957,0.4015474720802795,0.09385113268608414,0.7514285714285714,0.38114779042559893,0.39450248518128683,0.08285714285714285,0.07142857142857142,0.1,0.11714285714285715,6.3914285714285715,0.05177993527508091,0.005714285714285714,0.0363754474331054,0.13400381672458617,8.433656957928802,0.0193051708905011,0.03787446376270165,0.16158310253430067,0.08090614886731391,0,0.18315764132714787,0.24852037085139875,4.997265844156791,0.9585983883555499,0.0,0.9714285714285714,0.0,0.0,0.0,0.25386103417810024,0.25386103417810024
156,0.979061143290274,0.4754278789606422,0.9616642539943069,0.4760093940550037,0.24899929058488912,0.47514089327278897,0.8246753246753247,0.39704551434605395,0.40240606871295986,0.09415584415584416,0.7257142857142858,0.3812049332827418,0.394545342324144,0.08285714285714285,0.1,0.10857142857142857,0.12,6.445714285714286,0.05194805194805195,0.002857142857142857,0.036572200802404545,0.1339426926973197,8.220779220779221,0.018726015763786068,0.03675937820614861,0.16123560945827164,0.08116883116883117,0,0.18341213954908356,0.24727776899714177,5.005891955845084,0.9643600000000009,0.0,0.9736842105263158,0.0,0.0,0.0,0.2537452031527572,0.2537452031527572
157,0.9784342972693271,0.47605507631292593,0.9611126294958734,0.4766433771965233,0.24899929058488912,0.4750045802110642,0.8409090909090909,0.39704551434605395,0.40240606871295986,0.09415584415584416,0.74,0.3812049332827418,0.394545342324144,0.08285714285714285,0.07714285714285714,0.10285714285714286,0.12,6.4714285714285715,0.048701298701298704,0.0,0.036786925197674715,0.13388340239087124,8.220779220779221,0.018164235290872487,0.035676510442018805,0.16089854117452349,0.08116883116883117,0,0.18318007956562388,0.24604138015215604,5.008631259585324,0.9450728000000008,0.0,1.0,0.0,0.0,0.0,0.2536328470581745,0.2536328470581745
158,0.9807763054789634,0.47694964650403093,0.9627925966980843,0.4775676489556259,0.24899929058488912,0.47507670261517143,0.8327868852459016,0.39749647456539233,0.404041596968433,0.09508196721311475,0.7257142857142858,0.3812049332827418,0.394545342324144,0.08285714285714285,0.09428571428571429,0.11142857142857143,0.12857142857142856,6.5285714285714285,0.04262295081967213,0.008571428571428572,0.03695326489876528,0.13382589079361623,8.131147540983607,0.017619308232146313,0.03462496560521677,0.16057158493928778,0.08196721311475409,0,0.18309118131065288,0.24481117325139526,5.019887205822189,0.9261713440000008,0.0,1.0,0.0,0.0,0.0,0.25352386164642926,0.25352386164642926
159,0.9799258798372125,0.4759336699353302,0.9620515114959874,0.47677917255911195,0.24899929058488912,0.4751526800148459,0.8622950819672132,0.39749647456539233,0.404041596968433,0.09508196721311475,0.7514285714285714,0.3812049332827418,0.394545342324144,0.08285714285714285,0.07428571428571429,0.08571428571428572,0.12857142857142856,6.577142857142857,0.04262295081967213,0.0,0.03703479991481614,0.13377010454427882,8.131147540983607,0.01709072898518192,0.03360387155375133,0.16025443739110914,0.07868852459016394,0,0.18271829683267107,0.24358711738513827,5.0052037474200315,0.9076479171200007,0.0,1.0,0.0,0.0,0.0,0.25341814579703636,0.25341814579703636
160,0.9785530795612082,0.4756354155978707,0.9609164910281517,0.47691977191626345,0.24899929058488912,0.4752175571452663,0.8914473684210527,0.3963356844911048,0.4041900801924777,0.09539473684210527,0.7742857142857142,0.3812049332827418,0.394545342324144,0.08285714285714285,0.07142857142857142,0.09428571428571429,0.13142857142857142,6.588571428571429,0.039473684210526314,0.002857142857142857,0.03716288281365585,0.1337159918824216,8.072368421052632,0.016578007115626462,0.03261237842100484,0.15994680426937588,0.07894736842105263,0,0.18248942106279342,0.2423691817982126,4.9993853867573455,0.8894949587776007,0.0,1.0,0.0,0.0,0.0,0.2533156014231253,0.2533156014231253
161,0.9788074412285059,0.4761112578540773,0.9607382847249989,0.47678286810028386,0.24899929058488912,0.4752113355720137,0.8745874587458746,0.3963163617350125,0.40478591537802966,0.09570957095709572,0.7571428571428571,0.3812049332827418,0.394545342324144,0.08285714285714285,0.07714285714285714,0.09142857142857143,0.13428571428571429,6.634285714285714,0.036303630363036306,0.002857142857142857,0.03731162937566722,0.13366350260042004,8.026402640264026,0.01608066690215767,0.03164965816843801,0.15964840014129458,0.07920792079207921,0,0.18211926038605086,0.24115733588922153,4.99082625045077,0.8717050596020486,0.0,1.0,0.0,0.0,0.0,0.25321613338043153,0.25321613338043153
162,0.9788480120021791,0.4752108296741605,0.9607734074233504,0.47585394484270727,0.24899929058488912,0.47524479514669377,0.8844884488448845,0.3963163617350125,0.40478591537802966,0.09570957095709572,0.7657142857142857,0.3812049332827418,0.394545342324144,0.08285714285714285,0.07714285714285714,0.09714285714285714,0.13428571428571429,6.668571428571428,0.036303630363036306,0.0,0.03739067368197456,0.13361258799687856,8.026402640264026,0.015598246895092939,0.03071490413941258,0.15935894813705576,0.07920792079207921,0,0.18192152408054918,0.2399515492097754,4.988152582584611,0.8542709584100077,0.0,1.0,0.0,0.0,0.0,0.2531196493790186,0.2531196493790186
163,0.9800011042176509,0.47490919801063153,0.9613763226201246,0.47568709475638604,0.24899929058488912,0.47521307472319413,0.8940397350993378,0.39623431849502966,0.4042177304787539,0.09602649006622517,0.7714285714285715,0.3812620761398846,0.39458819946700113,0.08285714285714285,0.08285714285714285,0.09142857142857143,0.13714285714285715,6.6971428571428575,0.033112582781456956,0.002857142857142857,0.03752610912916458,0.13356320083144332,7.953642384105961,0.01513029948824015,0.029807330614762373,0.15907817969294408,0.07947019867549669,0,0.1820967743172893,0.24421996609423793,4.979818102361491,0.8683125524019019,0.0,0.96875,0.0,0.0,0.0,0.25302605989764804,0.25302605989764804
164,0.9791059882876587,0.47505329641595095,0.9606039654462459,0.47588143743157374,0.24899929058488912,0.47509290093007445,0.8708609271523179,0.39623431849502966,0.4042177304787539,0.09602649006622517,0.7514285714285714,0.3812620761398846,0.39458819946700113,0.08285714285714285,0.06857142857142857,0.08571428571428572,0.13714285714285715,6.751428571428572,0.033112582781456956,0.0,0.03762547573230655,0.13351529528097106,7.953642384105961,0.014676390503592944,0.02892617237068884,0.15880583430215575,0.07947019867549669,0,0.18181443330284572,0.24299886626376674,4.965936026028547,0.8509463013538637,0.0,1.0,0.0,0.0,0.0,0.2529352781007186,0.2529352781007186
165,0.9799303789587898,0.4757607634197756,0.9613152968253361,0.47634863406607986,0.24899929058488912,0.47495378841642394,0.8509933774834437,0.39623431849502966,0.4042177304787539,0.09602649006622517,0.7342857142857143,0.3812620761398846,0.39458819946700113,0.08285714285714285,0.07142857142857142,0.08571428571428572,0.13714285714285715,6.771428571428571,0.033112582781456956,0.0,0.03769076412979051,0.13346882689701314,7.953642384105961,0.014236098788485156,0.02807068423950665,0.15854165927309108,0.07947019867549669,0,0.1817016724402773,0.2417838719324479,4.952331591222261,0.8339273753267865,0.0,1.0,0.0,0.0,0.0,0.25284721975769703,0.25284721975769703
166,0.9799394197921171,0.4763809379837439,0.9613230977729498,0.47664471980324447,0.24899929058488912,0.47483489511158705,0.8576158940397351,0.3963667688261555,0.4043170682270983,0.09602649006622517,0.74,0.3813763618541703,0.3946739137527153,0.08285714285714285,0.08,0.08857142857142856,0.13714285714285715,6.797142857142857,0.033112582781456956,0.0,0.037754284058488505,0.13342375256457387,7.953642384105961,0.013809015824830602,0.027240140673720603,0.15828540949489836,0.07947019867549669,0,0.18187830693521875,0.2594027392342399,4.941856387969244,0.8258462484551474,0.0,0.967741935483871,0.0,0.0,0.0,0.2527618031649661,0.2527618031649661
167,0.9793595355032304,0.4769916372115566,0.9608227404722535,0.47713352977224377,0.24899929058488912,0.4746352273128647,0.8311258278145696,0.39656544432284424,0.40446607484961483,0.09602649006622517,0.7171428571428572,0.3815477904255989,0.3948024851812868,0.08285714285714285,0.08,0.09714285714285714,0.13714285714285715,6.8342857142857145,0.033112582781456956,0.0,0.037816077701496954,0.13338003046210775,7.953642384105961,0.013394745350085684,0.02643383531387067,0.1580368472100514,0.07947019867549669,0,0.18251091611482836,0.2581057255380687,4.940162117352716,0.9100467694032094,0.0,0.9411764705882353,0.0,0.0,0.0,0.25267894907001714,0.25267894907001714
168,0.9787073334967179,0.47737836704561065,0.9602599833123486,0.477715865834901,0.24899929058488912,0.47438143432455954,0.8377483443708609,0.3966978946539701,0.4045654125979592,0.09602649006622517,0.7228571428571429,0.38166207613988457,0.3948881994670012,0.08285714285714285,0.06857142857142857,0.08285714285714285,0.13714285714285715,6.871428571428571,0.03642384105960265,0.0,0.03787618658681836,0.13333762002271562,7.953642384105961,0.012992902989583112,0.02565108056053944,0.15779574179374986,0.07947019867549669,0,0.18284901793159267,0.25681519691037835,4.924216017862805,0.9024716665044438,0.0,0.9655172413793104,0.0,0.0,0.0,0.2525985805979166,0.2525985805979166
169,0.9801873492952604,0.47740334740064105,0.9615370255156621,0.47778850355577673,0.24899929058488912,0.4742470891175746,0.8708609271523179,0.39676411981953297,0.40461508147213143,0.09602649006622517,0.7514285714285714,0.3817192189970275,0.3949310566098583,0.08285714285714285,0.08285714285714285,0.09714285714285714,0.13714285714285715,6.905714285714286,0.03642384105960265,0.0,0.03793465157372318,0.13329648189650525,7.953642384105961,0.012603115899895618,0.024891207150881223,0.15756186953993737,0.07947019867549669,0,0.18310463212764902,0.25553112092582647,4.922874554648406,0.9623600000000003,0.0,0.9705882352941176,0.0,0.0,0.0,0.25252062317997914,0.25252062317997914
170,0.9802787342919725,0.4773254116162265,0.9616158777128252,0.4774861292348703,0.24899929058488912,0.4741473027181393,0.8344370860927153,0.3969627953162217,0.4047640880946479,0.09602649006622517,0.72,0.38189064756845603,0.3950596280384297,0.08285714285714285,0.08285714285714285,0.1,0.13714285714285715,6.962857142857143,0.03642384105960265,0.0,0.037991512841247556,0.1332565779140812,7.953642384105961,0.01222502242289875,0.024153563739992,0.15733501345373924,0.07947019867549669,0,0.18413125182415357,0.25425346532119736,4.924417063555437,0.9820000000000004,0.0,0.9142857142857143,0.0,0.0,0.0,0.25244500448457974,0.25244500448457974
171,0.9806224734719698,0.47716696302333667,0.9615869326041115,0.4772739054024113,0.24899929058488912,0.47394347247889,0.8566666666666667,0.3972563844750178,0.4047208056981543,0.09666666666666666,0.7342857142857143,0.38194779042559895,0.3951024851812869,0.08285714285714285,0.07428571428571429,0.07714285714285714,0.14285714285714285,6.997142857142857,0.03,0.005714285714285714,0.038229219177859146,0.1332178710511299,7.72,0.011858271750211787,0.02343751648740955,0.15711496305012707,0.08,0,0.18418159556503286,0.2529821979945914,4.903071579427185,0.9816618605733914,0.0,0.9629629629629629,0.0,0.0,0.0,0.2523716543500424,0.2523716543500424
172,0.9797833501388531,0.4769180682110895,0.9608676840328686,0.47723381308632984,0.24899929058488912,0.4736193000981579,0.86,0.3973230511416845,0.40477080569815427,0.09666666666666666,0.7371428571428571,0.3820049332827418,0.39514534232414394,0.08285714285714285,0.08285714285714285,0.09714285714285714,0.14285714285714285,7.04,0.03,0.0,0.03834896614537985,0.1331803253940671,7.72,0.011502523597705433,0.02274244864899877,0.15690151415862325,0.08,0,0.18454483187292192,0.25171728700461843,4.9021530049815,0.9770176102573095,0.0,0.9705882352941176,0.0,0.0,0.0,0.2523005047195411,0.2523005047195411
173,0.9794524307655468,0.47613268485273463,0.9605840388557487,0.4765090773305003,0.24899929058488912,0.47324867717712715,0.85,0.39738971780835114,0.40482080569815426,0.09666666666666666,0.7285714285714285,0.3820620761398847,0.39518819946700107,0.08285714285714285,0.07714285714285714,0.08857142857142856,0.14285714285714285,7.077142857142857,0.03333333333333333,0.0,0.0384018641461728,0.13314390610671617,7.72,0.011157447889774269,0.02206776017444878,0.15669446873386456,0.08,0,0.18462182199927163,0.2504587005695953,4.892681373453298,0.9623464138326142,0.0,0.967741935483871,0.0,0.0,0.0,0.2522314895779548,0.2522314895779548
174,0.9798615821461162,0.47607871875997887,0.9609347400390942,0.476693323162215,0.24899929058488912,0.47289237185371175,0.8566666666666667,0.39738971780835114,0.40482080569815426,0.09666666666666666,0.7342857142857143,0.3820620761398847,0.39518819946700107,0.08285714285714285,0.07142857142857142,0.08285714285714285,0.14285714285714285,7.131428571428572,0.03333333333333333,0.0,0.0384532948245646,0.13310857939798584,7.72,0.01082272445308104,0.021412867310581674,0.15649363467184862,0.08,0,0.18426971288927527,0.24920640706674732,4.877684888841374,0.9430994855559619,0.0,1.0,0.0,0.0,0.0,0.2521645448906162,0.2521645448906162
175,0.9789795803905456,0.475774645315628,0.9601787385343193,0.47668403326318626,0.24899929058488912,0.472580557933925,0.8633333333333333,0.3975230511416845,0.4049208056981543,0.09666666666666666,0.74,0.3821763618541703,0.39527391375271537,0.08285714285714285,0.07142857142857142,0.08285714285714285,0.14285714285714285,7.18,0.03666666666666667,0.0,0.038503295309548186,0.13307431249051735,7.72,0.010498042719488608,0.020777202210646273,0.15629882563169317,0.08,0,0.18460181848591756,0.24796037503141358,4.86298833392169,0.9418265395008019,0.0,0.9655172413793104,0.0,0.0,0.0,0.25209960854389774,0.25209960854389774
176,0.9796482780626719,0.4754564097337728,0.9607519079675704,0.4764896333074396,0.24899929058488912,0.47234925916644926,0.8633333333333333,0.39765638447501783,0.4050208056981543,0.09666666666666666,0.74,0.3822906475684561,0.39535962803842967,0.08285714285714285,0.06285714285714286,0.08,0.14285714285714285,7.214285714285714,0.03666666666666667,0.0,0.03855190200792189,0.13304107359027295,7.72,0.01018310143790395,0.02016021254974565,0.15610986086274237,0.08,0,0.1846780958220594,0.2467205731562565,4.845728567243256,0.9308829449534853,0.0,0.9642857142857143,0.0,0.0,0.0,0.2520366202875808,0.2520366202875808
177,0.9797756401496132,0.4759266169777449,0.9607248187433899,0.47656897778832474,0.24899929058488912,0.4721902274268355,0.8451178451178452,0.3982762823108429,0.40495340562828525,0.09764309764309764,0.7171428571428572,0.3824049332827417,0.39544534232414397,0.08285714285714285,0.07428571428571429,0.08571428571428572,0.15142857142857144,7.248571428571428,0.030303030303030304,0.008571428571428572,0.03871386727311217,0.13300883185703594,7.542087542087542,0.00987760839476683,0.01956136114652751,0.1559265650368601,0.08080808080808081,0,0.1852665724643955,0.25348292552543555,4.834528281612677,0.9261713440000008,0.0,0.9333333333333333,0.0,0.0,0.0,0.2519755216789534,0.2519755216789534
178,0.9797921828066545,0.4753728610356506,0.9607388563695078,0.47549173116273163,0.24899929058488912,0.47198232745870206,0.8518518518518519,0.3982762823108429,0.40495340562828525,0.09764309764309764,0.7228571428571429,0.3824049332827417,0.39544534232414397,0.08285714285714285,0.08857142857142856,0.09142857142857143,0.15142857142857144,7.291428571428572,0.03367003367003367,0.0,0.03885424363745797,0.1329775573757959,7.542087542087542,0.009581280142923825,0.018980125591242847,0.1557487680857543,0.08080808080808081,0,0.18513852745921644,0.2522155108978084,4.829266287408994,0.9076479171200007,0.0,1.0,0.0,0.0,0.0,0.25191625602858475,0.25191625602858475
179,0.980781278413989,0.4756352526350206,0.9615781746420173,0.47584095590741615,0.24899929058488912,0.47177153925870063,0.8821548821548821,0.398343622378183,0.4050039106787903,0.09764309764309764,0.7485714285714286,0.38246207613988464,0.39548819946700114,0.08285714285714285,0.054285714285714284,0.054285714285714284,0.15142857142857144,7.354285714285714,0.03367003367003367,0.0,0.03889930605092187,0.13294722112899315,7.542087542087542,0.00929384173863611,0.018415997880260826,0.15557630504318165,0.08080808080808081,0,0.1851265498219203,0.25095443334331935,4.786966675946529,0.9261713440000008,0.0,0.9473684210526315,0.0,0.0,0.0,0.25185876834772725,0.25185876834772725
180,0.9802652112157685,0.47550997455905336,0.9611402547623844,0.4756587875851834,0.24899929058488912,0.47155545545852695,0.8821548821548821,0.398343622378183,0.4050039106787903,0.09764309764309764,0.7485714285714286,0.38246207613988464,0.39548819946700114,0.08285714285714285,0.07428571428571429,0.08,0.15142857142857144,7.38,0.03367003367003367,0.0,0.03894310091804688,0.13291779496959452,7.542087542087542,0.009015026486477026,0.017868484057111056,0.15540901589188622,0.08080808080808081,0,0.18482863135852498,0.24969966117660275,4.771227342427598,0.9076479171200007,0.0,1.0,0.0,0.0,0.0,0.2518030052972954,0.2518030052972954
181,0.9798660984277333,0.4749687647061901,0.9608015790536804,0.47514295344482776,0.24899929058488912,0.4713847682168145,0.8720538720538721,0.39841096244552304,0.40505441572929535,0.09764309764309764,0.74,0.38251921899702745,0.3955310566098582,0.08285714285714285,0.08857142857142856,0.10285714285714286,0.15142857142857144,7.414285714285715,0.03367003367003367,0.0,0.038985661385246506,0.13288925159497775,7.542087542087542,0.008744575691882715,0.017337103860104452,0.15524674541512962,0.08080808080808081,0,0.1856156460054109,0.24845116287071975,4.778659938436189,0.9261713440000008,0.0,0.9444444444444444,0.0,0.0,0.0,0.25174891513837655,0.25174891513837655
182,0.979752733092537,0.4742888585703887,0.9607053804692424,0.47468073684913875,0.24899929058488912,0.47136744932705443,0.8518518518518519,0.39841096244552304,0.40505441572929535,0.09764309764309764,0.7228571428571429,0.38251921899702745,0.3955310566098582,0.08285714285714285,0.09142857142857143,0.1,0.15142857142857144,7.462857142857143,0.037037037037037035,0.0,0.03902701988391135,0.13286156452159958,7.542087542087542,0.008482238421126234,0.016821390376573375,0.15508934305267574,0.08080808080808081,0,0.18554130693647247,0.24720890705636614,4.783086739667464,0.9076479171200007,0.0,1.0,0.0,0.0,0.0,0.2516964476842252,0.2516964476842252
183,0.9792570425362996,0.4746041956910167,0.9602583824680758,0.47488370437243765,0.24899929058488912,0.4712926324429915,0.8648648648648649,0.3988704344232983,0.40542594925742576,0.09797297297297297,0.7314285714285714,0.38257636185417027,0.39557391375271533,0.08285714285714285,0.07428571428571429,0.08,0.15428571428571428,7.505714285714285,0.033783783783783786,0.002857142857142857,0.03906682430285109,0.13283470806042266,7.527027027027027,0.008227771268492447,0.016320889703752672,0.15493666276109547,0.08108108108108109,0,0.18549917183036152,0.250040930728231,4.7674250048741165,0.9232506596111049,0.0,0.9642857142857143,0.0,0.0,0.0,0.2516455542536985,0.2516455542536985
184,0.9810414885291979,0.4739795121366448,0.9611179211547208,0.4747032736267743,0.24899929058488912,0.47117635096788507,0.8542372881355932,0.3985082440224872,0.40646736482441226,0.09830508474576272,0.72,0.38263350471131313,0.3956167708955726,0.08285714285714285,0.05714285714285714,0.05714285714285714,0.15714285714285714,7.562857142857143,0.03389830508474576,0.002857142857142857,0.03927723935652233,0.1328086572930811,7.396610169491526,0.007980938130437673,0.015835160616315624,0.1547885628782626,0.08135593220338982,0,0.18557067668549548,0.24879072607458988,4.72921936191949,0.9154315636899447,0.0,0.95,0.0,0.0,0.0,0.25159618762608754,0.25159618762608754
185,0.9828614123508782,0.4746821325511794,0.9621031693231855,0.47491758509810295,0.24899929058488912,0.4710661294476679,0.826530612244898,0.39900923912149694,0.4075850083230772,0.09863945578231292,0.6942857142857143,0.38280493328274173,0.395745342324144,0.08285714285714285,0.05142857142857143,0.06285714285714286,0.16,7.6085714285714285,0.034013605442176874,0.002857142857142857,0.039348906473703725,0.13278338804875978,7.36734693877551,0.007741509986524542,0.01536377424056179,0.15464490599191472,0.08163265306122448,0,0.1860415390163537,0.24754677244421694,4.697492117538244,0.9820000000000004,0.0,0.9090909090909091,0.0,0.0,0.0,0.25154830199730494,0.25154830199730494
186,0.9817656938873942,0.47443727419515863,0.961182765813859,0.4747812534577747,0.24899929058488912,0.47103492309596784,0.8537414965986394,0.39900923912149694,0.4075850083230772,0.09863945578231292,0.7171428571428572,0.38280493328274173,0.395745342324144,0.08285714285714285,0.09428571428571429,0.1,0.16,7.6571428571428575,0.034013605442176874,0.0,0.03940121299877689,0.13275887688176807,7.36734693877551,0.007509264686928806,0.014906313735245869,0.15450555881215727,0.08163265306122448,0,0.18593762131770047,0.24630903858199582,4.703542275187478,0.9623600000000003,0.0,1.0,0.0,0.0,0.0,0.25150185293738575,0.25150185293738575
187,0.9823097034628211,0.4740847906436495,0.9616397338572175,0.47479158767292656,0.24899929058488912,0.47098092670958425,0.8843537414965986,0.39900923912149694,0.4075850083230772,0.09863945578231292,0.7428571428571429,0.38280493328274173,0.395745342324144,0.08285714285714285,0.07142857142857142,0.07428571428571429,0.16,7.7,0.03741496598639456,0.0,0.03943736902242634,0.13273510104978617,7.36734693877551,0.007283986746320942,0.014462373979026721,0.15437039204779257,0.08163265306122448,0,0.18557879106825487,0.24507749338908585,4.6837571439694425,0.9431128000000003,0.0,1.0,0.0,0.0,0.0,0.2514567973492642,0.2514567973492642
188,0.9815079600930376,0.47352682839570315,0.9609662694265995,0.474080447544445,0.24899929058488912,0.4708051137180382,0.9013605442176871,0.39900923912149694,0.4075850083230772,0.09863945578231292,0.7571428571428571,0.38280493328274173,0.395745342324144,0.08285714285714285,0.08857142857142856,0.09714285714285714,0.16,7.7542857142857144,0.04081632653061224,0.0,0.03947249301784849,0.13271203849276372,7.36734693877551,0.007065467143931314,0.014031561264504666,0.15423928028635878,0.08163265306122448,0,0.18539190282005644,0.2438521059221404,4.687224858232911,0.9242505440000003,0.0,1.0,0.0,0.0,0.0,0.25141309342878626,0.25141309342878626
189,0.9808059483342844,0.4721867264826461,0.9603111422845716,0.47299904666267173,0.24899929058488912,0.4707289035490076,0.863481228668942,0.39990016925050004,0.40735109180619533,0.10238907849829351,0.7228571428571429,0.3829192189970274,0.3958310566098583,0.08571428571428572,0.06571428571428571,0.06857142857142857,0.16285714285714287,7.8,0.03754266211604096,0.002857142857142857,0.0395608724816123,0.13268966781245187,7.3174061433447095,0.006853503129613374,0.013613492998807541,0.15411210187776803,0.08191126279863481,0,0.18537865830595618,0.24263284539252972,4.662051789639682,0.9271297356177383,0.0,0.9583333333333334,0.0,0.0,0.0,0.25137070062592265,0.25137070062592265
190,0.9806340569260065,0.4728413237751167,0.9601672446199278,0.47357057352284493,0.24899929058488912,0.47069568342479523,0.8532423208191127,0.40017320679316215,0.4075558699631919,0.10580204778156997,0.7142857142857143,0.3831477904255989,0.39600248518128683,0.08857142857142856,0.06285714285714286,0.06571428571428571,0.16285714285714287,7.8342857142857145,0.040955631399317405,0.0,0.03961329733153231,0.13266796825254945,7.3174061433447095,0.006647898035724973,0.013207797410680344,0.153988738821435,0.07849829351535836,0,0.18568019358585494,0.25967186857963204,4.634525039561174,0.952457027469378,0.0,0.9130434782608695,0.0,0.0,0.0,0.25132957960714497,0.25132957960714497
191,0.9796742928808454,0.47382940144309904,0.9593637850049783,0.47401933953776837,0.24899929058488912,0.47063891678252334,0.8600682593856656,0.4003097255644932,0.4076582590416902,0.10580204778156997,0.72,0.3832620761398846,0.39608819946700113,0.08857142857142856,0.07142857142857142,0.07428571428571429,0.16285714285714287,7.894285714285714,0.040955631399317405,0.0,0.03964559161298729,0.1326469196794441,7.3174061433447095,0.006448461094653224,0.012814113264022264,0.15386907665679192,0.07849829351535836,0,0.18632051545722922,0.2583735092367339,4.616120253055664,1.000352843589565,0.0,0.9230769230769231,0.0,0.0,0.0,0.25128969221893066,0.25128969221893066
192,0.9800374159874515,0.47450576367345293,0.9596269252098042,0.4740258267687714,0.24899929058488912,0.4706312091098059,0.8458904109589042,0.39902643974686275,0.40836625063142845,0.10616438356164383,0.7057142857142857,0.3832620761398846,0.39608819946700113,0.08857142857142856,0.06571428571428571,0.07428571428571429,0.1657142857142857,7.9314285714285715,0.0410958904109589,0.002857142857142857,0.03975895673731062,0.1326265025635319,7.260273972602739,0.006255007261813627,0.012432089577813055,0.15375300435708816,0.07876712328767123,0,0.18595977002280017,0.2570816416905502,4.598083562280265,0.9803457867177736,0.0,1.0,0.0,0.0,0.0,0.25125100145236273,0.25125100145236273
193,0.9788388085846711,0.47432595617839884,0.9586616805850549,0.4735023780499857,0.24899929058488912,0.47068240414349766,0.8865979381443299,0.4002650152876504,0.40784315531809273,0.10652920962199312,0.7371428571428571,0.3832620761398846,0.39608819946700113,0.08857142857142856,0.06571428571428571,0.07142857142857142,0.16857142857142857,8.002857142857144,0.037800687285223365,0.002857142857142857,0.03980345451457071,0.13260669796109703,7.257731958762887,0.006067357043959218,0.01206138535236212,0.15364041422637553,0.07903780068728522,0,0.18571269970843624,0.25579623348209746,4.577550462463232,0.9607388709834181,0.0,1.0,0.0,0.0,0.0,0.25121347140879186,0.25121347140879186
194,0.9769455796650488,0.4739397346142982,0.9570875959690259,0.4729403121049305,0.24899929058488912,0.47069146829023034,0.8247422680412371,0.400402472332324,0.40794624810159785,0.10652920962199312,0.6857142857142857,0.38337636185417034,0.39617391375271543,0.08857142857142856,0.05714285714285714,0.06285714285714286,0.16857142857142857,8.045714285714286,0.044673539518900345,0.0,0.039833159029268254,0.13258748749673524,7.257731958762887,0.005885336332640441,0.011701669301808493,0.15353120179958427,0.07903780068728522,0,0.18621029329928684,0.254517252314687,4.54885659607111,0.9449993046363678,0.0,0.9090909090909091,0.0,0.0,0.0,0.2511770672665281,0.2511770672665281
195,0.9780069184428043,0.4741463670983727,0.9574582729143855,0.4730755233033267,0.24899929058488912,0.47070488170031877,0.8472222222222222,0.40216175697091383,0.4074270014129483,0.1076388888888889,0.6971428571428572,0.38337636185417034,0.39617391375271543,0.08857142857142856,0.07428571428571429,0.08,0.17714285714285713,8.08,0.034722222222222224,0.008571428571428572,0.03993073143744838,0.1325688533463043,7.180555555555555,0.0057087762426612275,0.011352619592798652,0.15342526574559673,0.0798611111111111,0,0.18602024540064752,0.2532446660531136,4.537879464149688,0.9260993185436405,0.0,1.0,0.0,0.0,0.0,0.2511417552485323,0.2511417552485323
196,0.9779565281362756,0.47423440644085824,0.9573981937005153,0.47302807078295295,0.24899929058488912,0.4707943294759662,0.8641114982578397,0.4024384375869178,0.40837410477509456,0.10801393728222997,0.7085714285714285,0.38337636185417034,0.39617391375271543,0.08857142857142856,0.06285714285714286,0.07428571428571429,0.18,8.09142857142857,0.0313588850174216,0.002857142857142857,0.04001736382355001,0.13255077822038627,7.16376306620209,0.005537512955381391,0.011013923589260899,0.15332250777322884,0.08013937282229965,0,0.18566100203078714,0.25197844272284803,4.521407589152407,0.9075773321727676,0.0,1.0,0.0,0.0,0.0,0.2511075025910763,0.2511075025910763
197,0.9772390195598821,0.4741807730095011,0.9568638539808648,0.4725294987747962,0.24899929058488912,0.4707686980851112,0.8531468531468531,0.40171393749965295,0.4083707160296374,0.10839160839160839,0.6971428571428572,0.38337636185417034,0.39617391375271543,0.08857142857142856,0.06285714285714286,0.07142857142857142,0.18285714285714286,8.117142857142857,0.027972027972027972,0.002857142857142857,0.040063021389958965,0.13253324534824582,7.118881118881119,0.005371387566719949,0.010685277603193044,0.15322283254003197,0.08041958041958042,0,0.18547341914565102,0.25071855050923375,4.50240800879793,0.8894257855293123,0.0,1.0,0.0,0.0,0.0,0.251074277513344,0.251074277513344
198,0.9780726458175759,0.4741635595707346,0.9575450457228661,0.4724851408503082,0.24899929058488912,0.4708007195048201,0.8601398601398601,0.4019237277094431,0.4085280586869801,0.10839160839160839,0.7028571428571428,0.38354779042559894,0.39630248518128686,0.08857142857142856,0.07142857142857142,0.08571428571428572,0.18285714285714286,8.142857142857142,0.027972027972027972,0.0,0.04014352868367859,0.13251623846226954,7.118881118881119,0.0052102459397183505,0.010366386651379123,0.153126147563831,0.08041958041958042,0,0.18600290919277995,0.2494649577566876,4.498074134336257,0.9253247248289391,0.0,0.9333333333333333,0.0,0.0,0.0,0.25104204918794365,0.25104204918794365
199,0.978651491290941,0.47422257143918617,0.958018045166816,0.47240449438156423,0.24899929058488912,0.470716481715743,0.8881118881118881,0.40206358784930324,0.4086329537918752,0.10839160839160839,0.7257142857142858,0.3836620761398846,0.3963881994670011,0.08857142857142856,0.06571428571428571,0.08,0.18285714285714286,8.174285714285714,0.03146853146853147,0.0,0.04016939363946517,0.13249974178287258,7.118881118881119,0.0050539385615268,0.01005696421794422,0.15303236313691607,0.08041958041958042,0,0.18607232393253031,0.24821763296790414,4.488112651649533,0.9340889149311526,0.0,0.9642857142857143,0.0,0.0,0.0,0.25101078771230534,0.25101078771230534
200,0.9779672814614996,0.47374302529702195,0.957458947991901,0.47238871012099837,0.24899929058488912,0.47076098075366596,0.8391608391608392,0.40213351791923335,0.40868540134432274,0.10839160839160839,0.6857142857142857,0.3837192189970275,0.3964310566098583,0.08857142857142856,0.054285714285714284,0.054285714285714284,0.18285714285714286,8.205714285714286,0.03146853146853147,0.0,0.040194508526800704,0.13248374000385751,7.118881118881119,0.004902320404680996,0.009756732022657477,0.1529413922428086,0.08041958041958042,0,0.18638926055907123,0.24697654480306463,4.4526361129022565,0.9293826708956463,0.0,0.9473684210526315,0.0,0.0,0.0,0.2509804640809362,0.2509804640809362
201,0.9771627030747374,0.4727482135278743,0.9565418695771752,0.47140138400524695,0.24899929058488912,0.47075011298294334,0.8415492957746479,0.40054977485159,0.40933761755595227,0.11267605633802817,0.6828571428571428,0.3839477904255989,0.3966024851812869,0.09142857142857143,0.054285714285714284,0.06,0.18857142857142858,8.234285714285715,0.02464788732394366,0.005714285714285714,0.04035613502777945,0.1324682182782129,6.894366197183099,0.004755250792540566,0.00946541979488924,0.15285315047552434,0.08098591549295775,0,0.18685645711341875,0.24906560502942726,4.423583390644211,0.9431128000000003,0.0,0.9047619047619048,0.0,0.0,0.0,0.2509510501585081,0.2509510501585081
202,0.9810959046169376,0.47350243765916017,0.9589739178506751,0.4720426673523351,0.24899929058488912,0.4705339722781355,0.8692579505300353,0.4005291575745429,0.4097656171747995,0.11307420494699646,0.7028571428571428,0.3840620761398847,0.3966881994670012,0.09142857142857143,0.05142857142857143,0.05714285714285714,0.19142857142857142,8.242857142857142,0.024734982332155476,0.002857142857142857,0.0405118651532345,0.13245316220433764,6.88339222614841,0.004612593268764349,0.00918276505312765,0.1527675559612586,0.0812720848056537,0,0.18697789054213737,0.2640672393438382,4.392254579974184,0.9431128000000003,0.0,0.95,0.0,0.0,0.0,0.25092251865375287,0.25092251865375287
203,0.9807542398504991,0.4726138109685414,0.9587504487020014,0.47132746009969806,0.24899929058488912,0.47043043176607835,0.8900709219858156,0.4006442785598104,0.40864835665454335,0.11347517730496454,0.7171428571428572,0.3840620761398847,0.3966881994670012,0.09142857142857143,0.054285714285714284,0.06,0.19428571428571428,8.268571428571429,0.02127659574468085,0.002857142857142857,0.04054741774623501,0.13243855781267858,6.879432624113475,0.004474215470701419,0.008908512889958198,0.15268452928242085,0.08156028368794327,0,0.1867272882322838,0.26274690314711896,4.3644094883747,0.9242505440000003,0.0,1.0,0.0,0.0,0.0,0.2508948430941403,0.2508948430941403
204,0.9818174485821479,0.4733453572944121,0.959607091165787,0.471852751401688,0.24899929058488912,0.47040039653427196,0.8794326241134752,0.4006442785598104,0.40864835665454335,0.11347517730496454,0.7085714285714285,0.3840620761398847,0.3966881994670012,0.09142857142857143,0.03428571428571429,0.04285714285714286,0.19428571428571428,8.285714285714286,0.02127659574468085,0.0,0.04058409176071996,0.1324243915527694,6.879432624113475,0.004339989006580377,0.008642415762409206,0.15260399340394823,0.08156028368794327,0,0.18622165250540815,0.2614331686313834,4.319978441464349,0.9057655331200002,0.0,1.0,0.0,0.0,0.0,0.2508679978013161,0.2508679978013161
205,0.9821316565496636,0.47417795337588725,0.9598602530138995,0.4723783075164421,0.24899929058488912,0.47039250099094154,0.8617021276595744,0.400715200545626,0.408701548143905,0.11347517730496454,0.6942857142857143,0.3841192189970275,0.3967310566098583,0.09142857142857143,0.05142857142857143,0.06285714285714286,0.19428571428571428,8.291428571428572,0.024822695035460994,0.0,0.040606030454090454,0.13241065028065743,6.879432624113475,0.004209789336382965,0.008384233287564102,0.1525258736018298,0.08156028368794327,0,0.1862325449571668,0.26012600278822645,4.296436015492205,0.9057655331200002,0.0,0.9545454545454546,0.0,0.0,0.0,0.2508419578672766,0.2508419578672766
206,0.9819746846472326,0.4745070973040514,0.959785279410663,0.47233856607277647,0.24899929058488912,0.4703975814888638,0.8896797153024911,0.40099642273275443,0.4072693148882617,0.11387900355871886,0.7142857142857143,0.3841192189970275,0.3967310566098583,0.09142857142857143,0.06285714285714286,0.06571428571428571,0.19714285714285715,8.314285714285715,0.021352313167259787,0.002857142857142857,0.040645267774472894,0.1323973212467088,6.868327402135232,0.004083495656291476,0.008133732043342223,0.15245009739377488,0.08185053380782918,0,0.1862114007467737,0.2588253727742853,4.276221580896646,0.8876502224576002,0.0,1.0,0.0,0.0,0.0,0.2508166991312583,0.2508166991312583
207,0.9821501764859469,0.4745025876059234,0.9599261742868881,0.4725434017580189,0.24899929058488912,0.47044317654743906,0.8932384341637011,0.40099642273275443,0.4072693148882617,0.11387900355871886,0.7171428571428572,0.3841192189970275,0.3967310566098583,0.09142857142857143,0.03428571428571429,0.04,0.19714285714285715,8.337142857142856,0.021352313167259787,0.0,0.04067216492636239,0.13238439208377864,6.868327402135232,0.003960990786602732,0.007890685374348227,0.15237659447196164,0.07829181494661921,0,0.18562305802875415,0.25753124591041393,4.230697149278714,0.8698972180084482,0.0,1.0,0.0,0.0,0.0,0.25079219815732057,0.25079219815732057
208,0.9803548118340402,0.47423048515966826,0.9584847529520715,0.4726289052274898,0.24899929058488912,0.4705387674149248,0.9110320284697508,0.40106759710997864,0.4073226956711798,0.11387900355871886,0.7314285714285714,0.38417636185417037,0.3967739137527155,0.09142857142857143,0.037142857142857144,0.04,0.19714285714285715,8.36,0.021352313167259787,0.0,0.04069225571818972,0.1323718507957364,6.868327402135232,0.00384216106300465,0.007654873202690871,0.1523052966378028,0.07829181494661921,0,0.1855799434528961,0.25727974231528206,4.186083206293138,0.8524992736482793,0.0,0.9285714285714286,0.0,0.0,0.0,0.2507684322126009,0.2507684322126009
209,0.9798856239486554,0.47373303726731025,0.95811470445416,0.4723650496368201,0.24899929058488912,0.4705630290111222,0.9035714285714286,0.39991159436921137,0.4080178330901504,0.11428571428571428,0.7228571428571429,0.38429064756845605,0.3968596280384297,0.09142857142857143,0.06285714285714286,0.06857142857142857,0.2,8.36,0.017857142857142856,0.002857142857142857,0.04070290307778505,0.13235968574633541,6.857142857142857,0.0037268962311145103,0.007426081843671994,0.1522361377386687,0.07857142857142857,0,0.18587790658920303,0.2559933436037057,4.170932970738704,0.8520840824203852,0.0,0.9583333333333334,0.0,0.0,0.0,0.2507453792462229,0.2507453792462229
210,0.9806818767310176,0.47279921864852037,0.9587517066800499,0.47164032323928884,0.24899929058488912,0.47059239904870565,0.9107142857142857,0.39991159436921137,0.4080178330901504,0.11428571428571428,0.7285714285714285,0.38429064756845605,0.3968596280384297,0.09142857142857143,0.045714285714285714,0.05142857142857143,0.2,8.365714285714287,0.017857142857142856,0.0,0.04074554702974442,0.13234788564841646,6.857142857142857,0.003615089344181075,0.007204103826245034,0.15216905360650865,0.07857142857142857,0,0.18580508919911412,0.2547133768856872,4.138942882752501,0.8350424007719776,0.0,0.9444444444444444,0.0,0.0,0.0,0.2507230178688362,0.2507230178688362
211,0.9804888576839642,0.47311253227232036,0.9585972914424071,0.47191611996092087,0.24899929058488912,0.4705770185107589,0.9214285714285714,0.39991159436921137,0.4080178330901504,0.11428571428571428,0.7371428571428571,0.38429064756845605,0.3968596280384297,0.09142857142857143,0.045714285714285714,0.05714285714285714,0.2,8.377142857142857,0.017857142857142856,0.0,0.04076393551370551,0.1323364395534351,6.857142857142857,0.0035066366638556424,0.006988737718145566,0.15210398199831338,0.07857142857142857,0,0.18553107087813644,0.25343981000125876,4.113306882240309,0.8183415527565381,0.0,1.0,0.0,0.0,0.0,0.2507013273327711,0.2507013273327711
212,0.9809019410725224,0.4723526400188905,0.9589277581532536,0.47163922678437514,0.24899929058488912,0.4704225375746326,0.9,0.39991159436921137,0.4080178330901504,0.11428571428571428,0.72,0.38429064756845605,0.3968596280384297,0.09142857142857143,0.045714285714285714,0.05714285714285714,0.2,8.394285714285715,0.017857142857142856,0.0,0.040781785018086755,0.13232533684130313,6.857142857142857,0.003401437563939973,0.006779787955592975,0.152040862538364,0.07857142857142857,0,0.18514513266303148,0.25217261095125243,4.0881836017383595,0.8019747217014073,0.0,1.0,0.0,0.0,0.0,0.250680287512788,0.250680287512788
213,0.9800412363557888,0.4731145752782622,0.9582391943798669,0.47221640560237493,0.24899929058488912,0.4700992654306617,0.9,0.39991159436921137,0.4080178330901504,0.11428571428571428,0.72,0.38429064756845605,0.3968596280384297,0.09142857142857143,0.022857142857142857,0.025714285714285714,0.2,8.40857142857143,0.017857142857142856,0.0,0.040799110968807645,0.13231456721053517,6.857142857142857,0.0032993944370217736,0.006577064677468769,0.15197963666221306,0.07857142857142857,0,0.1845898384247163,0.2509117478964962,4.032134215417878,0.7859352272673791,0.0,1.0,0.0,0.0,0.0,0.2506598788874044,0.2506598788874044
214,0.9793893816652465,0.47310420409742265,0.957717710627433,0.4722197669727006,0.24899929058488912,0.46970092508913497,0.8714285714285714,0.39991159436921137,0.4080178330901504,0.11428571428571428,0.6971428571428572,0.38429064756845605,0.3968596280384297,0.09142857142857143,0.045714285714285714,0.05142857142857143,0.2,8.422857142857143,0.017857142857142856,0.0,0.040815928372458316,0.1323041206686902,6.857142857142857,0.0032004126039111205,0.006380383563869163,0.15192024756234668,0.07857142857142857,0,0.18446403851116416,0.24965718915701368,4.002920102538092,0.7702165227220316,0.0,1.0,0.0,0.0,0.0,0.25064008252078224,0.25064008252078224
215,0.9798450727177669,0.47369253030783814,0.9580822634694495,0.4724473147906156,0.24899929058488912,0.46938695351597115,0.9214285714285714,0.39991159436921137,0.4080178330901504,0.11428571428571428,0.7371428571428571,0.38429064756845605,0.3968596280384297,0.09142857142857143,0.04,0.045714285714285714,0.2,8.442857142857143,0.017857142857142856,0.0,0.04083225182635449,0.13229398752310065,6.857142857142857,0.0031044002257937867,0.006189565678940356,0.15186264013547626,0.07857142857142857,0,0.18402615045789406,0.2484089032112286,3.9685759862016154,0.7548121922675909,0.0,1.0,0.0,0.0,0.0,0.25062088004515876,0.25062088004515876
216,0.9808389963946544,0.4753344553837447,0.9588774024109591,0.47381029508315287,0.24899929058488912,0.46925349172480263,0.9035714285714286,0.39991159436921137,0.4080178330901504,0.11428571428571428,0.7228571428571429,0.38429064756845605,0.3968596280384297,0.09142857142857143,0.06,0.06285714285714286,0.2,8.448571428571428,0.017857142857142856,0.0,0.04084809552843623,0.13228415837187876,6.857142857142857,0.003011268219019973,0.006004437317897682,0.151806760931412,0.07857142857142857,0,0.18379030684846173,0.24716685869517246,3.9520616093347263,0.739715948422239,0.0,1.0,0.0,0.0,0.0,0.250602253643804,0.250602253643804
217,0.9802981661713992,0.4753210614113034,0.9584447382323551,0.47374681172805805,0.24899929058488912,0.46930256126968817,0.8964285714285715,0.39991159436921137,0.4080178330901504,0.11428571428571428,0.7171428571428572,0.38429064756845605,0.3968596280384297,0.09142857142857143,0.04,0.04857142857142857,0.2,8.48,0.017857142857142856,0.0,0.04086347328700696,0.13227462409519353,6.857142857142857,0.0029209301724493738,0.005824829858134151,0.15175255810346963,0.07857142857142857,0,0.18329921317136227,0.24593102440169662,3.9215918057194603,0.7249216294537942,0.0,1.0,0.0,0.0,0.0,0.2505841860344899,0.2505841860344899
218,0.9791489544424807,0.47585026273634107,0.9574767043130517,0.47429839592881684,0.24899929058488912,0.46926672253305957,0.910394265232975,0.4009548482321759,0.40816929720287176,0.11469534050179211,0.7257142857142858,0.38429064756845605,0.3968596280384297,0.09142857142857143,0.04,0.04285714285714286,0.20285714285714285,8.508571428571429,0.014336917562724014,0.002857142857142857,0.04088359682614099,0.13226537584680875,6.845878136200717,0.0028333022672758926,0.0056505796143262454,0.15169998136036553,0.07885304659498207,0,0.18286785996264834,0.2447013692796881,3.886017112462214,0.7104231968647183,0.0,1.0,0.0,0.0,0.0,0.25056666045345516,0.25056666045345516
219,0.9805207834141312,0.47580819631074,0.9585702479790243,0.47384924415256297,0.24899929058488912,0.4692071859714641,0.899641577060932,0.4009548482321759,0.40816929720287176,0.11469534050179211,0.7171428571428572,0.38429064756845605,0.3968596280384297,0.09142857142857143,0.06,0.06285714285714286,0.20285714285714285,8.522857142857143,0.014336917562724014,0.0,0.040898094304246985,0.13225640504587563,6.845878136200717,0.0027483031992576157,0.005481527697443478,0.15164898191955456,0.07885304659498207,0,0.18252380780569225,0.24347786243328967,3.8711539130701125,0.696214732927424,0.0,1.0,0.0,0.0,0.0,0.2505496606398515,0.2505496606398515
220,0.9798934917312149,0.47507756772435505,0.9580702068946425,0.4728395291262622,0.24899929058488912,0.46912012102456285,0.8853046594982079,0.4009548482321759,0.40816929720287176,0.11469534050179211,0.7057142857142857,0.38429064756845605,0.3968596280384297,0.09142857142857143,0.04857142857142857,0.054285714285714284,0.20285714285714285,8.537142857142857,0.014336917562724014,0.0,0.040912156366905005,0.13224770336897046,6.845878136200717,0.0026658541032798873,0.005317519877569565,0.15159951246196793,0.07885304659498207,0,0.18209590590594948,0.24226047312112323,3.848016549094424,0.6822904382688755,0.0,1.0,0.0,0.0,0.0,0.25053317082065596,0.25053317082065596
221,0.9798314187997345,0.4745124037606939,0.9580207259006911,0.4721402213664082,0.24899929058488912,0.46893429785031093,0.910394265232975,0.4011699019956168,0.4083305875254524,0.11469534050179211,0.7257142857142858,0.38446207613988465,0.39698819946700115,0.09142857142857143,0.045714285714285714,0.04857142857142857,0.20285714285714285,8.554285714285715,0.014336917562724014,0.0,0.02869124341933904,0.14280170253896257,6.845878136200717,0.1026658541032799,0.1856228639758878,0.21159951246196793,0.07885304659498207,0,0.18249899851927687,0.24583772154239716,3.819627646683964,0.7876428239390126,0.0,0.8823529411764706,0.0,0.0,0.0,0.270533170820656,0.270533170820656
222,0.9790344434947054,0.47581408456789864,0.9573854227289678,0.47281416525769543,0.24899929058488912,0.4687024935558394,0.8924731182795699,0.401313271171244,0.4084381144071728,0.11469534050179211,0.7114285714285714,0.3845763618541704,0.39707391375271545,0.09142857142857143,0.054285714285714284,0.06571428571428571,0.20285714285714285,8.56857142857143,0.014336917562724014,0.0,0.028946077502692374,0.14247664193726484,6.845878136200717,0.0995858784801815,0.18059085797776442,0.2097515270881089,0.07885304659498207,0,0.18303360629555454,0.25251201410876456,3.808949379464571,0.8039557249541341,0.0,0.9565217391304348,0.0,0.0,0.0,0.2699171756960363,0.2699171756960363
223,0.9789037003827903,0.4758954704559754,0.9572812017911841,0.4727019382922767,0.24899929058488912,0.46871106152983655,0.9139784946236559,0.401313271171244,0.4084381144071728,0.11469534050179211,0.7285714285714285,0.3845763618541704,0.39707391375271545,0.09142857142857143,0.04857142857142857,0.05714285714285714,0.20285714285714285,8.582857142857144,0.014336917562724014,0.0,0.02919936984842676,0.14216133315361798,6.845878136200717,0.09659830212577605,0.1756801065889334,0.20795898127546564,0.07885304659498207,0,0.18274572540693393,0.2512494540382207,3.789913249018136,0.7878766104550514,0.0,1.0,0.0,0.0,0.0,0.2693196604251552,0.2693196604251552
224,0.9791678447439816,0.4765863568250341,0.9574917625819622,0.4731739463667036,0.24899929058488912,0.46878062854309127,0.9068100358422939,0.40138495575905764,0.40849187784803304,0.11469534050179211,0.7228571428571429,0.3846335047113132,0.3971167708955725,0.09142857142857143,0.054285714285714284,0.05714285714285714,0.20285714285714285,8.614285714285714,0.014336917562724014,0.0,0.029450913735208698,0.1418554836334806,6.845878136200717,0.09370035306200276,0.17088856021819543,0.20622021183720166,0.07885304659498207,0,0.18274585392275638,0.26683613865537154,3.771257841180631,0.8281752781619623,0.0,0.95,0.0,0.0,0.0,0.2687400706124006,0.2687400706124006
225,0.9787421734693776,0.47688414678839675,0.9571524417659211,0.473596440594159,0.24899929058488912,0.4690083712885554,0.9032258064516129,0.40152832493468493,0.4085994047297535,0.11469534050179211,0.72,0.3847477904255989,0.3972024851812868,0.09142857142857143,0.06285714285714286,0.06857142857142857,0.20285714285714285,8.628571428571428,0.014336917562724014,0.0,0.029700515140898772,0.14155880959894726,6.845878136200717,0.09088934247014267,0.16621415063728118,0.2045336054820856,0.07885304659498207,0,0.18294512608171407,0.2655019579620947,3.7644041129284465,0.83831264053104,0.0,0.9583333333333334,0.0,0.0,0.0,0.2681778684940285,0.2681778684940285
226,0.9797765215768299,0.47662066282121124,0.9579769649715757,0.47325746602355717,0.24899929058488912,0.46928212006440695,0.8745519713261649,0.40152832493468493,0.4085994047297535,0.11469534050179211,0.6971428571428572,0.3847477904255989,0.3972024851812868,0.09142857142857143,0.04857142857142857,0.05142857142857143,0.20285714285714285,8.625714285714286,0.014336917562724014,0.0,0.029947992593076025,0.14127103578544997,6.845878136200717,0.0881626621960384,0.16165479517538206,0.20289759731762302,0.07885304659498207,0,0.1825156868798769,0.26417444817228425,3.7405446020984487,0.8215463877204192,0.0,1.0,0.0,0.0,0.0,0.2676325324392077,0.2676325324392077
227,0.9795318021875793,0.47605213987997264,0.9577818886584302,0.47241824542109545,0.24899929058488912,0.46952904682316243,0.931899641577061,0.40152832493468493,0.4085994047297535,0.11469534050179211,0.7428571428571429,0.3847477904255989,0.3972024851812868,0.09142857142857143,0.02857142857142857,0.037142857142857144,0.20285714285714285,8.648571428571428,0.014336917562724014,0.0,0.030193176971986542,0.14099189518635755,6.845878136200717,0.08551778233015725,0.1572084006583333,0.20131066939809433,0.07885304659498207,0,0.18194567987404894,0.26285357593142283,3.702876567199337,0.8051154599660107,0.0,1.0,0.0,0.0,0.0,0.26710355646603146,0.26710355646603146
228,0.9808039312828739,0.4769140065222263,0.9587959572801081,0.4729562634238677,0.24899929058488912,0.4696513734401652,0.9175627240143369,0.40152832493468493,0.4085994047297535,0.11469534050179211,0.7314285714285714,0.3847477904255989,0.3972024851812868,0.09142857142857143,0.04,0.04285714285714286,0.20285714285714285,8.657142857142857,0.014336917562724014,0.0,0.03043591127191635,0.14072112880523793,6.845878136200717,0.08295224886025253,0.15287286710145354,0.1997713493161515,0.07885304659498207,0,0.1818045293246787,0.2615393080517657,3.6716761787124934,0.7890131507666905,0.0,1.0,0.0,0.0,0.0,0.2665904497720505,0.2665904497720505
229,0.9802614355041962,0.4771102028052308,0.9583635106451048,0.4728355850218214,0.24899929058488912,0.46987682897883765,0.8745519713261649,0.40152832493468493,0.4085994047297535,0.11469534050179211,0.6971428571428572,0.3847477904255989,0.3972024851812868,0.09142857142857143,0.05142857142857143,0.054285714285714284,0.20285714285714285,8.685714285714285,0.014336917562724014,0.0,0.030676050326619464,0.14045848541555195,6.845878136200717,0.08046368139444494,0.1486460911651306,0.19827820883666697,0.07885304659498207,0,0.18152279382091246,0.26023161151150687,3.652528369423958,0.7732328877513568,0.0,1.0,0.0,0.0,0.0,0.26609273627888896,0.26609273627888896
230,0.9820830651974791,0.47637768306870654,0.9588969293084639,0.4723679949307778,0.24899929058488912,0.47008885486831864,0.8884892086330936,0.40259043257325233,0.40906394372963334,0.11510791366906475,0.7057142857142857,0.3847477904255989,0.3972024851812868,0.09142857142857143,0.05142857142857143,0.06,0.2057142857142857,8.708571428571428,0.014388489208633094,0.002857142857142857,0.030927379085282425,0.14020372132755649,6.81294964028777,0.07804977095261159,0.14452596938226991,0.19682986257156695,0.07913669064748201,0,0.18107217985180787,0.25893045345394927,3.6394778020354788,0.7577682299963296,0.0,1.0,0.0,0.0,0.0,0.2656099541905223,0.2656099541905223
231,0.9820425641120183,0.4754282489143521,0.9588647598748691,0.4718146467168265,0.24899929058488912,0.4701016446842137,0.9100719424460432,0.40273431746533866,0.4091718573986981,0.11510791366906475,0.7228571428571429,0.38486207613988466,0.3972881994670011,0.09142857142857143,0.037142857142857144,0.04285714285714286,0.2057142857142857,8.72,0.01079136690647482,0.0,0.03117293397927626,0.1399566001622009,6.81294964028777,0.07570827782403323,0.1405104011667173,0.19542496669441994,0.07913669064748201,0,0.180966391095406,0.25763580118667956,3.6095453888519113,0.8295130174546834,0.0,0.9333333333333333,0.0,0.0,0.0,0.2651416555648066,0.2651416555648066
232,0.9814304758477054,0.4741818256719564,0.9581914858277891,0.47108349604524163,0.24899929058488912,0.47010815275424467,0.9097472924187726,0.4029407074756612,0.40883600221091543,0.11552346570397112,0.72,0.38486207613988466,0.3972881994670011,0.09142857142857143,0.06,0.06285714285714286,0.20857142857142857,8.734285714285715,0.007220216606498195,0.002857142857142857,0.03144237751133084,0.139716892631806,6.758122743682311,0.07343702948931223,0.1365972916117163,0.19406221769358734,0.07942238267148015,0,0.1806605598542147,0.25634762218074614,3.600211623932016,0.8129227571055897,0.0,1.0,0.0,0.0,0.0,0.26468740589786244,0.26468740589786244
233,0.9804751914541066,0.4745434409504648,0.9574354464648548,0.47155778433701545,0.24899929058488912,0.4701278862589218,0.8736462093862816,0.4029407074756612,0.40883600221091543,0.11552346570397112,0.6914285714285714,0.38486207613988466,0.3972881994670011,0.09142857142857143,0.045714285714285714,0.054285714285714284,0.20857142857142857,8.76,0.007220216606498195,0.0,0.031687871282678894,0.13948437632732294,6.758122743682311,0.07123391860463286,0.13278455408737522,0.1927403511627797,0.07942238267148015,0,0.1801854006263722,0.2550658840698424,3.5824931057390903,0.7966643019634779,0.0,1.0,0.0,0.0,0.0,0.2642467837209266,0.2642467837209266
234,0.980489292388532,0.4731993198705404,0.957446606347243,0.47050055174017447,0.24899929058488912,0.4702750147356557,0.9169675090252708,0.40344612263811613,0.40921506358275656,0.11552346570397112,0.7257142857142858,0.3852620761398846,0.3975881994670012,0.09142857142857143,0.054285714285714284,0.06,0.20857142857142857,8.777142857142858,0.007220216606498195,0.0,0.031914592627902104,0.13925883551197435,6.758122743682311,0.06909690104649388,0.12907011264601032,0.19145814062789632,0.07942238267148015,0,0.18159605999834735,0.2587676699122567,3.5708432436243083,1.0,0.0,0.8095238095238095,0.0,0.0,0.0,0.2638193802092988,0.2638193802092988
235,0.9817278303570168,0.4721829089196127,0.958426820682301,0.46973619425512264,0.24899929058488912,0.47034419167047803,0.8664259927797834,0.40344612263811613,0.40921506358275656,0.11552346570397112,0.6857142857142857,0.3852620761398846,0.3975881994670012,0.09142857142857143,0.03142857142857143,0.037142857142857144,0.20857142857142857,8.8,0.010830324909747292,0.0,0.03213805386163796,0.13904006092108623,6.758122743682311,0.06702399401509906,0.12545190424408792,0.19021439640905943,0.07942238267148015,0,0.18122753314515858,0.2574738315626954,3.536569235894679,0.98,0.0,1.0,0.0,0.0,0.0,0.2634047988030198,0.2634047988030198
236,0.9810591118068209,0.4719787340632492,0.9578975777154317,0.46944708724943374,0.24899929058488912,0.4704182051658157,0.8772563176895307,0.40344612263811613,0.40921506358275656,0.11552346570397112,0.6942857142857143,0.3852620761398846,0.3975881994670012,0.09142857142857143,0.05142857142857143,0.05142857142857143,0.20857142857142857,8.825714285714286,0.010830324909747292,0.0,0.03235818283100124,0.13882784956792474,6.758122743682311,0.06501327419464609,0.12192788078932892,0.18900796451678764,0.07942238267148015,0,0.18111474359953242,0.2561864624048819,3.5172664226053563,0.9603999999999999,0.0,1.0,0.0,0.0,0.0,0.2630026548389292,0.2630026548389292
237,0.9793270106128206,0.471536233374166,0.9565267433418945,0.46904631070156905,0.24899929058488912,0.47045212058500546,0.8628158844765343,0.40359052697024606,0.40932336683185405,0.11552346570397112,0.6828571428571428,0.38537636185417035,0.39767391375271544,0.09142857142857143,0.04,0.04285714285714286,0.20857142857142857,8.837142857142856,0.01444043321299639,0.0,0.03257491633246293,0.13862200455535814,6.758122743682311,0.0630628759688067,0.11849601102135776,0.18783772558128403,0.07942238267148015,0,0.18103731273867762,0.2569297260271675,3.489778237010393,0.9492078863284633,0.0,0.9333333333333333,0.0,0.0,0.0,0.26261257519376136,0.26261257519376136
238,0.9807220578240975,0.4712315385787042,0.9576308235633906,0.46878418209601347,0.24899929058488912,0.47055031235029,0.851985559566787,0.40359052697024606,0.40932336683185405,0.11552346570397112,0.6742857142857143,0.38537636185417035,0.39767391375271544,0.09142857142857143,0.04857142857142857,0.05142857142857143,0.20857142857142857,8.865714285714287,0.01444043321299639,0.0,0.03278819970355156,0.1384223348931685,6.758122743682311,0.0611709896897425,0.11515428223408042,0.1867025938138455,0.07942238267148015,0,0.18064484402855568,0.25564507739703163,3.471411243698756,0.9302237286018941,0.0,1.0,0.0,0.0,0.0,0.2622341979379485,0.2622341979379485
239,0.9795307973134958,0.47063613382851255,0.956688025959286,0.46837590503739135,0.24899929058488912,0.47069094094796504,0.8808664259927798,0.40359052697024606,0.40932336683185405,0.11552346570397112,0.6971428571428572,0.38537636185417035,0.39767391375271544,0.09142857142857143,0.04,0.04285714285714286,0.20857142857142857,8.874285714285714,0.01444043321299639,0.0,0.03299798641534923,0.13822865532084452,6.758122743682311,0.05933585999905022,0.11190070184776524,0.18560151599943012,0.07942238267148015,0,0.18025419836200218,0.2543668520100465,3.444840161681924,0.9116192540298561,0.0,1.0,0.0,0.0,0.0,0.26186717199981,0.26186717199981
240,0.9786697554630263,0.47065708345314916,0.9560675163934482,0.46860087075856055,0.24899929058488912,0.4708072067497778,0.8623188405797102,0.4047691696854393,0.40906953006975766,0.11594202898550725,0.68,0.38537636185417035,0.39767391375271544,0.09142857142857143,0.04285714285714286,0.04857142857142857,0.21142857142857144,8.891428571428571,0.014492753623188406,0.002857142857142857,0.033208012703986114,0.13804078613569035,6.739130434782608,0.05755578419907871,0.10873329883857896,0.1845334705194472,0.07971014492753623,0,0.180174692099779,0.25309501774999626,3.4245147870197137,0.893386868949259,0.0,1.0,0.0,0.0,0.0,0.26151115683981574,0.26151115683981574
241,0.9790445571451144,0.47106801252620734,0.9563630742913238,0.4687448462305475,0.24899929058488912,0.47092646736418897,0.8586956521739131,0.4048416334535552,0.4091238778958446,0.11594202898550725,0.6771428571428572,0.3854335047113132,0.3977167708955726,0.09142857142857143,0.06571428571428571,0.07142857142857142,0.21142857142857144,8.894285714285715,0.014492753623188406,0.0,0.03342654386859008,0.13785855302609074,6.739130434782608,0.05582911067310635,0.1056501250330999,0.1834974664038638,0.07971014492753623,0,0.18078596862144078,0.25518800318973833,3.4274530627078903,0.9448666589323708,0.0,0.92,0.0,0.0,0.0,0.26116582213462125,0.26116582213462125
242,0.9806147069769612,0.4708299592180437,0.9576012495872945,0.46894002999761103,0.24899929058488912,0.4709714541750393,0.9130434782608695,0.4049140972216712,0.4091782257219316,0.11594202898550725,0.72,0.3854906475684561,0.39775962803842974,0.09142857142857143,0.05142857142857143,0.054285714285714284,0.21142857142857144,8.891428571428571,0.014492753623188406,0.0,0.033625865213133446,0.13768178690977914,6.739130434782608,0.05415423735291316,0.1026492562750918,0.1824925424117479,0.07971014492753623,0,0.18082361306047642,0.25809138041057417,3.4131897157394464,0.9509892903538276,0.0,0.9473684210526315,0.0,0.0,0.0,0.2608308474705826,0.2608308474705826
243,0.9801007414227222,0.47060487054491956,0.9571959510359515,0.46871546027943833,0.24899929058488912,0.4709917092090363,0.8804347826086957,0.4049140972216712,0.4091782257219316,0.11594202898550725,0.6942857142857143,0.3854906475684561,0.39775962803842974,0.09142857142857143,0.02857142857142857,0.04,0.21142857142857144,8.905714285714286,0.018115942028985508,0.0,0.03382157197835687,0.13751032377695682,6.739130434782608,0.05252961023232576,0.0997287934715827,0.18151776613939546,0.07971014492753623,0,0.18026206642374545,0.2568009235085213,3.3849259214246583,0.931969504546751,0.0,1.0,0.0,0.0,0.0,0.26050592204646517,0.26050592204646517
244,0.9795458445773174,0.47098149282735663,0.9565482445161235,0.4685977005715451,0.24899929058488912,0.47108850813895,0.8945454545454545,0.4051190654981312,0.41011354552493623,0.11636363636363636,0.7028571428571428,0.3854906475684561,0.39775962803842974,0.09142857142857143,0.05142857142857143,0.05714285714285714,0.21428571428571427,8.914285714285715,0.014545454545454545,0.002857142857142857,0.03408070520601177,0.13734400453811932,6.538181818181818,0.05095372192535599,0.09688686352504317,0.1805722331552136,0.08,0,0.18001406739557255,0.25551691889097866,3.374370260139022,0.9133301144558159,0.0,1.0,0.0,0.0,0.0,0.26019074438507117,0.26019074438507117
245,0.9814663390225216,0.4714385774156891,0.9580572044373553,0.46891210954964746,0.24899929058488912,0.47111441407058363,0.9236363636363636,0.4051190654981312,0.41011354552493623,0.11636363636363636,0.7257142857142858,0.3854906475684561,0.39775962803842974,0.09142857142857143,0.04,0.04857142857142857,0.21428571428571427,8.917142857142856,0.014545454545454545,0.0,0.03434873283060168,0.13718267487644684,6.538181818181818,0.04942511026759531,0.09412162015821623,0.17965506616055718,0.08,0,0.17962657561218398,0.2542393342965238,3.35545428350767,0.8950635121666995,0.0,1.0,0.0,0.0,0.0,0.25988502205351904,0.25988502205351904
246,0.9810559232950422,0.4713088016000608,0.957734734937193,0.4686483554963989,0.24899929058488912,0.47100417383125814,0.92,0.4054099745890403,0.41033172734311807,0.11636363636363636,0.7228571428571429,0.3857192189970275,0.39793105660985834,0.09142857142857143,0.05714285714285714,0.06285714285714286,0.21428571428571427,8.934285714285714,0.014545454545454545,0.0,0.034535276961496365,0.13702618510462453,6.538181818181818,0.047942356959567445,0.09143124463789898,0.17876541417574046,0.08,0,0.18066845342699805,0.25296813762504117,3.3512023406946594,0.9758855551462773,0.0,0.8636363636363636,0.0,0.0,0.0,0.2595884713919135,0.2595884713919135
247,0.9797476214374028,0.47106357922508635,0.9567067834776192,0.4689092913503586,0.24899929058488912,0.4707201604820395,0.8872727272727273,0.4054099745890403,0.41033172734311807,0.11636363636363636,0.6971428571428572,0.3857192189970275,0.39793105660985834,0.09142857142857143,0.05142857142857143,0.05714285714285714,0.21428571428571427,8.948571428571428,0.014545454545454545,0.0,0.03471815609562679,0.13687439002595692,6.538181818181818,0.04650408625078042,0.08881394640373375,0.17790245175046823,0.08,0,0.18039084039211298,0.25170329693691595,3.3413211510236236,0.9563678440433516,0.0,1.0,0.0,0.0,0.0,0.2593008172501561,0.2593008172501561
248,0.9796931476048183,0.4707642383180218,0.9566639826091601,0.4688224801108903,0.24899929058488912,0.4703836980179995,0.8945454545454545,0.4055554291344948,0.41044081825220896,0.11636363636363636,0.7028571428571428,0.3858335047113133,0.39801677089557264,0.09142857142857143,0.06,0.06571428571428571,0.21428571428571427,8.971428571428572,0.014545454545454545,0.0,0.034897379845489754,0.1367271487996493,6.538181818181818,0.04510896366325701,0.08626796360781619,0.1770653781979542,0.08,0,0.18071319963338392,0.2504447804522314,3.3402090137174367,0.9606045766937934,0.0,0.9565217391304348,0.0,0.0,0.0,0.2590217927326514,0.2590217927326514
249,0.9801347134934657,0.47040339354208804,0.9570109272359543,0.4683241853484979,0.24899929058488912,0.4700718885655855,0.8909090909090909,0.4055554291344948,0.41044081825220896,0.11636363636363636,0.7,0.3858335047113133,0.39801677089557264,0.09142857142857143,0.05714285714285714,0.06571428571428571,0.21428571428571427,8.98,0.014545454545454545,0.0,0.03507296229050884,0.13658432481013094,6.538181818181818,0.043755694753359296,0.08379156357069062,0.17625341685201557,0.08,0,0.18040892006378845,0.24919255654997025,3.3391191191573735,0.9413924851599176,0.0,1.0,0.0,0.0,0.0,0.25875113895067187,0.25875113895067187
250,0.9799793394864371,0.4704731976359668,0.9568888476590033,0.46846036200118657,0.24899929058488912,0.46955922790086585,0.8690909090909091,0.4055554291344948,0.41044081825220896,0.11636363636363636,0.6828571428571428,0.3858335047113133,0.39801677089557264,0.09142857142857143,0.05714285714285714,0.07428571428571429,0.21428571428571427,8.997142857142856,0.014545454545454545,0.0,0.03524492166037715,0.13644578554029813,6.538181818181818,0.042443023910758514,0.08138304315905875,0.1754658143464551,0.08,0,0.18010516830277307,0.2479465937672204,3.34662245105994,0.9225646354567192,0.0,1.0,0.0,0.0,0.0,0.2584886047821517,0.2584886047821517
251,0.9805641960667529,0.46964502389852,0.956765640536382,0.4681374981603433,0.24899929058488912,0.4689665427859507,0.8868613138686131,0.40489120780062576,0.4096574304681814,0.11678832116788321,0.6942857142857143,0.38589064756845604,0.3980596280384297,0.09142857142857143,0.045714285714285714,0.05714285714285714,0.21714285714285714,9.01142857142857,0.010948905109489052,0.002857142857142857,0.035453802270518475,0.13631140244856033,6.4963503649635035,0.04116973319343576,0.07904072909029669,0.17470183991606145,0.08029197080291971,0,0.18008992817554492,0.25194145442252514,3.3368328591815986,0.9068777774956118,0.0,0.95,0.0,0.0,0.0,0.25823394663868715,0.25823394663868715
252,0.9810045611787177,0.46820835955865997,0.9571103835097486,0.4675757676138511,0.24899929058488912,0.46843488646553505,0.9051094890510949,0.4049642005013557,0.4097121749937289,0.11678832116788321,0.7085714285714285,0.38594779042559896,0.3981024851812869,0.09142857142857143,0.05714285714285714,0.06571428571428571,0.21714285714285714,9.04,0.010948905109489052,0.0,0.03563506234727444,0.13618105084957463,6.4963503649635035,0.03993464119763269,0.07676297816864242,0.17396078471857962,0.08029197080291971,0,0.18021705067752433,0.25068174715041247,3.335810487712252,0.8987059676952935,0.0,0.9565217391304348,0.0,0.0,0.0,0.2579869282395265,0.2579869282395265
253,0.9801174858990833,0.4682677695423992,0.9564159302908349,0.4676935457519592,0.24899929058488912,0.46775773274736027,0.864963503649635,0.4049642005013557,0.4097121749937289,0.11678832116788321,0.6771428571428572,0.38594779042559896,0.3981024851812869,0.09142857142857143,0.037142857142857144,0.04857142857142857,0.21714285714285714,9.051428571428572,0.010948905109489052,0.0,0.035796787289116096,0.13605460979855843,6.4963503649635035,0.038736601961703705,0.07454817745769149,0.17324196117702223,0.08029197080291971,0,0.17980039756342242,0.24942833841466042,3.3176657065294357,0.8807318483413876,0.0,1.0,0.0,0.0,0.0,0.2577473203923407,0.2577473203923407
254,0.980696810970309,0.4676984127031926,0.9568694590608803,0.4668959142838305,0.24899929058488912,0.46716757372635254,0.9233576642335767,0.4051101859028155,0.4098216640448238,0.11678832116788321,0.7228571428571429,0.38606207613988464,0.3981881994670011,0.09142857142857143,0.03428571428571429,0.04,0.21714285714285714,9.077142857142857,0.010948905109489052,0.0,0.035954985866592085,0.13593196197907284,6.4963503649635035,0.03757450390285259,0.07239474439361815,0.17254470234171154,0.08029197080291971,0,0.1796725384327482,0.24818119672258712,3.291312392398847,0.8721399972899381,0.0,0.9285714285714286,0.0,0.0,0.0,0.25751490078057054,0.25751490078057054
255,0.981607167424324,0.4685114797586434,0.9575821381134518,0.4673678730590377,0.24899929058488912,0.4666630290549314,0.8686131386861314,0.4052561713042753,0.40993115309591865,0.11678832116788321,0.68,0.3861763618541703,0.3982739137527155,0.09142857142857143,0.04,0.04,0.21714285714285714,9.105714285714285,0.014598540145985401,0.0,0.036109692932545526,0.13581299359417176,6.4963503649635035,0.03644726878576701,0.07030112684332634,0.1718683612714602,0.08029197080291971,0,0.17980046645129874,0.25891820266235793,3.26548614455087,0.8685549699676768,0.0,0.9285714285714286,0.0,0.0,0.0,0.2572894537571534,0.2572894537571534
256,0.9841829715199787,0.4681009751929485,0.959598624748336,0.46717698613093606,0.24899929058488912,0.4661795053090093,0.8686131386861314,0.4054021567057352,0.4100406421470135,0.11678832116788321,0.68,0.38629064756845605,0.39835962803842967,0.09142857142857143,0.05142857142857143,0.06,0.21714285714285714,9.125714285714286,0.014598540145985401,0.0,0.036260945852100504,0.13569759426081773,6.4963503649635035,0.035353850722194,0.06826580311152597,0.1712123104333164,0.08029197080291971,0,0.17995703769047078,0.2576236116490461,3.2601764216598523,0.8570652019344761,0.0,0.9523809523809523,0.0,0.0,0.0,0.2570707701444388,0.2570707701444388
257,0.9843388581991133,0.4683314552637389,0.9596025598084046,0.46707392593894076,0.24899929058488912,0.46583366144306937,0.8681318681318682,0.40533216671388567,0.4110452768480699,0.11721611721611722,0.6771428571428572,0.3864049332827418,0.39844534232414397,0.09142857142857143,0.04857142857142857,0.054285714285714284,0.22,9.14,0.01098901098901099,0.002857142857142857,0.03648464647886502,0.13558565690746427,6.344322344322344,0.034293235200528176,0.06628728190052913,0.1705759411203169,0.08058608058608059,0,0.179942111073447,0.25983758493689,3.2492586075123695,0.8692907077735352,0.0,0.9473684210526315,0.0,0.0,0.0,0.25685864704010564,0.25685864704010564
258,0.9830689491837186,0.46947376647000055,0.9586120307763969,0.4678795164888085,0.24899929058488912,0.4655093750688424,0.8937728937728938,0.40533216671388567,0.4110452768480699,0.11721611721611722,0.6971428571428572,0.3864049332827418,0.39844534232414397,0.09142857142857143,0.04285714285714286,0.04285714285714286,0.22,9.165714285714285,0.01098901098901099,0.0,0.036703075770647096,0.13547707767471145,6.344322344322344,0.033264438144512326,0.06436410222636424,0.16995866288670738,0.08058608058608059,0,0.17941311551807979,0.2585383970122056,3.2271305782192647,0.8519048936180645,0.0,1.0,0.0,0.0,0.0,0.2566528876289025,0.2566528876289025
259,0.983337964364298,0.4706915220426693,0.9588218626172487,0.46910296883514363,0.24899929058488912,0.4652234982705219,0.8864468864468864,0.40533216671388567,0.4110452768480699,0.11721611721611722,0.6914285714285714,0.3864049332827418,0.39844534232414397,0.09142857142857143,0.045714285714285714,0.045714285714285714,0.22,9.182857142857143,0.01098901098901099,0.0,0.03684532814102145,0.13537175581894126,6.344322344322344,0.03226650500017696,0.06249483329462158,0.16935990300010617,0.08058608058608059,0,0.17908280469148688,0.25724570502714456,3.208302252369165,0.8348667957457033,0.0,1.0,0.0,0.0,0.0,0.2564533010000354,0.2564533010000354
260,0.9823160928565795,0.47190595537867386,0.9580248028412283,0.4703191733843576,0.24899929058488912,0.464914420880866,0.8644688644688645,0.40533216671388567,0.4110452768480699,0.11721611721611722,0.6742857142857143,0.3864049332827418,0.39844534232414397,0.09142857142857143,0.05142857142857143,0.05142857142857143,0.22,9.197142857142858,0.01098901098901099,0.0,0.03698426892902369,0.13526959361884416,6.344322344322344,0.031298509850171644,0.06067807433925587,0.16877910591010298,0.08058608058608059,0,0.17870024923945801,0.25595947650200884,3.195564778750353,0.8181694598307891,0.0,1.0,0.0,0.0,0.0,0.25625970197003434,0.25625970197003434
261,0.9815234814412033,0.4707102090900537,0.9574065659372348,0.4696886393906178,0.24899929058488912,0.46468017222724456,0.8864468864468864,0.40533216671388567,0.4110452768480699,0.11721611721611722,0.6914285714285714,0.3864049332827418,0.39844534232414397,0.09142857142857143,0.06285714285714286,0.06571428571428571,0.22,9.217142857142857,0.01098901098901099,0.0,0.037119945304709745,0.13517049628474997,6.344322344322344,0.030359554554666494,0.058912454427401895,0.16821573273279988,0.08058608058608059,0,0.17851705506481422,0.25467967911949874,3.1973677688896323,0.8018060706341733,0.0,1.0,0.0,0.0,0.0,0.2560719109109333,0.2560719109109333
262,0.9802346460790871,0.46966104166176176,0.9564012743547843,0.46911060909478564,0.24899929058488912,0.46439577985373776,0.8681318681318682,0.40533216671388567,0.4110452768480699,0.11721611721611722,0.6771428571428572,0.3864049332827418,0.39844534232414397,0.09142857142857143,0.045714285714285714,0.04857142857142857,0.22,9.234285714285715,0.014652014652014652,0.0,0.03725240573374844,0.13507437187067858,6.344322344322344,0.0294487679180265,0.05719663223308802,0.1676692607508159,0.08058608058608059,0,0.17810947050377587,0.25340628072390126,3.1819918420832685,0.7857699492214899,0.0,1.0,0.0,0.0,0.0,0.25588975358360533,0.25588975358360533
263,0.9821623937341145,0.46945406025470227,0.9579049175257056,0.4688269631611355,0.24899929058488912,0.46410399527660595,0.9120879120879121,0.4054054267871457,0.41110022190301493,0.11721611721611722,0.7114285714285714,0.3864620761398846,0.39848819946700115,0.09142857142857143,0.05714285714285714,0.05714285714285714,0.22,9.257142857142858,0.014652014652014652,0.0,0.03738169981031044,0.1349811311890293,6.344322344322344,0.028565304880485705,0.05552929578256993,0.1671391829282914,0.08058608058608059,0,0.17813206886197125,0.25213924932028176,3.1754948623844594,0.8575602058084475,0.0,0.95,0.0,0.0,0.0,0.25571306097609714,0.25571306097609714
264,0.9828223960731169,0.46838461144461935,0.9584197193501276,0.46824068812153563,0.24899929058488912,0.46383909574374077,0.8461538461538461,0.40547868686040583,0.41115516695796,0.11721611721611722,0.66,0.3865192189970274,0.39853105660985827,0.09142857142857143,0.04,0.04285714285714286,0.22,9.265714285714285,0.014652014652014652,0.0,0.037507878099842774,0.13489068772782953,6.344322344322344,0.027708345734071133,0.05390916217385344,0.16662500744044267,0.08058608058608059,0,0.17806955137480426,0.25087855307368034,3.154842107993913,0.8462189936280556,0.0,0.9333333333333333,0.0,0.0,0.0,0.2555416691468142,0.2555416691468142
265,0.9829987055229659,0.46814117752860623,0.9585572407210098,0.468097022926389,0.24899929058488912,0.4635345361638349,0.8498168498168498,0.40562520700692595,0.4112650570678501,0.11721611721611722,0.6628571428571428,0.3866335047113132,0.39861677089557257,0.09142857142857143,0.06857142857142857,0.07142857142857142,0.22,9.26,0.014652014652014652,0.0,0.03763099199136892,0.13480295757046576,6.344322344322344,0.026877095362049,0.052334977272824657,0.1661262572172294,0.08058608058608059,0,0.178234635757216,0.24962416030831194,3.163173837262607,0.8413658201621416,0.0,0.96,0.0,0.0,0.0,0.2553754190724098,0.2553754190724098
266,0.9850290763530041,0.4677576832898061,0.9601409299684396,0.46796275225357364,0.24899929058488912,0.46313066293040245,0.8864468864468864,0.40577172715344606,0.4113749471777402,0.11721611721611722,0.6914285714285714,0.38674779042559887,0.39870248518128687,0.09142857142857143,0.06,0.06285714285714286,0.22,9.285714285714286,0.018315018315018316,0.0,0.03775109355895164,0.1347178593178229,6.344322344322344,0.026070782501187526,0.05080551538826483,0.1656424695007125,0.08058608058608059,0,0.178657034721287,0.2483760395067704,3.162767503374497,0.8934892602121594,0.0,0.9090909090909091,0.0,0.0,0.0,0.2552141565002375,0.2552141565002375
267,0.9842104381795674,0.46722576989661807,0.9595023921931589,0.46748503413014597,0.24899929058488912,0.4627918097038915,0.9194139194139194,0.40577172715344606,0.4113749471777402,0.11721611721611722,0.7171428571428572,0.38674779042559887,0.39870248518128687,0.09142857142857143,0.054285714285714284,0.054285714285714284,0.22,9.297142857142857,0.018315018315018316,0.0,0.037868235431954084,0.13463531401275933,6.344322344322344,0.025288659026151898,0.04931957892788941,0.16517319541569114,0.08058608058608059,0,0.17830589240482345,0.24713415930923652,3.153797867592722,0.8756194750079161,0.0,1.0,0.0,0.0,0.0,0.2550577318052304,0.2550577318052304
268,0.9830662970275867,0.46716136485409254,0.958609962094614,0.4673464502194489,0.24899929058488912,0.4623567159021504,0.8827838827838828,0.40584498722670614,0.4114298922326853,0.11721611721611722,0.6885714285714286,0.38680493328274174,0.39874534232414394,0.09142857142857143,0.04857142857142857,0.05142857142857143,0.22,9.297142857142857,0.018315018315018316,0.0,0.03798247067373534,0.13455524506684768,6.344322344322344,0.024529999255367342,0.04787599803742004,0.1647179995532204,0.08058608058608059,0,0.178242648657085,0.24589848851269036,3.142150481669438,0.8782206460231022,0.0,0.9444444444444444,0.0,0.0,0.0,0.2549059998510735,0.2549059998510735
269,0.9823855277244372,0.46703844351687546,0.9580251432690706,0.46730365409673025,0.24899929058488912,0.4618082399620938,0.8823529411764706,0.4062776847887774,0.4116921112921183,0.11764705882352941,0.6857142857142857,0.38680493328274174,0.39874534232414394,0.09142857142857143,0.04,0.045714285714285714,0.22285714285714286,9.331428571428571,0.014705882352941176,0.002857142857142857,0.03808162797332246,0.13447757818931336,6.338235294117647,0.023794099277706322,0.04647363022457851,0.1642764595666238,0.08088235294117647,0,0.17772257827094246,0.2446689960701269,3.125021757750335,0.8606562331026402,0.0,1.0,0.0,0.0,0.0,0.2547588198555413,0.2547588198555413
270,0.9830620261156711,0.46686164183142376,0.9585508791616867,0.4667744262774449,0.24899929058488912,0.46133659812021305,0.875,0.4062776847887774,0.4116921112921183,0.11764705882352941,0.68,0.38680493328274174,0.39874534232414394,0.09142857142857143,0.06571428571428571,0.06571428571428571,0.22285714285714286,9.342857142857143,0.014705882352941176,0.0,0.03821759109536637,0.13440224131810508,6.338235294117647,0.023080276299375133,0.045111359969765674,0.16384816577962508,0.08088235294117647,0,0.17746054109030204,0.24344565108977625,3.128235608309615,0.8434431084405873,0.0,1.0,0.0,0.0,0.0,0.254616055259875,0.254616055259875
271,0.9824578840889948,0.46768892517415245,0.9580813745009553,0.4672488933990512,0.24899929058488912,0.4609708254181504,0.8713235294117647,0.4062776847887774,0.4116921112921183,0.11764705882352941,0.6771428571428572,0.38680493328274174,0.39874534232414394,0.09142857142857143,0.04857142857142857,0.04857142857142857,0.22285714285714286,9.36,0.014705882352941176,0.0,0.03832349098350298,0.13432916455303304,6.338235294117647,0.02238786801039388,0.04378809832508257,0.16343272080623633,0.08088235294117647,0,0.17694452409913622,0.24222842283432738,3.11424232471485,0.8265742462717757,0.0,1.0,0.0,0.0,0.0,0.2544775736020788,0.2544775736020788
272,0.9808668347405118,0.4666596927014384,0.9566715623956543,0.46633432913037737,0.24899929058488912,0.46061503257755954,0.8597785977859779,0.405043466318545,0.4110452163048286,0.11439114391143912,0.6657142857142857,0.38691921899702747,0.39883105660985824,0.09142857142857143,0.037142857142857144,0.04857142857142857,0.2257142857142857,9.374285714285714,0.01107011070110701,0.002857142857142857,0.03848091504760047,0.13425828009091315,6.228782287822878,0.021716231970082062,0.04250278250323991,0.16302973918204924,0.08118081180811808,0,0.17697294718935483,0.24101728072015577,3.1005289067919817,0.8524992736482793,0.0,0.9411764705882353,0.0,0.0,0.0,0.2543432463940164,0.2543432463940164
273,0.9814453666779047,0.46645807742950335,0.9571195114100356,0.46572674673146774,0.24899929058488912,0.46006008914454244,0.8819188191881919,0.405043466318545,0.4110452163048286,0.11439114391143912,0.6828571428571428,0.38691921899702747,0.39883105660985824,0.09142857142857143,0.06,0.06,0.2257142857142857,9.377142857142857,0.01107011070110701,0.0,0.0386587811657033,0.13418952216265687,6.228782287822878,0.0210647450109796,0.04125437545780075,0.16263884700658776,0.08118081180811808,0,0.1765440853069795,0.23981219431655498,3.098518328656142,0.8354492881753136,0.0,1.0,0.0,0.0,0.0,0.25421294900219593,0.25421294900219593
274,0.9808920353213494,0.46551079847903787,0.9566910748453884,0.46527951705820964,0.24899929058488912,0.4595331253767721,0.9003690036900369,0.405043466318545,0.4110452163048286,0.11439114391143912,0.6971428571428572,0.38691921899702747,0.39883105660985824,0.09142857142857143,0.04285714285714286,0.04285714285714286,0.2257142857142857,9.38,0.01107011070110701,0.0,0.03875735862023456,0.13412282697224828,6.228782287822878,0.02043280266065021,0.040041865456103776,0.16225968159639012,0.08118081180811808,0,0.17600393630901603,0.23861313334497222,3.079405104940162,0.8187403024118074,0.0,1.0,0.0,0.0,0.0,0.25408656053213,0.25408656053213
275,0.9804335682194673,0.46725255560240075,0.9563360903179312,0.4662649038079678,0.24899929058488912,0.4590536190649166,0.8819188191881919,0.405043466318545,0.4110452163048286,0.11439114391143912,0.6828571428571428,0.38691921899702747,0.39883105660985824,0.09142857142857143,0.04285714285714286,0.04285714285714286,0.2257142857142857,9.388571428571428,0.01107011070110701,0.0,0.03885338675146722,0.13405813263755198,6.228782287822878,0.019819818580830706,0.038864265646124774,0.16189189114849842,0.08118081180811808,0,0.17540934519889953,0.23742006767824736,3.060674145698501,0.8023654963635712,0.0,1.0,0.0,0.0,0.0,0.25396396371616614,0.25396396371616614
276,0.9811352685910828,0.4655223064562607,0.956879406891382,0.465198761482627,0.24899929058488912,0.4587018829775656,0.8966789667896679,0.4051910677945597,0.4111559174118397,0.11439114391143912,0.6942857142857143,0.38703350471131315,0.39891677089557254,0.09142857142857143,0.04,0.04285714285714286,0.2257142857142857,9.394285714285715,0.01107011070110701,0.0,0.03894691903796856,0.13399537913289647,6.228782287822878,0.019225224023405783,0.037720613618443255,0.16153513441404346,0.08118081180811808,0,0.17541715633004787,0.23623296733985613,3.0423178056416744,0.8016886588819897,0.0,0.9333333333333333,0.0,0.0,0.0,0.2538450448046812,0.2538450448046812
277,0.9809729434919257,0.46449980137109415,0.9567537208860348,0.4644261111771654,0.24899929058488912,0.4582569502939743,0.8892988929889298,0.4051910677945597,0.4111559174118397,0.11439114391143912,0.6885714285714286,0.38703350471131315,0.39891677089557254,0.09142857142857143,0.03428571428571429,0.037142857142857144,0.2257142857142857,9.40857142857143,0.01107011070110701,0.0,0.03903800861668726,0.1339345082333807,6.228782287822878,0.01864846730270361,0.036609970964401994,0.16118908038162216,0.08118081180811808,0,0.17499522124484404,0.23505180250315685,3.0186143066716977,0.7856548857043499,0.0,1.0,0.0,0.0,0.0,0.2537296934605407,0.2537296934605407
278,0.9807544883794169,0.46392101489788923,0.9561914440073286,0.4637474446737434,0.24899929058488912,0.45766174601922727,0.8962962962962963,0.40500084364438077,0.4110767471545584,0.11481481481481481,0.6914285714285714,0.38703350471131315,0.39891677089557254,0.09142857142857143,0.05142857142857143,0.05714285714285714,0.22857142857142856,9.402857142857142,0.007407407407407408,0.002857142857142857,0.03916713211643418,0.13387546346085039,6.140740740740741,0.0180890132836225,0.03553142283146549,0.1608534079701735,0.08148148148148149,0,0.17474597365658404,0.23387654349064105,3.015384877681121,0.7699417879902629,0.0,1.0,0.0,0.0,0.0,0.2536178026567245,0.2536178026567245
279,0.9800123783973925,0.4642390979819388,0.9556189591640526,0.4637026654933984,0.24899929058488912,0.4570550022242888,0.8629629629629629,0.40500084364438077,0.4110767471545584,0.11481481481481481,0.6657142857142857,0.38703350471131315,0.39891677089557254,0.09142857142857143,0.05714285714285714,0.05714285714285714,0.22857142857142856,9.425714285714285,0.011111111111111112,0.0,0.03932629812857801,0.13381819003149603,6.140740740740741,0.017546342885113825,0.03448407747671345,0.16052780573106828,0.08148148148148149,0,0.17430038664544395,0.23270716077318784,3.012220037270356,0.7545429522304576,0.0,1.0,0.0,0.0,0.0,0.2535092685770228,0.2535092685770228
280,0.9806894899529481,0.46389508698667603,0.9561413023640523,0.4634843194542517,0.24899929058488912,0.45641997720975974,0.8851851851851852,0.40500084364438077,0.4110767471545584,0.11481481481481481,0.6828571428571428,0.38703350471131315,0.39891677089557254,0.09142857142857143,0.04285714285714286,0.04285714285714286,0.22857142857142856,9.42,0.011111111111111112,0.0,0.03941079350944511,0.13376263480502223,6.140740740740741,0.01701995259856041,0.03346706581933134,0.16021197155913625,0.08148148148148149,0,0.1739665156930307,0.2315436249693219,2.9948327793820915,0.7394520931858485,0.0,1.0,0.0,0.0,0.0,0.2534039905197121,0.2534039905197121
281,0.9810778552357179,0.46383022901660176,0.9564408984393319,0.4637091716527486,0.24899929058488912,0.455734090917527,0.8518518518518519,0.40500084364438077,0.4110767471545584,0.11481481481481481,0.6571428571428571,0.38703350471131315,0.39891677089557254,0.09142857142857143,0.04,0.04857142857142857,0.22857142857142856,9.44,0.014814814814814815,0.0,0.03949304273407944,0.1337087462353427,6.140740740740741,0.0165093540206036,0.03247954099289663,0.15990561241236215,0.08148148148148149,0,0.17398154097170843,0.2303859068444753,2.9835075523658783,0.7246630513221315,0.0,0.9411764705882353,0.0,0.0,0.0,0.2533018708041207,0.2533018708041207
282,0.9816679823374854,0.46345116028069877,0.9569485165397311,0.46342299684067817,0.24899929058488912,0.4551082353314852,0.9033457249070632,0.40616928723583806,0.41259191675810203,0.11524163568773234,0.6942857142857143,0.3870906475684561,0.3989596280384297,0.09142857142857143,0.045714285714285714,0.045714285714285714,0.23142857142857143,9.445714285714285,0.011152416356877323,0.002857142857142857,0.03958760544215562,0.13365647432275354,6.118959107806692,0.01601407339998549,0.03152067789819646,0.15960844403999128,0.08178438661710037,0,0.1739959225489927,0.25172395433246275,2.969551687032846,0.7197541311293093,0.0,0.9375,0.0,0.0,0.0,0.2532028146799971,0.2532028146799971
283,0.9821049314177787,0.46365774687664635,0.957284343118585,0.46359438328352437,0.24899929058488912,0.4546678118835815,0.8847583643122676,0.40616928723583806,0.41259191675810203,0.11524163568773234,0.68,0.3870906475684561,0.3989596280384297,0.09142857142857143,0.04285714285714286,0.04285714285714286,0.23142857142857143,9.462857142857143,0.011152416356877323,0.0,0.03968664325942218,0.133605770567542,6.118959107806692,0.015533651197985924,0.030589672757253217,0.15932019071879155,0.08178438661710037,0,0.1735538007933906,0.25046533456080045,2.9530177961493322,0.7053590485067232,0.0,1.0,0.0,0.0,0.0,0.2531067302395972,0.2531067302395972
284,0.9815542862111194,0.462985881611111,0.9568611329454669,0.46317072724920777,0.24899929058488912,0.454374029091,0.8996282527881041,0.40616928723583806,0.41259191675810203,0.11524163568773234,0.6914285714285714,0.3870906475684561,0.3989596280384297,0.09142857142857143,0.02857142857142857,0.03142857142857143,0.23142857142857143,9.457142857142857,0.01486988847583643,0.0,0.03976257032851152,0.13355658792498692,6.118959107806692,0.015067641662046346,0.02968574266917945,0.1590405849972278,0.08178438661710037,0,0.17302831821799508,0.24921300788799647,2.9253860116549166,0.6912518675365886,0.0,1.0,0.0,0.0,0.0,0.25301352833240925,0.25301352833240925
285,0.9819393885859744,0.4633508062463257,0.9571571116278554,0.4633270774457741,0.24899929058488912,0.45417515301878164,0.9107806691449815,0.40631798612059644,0.4127034409216708,0.11524163568773234,0.7,0.3872049332827418,0.399045342324144,0.09142857142857143,0.04,0.04285714285714286,0.23142857142857143,9.474285714285715,0.01486988847583643,0.0,0.03983644814354088,0.1335088807617084,6.118959107806692,0.014615612412184955,0.028808125168431453,0.15876936744731096,0.08178438661710037,0,0.17287731948404797,0.24796694284855647,2.9097354342789616,0.6954986425307791,0.0,0.9333333333333333,0.0,0.0,0.0,0.252923122482437,0.252923122482437
286,0.9814338052748051,0.4624814204892603,0.9566093435296511,0.4629119260669219,0.24899929058488912,0.45399529154498824,0.917910447761194,0.40666751572602083,0.4138101683071002,0.11567164179104478,0.7028571428571428,0.3872620761398846,0.3990881994670012,0.09142857142857143,0.037142857142857144,0.037142857142857144,0.2342857142857143,9.491428571428571,0.011194029850746268,0.002857142857142857,0.039911387240033104,0.13346260481332828,6.104477611940299,0.014177144039819406,0.027956077785981637,0.15850628642389164,0.08208955223880597,0,0.17295309069030618,0.2467271081343137,2.888683582736239,0.6980554992128033,0.0,0.9230769230769231,0.0,0.0,0.0,0.2528354288079639,0.2528354288079639
287,0.9826556441481257,0.46251068699804904,0.957544923009794,0.4626593922423737,0.24899929058488912,0.45374291676081624,0.8768656716417911,0.40666751572602083,0.4138101683071002,0.11567164179104478,0.6714285714285714,0.3872620761398846,0.3990881994670012,0.09142857142857143,0.06,0.06,0.2342857142857143,9.5,0.011194029850746268,0.0,0.03999351442567779,0.13341771714339948,6.104477611940299,0.013751829718624823,0.027128877613884494,0.1582510978311749,0.07835820895522388,0,0.17282705946196172,0.24549347259364213,2.8909099110815144,0.6840943892285473,0.0,1.0,0.0,0.0,0.0,0.25275036594372496,0.25275036594372496
288,0.9812486770655324,0.4623425280868347,0.9564675882151225,0.4625609557316269,0.24899929058488912,0.45363041046968616,0.8656716417910447,0.40674214259169245,0.4138661384563539,0.11567164179104478,0.6628571428571428,0.3873192189970275,0.3991310566098583,0.09142857142857143,0.037142857142857144,0.037142857142857144,0.2342857142857143,9.517142857142858,0.011194029850746268,0.0,0.040061575856601826,0.13337417610356864,6.104477611940299,0.013339274827066079,0.026325820873665307,0.15800356489623965,0.07835820895522388,0,0.1727893669683304,0.2442660052306739,2.8702345700027414,0.6984677138387678,0.0,0.9230769230769231,0.0,0.0,0.0,0.2526678549654132,0.2526678549654132
289,0.9804815483458417,0.4617018939757585,0.9558801867954735,0.46174127308016744,0.24899929058488912,0.4535437773670469,0.9067164179104478,0.40674214259169245,0.4138661384563539,0.11567164179104478,0.6942857142857143,0.3873192189970275,0.3991310566098583,0.09142857142857143,0.037142857142857144,0.037142857142857144,0.2342857142857143,9.528571428571428,0.011194029850746268,0.0,0.04012777608576125,0.13333194129493273,6.104477611940299,0.012939096582254096,0.025546222488924686,0.15776345794935245,0.07835820895522388,0,0.17235299299063161,0.24304467520452055,2.849972735745543,0.6844983595619925,0.0,1.0,0.0,0.0,0.0,0.2525878193164508,0.2525878193164508
290,0.9793039963177698,0.4608492258337827,0.9549785183854071,0.4610320366205128,0.24899929058488912,0.4535214233418435,0.8843283582089553,0.4068913963230358,0.41397807875486137,0.11567164179104478,0.6771428571428572,0.38743350471131327,0.39921677089557256,0.09142857142857143,0.04857142857142857,0.04857142857142857,0.2342857142857143,9.537142857142857,0.011194029850746268,0.0,0.04019216058430696,0.13329097353055583,6.104477611940299,0.012550923684786473,0.02478941566250792,0.15753055421087186,0.07835820895522388,0,0.1723188008828213,0.24182945182849794,2.8415447096020605,0.6987399345213849,0.0,0.9411764705882353,0.0,0.0,0.0,0.2525101847369573,0.2525101847369573
291,0.9795822570093655,0.4605606101129447,0.9551915865721146,0.46048707099408465,0.24899929058488912,0.453373269685885,0.917910447761194,0.4068913963230358,0.41397807875486137,0.11567164179104478,0.7028571428571428,0.38743350471131327,0.39921677089557256,0.09142857142857143,0.04285714285714286,0.045714285714285714,0.2342857142857143,9.534285714285714,0.007462686567164179,0.0,0.04025477404471324,0.1332512347991103,6.104477611940299,0.012174395974242878,0.024054751458558843,0.15730463758454571,0.07835820895522388,0,0.17197006758912148,0.24062030456935543,2.8304281011243053,0.6847651358309573,0.0,1.0,0.0,0.0,0.0,0.2524348791948486,0.2524348791948486
292,0.9796455664793261,0.4605630728069314,0.9552400635376843,0.4606725122555149,0.24899929058488912,0.45327356835245963,0.8843283582089553,0.4069660231887074,0.41403404890411516,0.11567164179104478,0.6771428571428572,0.3874906475684561,0.39925962803842974,0.09142857142857143,0.05142857142857143,0.05142857142857143,0.2342857142857143,9.551428571428572,0.0037313432835820895,0.0,0.040315660371897544,0.13321268822960808,6.104477611940299,0.011809164095015591,0.02334159838973804,0.15708549845700934,0.07835820895522388,0,0.17190978939403304,0.23941720304650865,2.825248110530391,0.704383698872023,0.0,0.9444444444444444,0.0,0.0,0.0,0.2523618328190031,0.2523618328190031
293,0.9795711574601739,0.4612378717736481,0.9551830874887336,0.4612482149915585,0.24899929058488912,0.453061471287072,0.8843283582089553,0.4069660231887074,0.41403404890411516,0.11567164179104478,0.6771428571428572,0.3874906475684561,0.39925962803842974,0.09142857142857143,0.04,0.04285714285714286,0.2342857142857143,9.537142857142857,0.007462686567164179,0.0,0.04037486267630715,0.13317529805719094,6.104477611940299,0.011454889172165124,0.022649342009860907,0.15687293350329906,0.07835820895522388,0,0.1715615432471699,0.2382201170312761,2.8116002911769256,0.6902960248945825,0.0,1.0,0.0,0.0,0.0,0.25229097783443305,0.25229097783443305
294,0.9796902037326317,0.46129081338185446,0.9552742429202156,0.4614444175226499,0.24899929058488912,0.4528246438935509,0.8880597014925373,0.4069660231887074,0.41403404890411516,0.11567164179104478,0.68,0.3874906475684561,0.39925962803842974,0.09142857142857143,0.04285714285714286,0.045714285714285714,0.2342857142857143,9.537142857142857,0.011194029850746268,0.0,0.0404324232688306,0.13313902958994636,6.104477611940299,0.011111242497000169,0.021977384512174902,0.1566667454982001,0.07835820895522388,0,0.17121687981664835,0.2370290164461197,2.8010825710676728,0.6764901043966909,0.0,1.0,0.0,0.0,0.0,0.25222224849940006,0.25222224849940006
295,0.979294750665343,0.4609344655386011,0.9549714388572631,0.4609214319900632,0.24899929058488912,0.4525868499529285,0.8955223880597015,0.40704065005437906,0.41409001905336884,0.11567164179104478,0.6857142857142857,0.38754779042559895,0.39930248518128686,0.09142857142857143,0.04285714285714286,0.04285714285714286,0.2342857142857143,9.542857142857143,0.007462686567164179,0.0,0.040488383657400234,0.13310384917671905,6.104477611940299,0.010777905222090163,0.021325144333474655,0.1564667431332541,0.07835820895522388,0,0.17132938179267215,0.23584387136388912,2.7879180625034623,0.6857316049123372,0.0,0.9333333333333333,0.0,0.0,0.0,0.25215558104441804,0.25215558104441804
296,0.979137947738832,0.4619098495100935,0.9545301580002994,0.4613330116914024,0.24899929058488912,0.45240305134049996,0.8913857677902621,0.4058314011798376,0.41445286780849744,0.11610486891385768,0.68,0.38754779042559895,0.39930248518128686,0.09142857142857143,0.04,0.04,0.23714285714285716,9.554285714285715,0.003745318352059925,0.002857142857142857,0.04053031274443592,0.1330697241758886,6.097378277153558,0.010454568065427458,0.020692055764222284,0.15627274083925646,0.07865168539325842,0,0.17084359202656593,0.23466465200706965,2.772159701253393,0.6720169728140905,0.0,1.0,0.0,0.0,0.0,0.2520909136130855,0.2520909136130855
297,0.9811692736460741,0.46062057809236995,0.9560797694781099,0.4602296547322173,0.24899929058488912,0.4524066487130208,0.8576779026217228,0.4058314011798376,0.41445286780849744,0.11610486891385768,0.6542857142857142,0.38754779042559895,0.39930248518128686,0.09142857142857143,0.04285714285714286,0.04285714285714286,0.23714285714285716,9.554285714285715,0.003745318352059925,0.0,0.04060136668092621,0.13303662292508303,6.097378277153558,0.010140931023464634,0.02007756856482179,0.15608455861407877,0.07865168539325842,0,0.17044551763786167,0.23349132874703432,2.759573650085468,0.6585766333578086,0.0,1.0,0.0,0.0,0.0,0.2520281862046929,0.2520281862046929
298,0.9797395551358214,0.4598684539356492,0.9549890985002886,0.45983466581340005,0.24899929058488912,0.4522934374488671,0.8913857677902621,0.4058314011798376,0.41445286780849744,0.11610486891385768,0.68,0.38754779042559895,0.39930248518128686,0.09142857142857143,0.017142857142857144,0.017142857142857144,0.23714285714285716,9.548571428571428,0.003745318352059925,0.0,0.04065277851687904,0.13300451471180172,6.097378277153558,0.009836703092760694,0.019481147588170877,0.1559020218556564,0.07865168539325842,0,0.1698498621925295,0.23232387210329913,2.7215250342266155,0.6454051006906524,0.0,1.0,0.0,0.0,0.0,0.25196734061855214,0.25196734061855214
299,0.9799385706643928,0.46014372916200985,0.9551409189177988,0.4604127236599605,0.24899929058488912,0.4520079842056918,0.9101123595505618,0.40598121391392006,0.41456522735905926,0.11610486891385768,0.6942857142857143,0.3876620761398846,0.39938819946700116,0.09142857142857143,0.04285714285714286,0.04285714285714286,0.23714285714285716,9.56,0.003745318352059925,0.0,0.04070274781707611,0.13297336974491875,6.097378277153558,0.009541601999977873,0.018902272408594767,0.15572496119998672,0.07865168539325842,0,0.16988532788156688,0.23116225274278265,2.7099516763992257,0.6782241968068611,0.0,0.9333333333333333,0.0,0.0,0.0,0.25190832039999556,0.25190832039999556
300,0.9795899934562924,0.4585602930792123,0.954875004304762,0.4592904794456305,0.24899929058488912,0.45184192882176744,0.8876404494382022,0.4060561202809612,0.41462140713434015,0.11610486891385768,0.6771428571428572,0.38771921899702744,0.3994310566098583,0.09142857142857143,0.045714285714285714,0.045714285714285714,0.23714285714285716,9.56,0.003745318352059925,0.0,0.040751312083146134,0.13294315912704227,6.097378277153558,0.009255353939978537,0.01834043695724641,0.15555321236398711,0.07865168539325842,0,0.16989204552787332,0.23967918722820894,2.7014669285855266,0.7415825899296434,0.0,0.9375,0.0,0.0,0.0,0.25185107078799573,0.25185107078799573
301,0.9806918514739273,0.4584328782863689,0.9557155645639294,0.4590489403788434,0.24899929058488912,0.4514850726287245,0.8801498127340824,0.40620593301504365,0.41473376668490197,0.11610486891385768,0.6714285714285714,0.3878335047113132,0.3995167708955725,0.09142857142857143,0.037142857142857144,0.037142857142857144,0.23714285714285716,9.54,0.003745318352059925,0.0,0.04079850802204404,0.13291385482770218,6.097378277153558,0.00897769332177918,0.017795149164042123,0.1553866159930675,0.07865168539325842,0,0.1698681816041798,0.2393653756214375,2.684580447156674,0.7541408692522614,0.0,0.9230769230769231,0.0,0.0,0.0,0.25179553866435583,0.25179553866435583
302,0.9810478567544919,0.4598639377267442,0.9559871457351029,0.45997009420930646,0.24899929058488912,0.4512569161775956,0.9138576779026217,0.40620593301504365,0.41473376668490197,0.11610486891385768,0.6971428571428572,0.3878335047113132,0.3995167708955725,0.09142857142857143,0.045714285714285714,0.045714285714285714,0.23714285714285716,9.542857142857143,0.003745318352059925,0.0,0.040844371551315733,0.13288542965734218,6.097378277153558,0.008708362522125803,0.017265930606182978,0.15522501751327547,0.07865168539325842,0,0.1696444270712659,0.23816854874333032,2.6766031239278263,0.7390580518672162,0.0,1.0,0.0,0.0,0.0,0.25174167250442514,0.25174167250442514
303,0.9813866550505869,0.4588976371191315,0.956245600435267,0.45920544052108114,0.24899929058488912,0.4511913713830872,0.898876404494382,0.40620593301504365,0.41473376668490197,0.11610486891385768,0.6857142857142857,0.3878335047113132,0.3995167708955725,0.09142857142857143,0.04285714285714286,0.04285714285714286,0.23714285714285716,9.54,0.003745318352059925,0.0,0.04088893780522025,0.1328578572420931,6.097378277153558,0.008447111646462028,0.016752316163297643,0.1550682669878772,0.07865168539325842,0,0.16913891922162386,0.23697770599961365,2.6659282043064123,0.7242768908298718,0.0,1.0,0.0,0.0,0.0,0.2516894223292924,0.2516894223292924
304,0.9812078705270433,0.4592120135130328,0.9561092133844493,0.4593970248121572,0.24899929058488912,0.45112524310225943,0.9101123595505618,0.40628083938208487,0.41478994646018286,0.11610486891385768,0.6942857142857143,0.38789064756845604,0.39955962803842976,0.09142857142857143,0.03428571428571429,0.037142857142857144,0.23714285714285716,9.542857142857143,0.003745318352059925,0.0,0.04093224114163035,0.13283111199930137,6.097378277153558,0.008193698297068168,0.01625385367923049,0.1549162189782409,0.07865168539325842,0,0.1690643674826586,0.2357928174696156,2.6497524973631412,0.7173745703902806,0.0,0.9230769230769231,0.0,0.0,0.0,0.25163873965941363,0.25163873965941363
305,0.9815872924600533,0.4578296837627548,0.9563986581162024,0.45837927897406905,0.24899929058488912,0.4512044874384525,0.9176029962546817,0.40628083938208487,0.41478994646018286,0.11610486891385768,0.7,0.38789064756845604,0.39955962803842976,0.09142857142857143,0.022857142857142857,0.022857142857142857,0.23714285714285716,9.545714285714286,0.003745318352059925,0.0,0.04097431514963817,0.13280516911379345,6.097378277153558,0.007947887348156123,0.01577010363048381,0.15476873240889366,0.07865168539325842,0,0.16850447421667386,0.2346138533822675,2.619614590273021,0.703027078982475,0.0,1.0,0.0,0.0,0.0,0.25158957746963123,0.25158957746963123
306,0.9819825957636946,0.4572634967715624,0.9560362323250916,0.4576621827395916,0.24899929058488912,0.4510908721769427,0.9022556390977443,0.4061768978199267,0.4155400010315596,0.11654135338345864,0.6857142857142857,0.3880049332827418,0.399645342324144,0.09142857142857143,0.04285714285714286,0.04285714285714286,0.24,9.545714285714286,0.0,0.002857142857142857,0.04103554688158122,0.13278000451485078,6.075187969924812,0.0077094507277114385,0.015300638801311273,0.15462567043662687,0.07894736842105263,0,0.1686296917209649,0.23344078411535618,2.6100794413247037,0.699591380901572,0.0,0.9333333333333333,0.0,0.0,0.0,0.2515418901455423,0.2515418901455423
307,0.9815638926801804,0.45728312401482,0.9557180179816208,0.4573553344099116,0.24899929058488912,0.451045256890594,0.9398496240601504,0.4061768978199267,0.4155400010315596,0.11654135338345864,0.7142857142857143,0.3880049332827418,0.399645342324144,0.09142857142857143,0.04,0.045714285714285714,0.24,9.557142857142857,0.0,0.0,0.041082654602972196,0.1327555948538763,6.075187969924812,0.007478167205880095,0.0148450439654505,0.15448690032352805,0.07894736842105263,0,0.1686060899491404,0.2322735801947794,2.6035921382124956,0.6855995532835405,0.0,1.0,0.0,0.0,0.0,0.25149563344117604,0.25149563344117604
308,0.9813350829249557,0.4565545000130947,0.95554412256765,0.45720874503619363,0.24899929058488912,0.45101510224564734,0.924812030075188,0.4064024617297012,0.4157091739638904,0.11654135338345864,0.7028571428571428,0.38817636185417037,0.3997739137527154,0.09142857142857143,0.037142857142857144,0.04,0.24,9.557142857142857,0.0,0.0,0.04112127663652918,0.13273191748273122,6.075187969924812,0.007253822189703692,0.014402915574471264,0.15435229331382222,0.07894736842105263,0,0.16890577378510893,0.2311122122938055,2.5915202954482446,0.7283201874592574,0.0,0.8571428571428571,0.0,0.0,0.0,0.25145076443794073,0.25145076443794073
309,0.9802949981460571,0.4565496326564343,0.9547536581356874,0.45706198617906385,0.24899929058488912,0.4511450389351196,0.8909774436090225,0.4064024617297012,0.4157091739638904,0.11654135338345864,0.6771428571428572,0.38817636185417037,0.3997739137527154,0.09142857142857143,0.03428571428571429,0.03428571428571429,0.24,9.562857142857142,0.0,0.0,0.04115879496384417,0.1327089504327203,6.075187969924812,0.007036207524012581,0.01397386145270807,0.15422172451440755,0.07894736842105263,0,0.16840367348761198,0.22995665123233647,2.5739756038249944,0.7137537837100723,0.0,1.0,0.0,0.0,0.0,0.25140724150480254,0.25140724150480254
310,0.9799657252193363,0.45544628975672463,0.9545034107113792,0.45656114680457066,0.24899929058488912,0.45120173365012767,0.9210526315789473,0.4064024617297012,0.4157091739638904,0.11654135338345864,0.7,0.38817636185417037,0.3997739137527154,0.09142857142857143,0.037142857142857144,0.037142857142857144,0.24,9.56,0.0,0.0,0.04119523949839548,0.1326866723942098,6.075187969924812,0.006825121298292203,0.013557500498734498,0.15409507277897533,0.07894736842105263,0,0.16781865512017394,0.22880686797617478,2.559638948891352,0.6994787080358708,0.0,1.0,0.0,0.0,0.0,0.25136502425965845,0.25136502425965845
311,0.9793042364562529,0.45608142120797973,0.9540006792514357,0.45706067611633605,0.24899929058488912,0.45127871820621634,0.9060150375939849,0.4064024617297012,0.4157091739638904,0.11654135338345864,0.6885714285714286,0.38817636185417037,0.3997739137527154,0.09142857142857143,0.03428571428571429,0.03428571428571429,0.24,9.577142857142857,0.0,0.0,0.041230639440867196,0.13266506269685469,6.075187969924812,0.006620367659343437,0.013153462393335258,0.15397222059560606,0.07894736842105263,0,0.16729285041243022,0.22766283363629392,2.542731884199239,0.6854891338751534,0.0,1.0,0.0,0.0,0.0,0.2513240735318687,0.2513240735318687
312,0.9803400412543258,0.4565134573865882,0.9547878908979711,0.4572457904511706,0.24899929058488912,0.4513661263619012,0.8984962406015038,0.4064024617297012,0.4157091739638904,0.11654135338345864,0.6828571428571428,0.38817636185417037,0.3997739137527154,0.09142857142857143,0.04,0.045714285714285714,0.24,9.58,0.0,0.0,0.04126502329000424,0.13264410129042012,6.075187969924812,0.006421756629563133,0.012761387313916961,0.15385305397773788,0.07894736842105263,0,0.16702440324618942,0.22652451946811245,2.5375915322295395,0.6717793511976503,0.0,1.0,0.0,0.0,0.0,0.25128435132591265,0.25128435132591265
313,0.9801032135800418,0.4569919318289348,0.9546079018655155,0.4572192204477733,0.24899929058488912,0.4514336998916224,0.8609022556390977,0.4064024617297012,0.4157091739638904,0.11654135338345864,0.6542857142857142,0.38817636185417037,0.3997739137527154,0.09142857142857143,0.045714285714285714,0.05142857142857143,0.24,9.6,0.0,0.0,0.041298418853730735,0.13262376872617865,6.075187969924812,0.006229103930676239,0.012380925655299913,0.15373746235840574,0.07894736842105263,0,0.1671452619547454,0.22539189687077188,2.53826827301352,0.6583437641736972,0.0,1.0,0.0,0.0,0.0,0.2512458207861352,0.2512458207861352
314,0.9799829227427141,0.45636610877287587,0.9545164808291464,0.45723798236958796,0.24899929058488912,0.45154065681147726,0.8796992481203008,0.4065528376695508,0.41582195591877763,0.11654135338345864,0.6685714285714286,0.38829064756845605,0.3998596280384297,0.09142857142857143,0.04,0.04,0.24,9.582857142857144,0.0,0.0,0.04133085326049184,0.13260404613886442,6.075187969924812,0.006042230812755952,0.012011737756823071,0.15362533848765356,0.07894736842105263,0,0.16705182135925742,0.2308327243607288,2.52750290755325,0.6869662720804445,0.0,0.9285714285714286,0.0,0.0,0.0,0.25120844616255117,0.25120844616255117
315,0.9807260649966721,0.4564383318645896,0.9550812689421546,0.4574680855257025,0.24899929058488912,0.45162072881086934,0.8984962406015038,0.4067784015793252,0.41599112885110845,0.11654135338345864,0.6828571428571428,0.38846207613988465,0.3999881994670011,0.09142857142857143,0.037142857142857144,0.04,0.24,9.597142857142858,0.0037593984962406013,0.0,0.04136235297078229,0.1325849152291696,6.075187969924812,0.005860963888373273,0.011653493635690682,0.15351657833302396,0.07894736842105263,0,0.1674159908238897,0.22967856073892517,2.516952849402185,0.7676193362727939,0.0,0.8571428571428571,0.0,0.0,0.0,0.25117219277767466,0.25117219277767466
316,0.9808622687571625,0.45566768490164206,0.9551847838001274,0.4572396832479654,0.24899929058488912,0.4517157853201883,0.9022556390977443,0.4067784015793252,0.41599112885110845,0.11654135338345864,0.6857142857142857,0.38846207613988465,0.3999881994670011,0.09142857142857143,0.025714285714285714,0.02857142857142857,0.24,9.605714285714285,0.0037593984962406013,0.0,0.041392943788826894,0.1325663582467656,6.075187969924812,0.005685134971722075,0.011305872726485089,0.15341108098303324,0.07894736842105263,0,0.1670061980126274,0.22853016793523054,2.4951852209855696,0.752266949547338,0.0,1.0,0.0,0.0,0.0,0.2511370269943444,0.2511370269943444
317,0.9812440691081387,0.45582527553963376,0.955474952066869,0.45726985788736,0.24899929058488912,0.45192975352460746,0.9097744360902256,0.4067784015793252,0.41599112885110845,0.11654135338345864,0.6914285714285714,0.38846207613988465,0.3999881994670011,0.09142857142857143,0.045714285714285714,0.04857142857142857,0.24,9.62,0.0037593984962406013,0.0,0.041422650874381586,0.13254835797383377,6.075187969924812,0.005514580922570412,0.010968563626765016,0.15330874855354223,0.07894736842105263,0,0.16662759559399282,0.22738751709555438,2.4938529451372866,0.7372216105563912,0.0,1.0,0.0,0.0,0.0,0.2511029161845141,0.2511029161845141
318,0.9808453259761302,0.4562597816249491,0.9551719072865428,0.4577043491415827,0.24899929058488912,0.45220082286819036,0.8796992481203008,0.40685358954925005,0.41604751982855204,0.11654135338345864,0.6685714285714286,0.3885192189970275,0.4000310566098584,0.09142857142857143,0.037142857142857144,0.037142857142857144,0.24,9.648571428571428,0.0037593984962406013,0.0,0.04145149875462552,0.13253089770908982,6.075187969924812,0.0053491434948933,0.010641263848666926,0.15320948609693597,0.07894736842105263,0,0.16653589331246926,0.22826661450319188,2.481118743377398,0.7569232430024895,0.0,0.9230769230769231,0.0,0.0,0.0,0.25106982869897865,0.25106982869897865
319,0.9799520139322321,0.45574177144006167,0.95449299013318,0.4571286803515735,0.24899929058488912,0.45253420753588774,0.8759398496240601,0.40685358954925005,0.41604751982855204,0.11654135338345864,0.6657142857142857,0.3885192189970275,0.4000310566098584,0.09142857142857143,0.03428571428571429,0.037142857142857144,0.24,9.654285714285715,0.007518796992481203,0.0,0.04147951133611687,0.1325139612522883,6.075187969924812,0.005188669190046501,0.010323679576421774,0.1531132015140279,0.07894736842105263,0,0.16693121384590692,0.22712528143067592,2.468639225652707,0.7709745614244295,0.0,0.8461538461538461,0.0,0.0,0.0,0.2510377338380093,0.2510377338380093
320,0.9806795713256806,0.45555530177194115,0.9550459337522008,0.4570288313261918,0.24899929058488912,0.45280008019999946,0.9135338345864662,0.4070039654890997,0.41616030178343927,0.11654135338345864,0.6942857142857143,0.38863350471131314,0.40011677089557257,0.09142857142857143,0.045714285714285714,0.05142857142857143,0.24,9.66,0.007518796992481203,0.0,0.04150671191678734,0.1324975328891907,6.075187969924812,0.005033009114345106,0.010015525429698746,0.15301980546860705,0.07894736842105263,0,0.16703798991596314,0.22598965502352256,2.4706950125682248,0.7604454463830762,0.0,0.9444444444444444,0.0,0.0,0.0,0.25100660182286905,0.25100660182286905
321,0.980445435544987,0.45609612274157535,0.954867990558874,0.45718010303464635,0.24899929058488912,0.4530616023858824,0.8909774436090225,0.4070791534590245,0.4162166927608829,0.11654135338345864,0.6771428571428572,0.3886906475684561,0.40015962803842975,0.09142857142857143,0.04,0.04,0.24,9.68,0.007518796992481203,0.0,0.028963279431325623,0.1430515320591828,6.075187969924812,0.10503300911434511,0.18946926559954713,0.21301980546860705,0.07894736842105263,0,0.1668885142520976,0.228366683390894,2.46128111231686,0.7452365374554146,0.0,0.9285714285714286,0.0,0.0,0.0,0.271006601822869,0.271006601822869
322,0.9817870517679598,0.4557661745165276,0.9559396558832818,0.45721481904843897,0.24899929058488912,0.4533885334524771,0.8641509433962264,0.40735167010582246,0.41683466174645417,0.1169811320754717,0.6542857142857142,0.3886906475684561,0.40015962803842975,0.09142857142857143,0.03428571428571429,0.04,0.24285714285714285,9.694285714285714,0.007547169811320755,0.002857142857142857,0.02925852157419834,0.14271897657187843,5.977358490566037,0.10188201884091476,0.1843451877176906,0.21112921130454884,0.07924528301886792,0,0.1667322883224724,0.22722484997393955,2.452055490070523,0.7303318067063064,0.0,1.0,0.0,0.0,0.0,0.27037640376818295,0.27037640376818295
323,0.9822814930856241,0.45547660847347965,0.9563140185952276,0.4573270384783658,0.24899929058488912,0.45367923336814886,0.879245283018868,0.40735167010582246,0.41683466174645417,0.1169811320754717,0.6657142857142857,0.3886906475684561,0.40015962803842975,0.09142857142857143,0.03142857142857143,0.03142857142857143,0.24285714285714285,9.677142857142858,0.007547169811320755,0.0,0.02956155711812919,0.14239639774919324,5.977358490566037,0.09882555827568731,0.17934388346528107,0.2092953349654124,0.07924528301886792,0,0.16621234188086,0.22608872572406982,2.434442951697684,0.7157251705721802,0.0,1.0,0.0,0.0,0.0,0.26976511165513745,0.26976511165513745
324,0.9817270450385113,0.45483563995681076,0.9558942222166995,0.45684198040098856,0.24899929058488912,0.4537795427775832,0.879245283018868,0.40735167010582246,0.41683466174645417,0.1169811320754717,0.6657142857142857,0.3886906475684561,0.40015962803842975,0.09142857142857143,0.03428571428571429,0.03428571428571429,0.24285714285714285,9.685714285714285,0.007547169811320755,0.0,0.029828077680280046,0.14208349629118855,5.977358490566037,0.0958607915274167,0.17446332010095666,0.20751647491645,0.07924528301886792,0,0.1658084251714557,0.2249582820954495,2.420039806949444,0.7014106671607366,0.0,1.0,0.0,0.0,0.0,0.26917215830548336,0.26917215830548336
325,0.9801349840595369,0.45519539423751726,0.954688804618333,0.4570670890832335,0.24899929058488912,0.4539811352711172,0.8566037735849057,0.40742714180393563,0.4168912655200391,0.1169811320754717,0.6485714285714286,0.3887477904255989,0.4002024851812869,0.09142857142857143,0.037142857142857144,0.04,0.24285714285714285,9.702857142857143,0.007547169811320755,0.0,0.03009264434373509,0.14177998187692403,5.977358490566037,0.0929849677815942,0.16970144293480105,0.2057909806689565,0.07924528301886792,0,0.16569338304559844,0.22383349068497224,2.4116390108104553,0.6873824538175219,0.0,0.9285714285714286,0.0,0.0,0.0,0.26859699355631883,0.26859699355631883
326,0.9798861669403585,0.45505498880152345,0.9545004145138122,0.4570419142518243,0.24899929058488912,0.45421201465884004,0.8679245283018868,0.40750261350204886,0.416947869293624,0.1169811320754717,0.6571428571428571,0.38880493328274174,0.40024534232414405,0.09142857142857143,0.04857142857142857,0.05714285714285714,0.24285714285714285,9.705714285714286,0.007547169811320755,0.0,0.030355058532457974,0.14148557289508742,5.977358490566037,0.09019541874814636,0.16505617971978281,0.2041172512488878,0.07924528301886792,0,0.16605938802065365,0.22271432323154736,2.4205490877371036,0.6951353308570327,0.0,0.95,0.0,0.0,0.0,0.26803908374962926,0.26803908374962926
327,0.980652093205157,0.45570033473582494,0.9550803301143026,0.45753814943070886,0.24899929058488912,0.4543167088303399,0.8905660377358491,0.40750261350204886,0.416947869293624,0.1169811320754717,0.6742857142857143,0.38880493328274174,0.40024534232414405,0.09142857142857143,0.037142857142857144,0.04,0.24285714285714285,9.705714285714286,0.007547169811320755,0.0,0.030615134888396015,0.1411999961827059,5.977358490566037,0.08748955618570196,0.16052544478119457,0.20249373371142118,0.07924528301886792,0,0.16574110105913967,0.2216007516153896,2.4121381059823617,0.6812326242398921,0.0,1.0,0.0,0.0,0.0,0.2674979112371404,0.2674979112371404
328,0.9799892129603149,0.4559991148590799,0.9545784350717794,0.4578590838604269,0.24899929058488912,0.45450926400675346,0.8830188679245283,0.4077290285963885,0.4171176806143787,0.1169811320754717,0.6685714285714286,0.3889763618541703,0.4003739137527154,0.09142857142857143,0.03428571428571429,0.04,0.24285714285714285,9.705714285714286,0.007547169811320755,0.0,0.030872701036559338,0.14092298677169585,5.977358490566037,0.0848648695001309,0.15610714289299887,0.20091892170007852,0.07924528301886792,0,0.1660549669824154,0.2356831715872713,2.403895343862714,0.763792023006264,0.0,0.8571428571428571,0.0,0.0,0.0,0.26697297390002617,0.26697297390002617
329,0.9804213328882937,0.45523445691314135,0.9549056115886775,0.45721273792057526,0.24899929058488912,0.4545573782337574,0.8905660377358491,0.4078045002945017,0.4171742843879636,0.1169811320754717,0.6742857142857143,0.38903350471131326,0.40041677089557265,0.09142857142857143,0.03428571428571429,0.03428571428571429,0.24285714285714285,9.725714285714286,0.011320754716981131,0.0,0.031127597309135443,0.1406542876430161,5.977358490566037,0.08231892341512698,0.15179917291011336,0.19939135404907618,0.07924528301886792,0,0.16591026357607477,0.23450475572933493,2.390103151271174,0.7723969473274158,0.0,0.9166666666666666,0.0,0.0,0.0,0.2664637846830254,0.2664637846830254
330,0.9791878067194757,0.45541385868822554,0.9539716560608581,0.45791021275656346,0.24899929058488912,0.4546001629176861,0.8981132075471698,0.4078045002945017,0.4171742843879636,0.1169811320754717,0.68,0.38903350471131326,0.40041677089557265,0.09142857142857143,0.03428571428571429,0.03428571428571429,0.24285714285714285,9.725714285714286,0.011320754716981131,0.0,0.03137967643444302,0.1403936494881967,5.977358490566037,0.07984935571267317,0.14759943116573326,0.19790961342760388,0.07924528301886792,0,0.16547942868676582,0.23333223195068828,2.3765868025314645,0.7569490083808674,0.0,1.0,0.0,0.0,0.0,0.2659698711425346,0.2659698711425346
331,0.9785966367783214,0.45590879624876735,0.9535240559625556,0.4578980671661121,0.24899929058488912,0.4546218654243104,0.8905660377358491,0.4078045002945017,0.4171742843879636,0.1169811320754717,0.6742857142857143,0.38903350471131326,0.40041677089557265,0.09142857142857143,0.02857142857142857,0.03142857142857143,0.24285714285714285,9.748571428571429,0.011320754716981131,0.0,0.03162880319612257,0.14014083047802187,5.977358490566037,0.07745387504129297,0.14350581464281253,0.19647232502477577,0.07924528301886792,0,0.16507776007908198,0.23216557079093483,2.360483637909407,0.7418100282132501,0.0,1.0,0.0,0.0,0.0,0.2654907750082586,0.2654907750082586
332,0.9797296338717092,0.45552179116546276,0.9543818966189778,0.4580085224760582,0.24899929058488912,0.4546492722505949,0.8641509433962264,0.4078045002945017,0.4171742843879636,0.1169811320754717,0.6542857142857142,0.38903350471131326,0.40041677089557265,0.09142857142857143,0.04285714285714286,0.04285714285714286,0.24285714285714285,9.754285714285714,0.011320754716981131,0.0,0.03187485406755752,0.13989559603815235,5.977358490566037,0.07513025879005418,0.13951622392880558,0.1950781552740325,0.07924528301886792,0,0.16479323270368657,0.23100474293698017,2.356131108008362,0.7269738276489851,0.0,1.0,0.0,0.0,0.0,0.26502605175801086,0.26502605175801086
333,0.9803442126142415,0.45566328617944724,0.954847220524038,0.4583711189017826,0.24899929058488912,0.45463045611234987,0.8415094339622642,0.40795544369072817,0.4172874919351334,0.1169811320754717,0.6371428571428571,0.38914779042559894,0.40050248518128684,0.09142857142857143,0.05714285714285714,0.06,0.24285714285714285,9.768571428571429,0.01509433962264151,0.0,0.03211771682612207,0.1396577186314789,5.977358490566037,0.07287635102635255,0.13562856596270934,0.1937258106158115,0.07924528301886792,0,0.16519684082231098,0.24517267729794398,2.3690084858481946,0.8717050596020486,0.0,0.9047619047619048,0.0,0.0,0.0,0.2645752702052705,0.2645752702052705
334,0.9801825548905411,0.4568850169317617,0.9547248225332363,0.4596297266118503,0.24899929058488912,0.4546777994943353,0.8754716981132076,0.40795544369072817,0.4172874919351334,0.1169811320754717,0.6628571428571428,0.38914779042559894,0.40050248518128684,0.09142857142857143,0.04285714285714286,0.04285714285714286,0.24285714285714285,9.762857142857143,0.01509433962264151,0.0,0.03235729015146413,0.13942697754700564,5.977358490566037,0.07069006049556198,0.1318407565833598,0.19241403629733717,0.07924528301886792,0,0.16522685947177088,0.24394681391145426,2.3644854589883733,0.8542709584100077,0.0,1.0,0.0,0.0,0.0,0.2641380120991124,0.2641380120991124
335,0.9803914964394704,0.4565814820873037,0.9548830211345685,0.4594813028849831,0.24899929058488912,0.4547637793532978,0.8452830188679246,0.40795544369072817,0.4172874919351334,0.1169811320754717,0.64,0.38914779042559894,0.40050248518128684,0.09142857142857143,0.037142857142857144,0.04285714285714286,0.24285714285714285,9.754285714285714,0.01509433962264151,0.0,0.03259348321165856,0.1392031586950666,5.977358490566037,0.06856935868069512,0.12815072288781204,0.19114161520841708,0.07924528301886792,0,0.16493905135398093,0.242727079841897,2.3600528926657485,0.8371855392418075,0.0,1.0,0.0,0.0,0.0,0.263713871736139,0.263713871736139
336,0.9798427208776176,0.45590919512351286,0.954467519637737,0.4588656266165822,0.24899929058488912,0.45497244642775686,0.8339622641509434,0.4081063870869545,0.41740069948230324,0.1169811320754717,0.6314285714285715,0.38926207613988467,0.4005881994670012,0.09142857142857143,0.02857142857142857,0.03142857142857143,0.24285714285714285,9.765714285714285,0.01509433962264151,0.0,0.03282621524070601,0.13898605440868572,5.977358490566037,0.06651227792027427,0.12455640540849067,0.18990736675216455,0.07924528301886792,0,0.16562807109721103,0.2415134444426875,2.344280406241005,0.8524992736482793,0.0,0.9090909090909091,0.0,0.0,0.0,0.26330245558405485,0.26330245558405485
337,0.9804412837179108,0.4564553797628338,0.9549207172168162,0.4591672731645662,0.24899929058488912,0.4551660038896886,0.8566037735849057,0.40833280218129414,0.41757051080305796,0.12075471698113208,0.6485714285714286,0.3894335047113132,0.4007167708955726,0.09428571428571429,0.05142857142857143,0.06285714285714286,0.24285714285714285,9.76,0.01509433962264151,0.0,0.03305541511051116,0.13877546325089626,5.977358490566037,0.06451690958266604,0.12105576011762875,0.1887101457495996,0.07924528301886792,0,0.1669673601081923,0.25374706870310115,2.3602519409733276,0.9503804575383891,0.0,0.9090909090909091,0.0,0.0,0.0,0.26290338191653323,0.26290338191653323
338,0.9805419279058847,0.45549035751752365,0.9549969192448536,0.45866337282279185,0.24899929058488912,0.4553509466263108,0.8641509433962264,0.40833280218129414,0.41757051080305796,0.12075471698113208,0.6542857142857142,0.3894335047113132,0.4007167708955726,0.09428571428571429,0.037142857142857144,0.04,0.24285714285714285,9.774285714285714,0.01509433962264151,0.0,0.033281020900150095,0.13857118982784047,5.977358490566037,0.06258140229518605,0.11764676026733134,0.1875488413771116,0.07924528301886792,0,0.16652954818302573,0.25247833335958564,2.353046902153861,0.9313728483876212,0.0,1.0,0.0,0.0,0.0,0.2625162804590372,0.2625162804590372
339,0.9800227136802303,0.4559602374488436,0.9546037999025725,0.4594012452424191,0.24899929058488912,0.4555287649436105,0.909433962264151,0.4084837455775206,0.4176837183502278,0.12075471698113208,0.6885714285714286,0.38954779042559884,0.40080248518128686,0.09428571428571429,0.04285714285714286,0.045714285714285714,0.24285714285714285,9.771428571428572,0.01509433962264151,0.0,0.033502979464931644,0.1383730446074764,5.977358490566037,0.06070396022633047,0.11432739807339232,0.18642237613579826,0.07924528301886792,0,0.1665249004421106,0.2512159416927877,2.3517002498250696,0.9152471637516278,0.0,0.9375,0.0,0.0,0.0,0.2621407920452661,0.2621407920452661
340,0.9800096419125905,0.4564172941394024,0.9545939027070737,0.4598851357986593,0.24899929058488912,0.45567180880419317,0.8905660377358491,0.4087856323699734,0.4179101334445674,0.12075471698113208,0.6742857142857143,0.38977636185417036,0.40097391375271546,0.09428571428571429,0.06,0.06571428571428571,0.24285714285714285,9.8,0.01509433962264151,0.0,0.03372124600747096,0.13818084374372316,5.977358490566037,0.05888284141954055,0.11109568625078814,0.18532970485172434,0.07924528301886792,0,0.1671187123506322,0.2547210573876493,2.370380530542854,0.9271894298014562,0.0,0.9130434782608695,0.0,0.0,0.0,0.2617765682839081,0.2617765682839081
341,0.9796497932348853,0.4570887708464252,0.9541131020847384,0.4602366322335629,0.24899929058488912,0.4558650194663846,0.8901515151515151,0.40862849495793707,0.4187963239175584,0.12121212121212122,0.6714285714285714,0.389890647568456,0.40105962803842965,0.09428571428571429,0.03428571428571429,0.037142857142857144,0.24571428571428572,9.8,0.011363636363636364,0.002857142857142857,0.03406176728707545,0.13799440890588266,5.7727272727272725,0.05711635617695433,0.10794965940854029,0.1842698137061726,0.07954545454545454,0,0.16694011878887902,0.253447452100711,2.3601157770748538,0.9525237250717833,0.0,0.9230769230769231,0.0,0.0,0.0,0.2614232712353909,0.2614232712353909
342,0.980287594698338,0.45654873198783386,0.9545941866171714,0.4597289585000958,0.24899929058488912,0.45606010560113397,0.8825757575757576,0.40862849495793707,0.4187963239175584,0.12121212121212122,0.6657142857142857,0.389890647568456,0.40105962803842965,0.09428571428571429,0.04285714285714286,0.04285714285714286,0.24571428571428572,9.814285714285715,0.011363636363636364,0.0,0.034301541290861666,0.13781356711317724,5.7727272727272725,0.0554028654916457,0.10488737531141057,0.18324171929498742,0.07954545454545454,0,0.16653313319493462,0.2521802148402074,2.3557706043904996,0.9334732505703477,0.0,1.0,0.0,0.0,0.0,0.26108057309832916,0.26108057309832916
343,0.9798105823332616,0.45564093928745336,0.9542343830046564,0.45939017748597705,0.24899929058488912,0.45621382423356244,0.8712121212121212,0.40862849495793707,0.4187963239175584,0.12121212121212122,0.6571428571428571,0.389890647568456,0.40105962803842965,0.09428571428571429,0.045714285714285714,0.04857142857142857,0.24571428571428572,9.805714285714286,0.011363636363636364,0.0,0.03451059389775201,0.13763815057425302,5.7727272727272725,0.05374077952689633,0.10190691601565216,0.18224446771613778,0.07954545454545454,0,0.16638262676120985,0.2509193137660064,2.357226620874118,0.9148037855589407,0.0,1.0,0.0,0.0,0.0,0.26074815590537925,0.26074815590537925
344,0.9788501438389999,0.4555259319907305,0.9535099379689851,0.4594944571797397,0.24899929058488912,0.4564171109312561,0.8901515151515151,0.40878001010945225,0.41890996028119476,0.12121212121212122,0.6714285714285714,0.3900049332827418,0.40114534232414395,0.09428571428571429,0.045714285714285714,0.045714285714285714,0.24571428571428572,9.808571428571428,0.011363636363636364,0.0,0.034715808966070794,0.1374679965314966,5.7727272727272725,0.05212855614108944,0.0990063888857986,0.18127713368465365,0.07954545454545454,0,0.16635028505597527,0.24966471719717637,2.3557963741709216,0.9094198755112124,0.0,0.9375,0.0,0.0,0.0,0.2604257112282179,0.2604257112282179
345,0.9785979836426971,0.4550387426169995,0.9533197371352022,0.4594439250405498,0.24899929058488912,0.4564924067177978,0.8371212121212122,0.40878001010945225,0.41890996028119476,0.12121212121212122,0.6314285714285715,0.3900049332827418,0.40114534232414395,0.09428571428571429,0.04,0.04285714285714286,0.24571428571428572,9.822857142857142,0.011363636363636364,0.0,0.03491717734650728,0.13730294711002283,5.7727272727272725,0.05056469945685675,0.09618392749922455,0.18033881967411405,0.07954545454545454,0,0.16622465031747571,0.24841639361119047,2.351537589544646,0.8912314780009881,0.0,1.0,0.0,0.0,0.0,0.26011293989137135,0.26011293989137135
346,0.9805988602158447,0.4554405023281171,0.9548289697503765,0.4599027946603738,0.24899929058488912,0.4565823472661585,0.8674242424242424,0.40878001010945225,0.41890996028119476,0.12121212121212122,0.6542857142857142,0.3900049332827418,0.40114534232414395,0.09428571428571429,0.04,0.04285714285714286,0.24571428571428572,9.845714285714285,0.011363636363636364,0.0,0.03511469584885295,0.13714284917119324,5.7727272727272725,0.04904775847315105,0.09343769244496569,0.1794286550838906,0.07954545454545454,0,0.16582138492303117,0.24717431164313455,2.3473639806108957,0.8734068484409683,0.0,1.0,0.0,0.0,0.0,0.2598095516946302,0.2598095516946302
347,0.9799012385250759,0.4550178642517434,0.9543027636750538,0.4592185007935625,0.24899929058488912,0.4566652103908728,0.8939393939393939,0.40878001010945225,0.41890996028119476,0.12121212121212122,0.6742857142857143,0.3900049332827418,0.40114534232414395,0.09428571428571429,0.045714285714285714,0.04857142857142857,0.24571428571428572,9.851428571428572,0.011363636363636364,0.0,0.035308366865393334,0.13698755417052855,5.7727272727272725,0.047576325718956515,0.09076587202303954,0.1785457954313739,0.07954545454545454,0,0.16541970942341602,0.24593844008491889,2.3489881295701065,0.855938711472149,0.0,1.0,0.0,0.0,0.0,0.2595152651437913,0.2595152651437913
348,0.9814538172735057,0.45511942467140737,0.9554738516452977,0.45945632763240657,0.24899929058488912,0.45666994669870903,0.8674242424242424,0.40878001010945225,0.41890996028119476,0.12121212121212122,0.6542857142857142,0.3900049332827418,0.40114534232414395,0.09428571428571429,0.06,0.06571428571428571,0.24571428571428572,9.851428571428572,0.011363636363636364,0.0,0.03549819800616354,0.13683691801988382,5.7727272727272725,0.04614903594738782,0.08816668285025797,0.17768942156843268,0.07954545454545454,0,0.16519132659058466,0.24470874788449426,2.36772265269299,0.838819937242706,0.0,1.0,0.0,0.0,0.0,0.2592298071894776,0.2592298071894776
349,0.9812177801626406,0.45500611319535483,0.9552958122245311,0.4594052124925873,0.24899929058488912,0.45664538718846914,0.8787878787878788,0.40893152526096743,0.41902359664483113,0.12121212121212122,0.6628571428571428,0.39011921899702745,0.40123105660985825,0.09428571428571429,0.03428571428571429,0.037142857142857144,0.24571428571428572,9.857142857142858,0.011363636363636364,0.0,0.03568420174652345,0.1366908009537584,5.7727272727272725,0.044764564868966183,0.08563837037828248,0.1768587389213797,0.07954545454545454,0,0.16505094138620316,0.2434852041450718,2.3575110567819872,0.8354492881753136,0.0,0.9230769230769231,0.0,0.0,0.0,0.25895291297379325,0.25895291297379325
350,0.981735227270948,0.45462014596498673,0.9556861151862258,0.45929256696158166,0.24899929058488912,0.4565550959131428,0.8977272727272727,0.40923455556399774,0.4192508693721038,0.12121212121212122,0.6771428571428572,0.3903477904255989,0.40140248518128685,0.09428571428571429,0.04,0.04285714285714286,0.24571428571428572,9.857142857142858,0.011363636363636364,0.0,0.035866395087390285,0.13654906739961675,5.7727272727272725,0.043421627922897194,0.08317920932942868,0.17605297675373832,0.07954545454545454,0,0.16551068667927213,0.24226777812434647,2.35321797850349,0.8869601690480161,0.0,0.8666666666666667,0.0,0.0,0.0,0.25868432558457943,0.25868432558457943
351,0.9813409987911076,0.45471431074759694,0.9553887542757178,0.4589333295203641,0.24899929058488912,0.45645520599285855,0.9053030303030303,0.40923455556399774,0.4192508693721038,0.12121212121212122,0.6828571428571428,0.3903477904255989,0.40140248518128685,0.09428571428571429,0.04,0.045714285714285714,0.24571428571428572,9.865714285714287,0.011363636363636364,0.0,0.03604479922835926,0.13641158585209937,5.7727272727272725,0.04211897908521028,0.08078750405548829,0.17527138745112616,0.07954545454545454,0,0.16528057037089364,0.24105643923372472,2.351867904647706,0.8692209656670559,0.0,1.0,0.0,0.0,0.0,0.25842379581704206,0.25842379581704206
352,0.9825077771468599,0.45558644881186716,0.9562688385211995,0.4592451779552961,0.24899929058488912,0.45637206446034057,0.8901515151515151,0.40923455556399774,0.4192508693721038,0.12121212121212122,0.6714285714285714,0.3903477904255989,0.40140248518128685,0.09428571428571429,0.022857142857142857,0.022857142857142857,0.24571428571428572,9.857142857142858,0.007575757575757576,0.0,0.03621943925384939,0.13627822875100754,5.7727272727272725,0.040855409712653966,0.07846158882460419,0.17451324582759237,0.07954545454545454,0,0.1647677396618963,0.2398511570375561,2.3276876894118947,0.8518365463537146,0.0,1.0,0.0,0.0,0.0,0.2581710819425308,0.2581710819425308
353,0.9824477495712802,0.4557191611342394,0.9562235605784765,0.45946888613880144,0.24899929058488912,0.4563460445638204,0.9128787878787878,0.40923455556399774,0.4192508693721038,0.12121212121212122,0.6885714285714286,0.3903477904255989,0.40140248518128685,0.09428571428571429,0.04,0.04,0.24571428571428572,9.862857142857143,0.007575757575757576,0.0,0.03639034383232739,0.13614887236294843,5.7727272727272725,0.03962974742127435,0.07619982804100356,0.17377784845276462,0.07954545454545454,0,0.164428188106444,0.23865190125236832,2.321133935623657,0.8347998154266404,0.0,1.0,0.0,0.0,0.0,0.25792594948425485,0.25792594948425485
354,0.9812482884461352,0.45629025621108743,0.9553188241869384,0.4601821793033845,0.24899929058488912,0.45633635197166034,0.9015151515151515,0.4093860707155129,0.4193645057357402,0.12121212121212122,0.68,0.3904620761398846,0.4014881994670011,0.09428571428571429,0.03428571428571429,0.03428571428571429,0.24571428571428572,9.882857142857143,0.007575757575757576,0.0,0.0365575449285891,0.13602339666653102,5.7727272727272725,0.038440854998636115,0.07400061640217215,0.17306451299918166,0.07954545454545454,0,0.16440490573734032,0.23745864174610648,2.308996971196898,0.8206236507525659,0.0,0.9166666666666666,0.0,0.0,0.0,0.25768817099972724,0.25768817099972724
355,0.9823239077992003,0.4569575698083145,0.9561301484989647,0.4600631348107035,0.24899929058488912,0.45620693495895936,0.8598484848484849,0.4093860707155129,0.4193645057357402,0.12121212121212122,0.6485714285714286,0.3904620761398846,0.4014881994670011,0.09428571428571429,0.04,0.04285714285714286,0.24571428571428572,9.891428571428571,0.007575757575757576,0.0,0.03672107752901346,0.13590168524100624,5.7727272727272725,0.03728762934867703,0.07186237899783066,0.1723725776092062,0.07954545454545454,0,0.16401059620865363,0.23627134853737594,2.305674174630103,0.8042111777375146,0.0,1.0,0.0,0.0,0.0,0.2574575258697354,0.2574575258697354
356,0.9819507747110766,0.4575838538618127,0.9558486995410658,0.46023710482812985,0.24899929058488912,0.4559539012660049,0.875,0.40968910101854317,0.4195917784630129,0.12121212121212122,0.66,0.39069064756845606,0.4016596280384297,0.09428571428571429,0.04285714285714286,0.045714285714285714,0.24571428571428572,9.897142857142857,0.007575757575757576,0.0,0.03688097937964817,0.13578362515824716,5.7727272727272725,0.036169000468216715,0.06978357135486657,0.17170140028093003,0.07954545454545454,0,0.1646444117776282,0.2350899917946891,2.3052749768517864,0.8345273006829036,0.0,0.875,0.0,0.0,0.0,0.25723380009364333,0.25723380009364333
357,0.9838433015097705,0.45758849639490956,0.9572762054692235,0.4601519413442319,0.24899929058488912,0.45577740997987853,0.875,0.40968910101854317,0.4195917784630129,0.12121212121212122,0.66,0.39069064756845606,0.4016596280384297,0.09428571428571429,0.02857142857142857,0.02857142857142857,0.24571428571428572,9.905714285714286,0.011363636363636364,0.0,0.03703729073693756,0.13566910687797087,5.7727272727272725,0.035083930454170215,0.06776267943216419,0.17105035827250212,0.07954545454545454,0,0.16410647543302578,0.23391454183571564,2.2877409058861793,0.8178367546692454,0.0,1.0,0.0,0.0,0.0,0.25701678609083406,0.25701678609083406
358,0.9825369589549728,0.4584310125828603,0.956290849942176,0.46110543392635644,0.24899929058488912,0.45562975106586073,0.821969696969697,0.40968910101854317,0.4195917784630129,0.12121212121212122,0.62,0.39069064756845606,0.4016596280384297,0.09428571428571429,0.05142857142857143,0.05714285714285714,0.24571428571428572,9.911428571428571,0.007575757575757576,0.0,0.037190054130862606,0.13555802414610288,5.7727272727272725,0.034031412540545106,0.06579821956907816,0.17041884752432707,0.07954545454545454,0,0.16394066518087852,0.23274496912653705,2.299128944911313,0.8014800195758606,0.0,1.0,0.0,0.0,0.0,0.256806282508109,0.256806282508109
359,0.9819364105709245,0.45795258985240245,0.9558378648753509,0.4601174469479708,0.24899929058488912,0.4555266099567177,0.8560606060606061,0.40984061617005835,0.41970541482664925,0.12121212121212122,0.6457142857142857,0.3908049332827418,0.401745342324144,0.09428571428571429,0.05142857142857143,0.05714285714285714,0.24571428571428572,9.928571428571429,0.011363636363636364,0.0,0.03733931414022728,0.13545027389619088,5.7727272727272725,0.03301047016432875,0.06388873839110187,0.16980628209859724,0.07954545454545454,0,0.1640902539906884,0.23158124428090435,2.3102892231559435,0.7854504191843433,0.0,0.95,0.0,0.0,0.0,0.25660209403286577,0.25660209403286577
360,0.9817740519921896,0.45708665775039803,0.9557154001188193,0.4595883965647852,0.24899929058488912,0.45546945088156915,0.8977272727272727,0.40984061617005835,0.41970541482664925,0.12121212121212122,0.6771428571428572,0.3908049332827418,0.401745342324144,0.09428571428571429,0.05714285714285714,0.05714285714285714,0.24571428571428572,9.954285714285714,0.007575757575757576,0.0,0.03748511717979706,0.13534575615377628,5.7727272727272725,0.03202015605939889,0.062032812676094284,0.16921209363563933,0.07954545454545454,0,0.1641263741493064,0.23042333805949983,2.3212262958356815,0.7697414108006565,0.0,0.95,0.0,0.0,0.0,0.25640403121187977,0.25640403121187977
361,0.9801997520816939,0.45726109810532944,0.954527928186331,0.4594781588676319,0.24899929058488912,0.45544521923012354,0.8939393939393939,0.40984061617005835,0.41970541482664925,0.12121212121212122,0.6742857142857143,0.3908049332827418,0.401745342324144,0.09428571428571429,0.04285714285714286,0.04285714285714286,0.24571428571428572,9.994285714285715,0.015151515151515152,0.0,0.037627511298971156,0.13524437394363406,5.7727272727272725,0.03105955137761692,0.060229049184251204,0.16863573082657016,0.07954545454545454,0,0.16361988513570272,0.2292712213692023,2.3176589127761114,0.7543465825846433,0.0,1.0,0.0,0.0,0.0,0.25621191027552337,0.25621191027552337
362,0.978800422369761,0.4577636971242747,0.9534724337750446,0.45999508957053453,0.24899929058488912,0.455422353622309,0.8446969696969697,0.4099921313215735,0.4198190511902856,0.125,0.6371428571428571,0.3909192189970275,0.4018310566098583,0.09714285714285714,0.04,0.04285714285714286,0.24571428571428572,9.994285714285715,0.015151515151515152,0.0,0.03776654599165081,0.1351460331997962,5.7727272727272725,0.030127764836288415,0.05847608445482888,0.16807665890177304,0.07954545454545454,0,0.16377164499573849,0.2419723159172286,2.3141628773777314,0.7867870810088762,0.0,0.9333333333333333,0.0,0.0,0.0,0.2560255529672577,0.2560255529672577
363,0.9806033628880251,0.4573843410965794,0.9548323660516782,0.46009531059145575,0.24899929058488912,0.4555160792600971,0.8939393939393939,0.4100678888973311,0.4198758693721038,0.125,0.6742857142857143,0.39097636185417034,0.4018739137527155,0.09714285714285714,0.04285714285714286,0.04285714285714286,0.24571428571428572,10.022857142857143,0.01893939393939394,0.0,0.03790227201695098,0.1350506426782734,5.7727272727272725,0.02922393189119976,0.05677258457246703,0.16753435913471984,0.07954545454545454,0,0.16375235819933123,0.25871349390626786,2.31073676268732,0.7970778110564971,0.0,0.9333333333333333,0.0,0.0,0.0,0.25584478637823993,0.25584478637823993
364,0.982049842786448,0.45759338770874947,0.9559234251750601,0.4599956802817337,0.24899929058488912,0.4554808805832029,0.9053030303030303,0.4100678888973311,0.4198758693721038,0.125,0.6828571428571428,0.39097636185417034,0.4018739137527155,0.09714285714285714,0.04285714285714286,0.04285714285714286,0.24571428571428572,10.037142857142857,0.01893939393939394,0.0,0.038034741230391744,0.1349581138723963,5.7727272727272725,0.028347213934463766,0.05511724490579173,0.16700832836067825,0.07954545454545454,0,0.163332882836906,0.2574199264367365,2.307379170290716,0.7811362548353672,0.0,1.0,0.0,0.0,0.0,0.25566944278689274,0.25566944278689274
365,0.9822893774977902,0.4572347345297075,0.9561041027859012,0.45943714269907154,0.24899929058488912,0.4555405617951824,0.8712121212121212,0.4100678888973311,0.4198758693721038,0.125,0.6571428571428571,0.39097636185417034,0.4018739137527155,0.09714285714285714,0.03142857142857143,0.03142857142857143,0.24571428571428572,10.045714285714286,0.01893939393939394,0.0,0.03816400642519705,0.13486836093069554,5.7727272727272725,0.027496797516429854,0.053508789820830516,0.1664980785098579,0.07954545454545454,0,0.1628846718695244,0.25613282680455285,2.292660158313473,0.7655135297386598,0.0,1.0,0.0,0.0,0.0,0.25549935950328595,0.25549935950328595
366,0.9824883032312168,0.4558603614014496,0.9563011279966419,0.45854668622001044,0.24899929058488912,0.4556439751412089,0.8517110266159695,0.4102836110773227,0.4190882463306087,0.12547528517110265,0.64,0.39097636185417034,0.4018739137527155,0.09714285714285714,0.045714285714285714,0.04857142857142857,0.24857142857142858,10.065714285714286,0.015209125475285171,0.002857142857142857,0.03830256427518746,0.13478130057724577,5.756653992395437,0.026671893590936958,0.05194597237162091,0.16600313615456216,0.07984790874524715,0,0.1630675413601768,0.25485216267053007,2.2953783837186323,0.7502032591438866,0.0,0.9411764705882353,0.0,0.0,0.0,0.25533437871818737,0.25533437871818737
367,0.9825325406829737,0.4562523412499068,0.9563343692818193,0.45875486154497397,0.24899929058488912,0.45581988589959976,0.8631178707224335,0.4102836110773227,0.4190882463306087,0.12547528517110265,0.6485714285714286,0.39097636185417034,0.4018739137527155,0.09714285714285714,0.06,0.06285714285714286,0.24857142857142858,10.082857142857144,0.019011406844106463,0.0,0.03843222500510423,0.13469685203439952,5.756653992395437,0.025871736783208848,0.050427573970253325,0.1655230420699253,0.07984790874524715,0,0.1627939193676616,0.2535779018571774,2.3123279589014025,0.7351991939610089,0.0,1.0,0.0,0.0,0.0,0.2551743473566418,0.2551743473566418
368,0.982520567283648,0.4556900605187085,0.9563253721274688,0.45818911989974154,0.24899929058488912,0.45613347828911616,0.8669201520912547,0.4102836110773227,0.4190882463306087,0.12547528517110265,0.6514285714285715,0.39097636185417034,0.4018739137527155,0.09714285714285714,0.04285714285714286,0.04285714285714286,0.24857142857142858,10.1,0.019011406844106463,0.0,0.03855230281857154,0.13461493694783866,5.756653992395437,0.025095584679712582,0.048952404038457686,0.16505735080782755,0.07984790874524715,0,0.1624919597494126,0.25231001234789147,2.3089385425805173,0.7204952100817886,0.0,1.0,0.0,0.0,0.0,0.25501911693594254,0.25501911693594254
369,0.9837410531550993,0.45687340247187025,0.9572424800823022,0.4594237189398364,0.24899929058488912,0.45652999682318623,0.8745247148288974,0.41035965670469915,0.41914528055114103,0.12547528517110265,0.6571428571428571,0.3910335047113132,0.40191677089557254,0.09714285714285714,0.05142857142857143,0.054285714285714284,0.24857142857142858,10.125714285714286,0.019011406844106463,0.0,0.038669391645694974,0.13453547931387466,5.756653992395437,0.024342717139321204,0.04751929964270851,0.1646056302835927,0.07984790874524715,0,0.16253621423637982,0.2510484622861521,2.3170454860146212,0.7681020044862078,0.0,0.9473684210526315,0.0,0.0,0.0,0.25486854342786425,0.25486854342786425
370,0.9854670895287863,0.4566611204686955,0.9582484686954831,0.459329067687902,0.24899929058488912,0.45698106393924814,0.8544061302681992,0.4113186883710047,0.420692064082198,0.12643678160919541,0.6371428571428571,0.3910335047113132,0.40191677089557254,0.09714285714285714,0.03428571428571429,0.037142857142857144,0.2542857142857143,10.148571428571428,0.01532567049808429,0.005714285714285714,0.03882477591296907,0.1344584054089295,5.693486590038314,0.023612435625141568,0.04612712511470596,0.16416746137508492,0.08045977011494253,0,0.16198053316519792,0.2497932199747213,2.307847433437186,0.7527399643964836,0.0,1.0,0.0,0.0,0.0,0.2547224871250283,0.2547224871250283
371,0.9856161501330584,0.45588206750611604,0.9583766408949964,0.45831073210605805,0.24899929058488912,0.4573715349601639,0.8769230769230769,0.41201197769481196,0.42027076779971284,0.12692307692307692,0.6514285714285715,0.3912620761398846,0.40208819946700114,0.09714285714285714,0.06,0.06285714285714286,0.2571428571428571,10.174285714285714,0.011538461538461539,0.002857142857142857,0.03896043612707737,0.13438364372113273,5.684615384615385,0.02290406255638732,0.04477477165897081,0.16374243753383239,0.08076923076923077,0,0.16256891978151478,0.26671760545087536,2.3245476276255848,0.7425943027207237,0.0,0.9090909090909091,0.0,0.0,0.0,0.25458081251127745,0.25458081251127745
372,0.9844828690294568,0.45481855818792055,0.9575347749323209,0.45724480582803867,0.24899929058488912,0.45773965431932667,0.9,0.41201197769481196,0.42027076779971284,0.12692307692307692,0.6685714285714286,0.3912620761398846,0.40208819946700114,0.09714285714285714,0.04,0.04,0.2571428571428571,10.174285714285714,0.011538461538461539,0.0,0.039082859452719575,0.13431112488396987,5.684615384615385,0.0222169406796957,0.043461156949179625,0.16333016440781742,0.08076923076923077,0,0.1620127901826072,0.26538401742362094,2.3180566750730733,0.7277424166663092,0.0,1.0,0.0,0.0,0.0,0.25444338813593914,0.25444338813593914
373,0.985230779486227,0.4556357827569261,0.95809036555735,0.45795738429237726,0.24899929058488912,0.4580211290348864,0.8692307692307693,0.4121658238486582,0.42038615241509747,0.12692307692307692,0.6457142857142857,0.3913763618541704,0.40217391375271544,0.09714285714285714,0.054285714285714284,0.05714285714285714,0.2571428571428571,10.202857142857143,0.015384615384615385,0.0,0.03918891402838474,0.1342407816119219,5.684615384615385,0.021550432459304828,0.042185224714760716,0.1629302594755829,0.08076923076923077,0,0.16236891026840597,0.26405709733650284,2.3288383987144683,0.7609575153291676,0.0,0.95,0.0,0.0,0.0,0.254310086491861,0.254310086491861
374,0.9840186850905822,0.45522971882496854,0.9571899525777283,0.45739705712710743,0.24899929058488912,0.45836028985030386,0.8961538461538462,0.41231967000250436,0.4205015370304821,0.12692307692307692,0.6657142857142857,0.391490647568456,0.40225962803842974,0.09714285714285714,0.04857142857142857,0.05714285714285714,0.2571428571428571,10.205714285714286,0.015384615384615385,0.0,0.039292248014214076,0.13417254863803532,5.684615384615385,0.020903919485525682,0.040945944319172756,0.1625423516913154,0.08076923076923077,0,0.16249793069922466,0.2627368118498203,2.3394044878830367,0.7457383650225842,0.0,0.95,0.0,0.0,0.0,0.25418078389710513,0.25418078389710513
375,0.9838451775133183,0.4550511282235657,0.9570610612346179,0.456821937639796,0.24899929058488912,0.4585569288414114,0.8961538461538462,0.41231967000250436,0.4205015370304821,0.12692307692307692,0.6657142857142857,0.391490647568456,0.40225962803842974,0.09714285714285714,0.03142857142857143,0.037142857142857144,0.2571428571428571,10.222857142857142,0.015384615384615385,0.0,0.03939291709338989,0.13410636265336537,5.684615384615385,0.02027680190095991,0.03974231033118736,0.16216608114057593,0.08076923076923077,0,0.1620562981885857,0.26142312779057114,2.329759255268233,0.7308235977221325,0.0,1.0,0.0,0.0,0.0,0.254055360380192,0.254055360380192
376,0.9820301435377088,0.4546734689859287,0.9557127502813079,0.45650930031609077,0.24899929058488912,0.45874142405439194,0.8807692307692307,0.4124735161563505,0.4206169216458667,0.12692307692307692,0.6542857142857142,0.39160493328274176,0.402345342324144,0.09714285714285714,0.04857142857142857,0.05142857142857143,0.2571428571428571,10.231428571428571,0.015384615384615385,0.0,0.03949097669712832,0.13404216224823554,5.684615384615385,0.019668497843931113,0.03857334209041252,0.16180109870635867,0.08076923076923077,0,0.16224388096551776,0.2601160121516183,2.3345926415914393,0.8281814803161532,0.0,0.9444444444444444,0.0,0.0,0.0,0.2539336995687862,0.2539336995687862
377,0.9821254551795063,0.454823253532577,0.9557835532152148,0.4568644772399082,0.24899929058488912,0.45897576996815637,0.8576923076923076,0.4126273623101966,0.42073230626125135,0.12692307692307692,0.6371428571428571,0.39171921899702744,0.4024310566098583,0.09714285714285714,0.04285714285714286,0.04857142857142857,0.2571428571428571,10.262857142857143,0.019230769230769232,0.0,0.039586481938304094,0.13397988785525958,5.684615384615385,0.01907844290861318,0.03743808326820253,0.1614470657451679,0.08076923076923077,0,0.162317519417833,0.25881543209086016,2.3364722173310395,0.8389146115262135,0.0,0.9411764705882353,0.0,0.0,0.0,0.25381568858172265,0.25381568858172265
378,0.9815253850747662,0.45399651619838316,0.9553377868516935,0.4567241626759318,0.24899929058488912,0.45924927794550996,0.8653846153846154,0.4126273623101966,0.42073230626125135,0.12692307692307692,0.6428571428571429,0.39171921899702744,0.4024310566098583,0.09714285714285714,0.04285714285714286,0.04285714285714286,0.2571428571428571,10.282857142857143,0.019230769230769232,0.0,0.03967948755058167,0.13391948169407294,5.684615384615385,0.018506089621354783,0.03633560142501968,0.16110365377281285,0.08076923076923077,0,0.16187678896360097,0.2575213549304059,2.332599915841562,0.8221363192956893,0.0,1.0,0.0,0.0,0.0,0.25370121792427097,0.25370121792427097
379,0.9802089036954066,0.4549483563605279,0.9543598292555977,0.4577730852361677,0.24899929058488912,0.4595060902018336,0.8884615384615384,0.4126273623101966,0.42073230626125135,0.12692307692307692,0.66,0.39171921899702744,0.4024310566098583,0.09714285714285714,0.054285714285714284,0.05714285714285714,0.2571428571428571,10.3,0.019230769230769232,0.0,0.039770047832753244,0.13386088771772184,5.684615384615385,0.01795090693271414,0.03526498756523999,0.1607705441596285,0.08076923076923077,0,0.1615239764473544,0.25623374815575384,2.3430907746675875,0.8056935929097755,0.0,1.0,0.0,0.0,0.0,0.2535901813865428,0.2535901813865428
380,0.9826993163726077,0.45656912168779235,0.9562098501015186,0.4590973976263462,0.24899929058488912,0.45982334840748823,0.8423076923076923,0.4126273623101966,0.42073230626125135,0.12692307692307692,0.6257142857142857,0.39171921899702744,0.4024310566098583,0.09714285714285714,0.045714285714285714,0.054285714285714284,0.2571428571428571,10.308571428571428,0.023076923076923078,0.0,0.03985821659799428,0.1338040515606613,5.684615384615385,0.017412379724732717,0.03422535569031393,0.16044742783483962,0.08076923076923077,0,0.1611433636901355,0.25495257941497507,2.35051467345995,0.78957972105158,0.0,1.0,0.0,0.0,0.0,0.25348247594494655,0.25348247594494655
381,0.9824770995245561,0.4565981410721564,0.9557873029494945,0.4591588165580856,0.24899929058488912,0.46013990021525375,0.9073359073359073,0.4138356979972776,0.4210087918955212,0.1274131274131274,0.6714285714285714,0.39171921899702744,0.4024310566098583,0.09714285714285714,0.03428571428571429,0.03428571428571429,0.26,10.325714285714286,0.019305019305019305,0.002857142857142857,0.039971892954476666,0.13374892048831258,5.652509652509653,0.016890008332990734,0.033215842351134284,0.16013400499979444,0.08108108108108109,0,0.16059450401454198,0.25367781651790017,2.3377900942764653,0.7737881266305483,0.0,1.0,0.0,0.0,0.0,0.25337800166659813,0.25337800166659813
382,0.9837165836908491,0.4567055717751723,0.9564039785518644,0.45966719542232365,0.24899929058488912,0.4604002368136673,0.9069767441860465,0.41368402520870706,0.42113690088658046,0.12790697674418605,0.6685714285714286,0.39171921899702744,0.4024310566098583,0.09714285714285714,0.045714285714285714,0.045714285714285714,0.26285714285714284,10.345714285714285,0.015503875968992248,0.002857142857142857,0.04007301223653305,0.1336954433481343,5.62015503875969,0.01638330808300101,0.032235606200388345,0.1598299848498006,0.08139534883720931,0,0.16041739719091566,0.2524094274353107,2.3367485781052215,0.7583123640979375,0.0,1.0,0.0,0.0,0.0,0.25327666161660023,0.25327666161660023
383,0.9822334238153794,0.4570602645862692,0.9553106778436611,0.45952316781086877,0.24899929058488912,0.46056851387443976,0.9147286821705426,0.41399410272808684,0.42136945902611533,0.12790697674418605,0.6742857142857143,0.3919477904255989,0.4026024851812869,0.09714285714285714,0.04857142857142857,0.04857142857142857,0.26285714285714284,10.365714285714287,0.015503875968992248,0.0,0.040194123758859994,0.13364357052216141,5.62015503875969,0.01589180884051098,0.03128382754561865,0.15953508530430657,0.08139534883720931,0,0.16087145449067541,0.2623738656579839,2.3385850351145456,0.8237127180826774,0.0,0.8823529411764706,0.0,0.0,0.0,0.2531783617681022,0.2531783617681022
384,0.9834112538081796,0.45708125723141224,0.9561142644980828,0.45952902430984116,0.24899929058488912,0.4606189835987393,0.9105058365758755,0.41433469304979786,0.4215226050683274,0.12840466926070038,0.6685714285714286,0.3919477904255989,0.4026024851812869,0.09714285714285714,0.03428571428571429,0.03428571428571429,0.26571428571428574,10.388571428571428,0.011673151750972763,0.002857142857142857,0.0402933325399343,0.13359325388096766,5.587548638132295,0.01541505457529565,0.030359707903652278,0.15924903274517738,0.08171206225680934,0,0.16043766936107917,0.2610619963296939,2.3260990486979685,0.8072384637210238,0.0,1.0,0.0,0.0,0.0,0.25308301091505914,0.25308301091505914
385,0.9835745817613172,0.4566194391221585,0.9558800098394902,0.45951310084932484,0.24899929058488912,0.4606005028898433,0.87109375,0.41529587867517337,0.42179649228810284,0.12890625,0.6371428571428571,0.3919477904255989,0.4026024851812869,0.09714285714285714,0.04857142857142857,0.05142857142857143,0.26857142857142857,10.394285714285715,0.01171875,0.002857142857142857,0.04049062270449741,0.13354444673900973,5.515625,0.01495260293803678,0.029462469557007154,0.15897156176282207,0.08203125,0,0.16014848244284519,0.25975668634804544,2.331005639152581,0.7910936944466034,0.0,1.0,0.0,0.0,0.0,0.25299052058760735,0.25299052058760735
386,0.981957279326081,0.45676305465855765,0.9546970686297176,0.46009561180495445,0.24899929058488912,0.46054216064850156,0.89453125,0.4154521286751734,0.42191367978810285,0.12890625,0.6542857142857142,0.39206207613988464,0.4026881994670012,0.09714285714285714,0.04,0.04285714285714286,0.26857142857142857,10.417142857142856,0.015625,0.0,0.04058922512090582,0.13349710381131058,5.515625,0.014504024849895677,0.02859135511283384,0.1587024149099374,0.078125,0,0.16003331145920238,0.2584579029163052,2.3272426692266723,0.817780700001476,0.0,0.9333333333333333,0.0,0.0,0.0,0.25290080496997913,0.25290080496997913
387,0.9815825759256281,0.4575999584778499,0.954422999856815,0.4606248374512254,0.24899929058488912,0.46057989862066595,0.90234375,0.4157646286751734,0.42214805478810286,0.12890625,0.66,0.3922906475684561,0.40285962803842973,0.09714285714285714,0.04285714285714286,0.045714285714285714,0.26857142857142857,10.442857142857143,0.015625,0.0,0.04066284433815,0.13345118117144233,5.515625,0.014068904104398806,0.02774562706489825,0.15844134246263927,0.078125,0,0.16060257918047782,0.2723347869850689,2.3264121015564245,0.8276023421987944,0.0,0.875,0.0,0.0,0.0,0.25281378082087974,0.25281378082087974
388,0.9819329703092943,0.4588203623777046,0.9545207015691218,0.46157162094520654,0.24899929058488912,0.4607487385050437,0.8666666666666667,0.41657855728199594,0.4231618082592985,0.12941176470588237,0.6314285714285715,0.39234779042559886,0.4029024851812869,0.09714285714285714,0.04285714285714286,0.04285714285714286,0.2714285714285714,10.448571428571428,0.011764705882352941,0.002857142857142857,0.0407161255365088,0.1334066362107702,5.52156862745098,0.013646836981266841,0.02692456735907056,0.1581881021887601,0.0784313725490196,0,0.160484994856004,0.27097311305014354,2.3227410023824384,0.9115287171200016,0.0,0.9333333333333333,0.0,0.0,0.0,0.25272936739625335,0.25272936739625335
389,0.9811858863553387,0.4583909653126869,0.9539763975455254,0.460906559111209,0.24899929058488912,0.46094346712435247,0.8901960784313725,0.41657855728199594,0.4231618082592985,0.12941176470588237,0.6485714285714286,0.39234779042559886,0.4029024851812869,0.09714285714285714,0.04857142857142857,0.05142857142857143,0.2714285714285714,10.474285714285715,0.011764705882352941,0.0,0.040792622403857816,0.1333634275989182,5.52156862745098,0.013237431871828836,0.026127476962740204,0.1579424591230973,0.0784313725490196,0,0.1606703066779454,0.2696182474848928,2.3277147537633613,0.8932981427776016,0.0,1.0,0.0,0.0,0.0,0.2526474863743658,0.2526474863743658
390,0.9803802257164813,0.45923843724846586,0.9533894162229295,0.46171571085220975,0.24899929058488912,0.4611022165912978,0.8784313725490196,0.41657855728199594,0.4231618082592985,0.12941176470588237,0.64,0.39234779042559886,0.4029024851812869,0.09714285714285714,0.045714285714285714,0.05142857142857143,0.2714285714285714,10.491428571428571,0.01568627450980392,0.0,0.04086034352849958,0.13332151524542174,5.52156862745098,0.01284030891567397,0.025353675438536172,0.15770418534940436,0.0784313725490196,0,0.16037953369814495,0.26827015624746836,2.332589030116665,0.8754321799220495,0.0,1.0,0.0,0.0,0.0,0.2525680617831348,0.2525680617831348
391,0.9821027972061761,0.4593018471530384,0.9546444325939928,0.4614751085480277,0.24899929058488912,0.4613306180149049,0.8901960784313725,0.4166569886545449,0.4232206317887103,0.12941176470588237,0.6485714285714286,0.3924049332827418,0.40294534232414403,0.09714285714285714,0.045714285714285714,0.054285714285714284,0.2714285714285714,10.508571428571429,0.01568627450980392,0.0,0.04092620450060015,0.13328086026253025,5.52156862745098,0.012455099648203752,0.02460250052269808,0.15747305978892223,0.0784313725490196,0,0.16046263674393993,0.27418215014769026,2.3402229638000467,0.9247106031853501,0.0,0.9473684210526315,0.0,0.0,0.0,0.25249101992964074,0.25249101992964074
392,0.9816074879927078,0.4583058586086847,0.9542835644527519,0.4610841061154039,0.24899929058488912,0.4616026440064552,0.9019607843137255,0.4166569886545449,0.4232206317887103,0.12941176470588237,0.6571428571428571,0.3924049332827418,0.40294534232414403,0.09714285714285714,0.04285714285714286,0.045714285714285714,0.2714285714285714,10.528571428571428,0.01568627450980392,0.0,0.04099025126937249,0.13324142492912538,5.52156862745098,0.01208144665875764,0.023873307708403013,0.1572488679952546,0.0784313725490196,0,0.1599741814173631,0.2728112393969518,2.339132790238331,0.9062163911216431,0.0,1.0,0.0,0.0,0.0,0.25241628933175153,0.25241628933175153
393,0.9821465912391654,0.45852143742783485,0.9544502419520398,0.46153137944089534,0.24899929058488912,0.46170806806879694,0.8779527559055118,0.4176005274317392,0.4227886550747165,0.12992125984251968,0.6371428571428571,0.39251921899702746,0.40303105660985833,0.09714285714285714,0.05142857142857143,0.05714285714285714,0.2742857142857143,10.54,0.015748031496062992,0.002857142857142857,0.04104237809018515,0.1332031726557228,5.511811023622047,0.01171900325899491,0.02316546983432588,0.15703140195539694,0.07874015748031496,0,0.16025816979599056,0.271447183199967,2.3494929915764216,0.9085378640633682,0.0,0.95,0.0,0.0,0.0,0.25234380065179896,0.25234380065179896
394,0.981084326336357,0.45768107887802073,0.9536793411368588,0.4608212779501761,0.24899929058488912,0.46176752793023096,0.8700787401574803,0.4176792675892196,0.42284771019282674,0.12992125984251968,0.6314285714285715,0.3925763618541703,0.4030739137527155,0.09714285714285714,0.045714285714285714,0.04857142857142857,0.2742857142857143,10.554285714285715,0.011811023622047244,0.0,0.04112395273354683,0.13316606795052224,5.511811023622047,0.011367433161225063,0.022478376678675915,0.15682045989673504,0.07874015748031496,0,0.16028516466129633,0.27008994728396724,2.3510745603163223,0.8938400188594848,0.0,0.9411764705882353,0.0,0.0,0.0,0.252273486632245,0.252273486632245
395,0.9830511245440045,0.4569175603169901,0.9551066746932659,0.4600261016637506,0.24899929058488912,0.46173779171562174,0.8976377952755905,0.4176792675892196,0.42284771019282674,0.12992125984251968,0.6514285714285715,0.3925763618541703,0.4030739137527155,0.09714285714285714,0.02857142857142857,0.02857142857142857,0.2742857142857143,10.562857142857142,0.011811023622047244,0.0,0.04118284793353343,0.13313007638647764,5.511811023622047,0.01102641016638831,0.02181143455892587,0.15661584609983298,0.07874015748031496,0,0.1597691674094184,0.2687394975475474,2.332624497681424,0.8759632184822951,0.0,1.0,0.0,0.0,0.0,0.2522052820332777,0.2522052820332777
396,0.9830241743943536,0.4569169172485416,0.9550043339495905,0.46005060780265117,0.24899929058488912,0.46173083752594474,0.8893280632411067,0.41861560071383425,0.42332439470490574,0.13043478260869565,0.6428571428571429,0.39269064756845606,0.4031596280384297,0.09714285714285714,0.02857142857142857,0.03428571428571429,0.27714285714285714,10.585714285714285,0.007905138339920948,0.002857142857142857,0.04129665620972781,0.1330951645693545,5.470355731225297,0.01069561786139666,0.02116406593742237,0.15641737071683798,0.07905138339920949,0,0.15979789371522848,0.2673958000598096,2.3202577220135097,0.8584439541126492,0.0,0.9166666666666666,0.0,0.0,0.0,0.25213912357227936,0.25213912357227936
397,0.9842992891296203,0.45662769572149703,0.9557913327568992,0.4600059783166865,0.24899929058488912,0.46194446330497557,0.8928571428571429,0.41961175427844377,0.42421437956053926,0.13095238095238096,0.6428571428571429,0.39269064756845606,0.4031596280384297,0.09714285714285714,0.04,0.04,0.28,10.585714285714285,0.003968253968253968,0.002857142857142857,0.041365243643439645,0.13306130010674488,5.4603174603174605,0.01037474932555476,0.020535709033042693,0.15622484959533284,0.07936507936507936,0,0.1594267621037952,0.26605882105951056,2.3138525675732398,0.8412750750303962,0.0,1.0,0.0,0.0,0.0,0.252074949865111,0.252074949865111
398,0.9829914299555221,0.45736876570831714,0.9548496741515486,0.4605516853273041,0.24899929058488912,0.4622989953188437,0.8968253968253969,0.41961175427844377,0.42421437956053926,0.13095238095238096,0.6457142857142857,0.39269064756845606,0.4031596280384297,0.09714285714285714,0.03142857142857143,0.03428571428571429,0.28,10.602857142857143,0.003968253968253968,0.0,0.04143278918306852,0.13302845157801374,5.4603174603174605,0.010063506845788116,0.01992581743903754,0.15603810410747287,0.07936507936507936,0,0.15902834614684763,0.264728526954213,2.3018612305074893,0.8244495735297883,0.0,1.0,0.0,0.0,0.0,0.2520127013691576,0.2520127013691576
399,0.9835344876538414,0.45712433730869995,0.9552406756943387,0.4607176772081167,0.24899929058488912,0.46270427396515573,0.876984126984127,0.41961175427844377,0.42421437956053926,0.13095238095238096,0.6314285714285715,0.39269064756845606,0.4031596280384297,0.09714285714285714,0.037142857142857144,0.04,0.28,10.614285714285714,0.003968253968253968,0.0,0.04148554050333506,0.1329965885051444,5.4603174603174605,0.009761601640414473,0.01933385974717905,0.15585696098424867,0.07936507936507936,0,0.1586319215553991,0.2634048843194419,2.2958240058973387,0.8079605820591925,0.0,1.0,0.0,0.0,0.0,0.2519523203280829,0.2519523203280829
400,0.9824144362250273,0.457005847053598,0.9544342386655925,0.4610212710853258,0.24899929058488912,0.4631094339861587,0.8888888888888888,0.4198498495165391,0.42439295098911073,0.13095238095238096,0.64,0.3928620761398846,0.4032881994670012,0.09714285714285714,0.02857142857142857,0.02857142857142857,0.28,10.62,0.003968253968253968,0.0,0.04153680999880404,0.13296568132446118,5.4603174603174605,0.009468753591202039,0.01875931917831508,0.15568125215472123,0.07936507936507936,0,0.15900848335835427,0.2620878598978447,2.278478954350821,0.8476869865977651,0.0,0.8,0.0,0.0,0.0,0.2518937507182404,0.2518937507182404
401,0.9830261879786085,0.4568464001919066,0.9548746999281709,0.46104228641855427,0.24899929058488912,0.46364748097060604,0.8690476190476191,0.41992921459590415,0.42445247479863446,0.13095238095238096,0.6257142857142857,0.3929192189970274,0.4033310566098583,0.09714285714285714,0.02857142857142857,0.02857142857142857,0.28,10.617142857142857,0.007936507936507936,0.0,0.041586636294723804,0.1329357013591985,5.4603174603174605,0.009184690983465978,0.01820169321940779,0.1555108145900796,0.07936507936507936,0,0.15898401308441962,0.2607774205983555,2.261480803835233,0.8512916329024408,0.0,0.9,0.0,0.0,0.0,0.25183693819669317,0.25183693819669317
402,0.9820286837777294,0.4571788662891591,0.954156496903538,0.4613106886256337,0.24899929058488912,0.4640549691072038,0.8809523809523809,0.41992921459590415,0.42445247479863446,0.13095238095238096,0.6342857142857142,0.3929192189970274,0.4033310566098583,0.09714285714285714,0.04,0.04857142857142857,0.28,10.631428571428572,0.007936507936507936,0.0,0.04163505719139365,0.13290662079289361,5.4603174603174605,0.008909150253961998,0.01766049326712238,0.1553454901523772,0.07936507936507936,0,0.15917961440919312,0.25947353349536373,2.264822616329957,0.8342658002443919,0.0,1.0,0.0,0.0,0.0,0.2517818300507924,0.2517818300507924
403,0.9827341888858366,0.4569606368905215,0.9546644605813752,0.4614166823503581,0.24899929058488912,0.4644506652372026,0.9007936507936508,0.41992921459590415,0.42445247479863446,0.13095238095238096,0.6485714285714286,0.3929192189970274,0.4033310566098583,0.09714285714285714,0.05714285714285714,0.05714285714285714,0.28,10.634285714285713,0.007936507936507936,0.0,0.0416821096701191,0.13287841264357797,5.4603174603174605,0.008641875746343139,0.017135244278011386,0.15518512544780588,0.07936507936507936,0,0.15878314562286144,0.2581761658278869,2.2766690211462146,0.8175804842395041,0.0,1.0,0.0,0.0,0.0,0.2517283751492686,0.2517283751492686
404,0.983748213410917,0.45785071729270044,0.955394558239433,0.46244092684659777,0.24899929058488912,0.46485121108836175,0.9166666666666666,0.41992921459590415,0.42445247479863446,0.13095238095238096,0.66,0.3929192189970274,0.4033310566098583,0.09714285714285714,0.04285714285714286,0.045714285714285714,0.28,10.654285714285715,0.007936507936507936,0.0,0.04172782990001777,0.1328510507387417,5.4603174603174605,0.008382619473952845,0.01662548442532863,0.1550295716843717,0.07936507936507936,0,0.1583889441804614,0.25688528499874747,2.276849926437576,0.801228874554714,0.0,1.0,0.0,0.0,0.0,0.25167652389479056,0.25167652389479056
405,0.9833910852733974,0.45768234376001593,0.9551374259804187,0.4624230841536171,0.24899929058488912,0.4651997387853368,0.9166666666666666,0.41992921459590415,0.42445247479863446,0.13095238095238096,0.66,0.3929192189970274,0.4033310566098583,0.09714285714285714,0.04,0.04,0.28,10.665714285714285,0.007936507936507936,0.0,0.041772253245596164,0.13282450969105059,5.4603174603174605,0.008131140889734259,0.016130764762490424,0.15487868453384054,0.07936507936507936,0,0.15791114231670195,0.2556008585737537,2.2713129279088244,0.7852042970636197,0.0,1.0,0.0,0.0,0.0,0.25162622817794683,0.25162622817794683
406,0.9840736460974217,0.4574638866140689,0.9556288697737165,0.462469196323082,0.24899929058488912,0.4655690042356361,0.8968253968253969,0.41992921459590415,0.42445247479863446,0.13095238095238096,0.6457142857142857,0.3929192189970274,0.4033310566098583,0.09714285714285714,0.03142857142857143,0.03428571428571429,0.28,10.674285714285714,0.007936507936507936,0.0,0.04181541427502396,0.13279876487479017,5.4603174603174605,0.007887206663042231,0.015650648893192565,0.15473232399782533,0.07936507936507936,0,0.1574357294622613,0.25432285428088497,2.260172383636362,0.7695002111223473,0.0,1.0,0.0,0.0,0.0,0.25157744133260845,0.25157744133260845
407,0.9855240348562374,0.45719713413297514,0.9566731496800637,0.46188280357622563,0.24899929058488912,0.4659074717764861,0.8809523809523809,0.4201673098339994,0.4246310462272058,0.13095238095238096,0.6342857142857142,0.393090647568456,0.4034596280384298,0.09714285714285714,0.06285714285714286,0.06571428571428571,0.28,10.682857142857143,0.011904761904761904,0.0,0.04185734676903513,0.13277379240301762,5.4603174603174605,0.007650590463150964,0.01518471264817578,0.15459035427789058,0.07936507936507936,0,0.15804655865425357,0.2530512400094805,2.280683221677921,0.7588665503270715,0.0,0.9130434782608695,0.0,0.0,0.0,0.2515301180926302,0.2515301180926302
408,0.9837097062676127,0.4580921619103297,0.9553668330962539,0.4624349968166013,0.24899929058488912,0.4661898869400699,0.8968253968253969,0.42032603999272955,0.42475009384625345,0.13095238095238096,0.6457142857142857,0.39320493328274175,0.4035453423241441,0.09714285714285714,0.04,0.04285714285714286,0.28,10.688571428571429,0.011904761904761904,0.0,0.04189808373039173,0.13274956910539817,5.4603174603174605,0.0074210727492564355,0.014732543768625317,0.15445264364955386,0.07936507936507936,0,0.15822477151823222,0.2517859838094331,2.277926700101505,0.7489865271681063,0.0,0.9333333333333333,0.0,0.0,0.0,0.25148421454985126,0.25148421454985126
409,0.9829987540060573,0.4577513551324175,0.954854947467934,0.46228548019578286,0.24899929058488912,0.4664786083050818,0.8690476190476191,0.42048477015145974,0.4248691414653011,0.13095238095238096,0.6257142857142857,0.3933192189970275,0.4036310566098583,0.09714285714285714,0.03142857142857143,0.03428571428571429,0.28,10.708571428571428,0.011904761904761904,0.0,0.04193765739384847,0.1327260725067074,5.4603174603174605,0.007198440566778742,0.014293741596179688,0.15431906434006723,0.07936507936507936,0,0.15814764766064104,0.25052705389038593,2.2666538803851894,0.7454628771954882,0.0,0.9166666666666666,0.0,0.0,0.0,0.25143968811335576,0.25143968811335576
410,0.9822417430212222,0.4583714975562912,0.9543098995588528,0.46297012364097123,0.24899929058488912,0.46681978247155587,0.8888888888888888,0.42048477015145974,0.4248691414653011,0.13095238095238096,0.64,0.3933192189970275,0.4036310566098583,0.09714285714285714,0.025714285714285714,0.02857142857142857,0.28,10.725714285714286,0.011904761904761904,0.0,0.04197609923656201,0.1327032808059772,5.4603174603174605,0.0069824873497753796,0.013867916769512711,0.1541894924098652,0.07936507936507936,0,0.15784091299019498,0.249274418620934,2.249892231348914,0.7305536196515785,0.0,1.0,0.0,0.0,0.0,0.25139649746995507,0.25139649746995507
411,0.9818348453107212,0.4583201133094508,0.9540169332072921,0.46309364288723115,0.24899929058488912,0.46724884780710574,0.9087301587301587,0.42048477015145974,0.4248691414653011,0.13095238095238096,0.6542857142857142,0.3933192189970275,0.4036310566098583,0.09714285714285714,0.037142857142857144,0.037142857142857144,0.28,10.745714285714286,0.011904761904761904,0.0,0.042013439988891114,0.13268117285626907,5.4603174603174605,0.006773012729282118,0.013454690927448443,0.15406380763756927,0.07936507936507936,0,0.15745113699667257,0.24802804652782934,2.2420372438647926,0.7159425472585469,0.0,1.0,0.0,0.0,0.0,0.2513546025458564,0.2513546025458564
412,0.9833380854118957,0.4582714283455115,0.9550992660801377,0.4626910078327236,0.24899929058488912,0.4675600440162505,0.8968253968253969,0.42048477015145974,0.4248691414653011,0.13095238095238096,0.6457142857142857,0.3933192189970275,0.4036310566098583,0.09714285714285714,0.037142857142857144,0.04285714285714286,0.28,10.757142857142858,0.011904761904761904,0.0,0.04204970964553861,0.13265972814505209,5.4603174603174605,0.006569822347403655,0.013053696418557914,0.1539418934084422,0.07936507936507936,0,0.15714831273668922,0.24678790629519018,2.2400536418446397,0.701623696313376,0.0,1.0,0.0,0.0,0.0,0.25131396446948073,0.25131396446948073
413,0.9843676403000661,0.4585694134770096,0.9558405455996204,0.46245884612472893,0.24899929058488912,0.46784301956912316,0.8849206349206349,0.4205641352308248,0.4249286652748249,0.13095238095238096,0.6371428571428571,0.39337636185417035,0.40367391375271544,0.09714285714285714,0.03428571428571429,0.03428571428571429,0.28,10.771428571428572,0.011904761904761904,0.0,0.04208493747698866,0.1326389267751716,5.4603174603174605,0.006372727676981545,0.01266457601718185,0.15382363660618892,0.07936507936507936,0,0.1571621426015772,0.24555396676371422,2.2295382832934614,0.7468551716236314,0.0,0.9166666666666666,0.0,0.0,0.0,0.2512745455353963,0.2512745455353963
414,0.9848623146083382,0.4595243853430412,0.9561967111015761,0.4628742602553226,0.24899929058488912,0.4681835987332376,0.8531746031746031,0.4206435003101899,0.4249881890843487,0.13095238095238096,0.6142857142857143,0.39343350471131316,0.40371677089557256,0.09714285714285714,0.04857142857142857,0.05142857142857143,0.28,10.777142857142858,0.011904761904761904,0.0,0.04211915204119663,0.13261874944638757,5.4603174603174605,0.006181545846672099,0.012286982645817623,0.15370892750800325,0.07936507936507936,0,0.15714747474571217,0.24432619692989563,2.2363760890561633,0.7502567157257315,0.0,0.9444444444444444,0.0,0.0,0.0,0.2512363091693344,0.2512363091693344
415,0.9843644325704295,0.4605887932465697,0.9558382360342819,0.4637128567390557,0.24899929058488912,0.4684251826340126,0.876984126984127,0.4206435003101899,0.4249881890843487,0.13095238095238096,0.6314285714285715,0.39343350471131316,0.40371677089557256,0.09714285714285714,0.037142857142857144,0.04,0.28,10.8,0.011904761904761904,0.0,0.042152381195491535,0.13259917743746705,5.4603174603174605,0.005996099471271936,0.011920579103801288,0.15359765968276315,0.07936507936507936,0,0.1569010486759294,0.24310456594524613,2.23164856727504,0.7352515814112168,0.0,1.0,0.0,0.0,0.0,0.25119921989425437,0.25119921989425437
416,0.9844302504914344,0.4599801284579933,0.9558856249374055,0.4638009113093325,0.24899929058488912,0.46874277709075407,0.8809523809523809,0.4206435003101899,0.4249881890843487,0.13095238095238096,0.6342857142857142,0.39343350471131316,0.40371677089557256,0.09714285714285714,0.025714285714285714,0.025714285714285714,0.28,10.8,0.011904761904761904,0.0,0.04218465210865391,0.1325801925888142,5.4603174603174605,0.005816216487133778,0.011565037802213185,0.15348972989228027,0.07936507936507936,0,0.15637325843254976,0.2418890431155199,2.212729881643825,0.7205465497829925,0.0,1.0,0.0,0.0,0.0,0.25116324329742673,0.25116324329742673
417,0.9846502840126686,0.46107846179661816,0.9560440490726941,0.46436131793424384,0.24899929058488912,0.46885185813802227,0.873015873015873,0.42072286538955495,0.42504771289387255,0.13095238095238096,0.6285714285714286,0.393490647568456,0.40375962803842974,0.09714285714285714,0.04285714285714286,0.045714285714285714,0.28,10.82857142857143,0.011904761904761904,0.0,0.04221599127313495,0.1325617772856209,5.4603174603174605,0.005641729992519764,0.011220040504929751,0.15338503799551184,0.07936507936507936,0,0.15661725783683347,0.24147145509656426,2.2141895697252343,0.7095082629471761,0.0,0.9375,0.0,0.0,0.0,0.251128345998504,0.251128345998504
418,0.9840659161411779,0.4604809239777258,0.955623304205221,0.4642148036642897,0.24899929058488912,0.4691291693343786,0.8452380952380952,0.42072286538955495,0.42504771289387255,0.13095238095238096,0.6085714285714285,0.393490647568456,0.40375962803842974,0.09714285714285714,0.037142857142857144,0.037142857142857144,0.28,10.842857142857143,0.015873015873015872,0.0,0.042246424517384924,0.13254391444152339,5.4603174603174605,0.005472478092744171,0.010885278075740024,0.1532834868556465,0.07936507936507936,0,0.15611945797622073,0.24026409782108143,2.2070486354735865,0.6953180976882325,0.0,1.0,0.0,0.0,0.0,0.25109449561854885,0.25109449561854885
419,0.9835977293560518,0.46042788620763386,0.9552862097199302,0.464331292848866,0.24899929058488912,0.4694990601397383,0.8650793650793651,0.4208815955482851,0.4251667605129201,0.13095238095238096,0.6228571428571429,0.39360493328274176,0.40384534232414404,0.09714285714285714,0.04,0.04,0.28,10.86,0.01984126984126984,0.0,0.0422759770182615,0.1325265874827488,5.4603174603174605,0.0053083037499618456,0.01056045023144403,0.1531849822499771,0.07936507936507936,0,0.15613800497205388,0.25165730214188603,2.202907662764115,0.684234898352788,0.0,0.9285714285714286,0.0,0.0,0.0,0.25106166074999237,0.25106166074999237
420,0.9836774506060096,0.46020502193455143,0.9553436090198998,0.4646512309439499,0.24899929058488912,0.4698552172628139,0.8809523809523809,0.4210403257070153,0.42528580813196776,0.13095238095238096,0.6342857142857142,0.3937192189970275,0.4039310566098583,0.09714285714285714,0.02857142857142857,0.03428571428571429,0.28,10.88,0.01984126984126984,0.0,0.04230467331349094,0.1325097803327374,5.4603174603174605,0.00514905463746299,0.01024526530084413,0.15308943278247777,0.07936507936507936,0,0.1564106191758721,0.25039901563117656,2.1931352237945467,0.6835099497129583,0.0,0.9166666666666666,0.0,0.0,0.0,0.2510298109274926,0.2510298109274926
421,0.9836335242325392,0.45934803101257454,0.9553119820310011,0.4642680684044412,0.24899929058488912,0.4702418820604647,0.8611111111111112,0.4210403257070153,0.42528580813196776,0.13095238095238096,0.62,0.3937192189970275,0.4039310566098583,0.09714285714285714,0.04857142857142857,0.05142857142857143,0.28,10.888571428571428,0.01984126984126984,0.0,0.042332537314156767,0.1324934773972264,5.4603174603174605,0.0049945829983391,0.009939439989540277,0.15299674979900346,0.07936507936507936,0,0.15602785250856416,0.24914702055302065,2.2007010907472275,0.6698397507186992,0.0,1.0,0.0,0.0,0.0,0.25099891659966783,0.25099891659966783
422,0.9854704460521134,0.4592235426381345,0.9566345657410945,0.4645760757434199,0.24899929058488912,0.4706305083291904,0.8690476190476191,0.4211990558657454,0.4254048557510154,0.13095238095238096,0.6257142857142857,0.3938335047113131,0.4040167708955726,0.09714285714285714,0.03142857142857143,0.03428571428571429,0.28,10.891428571428571,0.01984126984126984,0.0,0.04235959231719329,0.1324776635497807,5.4603174603174605,0.004844745508388927,0.00964269915043725,0.15290684730503334,0.07936507936507936,0,0.1559899996745928,0.2505925368876481,2.1909727832179966,0.6823714318115256,0.0,0.9166666666666666,0.0,0.0,0.0,0.2509689491016778,0.2509689491016778
423,0.9851080845787528,0.4602024734830428,0.9563736654802746,0.4649739420590624,0.24899929058488912,0.4709030200055484,0.8611111111111112,0.4211990558657454,0.4254048557510154,0.13095238095238096,0.62,0.3938335047113131,0.4040167708955726,0.09714285714285714,0.045714285714285714,0.045714285714285714,0.28,10.894285714285715,0.01984126984126984,0.0,0.04238586101786253,0.13246232411775843,5.4603174603174605,0.0046994031431372586,0.009354775559869521,0.15281964188588235,0.07936507936507936,0,0.15560919324764838,0.24933957420320985,2.192867613267923,0.668724003175295,0.0,1.0,0.0,0.0,0.0,0.25093988062862743,0.25093988062862743
424,0.9841804848094735,0.4597347098512428,0.9556757034633256,0.46506591610752074,0.24899929058488912,0.4710948462209961,0.8884462151394422,0.42145032261359017,0.4260643745525191,0.13147410358565736,0.6371428571428571,0.3938335047113131,0.4040167708955726,0.09714285714285714,0.02857142857142857,0.03142857142857143,0.28285714285714286,10.92,0.01593625498007968,0.002857142857142857,0.04242437863836728,0.13244744486869678,5.450199203187251,0.0045584210488431405,0.00907540969924825,0.15273505262930587,0.0796812749003984,0,0.15523000727783873,0.2480928763321938,2.1804388324311357,0.6553495231117892,0.0,1.0,0.0,0.0,0.0,0.2509116842097686,0.2509116842097686
425,0.9846314891521849,0.45901546366578777,0.9559991380062414,0.4646588682416463,0.24899929058488912,0.4711837195573396,0.896414342629482,0.42145032261359017,0.4260643745525191,0.13147410358565736,0.6428571428571429,0.3938335047113131,0.4040167708955726,0.09714285714285714,0.022857142857142857,0.025714285714285714,0.28285714285714286,10.92,0.01593625498007968,0.0,0.04244915237031192,0.132433011997107,5.450199203187251,0.004421668417377846,0.008804349542133605,0.1526530010504267,0.0796812749003984,0,0.15473885795573522,0.2468524119505328,2.162544341496799,0.6422425326495533,0.0,1.0,0.0,0.0,0.0,0.25088433368347557,0.25088433368347557
426,0.9835148696516799,0.458873053258264,0.9551983623073079,0.46435446748611736,0.24899929058488912,0.47142836037704233,0.8605577689243028,0.42145032261359017,0.4260643745525191,0.13147410358565736,0.6171428571428571,0.3938335047113131,0.4040167708955726,0.09714285714285714,0.02,0.022857142857142857,0.28285714285714286,10.925714285714285,0.01593625498007968,0.0,0.042473204050053844,0.13241901211166487,5.450199203187251,0.004289018364856511,0.008541350346634835,0.1525734110189139,0.0796812749003984,0,0.1543071643802423,0.24561814989078015,2.1421505975240054,0.6293976819965622,0.0,1.0,0.0,0.0,0.0,0.2508578036729713,0.2508578036729713
427,0.9825778855305864,0.457909906417568,0.9545264108376094,0.4639258057795327,0.24899929058488912,0.4715505810406781,0.8884462151394422,0.4216096851633911,0.4261838964648697,0.13147410358565736,0.6371428571428571,0.3939477904255989,0.4041024851812869,0.09714285714285714,0.037142857142857144,0.04,0.28285714285714286,10.934285714285714,0.01593625498007968,0.0,0.042496554100029185,0.13240543222278608,5.450199203187251,0.0041603478139108155,0.008286174453038697,0.15249620868834649,0.0796812749003984,0,0.15439134498691248,0.25695434994631494,2.1393075855735253,0.66891609750773,0.0,0.9285714285714286,0.0,0.0,0.0,0.25083206956278215,0.25083206956278215
428,0.9826362552168745,0.45848332906677264,0.9545682702412046,0.46444381938785473,0.24899929058488912,0.4716706610504648,0.8924302788844621,0.42176904771319185,0.4263034183772203,0.13147410358565736,0.64,0.39406207613988464,0.4041881994670012,0.09714285714285714,0.02857142857142857,0.02857142857142857,0.28285714285714286,10.94,0.01593625498007968,0.0,0.042519222402236906,0.13239225973057359,5.450199203187251,0.004035537379493491,0.008038591086568347,0.1524213224276961,0.0796812749003984,0,0.15436167469054937,0.25566957819658337,2.1250928624334833,0.6671286974017466,0.0,0.9,0.0,0.0,0.0,0.2508071074758987,0.2508071074758987
429,0.9814677423389468,0.45758402674926535,0.9537302795773193,0.46419752838479467,0.24899929058488912,0.47192238186895047,0.900398406374502,0.422008091537893,0.4264827012457462,0.13147410358565736,0.6457142857142857,0.39423350471131324,0.40431677089557255,0.09714285714285714,0.03428571428571429,0.03428571428571429,0.28285714285714286,10.948571428571428,0.01593625498007968,0.0,0.042541228310269845,0.1323794824131275,5.450199203187251,0.003914471258108686,0.007798376165171983,0.1523486827548652,0.0796812749003984,0,0.1547320098885252,0.25439123030560046,2.1168767194705276,0.6732269466388356,0.0,0.8333333333333334,0.0,0.0,0.0,0.25078289425162176,0.25078289425162176
430,0.982301715930331,0.45850558002621045,0.9543283577814262,0.4645484148207279,0.24899929058488912,0.4719774861558704,0.8924302788844621,0.422008091537893,0.4264827012457462,0.13147410358565736,0.64,0.39423350471131324,0.40431677089557255,0.09714285714285714,0.037142857142857144,0.04,0.28285714285714286,10.957142857142857,0.01593625498007968,0.0,0.04256259066122437,0.1323670884152048,5.450199203187251,0.0037970371203654256,0.007565312112242317,0.15227822227221924,0.0796812749003984,0,0.15469455510203936,0.2531192741540725,2.1145391850811173,0.6597624077060589,0.0,1.0,0.0,0.0,0.0,0.2507594074240731,0.2507594074240731
431,0.9807773251205918,0.459409751889858,0.9532351518007277,0.46507213028360117,0.24899929058488912,0.47212019975982195,0.9163346613545816,0.42208777281279336,0.42654246220192155,0.13147410358565736,0.6571428571428571,0.39429064756845605,0.4043596280384297,0.09714285714285714,0.04285714285714286,0.045714285714285714,0.28285714285714286,10.974285714285715,0.01593625498007968,0.0,0.04258332778747877,0.13235506623721974,5.450199203187251,0.0036831260067544625,0.007339187674166858,0.15220987560405266,0.0796812749003984,0,0.15474922518367204,0.25185367778330214,2.117962687093781,0.695805209895093,0.0,0.9375,0.0,0.0,0.0,0.25073662520135087,0.25073662520135087
432,0.9813644355159975,0.4608929914384572,0.9534839985064236,0.4659416397305951,0.24899929058488912,0.4722590053617861,0.852,0.4220918151246657,0.4281842610053573,0.132,0.6085714285714285,0.39429064756845605,0.4043596280384297,0.09714285714285714,0.04285714285714286,0.045714285714285714,0.2857142857142857,10.982857142857142,0.012,0.002857142857142857,0.042592973117089095,0.13234340472457432,5.448,0.0035726322265518286,0.007119797742611067,0.1521435793359311,0.08,0,0.1543466219148965,0.2505944093943856,2.1213177190661905,0.6818891056971911,0.0,1.0,0.0,0.0,0.0,0.2507145264453104,0.2507145264453104
433,0.9796235443397756,0.4612576919621607,0.9522405048091224,0.4659650497475492,0.24899929058488912,0.4726003633617471,0.9,0.4220918151246657,0.4281842610053573,0.132,0.6428571428571429,0.39429064756845605,0.4043596280384297,0.09714285714285714,0.02,0.025714285714285714,0.2857142857142857,11.0,0.012,0.0,0.042633596533203366,0.13233209305730817,5.448,0.0034654532597552736,0.006906943181432812,0.15207927195585316,0.08,0,0.15417488880532204,0.24934143734741368,2.1046056503991526,0.6682513235832473,0.0,1.0,0.0,0.0,0.0,0.25069309065195106,0.25069309065195106
434,0.9795458172086252,0.46235867311979917,0.9521849854297291,0.46642798802378577,0.24899929058488912,0.47293710017616697,0.876,0.4220918151246657,0.4281842610053573,0.132,0.6257142857142857,0.39429064756845605,0.4043596280384297,0.09714285714285714,0.02,0.022857142857142857,0.2857142857142857,11.017142857142858,0.016,0.0,0.042652570150322026,0.13232112074006006,5.448,0.0033614896619626154,0.006700430658132306,0.15201689379717756,0.08,0,0.15364420597069905,0.24809473016067662,2.0853706802483125,0.6548862971115823,0.0,1.0,0.0,0.0,0.0,0.25067229793239254,0.25067229793239254
435,0.9786496441204122,0.46114551307078344,0.951578911017905,0.4657491361858456,0.24899929058488912,0.4732378683853874,0.8875502008032129,0.4226267831929548,0.42854089790328914,0.13253012048192772,0.6314285714285715,0.39446207613988465,0.40448819946700115,0.09714285714285714,0.04,0.045714285714285714,0.2885714285714286,11.048571428571428,0.012048192771084338,0.002857142857142857,0.042688599901630535,0.13231047759232936,5.437751004016064,0.003260644972103737,0.006500072479738717,0.15195638698326225,0.08032128514056225,0,0.154553217763184,0.24685425650987322,2.089377552357632,0.6528917964203469,0.0,0.875,0.0,0.0,0.0,0.25065212899442074,0.25065212899442074
436,0.9797887376124524,0.4624590291330237,0.9523892946736707,0.4660275619973971,0.24899929058488912,0.47348067521480663,0.8835341365461847,0.4228677470483765,0.4287216207948554,0.13253012048192772,0.6285714285714286,0.3946335047113132,0.4046167708955725,0.09714285714285714,0.04,0.04,0.2885714285714286,11.051428571428572,0.012048192771084338,0.0,0.04270648665280769,0.1323001537390306,5.437751004016064,0.0031628256229406246,0.006305686433034863,0.15189769537376438,0.08032128514056225,0,0.15506460165652877,0.2546621902920227,2.087590001310479,0.6774093450436758,0.0,0.8571428571428571,0.0,0.0,0.0,0.25063256512458815,0.25063256512458815
437,0.9791205615266105,0.4632468916303861,0.9519139351154575,0.46633565002477406,0.24899929058488912,0.4737182042424284,0.8955823293172691,0.4230283896186576,0.4288421027225662,0.13253012048192772,0.6371428571428571,0.394747790425599,0.4047024851812868,0.09714285714285714,0.025714285714285714,0.025714285714285714,0.2885714285714286,11.077142857142857,0.012048192771084338,0.0,0.042723847693592866,0.13229013960133076,5.437751004016064,0.0030679408542524057,0.0061170956290268474,0.15184076451255143,0.08032128514056225,0,0.15488927864824614,0.2533888793405626,2.0715524869985553,0.6751320446783411,0.0,0.8888888888888888,0.0,0.0,0.0,0.2506135881708505,0.2506135881708505
438,0.9797448636423026,0.46289603395770934,0.9523580814777642,0.4660390209732272,0.24899929058488912,0.47390157448653086,0.8955823293172691,0.4231087109037982,0.42890234368642166,0.13253012048192772,0.6371428571428571,0.3948049332827418,0.404745342324144,0.09714285714285714,0.05142857142857143,0.054285714285714284,0.2885714285714286,11.074285714285715,0.012048192771084338,0.0,0.0427406981557478,0.13228042588776193,5.437751004016064,0.0029759026286248335,0.005934128351560153,0.1517855415771749,0.08032128514056225,0,0.15514084080859422,0.25212193494385976,2.084407151544298,0.695840369670669,0.0,0.9473684210526315,0.0,0.0,0.0,0.250595180525725,0.250595180525725
439,0.9802577587919264,0.46328218481439953,0.9527229697413538,0.4667856650208899,0.24899929058488912,0.4740348615795638,0.891566265060241,0.4231087109037982,0.42890234368642166,0.13253012048192772,0.6342857142857142,0.3948049332827418,0.404745342324144,0.09714285714285714,0.03428571428571429,0.03428571428571429,0.2885714285714286,11.082857142857144,0.012048192771084338,0.0,0.04275705275451412,0.1322710035856003,5.437751004016064,0.0028866255497660884,0.005756617909990158,0.15173197532985966,0.08032128514056225,0,0.1547924258866941,0.2508613252691405,2.0770047227991264,0.6819235622772556,0.0,1.0,0.0,0.0,0.0,0.25057732510995323,0.25057732510995323
440,0.9808090193260799,0.4632905821491098,0.9531151522356517,0.4665932070508215,0.24899929058488912,0.47430352387645947,0.9036144578313253,0.4231087109037982,0.42890234368642166,0.13253012048192772,0.6428571428571429,0.3948049332827418,0.404745342324144,0.09714285714285714,0.025714285714285714,0.025714285714285714,0.2885714285714286,11.08,0.012048192771084338,0.0,0.04277292579892848,0.1322618639525033,5.437751004016064,0.002800026783273106,0.0055844024958126015,0.15168001606996387,0.08032128514056225,0,0.15433246375726062,0.2496070186427948,2.06117891405743,0.6682850910317105,0.0,1.0,0.0,0.0,0.0,0.2505600053566546,0.2505600053566546
441,0.9816464511425919,0.4635297643130105,0.9537109251565415,0.46701147714621793,0.24899929058488912,0.4745456708659593,0.8473895582329317,0.4231087109037982,0.42890234368642166,0.13253012048192772,0.6028571428571429,0.3948049332827418,0.404745342324144,0.09714285714285714,0.025714285714285714,0.03142857142857143,0.2885714285714286,11.097142857142858,0.012048192771084338,0.0,0.04278833120195442,0.1322529985083993,5.437751004016064,0.0027160259797749126,0.00541732504316228,0.15162961558786495,0.08032128514056225,0,0.15384623000990288,0.2483589835495808,2.0513839072048525,0.6549193892110763,0.0,1.0,0.0,0.0,0.0,0.25054320519595497,0.25054320519595497
442,0.9830990349855143,0.46334850604346817,0.954744334804792,0.46680479010635784,0.24899929058488912,0.47480345309067173,0.8995983935742972,0.4231087109037982,0.42890234368642166,0.13253012048192772,0.64,0.3948049332827418,0.404745342324144,0.09714285714285714,0.02,0.02,0.2885714285714286,11.111428571428572,0.012048192771084338,0.0,0.042803282490429,0.1322443990276185,5.437751004016064,0.002634545200381665,0.005255233093089617,0.151580727120229,0.08032128514056225,0,0.1534460130921033,0.24711718863183293,2.0303562290607555,0.6418210014268547,0.0,1.0,0.0,0.0,0.0,0.25052690904007635,0.25052690904007635
443,0.9825687573834047,0.46276537700589016,0.9543670801678626,0.4664000316632109,0.24899929058488912,0.4749956520873558,0.9116465863453815,0.4232693534740793,0.4290228256141325,0.13253012048192772,0.6485714285714286,0.3949192189970275,0.4048310566098583,0.09714285714285714,0.02,0.02,0.2885714285714286,11.128571428571428,0.012048192771084338,0.0,0.04281779281482331,0.13223605753126105,5.437751004016064,0.002555508844370215,0.005097978661524283,0.15153330530662212,0.08032128514056225,0,0.15339235516949992,0.24588160268867376,2.00974910447954,0.6394497222365094,0.0,0.8571428571428571,0.0,0.0,0.0,0.25051110176887403,0.25051110176887403
444,0.981488272317671,0.4630677205592761,0.9536318630711367,0.46630635866998243,0.24899929058488912,0.4751971195669546,0.9112903225806451,0.42411703841157433,0.4284286026719286,0.13306451612903225,0.6457142857142857,0.3949192189970275,0.4048310566098583,0.09714285714285714,0.054285714285714284,0.05714285714285714,0.2914285714285714,11.134285714285713,0.008064516129032258,0.002857142857142857,0.042843478554875275,0.1322279662797943,5.42741935483871,0.0024788435790391084,0.004945418110839261,0.15148730614742345,0.08064516129032258,0,0.1535058454652059,0.2446521946752304,2.0266969795328063,0.6266607277917792,0.0,1.0,0.0,0.0,0.0,0.2504957687158078,0.2504957687158078
445,0.981777703024899,0.46287704666278023,0.9538369454008294,0.46610796912184194,0.24899929058488912,0.4753590615184474,0.8911290322580645,0.42427832873415494,0.4285495704138641,0.13306451612903225,0.6314285714285715,0.39503350471131315,0.4049167708955726,0.09714285714285714,0.03142857142857143,0.03428571428571429,0.2914285714285714,11.16,0.008064516129032258,0.0,0.04286377444687864,0.13222011776587156,5.42741935483871,0.002404478271667935,0.004797412024927561,0.15144268696300076,0.08064516129032258,0,0.153812946564281,0.24342893370185423,2.0204487542278646,0.6612883193224481,0.0,0.9166666666666666,0.0,0.0,0.0,0.25048089565433357,0.25048089565433357
446,0.9814400519759177,0.46290552109152894,0.9535976955146941,0.46615499133575083,0.24899929058488912,0.47556703069099115,0.9193548387096774,0.42427832873415494,0.4285495704138641,0.13306451612903225,0.6514285714285715,0.39503350471131315,0.4049167708955726,0.09714285714285714,0.037142857142857144,0.04285714285714286,0.2914285714285714,11.182857142857143,0.008064516129032258,0.0,0.04287704562844722,0.13221250470736656,5.42741935483871,0.002332343923517897,0.004653825087704844,0.15139940635411073,0.08064516129032258,0,0.153443453260031,0.24221178903334498,2.02289692200045,0.6480625529359991,0.0,1.0,0.0,0.0,0.0,0.2504664687847036,0.2504664687847036
447,0.9815199320075467,0.46269518778885654,0.95365429622282,0.4656518620986232,0.24899929058488912,0.4757899186701036,0.8911290322580645,0.42427832873415494,0.4285495704138641,0.13306451612903225,0.6314285714285715,0.39503350471131315,0.4049167708955726,0.09714285714285714,0.03142857142857143,0.03142857142857143,0.2914285714285714,11.202857142857143,0.008064516129032258,0.0,0.042889924621203036,0.13220512004061669,5.42741935483871,0.0022623736058123597,0.00451452596495705,0.1513574241634874,0.08064516129032258,0,0.15301837956515943,0.24100073008817824,2.013867554989013,0.6351013018772792,0.0,1.0,0.0,0.0,0.0,0.2504524747211625,0.2504524747211625
448,0.9811733956938664,0.4633534106524775,0.9534087504919837,0.4660454467526714,0.24899929058488912,0.475853574045372,0.8588709677419355,0.4245202642180259,0.42873102202676727,0.13306451612903225,0.6085714285714285,0.39520493328274175,0.4050453423241441,0.09714285714285714,0.037142857142857144,0.037142857142857144,0.2914285714285714,11.205714285714286,0.008064516129032258,0.0,0.042902422841038595,0.13219795691386935,5.42741935483871,0.002194502397637989,0.0043793871894469705,0.15131670143858278,0.08064516129032258,0,0.15342428766733365,0.2434396253730934,2.0107330610320893,0.6835039026317199,0.0,0.8461538461538461,0.0,0.0,0.0,0.2504389004795276,0.2504389004795276
449,0.9819986212041055,0.4639322267284638,0.9539934817106672,0.466113886917357,0.24899929058488912,0.4758899888510537,0.8629032258064516,0.4245202642180259,0.42873102202676727,0.13306451612903225,0.6114285714285714,0.39520493328274175,0.4050453423241441,0.09714285714285714,0.037142857142857144,0.037142857142857144,0.2914285714285714,11.22,0.008064516129032258,0.0,0.042914551381894935,0.13219100868092434,5.42741935483871,0.002128667325708849,0.004248285049200606,0.1512772003954253,0.08064516129032258,0,0.15314046049687197,0.24222242724622794,2.0076612569543046,0.6698338245790855,0.0,1.0,0.0,0.0,0.0,0.25042573346514174,0.25042573346514174
