t,mean_x,mean_y,mean_x_all,mean_y_all,mean_L,y0,mean_epc,mean_r,mean_b,fund_prevalence,mean_epc_all,mean_r_all,mean_b_all,fund_prevalence_all,punish_rate,mean_punished,exit_rate,mean_exit_intent,exit_attempt_rate,exit_success_rate,p_opp_mean,stay_value,mean_degree_active,threat,A,budget,enforcer_frac,n_cadre_fallback,cap_mean,cap_p90,service_mean,service_p90,monopoly_on,enforcer_punish_share_step,alpha_punish_revalue,delta_outside_degrade,mu_membership_reward,current_delta,eta_delta_drift,punish_floor,punish_intensity_step,pi_reward,lam_punish
0,0.3465156641978256,0.4963476175335591,0.3465156641978256,0.4963476175335591,0.23726716252825136,0.5,0.0,0.33548787724778145,0.3272764169736062,0.002857142857142857,0.0,0.33548787724778145,0.3272764169736062,0.002857142857142857,0.0,0.0,0.0,0.0,0.0,0.0,0.5,0.0,11.794285714285714,0.0,0.0,0.0,0.0,0,0.0,0.0,0.0,0.0,0.0,0.0,0.0,0.2,0.0,0.2,0.3,0.08,0.0,0.25,0.25
1,0.35714444673790174,0.4965104850083987,0.35714444673790174,0.4965104850083987,0.23726716252825136,0.49358515722094726,0.6314285714285715,0.33640216296206715,0.3279621312593205,0.002857142857142857,0.6314285714285715,0.33640216296206715,0.3279621312593205,0.002857142857142857,0.037142857142857144,0.037142857142857144,0.0,0.045714285714285714,0.0,0.0,0.026607126754388567,0.08436634914903715,11.794285714285714,0.0,0.0,0.15,0.08,28,0.005571428571428571,0.0,0.037142857142857144,0.0,0.0,0.8461538461538461,0.0,0.2,0.0,0.2,0.3,0.08,0.037142857142857144,0.25,0.25
2,0.3657118278089486,0.49590129735141353,0.3657118278089486,0.49590129735141353,0.23726716252825136,0.48822718382177077,0.8428571428571429,0.33725930581921,0.3286049884021776,0.005714285714285714,0.8428571428571429,0.33725930581921,0.3286049884021776,0.005714285714285714,0.025714285714285714,0.025714285714285714,0.0,0.04285714285714286,0.0,0.0,0.026607126754388567,0.08436634914903715,11.794285714285714,0.0,0.0,0.15,0.08,24,0.009400714285714287,0.0,0.06211428571428572,0.0,0.0,1.0,0.0,0.2,0.0,0.2,0.3,0.08,0.025714285714285714,0.25,0.25
3,0.3726932755716125,0.49560858809836306,0.3726932755716125,0.49560858809836306,0.23726716252825136,0.48779488610773036,0.9057142857142857,0.3381735915334957,0.3292907026878919,0.005714285714285714,0.9057142857142857,0.3381735915334957,0.3292907026878919,0.005714285714285714,0.03142857142857143,0.03428571428571429,0.0,0.03428571428571429,0.0,0.0,0.026607126754388567,0.08436634914903715,11.794285714285714,0.0,0.0,0.15,0.08,22,0.014496567857142857,0.0,0.09515771428571429,0.0,0.0,0.9166666666666666,0.0,0.2,0.0,0.2,0.3,0.08,0.03142857142857143,0.25,0.25
4,0.38272527631202985,0.4949193411244721,0.38272527631202985,0.4949193411244721,0.23726716252825136,0.4872888415204328,0.9142857142857143,0.3394878772477814,0.3302764169736062,0.005714285714285714,0.9142857142857143,0.3394878772477814,0.3302764169736062,0.005714285714285714,0.037142857142857144,0.037142857142857144,0.0,0.06,0.0,0.0,0.026607126754388567,0.08436634914903715,11.794285714285714,0.0,0.0,0.15,0.08,20,0.019995513589285713,0.0,0.13039741714285716,0.0,0.0,1.0,0.0,0.2,0.0,0.2,0.3,0.08,0.037142857142857144,0.25,0.25
5,0.3917886663189711,0.49478337189461175,0.3917886663189711,0.49478337189461175,0.23726716252825136,0.4873674018251681,0.8942857142857142,0.34063073439063857,0.33113355983074905,0.008571428571428572,0.8942857142857142,0.34063073439063857,0.33113355983074905,0.008571428571428572,0.03142857142857143,0.03142857142857143,0.0,0.05714285714285714,0.0,0.0,0.026607126754388567,0.08436634914903715,11.794285714285714,0.0,0.0,0.15,0.08,17,0.024609821735625,0.0,0.15921804022857142,0.0,0.0,1.0,0.0,0.2,0.0,0.2,0.3,0.08,0.03142857142857143,0.25,0.25
6,0.40081713429256005,0.4954900407416419,0.40081713429256005,0.4954900407416419,0.23726716252825136,0.48882107831132104,0.8942857142857142,0.3419450201049243,0.33211927411646336,0.008571428571428572,0.8942857142857142,0.3419450201049243,0.33211927411646336,0.008571428571428572,0.045714285714285714,0.05142857142857143,0.0,0.04285714285714286,0.0,0.0,0.026607126754388567,0.08436634914903715,11.794285714285714,0.0,0.0,0.15,0.08,14,0.03220105834123259,0.0,0.20746225085257144,0.0,0.0,0.8888888888888888,0.0,0.2,0.0,0.2,0.3,0.08,0.045714285714285714,0.25,0.25
7,0.41139864027869616,0.49517769514582466,0.41139864027869616,0.49517769514582466,0.23726716252825136,0.4900671599378864,0.9257142857142857,0.3438307343906386,0.33353355983074906,0.014285714285714285,0.9257142857142857,0.3438307343906386,0.33353355983074906,0.014285714285714285,0.04857142857142857,0.04857142857142857,0.0,0.08571428571428572,0.0,0.0,0.026607126754388567,0.08436634914903715,11.794285714285714,0.0,0.0,0.15,0.08,12,0.039325767335240715,0.0,0.2518844344069485,0.0,0.0,1.0,0.0,0.2,0.0,0.2,0.3,0.08,0.04857142857142857,0.25,0.25
8,0.42174521272687443,0.49557946484132687,0.42174521272687443,0.49557946484132687,0.23726716252825136,0.4901399636941058,0.92,0.3461571738965324,0.3352064202446369,0.02,0.92,0.3461571738965324,0.3352064202446369,0.02,0.07142857142857142,0.08,0.0,0.08571428571428572,0.0,0.0,0.026607126754388567,0.08436634914903715,11.794285714285714,0.0,0.0,0.15,0.08,11,0.05095779783349024,0.0,0.32684674571880956,0.0,0.0,0.9285714285714286,0.0,0.2,0.0,0.2,0.3,0.08,0.07142857142857142,0.25,0.25
9,0.43140683806312113,0.4953596974176512,0.43140683806312113,0.4953596974176512,0.23726716252825136,0.49282509594475765,0.8828571428571429,0.3474092774608749,0.33623499167320836,0.02,0.8828571428571429,0.3474092774608749,0.33623499167320836,0.02,0.04857142857142857,0.054285714285714284,0.0,0.06857142857142857,0.0,0.0,0.026607126754388567,0.08436634914903715,11.794285714285714,0.0,0.0,0.15,0.08,10,0.05736896823049421,0.0,0.3745955250901477,0.0,0.0,0.9473684210526315,0.0,0.2,0.0,0.2,0.3,0.08,0.04857142857142857,0.25,0.25
10,0.4405728547529447,0.49501359301432557,0.4405728547529447,0.49501359301432557,0.23726716252825136,0.49509732658412725,0.8714285714285714,0.34815381314770416,0.3370155957091085,0.02,0.8714285714285714,0.34815381314770416,0.3370155957091085,0.02,0.054285714285714284,0.05714285714285714,0.0,0.12285714285714286,0.0,0.0,0.026607126754388567,0.08436634914903715,11.794285714285714,0.0,0.0,0.15,0.08,7,0.06296368324880919,0.0,0.4242464717312017,0.0,0.0,0.9,0.0,0.2,0.0,0.2,0.3,0.08,0.054285714285714284,0.25,0.25
11,0.4509313490472325,0.49513989743192877,0.4509313490472325,0.49513989743192877,0.23726716252825136,0.4975198966498618,0.8771428571428571,0.3493418718481,0.33821559570910853,0.025714285714285714,0.8771428571428571,0.3493418718481,0.33821559570910853,0.025714285714285714,0.06,0.06,0.0,0.13428571428571429,0.0,0.0,0.026607126754388567,0.08436634914903715,11.794285714285714,0.0,0.0,0.15,0.08,6,0.06900819546675459,0.0,0.4757615422965778,0.0,0.0,1.0,0.0,0.2,0.0,0.2,0.3,0.08,0.06,0.25,0.25
12,0.4605649885555304,0.4952408389930801,0.4605649885555304,0.4952408389930801,0.23726716252825136,0.49816740993668795,0.9371428571428572,0.3500267809979359,0.3392870242805371,0.025714285714285714,0.9371428571428572,0.3500267809979359,0.3392870242805371,0.025714285714285714,0.04857142857142857,0.04857142857142857,0.0,0.15714285714285714,0.0,0.0,0.026607126754388567,0.08436634914903715,11.794285714285714,0.0,0.0,0.15,0.08,6,0.07199752975027426,0.0,0.5148177400220748,0.0,0.0,1.0,0.0,0.2,0.0,0.2,0.3,0.08,0.04857142857142857,0.25,0.25
13,0.47032291619600514,0.4956154210202804,0.47032291619600514,0.4956154210202804,0.23726716252825136,0.49882246637190947,0.8914285714285715,0.35134106671222154,0.34032210211261626,0.02857142857142857,0.8914285714285715,0.35134106671222154,0.34032210211261626,0.02857142857142857,0.05714285714285714,0.06,0.0,0.18,0.0,0.0,0.026607126754388567,0.08436634914903715,11.794285714285714,0.0,0.0,0.15,0.08,6,0.07732311353009431,0.0,0.5645213852216333,0.0,0.0,1.0,0.0,0.2,0.0,0.2,0.3,0.08,0.05714285714285714,0.25,0.25
14,0.47841687582778036,0.49513752439452874,0.47841687582778036,0.49513752439452874,0.23726716252825136,0.49931474477865856,0.9057142857142857,0.3522921967953612,0.3416078163983305,0.02857142857142857,0.9057142857142857,0.3522921967953612,0.3416078163983305,0.02857142857142857,0.06571428571428571,0.06857142857142857,0.0,0.23714285714285716,0.0,0.0,0.026607126754388567,0.08436634914903715,11.794285714285714,0.0,0.0,0.15,0.08,5,0.08115068475246529,0.0,0.6218023860886291,0.0,0.0,0.9583333333333334,0.0,0.2,0.0,0.2,0.3,0.08,0.06571428571428571,0.25,0.25
15,0.48828703746016094,0.4943417519774128,0.48828703746016094,0.4943417519774128,0.23726716252825136,0.4997663237408403,0.8771428571428571,0.3530350539382183,0.34243735567715883,0.03142857142857143,0.8771428571428571,0.3530350539382183,0.34243735567715883,0.03142857142857143,0.05714285714285714,0.05714285714285714,0.0,0.3,0.0,0.0,0.026607126754388567,0.08436634914903715,11.794285714285714,0.0,0.0,0.15,0.08,5,0.08471635990013153,0.01398345179123425,0.6665091955097137,0.07536419414750731,0.0,0.95,0.0,0.2,0.0,0.2,0.3,0.08,0.05714285714285714,0.25,0.25
16,0.49640666261403776,0.49415990646067953,0.49640666261403776,0.49415990646067953,0.23726716252825136,0.499714931259817,0.8714285714285714,0.3541872177896565,0.3434192397775942,0.03428571428571429,0.8714285714285714,0.3541872177896565,0.3434192397775942,0.03428571428571429,0.05714285714285714,0.05714285714285714,0.0,0.36857142857142855,0.0,0.0,0.026607126754388567,0.08436634914903715,11.794285714285714,0.0,0.0,0.15,0.08,4,0.08948047841493512,0.013913534532278076,0.7103218687423766,0.07385691026455715,0.0,1.0,0.0,0.2,0.0,0.2,0.3,0.08,0.05714285714285714,0.25,0.25
17,0.5079878074065687,0.49407991368806636,0.5079878074065687,0.49407991368806636,0.23726716252825136,0.4996666584999812,0.8857142857142857,0.3539202396953588,0.3433763826347371,0.03428571428571429,0.8857142857142857,0.3539202396953588,0.3433763826347371,0.03428571428571429,0.06857142857142857,0.06857142857142857,0.0,0.44857142857142857,0.0,0.0,0.026607126754388567,0.08436634914903715,11.794285714285714,0.0,0.0,0.15,0.08,3,0.09454188808806693,0.14482809702142263,0.7646868599389577,0.8681255332467198,0.0,0.6666666666666666,0.0,0.2,0.0,0.2,0.3,0.08,0.06857142857142857,0.25,0.25
18,0.5164669695306326,0.4928227590434731,0.5164669695306326,0.4928227590434731,0.23726716252825136,0.4996239556757164,0.9,0.35523452540964445,0.3450478112061657,0.037142857142857144,0.9,0.35523452540964445,0.3450478112061657,0.037142857142857144,0.07142857142857142,0.08285714285714285,0.0,0.5085714285714286,0.0,0.0,0.026607126754388567,0.08436634914903715,11.794285714285714,0.0,0.0,0.15,0.08,3,0.09946860793334088,0.14410395653631553,0.8322502655973215,0.8507630225817854,0.0,1.0,0.0,0.2,0.0,0.2,0.3,0.08,0.07142857142857142,0.25,0.25
19,0.5255459706161555,0.49276431576491386,0.5255459706161555,0.49276431576491386,0.23726716252825136,0.49955663784943477,0.8514285714285714,0.3559202396953588,0.34620495406330853,0.037142857142857144,0.8514285714285714,0.3559202396953588,0.34620495406330853,0.037142857142857144,0.08571428571428572,0.08857142857142856,0.0,0.6171428571428571,0.0,0.0,0.01715648704107266,0.08436634914903715,11.794285714285714,0.0,0.0,0.15,0.08,3,0.10299179020748868,0.14850375,0.9041766888568035,0.9603999999999999,0.0,0.9354838709677419,0.0,0.2,0.0,0.44,0.3,0.08,0.08571428571428572,0.25,0.25
20,0.5356895787923255,0.49363494251932905,0.5356895787923255,0.49363494251932905,0.23726716252825136,0.4996916439062069,0.8628571428571429,0.35718256718080704,0.3474795427194726,0.037142857142857144,0.8628571428571429,0.35718256718080704,0.3474795427194726,0.037142857142857144,0.08571428571428572,0.09428571428571429,0.0,0.7571428571428571,0.002857142857142857,0.0,0.011397383864402269,0.08436634914903715,11.794285714285714,0.0,0.0,0.15,0.08,2,0.10867683125645121,0.14776123124999999,0.9803788693653818,0.9411919999999999,0.0,0.9696969696969697,0.0,0.2,0.0,0.608,0.3,0.08,0.08571428571428572,0.25,0.25
21,0.5486844560812967,0.49381387045046576,0.5486844560812967,0.49381387045046576,0.23726716252825136,0.49971248930901035,0.86,0.3589573571496463,0.3490816961497885,0.04285714285714286,0.86,0.3589573571496463,0.3490816961497885,0.04285714285714286,0.10857142857142857,0.11714285714285715,0.0,0.8771428571428571,0.002857142857142857,0.0,0.0077113007377636175,0.08436634914903715,11.794285714285714,0.0,0.0,0.15,0.08,2,0.11505539433951595,0.14702242509375,1.0779141491209312,0.9223681599999999,0.0,0.975609756097561,0.0,0.2,0.0,0.7256,0.3,0.08,0.10857142857142857,0.25,0.25
22,0.558561306426005,0.4938049568682957,0.558561306426005,0.4938049568682957,0.23726716252825136,0.5004558894686881,0.8371428571428572,0.3603094570260371,0.3503158750349594,0.04285714285714286,0.8371428571428572,0.3603094570260371,0.3503158750349594,0.04285714285714286,0.10857142857142857,0.11428571428571428,0.0,1.0085714285714287,0.002857142857142857,0.0,0.005277636014463409,0.08436634914903715,11.794285714285714,0.0,0.0,0.15,0.08,1,0.12045640032050567,0.14628731296828124,1.170641580424227,0.9039207967999998,0.0,0.95,0.0,0.2,0.0,0.80792,0.3,0.08,0.10857142857142857,0.25,0.25
23,0.5669558824542437,0.49345264319583376,0.5669558824542437,0.49345264319583376,0.23726716252825136,0.5009750371135728,0.8285714285714286,0.3615775610550866,0.3516007655672048,0.04285714285714286,0.8285714285714286,0.3615775610550866,0.3516007655672048,0.04285714285714286,0.10571428571428572,0.12285714285714286,0.0,1.1457142857142857,0.008571428571428572,0.0,0.0036388105102141853,0.08436634914903715,11.794285714285714,0.0,0.0,0.15,0.08,0,0.12619683260461742,0.14570253127247088,1.2700858916728852,0.8894949587776007,0.0,0.9767441860465116,0.0,0.2,0.0,0.865544,0.3,0.08,0.10571428571428572,0.25,0.25
24,0.5769369858333566,0.49413015536531274,0.5763745706554306,0.493882969499121,0.23726716252825136,0.5012633556889674,0.8166189111747851,0.36089440220424157,0.351032286385449,0.045845272206303724,0.8142857142857143,0.36272041819794376,0.3528864798529191,0.04857142857142857,0.10315186246418338,0.12,0.002857142857142857,1.2485714285714287,0.011461318051575931,0.002857142857142857,0.0025223548199559027,0.08436634914903715,11.736389684813753,0.0,0.0,0.15,0.07736389684813753,0,0.13131765330956086,0.14628731296828124,1.3646841738394275,0.9039207967999998,0.0,0.9761904761904762,0.0,0.2,0.0,0.9058808,0.3,0.08,0.10571428571428572,0.25,0.25
25,0.5851344229255875,0.49444872220391933,0.5845485864988266,0.4941868152781717,0.23726716252825136,0.5020138223983642,0.7392550143266475,0.36141016151656247,0.3516192486150769,0.045845272206303724,0.7371428571428571,0.3632347039122295,0.3534717650476052,0.04857142857142857,0.10028653295128939,0.11142857142857143,0.002857142857142857,1.3914285714285715,0.017191977077363897,0.0,0.0017543628317213602,0.08436634914903715,11.736389684813753,0.0,0.0,0.15,0.08022922636103152,1,0.1352248105378164,0.147096305709375,1.44881906179121,0.9242505440000003,0.0,0.9230769230769231,0.0,0.2,0.0,0.93411656,0.3,0.08,0.10028653295128939,0.25,0.25
26,0.5935147966612335,0.49510046227755605,0.5929050163095135,0.4948616311712999,0.23726716252825136,0.5027216861941369,0.7908309455587392,0.36244651028808766,0.3525648073543318,0.04871060171919771,0.7885714285714286,0.3642680916872646,0.3544146221904623,0.05142857142857143,0.11461318051575932,0.12571428571428572,0.002857142857142857,1.6085714285714285,0.02005730659025788,0.0,0.0012220730971444532,0.08436634914903715,11.736389684813753,0.0,0.0,0.15,0.08022922636103152,0,0.13658449055902497,0.14636082418082813,1.5455569662696715,0.9057655331200002,0.0,1.0,0.0,0.2,0.0,0.953881592,0.3,0.08,0.11461318051575932,0.25,0.25
27,0.6017629161937846,0.4947998502864323,0.6011295697862574,0.4945551629649531,0.23726716252825136,0.5030721505367706,0.7507163323782235,0.3635353355029874,0.35355466211639935,0.04871060171919771,0.7485714285714286,0.3653538059729789,0.35540164879606684,0.05142857142857143,0.09455587392550144,0.10571428571428572,0.002857142857142857,1.7885714285714285,0.03151862464183381,0.0,0.0008525630871776612,0.08436634914903715,11.736389684813753,0.0,0.0,0.15,0.08022922636103152,0,0.1391952029929458,0.14562902005992398,1.6203601126585636,0.8876502224576002,0.0,1.0,0.0,0.2,0.0,0.9677171144,0.3,0.08,0.09455587392550144,0.25,0.25
28,0.6097058993619533,0.49470996636358433,0.6090498587168027,0.49443138649612745,0.23726716252825136,0.503307487638167,0.7593123209169055,0.36452646967333635,0.35441426097026757,0.04871060171919771,0.7571428571428571,0.3663421083314126,0.35625879165320967,0.05142857142857143,0.1346704871060172,0.14285714285714285,0.002857142857142857,1.957142857142857,0.03724928366762178,0.0,0.0005953934508878465,0.08436634914903715,11.736389684813753,0.0,0.0,0.15,0.08022922636103152,0,0.14244151269226676,0.14555587640343984,1.7308100532625355,0.8858423808639998,0.0,0.98,0.0,0.2,0.0,0.97740198008,0.3,0.08,0.1346704871060172,0.25,0.25
29,0.6151943781343638,0.49563502402784626,0.614522656121292,0.4953254681165033,0.23726716252825136,0.5033516164058929,0.7220630372492837,0.3644118564928206,0.3549730002252819,0.04871060171919771,0.72,0.36622782261712683,0.35681593451035254,0.05142857142857143,0.07449856733524356,0.07428571428571429,0.002857142857142857,2.1714285714285713,0.04871060171919771,0.0,0.0005953934508878465,0.08436634914903715,11.736389684813753,0.0,0.0,0.15,0.08022922636103152,0,0.1425004479859483,0.14490087495962437,1.7704795664829993,0.8698972180084482,0.0,0.9615384615384616,0.0,0.2,0.0,0.97740198008,0.3,0.08,0.07449856733524356,0.25,0.25
30,0.6209277636673636,0.49560980440308633,0.620239660552769,0.495317276402012,0.23726716252825136,0.5034499645460515,0.670487106017192,0.3650422289856573,0.35604848286282936,0.05157593123209169,0.6685714285714286,0.36685639404569825,0.35788834434036415,0.054285714285714284,0.1346704871060172,0.1457142857142857,0.002857142857142857,2.382857142857143,0.06303724928366762,0.0,0.00041609398891660787,0.08436634914903715,11.736389684813753,0.0,0.0,0.15,0.08022922636103152,0,0.14578723146030426,0.14497401861610854,1.8807842608676246,0.8717050596020486,0.0,0.9803921568627451,0.0,0.2,0.0,0.984181386056,0.3,0.08,0.1346704871060172,0.25,0.25
31,0.6272742534958952,0.49594120533152636,0.6265680175532191,0.49567358513581145,0.23726716252825136,0.5035698492292666,0.6532951289398281,0.3656152948882361,0.3566931820032305,0.054441260744985676,0.6514285714285715,0.3674278226171268,0.3585312014832213,0.05714285714285714,0.10888252148997135,0.10857142857142857,0.002857142857142857,2.577142857142857,0.07163323782234957,0.0,0.0002909335728001214,0.08436634914903715,11.736389684813753,0.0,0.0,0.15,0.08022922636103152,0,0.14751543816014562,0.14424914852302798,1.9517400042217008,0.8542709584100077,0.0,1.0,0.0,0.2,0.0,0.9889269702392001,0.3,0.08,0.10888252148997135,0.25,0.25
32,0.6340363878929297,0.4964291042162728,0.6333108315662621,0.49610557367111857,0.23726716252825136,0.5034634898129805,0.6590257879656161,0.36613105420055697,0.35733788114363163,0.054441260744985676,0.6571428571428571,0.3679421083314126,0.35917405862607843,0.05714285714285714,0.09455587392550144,0.1,0.002857142857142857,2.817142857142857,0.08022922636103152,0.0,0.00020349128755235634,0.08436634914903715,11.736389684813753,0.0,0.0,0.15,0.08022922636103152,0,0.14929186096934485,0.14352790278041283,2.0127052041372666,0.8371855392418075,0.0,1.0,0.0,0.2,0.0,0.9922488791674401,0.3,0.08,0.09455587392550144,0.25,0.25
33,0.6410920607958387,0.4956190620222768,0.6403463454037341,0.49533118847893465,0.23726716252825136,0.5032685304003404,0.6504297994269341,0.36710526623494094,0.35828343988288663,0.05730659025787966,0.6485714285714286,0.3689135369028411,0.36011691576893556,0.06,0.12607449856733524,0.14285714285714285,0.002857142857142857,3.045714285714286,0.08595988538681948,0.0,0.00014236461316042708,0.08436634914903715,11.736389684813753,0.0,0.0,0.15,0.08022922636103152,0,0.15303693375086835,0.14410395653631553,2.1153082429116643,0.8507630225817854,0.0,0.98,0.0,0.2,0.0,0.994574215417208,0.3,0.08,0.12607449856733524,0.25,0.25
34,0.6474662778227248,0.49590233636640413,0.6467023503819722,0.49561893121168366,0.23726716252825136,0.5026076062155224,0.66189111747851,0.3680794782693249,0.3594278664394483,0.05730659025787966,0.66,0.3698849654742697,0.3612580725353356,0.06,0.11461318051575932,0.12285714285714286,0.002857142857142857,3.2714285714285714,0.09742120343839542,0.0,9.961644529570553e-05,0.08436634914903715,11.736389684813753,0.0,0.0,0.15,0.08022922636103152,0,0.15398683172045416,0.14338343675363394,2.195859220910574,0.8337477621301497,0.0,1.0,0.0,0.2,0.0,0.9962019507920457,0.3,0.08,0.11461318051575932,0.25,0.25
35,0.6561585049006219,0.4964124932573429,0.6553697425253608,0.4961138478639988,0.23726716252825136,0.502025253672219,0.5616045845272206,0.36888177053293525,0.36002958563715604,0.06017191977077364,0.56,0.3706849654742697,0.3618580725353356,0.06285714285714286,0.10028653295128939,0.11428571428571428,0.002857142857142857,3.52,0.11174785100286533,0.0,6.971253063228746e-05,0.08436634914903715,11.736389684813753,0.0,0.0,0.15,0.08022922636103152,0,0.15661661184756617,0.14295545525322323,2.2662277507780764,0.8239497642851935,0.0,0.95,0.0,0.2,0.0,0.997341365554432,0.3,0.08,0.10028653295128939,0.25,0.25
36,0.6634663812695349,0.4971221373369344,0.6626567392475056,0.49682364387500766,0.23726716252825136,0.5014875277365406,0.5759312320916905,0.3694515635218451,0.36058832489217035,0.06303724928366762,0.5742857142857143,0.37125313048321135,0.36241521539247845,0.06571428571428571,0.10315186246418338,0.11142857142857143,0.002857142857142857,3.7485714285714287,0.12320916905444126,0.0,4.878947861361957e-05,0.08436634914903715,11.736389684813753,0.0,0.0,0.15,0.08022922636103152,0,0.15952944610298153,0.14791010812500002,2.3323317671910866,0.9450728000000008,0.0,0.9230769230769231,0.0,0.2,0.0,0.9981389558881024,0.3,0.08,0.10315186246418338,0.25,0.25
37,0.670436850633873,0.49711119035779305,0.6696072929850884,0.49679240928986107,0.23726716252825136,0.500990486990871,0.5873925501432665,0.3707123085075185,0.3618089589813357,0.0659025787965616,0.5857142857142857,0.3725102733403542,0.36363236195567467,0.06857142857142857,0.1174785100286533,0.13142857142857142,0.002857142857142857,3.9714285714285715,0.12893982808022922,0.0,3.414808425063215e-05,0.08436634914903715,11.736389684813753,0.0,0.0,0.15,0.08022922636103152,0,0.16102289703549105,0.148578375,2.4171137032758363,0.9623600000000003,0.0,0.9782608695652174,0.0,0.2,0.0,0.9986972691216717,0.3,0.08,0.1174785100286533,0.25,0.25
38,0.6755683033505335,0.4972949750977153,0.6747240844082727,0.4969736502432284,0.23726716252825136,0.500293732565043,0.5816618911174785,0.37063942426720053,0.3619984937513619,0.0659025787965616,0.58,0.37243759734072285,0.3638213551977866,0.06857142857142857,0.07163323782234957,0.07428571428571429,0.002857142857142857,4.162857142857143,0.15759312320916904,0.0,3.414808425063215e-05,0.08436634914903715,11.736389684813753,0.0,0.0,0.15,0.08022922636103152,0,0.1613320682645993,0.14865337500000003,2.4430571434960333,0.9643600000000009,0.0,0.9230769230769231,0.0,0.2,0.0,0.9986972691216717,0.3,0.08,0.07163323782234957,0.25,0.25
39,0.6814634636870758,0.49830285539606717,0.6806024014295677,0.4979518674360028,0.23726716252825136,0.49961967365210713,0.5300859598853869,0.3707844931355325,0.36217485924569287,0.0659025787965616,0.5285714285714286,0.37258225172657383,0.3639972167907052,0.06857142857142857,0.10028653295128939,0.10285714285714286,0.002857142857142857,4.348571428571429,0.16045845272206305,0.0,2.390143002200322e-05,0.08436634914903715,11.736389684813753,0.0,0.0,0.15,0.08022922636103152,0,0.16143897935184773,0.14925,2.4970531434832557,0.98,0.0,0.9722222222222222,0.0,0.2,0.0,0.9990880883851702,0.3,0.08,0.10028653295128939,0.25,0.25
40,0.6873407341563984,0.4984351972876297,0.6864628796975494,0.4981179649588136,0.23726716252825136,0.49899474941126293,0.5272206303724928,0.371013719496564,0.36273359850070713,0.0659025787965616,0.5257142857142857,0.3728108231551453,0.364554359647848,0.06857142857142857,0.10601719197707736,0.12285714285714286,0.002857142857142857,4.62,0.166189111747851,0.0,1.672990914650718e-05,0.08436634914903715,11.736389684813753,0.0,0.0,0.15,0.08022922636103152,0,0.1619457844550885,0.14850375,2.5699692234707334,0.9603999999999999,0.0,1.0,0.0,0.2,0.0,0.9993616618696191,0.3,0.08,0.10601719197707736,0.25,0.25
41,0.6922901653307694,0.49794666461749826,0.6913981696399936,0.4975958973917763,0.23726716252825136,0.49850570715898646,0.5186246418338109,0.371472172218627,0.3632063778703347,0.0659025787965616,0.5171428571428571,0.37326796601228807,0.3650257882192766,0.06857142857142857,0.11174785100286533,0.11428571428571428,0.002857142857142857,4.825714285714286,0.17765042979942694,0.0,1.171040149594686e-05,0.08436634914903715,11.736389684813753,0.0,0.0,0.15,0.08022922636103152,0,0.1644789126756702,0.14776123124999999,2.632855553287033,0.9411919999999999,0.0,0.975,0.0,0.2,0.0,0.9995531633087333,0.3,0.08,0.11174785100286533,0.25,0.25
42,0.6983586907145147,0.49851813328041966,0.6974493563797856,0.498140234457386,0.23726716252825136,0.49799645951053034,0.498567335243553,0.37170139857965856,0.36380809706804246,0.0659025787965616,0.49714285714285716,0.37349653744085953,0.3656257882192766,0.06857142857142857,0.12607449856733524,0.12857142857142856,0.002857142857142857,5.06,0.18911174785100288,0.0,8.197018980359537e-06,0.08436634914903715,11.736389684813753,0.0,0.0,0.15,0.08022922636103152,0,0.16630285754263457,0.14702242509375,2.708769870792721,0.9223681599999999,0.0,1.0,0.0,0.2,0.0,0.9996872143161133,0.3,0.08,0.12607449856733524,0.25,0.25
43,0.7042707403352466,0.4983262033445083,0.7033445144301723,0.49797898143411284,0.23726716252825136,0.49751081061482005,0.4670487106017192,0.37193062494069,0.3641585084695189,0.0659025787965616,0.4657142857142857,0.373725108869431,0.3659751984453203,0.06857142857142857,0.09169054441260745,0.1,0.002857142857142857,5.242857142857143,0.19484240687679083,0.0,5.737784886357116e-06,0.08436634914903715,11.736389684813753,0.0,0.0,0.15,0.08022922636103152,0,0.16664277182634996,0.14628731296828124,2.7545944733768666,0.9039207967999998,0.0,1.0,0.0,0.2,0.0,0.9997810500212793,0.3,0.08,0.09169054441260745,0.25,0.25
44,0.7097174860676415,0.498817979527601,0.7087756980319032,0.4984440782605527,0.23726716252825136,0.49699827613187525,0.5272206303724928,0.3720452381212058,0.36424446835490576,0.06876790830945559,0.5257142857142857,0.3738393945837167,0.3660609127310346,0.07142857142857142,0.10888252148997135,0.11142857142857143,0.002857142857142857,5.482857142857143,0.19484240687679083,0.0,4.0163865089034885e-06,0.08436634914903715,11.736389684813753,0.0,0.0,0.15,0.08022922636103152,0,0.16795442429422613,0.1466585816714532,2.8109311553379,0.913528717120002,0.0,0.9487179487179487,0.0,0.2,0.0,0.9998467350148955,0.3,0.08,0.10888252148997135,0.25,0.25
45,0.7157280287359575,0.49938312769324805,0.7147690677211671,0.4989630777416015,0.23726716252825136,0.4964787114022157,0.47277936962750716,0.37227446448223733,0.3644163881256794,0.06876790830945559,0.4714285714285714,0.3740679660122881,0.3662323413024632,0.07142857142857142,0.09169054441260745,0.09428571428571429,0.002857142857142857,5.685714285714286,0.1977077363896848,0.0,2.8114397310862145e-06,0.08436634914903715,11.736389684813753,0.0,0.0,0.15,0.08022922636103152,0,0.17042865217275502,0.149325,2.8489982465168566,0.9820000000000004,0.0,0.9393939393939394,0.0,0.2,0.0,0.9998927145104268,0.3,0.08,0.09169054441260745,0.25,0.25
46,0.7208263156117921,0.499177283543521,0.7198527880630707,0.49879976373603135,0.23726716252825136,0.4960618504464387,0.46418338108882523,0.3723317710724952,0.36467426778183987,0.07163323782234957,0.46285714285714286,0.37412510886943096,0.366489484159606,0.07428571428571429,0.09742120343839542,0.10285714285714286,0.002857142857142857,5.911428571428571,0.2034383954154728,0.0,1.967992707957434e-06,0.08436634914903715,11.736389684813753,0.0,0.0,0.15,0.08022922636103152,0,0.17194301043869287,0.149325,2.8948754244436623,0.9820000000000004,0.0,0.9444444444444444,0.0,0.2,0.0,0.9999249001572987,0.3,0.08,0.09742120343839542,0.25,0.25
47,0.728298818251556,0.4995590167564118,0.7273039406952923,0.4991853701645788,0.23726716252825136,0.49573537954248315,0.49283667621776506,0.3723317710724952,0.36474499348259065,0.07163323782234957,0.49142857142857144,0.37412510886943096,0.36656000778692616,0.07428571428571429,0.07736389684813753,0.08,0.002857142857142857,6.057142857142857,0.20916905444126074,0.0,1.967992707957434e-06,0.08436634914903715,11.736389684813753,0.0,0.0,0.15,0.08022922636103152,0,0.17139743824364226,0.148578375,2.916977915954789,0.9623600000000003,0.0,1.0,0.0,0.2,0.0,0.9999249001572987,0.3,0.08,0.07736389684813753,0.25,0.25
48,0.7326249517859792,0.4990185917695364,0.7316177138481885,0.4986479591175264,0.23726716252825136,0.4954640475054063,0.46131805157593125,0.3725036908432689,0.3649564145558182,0.07449856733524356,0.46,0.37429653744085956,0.36677082479994444,0.07714285714285714,0.10601719197707736,0.11428571428571428,0.002857142857142857,6.268571428571429,0.22063037249283668,0.0,1.3775874948838745e-06,0.08436634914903715,11.736389684813753,0.0,0.0,0.15,0.08022922636103152,0,0.1735115939095669,0.14865337500000003,2.9729240719214074,0.9643600000000009,0.0,0.95,0.0,0.2,0.0,0.9999474301101091,0.3,0.08,0.10601719197707736,0.25,0.25
49,0.738115175253276,0.4987996453446621,0.7370922509627216,0.49846157752155706,0.23726716252825136,0.4951855722583533,0.46418338108882523,0.3730767567458476,0.36538621398275223,0.07449856733524356,0.46285714285714286,0.37486796601228806,0.36719939622851583,0.07714285714285714,0.09455587392550144,0.10857142857142857,0.002857142857142857,6.425714285714286,0.22063037249283668,0.0,9.643076201436413e-07,0.08436634914903715,11.736389684813753,0.0,0.0,0.15,0.08022922636103152,0,0.17318504377932262,0.14791010812500002,3.022037019054408,0.9450728000000008,0.0,1.0,0.0,0.2,0.0,0.9999632010770764,0.3,0.08,0.09455587392550144,0.25,0.25
50,0.7435423403220995,0.49894736302240855,0.7425039098456343,0.4985508661757227,0.23726716252825136,0.49494486193878595,0.47277936962750716,0.373363289697137,0.36560111369621934,0.07449856733524356,0.4714285714285714,0.37515368029800245,0.3674136819428016,0.07714285714285714,0.08022922636103152,0.08285714285714285,0.002857142857142857,6.522857142857143,0.2177650429799427,0.0,6.750135572462327e-07,0.08436634914903715,11.736389684813753,0.0,0.0,0.15,0.08022922636103152,0,0.1726332614175689,0.14717055758437503,3.0444534215304624,0.9261713440000008,0.0,1.0,0.0,0.2,0.0,0.9999742407539535,0.3,0.08,0.08022922636103152,0.25,0.25
51,0.7482301599929205,0.4990800972202695,0.7471783357459673,0.4986668490867474,0.23726716252825136,0.49484958480562635,0.4699140401146132,0.37417875084005514,0.3662409100333518,0.07449856733524356,0.4685714285714286,0.3759668115519407,0.3680516502903993,0.07714285714285714,0.09742120343839542,0.10285714285714286,0.002857142857142857,6.677142857142857,0.22063037249283668,0.0,4.725086194207689e-07,0.08436634914903715,11.736389684813753,0.0,0.0,0.15,0.08022922636103152,0,0.17297158564414664,0.14643470479645315,3.086421495956996,0.9076479171200007,0.0,1.0,0.0,0.2,0.0,0.9999819685277674,0.3,0.08,0.09742120343839542,0.25,0.25
52,0.7523108201971763,0.49870683199494453,0.751247336921068,0.49833686713729125,0.23726716252825136,0.4947095045669654,0.498567335243553,0.37452259038160246,0.3664987896895122,0.07449856733524356,0.49714285714285716,0.37630966869479787,0.3683087931475422,0.07714285714285714,0.10601719197707736,0.10857142857142857,0.002857142857142857,6.797142857142857,0.22349570200573066,0.0,3.3075560697640423e-07,0.08436634914903715,11.736389684813753,0.0,0.0,0.15,0.08022922636103152,0,0.17420576289410686,0.14732018258437507,3.1332644946092847,0.927484842733694,0.0,0.9736842105263158,0.0,0.2,0.0,0.9999873779694373,0.3,0.08,0.10601719197707736,0.25,0.25
53,0.7558105653838483,0.4995173559729638,0.754737082835778,0.4991882153063885,0.23726716252825136,0.4945895352768844,0.4899713467048711,0.3744079772010866,0.3664128298041254,0.07449856733524356,0.48857142857142855,0.3761953829805121,0.3682230788618279,0.07714285714285714,0.06017191977077364,0.06857142857142857,0.002857142857142857,6.937142857142857,0.2148997134670487,0.0,3.3075560697640423e-07,0.08436634914903715,11.736389684813753,0.0,0.0,0.15,0.08022922636103152,0,0.17407702050820778,0.149325,3.1391706332885274,0.9566578588311726,0.0,0.9583333333333334,0.0,0.2,0.0,0.9999873779694373,0.3,0.08,0.06017191977077364,0.25,0.25
54,0.7600263797526264,0.4993300551121907,0.7589408520206455,0.4990167964629495,0.23726716252825136,0.4946168849531586,0.48424068767908307,0.37468245737285033,0.36667070946028585,0.07449856733524356,0.4828571428571429,0.3764690789232137,0.36848022171897077,0.07714285714285714,0.10601719197707736,0.10857142857142857,0.002857142857142857,7.074285714285714,0.22063037249283668,0.0,2.3152871584331723e-07,0.08436634914903715,11.736389684813753,0.0,0.0,0.15,0.08022922636103152,0,0.17397100608871946,0.148578375,3.184958649194185,0.9375247016545492,0.0,1.0,0.0,0.2,0.0,0.999991164578606,0.3,0.08,0.10601719197707736,0.25,0.25
55,0.7647774488846202,0.4999620677467202,0.7636783466694049,0.4996695496890806,0.23726716252825136,0.4946764997895416,0.5214899713467048,0.37485437714362396,0.36705752894452653,0.07449856733524356,0.52,0.3766405074946423,0.36886593600468504,0.07714285714285714,0.09742120343839542,0.10571428571428572,0.002857142857142857,7.211428571428572,0.21203438395415472,0.0,1.6206999865890528e-07,0.08436634914903715,11.736389684813753,0.0,0.0,0.15,0.08022922636103152,0,0.17415394253622513,0.147835483125,3.226973761924586,0.9187742076214581,0.0,1.0,0.0,0.2,0.0,0.9999938152050243,0.3,0.08,0.09742120343839542,0.25,0.25
56,0.768715055438214,0.5011659394463546,0.7676047029185598,0.500872999842011,0.23726716252825136,0.49469023389967576,0.4498567335243553,0.37473976396310826,0.3672294487153002,0.07449856733524356,0.44857142857142857,0.3765262217803565,0.36903736457611364,0.07714285714285714,0.10028653295128939,0.11142857142857143,0.002857142857142857,7.36,0.2148997134670487,0.0,1.1344894887006965e-07,0.08436634914903715,11.736389684813753,0.0,0.0,0.15,0.08022922636103152,0,0.1741684585378297,0.14798510812500004,3.2738628581146667,0.9242505440000003,0.0,0.9743589743589743,0.0,0.2,0.0,0.999995670643517,0.3,0.08,0.10028653295128939,0.25,0.25
57,0.7725534064625431,0.5016203005122366,0.7714320872256765,0.5013040178209238,0.23726716252825136,0.4948087311691291,0.504297994269341,0.3746251507825925,0.367315408600687,0.07449856733524356,0.5028571428571429,0.3764119360660707,0.36912307886182794,0.07714285714285714,0.10028653295128939,0.10285714285714286,0.002857142857142857,7.482857142857143,0.21203438395415472,0.0,7.941423961598842e-08,0.08436634914903715,11.736389684813753,0.0,0.0,0.15,0.08022922636103152,0,0.17409747338799772,0.149325,3.3112427438095167,0.9237115515262293,0.0,0.9722222222222222,0.0,0.2,0.0,0.9999969694504619,0.3,0.08,0.10028653295128939,0.25,0.25
58,0.7765347590338177,0.5014631723462426,0.7754020645038905,0.5011548138453964,0.23726716252825136,0.49484060295624416,0.46418338108882523,0.37451053760207675,0.3673449980598852,0.07449856733524356,0.46285714285714286,0.37629765035178503,0.36915258377971416,0.07714285714285714,0.07449856733524356,0.08285714285714285,0.002857142857142857,7.628571428571429,0.22349570200573066,0.0,7.941423961598842e-08,0.08436634914903715,11.736389684813753,0.0,0.0,0.15,0.08022922636103152,0,0.17399798673534345,0.1586407142250474,3.327875031790469,0.9214174303813418,0.0,0.9655172413793104,0.0,0.2,0.0,0.9999969694504619,0.3,0.08,0.07449856733524356,0.25,0.25
59,0.775326425295414,0.5014505078027182,0.7741971831475966,0.5011695034300321,0.23726716252825136,0.49492679863573674,0.4899713467048711,0.37473976396310826,0.3675169178306588,0.07449856733524356,0.48857142857142855,0.3765262217803565,0.36932401235114265,0.07714285714285714,0.12320916905444126,0.12571428571428572,0.002857142857142857,7.791428571428572,0.2177650429799427,0.0,5.5589955681334244e-08,0.08436634914903715,11.736389684813753,0.0,0.0,0.15,0.08022922636103152,0,0.1755181195988021,0.15784751065392216,3.387031816868945,0.902989081773715,0.0,1.0,0.0,0.2,0.0,0.9999978786153233,0.3,0.08,0.12320916905444126,0.25,0.25
60,0.7784494492857184,0.5016530522680427,0.7773112842122142,0.501301480623167,0.23726716252825136,0.4950377401799428,0.4699140401146132,0.3746251507825924,0.3674309579452721,0.07449856733524356,0.4685714285714286,0.3764119360660708,0.36923829806542846,0.07714285714285714,0.10315186246418338,0.12,0.002857142857142857,7.928571428571429,0.22349570200573066,0.0,3.8912963071207284e-08,0.08436634914903715,11.736389684813753,0.0,0.0,0.15,0.08022922636103152,0,0.17546910042937952,0.2410518275891088,3.439291180531566,0.9242505440000003,0.0,0.9761904761904762,0.0,0.2,0.0,0.9999985150307263,0.3,0.08,0.10315186246418338,0.25,0.25
61,0.782870482497374,0.5010882803975042,0.7817196859004081,0.5007582611304411,0.23726716252825136,0.4952485790505449,0.504297994269341,0.3746251507825924,0.3674309579452721,0.07449856733524356,0.5028571428571429,0.3764119360660708,0.36923829806542846,0.07714285714285714,0.09455587392550144,0.1,0.002857142857142857,8.045714285714286,0.22063037249283668,0.0,2.7239071255013406e-08,0.08436634914903715,11.736389684813753,0.0,0.0,0.15,0.08022922636103152,0,0.17562935437851612,0.23984656845116328,3.4705053569209348,0.9057655331200002,0.0,1.0,0.0,0.2,0.0,0.9999989605215085,0.3,0.08,0.09455587392550144,0.25,0.25
62,0.7860768932756602,0.5006765336922336,0.7849169355050419,0.5003330321814938,0.23726716252825136,0.4955060276220025,0.4813753581661891,0.37479707055336614,0.36755989777335235,0.07736389684813753,0.48,0.37658336463749936,0.3693668694939998,0.08,0.09742120343839542,0.10571428571428572,0.002857142857142857,8.168571428571429,0.2148997134670487,0.0,1.9067348461336964e-08,0.08436634914903715,11.736389684813753,0.0,0.0,0.15,0.08022922636103152,0,0.17657801029264994,0.23864733560890747,3.506809535496802,0.9088500461734573,0.0,0.972972972972973,0.0,0.2,0.0,0.9999992723650559,0.3,0.08,0.09742120343839542,0.25,0.25
63,0.7904009724286425,0.5003029692807689,0.7892286601461583,0.4999580080284263,0.23726716252825136,0.4958889308895779,0.4785100286532951,0.37479707055336614,0.36755989777335235,0.07736389684813753,0.47714285714285715,0.37658336463749936,0.3693668694939998,0.08,0.08022922636103152,0.09142857142857143,0.002857142857142857,8.32857142857143,0.22636103151862463,0.0,1.334714322765458e-08,0.08436634914903715,11.736389684813753,0.0,0.0,0.15,0.08022922636103152,0,0.17609454952690096,0.23745409893086294,3.5281019162154372,0.8906730452499881,0.0,1.0,0.0,0.2,0.0,0.9999994906555392,0.3,0.08,0.08022922636103152,0.25,0.25
64,0.7924305019553465,0.49966413261189324,0.791252391017072,0.49936259153705337,0.23726716252825136,0.4962875693602614,0.4785100286532951,0.3749689903241397,0.36768883760143256,0.07736389684813753,0.47714285714285715,0.37675479320892796,0.36949544092257125,0.08,0.11174785100286533,0.12571428571428572,0.002857142857142857,8.425714285714285,0.22063037249283668,0.0,9.342999920119257e-09,0.08436634914903715,11.736389684813753,0.0,0.0,0.15,0.08022922636103152,0,0.17635557790570508,0.23626682843620864,3.583254163605414,0.8728595843449884,0.0,1.0,0.0,0.2,0.0,0.9999996434588774,0.3,0.08,0.11174785100286533,0.25,0.25
65,0.7963743307976421,0.5001371704341669,0.795184951776961,0.4997873977594196,0.23726716252825136,0.4966600815480555,0.4469914040114613,0.3750836035046555,0.36777479748681935,0.07736389684813753,0.44571428571428573,0.37686907892321364,0.3695811552082856,0.08,0.10888252148997135,0.11714285714285715,0.002857142857142857,8.494285714285715,0.22349570200573066,0.0,6.540099777868049e-09,0.08436634914903715,11.736389684813753,0.0,0.0,0.15,0.08022922636103152,0,0.17590237144474796,0.23508549429402759,3.628731937476163,0.8554023926580886,0.0,1.0,0.0,0.2,0.0,0.9999997504212141,0.3,0.08,0.10888252148997135,0.25,0.25
66,0.7998629580244405,0.49883661168202664,0.7986636114973971,0.4984923855790067,0.23726716252825136,0.49700587848227146,0.4785100286532951,0.3749689903241398,0.36768883760143256,0.07736389684813753,0.47714285714285715,0.37675479320892796,0.36949544092257125,0.08,0.12034383954154727,0.13142857142857142,0.002857142857142857,8.6,0.22922636103151864,0.0,4.5780697633588275e-09,0.08436634914903715,11.736389684813753,0.0,0.0,0.15,0.08022922636103152,0,0.17685189863141723,0.23391006682255744,3.6875858701552104,0.8819098647270601,0.0,0.9782608695652174,0.0,0.2,0.0,0.9999998252948499,0.3,0.08,0.12034383954154727,0.25,0.25
67,0.8025882333351734,0.49938996581514805,0.8013811003072423,0.4990607107115568,0.23726716252825136,0.4972000563117268,0.4584527220630373,0.3748543771436241,0.3676028777160457,0.07736389684813753,0.45714285714285713,0.3766405074946423,0.369409726636857,0.08,0.10315186246418338,0.12,0.002857142857142857,8.742857142857142,0.22063037249283668,0.0,3.204648795466871e-09,0.08436634914903715,11.736389684813753,0.0,0.0,0.15,0.08022922636103152,0,0.1767962105668316,0.23274051648844465,3.733834152752107,0.8896396180598086,0.0,0.9761904761904762,0.0,0.2,0.0,0.9999998777063949,0.3,0.08,0.10315186246418338,0.25,0.25
68,0.8059804068936868,0.4986991645106069,0.8047635819413027,0.498365727120984,0.23726716252825136,0.4974926736372822,0.4899713467048711,0.3748543771436241,0.3676107218778623,0.07736389684813753,0.48857142857142855,0.3766405074946423,0.3694175483867827,0.08,0.1346704871060172,0.15142857142857144,0.002857142857142857,8.871428571428572,0.22349570200573066,0.0,2.243254136330492e-09,0.08436634914903715,11.736389684813753,0.0,0.0,0.15,0.08022922636103152,0,0.17837190480743492,0.23157681390600243,3.8105860411256356,0.9293693071815362,0.0,0.9622641509433962,0.0,0.2,0.0,0.9999999143944764,0.3,0.08,0.1346704871060172,0.25,0.25
69,0.8079654736192657,0.4994821283121918,0.8067429770476656,0.49920742390928563,0.23726716252825136,0.49783110244177287,0.4469914040114613,0.3746251507825924,0.3674388021070887,0.07736389684813753,0.44571428571428573,0.3764119360660707,0.36924611981535416,0.08,0.12034383954154727,0.13142857142857142,0.002857142857142857,8.96,0.2177650429799427,0.0,1.5702778869795305e-09,0.08436634914903715,11.736389684813753,0.0,0.0,0.15,0.08022922636103152,0,0.1794386438951189,0.2304189298364724,3.8658028917316947,0.9623600000000003,0.0,0.9565217391304348,0.0,0.2,0.0,0.9999999400761335,0.3,0.08,0.12034383954154727,0.25,0.25
70,0.8107404590973888,0.49907549363898407,0.8095100339958513,0.4988177387964338,0.23726716252825136,0.49817992247478754,0.4785100286532951,0.3745105376020767,0.36735284222170184,0.07736389684813753,0.47714285714285715,0.37629765035178514,0.3691604055296399,0.08,0.12893982808022922,0.1457142857142857,0.002857142857142857,9.111428571428572,0.22349570200573066,0.0,1.099194515592204e-09,0.08436634914903715,11.736389684813753,0.0,0.0,0.15,0.08022922636103152,0,0.17996959353278616,0.22926683518729005,3.934201119611346,0.9623600000000003,0.0,0.9607843137254902,0.0,0.2,0.0,0.9999999580532934,0.3,0.08,0.12893982808022922,0.25,0.25
71,0.8149182054848241,0.49883322508163835,0.8136758439650368,0.49859019557073647,0.23726716252825136,0.49856811086727965,0.504297994269341,0.37451053760207675,0.36732741956403,0.07736389684813753,0.5028571428571429,0.37629765035178514,0.36913505550813286,0.08,0.11174785100286533,0.12,0.002857142857142857,9.34,0.22063037249283668,0.0,7.694361591877121e-10,0.08436634914903715,11.736389684813753,0.0,0.0,0.15,0.08022922636103152,0,0.1807671391424123,0.2372094277869798,3.97551709721912,0.9603999999999999,0.0,0.9523809523809523,0.0,0.2,0.0,0.9999999706373054,0.3,0.08,0.11174785100286533,0.25,0.25
72,0.8177203110101099,0.49901375897485667,0.816469943474536,0.49877496893080403,0.23726716252825136,0.49890145700357347,0.4699140401146132,0.37473976396310826,0.36724145967864313,0.07736389684813753,0.4685714285714286,0.3765262217803565,0.36904934122241845,0.08,0.12320916905444126,0.15714285714285714,0.002857142857142857,9.505714285714285,0.22063037249283668,0.0,5.386053111729279e-10,0.08436634914903715,11.736389684813753,0.0,0.0,0.15,0.08022922636103152,0,0.18097630630027167,0.23602338064804487,4.053149612417594,0.9431128000000003,0.0,0.9818181818181818,0.0,0.2,0.0,0.9999999794461137,0.3,0.08,0.12320916905444126,0.25,0.25
73,0.819278001457349,0.49833243429368723,0.8180231833776401,0.498096649444802,0.23726716252825136,0.4991271302619936,0.45272206303724927,0.3746998509352428,0.36715549979325635,0.07736389684813753,0.4514285714285714,0.3764864227897135,0.36896362693670426,0.08,0.1174785100286533,0.12857142857142856,0.002857142857142857,9.682857142857143,0.22922636103151864,0.0,3.770237163939466e-10,0.08436634914903715,11.736389684813753,0.0,0.0,0.15,0.08022922636103152,0,0.1810138540544846,0.23484326374480463,4.10065804874067,0.9450728000000008,0.0,0.9777777777777777,0.0,0.2,0.0,0.9999999856122797,0.3,0.08,0.1174785100286533,0.25,0.25
74,0.8208466844809644,0.49814676373642686,0.8195873844497595,0.4979018464532003,0.23726716252825136,0.49939167102184245,0.4699140401146132,0.3746998509352428,0.36715549979325635,0.07736389684813753,0.4685714285714286,0.3764864227897135,0.36896362693670426,0.08,0.1318051575931232,0.14857142857142858,0.002857142857142857,9.877142857142857,0.23209169054441262,0.0,2.6391660178600553e-10,0.08436634914903715,11.736389684813753,0.0,0.0,0.15,0.08022922636103152,0,0.1807083562127836,0.2336690474260806,4.167216316337284,0.9261713440000008,0.0,1.0,0.0,0.2,0.0,0.9999999899285957,0.3,0.08,0.1318051575931232,0.25,0.25
75,0.8233083487391343,0.49824365905133733,0.8220420153814775,0.49801585018923056,0.23726716252825136,0.499748645356274,0.4899713467048711,0.3746998509352428,0.36715549979325635,0.07736389684813753,0.48857142857142855,0.3764864227897135,0.36896362693670426,0.08,0.11174785100286533,0.12571428571428572,0.002857142857142857,10.04,0.22349570200573066,0.0,1.8474162257175724e-10,0.08436634914903715,11.736389684813753,0.0,0.0,0.15,0.08022922636103152,0,0.1802333858602911,0.2325007021889502,4.209586275724825,0.9076479171200007,0.0,1.0,0.0,0.2,0.0,0.999999992950017,0.3,0.08,0.11174785100286533,0.25,0.25
76,0.8259816266947955,0.49762278733750637,0.8247076554001225,0.49740113650408546,0.23726716252825136,0.5001158574026734,0.4326647564469914,0.37424139821317975,0.36681166025170914,0.07736389684813753,0.43142857142857144,0.37602927993257057,0.3686207697938471,0.08,0.13753581661891118,0.15428571428571428,0.002857142857142857,10.157142857142857,0.22063037249283668,0.0,1.2931913457129958e-10,0.08436634914903715,11.736389684813753,0.0,0.0,0.15,0.08022922636103152,0,0.18167421964527536,0.2333921127152465,4.279680264496044,1.0,0.0,0.9259259259259259,0.0,0.2,0.0,0.9999999950650119,0.3,0.08,0.13753581661891118,0.25,0.25
77,0.8278636847380839,0.49759169843963896,0.8265843361347158,0.49738789442353865,0.23726716252825136,0.5005420695532611,0.4068767908309456,0.374126785032664,0.36672570036632224,0.07736389684813753,0.4057142857142857,0.375914994218285,0.3685350555081328,0.08,0.12320916905444126,0.13714285714285715,0.002857142857142857,10.357142857142858,0.2148997134670487,0.0,9.05233950407413e-11,0.08436634914903715,11.736389684813753,0.0,0.0,0.15,0.08022922636103152,0,0.18209195641005335,0.2322251521516703,4.331229516348979,0.9820000000000004,0.0,0.9791666666666666,0.0,0.2,0.0,0.9999999965455083,0.3,0.08,0.12320916905444126,0.25,0.25
78,0.8293003592600706,0.49715583276067726,0.828016905872354,0.49696966927793995,0.23726716252825136,0.500884869878617,0.4469914040114613,0.374126785032664,0.36672570036632224,0.07736389684813753,0.44571428571428573,0.375914994218285,0.3685350555081328,0.08,0.12893982808022922,0.1457142857142857,0.002857142857142857,10.48,0.22636103151862463,0.0,6.336637505821619e-11,0.08436634914903715,11.736389684813753,0.0,0.0,0.15,0.08022922636103152,0,0.18194643873962724,0.23106402639091195,4.390319211736285,0.9623600000000003,0.0,1.0,0.0,0.2,0.0,0.9999999975818559,0.3,0.08,0.12893982808022922,0.25,0.25
79,0.8333015358042973,0.4965182159486427,0.8320066504835972,0.4963572505764541,0.23726716252825136,0.5012697470935393,0.40114613180515757,0.37389755867163255,0.36655378059554866,0.07736389684813753,0.4,0.37568642278971354,0.3683636269367042,0.08,0.1318051575931232,0.14857142857142858,0.002857142857142857,10.59142857142857,0.23209169054441262,0.0,4.435646195122103e-11,0.08436634914903715,11.736389684813753,0.0,0.0,0.15,0.08022922636103152,0,0.18252128082807195,0.232071779016372,4.451084256072988,0.9902443692631063,0.0,0.9615384615384616,0.0,0.2,0.0,0.9999999983072991,0.3,0.08,0.1318051575931232,0.25,0.25
80,0.8362466559169697,0.4959031876039852,0.8349433559673762,0.495718445629378,0.23726716252825136,0.5014819170466648,0.4355300859598854,0.37389755867163255,0.36655378059554866,0.07736389684813753,0.4342857142857143,0.37568642278971354,0.3683636269367042,0.08,0.1346704871060172,0.14857142857142858,0.002857142857142857,10.72,0.22922636103151864,0.0,3.1049523943953074e-11,0.08436634914903715,11.736389684813753,0.0,0.0,0.15,0.08022922636103152,0,0.18217981728107446,0.23091142012129012,4.510633999522957,0.9704394818778442,0.0,1.0,0.0,0.2,0.0,0.9999999988151094,0.3,0.08,0.1346704871060172,0.25,0.25
81,0.8398954345548187,0.4959712758905307,0.8385817095234027,0.49574016184929837,0.23726716252825136,0.501745578109595,0.45558739255014324,0.37389755867163255,0.36655378059554866,0.07736389684813753,0.4542857142857143,0.37568642278971354,0.3683636269367042,0.08,0.10315186246418338,0.11428571428571428,0.002857142857142857,10.885714285714286,0.23209169054441262,0.0,2.173466617706714e-11,0.08436634914903715,11.736389684813753,0.0,0.0,0.15,0.08022922636103152,0,0.18183807528406185,0.22975686302068368,4.534707033818212,0.9510306922402872,0.0,1.0,0.0,0.2,0.0,0.9999999991705766,0.3,0.08,0.10315186246418338,0.25,0.25
82,0.8422958739982751,0.49581480310855375,0.8409752905684493,0.49562643686042,0.23726716252825136,0.5020580870725173,0.4670487106017192,0.37389755867163255,0.36655378059554866,0.07736389684813753,0.4657142857142857,0.37568642278971354,0.3683636269367042,0.08,0.12893982808022922,0.14285714285714285,0.002857142857142857,11.062857142857142,0.22636103151862463,0.0,1.5214265159328617e-11,0.08436634914903715,11.736389684813753,0.0,0.0,0.15,0.08022922636103152,0,0.18155674205049868,0.22860807870558025,4.586870035998991,0.9320100783954814,0.0,1.0,0.0,0.2,0.0,0.9999999994194037,0.3,0.08,0.12893982808022922,0.25,0.25
83,0.8428307128953002,0.4957376320152714,0.8415086013543399,0.49556104144302815,0.23726716252825136,0.5023769175484661,0.4813753581661891,0.37389755867163255,0.36655378059554866,0.07736389684813753,0.48,0.37568642278971354,0.3683636269367042,0.08,0.11174785100286533,0.12857142857142856,0.002857142857142857,11.185714285714285,0.2349570200573066,0.0,1.0649985902016661e-11,0.08436634914903715,11.736389684813753,0.0,0.0,0.15,0.08022922636103152,0,0.18119124476881762,0.22746503831205234,4.62370406385044,0.9133698768275718,0.0,1.0,0.0,0.2,0.0,0.9999999995935825,0.3,0.08,0.11174785100286533,0.25,0.25
84,0.8445630325297405,0.4962560229577039,0.8432359715041107,0.4960188414687959,0.23726716252825136,0.5026437649349249,0.4498567335243553,0.37389755867163255,0.36655378059554866,0.07736389684813753,0.44857142857142857,0.37568642278971354,0.3683636269367042,0.08,0.12320916905444126,0.14,0.002857142857142857,11.288571428571428,0.22636103151862463,0.0,7.454989840266006e-12,0.08436634914903715,11.736389684813753,0.0,0.0,0.15,0.08022922636103152,0,0.18174171783068785,0.2263277131204921,4.67122998257343,0.8951024792910204,0.0,1.0,0.0,0.2,0.0,0.9999999997155078,0.3,0.08,0.12320916905444126,0.25,0.25
85,0.8463037900959973,0.4971029642208574,0.8449717554773211,0.4968082982551409,0.23726716252825136,0.5030060025588621,0.40974212034383956,0.37389755867163255,0.36655378059554866,0.07736389684813753,0.4085714285714286,0.37568642278971354,0.3683636269367042,0.08,0.12607449856733524,0.13428571428571429,0.002857142857142857,11.42,0.22636103151862463,0.0,5.218494051795729e-12,0.08436634914903715,11.736389684813753,0.0,0.0,0.15,0.08022922636103152,0,0.1816018294362407,0.22519607455488963,4.712091097207677,0.8772004297052,0.0,1.0,0.0,0.2,0.0,0.9999999998008554,0.3,0.08,0.12607449856733524,0.25,0.25
86,0.8476360572005116,0.496259174611694,0.8463002161043938,0.4959914566403172,0.23726716252825136,0.5031947632556573,0.4584527220630373,0.37389755867163255,0.36655378059554866,0.07736389684813753,0.45714285714285713,0.37568642278971354,0.3683636269367042,0.08,0.11174785100286533,0.12285714285714286,0.002857142857142857,11.562857142857142,0.23209169054441262,0.0,3.652944381560322e-12,0.08436634914903715,11.736389684813753,0.0,0.0,0.15,0.08022922636103152,0,0.18120767743191663,0.22407009418211518,4.740706418120665,0.859656421111096,0.0,1.0,0.0,0.2,0.0,0.9999999998605988,0.3,0.08,0.11174785100286533,0.25,0.25
87,0.8493915727839426,0.49646901649033864,0.8480507159290148,0.4961956779653126,0.23726716252825136,0.5034284951283206,0.4670487106017192,0.3736683323106009,0.36638186082477503,0.07736389684813753,0.4657142857142857,0.37545785136114207,0.36819219836527567,0.08,0.12607449856733524,0.14285714285714285,0.002857142857142857,11.76,0.23209169054441262,0.0,2.5570616489245882e-12,0.08436634914903715,11.736389684813753,0.0,0.0,0.15,0.08022922636103152,0,0.18178649690189988,0.23884988095990956,4.788749432615394,0.8656867203236103,0.0,0.96,0.0,0.2,0.0,0.9999999999024192,0.3,0.08,0.12607449856733524,0.25,0.25
88,0.8511534404926139,0.49717494566055864,0.8498075497299471,0.496900667255982,0.23726716252825136,0.5036438885232902,0.4469914040114613,0.3736683323106009,0.36638186082477503,0.07736389684813753,0.44571428571428573,0.37545785136114207,0.36819219836527567,0.08,0.1346704871060172,0.14857142857142858,0.002857142857142857,11.968571428571428,0.22922636103151864,0.0,1.7899431542347178e-12,0.08436634914903715,11.736389684813753,0.0,0.0,0.15,0.08022922636103152,0,0.18142027870310468,0.23765563155511,4.841545872534516,0.8483729859171381,0.0,1.0,0.0,0.2,0.0,0.9999999999316934,0.3,0.08,0.1346704871060172,0.25,0.25
89,0.8527404548848495,0.49743868883249664,0.8513900297953478,0.4971639652392155,0.23726716252825136,0.5039363191352276,0.4068767908309456,0.37355371913008517,0.36629590093938824,0.07736389684813753,0.4057142857142857,0.37534356564685634,0.36810648407956137,0.08,0.10601719197707736,0.11428571428571428,0.002857142857142857,12.148571428571428,0.23209169054441262,0.0,1.2529610807449723e-12,0.08436634914903715,11.736389684813753,0.0,0.0,0.15,0.08022922636103152,0,0.18131317730958918,0.23646735339733446,4.8590006693695384,0.9643600000000009,0.0,0.975,0.0,0.2,0.0,0.9999999999521854,0.3,0.08,0.10601719197707736,0.25,0.25
90,0.8553753734054853,0.49781303456940246,0.854017419977353,0.49754658433772925,0.23726716252825136,0.5042260968306282,0.4584527220630373,0.37355371913008517,0.36629590093938824,0.07736389684813753,0.45714285714285713,0.37534356564685634,0.36810648407956137,0.08,0.11174785100286533,0.12571428571428572,0.002857142857142857,12.34,0.23209169054441262,0.0,8.770721746606197e-13,0.08436634914903715,11.736389684813753,0.0,0.0,0.15,0.08022922636103152,0,0.1818442963598936,0.2352850166303478,4.887534941696434,0.9450728000000008,0.0,1.0,0.0,0.2,0.0,0.9999999999665298,0.3,0.08,0.11174785100286533,0.25,0.25
91,0.8563388270281328,0.4984092371917749,0.8549781208753646,0.498187195547032,0.23726716252825136,0.5044440728889535,0.4498567335243553,0.3733244927690536,0.3661239811686146,0.07736389684813753,0.44857142857142857,0.37511499421828487,0.36793505550813277,0.08,0.11174785100286533,0.12285714285714286,0.002857142857142857,12.477142857142857,0.23782234957020057,0.0,6.139502313320334e-13,0.08436634914903715,11.736389684813753,0.0,0.0,0.15,0.08022922636103152,0,0.18222064630666557,0.23644632993338857,4.912641385719648,1.0122404302317316,0.0,0.9534883720930233,0.0,0.2,0.0,0.9999999999765709,0.3,0.08,0.11174785100286533,0.25,0.25
92,0.8574091171734722,0.4990354826270898,0.8560453530488602,0.4988130562051528,0.23726716252825136,0.5046486019393662,0.45272206303724927,0.37315257299828003,0.3659950413405343,0.07736389684813753,0.4514285714285714,0.3749435656468564,0.3678064840795614,0.08,0.10601719197707736,0.11428571428571428,0.002857142857142857,12.565714285714286,0.24355300859598855,0.0,4.297660347184946e-13,0.08436634914903715,11.736389684813753,0.0,0.0,0.15,0.08022922636103152,0,0.1825949716465608,0.2352640982837216,4.92867427229097,1.0099956216270964,0.0,0.95,0.0,0.2,0.0,0.9999999999835996,0.3,0.08,0.10601719197707736,0.25,0.25
93,0.8589151596680293,0.4995336133591408,0.8575470925648613,0.49926979565008706,0.23726716252825136,0.5047620632864886,0.45272206303724927,0.37315257299828003,0.3659950413405343,0.07736389684813753,0.4514285714285714,0.3749435656468564,0.3678064840795614,0.08,0.10028653295128939,0.10285714285714286,0.002857142857142857,12.757142857142858,0.23782234957020057,0.0,3.0083506058687133e-13,0.08436634914903715,11.736389684813753,0.0,0.0,0.15,0.08022922636103152,0,0.18208185393118514,0.234087777792303,4.932957929702292,0.9897957091945546,0.0,1.0,0.0,0.2,0.0,0.9999999999885197,0.3,0.08,0.10028653295128939,0.25,0.25
94,0.8596607983479648,0.5000305831206395,0.8582906008485686,0.49981878929470813,0.23726716252825136,0.5049029101203861,0.4785100286532951,0.37280873345673265,0.36573716168437387,0.07736389684813753,0.47714285714285715,0.37460070850399924,0.36754934122241856,0.08,0.1318051575931232,0.13428571428571429,0.002857142857142857,12.94,0.24641833810888253,0.0,2.1058599705528948e-13,0.08436634914903715,11.736389684813753,0.0,0.0,0.15,0.08022922636103152,0,0.18299901894367207,0.23291733890334146,4.968584485393961,1.0056397950106626,0.0,0.9361702127659575,0.0,0.2,0.0,0.9999999999919638,0.3,0.08,0.1318051575931232,0.25,0.25
95,0.8618717514119129,0.4994552813797645,0.8604952369037624,0.4992490287023879,0.23726716252825136,0.5051130970180658,0.4871060171919771,0.3731501021848816,0.3659950413405343,0.07736389684813753,0.4857142857142857,0.3749411018929248,0.3678064840795614,0.08,0.07449856733524356,0.08285714285714285,0.002857142857142857,13.102857142857143,0.24355300859598855,0.0,2.1058599705528948e-13,0.08436634914903715,11.736389684813753,0.0,0.0,0.15,0.08022922636103152,0,0.18347216066054362,0.23175275220882477,4.952069938543224,0.9855269991104494,0.0,1.0,0.0,0.2,0.0,0.9999999999919638,0.3,0.08,0.07449856733524356,0.25,0.25
96,0.8627489686619797,0.4995887614817571,0.8613699478188289,0.49937101678402734,0.23726716252825136,0.5052583459561536,0.4469914040114613,0.37292087582385003,0.3658246354551865,0.07736389684813753,0.44571428571428573,0.3747125304643533,0.3676365650681718,0.08,0.10888252148997135,0.12,0.002857142857142857,13.234285714285715,0.24355300859598855,0.0,1.4741077979647895e-13,0.08436634914903715,11.736389684813753,0.0,0.0,0.15,0.08022922636103152,0,0.18441851479431182,0.23059398844778062,4.9730285397723595,1.0014564591282396,0.0,0.9523809523809523,0.0,0.2,0.0,0.9999999999943746,0.3,0.08,0.10888252148997135,0.25,0.25
97,0.8646998333299322,0.4997058250082532,0.8633152385877304,0.4994797231654096,0.23726716252825136,0.5054793463480471,0.47564469914040114,0.3728062626433343,0.3657386755697997,0.07736389684813753,0.4742857142857143,0.3745982447500676,0.36755085078245747,0.08,0.08882521489971347,0.1,0.002857142857142857,13.345714285714285,0.24068767908309455,0.0,1.0318667307070218e-13,0.08436634914903715,11.736389684813753,0.0,0.0,0.15,0.08022922636103152,0,0.18429627936319742,0.22944101850554172,4.973567968976913,0.9948459695110693,0.0,0.9714285714285714,0.0,0.2,0.0,0.9999999999960623,0.3,0.08,0.08882521489971347,0.25,0.25
98,0.8648120619826198,0.4994869287039761,0.8634271465871244,0.49925578127057046,0.23726716252825136,0.5057511759429334,0.4670487106017192,0.37269164946281846,0.3656527156844129,0.07736389684813753,0.4657142857142857,0.37448395903578185,0.36746513649674317,0.08,0.10028653295128939,0.10571428571428572,0.002857142857142857,13.48857142857143,0.24355300859598855,0.0,7.223183486519322e-14,0.08436634914903715,11.736389684813753,0.0,0.0,0.15,0.08022922636103152,0,0.18445388293514842,0.228293813413014,4.97981089531166,0.9815407223830199,0.0,0.972972972972973,0.0,0.2,0.0,0.9999999999972435,0.3,0.08,0.10028653295128939,0.25,0.25
99,0.8662809001889359,0.4986494729598789,0.8648917881128513,0.4984129038044256,0.23726716252825136,0.5060365563086445,0.45558739255014324,0.372462423101787,0.36548079591363924,0.07736389684813753,0.4542857142857143,0.37425538760721044,0.36729370792531457,0.08,0.07449856733524356,0.08857142857142856,0.002857142857142857,13.597142857142858,0.2349570200573066,0.0,7.223183486519322e-14,0.08436634914903715,11.736389684813753,0.0,0.0,0.15,0.08022922636103152,0,0.18475961423475837,0.24150713972211021,4.968786105976856,0.9816788519149845,0.0,0.9354838709677419,0.0,0.2,0.0,0.9999999999972435,0.3,0.08,0.07449856733524356,0.25,0.25
100,0.8674686793562997,0.4994249006403435,0.8660761736254511,0.49922296899917773,0.23726716252825136,0.5062525299800179,0.47564469914040114,0.37234780992127114,0.3653948360282524,0.07736389684813753,0.4742857142857143,0.3741411018929247,0.3672079936396003,0.08,0.09169054441260745,0.10285714285714286,0.002857142857142857,13.67142857142857,0.23782234957020057,0.0,5.056344812134728e-14,0.08436634914903715,11.736389684813753,0.0,0.0,0.15,0.08022922636103152,0,0.18477781687787034,0.2476965021180881,4.972267526714461,0.9771674738901603,0.0,0.9722222222222222,0.0,0.2,0.0,0.9999999999980704,0.3,0.08,0.09169054441260745,0.25,0.25
101,0.8672073820724334,0.5004972356863394,0.8658156229052529,0.5003071427315667,0.23726716252825136,0.5065206862408647,0.5071633237822349,0.37200397037972394,0.365136956372092,0.07736389684813753,0.5057142857142857,0.3737982447500676,0.3669508507824574,0.08,0.10888252148997135,0.12,0.002857142857142857,13.797142857142857,0.23782234957020057,0.0,2.9986161455954684e-14,0.09492034831902924,11.736389684813753,0.1,0.18126924692201818,0.21,0.08022922636103152,0,0.18590415633367655,0.2472981388763101,4.992822176180172,1.0080058952377244,0.0,0.9285714285714286,0.0,0.2,0.0,0.9999999999986493,0.3,0.08,0.10888252148997135,0.27,0.27
102,0.8682184498117551,0.499627757272931,0.866823801879605,0.49940041298647453,0.23726716252825136,0.5069154595039991,0.4871060171919771,0.37166013083817667,0.3648790767159315,0.07736389684813753,0.4857142857142857,0.37345538760721037,0.3666937079253146,0.08,0.1174785100286533,0.12571428571428572,0.002857142857142857,13.965714285714286,0.23782234957020057,0.0,2.1059249997892662e-14,0.0946037283439295,11.736389684813753,0.097,0.17634209573142312,0.2082,0.08022922636103152,0,0.18746108802712796,0.24899644976928073,5.018680018370854,1.069308666847357,0.0,0.9318181818181818,0.0,0.2,0.0,0.9999999999990545,0.3,0.08,0.1174785100286533,0.2694,0.2694
103,0.8691692593061281,0.4992967956509177,0.8677718947754228,0.49906317149990237,0.23726716252825136,0.5071061545379241,0.5214899713467048,0.37166013083817667,0.3648790767159315,0.07736389684813753,0.52,0.37345538760721037,0.3666937079253146,0.08,0.12320916905444126,0.12857142857142856,0.002857142857142857,14.042857142857143,0.2349570200573066,0.0,1.4789515112862763e-14,0.09429660696808273,11.736389684813753,0.09409000000000001,0.1715344299918684,0.206454,0.08022922636103152,0,0.1870377825869923,0.24775146752043434,5.046877846574865,1.04792249351041,0.0,1.0,0.0,0.2,0.0,0.9999999999993382,0.3,0.08,0.12320916905444126,0.268818,0.268818
104,0.870646630211856,0.49997806461826216,0.86924504462142,0.4997758309637263,0.23726716252825136,0.507249864323619,0.4785100286532951,0.3715455176576609,0.3647931168305447,0.07736389684813753,0.47714285714285715,0.3733411018929247,0.3666079936396003,0.08,0.14613180515759314,0.15428571428571428,0.002857142857142857,14.197142857142858,0.22922636103151864,0.0,1.038730297003237e-14,0.09399869923351134,11.736389684813753,0.09126730000000001,0.16684418376162757,0.20476038,0.08022922636103152,0,0.18756441503644292,0.2540394114041586,5.100226003929082,1.1217900020288487,0.0,0.9814814814814815,0.0,0.2,0.0,0.9999999999995367,0.3,0.08,0.14613180515759314,0.26825346,0.26825346
105,0.8707383972064765,0.49915576760671043,0.8693365494246273,0.49891993836891485,0.23726716252825136,0.5073798025169586,0.4670487106017192,0.3715455176576609,0.3647931168305447,0.07736389684813753,0.4657142857142857,0.3733411018929247,0.3666079936396003,0.08,0.11461318051575932,0.13142857142857142,0.002857142857142857,14.331428571428571,0.23782234957020057,0.0,7.294513577994584e-15,0.0937097287309771,11.736389684813753,0.088529281,0.16226927610018926,0.2031175686,0.08022922636103152,0,0.18711230724697495,0.2527692143471378,5.129650055279073,1.0993542019882716,0.0,1.0,0.0,0.2,0.0,0.9999999999996757,0.3,0.08,0.11461318051575932,0.2677058562,0.2677058562
106,0.8715431252692788,0.5000548856803955,0.870138978264393,0.4998032725656507,0.23726716252825136,0.5075482557830602,0.4297994269340974,0.3714309044771452,0.3647071569451579,0.07736389684813753,0.42857142857142855,0.373226816178639,0.366522279353886,0.08,0.12034383954154727,0.13142857142857142,0.002857142857142857,14.468571428571428,0.22922636103151864,0.0,5.12339726123965e-15,0.0934294273435189,11.736389684813753,0.08587340257,0.15780761504170115,0.201524041542,0.08022922636103152,0,0.1870908885678829,0.2554719803435524,5.1584856256020615,1.0867801461918565,0.0,0.9782608695652174,0.0,0.2,0.0,0.999999999999773,0.3,0.08,0.12034383954154727,0.267174680514,0.267174680514
107,0.8718384247299739,0.5003641643835973,0.8704334340123431,0.5001176500022793,0.23726716252825136,0.5076903429177515,0.47564469914040114,0.37131629129662935,0.36462119705977103,0.07736389684813753,0.4742857142857143,0.3731125304643532,0.3664365650681717,0.08,0.12320916905444126,0.13142857142857142,0.002857142857142857,14.537142857142857,0.22922636103151864,0.0,3.599118419815378e-15,0.09315753499768448,11.736389684813753,0.08329720049289999,0.15345710132083934,0.19997832029573998,0.08022922636103152,0,0.18718173407157915,0.2541946204418346,5.186744484518592,1.0775108807220068,0.0,0.9782608695652174,0.0,0.2,0.0,0.999999999999841,0.3,0.08,0.12320916905444126,0.26665944009858,0.26665944009858
108,0.8740485655505738,0.5013004103432885,0.8726372601448845,0.5010795398226268,0.23726716252825136,0.5079211971940587,0.5100286532951289,0.37131629129662935,0.36462119705977103,0.07736389684813753,0.5085714285714286,0.3731125304643532,0.3664365650681717,0.08,0.1346704871060172,0.15428571428571428,0.002857142857142857,14.642857142857142,0.2349570200573066,0.0,2.5263682810905576e-15,0.092893799422225,11.736389684813753,0.08079828447811299,0.14921563186018072,0.1984789706868678,0.08022922636103152,0,0.1872086570880016,0.2529236473396254,5.237295309113935,1.0559606631075666,0.0,1.0,0.0,0.2,0.0,0.9999999999998888,0.3,0.08,0.1346704871060172,0.2661596568956226,0.2661596568956226
109,0.8747680117848141,0.5015838666485963,0.8733546508184555,0.5013829669358797,0.23726716252825136,0.5081380752931622,0.48424068767908307,0.37131629129662935,0.36462119705977103,0.07736389684813753,0.4828571428571429,0.3731125304643532,0.3664365650681717,0.08,0.10888252148997135,0.12,0.002857142857142857,14.74,0.23209169054441262,0.0,1.7730020394251626e-15,0.0926379759140294,11.736389684813753,0.0783743359437696,0.14508110302819666,0.19702460156626175,0.08022922636103152,0,0.18672961380256156,0.2516590291029273,5.252549402931656,1.0348414498454155,0.0,1.0,0.0,0.2,0.0,0.9999999999999222,0.3,0.08,0.10888252148997135,0.26567486718875394,0.26567486718875394
110,0.8761850426060558,0.5020706525441191,0.8747676329802078,0.5018438457686059,0.23726716252825136,0.5084238964979529,0.5071633237822349,0.37131629129662935,0.36462119705977103,0.07736389684813753,0.5057142857142857,0.3731125304643532,0.3664365650681717,0.08,0.12607449856733524,0.1457142857142857,0.002857142857142857,14.785714285714286,0.23209169054441262,0.0,1.2457203428846221e-15,0.09238982711107964,11.736389684813753,0.0760231058654565,0.1410514136769826,0.1956138635192739,0.08022922636103152,0,0.1863953943049773,0.2504007339574127,5.293212700587308,1.0141446208485072,0.0,1.0,0.0,0.2,0.0,0.9999999999999455,0.3,0.08,0.12607449856733524,0.2652046211730913,0.2652046211730913
111,0.8765606285951344,0.5011107058309874,0.8751421458664604,0.5008779656471625,0.23726716252825136,0.5088028420792605,0.4326647564469914,0.37120167811611354,0.36453523717438424,0.07736389684813753,0.43142857142857144,0.3729982447500676,0.3663508507824575,0.08,0.10888252148997135,0.11142857142857143,0.002857142857142857,14.874285714285714,0.2349570200573066,0.0,8.754474960349128e-16,0.09214912277221833,11.736389684813753,0.0737424126894928,0.13712446796878974,0.19424544761369567,0.08022922636103152,0,0.18632041733345245,0.24914873028762563,5.298777018004133,1.0063274113189962,0.0,0.9743589743589743,0.0,0.2,0.0,0.9999999999999618,0.3,0.08,0.10888252148997135,0.26474848253789857,0.26474848253789857
112,0.8767685451187766,0.5012063189281315,0.8753494683428923,0.5009530206127708,0.23726716252825136,0.5090424974428878,0.46418338108882523,0.37120167811611354,0.36453523717438424,0.07736389684813753,0.46285714285714286,0.3729982447500676,0.3663508507824575,0.08,0.1518624641833811,0.16857142857142857,0.002857142857142857,15.025714285714285,0.2349570200573066,0.0,6.151843865898277e-16,0.09191563956352289,11.736389684813753,0.07153014030880801,0.13329817800035182,0.1929180841852848,0.08022922636103152,0,0.18687520035782784,0.2479029866361875,5.361372906215479,0.9862008630926162,0.0,1.0,0.0,0.2,0.0,0.9999999999999732,0.3,0.08,0.1518624641833811,0.2643060280617616,0.2643060280617616
113,0.8780646829162572,0.5017842595077193,0.8766419028895227,0.5014931426056881,0.23726716252825136,0.5092398233379583,0.48424068767908307,0.37108706493559784,0.3644492772889974,0.07736389684813753,0.4828571428571429,0.3728839590357818,0.36626513649674314,0.08,0.1518624641833811,0.17142857142857143,0.002857142857142857,15.097142857142858,0.2349570200573066,0.0,4.326880357372093e-16,0.09168916085108834,11.736389684813753,0.06938423609954376,0.1295704662338868,0.19163054165972626,0.08022922636103152,0,0.18750889869470225,0.2505205089669541,5.4255740195197415,1.0244027444486226,0.0,0.9833333333333333,0.0,0.2,0.0,0.9999999999999812,0.3,0.08,0.1518624641833811,0.26387684721990873,0.26387684721990873
114,0.8786623496373648,0.5018334533657723,0.8772378619914275,0.5015394655104212,0.23726716252825136,0.5093879243391607,0.49570200573065903,0.37108706493559784,0.3644492772889974,0.07736389684813753,0.4942857142857143,0.3728839590357818,0.36626513649674314,0.08,0.14040114613180515,0.15142857142857144,0.002857142857142857,15.194285714285714,0.2349570200573066,0.0,3.030071061151187e-16,0.0914694765000268,11.736389684813753,0.06730270901655745,0.1259392677435177,0.19038162540993447,0.08022922636103152,0,0.18711421134408587,0.2492679064221193,5.468491110557917,1.00391468955965,0.0,1.0,0.0,0.2,0.0,0.9999999999999869,0.3,0.08,0.14040114613180515,0.26346054180331147,0.26346054180331147
115,0.8775793478461211,0.5018891882452914,0.8761579544910156,0.5015850376447403,0.23726716252825136,0.5095751032534037,0.47277936962750716,0.37108706493559784,0.3644492772889974,0.07736389684813753,0.4714285714285714,0.3728839590357818,0.36626513649674314,0.08,0.12320916905444126,0.13714285714285715,0.002857142857142857,15.385714285714286,0.22063037249283668,0.0,2.1375371604121676e-16,0.0912563826794971,11.736389684813753,0.06528362774606072,0.12240253228570042,0.1891701766476364,0.08022922636103152,0,0.1867494981445083,0.2480215668900087,5.496264145489616,0.9838363957684569,0.0,1.0,0.0,0.2,0.0,0.9999999999999908,0.3,0.08,0.12320916905444126,0.26305672554921217,0.26305672554921217
116,0.8772513426441367,0.5016473790668147,0.8758308864467514,0.5013422401890925,0.23726716252825136,0.5096638615930269,0.5501432664756447,0.37108706493559784,0.3644492772889974,0.07736389684813753,0.5485714285714286,0.3728839590357818,0.36626513649674314,0.08,0.12320916905444126,0.14285714285714285,0.002857142857142857,15.505714285714285,0.22063037249283668,0.0,1.4979937672018967e-16,0.09104968167358332,11.736389684813753,0.0633251189136789,0.11895822620206453,0.18799507134820734,0.08022922636103152,0,0.18641517922521436,0.24678145905555865,5.529196005436965,0.9641596678530878,0.0,1.0,0.0,0.2,0.0,0.9999999999999936,0.3,0.08,0.12320916905444126,0.26266502378273576,0.26266502378273576
117,0.8787384995155292,0.5021817118849449,0.8773137942985113,0.5018434382613395,0.23726716252825136,0.509603575104398,0.4699140401146132,0.37108706493559784,0.3644492772889974,0.07736389684813753,0.4685714285714286,0.3728839590357818,0.36626513649674314,0.08,0.14613180515759314,0.15428571428571428,0.002857142857142857,15.634285714285713,0.22349570200573066,0.0,1.0619242097609889e-16,0.09084918169784693,11.736389684813753,0.06142536534626853,0.1156043341628803,0.1868552192077611,0.08022922636103152,0,0.18608281761480255,0.24554755176028087,5.572897799613942,0.9448764744960261,0.0,1.0,0.0,0.2,0.0,0.9999999999999954,0.3,0.08,0.14613180515759314,0.2622850730692537,0.2622850730692537
118,0.8792671486230177,0.5013835888931197,0.8778409329799784,0.5010666915184095,0.23726716252825136,0.5094534033917015,0.4813753581661891,0.37085783857456633,0.3642773575182238,0.07736389684813753,0.48,0.37265538760721045,0.36609370792531454,0.08,0.15759312320916904,0.17714285714285713,0.002857142857142857,15.782857142857143,0.22349570200573066,0.0,7.53210135216868e-17,0.09065469672138263,11.736389684813753,0.05958260438588047,0.11233886075915511,0.18574956263152828,0.08022922636103152,0,0.18663768995529997,0.26466244252503235,5.63858270076452,1.0990555589897346,0.0,0.967741935483871,0.0,0.2,0.0,0.9999999999999968,0.3,0.08,0.15759312320916904,0.2619165208771761,0.2619165208771761
119,0.8792625631994736,0.5009980640190089,0.8778363606576445,0.500674161238502,0.23726716252825136,0.5091645104234145,0.4670487106017192,0.3707432253940505,0.364191397632837,0.07736389684813753,0.4657142857142857,0.37254110189292466,0.36600799363960035,0.08,0.12607449856733524,0.14857142857142858,0.002857142857142857,15.845714285714285,0.23209169054441262,0.0,5.2087936880912027e-17,0.09046604629421229,11.736389684813753,0.05779512625430405,0.10915983195114243,0.1846770757525824,0.08022922636103152,0,0.18664735864838064,0.2633391303124072,5.674382475320657,1.0770744478099399,0.0,0.9807692307692307,0.0,0.2,0.0,0.9999999999999978,0.3,0.08,0.12607449856733524,0.26155902525086083,0.26155902525086083
120,0.8805041528211254,0.5005959295359949,0.8790744028803772,0.5002654349958008,0.23726716252825136,0.5088136893911618,0.4785100286532951,0.37051399903301907,0.36401947786206335,0.07736389684813753,0.47714285714285715,0.3723125304643533,0.36583656506817175,0.08,0.14613180515759314,0.1657142857142857,0.002857142857142857,16.005714285714287,0.22922636103151864,0.0,3.655985217432033e-17,0.09028305537985702,11.736389684813753,0.05606127246667493,0.1060652963808163,0.18363676348000496,0.08022922636103152,0,0.18781221247380123,0.2620224346608451,5.726609111528529,1.0555329588537412,0.0,0.9655172413793104,0.0,0.2,0.0,0.9999999999999984,0.3,0.08,0.14613180515759314,0.26121225449333496,0.26121225449333496
121,0.8799158639790888,0.5013685138025206,0.8784877948636036,0.5010173288432846,0.23726716252825136,0.5084824622790061,0.48424068767908307,0.3703993858525033,0.36393351797667656,0.07736389684813753,0.4828571428571429,0.3721982447500676,0.3657508507824574,0.08,0.1518624641833811,0.18,0.002857142857142857,16.154285714285713,0.22922636103151864,0.0,2.6183375279581426e-17,0.09010555419293242,11.736389684813753,0.05437943429267468,0.10305332655562971,0.1826276605756048,0.08022922636103152,0,0.18798686641143222,0.26071232248754095,5.792076929297959,1.0779313341878436,0.0,0.9841269841269841,0.0,0.2,0.0,0.9999999999999989,0.3,0.08,0.1518624641833811,0.2608758868585349,0.2608758868585349
122,0.8811698055370929,0.5014983818155211,0.879738153731442,0.5011917358681169,0.23726716252825136,0.5081659992569848,0.4699140401146132,0.3706286122135349,0.36410543774745013,0.07736389684813753,0.4685714285714286,0.372426816178639,0.365922279353886,0.08,0.1346704871060172,0.15142857142857144,0.002857142857142857,16.33142857142857,0.23209169054441262,0.0,1.8376073459514224e-17,0.0899333780416156,11.736389684813753,0.05274805126389444,0.10012201991063052,0.18164883075833665,0.08022922636103152,0,0.1887770456827156,0.25940876087510323,5.827663962140572,1.0563727075040865,0.0,1.0,0.0,0.2,0.0,0.9999999999999992,0.3,0.08,0.1346704871060172,0.2605496102527789,0.2605496102527789
123,0.8827499598038429,0.5014962325697596,0.8813137932717153,0.5011449192909498,0.23726716252825136,0.5078310403932558,0.501432664756447,0.3707432253940505,0.36415712726872895,0.07736389684813753,0.5,0.37254110189292466,0.3659738211908183,0.08,0.14613180515759314,0.17142857142857143,0.002857142857142857,16.46857142857143,0.23782234957020057,0.0,1.3159318493949797e-17,0.08976636717483821,11.736389684813753,0.051165609725977605,0.09726949975576782,0.18069936583558655,0.08022922636103152,0,0.1907949947496347,0.25811171707072766,5.882539254326332,1.0352452533540049,0.0,0.9833333333333333,0.0,0.2,0.0,0.9999999999999994,0.3,0.08,0.14613180515759314,0.26023312194519554,0.26023312194519554
124,0.8821125052645504,0.501695107616179,0.8806781600311065,0.501352485218329,0.23726716252825136,0.5075791728680458,0.45272206303724927,0.3707432253940505,0.36415712726872895,0.07736389684813753,0.4514285714285714,0.37254110189292466,0.3659738211908183,0.08,0.14613180515759314,0.16,0.002857142857142857,16.591428571428573,0.24068767908309455,0.0,1.0553868122420724e-17,0.08960436663406421,11.736389684813753,0.04963064143419828,0.09449391611497016,0.17977838486051895,0.08022922636103152,0,0.19046902049017223,0.25682115848537407,5.924888469239805,1.0145403482869246,0.0,1.0,0.0,0.2,0.0,0.9999999999999996,0.3,0.08,0.14613180515759314,0.25992612828683964,0.25992612828683964
125,0.8825672394693235,0.5018281323343575,0.8811315949952947,0.5015177687195246,0.23726716252825136,0.5073032608725346,0.4699140401146132,0.37102975834534,0.36415712726872895,0.07736389684813753,0.4685714285714286,0.37282681617863905,0.3659738211908183,0.08,0.14326647564469913,0.16857142857142857,0.002857142857142857,16.737142857142857,0.24355300859598855,0.0,7.934886120716765e-18,0.08944722610951338,11.736389684813753,0.048141722191172326,0.09179344646333287,0.1788850333147034,0.08022922636103152,0,0.19045261749934558,0.2555370526929472,5.974962128426437,0.9942495413211863,0.0,1.0,0.0,0.2,0.0,0.9999999999999997,0.3,0.08,0.14326647564469913,0.25962834443823446,0.25962834443823446
126,0.8834823497611796,0.5023780044168524,0.8820440906863168,0.502076711678637,0.23726716252825136,0.5070453258295948,0.46418338108882523,0.3709902023982691,0.36407116738334216,0.07736389684813753,0.46285714285714286,0.37278737324855976,0.365888106905104,0.08,0.13753581661891118,0.14,0.002857142857142857,16.934285714285714,0.24641833810888253,0.0,5.30269528620307e-18,0.08929479980069908,11.736389684813753,0.04669747052543716,0.08916629636850315,0.1780184823152623,0.08022922636103152,0,0.19049992584042022,0.2558661231340134,5.995462885857908,1.0778975747063833,0.0,0.9795918367346939,0.0,0.2,0.0,0.9999999999999998,0.3,0.08,0.13753581661891118,0.25933949410508744,0.25933949410508744
127,0.8835242576835927,0.5021093443695309,0.8820858788718088,0.5018720713222603,0.23726716252825136,0.5066466505367414,0.46418338108882523,0.3709328958080112,0.36402818744064874,0.07736389684813753,0.46285714285714286,0.3727302303914169,0.3658452497622469,0.08,0.14326647564469913,0.1657142857142857,0.002857142857142857,17.091428571428573,0.2492836676217765,0.0,2.6576229655613203e-18,0.0891469462811492,11.736389684813753,0.04529654640967404,0.08661070004210591,0.1771779278458044,0.08022922636103152,0,0.19074614121121816,0.2545867925183434,6.041267913855036,1.0563396232122557,0.0,0.9827586206896551,0.0,0.2,0.0,0.9999999999999999,0.3,0.08,0.14326647564469913,0.2590593092819348,0.2590593092819348
128,0.884983320786677,0.5018781457282595,0.8835407732231703,0.50169506150738,0.23726716252825136,0.5064480275399978,0.4785100286532951,0.3709328958080112,0.36402818744064874,0.07736389684813753,0.47714285714285715,0.3727302303914169,0.3658452497622469,0.08,0.13753581661891118,0.15714285714285714,0.002857142857142857,17.33142857142857,0.2521489971346705,0.0,2.663787334053434e-18,0.08900352836718584,11.736389684813753,0.04393765001738382,0.08412492080681178,0.17636259001043028,0.08022922636103152,0,0.19047741050516204,0.25331385855575167,6.077585412720793,1.0352128307480106,0.0,1.0,0.0,0.2,0.0,0.9999999999999999,0.3,0.08,0.13753581661891118,0.25878753000347676,0.25878753000347676
129,0.885686186798083,0.5018133787484249,0.8842416310459719,0.501627492742539,0.23726716252825136,0.5063142637122513,0.5100286532951289,0.3709328958080112,0.36402818744064874,0.07736389684813753,0.5085714285714286,0.3727302303914169,0.3658452497622469,0.08,0.1318051575931232,0.14285714285714285,0.002857142857142857,17.53142857142857,0.2521489971346705,0.0,2.669840264353259e-18,0.0888644129906414,11.736389684813753,0.042619520516862304,0.08170725148440683,0.17557171231011737,0.08022922636103152,0,0.19006759488120767,0.2520472892629729,6.098890847323519,1.0145085741330502,0.0,1.0,0.0,0.2,0.0,0.9999999999999999,0.3,0.08,0.1318051575931232,0.25852390410337245,0.25852390410337245
130,0.8857988225597393,0.5022771492829332,0.8843539449911665,0.5020676314826158,0.23726716252825136,0.5062192894215177,0.4899713467048711,0.3709328958080112,0.36402818744064874,0.07736389684813753,0.48857142857142855,0.3727302303914169,0.3658452497622469,0.08,0.1518624641833811,0.16857142857142857,0.002857142857142857,17.78,0.25501432664756446,0.0,2.6757814510465842e-18,0.08872947107539328,11.736389684813753,0.04134093490135644,0.07935601470998999,0.17480456094081387,0.08022922636103152,0,0.1898591147639445,0.25078705281665803,6.145484458948478,0.9942184026503892,0.0,1.0,0.0,0.2,0.0,0.9999999999999999,0.3,0.08,0.1518624641833811,0.25826818698027126,0.25826818698027126
131,0.8859501857687351,0.5015243725292726,0.884504875733851,0.5012924454131334,0.23726716252825136,0.5061648766808814,0.4699140401146132,0.37081828262749544,0.3639422275552619,0.07736389684813753,0.4685714285714286,0.37261594467713116,0.3657595354765325,0.08,0.13753581661891118,0.16,0.002857142857142857,17.917142857142856,0.25787965616045844,0.0,2.681610757224434e-18,0.08859857741760259,11.736389684813753,0.04010070685431574,0.07706956317719249,0.17406042411258943,0.08022922636103152,0,0.19002296490083906,0.24953311755257476,6.1825747697695075,0.9870007659814781,0.0,0.9821428571428571,0.0,0.2,0.0,0.9999999999999999,0.3,0.08,0.13753581661891118,0.25802014137086315,0.25802014137086315
132,0.8857968699630245,0.5023250976573187,0.8843519979732994,0.5020795291804752,0.23726716252825136,0.5060073807795198,0.48424068767908307,0.3706463628567218,0.3638132877271817,0.07736389684813753,0.4828571428571429,0.3724445161057026,0.3656309640479612,0.08,0.1489971346704871,0.17142857142857143,0.002857142857142857,18.12857142857143,0.2636103151862464,0.0,2.687328204426243e-18,0.08847161056954565,11.736389684813753,0.03889768564868627,0.07484627981908543,0.17333861138921175,0.08022922636103152,0,0.19107227864776344,0.2505538335407896,6.230351845802688,0.9820000000000004,0.0,0.9666666666666667,0.0,0.2,0.0,0.9999999999999999,0.3,0.08,0.1489971346704871,0.2577795371297373,0.2577795371297373
133,0.8851360411053182,0.5022003696792318,0.8836930571980437,0.5019819722893714,0.23726716252825136,0.5057998979001903,0.47564469914040114,0.370531749676206,0.36372732784179485,0.07736389684813753,0.4742857142857143,0.3723302303914169,0.3655452497622469,0.08,0.14613180515759314,0.17142857142857143,0.002857142857142857,18.34857142857143,0.2636103151862464,0.0,2.692933962851234e-18,0.08834845272693037,11.736389684813753,0.037730755079225686,0.07268457792922522,0.17263845304753542,0.08022922636103152,0,0.19114534582595322,0.2493010643730856,6.277173380315206,0.9820000000000004,0.0,0.9833333333333333,0.0,0.2,0.0,0.9999999999999999,0.3,0.08,0.14613180515759314,0.25754615101584516,0.25754615101584516
134,0.8851799154250906,0.5018925225274251,0.8837368061626167,0.5016995508182247,0.23726716252825136,0.5055477315999253,0.45272206303724927,0.370531749676206,0.36372732784179485,0.07736389684813753,0.4514285714285714,0.3723302303914169,0.3655452497622469,0.08,0.1318051575931232,0.15142857142857144,0.002857142857142857,18.542857142857144,0.2664756446991404,0.0,2.69842834185434e-18,0.08822898961959358,11.736389684813753,0.036598832426848915,0.0705829012270679,0.17195929945610935,0.08022922636103152,0,0.19081761981110915,0.24805455905122017,6.303058484137473,0.9623600000000003,0.0,1.0,0.0,0.2,0.0,0.9999999999999999,0.3,0.08,0.1318051575931232,0.2573197664853698,0.2573197664853698
135,0.8864562892365044,0.5018898967194138,0.8850095331917123,0.5016680575062548,0.23726716252825136,0.5052556179599716,0.4326647564469914,0.37041713649569025,0.36364136795640806,0.07736389684813753,0.43142857142857144,0.3722159446771312,0.3654595354765326,0.08,0.15759312320916904,0.17714285714285713,0.002857142857142857,18.734285714285715,0.2664756446991404,0.0,2.703811780739867e-18,0.08811311040547688,11.736389684813753,0.03550086745404345,0.06853972387177543,0.17130052047242605,0.08022922636103152,0,0.1909773888549107,0.24681428625596408,6.354140171597582,0.9632976403657334,0.0,0.9838709677419355,0.0,0.2,0.0,0.9999999999999999,0.3,0.08,0.15759312320916904,0.2571001734908087,0.2571001734908087
136,0.8868375202526873,0.5026088803907673,0.8853896749764203,0.5023444189795451,0.23726716252825136,0.505096752915773,0.44412607449856734,0.37041713649569025,0.36364136795640806,0.07736389684813753,0.44285714285714284,0.3722159446771312,0.3654595354765326,0.08,0.1518624641833811,0.1742857142857143,0.002857142857142857,18.922857142857143,0.2664756446991404,0.0,2.7090848398631118e-18,0.08800070756778366,11.736389684813753,0.034435841430422144,0.06655355042823763,0.17066150485825327,0.08022922636103152,0,0.19065093048206475,0.24558021482468426,6.401343082451342,0.9440316875584187,0.0,1.0,0.0,0.2,0.0,0.9999999999999999,0.3,0.08,0.1518624641833811,0.25688716828608443,0.25688716828608443
137,0.8875626767733811,0.5017337473698762,0.8861127596213408,0.5014344000182493,0.23726716252825136,0.5049519575126921,0.4355300859598854,0.3703025233151745,0.36355540807102127,0.07736389684813753,0.4342857142857143,0.37210165896284547,0.3653738211908183,0.08,0.1318051575931232,0.15142857142857144,0.002857142857142857,19.102857142857143,0.2664756446991404,0.0,2.7142481920476006e-18,0.08789167681522127,11.736389684813753,0.03340276618750948,0.06462291578893375,0.17004165971250568,0.08022922636103152,0,0.19091976079842146,0.24435231375056082,6.424744792230887,0.951217388265248,0.0,0.9811320754716981,0.0,0.2,0.0,0.9999999999999999,0.3,0.08,0.1318051575931232,0.2566805532375019,0.2566805532375019
138,0.8875071420112057,0.5012624312640728,0.8860573835299144,0.5009820285588494,0.23726716252825136,0.5047546208121633,0.45558739255014324,0.3703025233151745,0.36355540807102127,0.07736389684813753,0.4542857142857143,0.37210165896284547,0.3653738211908183,0.08,0.13753581661891118,0.15142857142857144,0.002857142857142857,19.31714285714286,0.2722063037249284,0.0,2.7193026143231747e-18,0.08778591698523576,11.736389684813753,0.032400683201884196,0.06274638505506869,0.16944040992113052,0.08022922636103152,0,0.1905931619944293,0.24313055218180804,6.447678467814841,0.9321930404999431,0.0,1.0,0.0,0.2,0.0,0.9999999999999999,0.3,0.08,0.13753581661891118,0.25648013664037683,0.25648013664037683
139,0.8888449756859634,0.5016367724828641,0.8873913948227447,0.5013471005607573,0.23726716252825136,0.5045357889897452,0.4269340974212034,0.3703025233151745,0.36355540807102127,0.07736389684813753,0.4257142857142857,0.37210165896284547,0.3653738211908183,0.08,0.12034383954154727,0.13714285714285715,0.002857142857142857,19.52285714285714,0.2693409742120344,0.0,2.7242489799880796e-18,0.08768332995014981,11.736389684813753,0.03142866270582767,0.06092255338024011,0.1688571976234966,0.08022922636103152,0,0.1901827676130286,0.241914899420899,6.4558677556014015,0.9135491796899443,0.0,1.0,0.0,0.2,0.0,0.9999999999999999,0.3,0.08,0.12034383954154727,0.25628573254116555,0.25628573254116555
140,0.8878909471327265,0.5015517824124316,0.8864400920653738,0.5012590925075542,0.23726716252825136,0.5043673465406162,0.4871060171919771,0.37024521672491667,0.3635124281283278,0.07736389684813753,0.4857142857142857,0.37204451610570266,0.36533096404796117,0.08,0.13753581661891118,0.15714285714285714,0.002857142857142857,19.742857142857144,0.2808022922636103,0.0,2.729088250996278e-18,0.08758382052611643,11.736389684813753,0.03048580282465284,0.059150045779710836,0.1682914816947917,0.08022922636103152,0,0.19234585377496347,0.2433528598583935,6.4838932576322295,0.9470728000000013,0.0,0.9454545454545454,0.0,0.2,0.0,0.9999999999999999,0.3,0.08,0.13753581661891118,0.2560971605649306,0.2560971605649306
141,0.8884459130145524,0.5016756487800447,0.8869934723303943,0.5013557514684435,0.23726716252825136,0.504190629594341,0.4699140401146132,0.37024521672491667,0.3635124281283278,0.07736389684813753,0.4685714285714286,0.37204451610570266,0.36533096404796117,0.08,0.11461318051575932,0.12,0.002857142857142857,19.914285714285715,0.27793696275071633,0.0,2.733821470669554e-18,0.08748729638480403,11.736389684813753,0.029571228739913254,0.057427516908195475,0.16774273724394795,0.08022922636103152,0,0.19192598450251727,0.2421360955591015,6.474215392479586,0.9281313440000012,0.0,1.0,0.0,0.2,0.0,0.9999999999999999,0.3,0.08,0.11461318051575932,0.25591424574798266,0.25591424574798266
142,0.8879144492968096,0.5011687974565352,0.8864635270804166,0.5008228698789441,0.23726716252825136,0.504122793806844,0.4469914040114613,0.3703598299054324,0.36359838801371464,0.07736389684813753,0.44571428571428573,0.37215880181998834,0.36541667833367547,0.08,0.1346704871060172,0.14,0.002857142857142857,20.071428571428573,0.2836676217765043,0.0,2.7384497567324413e-18,0.08739366796773107,11.736389684813753,0.028684091877715857,0.055753650808906485,0.16721045512662952,0.08022922636103152,0,0.19279449743714752,0.240925415081306,6.484731084629994,0.9603999999999999,0.0,0.9795918367346939,0.0,0.2,0.0,0.9999999999999999,0.3,0.08,0.1346704871060172,0.2557368183755432,0.2557368183755432
143,0.8861485086087136,0.5010463420608294,0.8847026319371438,0.5007288081491978,0.23726716252825136,0.5038393216744718,0.4326647564469914,0.37024521672491667,0.3635124281283278,0.07736389684813753,0.43142857142857144,0.37204451610570266,0.36533096404796117,0.08,0.1318051575931232,0.14285714285714285,0.002857142857142857,20.257142857142856,0.27507163323782235,0.0,2.7429742946667726e-18,0.08730284840317024,11.736389684813753,0.02782356912138438,0.05412716063644807,0.16669414147283063,0.08022922636103152,0,0.1929988277500688,0.23972078800589944,6.497893605794537,0.9450728000000008,0.0,0.98,0.0,0.2,0.0,0.9999999999999999,0.3,0.08,0.1318051575931232,0.25556471382427687,0.25556471382427687
144,0.8875947229770957,0.5008725045378629,0.8861447142644732,0.500581977466363,0.23726716252825136,0.5035719418987767,0.37822349570200575,0.37024521672491667,0.3635124281283278,0.07736389684813753,0.37714285714285717,0.37204451610570266,0.36533096404796117,0.08,0.11174785100286533,0.11714285714285715,0.002857142857142857,20.405714285714286,0.2722063037249284,0.0,2.7473963313814305e-18,0.0872147534255462,11.736389684813753,0.02698886204774285,0.05254678835599624,0.1661933172286457,0.08022922636103152,0,0.1926041221791756,0.23852218406586995,6.485078590821504,0.9261713440000008,0.0,1.0,0.0,0.2,0.0,0.9999999999999999,0.3,0.08,0.11174785100286533,0.2553977724095486,0.2553977724095486
145,0.8871935117485058,0.500204927599421,0.8857446493536795,0.4999029727101914,0.23726716252825136,0.50331217959097,0.40974212034383956,0.37013060354440086,0.363426468242941,0.07736389684813753,0.4085714285714286,0.37193023039141687,0.36524524976224687,0.08,0.1174785100286533,0.12571428571428572,0.002857142857142857,20.571428571428573,0.2664756446991404,0.0,2.751717169191955e-18,0.08712930129725095,11.736389684813753,0.026179196186310563,0.05101130442106161,0.16570751771178632,0.08022922636103152,0,0.19252667299685117,0.2373295731455406,6.48109130471936,0.9415054792037886,0.0,0.9772727272727273,0.0,0.2,0.0,0.9999999999999999,0.3,0.08,0.1174785100286533,0.2552358392372621,0.2552358392372621
146,0.8868386554954961,0.5005953458066682,0.8853908069756783,0.5002914484621624,0.23726716252825136,0.5030808391670064,0.4269340974212034,0.37013060354440086,0.363426468242941,0.07736389684813753,0.4257142857142857,0.37193023039141687,0.36524524976224687,0.08,0.11174785100286533,0.12571428571428572,0.002857142857142857,20.714285714285715,0.2664756446991404,0.0,2.7559381601038016e-18,0.08704641273280454,11.736389684813753,0.025393820300721244,0.04951950743199218,0.16523629218043273,0.08022922636103152,0,0.19202103963186687,0.2361429252798129,6.477183764339257,0.9226753696197127,0.0,1.0,0.0,0.2,0.0,0.9999999999999999,0.3,0.08,0.11174785100286533,0.25507876406014424,0.25507876406014424
147,0.8865805573942174,0.5002096117428162,0.8851334462975459,0.4999140830189099,0.23726716252825136,0.5029005556913386,0.4154727793696275,0.37013060354440086,0.363426468242941,0.07736389684813753,0.4142857142857143,0.37193023039141687,0.36524524976224687,0.08,0.1174785100286533,0.12571428571428572,0.002857142857142857,20.81714285714286,0.2664756446991404,0.0,2.7600607003923198e-18,0.08696601082529151,11.736389684813753,0.024632005691699606,0.048070223777244014,0.16477920341501975,0.08022922636103152,0,0.19160279443013614,0.23496221065341383,6.473354374766758,0.9042218622273184,0.0,1.0,0.0,0.2,0.0,0.9999999999999999,0.3,0.08,0.1174785100286533,0.2549264011383399,0.2549264011383399
148,0.8853443507195445,0.4991320414942324,0.8839007716419438,0.49883068552853616,0.23726716252825136,0.5027782541113615,0.4383954154727794,0.3700159903638851,0.36334050835755416,0.07736389684813753,0.43714285714285717,0.3718159446771311,0.36515953547653257,0.08,0.08882521489971347,0.09142857142857143,0.002857142857142857,20.937142857142856,0.27507163323782235,0.0,2.7640862254719436e-18,0.08688802097500391,11.736389684813753,0.023893045520948616,0.04666230725932252,0.16433582731256915,0.08022922636103152,0,0.19141606617227117,0.23378739960014677,6.435315858699994,0.889946222344261,0.0,0.96875,0.0,0.2,0.0,0.9999999999999999,0.3,0.08,0.08882521489971347,0.2547786091041897,0.2547786091041897
149,0.8861602633700288,0.49942903168044545,0.8847143531134267,0.49909151859637296,0.23726716252825136,0.5025767484732703,0.4326647564469914,0.3699013771833694,0.3632545484721673,0.07736389684813753,0.43142857142857144,0.37170165896284546,0.36507382119081827,0.08,0.10601719197707736,0.11428571428571428,0.002857142857142857,21.037142857142857,0.27507163323782235,0.0,2.7680162050465964e-18,0.08681237082022487,11.736389684813753,0.023176254155320156,0.045294638707175316,0.1639057524931921,0.08022922636103152,0,0.1914294151271241,0.2542690194999224,6.420895255811707,0.8826724977162154,0.0,0.975,0.0,0.2,0.0,0.9999999999999999,0.3,0.08,0.10601719197707736,0.25463525083106403,0.25463525083106403
150,0.8875400055404589,0.4995316333296882,0.8860901531633697,0.49917089065322945,0.23726716252825136,0.5024171988705342,0.45558739255014324,0.3697867640028536,0.3631685885867805,0.07736389684813753,0.4542857142857143,0.3715873732485597,0.364988106905104,0.08,0.10601719197707736,0.11428571428571428,0.002857142857142857,21.12857142857143,0.2722063037249284,0.0,2.771852138532914e-18,0.08673899017008925,11.736389684813753,0.022480966530660552,0.04396612557670909,0.16348857991839633,0.08022922636103152,0,0.1917935544171308,0.2529976744024228,6.406763064981188,0.8717050596020486,0.0,0.975,0.0,0.2,0.0,0.9999999999999999,0.3,0.08,0.10601719197707736,0.2544961933061321,0.2544961933061321
151,0.8880382701445446,0.5001667832995172,0.886586994154301,0.49979579435514027,0.23726716252825136,0.5023950072073209,0.4355300859598854,0.3697867640028536,0.3631685885867805,0.07736389684813753,0.4342857142857143,0.3715873732485597,0.364988106905104,0.08,0.10601719197707736,0.11428571428571428,0.002857142857142857,21.302857142857142,0.27793696275071633,0.0,2.7755955507475765e-18,0.08666781093945768,11.736389684813753,0.021806537534740735,0.042675701540988875,0.16308392252084444,0.08022922636103152,0,0.1913198723593309,0.2517326860304107,6.392913517967279,0.8542709584100077,0.0,1.0,0.0,0.2,0.0,0.9999999999999999,0.3,0.08,0.10601719197707736,0.25436130750694813,0.25436130750694813
152,0.8889577026726395,0.5009538002793081,0.8875037997323155,0.5006269315813123,0.23726716252825136,0.5024511011158319,0.46131805157593125,0.36967215082233784,0.3630826287013937,0.07736389684813753,0.46,0.371473087534274,0.3649023926193897,0.08,0.07163323782234957,0.07428571428571429,0.002857142857142857,21.402857142857144,0.28653295128939826,0.0,2.7792479878498483e-18,0.08659876708574508,11.736389684813753,0.021152341408698514,0.04142232607157981,0.1626914048452191,0.08022922636103152,0,0.1910489872832485,0.25047402260025864,6.3393409618936465,0.8735497959220491,0.0,0.9615384615384616,0.0,0.2,0.0,0.9999999999999999,0.3,0.08,0.07163323782234957,0.25423046828173973,0.25423046828173973
153,0.889677764910604,0.5006272417086357,0.8882218046496002,0.500258174860248,0.23726716252825136,0.502676380916216,0.4469914040114613,0.36978676400285365,0.3631685885867806,0.07736389684813753,0.44571428571428573,0.3715873732485597,0.364988106905104,0.08,0.1174785100286533,0.11714285714285715,0.002857142857142857,21.52857142857143,0.2836676217765043,0.0,2.782811013530228e-18,0.08653179454764383,11.736389684813753,0.02051777116643756,0.040204984012392475,0.16231066269986252,0.08022922636103152,0,0.1919780294896894,0.24922165248725736,6.329696999798632,0.9076479171200007,0.0,0.975609756097561,0.0,0.2,0.0,0.9999999999999999,0.3,0.08,0.1174785100286533,0.2541035542332875,0.2541035542332875
154,0.888119865477646,0.5004227695084894,0.8866683563578791,0.5000570718864263,0.23726716252825136,0.5027316382829183,0.44126074498567336,0.3699013771833694,0.3632545484721673,0.08022922636103152,0.44,0.3717016589628454,0.36507382119081827,0.08285714285714285,0.1346704871060172,0.14285714285714285,0.002857142857142857,21.654285714285713,0.2722063037249284,0.0,2.7862862054360477e-18,0.08646683118568564,11.736389684813753,0.019902238031444433,0.03902268514729912,0.16194134281886666,0.08022922636103152,0,0.19274372499386414,0.26132867959675,6.345960202659801,0.9558935144534358,0.0,0.96,0.0,0.2,0.0,0.9999999999999999,0.3,0.08,0.1346704871060172,0.2539804476062889,0.2539804476062889
155,0.8866012358023263,0.5005559896371621,0.8851540656244891,0.5001663829440393,0.23726716252825136,0.5026385664591699,0.4584527220630373,0.36995868377362723,0.3632975284148608,0.08022922636103152,0.45714285714285713,0.37175880181998827,0.3651166783336755,0.08285714285714285,0.10315186246418338,0.10857142857142857,0.002857142857142857,21.774285714285714,0.2722063037249284,0.0,2.789675151824794e-18,0.08640381672458618,11.736389684813753,0.0193051708905011,0.03787446376270165,0.16158310253430067,0.08022922636103152,0,0.1925800063688948,0.2634419320934398,6.327612427178034,0.9865431772966025,0.0,0.9736842105263158,0.0,0.2,0.0,0.9999999999999999,0.3,0.08,0.10315186246418338,0.25386103417810024,0.25386103417810024
156,0.8871294117676933,0.5014297246476677,0.8856807325156693,0.5010402826987985,0.23726716252825136,0.5024093359214764,0.45272206303724927,0.37013060354440086,0.363426468242941,0.08022922636103152,0.4514285714285714,0.37193023039141687,0.36524524976224687,0.08285714285714285,0.11174785100286533,0.12285714285714286,0.002857142857142857,21.86,0.2664756446991404,0.0,2.7929794484359784e-18,0.08634269269731974,11.736389684813753,0.018726015763786068,0.03675937820614861,0.16123560945827164,0.08022922636103152,0,0.1937596777656218,0.26212472243297263,6.323917321491616,1.0024523137506696,0.0,0.9767441860465116,0.0,0.2,0.0,0.9999999999999999,0.3,0.08,0.11174785100286533,0.2537452031527572,0.2537452031527572
157,0.887493535771933,0.5017101807717269,0.886043816165611,0.5013355991038259,0.23726716252825136,0.5023585062034884,0.48424068767908307,0.3703008674143024,0.36364136795640806,0.08022922636103152,0.4828571428571429,0.3721000077931187,0.3654595354765326,0.08285714285714285,0.10315186246418338,0.11428571428571428,0.002857142857142857,22.002857142857142,0.2607449856733524,0.0,2.7962006955723706e-18,0.08628340239087122,11.736389684813753,0.018164235290872487,0.035676510442018805,0.16089854117452349,0.08022922636103152,0,0.19455738298632824,0.26081409882080775,6.311724689347498,0.9824032674756561,0.0,1.0,0.0,0.2,0.0,0.9999999999999999,0.3,0.08,0.10315186246418338,0.2536328470581745,0.2536328470581745
158,0.8895557737660097,0.5006803054697159,0.8881001620511333,0.5003818981277383,0.23726716252825136,0.5022274221015112,0.4670487106017192,0.3703008674143024,0.36389924761256853,0.08022922636103152,0.4657142857142857,0.3721000077931187,0.36571667833367544,0.08285714285714285,0.09742120343839542,0.10857142857142857,0.002857142857142857,22.122857142857143,0.25787965616045844,0.0,2.799340495381579e-18,0.08622589079361621,11.736389684813753,0.017619308232146313,0.03462496560521677,0.16057158493928778,0.08022922636103152,0,0.1940413103571109,0.2595100283267037,6.294061624131976,0.9627552021261429,0.0,1.0,0.0,0.2,0.0,0.9999999999999999,0.3,0.08,0.09742120343839542,0.25352386164642926,0.25352386164642926
159,0.8893422822952158,0.5007620309765123,0.8878872805559703,0.5004528522959185,0.23726716252825136,0.5020875363271772,0.4584527220630373,0.3703008674143024,0.36389924761256853,0.08022922636103152,0.45714285714285713,0.3721000077931187,0.36571667833367544,0.08285714285714285,0.1174785100286533,0.12857142857142856,0.002857142857142857,22.18285714285714,0.2521489971346705,0.0,2.802400449329009e-18,0.08617010454427886,11.736389684813753,0.01709072898518192,0.03360387155375133,0.16025443739110914,0.08022922636103152,0,0.19411021452190114,0.2582124781850702,6.296751820220765,0.94350009808362,0.0,1.0,0.0,0.2,0.0,0.9999999999999999,0.3,0.08,0.1174785100286533,0.25341814579703636,0.25341814579703636
160,0.8901722595856796,0.5008000600021855,0.888714886482747,0.5005311769991077,0.23726716252825136,0.5018951348667451,0.4699140401146132,0.3703008674143024,0.3639195122538335,0.08022922636103152,0.4685714285714286,0.3721000077931187,0.3657368850759654,0.08285714285714285,0.10028653295128939,0.11714285714285715,0.002857142857142857,22.314285714285713,0.25501432664756446,0.0,2.8053821558534418e-18,0.08611599188242158,11.736389684813753,0.016578007115626462,0.03261237842100484,0.15994680426937588,0.08022922636103152,0,0.19362480702072016,0.25692141579414485,6.2879596409592065,0.9246300961219476,0.0,1.0,0.0,0.2,0.0,0.9999999999999999,0.3,0.08,0.10028653295128939,0.2533156014231253,0.2533156014231253
161,0.8927419155925066,0.5013769310889361,0.8912772006152688,0.5011007427999477,0.23726716252825136,0.5016075995649807,0.4899713467048711,0.3703008674143024,0.3639195122538335,0.08022922636103152,0.48857142857142855,0.3721000077931187,0.3657368850759654,0.08285714285714285,0.09169054441260745,0.10285714285714286,0.002857142857142857,22.42,0.2492836676217765,0.0,2.8082872081966028e-18,0.08606350260042005,11.736389684813753,0.01608066690215767,0.03164965816843801,0.15964840014129458,0.08022922636103152,0,0.19319868369990228,0.2556368087151742,6.265057590997166,0.9061374941995086,0.0,1.0,0.0,0.2,0.0,0.9999999999999999,0.3,0.08,0.09169054441260745,0.25321613338043153,0.25321613338043153
162,0.8929253311162724,0.5005033882645622,0.8914600920946809,0.5002257846212269,0.23726716252825136,0.5014214949975645,0.4498567335243553,0.37018625423378665,0.36383355236844667,0.08022922636103152,0.44857142857142857,0.37198572207883296,0.3656511707902511,0.08285714285714285,0.1318051575931232,0.14,0.002857142857142857,22.554285714285715,0.2521489971346705,0.0,2.8111171923983228e-18,0.0860125879968786,11.736389684813753,0.015598246895092939,0.03071490413941258,0.15935894813705576,0.08022922636103152,0,0.19331740528140276,0.2543586246715983,6.2797564391772225,0.9168094138412648,0.0,0.9795918367346939,0.0,0.2,0.0,0.9999999999999999,0.3,0.08,0.1318051575931232,0.2531196493790186,0.2531196493790186
163,0.8929290466074311,0.5004720081360912,0.8914637969701507,0.5001834580529518,0.23726716252825136,0.5011973240815782,0.504297994269341,0.37018625423378665,0.36383355236844667,0.08022922636103152,0.5028571428571429,0.37198572207883296,0.3656511707902511,0.08285714285714285,0.10315186246418338,0.11714285714285715,0.002857142857142857,22.674285714285713,0.2492836676217765,0.0,2.8138736854490743e-18,0.0859632008314433,11.736389684813753,0.01513029948824015,0.029807330614762373,0.15907817969294408,0.08022922636103152,0,0.1938354903817645,0.2530868315482403,6.2713041675365355,0.8984732255644395,0.0,1.0,0.0,0.2,0.0,0.9999999999999999,0.3,0.08,0.10315186246418338,0.25302605989764804,0.25302605989764804
164,0.8930920140354068,0.5002913727788285,0.8916262987769035,0.4999499951783725,0.23726716252825136,0.501052261228854,0.5243553008595988,0.37018625423378665,0.36383355236844667,0.08022922636103152,0.5228571428571429,0.37198572207883296,0.3656511707902511,0.08285714285714285,0.1346704871060172,0.15428571428571428,0.002857142857142857,22.802857142857142,0.25501432664756446,0.0,2.8165582535919126e-18,0.08591529528097115,11.736389684813753,0.014676390503592944,0.02892617237068884,0.15880583430215575,0.08022922636103152,0,0.19477261945183594,0.2518213973904991,6.300163798471518,0.8805037610531506,0.0,1.0,0.0,0.2,0.0,0.9999999999999999,0.3,0.08,0.1346704871060172,0.2529352781007186,0.2529352781007186
165,0.8943242897100471,0.5003420300775387,0.8928550536639019,0.50002366428172,0.23726716252825136,0.5008676509037782,0.501432664756447,0.37018625423378665,0.36383355236844667,0.08022922636103152,0.5,0.37198572207883296,0.3656511707902511,0.08285714285714285,0.14040114613180515,0.15428571428571428,0.002857142857142857,22.965714285714284,0.24355300859598855,0.0,2.819172450766066e-18,0.08586882689701313,11.736389684813753,0.014236098788485156,0.02807068423950665,0.15854165927309108,0.08022922636103152,0,0.19437004206886246,0.2505622904035466,6.328446236787801,0.8628936858320877,0.0,1.0,0.0,0.2,0.0,0.9999999999999999,0.3,0.08,0.14040114613180515,0.25284721975769703,0.25284721975769703
166,0.8947909675514999,0.5000160751912103,0.8933203981400933,0.49965766080540414,0.23726716252825136,0.5006644997489654,0.4785100286532951,0.37018625423378665,0.36383355236844667,0.08022922636103152,0.47714285714285715,0.37198572207883296,0.3656511707902511,0.08285714285714285,0.1518624641833811,0.1742857142857143,0.002857142857142857,23.077142857142857,0.24641833810888253,0.0,2.8217178171846733e-18,0.08582375256457385,11.736389684813753,0.013809015824830602,0.027240140673720603,0.15828540949489836,0.08022922636103152,0,0.19405504900137532,0.24930947895152883,6.37616302633776,0.8456358121154459,0.0,1.0,0.0,0.2,0.0,0.9999999999999999,0.3,0.08,0.1518624641833811,0.2527618031649661,0.2527618031649661
167,0.8950267730994977,0.499102841276044,0.8935555299579541,0.49872646883285077,0.23726716252825136,0.500580117463543,0.49570200573065903,0.3698424146922394,0.3635756727122862,0.08022922636103152,0.4942857142857143,0.3716428649359758,0.36539402793310827,0.08285714285714285,0.1346704871060172,0.15142857142857144,0.002857142857142857,23.217142857142857,0.2492836676217765,0.0,2.8241958780394278e-18,0.08578003046210772,11.736389684813753,0.013394745350085684,0.02643383531387067,0.1580368472100514,0.08022922636103152,0,0.194856202327797,0.2480629315567712,6.400068337239576,0.9628484636916885,0.0,0.9433962264150944,0.0,0.2,0.0,0.9999999999999999,0.3,0.08,0.1346704871060172,0.25267894907001714,0.25267894907001714
168,0.8941593159371615,0.49971693815025037,0.8926905512446532,0.49932967271334777,0.23726716252825136,0.5003219720683479,0.4785100286532951,0.3698424146922394,0.3635756727122862,0.08022922636103152,0.47714285714285715,0.3716428649359758,0.36539402793310827,0.08285714285714285,0.12607449856733524,0.13428571428571429,0.002857142857142857,23.33142857142857,0.2492836676217765,0.0,2.8266081423251074e-18,0.08573762002271562,11.736389684813753,0.012992902989583112,0.02565108056053944,0.15779574179374986,0.08022922636103152,0,0.19450878558403303,0.24682261689898732,6.406352684780499,0.9435914944178547,0.0,1.0,0.0,0.2,0.0,0.9999999999999999,0.3,0.08,0.12607449856733524,0.2525985805979166,0.2525985805979166
169,0.8943735972548923,0.5006558680633593,0.8929042203300477,0.5002695598445739,0.23726716252825136,0.5000213452417607,0.5100286532951289,0.3696131883312079,0.36340375294151256,0.08022922636103152,0.5085714285714286,0.37141429350740435,0.36522259936167967,0.08285714285714285,0.1174785100286533,0.12857142857142856,0.002857142857142857,23.5,0.24641833810888253,0.0,2.828956101777255e-18,0.08569648189650526,11.736389684813753,0.012603115899895618,0.024891207150881223,0.15756186953993737,0.08022922636103152,0,0.1950492430846843,0.24558850381449238,6.406797059656318,0.9643600000000009,0.0,0.9555555555555556,0.0,0.2,0.0,0.9999999999999999,0.3,0.08,0.1174785100286533,0.25252062317997914,0.25252062317997914
170,0.8953991067883226,0.49982929737061693,0.8939267998362396,0.4994696627667135,0.23726716252825136,0.4997356738245702,0.5128939828080229,0.3696131883312079,0.36340375294151256,0.08022922636103152,0.5114285714285715,0.37141429350740435,0.36522259936167967,0.08285714285714285,0.1174785100286533,0.13142857142857142,0.002857142857142857,23.66,0.2492836676217765,0.0,2.831241229916525e-18,0.08565657791408123,11.736389684813753,0.01222502242289875,0.024153563739992,0.15733501345373924,0.08022922636103152,0,0.19470156901211802,0.24436056129541994,6.410089689891762,0.9450728000000008,0.0,1.0,0.0,0.2,0.0,0.9999999999999999,0.3,0.08,0.1174785100286533,0.25244500448457974,0.25244500448457974
171,0.8951893170766052,0.4999477419983782,0.8937176095236984,0.49958711677587403,0.23726716252825136,0.4993024297085178,0.5272206303724928,0.3696131883312079,0.36340375294151256,0.08022922636103152,0.5257142857142857,0.37141429350740435,0.36522259936167967,0.08285714285714285,0.12034383954154727,0.1457142857142857,0.002857142857142857,23.837142857142858,0.2521489971346705,0.0,2.8334649811934456e-18,0.0856178710511299,11.736389684813753,0.011858271750211787,0.02343751648740955,0.15711496305012707,0.08022922636103152,0,0.19490100127977386,0.24313875848894284,6.427602181808213,0.9261713440000008,0.0,1.0,0.0,0.2,0.0,0.9999999999999999,0.3,0.08,0.12034383954154727,0.2523716543500424,0.2523716543500424
172,0.8958280068653044,0.49995555822700477,0.89435447448443,0.4996057855941284,0.23726716252825136,0.4988938387792892,0.5272206303724928,0.36949857515069207,0.36331779305612577,0.08022922636103152,0.5257142857142857,0.37130000779311867,0.36513688507596537,0.08285714285714285,0.14040114613180515,0.15714285714285714,0.002857142857142857,23.994285714285713,0.2492836676217765,0.0,2.835628790227629e-18,0.08558032539406711,11.736389684813753,0.011502523597705433,0.02274244864899877,0.15690151415862325,0.08022922636103152,0,0.1950117819876607,0.24192306469649813,6.456192995314906,0.9442090208276173,0.0,0.9818181818181818,0.0,0.2,0.0,0.9999999999999999,0.3,0.08,0.14040114613180515,0.2523005047195411,0.2523005047195411
173,0.8964916578812019,0.4998923305248259,0.8950162293545678,0.4995511070695347,0.23726716252825136,0.49852490261806176,0.4899713467048711,0.36949857515069207,0.36331779305612577,0.08022922636103152,0.48857142857142855,0.37130000779311867,0.36513688507596537,0.08285714285714285,0.1346704871060172,0.14285714285714285,0.002857142857142857,24.145714285714284,0.2492836676217765,0.0,2.8377340711356996e-18,0.08554390610671622,11.736389684813753,0.011157447889774269,0.02206776017444878,0.15669446873386456,0.08022922636103152,0,0.19463615236343668,0.24071344937301561,6.46992627826575,0.9253248404110649,0.0,1.0,0.0,0.2,0.0,0.9999999999999999,0.3,0.08,0.1346704871060172,0.2522314895779548,0.2522314895779548
174,0.8962023561516007,0.49946845147120283,0.8947277542013368,0.49912432350221436,0.23726716252825136,0.49812593748630196,0.4670487106017192,0.3693839619701763,0.3632318331707389,0.08022922636103152,0.4657142857142857,0.3711857220788329,0.3650511707902511,0.08285714285714285,0.14613180515759314,0.1657142857142857,0.002857142857142857,24.277142857142856,0.2492836676217765,0.0,2.83978221694245e-18,0.08550857939798584,11.736389684813753,0.01082272445308104,0.021412867310581674,0.15649363467184862,0.08022922636103152,0,0.19477668588733382,0.2408346800924973,6.506242038414721,0.9341914189451571,0.0,0.9827586206896551,0.0,0.2,0.0,0.9999999999999999,0.3,0.08,0.14613180515759314,0.2521645448906162,0.2521645448906162
175,0.8972750344237677,0.4992870677537974,0.8957973676784404,0.49900448189382796,0.23726716252825136,0.49774570633172976,0.49283667621776506,0.3693839619701763,0.3632318331707389,0.08022922636103152,0.49142857142857144,0.3711857220788329,0.3650511707902511,0.08285714285714285,0.14326647564469913,0.1657142857142857,0.002857142857142857,24.485714285714284,0.25501432664756446,0.0,2.841774599069997e-18,0.08547431249051739,11.736389684813753,0.010498042719488608,0.020777202210646273,0.15629882563169317,0.08022922636103152,0,0.19443108817218283,0.23963050669203484,6.541831483360711,0.9155075905662539,0.0,1.0,0.0,0.2,0.0,0.9999999999999999,0.3,0.08,0.14326647564469913,0.25209960854389774,0.25209960854389774
176,0.8961512955510872,0.49940909124357324,0.8946768394882533,0.4991874096937581,0.23726716252825136,0.4972894793547242,0.5272206303724928,0.3693839619701763,0.3632318331707389,0.08022922636103152,0.5257142857142857,0.3711857220788329,0.3650511707902511,0.08285714285714285,0.13753581661891118,0.15142857142857144,0.002857142857142857,24.642857142857142,0.25501432664756446,0.0,2.8437125668999274e-18,0.08544107359027298,11.736389684813753,0.01018310143790395,0.02016021254974565,0.15610986086274237,0.08022922636103152,0,0.19400164701703623,0.23843235415857464,6.562423425122068,0.8971974387549287,0.0,1.0,0.0,0.2,0.0,0.9999999999999999,0.3,0.08,0.13753581661891118,0.2520366202875808,0.2520366202875808
177,0.8965539130762058,0.49879084398993656,0.8950783066775856,0.498553193252873,0.23726716252825136,0.4968897418033233,0.4670487106017192,0.3693839619701763,0.3632318331707389,0.08022922636103152,0.4657142857142857,0.3711857220788329,0.3650511707902511,0.08285714285714285,0.1174785100286533,0.12571428571428572,0.002857142857142857,24.797142857142855,0.25787965616045844,0.0,2.8455974474036784e-18,0.08540883185703589,11.736389684813753,0.00987760839476683,0.01956136114652751,0.1559265650368601,0.08022922636103152,0,0.1935170673533796,0.23724019238778177,6.556889242333913,0.8792534899798301,0.0,1.0,0.0,0.2,0.0,0.9999999999999999,0.3,0.08,0.1174785100286533,0.2519755216789534,0.2519755216789534
178,0.8968770898790638,0.49914131013946383,0.8954005601181501,0.49889235529681514,0.23726716252825136,0.4965514664402049,0.49570200573065903,0.3693839619701763,0.3632318331707389,0.08022922636103152,0.4942857142857143,0.3711857220788329,0.3650511707902511,0.08285714285714285,0.12034383954154727,0.1457142857142857,0.002857142857142857,24.96857142857143,0.2492836676217765,0.0,2.8474305448365914e-18,0.0853775573757959,11.736389684813753,0.009581280142923825,0.018980125591242847,0.1557487680857543,0.08022922636103152,0,0.19314905344518415,0.23605399142584288,6.571465743201521,0.8616684201802335,0.0,1.0,0.0,0.2,0.0,0.9999999999999999,0.3,0.08,0.12034383954154727,0.25191625602858475,0.25191625602858475
179,0.8960042974272001,0.4991868741670691,0.894530261359006,0.4988977501357895,0.23726716252825136,0.4963589239106774,0.498567335243553,0.3693839619701763,0.3632318331707389,0.08022922636103152,0.49714285714285716,0.3711857220788329,0.3650511707902511,0.08285714285714285,0.11174785100286533,0.11714285714285715,0.002857142857142857,25.12,0.2521489971346705,0.0,2.8492131404913456e-18,0.08534722112899318,11.736389684813753,0.00929384173863611,0.018415997880260826,0.15557630504318165,0.08022922636103152,0,0.19264002317795823,0.23487372146871366,6.557179285480347,0.8444350517766289,0.0,1.0,0.0,0.2,0.0,0.9999999999999999,0.3,0.08,0.11174785100286533,0.25185876834772725,0.25185876834772725
180,0.8955817320472539,0.49912782053644916,0.8941089033087168,0.4988269701643701,0.23726716252825136,0.49605728717037223,0.5128939828080229,0.3693839619701763,0.3632318331707389,0.08022922636103152,0.5114285714285715,0.3711857220788329,0.3650511707902511,0.08285714285714285,0.1318051575931232,0.14857142857142858,0.002857142857142857,25.26,0.25501432664756446,0.0,2.8509464925066484e-18,0.08531779496959448,11.736389684813753,0.009015026486477026,0.017868484057111056,0.15540901589188622,0.08022922636103152,0,0.19391012524130832,0.23369935286137009,6.574607128342168,0.8275463507410963,0.0,1.0,0.0,0.2,0.0,0.9999999999999999,0.3,0.08,0.1318051575931232,0.2518030052972954,0.2518030052972954
181,0.8976556944171523,0.49894438755924464,0.896176940071844,0.4986483175593438,0.23726716252825136,0.49578053867782673,0.47277936962750716,0.3692693487896606,0.36314587328535214,0.08022922636103152,0.4714285714285714,0.37107143636454726,0.3649654565045368,0.08285714285714285,0.14613180515759314,0.16285714285714287,0.002857142857142857,25.36857142857143,0.2521489971346705,0.0,2.85263183572728e-18,0.0852892515949778,11.736389684813753,0.008744575691882715,0.017337103860104452,0.15524674541512962,0.08022922636103152,0,0.19402557532938752,0.2570942143975237,6.605972128632467,0.8236292657433815,0.0,0.9824561403508771,0.0,0.2,0.0,0.9999999999999999,0.3,0.08,0.14613180515759314,0.25174891513837655,0.25174891513837655
182,0.8977943319968753,0.49814744348672607,0.8963151815441964,0.49784301753941235,0.23726716252825136,0.4957054866894477,0.4785100286532951,0.3691547356091448,0.3630599133999653,0.08022922636103152,0.47714285714285715,0.3709571506502615,0.3648797422188225,0.08285714285714285,0.16332378223495703,0.18285714285714286,0.002857142857142857,25.542857142857144,0.2492836676217765,0.0,2.8542703816118168e-18,0.08526156452159954,11.736389684813753,0.008482238421126234,0.016821390376573375,0.15508934305267574,0.08022922636103152,0,0.19436534434659522,0.2558087433255361,6.65670982891696,0.8320176772915966,0.0,0.984375,0.0,0.2,0.0,0.9999999999999999,0.3,0.08,0.16332378223495703,0.2516964476842252,0.2516964476842252
183,0.8985986640917948,0.4984280935220434,0.8971172155474161,0.49815494780857394,0.23726716252825136,0.4956020476519768,0.4785100286532951,0.3691547356091448,0.3630599133999653,0.08022922636103152,0.47714285714285715,0.3709571506502615,0.3648797422188225,0.08285714285714285,0.12034383954154727,0.13428571428571429,0.002857142857142857,25.7,0.2521489971346705,0.0,2.8558633181845042e-18,0.08523470806042267,11.736389684813753,0.008227771268492447,0.016320889703752672,0.15493666276109547,0.08022922636103152,0,0.19393608905343365,0.2545296996089084,6.657861346624335,0.8153773237457647,0.0,1.0,0.0,0.2,0.0,0.9999999999999999,0.3,0.08,0.12034383954154727,0.2516455542536985,0.2516455542536985
184,0.8992237116820285,0.49868412187858446,0.897740477287392,0.49840751164849806,0.23726716252825136,0.4955981157352439,0.47277936962750716,0.36904012242862905,0.3629739535145785,0.08022922636103152,0.4714285714285714,0.37084286493597585,0.3647940279331082,0.08285714285714285,0.14326647564469913,0.1657142857142857,0.002857142857142857,25.902857142857144,0.24641833810888253,0.0,2.8574118100279746e-18,0.08520865729308112,11.736389684813753,0.007980938130437673,0.015835160616315624,0.1547885628782626,0.08022922636103152,0,0.1949948762234881,0.2532570511108639,6.690418405406134,0.8279047493657072,0.0,0.9827586206896551,0.0,0.2,0.0,0.9999999999999999,0.3,0.08,0.14326647564469913,0.25159618762608754,0.25159618762608754
185,0.8983743932712819,0.4997795640425229,0.8968935855006761,0.499456844390073,0.23726716252825136,0.49561255831690315,0.48424068767908307,0.36904012242862905,0.3629739535145785,0.08022922636103152,0.4828571428571429,0.37084286493597585,0.3647940279331082,0.08285714285714285,0.14040114613180515,0.16285714285714287,0.002857142857142857,26.091428571428573,0.2492836676217765,0.0,2.8589169983136716e-18,0.08518338804875979,11.736389684813753,0.007741509986524542,0.01536377424056179,0.15464490599191472,0.08022922636103152,0,0.19467633112808497,0.25199076585530955,6.719467180155155,0.811346654378393,0.0,1.0,0.0,0.2,0.0,0.9999999999999999,0.3,0.08,0.14040114613180515,0.25154830199730494,0.25154830199730494
186,0.897771020185449,0.4994580339893444,0.8962919363379456,0.4991540227548347,0.23726716252825136,0.4957356778811728,0.501432664756447,0.3689255092481133,0.36288799362919166,0.08022922636103152,0.5,0.3707285792216901,0.3647083136473939,0.08285714285714285,0.11461318051575932,0.12571428571428572,0.002857142857142857,26.285714285714285,0.2492836676217765,0.0,2.8603800008670097e-18,0.08515887688176813,11.736389684813753,0.007509264686928806,0.014906313735245869,0.15450555881215727,0.08022922636103152,0,0.19458852090101594,0.250730812026033,6.710792122266336,0.847278564866334,0.0,0.9772727272727273,0.0,0.2,0.0,0.9999999999999999,0.3,0.08,0.11461318051575932,0.25150185293738575,0.25150185293738575
187,0.8980174244016278,0.49875198009410626,0.8965376365420782,0.4984737159593934,0.23726716252825136,0.49581521155467195,0.47277936962750716,0.3689255092481133,0.36288799362919166,0.08022922636103152,0.4714285714285714,0.3707285792216901,0.3647083136473939,0.08285714285714285,0.1318051575931232,0.14,0.002857142857142857,26.465714285714284,0.2492836676217765,0.0,2.861801912264472e-18,0.08513510104978618,11.736389684813753,0.007283986746320942,0.014462373979026721,0.15437039204779257,0.08022922636103152,0,0.1942147225822251,0.24947715796590283,6.716576279821011,0.8303329935690072,0.0,1.0,0.0,0.2,0.0,0.9999999999999999,0.3,0.08,0.1318051575931232,0.2514567973492642,0.2514567973492642
188,0.8972665347204823,0.49885172154578244,0.8957888922600218,0.4986179625663111,0.23726716252825136,0.4958110668494815,0.48424068767908307,0.3689255092481133,0.36288799362919166,0.08022922636103152,0.4828571428571429,0.3707285792216901,0.3647083136473939,0.08285714285714285,0.10888252148997135,0.12285714285714286,0.002857142857142857,26.622857142857143,0.2492836676217765,0.0,2.8631838039600066e-18,0.0851120384927637,11.736389684813753,0.007065467143931314,0.014031561264504666,0.15423928028635878,0.08022922636103152,0,0.19384179966576043,0.2482297721760733,6.705101897081734,0.8137263336976271,0.0,1.0,0.0,0.2,0.0,0.9999999999999999,0.3,0.08,0.10888252148997135,0.25141309342878626,0.25141309342878626
189,0.897548372161116,0.4989391974703276,0.896069924450825,0.4987790347143309,0.23726716252825136,0.49577795754860454,0.4813753581661891,0.3686962828870818,0.36271607385841803,0.08022922636103152,0.48,0.37050000779311865,0.3645368850759654,0.08285714285714285,0.12893982808022922,0.15142857142857144,0.002857142857142857,26.748571428571427,0.2607449856733524,0.0,2.8645267244382255e-18,0.08508966781245192,11.736389684813753,0.006853503129613374,0.013613492998807541,0.15411210187776803,0.08022922636103152,0,0.19441402209243164,0.24698862331519295,6.7224284305686695,0.8711087474186072,0.0,0.9622641509433962,0.0,0.2,0.0,0.9999999999999999,0.3,0.08,0.12893982808022922,0.25137070062592265,0.25137070062592265
190,0.896630239442858,0.5000832154704129,0.8951544149689047,0.49993858218980775,0.23726716252825136,0.49573323884552134,0.4699140401146132,0.36858166970656603,0.3626301139730312,0.08022922636103152,0.4685714285714286,0.37038572207883297,0.36445117079025113,0.08285714285714285,0.1346704871060172,0.15714285714285714,0.002857142857142857,26.902857142857144,0.25501432664756446,0.0,2.8658316993920678e-18,0.08506796825254948,11.736389684813753,0.006647898035724973,0.013207797410680344,0.153988738821435,0.08022922636103152,0,0.19447023769625518,0.24575368019861699,6.745122719100153,0.8887493588817054,0.0,0.9818181818181818,0.0,0.2,0.0,0.9999999999999999,0.3,0.08,0.1346704871060172,0.25132957960714497,0.25132957960714497
191,0.8983186173119627,0.5003486470004669,0.8968379689012407,0.5001871129211477,0.23726716252825136,0.495801080279087,0.4699140401146132,0.3684670565260503,0.3625441540876444,0.08022922636103152,0.4685714285714286,0.3702714363645472,0.3643654565045369,0.08285714285714285,0.14326647564469913,0.15714285714285714,0.002857142857142857,27.094285714285714,0.2521489971346705,0.0,2.867099731922717e-18,0.0850469196794441,11.736389684813753,0.006448461094653224,0.012814113264022264,0.15386907665679192,0.08022922636103152,0,0.19578317293634534,0.25724764619048446,6.767363121861007,0.9493810819373301,0.0,0.9818181818181818,0.0,0.2,0.0,0.9999999999999999,0.3,0.08,0.14326647564469913,0.25128969221893066,0.25128969221893066
192,0.898483535027898,0.4997196971954992,0.8970024154237018,0.4995806887128059,0.23726716252825136,0.4959930517768355,0.4871060171919771,0.3683524433455345,0.36245819420225756,0.08022922636103152,0.4857142857142857,0.3701571506502615,0.3642797422188226,0.08285714285714285,0.12893982808022922,0.13714285714285715,0.002857142857142857,27.245714285714286,0.2521489971346705,0.0,2.8683318027597032e-18,0.0850265025635319,11.736389684813753,0.006255007261813627,0.012432089577813055,0.15375300435708816,0.08022922636103152,0,0.19579404184800078,0.25596140795953204,6.7691587165666425,0.9411919999999999,0.0,0.9791666666666666,0.0,0.2,0.0,0.9999999999999999,0.3,0.08,0.12893982808022922,0.25125100145236273,0.25125100145236273
193,0.8985071584322466,0.49988054053972797,0.8970259713326095,0.4997270637417258,0.23726716252825136,0.49609983389548,0.501432664756447,0.368123216984503,0.362286274431484,0.08022922636103152,0.5,0.36992857922169003,0.364108313647394,0.08285714285714285,0.14040114613180515,0.15142857142857144,0.002857142857142857,27.414285714285715,0.25501432664756446,0.0,2.869528870499243e-18,0.08500669796109706,11.736389684813753,0.006067357043959218,0.01206138535236212,0.15364041422637553,0.08022922636103152,0,0.19660686542647007,0.25468160091973435,6.785204113663883,0.9318021140407846,0.0,0.9622641509433962,0.0,0.2,0.0,0.9999999999999999,0.3,0.08,0.14040114613180515,0.25121347140879186,0.25121347140879186
194,0.8983230294421073,0.49946111132474774,0.8968423684252993,0.4993368663956785,0.23726716252825136,0.4961297576087673,0.46418338108882523,0.36800860380398726,0.36220031454609714,0.08022922636103152,0.46285714285714286,0.36981429350740436,0.3640225993616797,0.08285714285714285,0.11461318051575932,0.12571428571428572,0.002857142857142857,27.594285714285714,0.24641833810888253,0.0,2.8706918718589816e-18,0.08498748749673525,11.736389684813753,0.005885336332640441,0.011701669301808493,0.15353120179958427,0.08022922636103152,0,0.1966512610993377,0.2600523006381675,6.775214317104891,0.9261713440000008,0.0,0.9772727272727273,0.0,0.2,0.0,0.9999999999999999,0.3,0.08,0.11461318051575932,0.2511770672665281,0.2511770672665281
195,0.8982974104299841,0.49895708613764017,0.8968168226103534,0.4987949530850892,0.23726716252825136,0.4961140752835277,0.42406876790830944,0.36789399062347145,0.3621143546607103,0.08022922636103152,0.4228571428571429,0.3697000077931187,0.36393688507596544,0.08285714285714285,0.1174785100286533,0.13714285714285715,0.002857142857142857,27.762857142857143,0.2521489971346705,0.0,2.8718217219474377e-18,0.08496885334630433,11.736389684813753,0.0057087762426612275,0.011352619592798652,0.15342526574559673,0.08022922636103152,0,0.19666743336526962,0.2857876033814459,6.776852887905651,0.9426799817880812,0.0,0.9791666666666666,0.0,0.2,0.0,0.9999999999999999,0.3,0.08,0.1174785100286533,0.2511417552485323,0.2511417552485323
196,0.8973016256225607,0.5000104062839003,0.8958238829023799,0.49987702491834884,0.23726716252825136,0.4961638011487039,0.44412607449856734,0.3677793774429557,0.3620283947753235,0.08022922636103152,0.44285714285714284,0.36958572207883295,0.3638511707902512,0.08285714285714285,0.09742120343839542,0.10285714285714286,0.002857142857142857,27.905714285714286,0.25501432664756446,0.0,2.8729193145465423e-18,0.08495077822038631,11.736389684813753,0.005537512955381391,0.011013923589260899,0.15332250777322884,0.08022922636103152,0,0.19659766834130038,0.28435866536453863,6.744172973004679,0.9373745433708744,0.0,0.9722222222222222,0.0,0.2,0.0,0.9999999999999999,0.3,0.08,0.09742120343839542,0.2511075025910763,0.2511075025910763
197,0.896210168211928,0.5010063875428874,0.894735543941492,0.5008548265716617,0.23726716252825136,0.4963527956706743,0.40974212034383956,0.3677793774429557,0.3620283947753235,0.08022922636103152,0.4085714285714286,0.36958572207883295,0.3638511707902512,0.08285714285714285,0.11461318051575932,0.12285714285714286,0.002857142857142857,28.085714285714285,0.25501432664756446,0.0,2.8739855224057686e-18,0.08493324534824584,11.736389684813753,0.005371387566719949,0.010685277603193044,0.15322283254003197,0.08022922636103152,0,0.1961853942853082,0.28293687203771595,6.732146656401728,0.918627052503457,0.0,1.0,0.0,0.2,0.0,0.9999999999999999,0.3,0.08,0.11461318051575932,0.251074277513344,0.251074277513344
198,0.8960512453571827,0.5011393153188699,0.8945770751520458,0.5010070661809081,0.23726716252825136,0.4966947196541146,0.4269340974212034,0.3677793774429557,0.3620283947753235,0.08022922636103152,0.4257142857142857,0.36958572207883295,0.3638511707902512,0.08285714285714285,0.09169054441260745,0.1,0.002857142857142857,28.268571428571427,0.2521489971346705,0.0,2.875021197546453e-18,0.08491623846226957,11.736389684813753,0.0052102459397183505,0.010366386651379123,0.153126147563831,0.08022922636103152,0,0.19557575302816735,0.2815221876775274,6.6975037232736945,0.9002545114533879,0.0,1.0,0.0,0.2,0.0,0.9999999999999999,0.3,0.08,0.09169054441260745,0.25104204918794365,0.25104204918794365
199,0.8961434298637141,0.4995393121648616,0.8946689962742728,0.4994635001183758,0.23726716252825136,0.4969913545094941,0.46131805157593125,0.3677793774429557,0.3620283947753235,0.08022922636103152,0.46,0.36958572207883295,0.3638511707902512,0.08285714285714285,0.08882521489971347,0.10285714285714286,0.002857142857142857,28.382857142857144,0.25787965616045844,0.0,2.8760271715750084e-18,0.0848997417828726,11.736389684813753,0.0050539385615268,0.01005696421794422,0.15303236313691607,0.08022922636103152,0,0.19516801854874083,0.28011457673913975,6.6664107916653625,0.88224942122432,0.0,1.0,0.0,0.2,0.0,0.9999999999999999,0.3,0.08,0.08882521489971347,0.25101078771230534,0.25101078771230534
200,0.8980769555219009,0.49907842925714274,0.8965969975734364,0.4990349303210189,0.23726716252825136,0.4971183233040661,0.47277936962750716,0.36766476426244,0.36194243488993666,0.08022922636103152,0.4714285714285714,0.36947143636454727,0.3637654565045369,0.08285714285714285,0.09742120343839542,0.12,0.002857142857142857,28.502857142857142,0.25501432664756446,0.0,2.8770042560037835e-18,0.08488374000385754,11.736389684813753,0.004902320404680996,0.009756732022657477,0.1529413922428086,0.08022922636103152,0,0.1957308249375178,0.2787140038554441,6.653082575832055,0.8681255332467198,0.0,0.9761904761904762,0.0,0.2,0.0,0.9999999999999999,0.3,0.08,0.09742120343839542,0.2509804640809362,0.2509804640809362
201,0.8966551025808123,0.49916581546500655,0.895179207069322,0.4990869655431285,0.23726716252825136,0.49732899076400083,0.44412607449856734,0.36766476426244,0.36194243488993666,0.08022922636103152,0.44285714285714284,0.36947143636454727,0.3637654565045369,0.08285714285714285,0.10315186246418338,0.10857142857142857,0.002857142857142857,28.68857142857143,0.25787965616045844,0.0,2.877953242578472e-18,0.08486821827821289,11.736389684813753,0.004755250792540566,0.00946541979488924,0.15285315047552434,0.08022922636103152,0,0.19526602795568732,0.27732043383616684,6.628592352886843,0.8507630225817854,0.0,1.0,0.0,0.2,0.0,0.9999999999999999,0.3,0.08,0.10315186246418338,0.2509510501585081,0.2509510501585081
202,0.8952948694937516,0.4983932722420023,0.8938228603625102,0.4983409436682237,0.23726716252825136,0.4974339589612118,0.49283667621776506,0.36766476426244,0.36194243488993666,0.08022922636103152,0.49142857142857144,0.36947143636454727,0.3637654565045369,0.08285714285714285,0.09455587392550144,0.10285714285714286,0.002857142857142857,28.825714285714287,0.2607449856733524,0.0,2.8788749036109603e-18,0.08485316220433763,11.736389684813753,0.004612593268764349,0.00918276505312765,0.1527675559612586,0.08022922636103152,0,0.19466098353019462,0.275933831666986,6.598877648686248,0.8337477621301497,0.0,1.0,0.0,0.2,0.0,0.9999999999999999,0.3,0.08,0.09455587392550144,0.25092251865375287,0.25092251865375287
203,0.8945220320833965,0.4985278774540947,0.8930522310590416,0.4984674042214315,0.23726716252825136,0.4973594080764743,0.501432664756447,0.36766476426244,0.36194243488993666,0.08022922636103152,0.5,0.36947143636454727,0.3637654565045369,0.08285714285714285,0.11461318051575932,0.12,0.002857142857142857,29.03142857142857,0.2607449856733524,0.0,2.8797699923166946e-18,0.08483855781267863,11.736389684813753,0.004474215470701419,0.008908512889958198,0.15268452928242085,0.08022922636103152,0,0.19428582859470436,0.274554162508651,6.586900095712524,0.8170728068875467,0.0,1.0,0.0,0.2,0.0,0.9999999999999999,0.3,0.08,0.11461318051575932,0.2508948430941403,0.2508948430941403
204,0.8959140875567552,0.49853810719917024,0.8944403092310479,0.4985536279191495,0.23726716252825136,0.4973595479262224,0.4785100286532951,0.36766476426244,0.36194243488993666,0.08022922636103152,0.47714285714285715,0.36947143636454727,0.3637654565045369,0.08285714285714285,0.08882521489971347,0.1,0.002857142857142857,29.17142857142857,0.2607449856733524,0.0,2.8806392431555905e-18,0.08482439155276937,11.736389684813753,0.004339989006580377,0.008642415762409206,0.15260399340394823,0.08022922636103152,0,0.1937989737338737,0.2731813916961078,6.555162093798273,0.8007313507497957,0.0,1.0,0.0,0.2,0.0,0.9999999999999999,0.3,0.08,0.08882521489971347,0.2508679978013161,0.2508679978013161
205,0.8971256959855733,0.4992394310395087,0.8956484559214982,0.49926316839576773,0.23726716252825136,0.4973737906642042,0.4699140401146132,0.36766476426244,0.36194243488993666,0.08022922636103152,0.4685714285714286,0.36947143636454727,0.3637654565045369,0.08285714285714285,0.09742120343839542,0.10857142857142857,0.002857142857142857,29.345714285714287,0.25787965616045844,0.0,2.8814833721756902e-18,0.0848106502806574,11.736389684813753,0.004209789336382965,0.008384233287564102,0.1525258736018298,0.08022922636103152,0,0.19359170568283648,0.2718154847376272,6.532630280493735,0.7847167237347998,0.0,1.0,0.0,0.2,0.0,0.9999999999999999,0.3,0.08,0.09742120343839542,0.2508419578672766,0.2508419578672766
206,0.8980276237723612,0.4987030969224893,0.8965478067717524,0.49872278371265055,0.23726716252825136,0.49725309933602335,0.4785100286532951,0.3674355379014084,0.361770515119163,0.08022922636103152,0.47714285714285715,0.3692428649359758,0.3635940279331083,0.08285714285714285,0.10028653295128939,0.11428571428571428,0.002857142857142857,29.474285714285713,0.25501432664756446,0.0,2.8823030773587585e-18,0.0847973212467088,11.736389684813753,0.004083495656291476,0.008133732043342223,0.15245009739377488,0.08022922636103152,0,0.1940226057258508,0.27045640731393905,6.516263389169575,0.8239497642851935,0.0,0.95,0.0,0.2,0.0,0.9999999999999999,0.3,0.08,0.10028653295128939,0.2508166991312583,0.2508166991312583
207,0.8973460733380533,0.4992693537495462,0.8958682036243996,0.4992973660400086,0.23726716252825136,0.4973096913270313,0.4326647564469914,0.36732092472089267,0.3616845552337762,0.08022922636103152,0.43142857142857144,0.3691285792216901,0.363508313647394,0.08285714285714285,0.07449856733524356,0.07714285714285714,0.002857142857142857,29.614285714285714,0.2492836676217765,0.0,2.8830990389670946e-18,0.08478439208377865,11.736389684813753,0.003960990786602732,0.007890685374348227,0.15237659447196164,0.08022922636103152,0,0.19376663555436446,0.2691041252773694,6.463080978529041,0.8723337437649771,0.0,0.9629629629629629,0.0,0.2,0.0,0.9999999999999999,0.3,0.08,0.07449856733524356,0.25079219815732057,0.25079219815732057
208,0.8979532055543646,0.4995425940205564,0.8964736011772358,0.4995750125102586,0.23726716252825136,0.49749325382547294,0.498567335243553,0.3672063115403769,0.3615985953483894,0.08022922636103152,0.49714285714285716,0.36901429350740433,0.36342259936167975,0.08285714285714285,0.09169054441260745,0.09714285714285714,0.002857142857142857,29.74,0.24641833810888253,0.0,2.8838719198909104e-18,0.08477185079573642,11.736389684813753,0.00384216106300465,0.007654873202690871,0.1523052966378028,0.08022922636103152,0,0.1937112316623069,0.26775860465098256,6.430962216101317,0.892622668427103,0.0,0.9705882352941176,0.0,0.2,0.0,0.9999999999999999,0.3,0.08,0.09169054441260745,0.2507684322126009,0.2507684322126009
209,0.8972123858446619,0.4998550601406162,0.8957348980952751,0.4999175085541622,0.23726716252825136,0.4974746372154944,0.4297994269340974,0.3669770851793454,0.3614266755776157,0.08022922636103152,0.42857142857142855,0.368785722078833,0.36325117079025115,0.08285714285714285,0.09455587392550144,0.09714285714285714,0.002857142857142857,29.85142857142857,0.24355300859598855,0.0,2.884622365995634e-18,0.08475968574633543,11.736389684813753,0.0037268962311145103,0.007426081843671994,0.1522361377386687,0.08022922636103152,0,0.1939425326468525,0.26641981162772765,6.399485828922148,0.9429011137034209,0.0,0.9411764705882353,0.0,0.2,0.0,0.9999999999999999,0.3,0.08,0.09455587392550144,0.2507453792462229,0.2507453792462229
210,0.8970487740208145,0.49924825525607586,0.8955717537337815,0.49926209330570537,0.23726716252825136,0.49743490228179094,0.4469914040114613,0.36686247199882965,0.3613407156922289,0.08022922636103152,0.44571428571428573,0.3686714363645472,0.36316545650453685,0.08285714285714285,0.0830945558739255,0.08285714285714285,0.002857142857142857,29.982857142857142,0.2492836676217765,0.0,2.885351006468603e-18,0.0847478856484165,11.736389684813753,0.003615089344181075,0.007204103826245034,0.15216905360650865,0.08022922636103152,0,0.19371553426933255,0.265087712569589,6.354353255200848,0.9394685109911454,0.0,0.9655172413793104,0.0,0.2,0.0,0.9999999999999999,0.3,0.08,0.0830945558739255,0.2507230178688362,0.2507230178688362
211,0.8971658716289721,0.4998399244021789,0.8956885167773443,0.4998162723360562,0.23726716252825136,0.4974042243717881,0.46418338108882523,0.36674785881831384,0.3612547558068421,0.08022922636103152,0.46285714285714286,0.3685571506502615,0.36307974221882255,0.08285714285714285,0.08022922636103152,0.08571428571428572,0.002857142857142857,30.117142857142856,0.24641833810888253,0.0,2.886058454164598e-18,0.08473643955343511,11.736389684813753,0.0035066366638556424,0.006988737718145566,0.15210398199831338,0.08022922636103152,0,0.19403461099641667,0.26376227400674107,6.312980475811116,0.9256200207643679,0.0,0.9666666666666667,0.0,0.2,0.0,0.9999999999999999,0.3,0.08,0.08022922636103152,0.2507013273327711,0.2507013273327711
212,0.8954369673240056,0.5001734905993532,0.8939645521989634,0.500162601808465,0.23726716252825136,0.4974052017068943,0.4584527220630373,0.36674785881831384,0.3612547558068421,0.08022922636103152,0.45714285714285713,0.3685571506502615,0.36307974221882255,0.08285714285714285,0.09455587392550144,0.10571428571428572,0.002857142857142857,30.197142857142858,0.2492836676217765,0.0,2.8867453059497726e-18,0.08472533684130314,11.736389684813753,0.003401437563939973,0.006779787955592975,0.152040862538364,0.08022922636103152,0,0.19404321521165951,0.2624434626367074,6.292435152009181,0.9071076203490805,0.0,1.0,0.0,0.2,0.0,0.9999999999999999,0.3,0.08,0.09455587392550144,0.250680287512788,0.250680287512788
213,0.8952175116874177,0.5000284668677296,0.8937457235784799,0.500019349401099,0.23726716252825136,0.4973474300537304,0.501432664756447,0.36651863245728233,0.36108283603606844,0.08022922636103152,0.5,0.3683285792216901,0.362908313647394,0.08285714285714285,0.09742120343839542,0.10857142857142857,0.002857142857142857,30.277142857142856,0.24355300859598855,0.0,2.8874121430435136e-18,0.08471456721053518,11.736389684813753,0.0032993944370217736,0.006577064677468769,0.15197963666221306,0.08022922636103152,0,0.1945780116675191,0.26113124532352383,6.275157877540424,0.9223681599999999,0.0,0.9473684210526315,0.0,0.2,0.0,0.9999999999999999,0.3,0.08,0.09742120343839542,0.2506598788874044,0.2506598788874044
214,0.893969576200155,0.4991874416314528,0.8925013536211811,0.49918765101857004,0.23726716252825136,0.49708261705603396,0.498567335243553,0.36644902040197286,0.3610828360360685,0.08022922636103152,0.49714285714285716,0.36825916605796727,0.362908313647394,0.08285714285714285,0.08595988538681948,0.1,0.002857142857142857,30.377142857142857,0.2349570200573066,0.0,2.8880595313578714e-18,0.08470412066869026,11.736389684813753,0.0032004126039111205,0.006380383563869163,0.15192024756234668,0.08022922636103152,0,0.19500101850303614,0.26638151088313977,6.249654719989616,0.9057655331200002,0.0,0.9714285714285714,0.0,0.2,0.0,0.9999999999999999,0.3,0.08,0.08595988538681948,0.25064008252078224,0.25064008252078224
215,0.8949279727472892,0.4995156414426142,0.8934570118924662,0.49948724865906474,0.23726716252825136,0.4968279668529534,0.4670487106017192,0.36621979404094135,0.3610398560933751,0.08022922636103152,0.4657142857142857,0.3680305946293957,0.36286545650453683,0.08285714285714285,0.10028653295128939,0.10857142857142857,0.002857142857142857,30.514285714285716,0.24068767908309455,0.0,2.8886880218341664e-18,0.08469398752310064,11.736389684813753,0.0031044002257937867,0.006189565678940356,0.15186264013547626,0.08022922636103152,0,0.19619672841052097,0.2650496033287241,6.233233054161252,0.9511700991472504,0.0,0.9473684210526315,0.0,0.2,0.0,0.9999999999999999,0.3,0.08,0.10028653295128939,0.25062088004515876,0.25062088004515876
216,0.8945042272895255,0.49923205435609663,0.8930344771360105,0.49922695646603404,0.23726716252825136,0.4966305555299107,0.4785100286532951,0.3661051808604256,0.36103056446598514,0.08022922636103152,0.47714285714285715,0.36791630891511007,0.36285619142465375,0.08285714285714285,0.09169054441260745,0.1,0.002857142857142857,30.594285714285714,0.24068767908309455,0.0,2.8892981507764766e-18,0.08468415837187873,11.736389684813753,0.003011268219019973,0.006004437317897682,0.151806760931412,0.08022922636103152,0,0.1968726019113255,0.2637243553120805,6.208568393078027,0.9394900057769688,0.0,0.9714285714285714,0.0,0.2,0.0,0.9999999999999999,0.3,0.08,0.09169054441260745,0.250602253643804,0.250602253643804
217,0.8931929031819985,0.4987302688601512,0.8917268996687907,0.49876134947535516,0.23726716252825136,0.49646301861703496,0.47277936962750716,0.3661051808604256,0.36103056446598514,0.08022922636103152,0.4714285714285714,0.36791630891511007,0.36285619142465375,0.08285714285714285,0.10028653295128939,0.10285714285714286,0.002857142857142857,30.677142857142858,0.23782234957020057,0.0,2.8898904401816886e-18,0.08467462409519348,11.736389684813753,0.0029209301724493738,0.005824829858134151,0.15175255810346963,0.08022922636103152,0,0.19777454710697767,0.2624057335355201,6.187254168073609,0.9207002056614294,0.0,1.0,0.0,0.2,0.0,0.9999999999999999,0.3,0.08,0.10028653295128939,0.2505841860344899,0.2505841860344899
218,0.8930142190089345,0.4986099404824357,0.8915487260219355,0.498603536154993,0.23726716252825136,0.4964993096659736,0.45272206303724927,0.36599056767990984,0.3609446045805983,0.08022922636103152,0.4514285714285714,0.36780202320082434,0.36277047713893945,0.08285714285714285,0.10315186246418338,0.12285714285714286,0.002857142857142857,30.797142857142855,0.22922636103151864,0.0,2.890465398065869e-18,0.08466537584680879,11.736389684813753,0.0028333022672758926,0.0056505796143262454,0.15169998136036553,0.08022922636103152,0,0.19778481794287137,0.2610937048678425,6.18636622756928,0.9076479171200007,0.0,0.9767441860465116,0.0,0.2,0.0,0.9999999999999999,0.3,0.08,0.10315186246418338,0.25056666045345516,0.25056666045345516
219,0.8928976345684643,0.4989169015615976,0.8914324746798667,0.4988974392435331,0.23726716252825136,0.4968011600734502,0.46131805157593125,0.36587595449939403,0.3608586446952115,0.08022922636103152,0.46,0.3676877374865386,0.36268476285322515,0.08285714285714285,0.11461318051575932,0.12,0.002857142857142857,30.94857142857143,0.22922636103151864,0.0,2.8910235187867e-18,0.08465640504587567,11.736389684813753,0.0027483031992576157,0.005481527697443478,0.15164898191955456,0.08022922636103152,0,0.1985677900399071,0.29632474035106576,6.182638903017893,0.8894949587776007,0.0,0.9761904761904762,0.0,0.2,0.0,0.9999999999999999,0.3,0.08,0.11461318051575932,0.2505496606398515,0.2505496606398515
220,0.8938745883291682,0.498530020746195,0.8924066371441112,0.49852121018197426,0.23726716252825136,0.49719401448321343,0.4899713467048711,0.36587595449939403,0.3608586446952115,0.08022922636103152,0.48857142857142855,0.3676877374865386,0.36268476285322515,0.08285714285714285,0.10888252148997135,0.12857142857142856,0.002857142857142857,31.085714285714285,0.23209169054441262,0.0,2.8915652833617844e-18,0.08464770336897053,11.736389684813753,0.0026658541032798873,0.005317519877569565,0.15159951246196793,0.08022922636103152,0,0.1994212345401415,0.2948431166493104,6.187557553528966,0.8717050596020486,0.0,1.0,0.0,0.2,0.0,0.9999999999999999,0.3,0.08,0.10888252148997135,0.25053317082065596,0.25053317082065596
221,0.895253752509945,0.4980571986634695,0.8937818608558002,0.4980457798906908,0.23726716252825136,0.4976160742996117,0.5071633237822349,0.36587595449939403,0.3608586446952115,0.08022922636103152,0.5057142857142857,0.3676877374865386,0.36268476285322515,0.08285714285714285,0.1346704871060172,0.15142857142857144,0.002857142857142857,31.15714285714286,0.23209169054441262,0.0,2.4577066239810106e-18,0.09520170253896261,11.736389684813753,0.1026658541032799,0.1856228639758878,0.21159951246196793,0.08022922636103152,0,0.1999954538399052,0.29336890106606384,6.215234973886957,0.8542709584100077,0.0,1.0,0.0,0.2,0.0,0.9999999999999999,0.3,0.08,0.1346704871060172,0.270533170820656,0.270533170820656
222,0.8952269944482429,0.4987668284968183,0.893755179245703,0.49873385605937315,0.23726716252825136,0.4979954712496833,0.5100286532951289,0.36587595449939403,0.3608586446952115,0.08022922636103152,0.5085714285714286,0.3676877374865386,0.36268476285322515,0.08285714285714285,0.10028653295128939,0.11428571428571428,0.002857142857142857,31.228571428571428,0.22636103151862463,0.0,2.4658621633863733e-18,0.09487664193726485,11.736389684813753,0.0995858784801815,0.18059085797776442,0.2097515270881089,0.08022922636103152,0,0.1997289176740521,0.29190205656073354,6.205215988694932,0.8371855392418075,0.0,1.0,0.0,0.2,0.0,0.9999999999999999,0.3,0.08,0.10028653295128939,0.2699171756960363,0.2699171756960363
223,0.8938230590390182,0.4991089216564628,0.8923552550805045,0.49906877595687804,0.23726716252825136,0.49848633815681986,0.504297994269341,0.3657613413188783,0.36077268480982466,0.08022922636103152,0.5028571428571429,0.3675734517722529,0.3625990485675109,0.08285714285714285,0.12320916905444126,0.13714285714285715,0.002857142857142857,31.325714285714287,0.22636103151862463,0.0,2.4740140502910234e-18,0.094561333153618,11.736389684813753,0.09659830212577605,0.1756801065889334,0.20795898127546564,0.08022922636103152,0,0.19978655879996754,0.30277171005287007,6.218254526063891,0.8507630225817854,0.0,0.9791666666666666,0.0,0.2,0.0,0.9999999999999999,0.3,0.08,0.12320916905444126,0.2693196604251552,0.2693196604251552
224,0.8940378323105725,0.49860074768330304,0.8925694147141402,0.49858080502096325,0.23726716252825136,0.4990449094881881,0.5100286532951289,0.3657613413188783,0.36077268480982466,0.08022922636103152,0.5085714285714286,0.3675734517722529,0.3625990485675109,0.08285714285714285,0.1346704871060172,0.15714285714285714,0.002857142857142857,31.462857142857143,0.22922636103151864,0.0,2.482153984981674e-18,0.09425548363348056,11.736389684813753,0.09370035306200276,0.17088856021819543,0.20622021183720166,0.08022922636103152,0,0.19941576886311055,0.3012578515026057,6.251032292685469,0.8337477621301497,0.0,1.0,0.0,0.2,0.0,0.9999999999999999,0.3,0.08,0.1346704871060172,0.2687400706124006,0.2687400706124006
225,0.8954454571705162,0.4980360128327317,0.8939730177887697,0.4980416446113927,0.23726716252825136,0.4993623754046537,0.49570200573065903,0.3656467281383625,0.3606867249244378,0.08022922636103152,0.4942857142857143,0.3674591660579672,0.3625133342817966,0.08285714285714285,0.13753581661891118,0.15142857142857144,0.002857142857142857,31.565714285714286,0.2349570200573066,0.0,2.4902740077615194e-18,0.09395880959894726,11.736389684813753,0.09088934247014267,0.16621415063728118,0.2045336054820856,0.08022922636103152,0,0.19941826216165218,0.2997515622450927,6.277440218260331,0.8213696733936027,0.0,0.9811320754716981,0.0,0.2,0.0,0.9999999999999999,0.3,0.08,0.13753581661891118,0.2681778684940285,0.2681778684940285
226,0.8970223562186286,0.4981185707981585,0.8955454114110304,0.49817010832976233,0.23726716252825136,0.49971620930706584,0.4785100286532951,0.3656467281383625,0.3606867249244378,0.08022922636103152,0.47714285714285715,0.3674591660579672,0.3625133342817966,0.08285714285714285,0.1346704871060172,0.14285714285714285,0.002857142857142857,31.64,0.23209169054441262,0.0,2.498366507786975e-18,0.09367103578544997,11.736389684813753,0.0881626621960384,0.16165479517538206,0.20289759731762302,0.08022922636103152,0,0.19896374227941532,0.29825280443386726,6.294748556752267,0.8049422799257306,0.0,1.0,0.0,0.2,0.0,0.9999999999999999,0.3,0.08,0.1346704871060172,0.2676325324392077,0.2676325324392077
227,0.8955249594780013,0.4979636975935287,0.894052292946805,0.4979736994713169,0.23726716252825136,0.49997674846868445,0.49570200573065903,0.36553211495784677,0.36060076503905103,0.08022922636103152,0.4942857142857143,0.36734488034368146,0.3624276199960823,0.08285714285714285,0.11174785100286533,0.12571428571428572,0.002857142857142857,31.768571428571427,0.2349570200573066,0.0,2.5064242295095993e-18,0.09339189518635758,11.736389684813753,0.08551778233015725,0.1572084006583333,0.20131066939809433,0.08022922636103152,0,0.1989399235680182,0.2967615404116979,6.294567871331507,0.8300087884308396,0.0,0.9772727272727273,0.0,0.2,0.0,0.9999999999999999,0.3,0.08,0.11174785100286533,0.26710355646603146,0.26710355646603146
228,0.8960532556779783,0.49810095839418483,0.8945790797290678,0.4980854455418322,0.23726716252825136,0.5002476992829781,0.5300859598853869,0.365417501777331,0.3605148051536642,0.08022922636103152,0.5285714285714286,0.3672305946293958,0.362341905710368,0.08285714285714285,0.1346704871060172,0.14285714285714285,0.002857142857142857,31.945714285714285,0.2349570200573066,0.0,2.5144402769011706e-18,0.09312112880523797,11.736389684813753,0.08295224886025253,0.15287286710145354,0.1997713493161515,0.08022922636103152,0,0.19894479537874957,0.2952777327096394,6.311533656762021,0.8544963177974961,0.0,0.98,0.0,0.2,0.0,0.9999999999999999,0.3,0.08,0.1346704871060172,0.2665904497720505,0.2665904497720505
229,0.8968135478219005,0.4968395560498936,0.8953371996097216,0.49685906684186715,0.23726716252825136,0.5006003228038939,0.4871060171919771,0.36530288859681526,0.3604288452682774,0.08022922636103152,0.4857142857142857,0.36711630891511,0.3622561914246537,0.08285714285714285,0.13753581661891118,0.16285714285714287,0.002857142857142857,32.082857142857144,0.2349570200573066,0.0,2.522408115639033e-18,0.09285848541555199,11.736389684813753,0.08046368139444494,0.1486460911651306,0.19827820883666697,0.08022922636103152,0,0.19995616494518892,0.2980700520020472,6.348160126483923,0.8876588942458329,0.0,0.9824561403508771,0.0,0.2,0.0,0.9999999999999999,0.3,0.08,0.13753581661891118,0.26609273627888896,0.26609273627888896
230,0.8955201019125362,0.4965898467911793,0.8940474492600983,0.4965989493210501,0.23726716252825136,0.5008686433887821,0.5128939828080229,0.36530288859681526,0.3604288452682774,0.08022922636103152,0.5114285714285715,0.36711630891511,0.3622561914246537,0.08285714285714285,0.11461318051575932,0.12857142857142856,0.002857142857142857,32.22857142857143,0.23209169054441262,0.0,2.5303215734261267e-18,0.09260372132755648,11.736389684813753,0.07804977095261159,0.14452596938226991,0.19682986257156695,0.08022922636103152,0,0.19944195554903438,0.296579701742037,6.349768352525672,0.8699057163609162,0.0,1.0,0.0,0.2,0.0,0.9999999999999999,0.3,0.08,0.11461318051575932,0.2656099541905223,0.2656099541905223
231,0.896062904130654,0.49748852360753715,0.8945887006147356,0.4975295478427844,0.23726716252825136,0.5010155636726454,0.4871060171919771,0.364959049055268,0.3601709656121169,0.08022922636103152,0.4857142857142857,0.36677345177225285,0.3619990485675109,0.08285714285714285,0.14326647564469913,0.15428571428571428,0.002857142857142857,32.34285714285714,0.22922636103151864,0.0,2.5381748386161402e-18,0.09235660016220092,11.736389684813753,0.07570827782403323,0.1405104011667173,0.19542496669441994,0.08022922636103152,0,0.20038674648557492,0.2950968032333268,6.377058699760873,0.9301313440000016,0.0,0.9444444444444444,0.0,0.2,0.0,0.9999999999999999,0.3,0.08,0.14326647564469913,0.2651416555648066,0.2651416555648066
232,0.8967381709426337,0.49776299583890754,0.895262038092967,0.4977970133483118,0.23726716252825136,0.5011224577255665,0.5214899713467048,0.3647298226942364,0.35999904584134323,0.08022922636103152,0.52,0.3665448803436815,0.3618276199960823,0.08285714285714285,0.11461318051575932,0.13428571428571429,0.002857142857142857,32.48285714285714,0.22636103151862463,0.0,2.5459624573089343e-18,0.092116892631806,11.736389684813753,0.07343702948931223,0.1365972916117163,0.19406221769358734,0.08022922636103152,0,0.20075595561028992,0.30029618358929233,6.383803240051371,0.9820000000000004,0.0,0.9574468085106383,0.0,0.2,0.0,0.9999999999999999,0.3,0.08,0.11461318051575932,0.26468740589786244,0.26468740589786244
233,0.897471903371625,0.4978660964354875,0.8959936741435897,0.4978938316254704,0.23726716252825136,0.5014136354366909,0.5272206303724928,0.3647298226942364,0.35999904584134323,0.08022922636103152,0.5257142857142857,0.3665448803436815,0.3618276199960823,0.08285714285714285,0.14613180515759314,0.15714285714285714,0.002857142857142857,32.66571428571429,0.22636103151862463,0.0,2.5536793290752387e-18,0.09188437632732292,11.736389684813753,0.07123391860463286,0.13278455408737522,0.1927403511627797,0.08022922636103152,0,0.2003803186893813,0.2987947026713459,6.413270032393201,0.9623600000000003,0.0,1.0,0.0,0.2,0.0,0.9999999999999999,0.3,0.08,0.14613180515759314,0.2642467837209266,0.2642467837209266
234,0.8984218589329981,0.49733751455052677,0.896940915546216,0.49738644205761584,0.23726716252825136,0.5017643005834024,0.5157593123209169,0.3647298226942364,0.35999904584134323,0.08022922636103152,0.5142857142857142,0.3665448803436815,0.3618276199960823,0.08285714285714285,0.11461318051575932,0.13714285714285715,0.002857142857142857,32.854285714285716,0.2349570200573066,0.0,2.561320701462687e-18,0.09165883551197437,11.736389684813753,0.06909690104649388,0.12907011264601032,0.19145814062789632,0.08022922636103152,0,0.19986413138164869,0.29730072915798916,6.422147488888194,0.9431128000000003,0.0,1.0,0.0,0.2,0.0,0.9999999999999999,0.3,0.08,0.11461318051575932,0.2638193802092988,0.2638193802092988
235,0.8976779934822284,0.498102283450908,0.8961991754253054,0.49819067603228,0.23726716252825136,0.5021125081402581,0.4813753581661891,0.3646152095137207,0.35991308595595645,0.08022922636103152,0.48,0.36643059462939576,0.361741905710368,0.08285714285714285,0.10888252148997135,0.11428571428571428,0.002857142857142857,33.011428571428574,0.23209169054441262,0.0,2.568882163427795e-18,0.09144006092108624,11.736389684813753,0.06702399401509906,0.12545190424408792,0.19021439640905943,0.08022922636103152,0,0.19972166786759762,0.2958142255121992,6.407990253396143,0.9427353579087931,0.0,0.975,0.0,0.2,0.0,0.9999999999999999,0.3,0.08,0.10888252148997135,0.2634047988030198,0.2634047988030198
236,0.8978237446423745,0.4977628448719828,0.8963445101535655,0.49783772664721043,0.23726716252825136,0.5024593101378821,0.4813753581661891,0.3646152095137207,0.35991308595595645,0.08022922636103152,0.48,0.36643059462939576,0.361741905710368,0.08285714285714285,0.09742120343839542,0.10571428571428572,0.002857142857142857,33.174285714285716,0.24355300859598855,0.0,2.576359637830596e-18,0.09122784956792478,11.736389684813753,0.06501327419464609,0.12192788078932892,0.18900796451678764,0.08022922636103152,0,0.19923663095683103,0.29433515438463825,6.385544734042506,0.9238806507506172,0.0,1.0,0.0,0.2,0.0,0.9999999999999999,0.3,0.08,0.09742120343839542,0.2630026548389292,0.2630026548389292
237,0.89735306300684,0.4985184351698783,0.8958751733227039,0.498585994130736,0.23726716252825136,0.5028924384887254,0.5186246418338109,0.3646152095137207,0.35991308595595645,0.08022922636103152,0.5171428571428571,0.36643059462939576,0.361741905710368,0.08285714285714285,0.12034383954154727,0.12857142857142856,0.002857142857142857,33.27142857142857,0.23782234957020057,0.0,2.583749373120558e-18,0.09102200455535812,11.736389684813753,0.0630628759688067,0.11849601102135776,0.18783772558128403,0.08022922636103152,0,0.1993324491676892,0.29286347861271506,6.386405267933084,0.9054030377356048,0.0,1.0,0.0,0.2,0.0,0.9999999999999999,0.3,0.08,0.12034383954154727,0.26261257519376136,0.26261257519376136
238,0.898466279503755,0.4985259352060444,0.8969852092010563,0.4985953774553923,0.23726716252825136,0.5033956612142262,0.5157593123209169,0.3645005963332049,0.3598271260705696,0.08022922636103152,0.5142857142857142,0.3663163089151101,0.3616561914246537,0.08285714285714285,0.12320916905444126,0.14285714285714285,0.002857142857142857,33.43714285714286,0.24068767908309455,0.0,2.591047934334137e-18,0.0908223348931685,11.736389684813753,0.0611709896897425,0.11515428223408042,0.1867025938138455,0.08022922636103152,0,0.1993920733504222,0.2913991612196515,6.401534305431565,0.9054496612952274,0.0,0.98,0.0,0.2,0.0,0.9999999999999999,0.3,0.08,0.12320916905444126,0.2622341979379485,0.2622341979379485
239,0.9001655126644982,0.49890968872386693,0.8986795874099118,0.4989612751898692,0.23726716252825136,0.5040327724491245,0.45558739255014324,0.36438598315268916,0.3597411661851828,0.08022922636103152,0.4542857142857143,0.3662020232008243,0.3615704771389395,0.08285714285714285,0.12034383954154727,0.12571428571428572,0.002857142857142857,33.62285714285714,0.24068767908309455,0.0,2.5982521935160632e-18,0.09062865532084459,11.736389684813753,0.05933585999905022,0.11190070184776524,0.18560151599943012,0.08022922636103152,0,0.19936611298367007,0.2930850173582618,6.399217905037219,0.9369421135665326,0.0,0.9772727272727273,0.0,0.2,0.0,0.9999999999999999,0.3,0.08,0.12034383954154727,0.26186717199981,0.26186717199981
240,0.9010258416837518,0.4993346841121125,0.8995374583462532,0.4993509647417024,0.23726716252825136,0.5046724143235591,0.46131805157593125,0.36427136997217346,0.359655206299796,0.08022922636103152,0.46,0.36608773748653856,0.36148476285322517,0.08285714285714285,0.12607449856733524,0.14857142857142858,0.002857142857142857,33.722857142857144,0.24068767908309455,0.0,2.605359319668255e-18,0.09044078613569037,11.736389684813753,0.05755578419907871,0.10873329883857896,0.1845334705194472,0.08022922636103152,0,0.19942585384732314,0.2916195922714705,6.419804975507903,0.965982256194891,0.0,0.9807692307692307,0.0,0.2,0.0,0.9999999999999999,0.3,0.08,0.12607449856733524,0.26151115683981574,0.26151115683981574
241,0.9016811552040229,0.49904896136320265,0.9001908995421807,0.49908623821538317,0.23726716252825136,0.5053726384365536,0.4584527220630373,0.36427136997217346,0.359655206299796,0.08022922636103152,0.45714285714285713,0.36608773748653856,0.36148476285322517,0.08285714285714285,0.09169054441260745,0.1,0.002857142857142857,33.87714285714286,0.24355300859598855,0.0,2.6123667683222087e-18,0.09025855302609076,11.736389684813753,0.05582911067310635,0.1056501250330999,0.1834974664038638,0.08022922636103152,0,0.19880001029237226,0.2901614943101131,6.391408875997746,0.9466626110709931,0.0,1.0,0.0,0.2,0.0,0.9999999999999999,0.3,0.08,0.09169054441260745,0.26116582213462125,0.26116582213462125
242,0.9023554039208928,0.49870056153054415,0.9008632218341452,0.4987501873302897,0.23726716252825136,0.505860938057275,0.47277936962750716,0.36427136997217346,0.359655206299796,0.08022922636103152,0.4714285714285714,0.36608773748653856,0.36148476285322517,0.08285714285714285,0.09742120343839542,0.11142857142857143,0.002857142857142857,34.02571428571429,0.24641833810888253,0.0,2.619272270822831e-18,0.09008178690977915,11.736389684813753,0.05415423735291316,0.1026492562750918,0.1824925424117479,0.08022922636103152,0,0.19840486809805327,0.28871068683856255,6.375009269906362,0.9277293588495732,0.0,1.0,0.0,0.2,0.0,0.9999999999999999,0.3,0.08,0.09742120343839542,0.2608308474705826,0.2608308474705826
243,0.9030986647520043,0.49897149026292936,0.9016043590628824,0.4990110741246583,0.23726716252825136,0.5062719202303503,0.47277936962750716,0.36404214361114196,0.35948328652902234,0.08022922636103152,0.4714285714285714,0.36585916605796714,0.36131333428179657,0.08285714285714285,0.1318051575931232,0.14285714285714285,0.002857142857142857,34.16571428571429,0.24355300859598855,0.0,2.6260738234041223e-18,0.08991032377695687,11.736389684813753,0.05252961023232576,0.0997287934715827,0.18151776613939546,0.08022922636103152,0,0.19898284518613443,0.30963919783130145,6.3903662273653765,1.0870064408419287,0.0,0.96,0.0,0.2,0.0,0.9999999999999999,0.3,0.08,0.1318051575931232,0.26050592204646517,0.26050592204646517
244,0.9012073771307053,0.49833857251092284,0.8997184751205012,0.49833781315321385,0.23726716252825136,0.506705247417694,0.49570200573065903,0.36392753043062614,0.35939732664363555,0.08022922636103152,0.4942857142857143,0.36574488034368147,0.36122761999608227,0.08285714285714285,0.12607449856733524,0.14857142857142858,0.002857142857142857,34.32,0.24355300859598855,0.0,2.632769676129775e-18,0.08974400453811926,11.736389684813753,0.05095372192535599,0.09688686352504317,0.1805722331552136,0.08022922636103152,0,0.19898750238877516,0.30809100184214494,6.411130331389498,1.0652663120250903,0.0,0.9807692307692307,0.0,0.2,0.0,0.9999999999999999,0.3,0.08,0.12607449856733524,0.26019074438507117,0.26019074438507117
245,0.9025147769298594,0.49931476891051235,0.9010221394916578,0.49931653461505227,0.23726716252825136,0.5071163904572084,0.46418338108882523,0.3638129172501104,0.3593113667582487,0.08022922636103152,0.46285714285714286,0.3656305946293958,0.361141905710368,0.08285714285714285,0.10315186246418338,0.11428571428571428,0.002857142857142857,34.48571428571429,0.2492836676217765,0.0,2.639358321764788e-18,0.0895826748764468,11.736389684813753,0.04942511026759531,0.09412162015821623,0.17965506616055718,0.08022922636103152,0,0.1988495648768313,0.30655054683293426,6.397193439047421,1.0439609857845884,0.0,0.975,0.0,0.2,0.0,0.9999999999999999,0.3,0.08,0.10315186246418338,0.25988502205351904,0.25988502205351904
246,0.9030269992685979,0.4980218763638848,0.9015328983379997,0.49800232580190196,0.23726716252825136,0.5075566090758329,0.4699140401146132,0.3635836908890788,0.3591394469874751,0.08022922636103152,0.4685714285714286,0.3654020232008243,0.3609704771389394,0.08285714285714285,0.12320916905444126,0.14,0.002857142857142857,34.637142857142855,0.24355300859598855,0.0,2.6458384846375547e-18,0.08942618510462454,11.736389684813753,0.047942356959567445,0.09143124463789898,0.17876541417574046,0.08022922636103152,0,0.20054031776673287,0.30501779409876956,6.409249570266473,1.0445199714190918,0.0,0.9591836734693877,0.0,0.2,0.0,0.9999999999999999,0.3,0.08,0.12320916905444126,0.2595884713919135,0.2595884713919135
247,0.9021227321726002,0.498013392567274,0.9006312148622764,0.49798301681212853,0.23726716252825136,0.5078883588700004,0.5100286532951289,0.3635836908890788,0.3591394469874751,0.08022922636103152,0.5085714285714286,0.3654020232008243,0.3609704771389394,0.08285714285714285,0.12607449856733524,0.14,0.002857142857142857,34.80285714285714,0.24355300859598855,0.0,2.6522091095455955e-18,0.08927439002595693,11.736389684813753,0.04650408625078042,0.08881394640373375,0.17790245175046823,0.08022922636103152,0,0.20023391488392608,0.3034927051282757,6.421064578861143,1.02362957199071,0.0,1.0,0.0,0.2,0.0,0.9999999999999999,0.3,0.08,0.12607449856733524,0.2593008172501561,0.2593008172501561
248,0.9030662675863843,0.4980866703835579,0.9015720544605923,0.497995323636488,0.23726716252825136,0.5080869204337057,0.5071633237822349,0.36346907770856307,0.35905348710208823,0.08022922636103152,0.5057142857142857,0.36528773748653864,0.3608847628532251,0.08285714285714285,0.1346704871060172,0.15142857142857144,0.002857142857142857,34.92857142857143,0.24355300859598855,0.0,2.658469350752185e-18,0.08912714879964932,11.736389684813753,0.04510896366325701,0.08626796360781619,0.1770653781979542,0.08022922636103152,0,0.20020403102379217,0.30693881693441577,6.444071858712491,1.0520106576000907,0.0,0.9811320754716981,0.0,0.2,0.0,0.9999999999999999,0.3,0.08,0.1346704871060172,0.2590217927326514,0.2590217927326514
249,0.9038448830735442,0.49842758488763433,0.9023484453320748,0.4983679675490234,0.23726716252825136,0.5082322004740509,0.4813753581661891,0.36335446452804737,0.35896752721670144,0.08022922636103152,0.48,0.3651734517722529,0.3607990485675108,0.08285714285714285,0.14040114613180515,0.15428571428571428,0.002857142857142857,35.1,0.24068767908309455,0.0,2.6646185611155934e-18,0.08898432481013095,11.736389684813753,0.043755694753359296,0.08379156357069062,0.17625341685201557,0.08022922636103152,0,0.2002307280079589,0.30540412284974366,6.469476135823956,1.0559826734791373,0.0,0.9814814814814815,0.0,0.2,0.0,0.9999999999999999,0.3,0.08,0.14040114613180515,0.25875113895067187,0.25875113895067187
250,0.9034937949382692,0.49795563980755514,0.9019983603057578,0.4978928454738718,0.23726716252825136,0.5083901031688476,0.504297994269341,0.3631252381670158,0.3587956074459278,0.08022922636103152,0.5028571428571429,0.36494488034368144,0.36062761999608234,0.08285714285714285,0.1346704871060172,0.14285714285714285,0.002857142857142857,35.29142857142857,0.2492836676217765,0.0,2.6706562813874744e-18,0.08884578554029811,11.736389684813753,0.042443023910758514,0.08138304315905875,0.1754658143464551,0.08022922636103152,0,0.2005724315107763,0.31722881372879513,6.4829437559646195,1.0726653091818692,0.0,0.96,0.0,0.2,0.0,0.9999999999999999,0.3,0.08,0.1346704871060172,0.2584886047821517,0.2584886047821517
251,0.9032610403798043,0.49774582635198267,0.9017662707603171,0.49768821578695555,0.23726716252825136,0.5086066243451657,0.498567335243553,0.3631252381670158,0.3587956074459278,0.08022922636103152,0.49714285714285716,0.36494488034368144,0.36062761999608234,0.08285714285714285,0.10028653295128939,0.10857142857142857,0.002857142857142857,35.47428571428571,0.25501432664756446,0.0,2.6765822297121025e-18,0.08871140244856032,11.736389684813753,0.04116973319343576,0.07904072909029669,0.17470183991606145,0.08022922636103152,0,0.19999799792465098,0.31564266966015114,6.461856309416757,1.051212002998232,0.0,1.0,0.0,0.2,0.0,0.9999999999999999,0.3,0.08,0.10028653295128939,0.25823394663868715,0.25823394663868715
252,0.9023806409800781,0.4984454358164373,0.9008883867874472,0.49837127813311816,0.23726716252825136,0.5087957282331287,0.47564469914040114,0.3631252381670158,0.3587956074459278,0.08022922636103152,0.4742857142857143,0.36494488034368144,0.36062761999608234,0.08285714285714285,0.10888252148997135,0.12285714285714286,0.002857142857142857,35.64857142857143,0.25787965616045844,0.0,2.682396291353737e-18,0.0885810508495746,11.736389684813753,0.03993464119763269,0.07676297816864242,0.17396078471857962,0.08022922636103152,0,0.19959672507431342,0.31406445631185037,6.455476326085565,1.0301877629382674,0.0,1.0,0.0,0.2,0.0,0.9999999999999999,0.3,0.08,0.10888252148997135,0.2579869282395265,0.2579869282395265
253,0.901187525924982,0.4990825914973131,0.8996986806325085,0.49902448556418666,0.23726716252825136,0.5090920065865887,0.4813753581661891,0.36301062498650005,0.358709647560541,0.08022922636103152,0.48,0.36483059462939577,0.36054190571036804,0.08285714285714285,0.12320916905444126,0.13714285714285715,0.002857142857142857,35.76571428571429,0.25501432664756446,0.0,2.6880985086752493e-18,0.08845460979855849,11.736389684813753,0.038736601961703705,0.07454817745769149,0.17324196117702223,0.08022922636103152,0,0.1995980278775133,0.31249413403029114,6.463509656706709,1.0153567000657704,0.0,0.9791666666666666,0.0,0.2,0.0,0.9999999999999999,0.3,0.08,0.12320916905444126,0.2577473203923407,0.2577473203923407
254,0.9022751673109233,0.4999074669400315,0.9007832144716326,0.4998191569244426,0.23726716252825136,0.5092194622180535,0.47277936962750716,0.36301062498650005,0.358709647560541,0.08022922636103152,0.4714285714285714,0.36483059462939577,0.36054190571036804,0.08285714285714285,0.1174785100286533,0.12857142857142856,0.002857142857142857,35.97714285714286,0.25787965616045844,0.0,2.693689071387376e-18,0.08833196197907288,11.736389684813753,0.03757450390285259,0.07239474439361815,0.17254470234171154,0.08022922636103152,0,0.20039932416669717,0.31093166336013967,6.462810892144004,0.9950495660644548,0.0,1.0,0.0,0.2,0.0,0.9999999999999999,0.3,0.08,0.1174785100286533,0.25751490078057054,0.25751490078057054
255,0.9021016261008948,0.5003627808896488,0.9006101690936329,0.5003000606280004,0.23726716252825136,0.5093214117454329,0.44126074498567336,0.3628960118059843,0.3586236876751542,0.08022922636103152,0.44,0.3647163089151101,0.36045619142465374,0.08285714285714285,0.12034383954154727,0.13428571428571429,0.002857142857142857,36.10857142857143,0.25501432664756446,0.0,2.6991683070845057e-18,0.08821299359417178,11.736389684813753,0.03644726878576701,0.07030112684332634,0.1718683612714602,0.08022922636103152,0,0.20234385749583997,0.309377005043339,6.467840388586837,0.9838571186098342,0.0,0.9787234042553191,0.0,0.2,0.0,0.9999999999999999,0.3,0.08,0.12034383954154727,0.2572894537571534,0.2572894537571534
256,0.9024819243550196,0.5010235502718077,0.9009893807813174,0.5009768723277798,0.23726716252825136,0.5093881789635684,0.4297994269340974,0.3628960118059843,0.3586236876751542,0.08022922636103152,0.42857142857142855,0.3647163089151101,0.36045619142465374,0.08285714285714285,0.1489971346704871,0.16857142857142857,0.002857142857142857,36.31142857142857,0.25787965616045844,0.0,2.704536672079749e-18,0.08809759426081776,11.736389684813753,0.035353850722194,0.06826580311152597,0.1712123104333164,0.08022922636103152,0,0.20211191900624317,0.3078301200181223,6.50705500938653,0.9641799762376374,0.0,1.0,0.0,0.2,0.0,0.9999999999999999,0.3,0.08,0.1489971346704871,0.2570707701444388,0.2570707701444388
257,0.9027016683665589,0.5014631740846899,0.9012084969528239,0.5014012895520508,0.23726716252825136,0.5093973148134564,0.44412607449856734,0.3626667854449528,0.35845176790438055,0.08022922636103152,0.44285714285714284,0.3644877374865386,0.36028476285322514,0.08285714285714285,0.1346704871060172,0.15428571428571428,0.002857142857142857,36.47714285714286,0.25787965616045844,0.0,2.709794742549168e-18,0.08798565690746431,11.736389684813753,0.034293235200528176,0.06628728190052913,0.1705759411203169,0.08022922636103152,0,0.20252950298264052,0.3062909694180317,6.531199623484514,0.983429062053795,0.0,0.9629629629629629,0.0,0.2,0.0,0.9999999999999999,0.3,0.08,0.1346704871060172,0.25685864704010564,0.25685864704010564
258,0.9030804729091582,0.5013907805013175,0.90158621919673,0.5013285635261757,0.23726716252825136,0.5094149608672436,0.4699140401146132,0.3626667854449528,0.35845176790438055,0.08022922636103152,0.4685714285714286,0.3644877374865386,0.36028476285322514,0.08285714285714285,0.14326647564469913,0.16,0.002857142857142857,36.628571428571426,0.25787965616045844,0.0,2.7149432059924663e-18,0.08787707767471152,11.736389684813753,0.033264438144512326,0.06436410222636424,0.16995866288670738,0.08022922636103152,0,0.2029180970073414,0.3047595145709415,6.560575631014823,0.963760480812719,0.0,1.0,0.0,0.2,0.0,0.9999999999999999,0.3,0.08,0.14326647564469913,0.2566528876289025,0.2566528876289025
259,0.9018920379724144,0.5005701725328943,0.9004011797883767,0.5004577103948816,0.23726716252825136,0.5094685206584697,0.45558739255014324,0.3624375590839213,0.35827984813360686,0.08022922636103152,0.4542857142857143,0.3642591660579672,0.3601133342817966,0.08285714285714285,0.1346704871060172,0.14857142857142858,0.002857142857142857,36.80285714285714,0.2636103151862464,0.0,2.7199828530150777e-18,0.08777175581894127,11.736389684813753,0.03226650500017696,0.06249483329462158,0.16935990300010617,0.08022922636103152,0,0.20327479223659045,0.3032357169980868,6.577935546965955,0.9997611725969618,0.0,0.9615384615384616,0.0,0.2,0.0,0.9999999999999999,0.3,0.08,0.1346704871060172,0.2564533010000354,0.2564533010000354
260,0.9017656419253866,0.5006128807222813,0.9002751448729119,0.5004987858233507,0.23726716252825136,0.5095458021424034,0.4813753581661891,0.3623229459034055,0.35819388824822007,0.08022922636103152,0.48,0.3641448803436815,0.3600276199960823,0.08285714285714285,0.1346704871060172,0.15428571428571428,0.002857142857142857,36.97714285714286,0.25787965616045844,0.0,2.724914569434533e-18,0.08766959361884417,11.736389684813753,0.031298509850171644,0.06067807433925587,0.16877910591010298,0.08022922636103152,0,0.20331498970397893,0.30276451295921103,6.600662550312349,0.98,0.0,0.9814814814814815,0.0,0.2,0.0,0.9999999999999999,0.3,0.08,0.1346704871060172,0.25625970197003434,0.25625970197003434
261,0.901408603569714,0.5017374983234217,0.8999191266268269,0.501629337253024,0.23726716252825136,0.5095569048648263,0.4584527220630373,0.3623229459034055,0.35819388824822007,0.08022922636103152,0.45714285714285713,0.3641448803436815,0.3600276199960823,0.08285714285714285,0.14326647564469913,0.15142857142857144,0.002857142857142857,37.128571428571426,0.2636103151862464,0.0,2.729739328712084e-18,0.08757049628474993,11.736389684813753,0.030359554554666494,0.058912454427401895,0.16821573273279988,0.08022922636103152,0,0.2028981290411733,0.301250690394415,6.620077870734675,0.9603999999999999,0.0,1.0,0.0,0.2,0.0,0.9999999999999999,0.3,0.08,0.14326647564469913,0.2560719109109333,0.2560719109109333
262,0.9014170670651855,0.5026425645049011,0.899927565940883,0.5025662487941678,0.23726716252825136,0.5096336257121512,0.4383954154727794,0.3623229459034055,0.35819388824822007,0.08022922636103152,0.43714285714285717,0.3641448803436815,0.3600276199960823,0.08285714285714285,0.12893982808022922,0.16285714285714287,0.002857142857142857,37.29714285714286,0.25787965616045844,0.0,2.7344581847089303e-18,0.08747437187067854,11.736389684813753,0.0294487679180265,0.05719663223308802,0.1676692607508159,0.08022922636103152,0,0.20248349553882458,0.2997444369424429,6.650533456177123,0.9411919999999999,0.0,1.0,0.0,0.2,0.0,0.9999999999999999,0.3,0.08,0.12893982808022922,0.25588975358360533,0.25588975358360533
263,0.9009305251993944,0.5025193502414245,0.8994424141947082,0.5024408980103474,0.23726716252825136,0.5097513382247019,0.44126074498567336,0.3622083327228897,0.3581079283628332,0.08022922636103152,0.44,0.36403059462939574,0.359941905710368,0.08285714285714285,0.1346704871060172,0.15142857142857144,0.002857142857142857,37.462857142857146,0.25787965616045844,0.0,2.73907226476492e-18,0.08738113118902933,11.736389684813753,0.028565304880485705,0.05552929578256993,0.1671391829282914,0.08022922636103152,0,0.2024139352039876,0.29824571475773065,6.668951358482151,0.9235014303171629,0.0,0.9811320754716981,0.0,0.2,0.0,0.9999999999999999,0.3,0.08,0.1346704871060172,0.25571306097609714,0.25571306097609714
264,0.9010408563340933,0.5026879534071377,0.8995524300975938,0.5026421061034583,0.23726716252825136,0.5098806750781191,0.44412607449856734,0.3622083327228897,0.3581079283628332,0.08022922636103152,0.44285714285714284,0.36403059462939574,0.359941905710368,0.08285714285714285,0.1318051575931232,0.14857142857142858,0.002857142857142857,37.62,0.2521489971346705,0.0,2.7435827630963176e-18,0.08729068772782955,11.736389684813753,0.027708345734071133,0.05390916217385344,0.16662500744044267,0.08022922636103152,0,0.20194457981368194,0.296754486183942,6.684143759883938,0.9050314017108196,0.0,1.0,0.0,0.2,0.0,0.9999999999999999,0.3,0.08,0.1318051575931232,0.2555416691468142,0.2555416691468142
265,0.9004751250139609,0.5031348516332108,0.8989883151526615,0.5031053491309732,0.23726716252825136,0.5100329498893518,0.4326647564469914,0.3622083327228897,0.3581079283628332,0.08022922636103152,0.43142857142857144,0.36403059462939574,0.359941905710368,0.08285714285714285,0.09169054441260745,0.10571428571428572,0.002857142857142857,37.76285714285714,0.2607449856733524,0.0,2.747990934508104e-18,0.08720295757046578,11.736389684813753,0.026877095362049,0.052334977272824657,0.1661262572172294,0.08022922636103152,0,0.20133471405747067,0.29527071375302233,6.6561751704005445,0.8869307736766032,0.0,1.0,0.0,0.2,0.0,0.9999999999999999,0.3,0.08,0.09169054441260745,0.2553754190724098,0.2553754190724098
266,0.900727086977925,0.5041581433522101,0.8992395572253004,0.5041521486077744,0.23726716252825136,0.5103161430290792,0.44412607449856734,0.3622083327228897,0.3581079283628332,0.08022922636103152,0.44285714285714284,0.36403059462939574,0.359941905710368,0.08285714285714285,0.12034383954154727,0.12571428571428572,0.002857142857142857,37.894285714285715,0.2664756446991404,0.0,2.7522980884153463e-18,0.08711785931782293,11.736389684813753,0.026070782501187526,0.05080551538826483,0.1656424695007125,0.08022922636103152,0,0.2009557547728976,0.2937943601842572,6.64876595270682,0.8691921582030712,0.0,1.0,0.0,0.2,0.0,0.9999999999999999,0.3,0.08,0.12034383954154727,0.2552141565002375,0.2552141565002375
267,0.9008835612162256,0.5049337810267593,0.8993955843943484,0.504930966457401,0.23726716252825136,0.5106337655894296,0.3868194842406877,0.362093719542374,0.35802196847744644,0.08022922636103152,0.38571428571428573,0.36391630891511,0.3598561914246537,0.08285714285714285,0.12034383954154727,0.13714285714285715,0.002857142857142857,38.037142857142854,0.2693409742120344,0.0,2.7565055831672906e-18,0.08703531401275934,11.736389684813753,0.025288659026151898,0.04931957892788941,0.16517319541569114,0.08022922636103152,0,0.20095054742760454,0.2957950189854333,6.65293349079554,0.8651306380745971,0.0,0.9791666666666666,0.0,0.2,0.0,0.9999999999999999,0.3,0.08,0.12034383954154727,0.2550577318052304,0.2550577318052304
268,0.9010023302362454,0.5055053897039573,0.8995140140743112,0.5055008863215359,0.23726716252825136,0.5108074969363212,0.3753581661891118,0.362093719542374,0.35802196847744644,0.08022922636103152,0.3742857142857143,0.36391630891511,0.3598561914246537,0.08285714285714285,0.10888252148997135,0.11714285714285715,0.002857142857142857,38.205714285714286,0.2693409742120344,0.0,2.7606148206672048e-18,0.0869552450668477,11.736389684813753,0.024529999255367342,0.04787599803742004,0.1647179995532204,0.08022922636103152,0,0.20040265183332365,0.29431604389050614,6.637017678122486,0.8478280253131052,0.0,1.0,0.0,0.2,0.0,0.9999999999999999,0.3,0.08,0.10888252148997135,0.2549059998510735,0.2549059998510735
269,0.9012189180521066,0.5058130025314637,0.8997299830678414,0.505864288360662,0.23726716252825136,0.5110840949119934,0.42406876790830944,0.362093719542374,0.35802196847744644,0.08022922636103152,0.4228571428571429,0.36391630891511,0.3598561914246537,0.08285714285714285,0.10315186246418338,0.11142857142857143,0.002857142857142857,38.36857142857143,0.2693409742120344,0.0,2.7646272412803646e-18,0.08687757818931337,11.736389684813753,0.023794099277706322,0.04647363022457851,0.1642764595666238,0.08022922636103152,0,0.19982892428844276,0.2928444636710536,6.615705895988607,0.8308714648068432,0.0,1.0,0.0,0.2,0.0,0.9999999999999999,0.3,0.08,0.10315186246418338,0.2547588198555413,0.2547588198555413
270,0.9024083498793147,0.5052478545015763,0.9009160165184001,0.5053178846663737,0.23726716252825136,0.5113991353168656,0.48424068767908307,0.362093719542374,0.35802196847744644,0.08022922636103152,0.4828571428571429,0.36391630891511,0.3598561914246537,0.08285714285714285,0.1174785100286533,0.12571428571428572,0.002857142857142857,38.52,0.2636103151862464,0.0,2.7685443190221236e-18,0.08680224131810509,11.736389684813753,0.023080276299375133,0.045111359969765674,0.16384816577962508,0.08022922636103152,0,0.2001268717142345,0.29138024135269835,6.609106063783121,0.8142540355107062,0.0,1.0,0.0,0.2,0.0,0.9999999999999999,0.3,0.08,0.1174785100286533,0.254616055259875,0.254616055259875
271,0.900914557403381,0.5041043359500996,0.8994264920209691,0.504155493915814,0.23726716252825136,0.5116290621107615,0.4813753581661891,0.36186449318134245,0.3578500487066728,0.08022922636103152,0.48,0.3636877374865386,0.35968476285322515,0.08285714285714285,0.14040114613180515,0.15142857142857144,0.002857142857142857,38.674285714285716,0.2636103151862464,0.0,2.7723675570176352e-18,0.08672916455303302,11.736389684813753,0.02238786801039388,0.04378809832508257,0.16343272080623633,0.08022922636103152,0,0.2006960980663776,0.29369168999548667,6.628352513936029,0.8558842236385951,0.0,0.9622641509433962,0.0,0.2,0.0,0.9999999999999999,0.3,0.08,0.14040114613180515,0.2544775736020788,0.2544775736020788
272,0.9016624999737323,0.5042551766564991,0.900172297612548,0.5043124616369531,0.23726716252825136,0.5117004016674193,0.45558739255014324,0.36186449318134245,0.3578500487066728,0.08022922636103152,0.4542857142857143,0.3636877374865386,0.35968476285322515,0.08285714285714285,0.10601719197707736,0.11142857142857143,0.002857142857142857,38.78857142857143,0.2664756446991404,0.0,2.776098483224494e-18,0.08665828009091316,11.736389684813753,0.021716231970082062,0.04250278250323991,0.16302973918204924,0.08022922636103152,0,0.20009247471890287,0.2922232315455092,6.60721403508588,0.8387665391658231,0.0,1.0,0.0,0.2,0.0,0.9999999999999999,0.3,0.08,0.10601719197707736,0.2543432463940164,0.2543432463940164
273,0.9005146158993074,0.5043440167647807,0.8990276932069072,0.504411684678068,0.23726716252825136,0.5117037018692899,0.45558739255014324,0.361635266820311,0.3577070250726314,0.08022922636103152,0.4542857142857143,0.3634591660579672,0.35954214785813815,0.08285714285714285,0.12320916905444126,0.13142857142857142,0.002857142857142857,38.92,0.2693409742120344,0.0,2.779738646409332e-18,0.0865895221626569,11.736389684813753,0.0210647450109796,0.04125437545780075,0.16263884700658776,0.08022922636103152,0,0.20051972734530835,0.2982695898443252,6.606498325812734,0.9469641461961101,0.0,0.9565217391304348,0.0,0.2,0.0,0.9999999999999999,0.3,0.08,0.12320916905444126,0.25421294900219593,0.25421294900219593
274,0.8995961194520753,0.5049906399762543,0.8981118210352387,0.5050807074137423,0.23726716252825136,0.5117254700569456,0.45558739255014324,0.36152065363979513,0.3576210651872446,0.08022922636103152,0.4542857142857143,0.36334488034368145,0.3594564335724239,0.08285714285714285,0.11461318051575932,0.13142857142857142,0.002857142857142857,39.082857142857144,0.2664756446991404,0.0,2.783289612369296e-18,0.08652282697224827,11.736389684813753,0.02043280266065021,0.040041865456103776,0.16225968159639012,0.08022922636103152,0,0.2005447015657247,0.29677824189510355,6.6057969307250515,0.9476517609891235,0.0,0.9782608695652174,0.0,0.2,0.0,0.9999999999999999,0.3,0.08,0.11461318051575932,0.25408656053213,0.25408656053213
275,0.8994125595879022,0.5047926665722614,0.8979287856278204,0.5048726109216773,0.23726716252825136,0.5117697373992023,0.4584527220630373,0.36152065363979513,0.3576210651872446,0.08022922636103152,0.45714285714285713,0.36334488034368145,0.3594564335724239,0.08285714285714285,0.10888252148997135,0.12285714285714286,0.002857142857142857,39.214285714285715,0.2693409742120344,0.0,2.7867529603892165e-18,0.08645813263755196,11.736389684813753,0.019819818580830706,0.038864265646124774,0.16189189114849842,0.08022922636103152,0,0.20002740662932458,0.29529435068562804,6.596538134967694,0.928698725769341,0.0,1.0,0.0,0.2,0.0,0.9999999999999999,0.3,0.08,0.10888252148997135,0.25396396371616614,0.25396396371616614
276,0.8993375924523189,0.5043725877094427,0.8978540326840531,0.5044251702265345,0.23726716252825136,0.5117602143927097,0.4326647564469914,0.36152065363979513,0.3576210651872446,0.08022922636103152,0.43142857142857144,0.36334488034368145,0.3594564335724239,0.08285714285714285,0.13753581661891118,0.15428571428571428,0.002857142857142857,39.357142857142854,0.2664756446991404,0.0,2.790130279925245e-18,0.08639537913289651,11.736389684813753,0.019225224023405783,0.037720613618443255,0.16153513441404346,0.08022922636103152,0,0.19998552605666142,0.29381787893219985,6.618893086554054,0.9101247512539541,0.0,1.0,0.0,0.2,0.0,0.9999999999999999,0.3,0.08,0.13753581661891118,0.2538450448046812,0.2538450448046812
277,0.8998558723677831,0.5044163432145184,0.8983708317997585,0.5044679698925881,0.23726716252825136,0.5117169274065999,0.4269340974212034,0.36152065363979513,0.3576210651872446,0.08022922636103152,0.4257142857142857,0.36334488034368145,0.3594564335724239,0.08285714285714285,0.10601719197707736,0.12285714285714286,0.002857142857142857,39.52571428571429,0.2693409742120344,0.0,2.7934231675057763e-18,0.08633450823338074,11.736389684813753,0.01864846730270361,0.036609970964401994,0.16118908038162216,0.08022922636103152,0,0.19944259842637807,0.29234878953753884,6.609372367680115,0.891922256228875,0.0,1.0,0.0,0.2,0.0,0.9999999999999999,0.3,0.08,0.10601719197707736,0.2537296934605407,0.2537296934605407
278,0.8999356545721321,0.504186930787003,0.8984503860549526,0.5041579507165503,0.23726716252825136,0.511659881237401,0.4498567335243553,0.36140604045927943,0.3575351053018578,0.08022922636103152,0.44857142857142857,0.3632305946293958,0.3593707192867096,0.08285714285714285,0.1318051575931232,0.14,0.002857142857142857,39.61714285714286,0.2722063037249284,0.0,2.796633223840521e-18,0.08627546346085042,11.736389684813753,0.0180890132836225,0.03553142283146549,0.1608534079701735,0.08022922636103152,0,0.19944495686281763,0.2908870455898511,6.617184920326514,0.9366972347290905,0.0,0.9795918367346939,0.0,0.2,0.0,0.9999999999999999,0.3,0.08,0.1318051575931232,0.2536178026567245,0.2536178026567245
279,0.9015903673989966,0.5037445738242853,0.900100371130883,0.5037327333978424,0.23726716252825136,0.5116161300269685,0.4785100286532951,0.3612914272787637,0.35744914541647094,0.08022922636103152,0.47714285714285715,0.3631163089151101,0.3592850050009953,0.08285714285714285,0.10601719197707736,0.13714285714285715,0.002857142857142857,39.785714285714285,0.27793696275071633,0.0,2.7997620511286733e-18,0.08621819003149601,11.736389684813753,0.017546342885113825,0.03448407747671345,0.16052780573106828,0.08022922636103152,0,0.20050331867274068,0.2894326103619019,6.621984079062839,0.9982881071155714,0.0,0.9791666666666666,0.0,0.2,0.0,0.9999999999999999,0.3,0.08,0.10601719197707736,0.2535092685770228,0.2535092685770228
280,0.9009604624884479,0.5034935000453639,0.8994722659486502,0.5035306715031403,0.23726716252825136,0.5115551947978131,0.4269340974212034,0.3611768140982479,0.35736318553108415,0.08022922636103152,0.4257142857142857,0.36300202320082436,0.35919929071528106,0.08285714285714285,0.12320916905444126,0.13714285714285715,0.002857142857142857,39.92857142857143,0.27793696275071633,0.0,2.802811250557267e-18,0.08616263480502227,11.736389684813753,0.01701995259856041,0.03346706581933134,0.16021197155913625,0.08022922636103152,0,0.20044337350794844,0.28798544731009235,6.626687254624439,0.9881915214630155,0.0,0.9791666666666666,0.0,0.2,0.0,0.9999999999999999,0.3,0.08,0.12320916905444126,0.2534039905197121,0.2534039905197121
281,0.9023609007445765,0.5041476987354675,0.9008687029526182,0.5041779969125151,0.23726716252825136,0.5115463403707328,0.4183381088825215,0.3609475877372164,0.3571912657603105,0.08022922636103152,0.41714285714285715,0.3627734517722529,0.35902786214385246,0.08285714285714285,0.12320916905444126,0.13714285714285715,0.002857142857142857,40.1,0.2722063037249284,0.0,2.8057824199809575e-18,0.0861087462353427,11.736389684813753,0.0165093540206036,0.03247954099289663,0.15990561241236215,0.08022922636103152,0,0.2009255880654087,0.2865455200735419,6.631296366674807,0.9820000000000004,0.0,0.9583333333333334,0.0,0.2,0.0,0.9999999999999999,0.3,0.08,0.12320916905444126,0.2533018708041207,0.2533018708041207
282,0.9035251837831287,0.503806664649856,0.9020296594682035,0.5037838610455379,0.23726716252825136,0.5115917796953012,0.44412607449856734,0.3609475877372164,0.3571912657603105,0.08022922636103152,0.44285714285714284,0.3627734517722529,0.35902786214385246,0.08285714285714285,0.12893982808022922,0.12857142857142856,0.002857142857142857,40.22,0.2722063037249284,0.0,2.8086771517746453e-18,0.08605647432275353,11.736389684813753,0.01601407339998549,0.03152067789819646,0.15960844403999128,0.08022922636103152,0,0.2005482486929388,0.28511279247317417,6.6272418679127405,0.9623600000000003,0.0,1.0,0.0,0.2,0.0,0.9999999999999999,0.3,0.08,0.12893982808022922,0.2532028146799971,0.2532028146799971
283,0.9014791752169926,0.503848878982252,0.8999894966408276,0.5038090306118296,0.23726716252825136,0.511602629897304,0.4355300859598854,0.3609475877372164,0.3571912657603105,0.08022922636103152,0.4342857142857143,0.3627734517722529,0.35902786214385246,0.08285714285714285,0.12607449856733524,0.14285714285714285,0.002857142857142857,40.385714285714286,0.27507163323782235,0.0,2.811497030850554e-18,0.08600577056754201,11.736389684813753,0.015533651197985924,0.030589672757253217,0.15932019071879155,0.08022922636103152,0,0.2010505639753328,0.2836872285108083,6.637554173411628,0.9431128000000003,0.0,1.0,0.0,0.2,0.0,0.9999999999999999,0.3,0.08,0.12607449856733524,0.2531067302395972,0.2531067302395972
284,0.9016445297902018,0.5038703707181067,0.9001543787723991,0.5038045932185159,0.23726716252825136,0.5115782621548095,0.44126074498567336,0.36071836137618485,0.35701934598953683,0.08022922636103152,0.44,0.36254488034368143,0.35885643357242386,0.08285714285714285,0.1346704871060172,0.15714285714285714,0.002857142857142857,40.542857142857144,0.2722063037249284,0.0,2.8142436328315893e-18,0.08595658792498688,11.736389684813753,0.015067641662046346,0.02968574266917945,0.1590405849972278,0.08022922636103152,0,0.20153031186974188,0.28226879236825425,6.661945947086252,0.9427342425559863,0.0,0.9636363636363636,0.0,0.2,0.0,0.9999999999999999,0.3,0.08,0.1346704871060172,0.25301352833240925,0.25301352833240925
285,0.9006370582000683,0.5040443444869589,0.8991497856725232,0.504008881924993,0.23726716252825136,0.5114048587350079,0.44126074498567336,0.36071836137618485,0.35701934598953683,0.08022922636103152,0.44,0.36254488034368143,0.35885643357242386,0.08285714285714285,0.11461318051575932,0.13142857142857142,0.002857142857142857,40.68857142857143,0.2693409742120344,0.0,2.816918522373026e-18,0.08590888076170843,11.736389684813753,0.014615612412184955,0.028808125168431453,0.15876936744731096,0.08022922636103152,0,0.20136691677087656,0.28085744840641297,6.660135599573098,0.9238795577048665,0.0,1.0,0.0,0.2,0.0,0.9999999999999999,0.3,0.08,0.11461318051575932,0.252923122482437,0.252923122482437
286,0.8995332290155557,0.5041532702234661,0.8980491102856806,0.5041224897884755,0.23726716252825136,0.511251674032791,0.46418338108882523,0.36071836137618485,0.35701934598953683,0.08022922636103152,0.46285714285714286,0.36254488034368143,0.35885643357242386,0.08285714285714285,0.1174785100286533,0.13714285714285715,0.002857142857142857,40.84285714285714,0.2693409742120344,0.0,2.819523251624805e-18,0.08586260481332827,11.736389684813753,0.014177144039819406,0.027956077785981637,0.15850628642389164,0.08022922636103152,0,0.20101622575845077,0.2794531611643809,6.664075744724495,0.9054019665507691,0.0,1.0,0.0,0.2,0.0,0.9999999999999999,0.3,0.08,0.1174785100286533,0.2528354288079639,0.2528354288079639
287,0.9011958195659773,0.5043287927754214,0.8997069505773866,0.5043375702590444,0.23726716252825136,0.5111285706942912,0.45272206303724927,0.36025990865412183,0.3567614663333764,0.08022922636103152,0.4514285714285714,0.3620877374865386,0.3585992907152811,0.08285714285714285,0.1318051575931232,0.1457142857142857,0.002857142857142857,40.98,0.2693409742120344,0.0,2.822059358826998e-18,0.08581771714339954,11.736389684813753,0.013751829718624823,0.027128877613884494,0.1582510978311749,0.08022922636103152,0,0.2022678589153728,0.30484237915943685,6.676508515544291,0.9916781583590988,0.0,0.9215686274509803,0.0,0.2,0.0,0.9999999999999999,0.3,0.08,0.1318051575931232,0.25275036594372496,0.25275036594372496
288,0.9034928994734583,0.5046636954360623,0.9019974673994177,0.504676188607301,0.23726716252825136,0.5109625812806109,0.4899713467048711,0.36025990865412183,0.3567614663333764,0.08022922636103152,0.48857142857142855,0.3620877374865386,0.3585992907152811,0.08285714285714285,0.11174785100286533,0.12285714285714286,0.002857142857142857,41.14,0.2664756446991404,0.0,2.8245283670311757e-18,0.08577417610356865,11.736389684813753,0.013339274827066079,0.026325820873665307,0.15800356489623965,0.08022922636103152,0,0.2030275196207959,0.3033181672636397,6.665835488090546,0.9718445951919168,0.0,1.0,0.0,0.2,0.0,0.9999999999999999,0.3,0.08,0.11174785100286533,0.2526678549654132,0.2526678549654132
289,0.90280074316857,0.5046778399812006,0.9013072886839719,0.5046573829717943,0.23726716252825136,0.5107584419232719,0.44126074498567336,0.36025990865412183,0.3567614663333764,0.08022922636103152,0.44,0.3620877374865386,0.3585992907152811,0.08285714285714285,0.1174785100286533,0.13428571428571429,0.002857142857142857,41.29142857142857,0.2636103151862464,0.0,2.8269317829407528e-18,0.08573194129493268,11.736389684813753,0.012939096582254096,0.025546222488924686,0.15776345794935245,0.08022922636103152,0,0.20287945433486074,0.30180157642732147,6.66680449261445,0.9524077032880784,0.0,1.0,0.0,0.2,0.0,0.9999999999999999,0.3,0.08,0.1174785100286533,0.2525878193164508,0.2525878193164508
290,0.9030218783424198,0.502766721274006,0.9015277920430391,0.5026961295779437,0.23726716252825136,0.5104526669490714,0.48424068767908307,0.3600306822930903,0.3565895465626028,0.08022922636103152,0.4828571428571429,0.3618591660579672,0.3584278621438525,0.08285714285714285,0.12607449856733524,0.13142857142857142,0.002857142857142857,41.39714285714286,0.2636103151862464,0.0,2.8292710958635755e-18,0.08569097353055587,11.736389684813753,0.012550923684786473,0.02478941566250792,0.15753055421087186,0.08022922636103152,0,0.20323591492032927,0.30689633400885963,6.664896974190731,0.9579747209668024,0.0,0.9565217391304348,0.0,0.2,0.0,0.9999999999999999,0.3,0.08,0.12607449856733524,0.2525101847369573,0.2525101847369573
291,0.9029389276756764,0.502492022267463,0.901445078378201,0.5024269566199434,0.23726716252825136,0.5102527034152667,0.47564469914040114,0.35991606911257457,0.35650358667721593,0.08022922636103152,0.4742857142857143,0.36174488034368146,0.3583421478581382,0.08285714285714285,0.12320916905444126,0.13714285714285715,0.002857142857142857,41.51428571428571,0.2636103151862464,0.0,2.831547776770306e-18,0.0856512347991103,11.736389684813753,0.012174395974242878,0.024054751458558843,0.15730463758454571,0.08022922636103152,0,0.20321930677429903,0.31208882258977677,6.668741891849773,0.9388152265474663,0.0,0.9791666666666666,0.0,0.2,0.0,0.9999999999999999,0.3,0.08,0.12320916905444126,0.2524348791948486,0.2524348791948486
292,0.9025890464296787,0.5035736721185659,0.901096196792906,0.5034862280724914,0.23726716252825136,0.5101161577780944,0.4469914040114613,0.35991606911257457,0.35650358667721593,0.08022922636103152,0.44571428571428573,0.36174488034368146,0.3583421478581382,0.08285714285714285,0.11461318051575932,0.12285714285714286,0.002857142857142857,41.705714285714286,0.2664756446991404,0.0,2.8337632774524055e-18,0.08561268822960807,11.736389684813753,0.011809164095015591,0.02334159838973804,0.15708549845700934,0.08022922636103152,0,0.20277364166542758,0.3105283784768279,6.658224196869921,0.9200389220165169,0.0,1.0,0.0,0.2,0.0,0.9999999999999999,0.3,0.08,0.11461318051575932,0.2523618328190031,0.2523618328190031
293,0.903347171219374,0.5034022495463782,0.9018521555117738,0.5033319606128117,0.23726716252825136,0.5100488528120495,0.4269340974212034,0.35968684275154306,0.3563316669064423,0.08022922636103152,0.4257142857142857,0.36151630891511005,0.3581707192867097,0.08285714285714285,0.10888252148997135,0.11714285714285715,0.002857142857142857,41.831428571428575,0.2607449856733524,0.0,2.835919029773759e-18,0.08557529805719097,11.736389684813753,0.011454889172165124,0.022649342009860907,0.15687293350329906,0.08022922636103152,0,0.20307377345710043,0.30897573658444377,6.64220257007538,1.0,0.0,0.9512195121951219,0.0,0.2,0.0,0.9999999999999999,0.3,0.08,0.10888252148997135,0.25229097783443305,0.25229097783443305
294,0.902865387372643,0.5036088249047846,0.901371748190319,0.5035126674267787,0.23726716252825136,0.5099373426147934,0.4326647564469914,0.35968684275154306,0.3563316669064423,0.08022922636103152,0.43142857142857144,0.36151630891511005,0.3581707192867097,0.08285714285714285,0.11174785100286533,0.12285714285714286,0.002857142857142857,41.99142857142857,0.25787965616045844,0.0,2.838016445010258e-18,0.08553902958994632,11.736389684813753,0.011111242497000169,0.021977384512174902,0.1566667454982001,0.08022922636103152,0,0.2025438331612435,0.3074308579015215,6.632215661531015,0.98,0.0,1.0,0.0,0.2,0.0,0.9999999999999999,0.3,0.08,0.11174785100286533,0.25222224849940006,0.25222224849940006
295,0.902339945071745,0.504686984751357,0.9008478071531381,0.5045981468064922,0.23726716252825136,0.5098269461072835,0.4498567335243553,0.3594576163905115,0.35615974713566867,0.08022922636103152,0.44857142857142857,0.3612877374865386,0.3579992907152811,0.08285714285714285,0.10028653295128939,0.10285714285714286,0.002857142857142857,42.11714285714286,0.2607449856733524,0.0,2.8400569132718935e-18,0.08550384917671906,11.736389684813753,0.010777905222090163,0.021325144333474655,0.1564667431332541,0.08022922636103152,0,0.2040166854240087,0.3058937036120139,6.602428491157537,0.9866315606597288,0.0,0.9444444444444444,0.0,0.2,0.0,0.9999999999999999,0.3,0.08,0.10028653295128939,0.25215558104441804,0.25215558104441804
296,0.9022520998589151,0.5042274887595258,0.9007602129266303,0.5041193692379164,0.23726716252825136,0.5097399360915167,0.40974212034383956,0.3594576163905115,0.35615974713566867,0.08022922636103152,0.4085714285714286,0.3612877374865386,0.3579992907152811,0.08285714285714285,0.09455587392550144,0.10285714285714286,0.002857142857142857,42.24,0.2664756446991404,0.0,2.842041803002136e-18,0.0854697241758886,11.736389684813753,0.010454568065427458,0.020692055764222284,0.15627274083925646,0.08022922636103152,0,0.2034247448540315,0.3043642350939539,6.573237064191528,0.9668989294465341,0.0,1.0,0.0,0.2,0.0,0.9999999999999999,0.3,0.08,0.09455587392550144,0.2520909136130855,0.2520909136130855
297,0.9014037420971127,0.5034029332627888,0.8999142790441474,0.5032780779573364,0.23726716252825136,0.5097172105108339,0.45272206303724927,0.35934300320999574,0.3560737872502818,0.08022922636103152,0.4514285714285714,0.3611734517722529,0.3579135764295668,0.08285714285714285,0.10601719197707736,0.11428571428571428,0.002857142857142857,42.357142857142854,0.25787965616045844,0.0,2.8439724605496605e-18,0.08543662292508304,11.736389684813753,0.010140931023464634,0.02007756856482179,0.15608455861407877,0.08022922636103152,0,0.20421471444569364,0.3028424139184841,6.556058037193413,0.9528968387580512,0.0,0.975,0.0,0.2,0.0,0.9999999999999999,0.3,0.08,0.10601719197707736,0.2520281862046929,0.2520281862046929
298,0.9012737466794916,0.5030181474793115,0.8997846550420052,0.5028517811314916,0.23726716252825136,0.5097861251417406,0.4785100286532951,0.35922839002948004,0.35598782736489504,0.08022922636103152,0.47714285714285715,0.36105916605796723,0.3578278621438525,0.08285714285714285,0.11461318051575932,0.12,0.002857142857142857,42.494285714285716,0.2636103151862464,0.0,2.8458502098076575e-18,0.08540451471180167,11.736389684813753,0.009836703092760694,0.019481147588170877,0.1559020218556564,0.08022922636103152,0,0.20413578444489372,0.3013282018488917,6.544936876449544,0.9397106944178538,0.0,0.9761904761904762,0.0,0.2,0.0,0.9999999999999999,0.3,0.08,0.11461318051575932,0.25196734061855214,0.25196734061855214
299,0.9013122260748617,0.503127459712507,0.8998230244962456,0.5029249431037567,0.23726716252825136,0.5097888792709924,0.4670487106017192,0.35922839002948004,0.35598782736489504,0.08022922636103152,0.4657142857142857,0.36105916605796723,0.3578278621438525,0.08285714285714285,0.07449856733524356,0.07714285714285714,0.002857142857142857,42.60857142857143,0.2664756446991404,0.0,2.8476763519162324e-18,0.08537336974491874,11.736389684813753,0.009541601999977873,0.018902272408594767,0.15572496119998672,0.08022922636103152,0,0.2038652490311687,0.2998215608396472,6.49118099606341,0.9209164805294967,0.0,1.0,0.0,0.2,0.0,0.9999999999999999,0.3,0.08,0.07449856733524356,0.25190832039999556,0.25190832039999556
300,0.9026853363745694,0.5031172837856823,0.9011922116236685,0.502941600597625,0.23726716252825136,0.5096456166728224,0.47564469914040114,0.3588845504879327,0.3557299477087346,0.08022922636103152,0.4742857142857143,0.3607163089151101,0.35757071928670964,0.08285714285714285,0.1318051575931232,0.13714285714285715,0.002857142857142857,42.75714285714286,0.2636103151862464,0.0,2.8494521650236016e-18,0.08534315912704228,11.736389684813753,0.009255353939978537,0.01834043695724641,0.15555321236398711,0.08022922636103152,0,0.20481578135744144,0.3000198121198369,6.498500233284999,0.9063480047630086,0.0,0.9375,0.0,0.2,0.0,0.9999999999999999,0.3,0.08,0.1318051575931232,0.25185107078799573,0.25185107078799573
301,0.9015762133418662,0.5034762171434619,0.9000862575139157,0.5033217805316478,0.23726716252825136,0.5094450288043307,0.4785100286532951,0.35876993730741696,0.3556439878233478,0.08022922636103152,0.47714285714285715,0.36060202320082435,0.35748500500099534,0.08285714285714285,0.11461318051575932,0.12285714285714286,0.002857142857142857,42.88,0.2607449856733524,0.0,2.8511789041020017e-18,0.08531385482770215,11.736389684813753,0.00897769332177918,0.017795149164042123,0.1553866159930675,0.08022922636103152,0,0.20464870245065425,0.2985197130592377,6.491387371476444,0.9109029330113326,0.0,0.9767441860465116,0.0,0.2,0.0,0.9999999999999999,0.3,0.08,0.11461318051575932,0.25179553866435583,0.25179553866435583
302,0.9021343069178669,0.5031677422173066,0.9006427565368421,0.5030017496993703,0.23726716252825136,0.509277177500071,0.4469914040114613,0.3586553241269012,0.35555802793796093,0.08022922636103152,0.44571428571428573,0.3604877374865386,0.35739929071528104,0.08285714285714285,0.12893982808022922,0.13714285714285715,0.002857142857142857,42.965714285714284,0.2607449856733524,0.0,2.8528578008144485e-18,0.0852854296573422,11.736389684813753,0.008708362522125803,0.017265930606182978,0.15522501751327547,0.08022922636103152,0,0.20513610470563598,0.29702711449394154,6.4987024811897705,0.9095687171200011,0.0,0.9791666666666666,0.0,0.2,0.0,0.9999999999999999,0.3,0.08,0.12893982808022922,0.25174167250442514,0.25174167250442514
303,0.9015681173460158,0.5033250902500068,0.9000781846494822,0.5031758643376693,0.23726716252825136,0.5090836766455918,0.44126074498567336,0.35854071094638545,0.35547206805257414,0.08022922636103152,0.44,0.3603734517722529,0.3573135764295668,0.08285714285714285,0.11174785100286533,0.12285714285714286,0.002857142857142857,43.097142857142856,0.25787965616045844,0.0,2.8544900634286742e-18,0.08525785724209302,11.736389684813753,0.008447111646462028,0.016752316163297643,0.1550682669878772,0.08022922636103152,0,0.20499599561067922,0.29554197892147177,6.491585574423119,0.9415737265811783,0.0,0.9767441860465116,0.0,0.2,0.0,0.9999999999999999,0.3,0.08,0.11174785100286533,0.2516894223292924,0.2516894223292924
304,0.901730177171872,0.5032774690668901,0.9002397814472646,0.5031167422265742,0.23726716252825136,0.508945411493456,0.46131805157593125,0.35854071094638545,0.35547206805257414,0.08022922636103152,0.46,0.3603734517722529,0.3573135764295668,0.08285714285714285,0.11461318051575932,0.12,0.002857142857142857,43.24,0.2521489971346705,0.0,2.8560768767747545e-18,0.08523111199930135,11.736389684813753,0.008193698297068168,0.01625385367923049,0.1549162189782409,0.08022922636103152,0,0.20565811286934246,0.29406426902686444,6.4817538629346565,0.9227422520495547,0.0,1.0,0.0,0.2,0.0,0.9999999999999999,0.3,0.08,0.11461318051575932,0.25163873965941363,0.25163873965941363
305,0.9012989107933244,0.5030510900969225,0.8998097472583697,0.5029611036706536,0.23726716252825136,0.5088024810315482,0.4383954154727794,0.3584260977658697,0.3553861081671873,0.08022922636103152,0.43714285714285717,0.3602591660579672,0.3572278621438525,0.08285714285714285,0.12893982808022922,0.14,0.002857142857142857,43.38857142857143,0.2636103151862464,0.0,2.857619402243147e-18,0.08520516911379343,11.736389684813753,0.007947887348156123,0.01577010363048381,0.15476873240889366,0.08022922636103152,0,0.20562910873356718,0.29502110324972275,6.492118785675962,0.9090650249970734,0.0,0.9795918367346939,0.0,0.2,0.0,0.9999999999999999,0.3,0.08,0.12893982808022922,0.25158957746963123,0.25158957746963123
306,0.9008048658135938,0.5030808836695551,0.8993171138357242,0.5029998804860363,0.23726716252825136,0.5086263823954341,0.4383954154727794,0.35831148458535395,0.35530014828180045,0.08022922636103152,0.43714285714285717,0.3601448803436815,0.3571421478581382,0.08285714285714285,0.10888252148997135,0.11714285714285715,0.002857142857142857,43.55142857142857,0.25787965616045844,0.0,2.859118777820021e-18,0.08518000451485075,11.736389684813753,0.0077094507277114385,0.015300638801311273,0.15462567043662687,0.08022922636103152,0,0.20592239241268454,0.2935459977334741,6.479419267105301,0.9193187856177073,0.0,0.975609756097561,0.0,0.2,0.0,0.9999999999999999,0.3,0.08,0.10888252148997135,0.2515418901455423,0.2515418901455423
307,0.9012187896933057,0.5032802230042533,0.89972985507578,0.5031992083584934,0.23726716252825136,0.5084853718788367,0.4469914040114613,0.35831148458535395,0.35530014828180045,0.08022922636103152,0.44571428571428573,0.3601448803436815,0.3571421478581382,0.08285714285714285,0.10028653295128939,0.11428571428571428,0.002857142857142857,43.62,0.2492836676217765,0.0,2.860576118156923e-18,0.08515559485387636,11.736389684813753,0.007478167205880095,0.0148450439654505,0.15448690032352805,0.08022922636103152,0,0.20537806616490684,0.2920782677448067,6.464116596048909,0.9009324099053531,0.0,1.0,0.0,0.2,0.0,0.9999999999999999,0.3,0.08,0.10028653295128939,0.25149563344117604,0.25149563344117604
308,0.901737394965982,0.5038124134825906,0.9002469786191056,0.5037028321199242,0.23726716252825136,0.5083482077605264,0.4355300859598854,0.35831148458535395,0.35530014828180045,0.08022922636103152,0.4342857142857143,0.3601448803436815,0.3571421478581382,0.08285714285714285,0.12320916905444126,0.12571428571428572,0.002857142857142857,43.74,0.24641833810888253,0.0,2.8619925146720237e-18,0.08513191748273119,11.736389684813753,0.007253822189703692,0.014402915574471264,0.15435229331382222,0.08022922636103152,0,0.2048366044055109,0.2906178764060827,6.460548549842215,0.882913761707246,0.0,1.0,0.0,0.2,0.0,0.9999999999999999,0.3,0.08,0.12320916905444126,0.25145076443794073,0.25145076443794073
309,0.9020060766761807,0.503568968333978,0.9005148926672752,0.5034506315301108,0.23726716252825136,0.5082841470993973,0.4469914040114613,0.35831148458535395,0.35530014828180045,0.08022922636103152,0.44571428571428573,0.3601448803436815,0.3571421478581382,0.08285714285714285,0.10315186246418338,0.11428571428571428,0.002857142857142857,43.822857142857146,0.24355300859598855,0.0,2.863369035680307e-18,0.08510895043272036,11.736389684813753,0.007036207524012581,0.01397386145270807,0.15422172451440755,0.08022922636103152,0,0.20424084995491187,0.2891647870240523,6.445623293131087,0.865255486473101,0.0,1.0,0.0,0.2,0.0,0.9999999999999999,0.3,0.08,0.10315186246418338,0.25140724150480254,0.25140724150480254
310,0.901393813037343,0.5034868428910279,0.8999043783531199,0.5033286971871266,0.23726716252825136,0.5081634944593574,0.4785100286532951,0.3581968714048382,0.35521418839641367,0.08022922636103152,0.47714285714285715,0.36003059462939574,0.3570564335724239,0.08285714285714285,0.09742120343839542,0.1,0.002857142857142857,43.94571428571429,0.2521489971346705,0.0,2.8647067265502364e-18,0.08508667239420985,11.736389684813753,0.006825121298292203,0.013557500498734498,0.15409507277897533,0.08022922636103152,0,0.2040765028479945,0.287718963088932,6.4167108272684645,0.9758450540414926,0.0,0.9714285714285714,0.0,0.2,0.0,0.9999999999999999,0.3,0.08,0.09742120343839542,0.25136502425965845,0.25136502425965845
311,0.9003847708816733,0.5038111719507911,0.8988982191750378,0.503653271664153,0.23726716252825136,0.5079565221024236,0.498567335243553,0.35808225822432244,0.3551282285110268,0.08022922636103152,0.49714285714285716,0.35991630891511006,0.3569707192867096,0.08285714285714285,0.11461318051575932,0.12571428571428572,0.002857142857142857,44.065714285714286,0.25787965616045844,0.0,2.8660066098845785e-18,0.08506506269685467,11.736389684813753,0.006620367659343437,0.013153462393335258,0.15397222059560606,0.08022922636103152,0,0.203998548905183,0.28628036827348735,6.414090896437379,0.9612600928383074,0.0,0.9772727272727273,0.0,0.2,0.0,0.9999999999999999,0.3,0.08,0.11461318051575932,0.2513240735318687,0.2513240735318687
312,0.9011242894201912,0.5044349518534333,0.8996356248034455,0.5042861013243906,0.23726716252825136,0.5077789996251344,0.49283667621776506,0.35808225822432244,0.3551282285110268,0.08022922636103152,0.49142857142857144,0.35991630891511006,0.3569707192867096,0.08285714285714285,0.09455587392550144,0.10571428571428572,0.002857142857142857,44.21714285714286,0.25501432664756446,0.0,2.8672696857231885e-18,0.08504410129042016,11.736389684813753,0.006421756629563133,0.012761387313916961,0.15385305397773788,0.08022922636103152,0,0.2038144139548709,0.2848489664321199,6.391523364222918,0.9420348909815413,0.0,1.0,0.0,0.2,0.0,0.9999999999999999,0.3,0.08,0.09455587392550144,0.25128435132591265,0.25128435132591265
313,0.9013710965549057,0.5048286245076025,0.8998817267749181,0.5046473088984913,0.23726716252825136,0.5074328281549945,0.4670487106017192,0.35808225822432244,0.3551282285110268,0.08022922636103152,0.4657142857142857,0.35991630891511006,0.3569707192867096,0.08285714285714285,0.11174785100286533,0.11428571428571428,0.002857142857142857,44.308571428571426,0.2521489971346705,0.0,2.8684969317657096e-18,0.08502376872617866,11.736389684813753,0.006229103930676239,0.012380925655299913,0.15373746235840574,0.08022922636103152,0,0.20328062759938226,0.2834247215999593,6.377978611224173,0.9231941931619104,0.0,1.0,0.0,0.2,0.0,0.9999999999999999,0.3,0.08,0.11174785100286533,0.2512458207861352,0.2512458207861352
314,0.9008972251142108,0.5048426220036738,0.8994092092526252,0.5046693008756854,0.23726716252825136,0.5071709665719225,0.4355300859598854,0.35808225822432244,0.3551282285110268,0.08022922636103152,0.4342857142857143,0.35991630891511006,0.3569707192867096,0.08285714285714285,0.10888252148997135,0.11428571428571428,0.002857142857142857,44.41428571428571,0.2492836676217765,0.0,2.8696893036122495e-18,0.08500404613886439,11.736389684813753,0.006042230812755952,0.012011737756823071,0.15362533848765356,0.08022922636103152,0,0.20328915594290603,0.2820075979919595,6.364704753285405,0.9047303092986722,0.0,1.0,0.0,0.2,0.0,0.9999999999999999,0.3,0.08,0.10888252148997135,0.25120844616255117,0.25120844616255117
315,0.9017955027593276,0.5048526034401858,0.9003049203901846,0.5046909022535551,0.23726716252825136,0.5069790323488573,0.4699140401146132,0.35808225822432244,0.3551282285110268,0.08022922636103152,0.4685714285714286,0.35991630891511006,0.3569707192867096,0.08285714285714285,0.12893982808022922,0.13428571428571429,0.002857142857142857,44.582857142857144,0.2521489971346705,0.0,2.8708477350202274e-18,0.0849849152291696,11.736389684813753,0.005860963888373273,0.011653493635690682,0.15351657833302396,0.08022922636103152,0,0.2033032217044794,0.2805975600019997,6.3716963725054105,0.8866357031126987,0.0,1.0,0.0,0.2,0.0,0.9999999999999999,0.3,0.08,0.12893982808022922,0.25117219277767466,0.25117219277767466
316,0.9016148467205474,0.5053226314255241,0.9001247805115151,0.5051343681676773,0.23726716252825136,0.5068464452608527,0.4785100286532951,0.3579676450438067,0.35504226862564003,0.08022922636103152,0.47714285714285715,0.3598020232008244,0.35688500500099535,0.08285714285714285,0.11461318051575932,0.12,0.002857142857142857,44.64857142857143,0.2521489971346705,0.0,2.8719731381756947e-18,0.08496635824676559,11.736389684813753,0.005685134971722075,0.011305872726485089,0.15341108098303324,0.08022922636103152,0,0.20322899202452846,0.2883711882754651,6.364262445055301,0.9099560152036208,0.0,0.9761904761904762,0.0,0.2,0.0,0.9999999999999999,0.3,0.08,0.11461318051575932,0.2511370269943444,0.2511370269943444
317,0.9007105820509668,0.505398249050231,0.8992230994552761,0.5052650040716293,0.23726716252825136,0.506784592479838,0.4326647564469914,0.3579676450438067,0.35504226862564003,0.08022922636103152,0.43142857142857144,0.3598020232008244,0.35688500500099535,0.08285714285714285,0.10601719197707736,0.11714285714285715,0.002857142857142857,44.74,0.25501432664756446,0.0,2.8730664039775364e-18,0.08494835797383375,11.736389684813753,0.005514580922570412,0.010968563626765016,0.15330874855354223,0.08022922636103152,0,0.20264127563583437,0.2869293323340878,6.354120053297054,0.8917568948995483,0.0,1.0,0.0,0.2,0.0,0.9999999999999999,0.3,0.08,0.10601719197707736,0.2511029161845141,0.2511029161845141
318,0.9020682767408553,0.5056738735325732,0.9005769150174794,0.5055229104600008,0.23726716252825136,0.5066911941332933,0.4699140401146132,0.3579676450438067,0.35504226862564003,0.08022922636103152,0.4685714285714286,0.3598020232008244,0.35688500500099535,0.08285714285714285,0.12893982808022922,0.13428571428571429,0.002857142857142857,44.84571428571429,0.2521489971346705,0.0,2.8741284023330714e-18,0.08493089770908988,11.736389684813753,0.0053491434948933,0.010641263848666926,0.15320948609693597,0.08022922636103152,0,0.20306448605588667,0.2854946856724173,6.361323366516826,0.8739217570015574,0.0,1.0,0.0,0.2,0.0,0.9999999999999999,0.3,0.08,0.12893982808022922,0.25106982869897865,0.25106982869897865
319,0.9020931378932874,0.5049357362108302,0.9006017051380472,0.5047682020065991,0.23726716252825136,0.5066954993631502,0.501432664756447,0.3578530318632909,0.3549563087402532,0.08022922636103152,0.5,0.35968773748653865,0.35679929071528105,0.08285714285714285,0.1318051575931232,0.14285714285714285,0.002857142857142857,44.988571428571426,0.25501432664756446,0.0,2.875159982463662e-18,0.08491396125228827,11.736389684813753,0.005188669190046501,0.010323679576421774,0.1531132015140279,0.08022922636103152,0,0.2030487350541787,0.29445861775668764,6.376954042043632,0.9090049225996853,0.0,0.98,0.0,0.2,0.0,0.9999999999999999,0.3,0.08,0.1318051575931232,0.2510377338380093,0.2510377338380093
320,0.9026674440238149,0.5051389834224489,0.9011743703939161,0.5050353617571427,0.23726716252825136,0.5065285209679767,0.4383954154727794,0.3577384186827751,0.35487034885486635,0.08022922636103152,0.43714285714285717,0.3595734517722529,0.35671357642956675,0.08285714285714285,0.14040114613180515,0.15714285714285714,0.002857142857142857,45.05714285714286,0.25787965616045844,0.0,2.8761619732190334e-18,0.08489753288919076,11.736389684813753,0.005033009114345106,0.010015525429698746,0.15301980546860705,0.08022922636103152,0,0.20300477709319348,0.2929863246679042,6.406557818345617,0.9081534385295148,0.0,0.9818181818181818,0.0,0.2,0.0,0.9999999999999999,0.3,0.08,0.14040114613180515,0.25100660182286905,0.25100660182286905
321,0.9032751810753491,0.5046940310017997,0.9017803710538748,0.5046114635035038,0.23726716252825136,0.5064142433088581,0.4813753581661891,0.3577384186827751,0.35487034885486635,0.08022922636103152,0.48,0.3595734517722529,0.35671357642956675,0.08285714285714285,0.12320916905444126,0.13714285714285715,0.002857142857142857,45.17142857142857,0.2664756446991404,0.0,2.4516059427252962e-18,0.09545153205918287,11.736389684813753,0.10503300911434511,0.18946926559954713,0.21301980546860705,0.08022922636103152,0,0.2025321824934418,0.2915213930445647,6.415569519121561,0.8899903697589245,0.0,1.0,0.0,0.2,0.0,0.9999999999999999,0.3,0.08,0.12320916905444126,0.271006601822869,0.271006601822869
322,0.9038702845319639,0.5043809530126679,0.9023737742148992,0.5042961007409857,0.23726716252825136,0.5063391975692864,0.49570200573065903,0.3577384186827751,0.35487034885486635,0.08022922636103152,0.4942857142857143,0.3595734517722529,0.35671357642956675,0.08285714285714285,0.12893982808022922,0.14857142857142858,0.002857142857142857,45.28285714285714,0.2521489971346705,0.0,2.459758588231541e-18,0.0951189765718785,11.736389684813753,0.10188201884091476,0.1843451877176906,0.21112921130454884,0.08022922636103152,0,0.20209066443811743,0.29006378607934186,6.435829557310559,0.8721905623637461,0.0,1.0,0.0,0.2,0.0,0.9999999999999999,0.3,0.08,0.12893982808022922,0.27037640376818295,0.27037640376818295
323,0.9031460105015496,0.5048505807085465,0.9016515695388574,0.5047515911954649,0.23726716252825136,0.5063414313658561,0.4871060171919771,0.3577384186827751,0.35487034885486635,0.08022922636103152,0.4857142857142857,0.3595734517722529,0.35671357642956675,0.08285714285714285,0.12034383954154727,0.13142857142857142,0.002857142857142857,45.39714285714286,0.25787965616045844,0.0,2.4679140082975228e-18,0.09479639774919323,11.736389684813753,0.09882555827568731,0.17934388346528107,0.2092953349654124,0.08022922636103152,0,0.20211086551435764,0.28861346714894515,6.4385415375929185,0.8547467511164712,0.0,1.0,0.0,0.2,0.0,0.9999999999999999,0.3,0.08,0.12034383954154727,0.26976511165513745,0.26976511165513745
324,0.9038745223105018,0.5048345407221249,0.9023779998854983,0.5047732650749528,0.23726716252825136,0.5063226542316853,0.4899713467048711,0.35762380550225936,0.35478438896947956,0.08022922636103152,0.48857142857142855,0.35945916605796724,0.35662786214385245,0.08285714285714285,0.14613180515759314,0.15142857142857144,0.002857142857142857,45.48285714285714,0.2607449856733524,0.0,2.4760636560641007e-18,0.09448349629118856,11.736389684813753,0.0958607915274167,0.17446332010095666,0.20751647491645,0.08022922636103152,0,0.20259288326671382,0.2871703998132004,6.461199278269633,0.87852511819931,0.0,0.9811320754716981,0.0,0.2,0.0,0.9999999999999999,0.3,0.08,0.14613180515759314,0.26917215830548336,0.26917215830548336
325,0.9031577469337488,0.5050634037692825,0.9016632724383932,0.5050229812140654,0.23726716252825136,0.5063614692565386,0.5128939828080229,0.35762380550225936,0.35478438896947956,0.08022922636103152,0.5114285714285715,0.35945916605796724,0.35662786214385245,0.08285714285714285,0.1318051575931232,0.14857142857142858,0.002857142857142857,45.597142857142856,0.25787965616045844,0.0,2.4841993164024647e-18,0.09417998187692402,11.736389684813753,0.0929849677815942,0.16970144293480105,0.2057909806689565,0.08022922636103152,0,0.20333723529604503,0.28573454781413443,6.480546721275667,0.8609546158353238,0.0,1.0,0.0,0.2,0.0,0.9999999999999999,0.3,0.08,0.1318051575931232,0.26859699355631883,0.26859699355631883
326,0.9031652547932852,0.5048684811617371,0.9016707588469024,0.5048158485639478,0.23726716252825136,0.5064382687193033,0.501432664756447,0.35762380550225936,0.35478438896947956,0.08022922636103152,0.5,0.35945916605796724,0.35662786214385245,0.08285714285714285,0.14040114613180515,0.15714285714285714,0.002857142857142857,45.75142857142857,0.25501432664756446,0.0,2.4923131166590102e-18,0.09388557289508741,11.736389684813753,0.09019541874814636,0.16505617971978281,0.2041172512488878,0.08022922636103152,0,0.2030338355481362,0.2843058750750638,6.508078643993011,0.8437355235186174,0.0,1.0,0.0,0.2,0.0,0.9999999999999999,0.3,0.08,0.14040114613180515,0.26803908374962926,0.26803908374962926
327,0.9024644806306364,0.5043256627533387,0.9009719868961467,0.5043238609373113,0.23726716252825136,0.5063573373550767,0.498567335243553,0.35762380550225936,0.35478438896947956,0.08022922636103152,0.49714285714285716,0.35945916605796724,0.35662786214385245,0.08285714285714285,0.15759312320916904,0.17142857142857143,0.002857142857142857,45.87428571428571,0.2607449856733524,0.0,2.5003975348727506e-18,0.09359999618270588,11.736389684813753,0.08748955618570196,0.16052544478119457,0.20249373371142118,0.08022922636103152,0,0.20276095208468126,0.28288434569968846,6.549345642541722,0.826860813048245,0.0,1.0,0.0,0.2,0.0,0.9999999999999999,0.3,0.08,0.15759312320916904,0.2674979112371404,0.2674979112371404
328,0.9025445274945462,0.5038836866551778,0.901051805054731,0.5038734651182362,0.23726716252825136,0.5060986729385968,0.47564469914040114,0.35762380550225936,0.35478438896947956,0.08022922636103152,0.4742857142857143,0.35945916605796724,0.35662786214385245,0.08285714285714285,0.166189111747851,0.18285714285714286,0.002857142857142857,46.05142857142857,0.25501432664756446,0.0,2.5084454056426895e-18,0.09332298677169583,11.736389684813753,0.0848648695001309,0.15610714289299887,0.20091892170007852,0.08022922636103152,0,0.20240414732425782,0.28146992397119003,6.601215872548032,0.81032359678728,0.0,1.0,0.0,0.2,0.0,0.9999999999999999,0.3,0.08,0.166189111747851,0.26697297390002617,0.26697297390002617
329,0.9036300749572763,0.5043717727356793,0.9021342509532819,0.5043697906478398,0.23726716252825136,0.5058209523966581,0.4383954154727794,0.35750919232174366,0.3546984290840927,0.08022922636103152,0.43714285714285717,0.3593448803436815,0.35654214785813815,0.08285714285714285,0.16045845272206305,0.17142857142857143,0.002857142857142857,46.214285714285715,0.2492836676217765,0.0,2.516449923823065e-18,0.09305428764301606,11.736389684813753,0.08231892341512698,0.15179917291011336,0.19939135404907618,0.08022922636103152,0,0.2024205551590651,0.280062574351334,6.640620126525641,0.8154792764044945,0.0,0.9833333333333333,0.0,0.2,0.0,0.9999999999999999,0.3,0.08,0.16045845272206305,0.2664637846830254,0.2664637846830254
330,0.9030124808522975,0.5053818942687969,0.9015184214028886,0.5053378571663091,0.23726716252825136,0.5055364324755399,0.4699140401146132,0.3572799659607121,0.3545265093133191,0.08022922636103152,0.4685714285714286,0.35911630891511004,0.3563707192867096,0.08285714285714285,0.12607449856733524,0.14285714285714285,0.002857142857142857,46.385714285714286,0.2521489971346705,0.0,2.5244046462230567e-18,0.09279364948819671,11.736389684813753,0.07984935571267317,0.14759943116573326,0.19790961342760388,0.08022922636103152,0,0.20280816666898407,0.27866226147957734,6.650664866852271,0.895258142777602,0.0,0.96,0.0,0.2,0.0,0.9999999999999999,0.3,0.08,0.12607449856733524,0.2659698711425346,0.2659698711425346
331,0.9027872753035602,0.5051702116285863,0.9012938592985764,0.5050747317367565,0.23726716252825136,0.5053800171290852,0.47277936962750716,0.3572799659607121,0.3545265093133191,0.08022922636103152,0.4714285714285714,0.35911630891511004,0.3563707192867096,0.08285714285714285,0.16045845272206305,0.17714285714285713,0.002857142857142857,46.56,0.2492836676217765,0.0,2.5323034914844967e-18,0.09254083047802193,11.736389684813753,0.07745387504129297,0.14350581464281253,0.19647232502477577,0.08022922636103152,0,0.20253626869278205,0.2772689501721795,6.694794426658083,0.87735297992205,0.0,1.0,0.0,0.2,0.0,0.9999999999999999,0.3,0.08,0.16045845272206305,0.2654907750082586,0.2654907750082586
332,0.9030280979959099,0.5048716570511264,0.9015339939260908,0.5047675892162214,0.23726716252825136,0.5052574462797387,0.48424068767908307,0.35716535278019634,0.35444054942793224,0.08022922636103152,0.4828571428571429,0.3590020232008243,0.35628500500099536,0.08285714285714285,0.12034383954154727,0.12857142857142856,0.002857142857142857,46.71714285714286,0.2521489971346705,0.0,2.540140738306788e-18,0.09229559603815239,11.736389684813753,0.07513025879005418,0.13951622392880558,0.1950781552740325,0.08022922636103152,0,0.202437730206461,0.28134755072095724,6.689469966696349,0.9425728305281048,0.0,0.9777777777777777,0.0,0.2,0.0,0.9999999999999999,0.3,0.08,0.12034383954154727,0.26502605175801086,0.26502605175801086
333,0.9035901928376047,0.5049729897063284,0.9020944827825237,0.5048512431244315,0.23726716252825136,0.5049764062133938,0.4871060171919771,0.35705073959968064,0.35435458954254545,0.08022922636103152,0.4857142857142857,0.35888773748653857,0.35619929071528106,0.08285714285714285,0.1518624641833811,0.1742857142857143,0.002857142857142857,46.86,0.25501432664756446,0.0,2.5479110221827234e-18,0.09205771863147892,11.736389684813753,0.07287635102635255,0.13562856596270934,0.1937258106158115,0.08022922636103152,0,0.2027089772518751,0.27994081296735246,6.729966281648137,0.9366162402992956,0.0,0.9836065573770492,0.0,0.2,0.0,0.9999999999999999,0.3,0.08,0.1518624641833811,0.2645752702052705,0.2645752702052705
334,0.904069765130803,0.5050955914139297,0.90257268486917,0.5049981437719921,0.23726716252825136,0.5048583163647933,0.501432664756447,0.35705073959968064,0.35435458954254545,0.08022922636103152,0.5,0.35888773748653857,0.35619929071528106,0.08285714285714285,0.11174785100286533,0.11714285714285715,0.002857142857142857,47.06,0.2521489971346705,0.0,2.5556093308025054e-18,0.09182697754700565,11.736389684813753,0.07069006049556198,0.1318407565833598,0.19241403629733717,0.08022922636103152,0,0.2020954323656157,0.27854110890251566,6.7125098131580305,0.9178839154933097,0.0,1.0,0.0,0.2,0.0,0.9999999999999999,0.3,0.08,0.11174785100286533,0.2641380120991124,0.2641380120991124
335,0.9039893410874371,0.5053394680526219,0.9024924906087852,0.5052455710913752,0.23726716252825136,0.5047214099402004,0.501432664756447,0.35705073959968064,0.35435458954254545,0.08022922636103152,0.5,0.35888773748653857,0.35619929071528106,0.08285714285714285,0.1346704871060172,0.14,0.002857142857142857,47.205714285714286,0.2607449856733524,0.0,2.563230998276221e-18,0.09160315869506663,11.736389684813753,0.06856935868069512,0.12815072288781204,0.19114161520841708,0.08022922636103152,0,0.20174124091807333,0.27714840335800306,6.718259616894871,0.8995262371834436,0.0,1.0,0.0,0.2,0.0,0.9999999999999999,0.3,0.08,0.1346704871060172,0.263713871736139,0.263713871736139
336,0.9051896414586829,0.5055919460763272,0.9036893615503988,0.5054812772489394,0.23726716252825136,0.5044701592492139,0.44412607449856734,0.35705073959968064,0.35435458954254545,0.08022922636103152,0.44285714285714284,0.35888773748653857,0.35619929071528106,0.08285714285714285,0.11461318051575932,0.13142857142857142,0.002857142857142857,47.36,0.25787965616045844,0.0,2.5707716983174066e-18,0.09138605440868573,11.736389684813753,0.06651227792027427,0.12455640540849067,0.18990736675216455,0.08022922636103152,0,0.20135982328134017,0.2757626613412131,6.715322995985545,0.8815357124397747,0.0,1.0,0.0,0.2,0.0,0.9999999999999999,0.3,0.08,0.11461318051575932,0.26330245558405485,0.26330245558405485
337,0.9044935141594008,0.5047562445040801,0.9029952231862574,0.5046400252894664,0.23726716252825136,0.5043959465258088,0.47564469914040114,0.35705073959968064,0.35435458954254545,0.08022922636103152,0.4742857142857143,0.35888773748653857,0.35619929071528106,0.08285714285714285,0.14040114613180515,0.16,0.002857142857142857,47.55142857142857,0.25787965616045844,0.0,2.578227436522411e-18,0.09117546325089627,11.736389684813753,0.06451690958266604,0.12105576011762875,0.1887101457495996,0.08022922636103152,0,0.20106659559350487,0.274383848034507,6.741016536065833,0.8639049981909792,0.0,1.0,0.0,0.2,0.0,0.9999999999999999,0.3,0.08,0.14040114613180515,0.26290338191653323,0.26290338191653323
338,0.9034822727898643,0.504733037741236,0.9019868710777768,0.5046002884381998,0.23726716252825136,0.5042579669545989,0.41260744985673353,0.35705073959968064,0.35435458954254545,0.08022922636103152,0.4114285714285714,0.35888773748653857,0.35619929071528106,0.08285714285714285,0.14326647564469913,0.15428571428571428,0.002857142857142857,47.682857142857145,0.25787965616045844,0.0,2.5855945418720978e-18,0.09097118982784048,11.736389684813753,0.06258140229518605,0.11764676026733134,0.1875488413771116,0.08022922636103152,0,0.20077327684778726,0.27301192879433445,6.76048191963023,0.8466268982271596,0.0,1.0,0.0,0.2,0.0,0.9999999999999999,0.3,0.08,0.14326647564469913,0.2625162804590372,0.2625162804590372
339,0.9034531985911388,0.5050186275716362,0.9019578799481905,0.5049310963721878,0.23726716252825136,0.5041399688279609,0.47564469914040114,0.35705073959968064,0.35435458954254545,0.08022922636103152,0.4742857142857143,0.35888773748653857,0.35619929071528106,0.08285714285714285,0.12034383954154727,0.13714285714285715,0.002857142857142857,47.871428571428574,0.25787965616045844,0.0,2.5928696575741675e-18,0.0907730446074764,11.736389684813753,0.06070396022633047,0.11432739807339232,0.18642237613579826,0.08022922636103152,0,0.20034041046354828,0.2716468691503628,6.762415138380482,0.8296943602626163,0.0,1.0,0.0,0.2,0.0,0.9999999999999999,0.3,0.08,0.12034383954154727,0.2621407920452661,0.2621407920452661
340,0.9032296056774929,0.5048017028137591,0.9017349258714408,0.5047082809278686,0.23726716252825136,0.504058573200825,0.44126074498567336,0.35705073959968064,0.35435458954254545,0.08022922636103152,0.44,0.35888773748653857,0.35619929071528106,0.08285714285714285,0.12893982808022922,0.14857142857142858,0.002857142857142857,48.01714285714286,0.2636103151862464,0.0,2.600049731356127e-18,0.09058084374372322,11.736389684813753,0.05888284141954055,0.11109568625078814,0.18532970485172434,0.08022922636103152,0,0.201252279839802,0.27028863480461096,6.775738264184302,0.813100473057364,0.0,1.0,0.0,0.2,0.0,0.9999999999999999,0.3,0.08,0.12893982808022922,0.2617765682839081,0.2617765682839081
341,0.905298401631091,0.5043497323022512,0.9037978109794572,0.5042329291704233,0.23726716252825136,0.5039275027232181,0.4584527220630373,0.35693612641916483,0.354332480362643,0.08022922636103152,0.45714285714285713,0.3587734517722529,0.356177244704464,0.08285714285714285,0.1318051575931232,0.14,0.002857142857142857,48.14,0.2636103151862464,0.0,2.607132005310749e-18,0.09039440890588261,11.736389684813753,0.05711635617695433,0.10794965940854029,0.1842698137061726,0.08022922636103152,0,0.201217018440603,0.27923020366298695,6.780223498900616,0.8036888730794135,0.0,0.9795918367346939,0.0,0.2,0.0,0.9999999999999999,0.3,0.08,0.1318051575931232,0.2614232712353909,0.2614232712353909
342,0.9060248285046799,0.5049321702219568,0.904522162347693,0.5048473271331079,0.23726716252825136,0.5038410385080081,0.45272206303724927,0.35693612641916483,0.354332480362643,0.08022922636103152,0.4514285714285714,0.3587734517722529,0.356177244704464,0.08285714285714285,0.12034383954154727,0.13142857142857142,0.002857142857142857,48.28,0.2607449856733524,0.0,2.614114005387872e-18,0.0902135671131773,11.736389684813753,0.0554028654916457,0.10488737531141057,0.18324171929498742,0.08022922636103152,0,0.20081517638542362,0.277834052644672,6.776047600351176,0.7876150956178252,0.0,1.0,0.0,0.2,0.0,0.9999999999999999,0.3,0.08,0.12034383954154727,0.26108057309832916,0.26108057309832916
343,0.9054215090562147,0.504093222880556,0.9039205666690805,0.5040060501390901,0.23726716252825136,0.5036375996785627,0.44412607449856734,0.3568215132386491,0.3542465204772562,0.08022922636103152,0.44285714285714284,0.3586591660579672,0.3560915304187497,0.08285714285714285,0.1318051575931232,0.15428571428571428,0.002857142857142857,48.44285714285714,0.2607449856733524,0.0,2.6209935306185897e-18,0.09003815057425305,11.736389684813753,0.05374077952689633,0.10190691601565216,0.18224446771613778,0.08022922636103152,0,0.2009806762142108,0.2764448823814486,6.794812362629865,0.7852186505727602,0.0,0.9814814814814815,0.0,0.2,0.0,0.9999999999999999,0.3,0.08,0.1318051575931232,0.26074815590537925,0.26074815590537925
344,0.9048095968733153,0.5035780952738113,0.9033104028067037,0.5035160954245262,0.23726716252825136,0.5033389546674929,0.41260744985673353,0.3568215132386491,0.3542465204772562,0.08022922636103152,0.4114285714285714,0.3586591660579672,0.3560915304187497,0.08285714285714285,0.1174785100286533,0.12571428571428572,0.002857142857142857,48.57714285714286,0.2664756446991404,0.0,2.627768642150335e-18,0.08986799653149659,11.736389684813753,0.05212855614108944,0.0990063888857986,0.18127713368465365,0.08022922636103152,0,0.2004327728331397,0.2750626579695414,6.784630401091554,0.769514277561305,0.0,1.0,0.0,0.2,0.0,0.9999999999999999,0.3,0.08,0.1174785100286533,0.2604257112282179,0.2604257112282179
345,0.9054715227971086,0.5038185276588087,0.9039704375135718,0.5037815994608651,0.23726716252825136,0.502794073501567,0.4498567335243553,0.3567069000581333,0.35416056059186934,0.08022922636103152,0.44857142857142857,0.3585448803436815,0.35600581613303545,0.08285714285714285,0.13753581661891118,0.15714285714285714,0.002857142857142857,48.73142857142857,0.2693409742120344,0.0,2.6344376521641702e-18,0.0897029471100228,11.736389684813753,0.05056469945685675,0.09618392749922455,0.18033881967411405,0.08022922636103152,0,0.20051546682611687,0.27368734467969363,6.8060806502125795,0.7696048639379085,0.0,0.9818181818181818,0.0,0.2,0.0,0.9999999999999999,0.3,0.08,0.13753581661891118,0.26011293989137135,0.26011293989137135
346,0.9045518812952369,0.5040416842110835,0.9030534235588483,0.5039939025255665,0.23726716252825136,0.5023433748320633,0.48424068767908307,0.3567069000581333,0.35416056059186934,0.08022922636103152,0.4828571428571429,0.3585448803436815,0.35600581613303545,0.08285714285714285,0.1318051575931232,0.15142857142857144,0.002857142857142857,48.89714285714286,0.27507163323782235,0.0,2.6409991127386574e-18,0.08954284917119325,11.736389684813753,0.04904775847315105,0.09343769244496569,0.1794286550838906,0.08022922636103152,0,0.200140890206272,0.27231890795629515,6.821387608636899,0.7542127666591503,0.0,1.0,0.0,0.2,0.0,0.9999999999999999,0.3,0.08,0.1318051575931232,0.2598095516946302,0.2598095516946302
347,0.9043713726692407,0.5042249101603715,0.9028734306717835,0.5041293324410685,0.23726716252825136,0.5018838569820814,0.4670487106017192,0.3567069000581333,0.35416056059186934,0.08022922636103152,0.4657142857142857,0.3585448803436815,0.35600581613303545,0.08285714285714285,0.1318051575931232,0.14857142857142858,0.002857142857142857,49.097142857142856,0.2664756446991404,0.0,2.6474518047181604e-18,0.08938755417052856,11.736389684813753,0.047576325718956515,0.09076587202303954,0.1785457954313739,0.08022922636103152,0,0.19968290004095496,0.2709573134165137,6.8335312850355905,0.7391285113259672,0.0,1.0,0.0,0.2,0.0,0.9999999999999999,0.3,0.08,0.1318051575931232,0.2595152651437913,0.2595152651437913
348,0.9050271030122531,0.5038553145336243,0.9035272874995303,0.5037358128185275,0.23726716252825136,0.5016856546694201,0.44412607449856734,0.3567069000581333,0.35416056059186934,0.08022922636103152,0.44285714285714284,0.3585448803436815,0.35600581613303545,0.08285714285714285,0.12607449856733524,0.15142857142857144,0.002857142857142857,49.24,0.2664756446991404,0.0,2.6537947266372244e-18,0.08923691801988377,11.736389684813753,0.04614903594738782,0.08816668285025797,0.17768942156843268,0.08022922636103152,0,0.19925562839789304,0.2696025268494311,6.8482892307634495,0.7243459410994479,0.0,1.0,0.0,0.2,0.0,0.9999999999999999,0.3,0.08,0.12607449856733524,0.2592298071894776,0.2592298071894776
349,0.9054172713648219,0.5032793118536663,0.9039163410853773,0.5031546006828015,0.23726716252825136,0.5013779094742741,0.4670487106017192,0.3567069000581333,0.35416056059186934,0.08022922636103152,0.4657142857142857,0.3585448803436815,0.35600581613303545,0.08285714285714285,0.11174785100286533,0.13428571428571429,0.002857142857142857,49.425714285714285,0.2693409742120344,0.0,2.660027083746854e-18,0.08909080095375842,11.736389684813753,0.044764564868966183,0.08563837037828248,0.1768587389213797,0.08022922636103152,0,0.19877349311304646,0.268254514215184,6.845609160433895,0.709859022277459,0.0,1.0,0.0,0.2,0.0,0.9999999999999999,0.3,0.08,0.11174785100286533,0.25895291297379325,0.25895291297379325
350,0.9048533888317196,0.5037938739705481,0.9033540696452269,0.5037322720346437,0.23726716252825136,0.5010659622942345,0.49283667621776506,0.3567069000581333,0.35416056059186934,0.08022922636103152,0.49142857142857144,0.3585448803436815,0.35600581613303545,0.08285714285714285,0.12893982808022922,0.13714285714285715,0.002857142857142857,49.60285714285714,0.2693409742120344,0.0,2.666148277183067e-18,0.08894906739961674,11.736389684813753,0.043421627922897194,0.08317920932942868,0.17605297675373832,0.08022922636103152,0,0.1983789120760526,0.266913241644108,6.845839834368074,0.6956618418319098,0.0,1.0,0.0,0.2,0.0,0.9999999999999999,0.3,0.08,0.12893982808022922,0.25868432558457943,0.25868432558457943
351,0.9063871127855861,0.5040902483241436,0.9048834115306539,0.5040069267278986,0.23726716252825136,0.5008643591612549,0.49570200573065903,0.35647767369710176,0.3539886408210957,0.08022922636103152,0.4942857142857143,0.35831630891511007,0.3558343875616069,0.08285714285714285,0.12607449856733524,0.14,0.002857142857142857,49.76571428571429,0.2693409742120344,0.0,2.672157893313019e-18,0.08881158585209936,11.736389684813753,0.04211897908521028,0.08078750405548829,0.17527138745112616,0.08022922636103152,0,0.19881516037281521,0.26557867543588753,6.848923037680711,0.7291952366992166,0.0,0.9591836734693877,0.0,0.2,0.0,0.9999999999999999,0.3,0.08,0.12607449856733524,0.25842379581704206,0.25842379581704206
352,0.9065287622377801,0.5041437047640019,0.9050246562701273,0.5040535031782337,0.23726716252825136,0.500630271355761,0.47564469914040114,0.35636306051658606,0.35390268093570887,0.08022922636103152,0.4742857142857143,0.35820202320082434,0.3557486732758926,0.08285714285714285,0.14326647564469913,0.16,0.002857142857142857,49.93142857142857,0.27507163323782235,0.0,2.6780556932892433e-18,0.0886782287510075,11.736389684813753,0.040855409712653966,0.07846158882460419,0.17451324582759237,0.08022922636103152,0,0.19887779885666546,0.26425078205870806,6.871944576927097,0.8523878567699286,0.0,0.9821428571428571,0.0,0.2,0.0,0.9999999999999999,0.3,0.08,0.14326647564469913,0.2581710819425308,0.2581710819425308
353,0.9069105130191457,0.5039097542115553,0.9054053163349748,0.5038308250100539,0.23726716252825136,0.5003329560195292,0.4813753581661891,0.35624844733607025,0.353816721050322,0.08022922636103152,0.48,0.3580877374865386,0.3556629589901783,0.08285714285714285,0.11461318051575932,0.12857142857142856,0.002857142857142857,50.08,0.2664756446991404,0.0,2.6838416028382072e-18,0.0885488723629484,11.736389684813753,0.03962974742127435,0.07619982804100356,0.17377784845276462,0.08022922636103152,0,0.19874055271952495,0.2629295281484145,6.863077113959984,0.8518709412658545,0.0,0.9777777777777777,0.0,0.2,0.0,0.9999999999999999,0.3,0.08,0.11461318051575932,0.25792594948425485,0.25792594948425485
354,0.9062944057547142,0.502879555810628,0.9047909693770131,0.5027631075580229,0.23726716252825136,0.4999777182743122,0.504297994269341,0.35624844733607025,0.353816721050322,0.08022922636103152,0.5028571428571429,0.3580877374865386,0.3556629589901783,0.08285714285714285,0.09742120343839542,0.11714285714285715,0.002857142857142857,50.23142857142857,0.2693409742120344,0.0,2.6895157023053543e-18,0.08842339666653108,11.736389684813753,0.038440854998636115,0.07400061640217215,0.17306451299918166,0.08022922636103152,0,0.19826070709878446,0.26161488050767245,6.84295842882364,0.8348335224405374,0.0,1.0,0.0,0.2,0.0,0.9999999999999999,0.3,0.08,0.09742120343839542,0.25768817099972724,0.25768817099972724
355,0.9061056080866542,0.5026707497143683,0.9046027111308617,0.5026107411204476,0.23726716252825136,0.4994063543781952,0.48424068767908307,0.3561338341555545,0.35373076116493524,0.08022922636103152,0.4828571428571429,0.35797345177225287,0.35557724470446406,0.08285714285714285,0.12034383954154727,0.12571428571428572,0.002857142857142857,50.43142857142857,0.2693409742120344,0.0,2.695078216975092e-18,0.08830168524100625,11.736389684813753,0.03728762934867703,0.07186237899783066,0.1723725776092062,0.08022922636103152,0,0.19821168999186195,0.26030680610513407,6.831813545961455,0.8338519548687298,0.0,0.9772727272727273,0.0,0.2,0.0,0.9999999999999999,0.3,0.08,0.12034383954154727,0.2574575258697354,0.2574575258697354
356,0.9053964199287261,0.5028944903995011,0.9038955492248134,0.5028159631418464,0.23726716252825136,0.49883178828188224,0.4813753581661891,0.35601922097503874,0.3536448012795485,0.08022922636103152,0.48,0.3578591660579672,0.35549153041874976,0.08285714285714285,0.11174785100286533,0.12285714285714286,0.002857142857142857,50.55142857142857,0.2664756446991404,0.0,2.7005295076807903e-18,0.08818362515824718,11.736389684813753,0.036169000468216715,0.06978357135486657,0.17170140028093003,0.08022922636103152,0,0.19813434654190265,0.2723908979293961,6.818034417899368,0.8745784801790474,0.0,0.9767441860465116,0.0,0.2,0.0,0.9999999999999999,0.3,0.08,0.11174785100286533,0.25723380009364333,0.25723380009364333
357,0.9052956098089753,0.5032680639243682,0.9037950271339761,0.5031748121848878,0.23726716252825136,0.4982220149683337,0.5100286532951289,0.35601922097503874,0.3536448012795485,0.08022922636103152,0.5085714285714286,0.3578591660579672,0.35549153041874976,0.08285714285714285,0.14040114613180515,0.14857142857142858,0.002857142857142857,50.73142857142857,0.2664756446991404,0.0,2.7058700617168287e-18,0.08806910687797087,11.736389684813753,0.035083930454170215,0.06776267943216419,0.17105035827250212,0.08022922636103152,0,0.1982117833864832,0.2710289434397491,6.830245158112809,0.8570869105754665,0.0,1.0,0.0,0.2,0.0,0.9999999999999999,0.3,0.08,0.14040114613180515,0.25701678609083406,0.25701678609083406
358,0.9047336392438774,0.502706294171282,0.9032346621990642,0.5026209703820421,0.23726716252825136,0.4978507383473287,0.5071633237822349,0.35578999461400723,0.3534728815087748,0.08022922636103152,0.5057142857142857,0.3576305946293957,0.3553201018473212,0.08285714285714285,0.09169054441260745,0.1,0.002857142857142857,50.90857142857143,0.2693409742120344,0.0,2.7111004840618546e-18,0.08795802414610286,11.736389684813753,0.034031412540545106,0.06579821956907816,0.17041884752432707,0.08022922636103152,0,0.19839215304097937,0.28276849394556514,6.793640254950552,0.8707503401825814,0.0,0.9428571428571428,0.0,0.2,0.0,0.9999999999999999,0.3,0.08,0.09169054441260745,0.256806282508109,0.256806282508109
359,0.905215195349462,0.5023812522468657,0.9037148424300614,0.5022932616273118,0.23726716252825136,0.4974063659145886,0.4269340974212034,0.3556753814334915,0.35338692162338803,0.08022922636103152,0.4257142857142857,0.35751630891511005,0.3552343875616069,0.08285714285714285,0.11174785100286533,0.11714285714285715,0.002857142857142857,51.03142857142857,0.2722063037249284,0.0,2.7162214889199688e-18,0.08785027389619085,11.736389684813753,0.03301047016432875,0.06388873839110187,0.16980628209859724,0.08022922636103152,0,0.19839933513291733,0.2813546514758373,6.774910306994397,0.8698972180084482,0.0,0.975609756097561,0.0,0.2,0.0,0.9999999999999999,0.3,0.08,0.11174785100286533,0.25660209403286577,0.25660209403286577
360,0.9050796800714562,0.5025054811261317,0.9035797143385642,0.5024107051751686,0.23726716252825136,0.49703058432682834,0.45558739255014324,0.3556753814334915,0.35338692162338803,0.08022922636103152,0.4542857142857143,0.35751630891511005,0.3552343875616069,0.08285714285714285,0.12320916905444126,0.14,0.002857142857142857,51.214285714285715,0.27507163323782235,0.0,2.721233891584212e-18,0.08774575615377625,11.736389684813753,0.03202015605939889,0.062032812676094284,0.16921209363563933,0.08022922636103152,0,0.19803505345725275,0.2799478782184581,6.77941210085451,0.8524992736482793,0.0,1.0,0.0,0.2,0.0,0.9999999999999999,0.3,0.08,0.12320916905444126,0.25640403121187977,0.25640403121187977
361,0.9065297715866703,0.502924920525893,0.9050256627351633,0.5027848980107085,0.23726716252825136,0.4966213198690143,0.4699140401146132,0.3555607682529757,0.3533009617380012,0.08022922636103152,0.4685714285714286,0.35740202320082437,0.3551486732758926,0.08285714285714285,0.10315186246418338,0.11142857142857143,0.002857142857142857,51.36,0.2722063037249284,0.0,2.726138600624751e-18,0.0876443739436341,11.736389684813753,0.03105955137761692,0.060229049184251204,0.16863573082657016,0.08022922636103152,0,0.1979018781899665,0.27854813882736584,6.755252430265991,0.8542709584100077,0.0,0.9743589743589743,0.0,0.2,0.0,0.9999999999999999,0.3,0.08,0.10315186246418338,0.25621191027552337,0.25621191027552337
362,0.9071189547678279,0.5031507671457954,0.9056131625358035,0.5030226558998542,0.23726716252825136,0.49621707438219387,0.42120343839541546,0.3555607682529757,0.3533009617380012,0.08022922636103152,0.42,0.35740202320082437,0.3551486732758926,0.08285714285714285,0.1346704871060172,0.14285714285714285,0.002857142857142857,51.54857142857143,0.27507163323782235,0.0,2.7309366104023002e-18,0.08754603319979617,11.736389684813753,0.030127764836288415,0.05847608445482888,0.16807665890177304,0.08022922636103152,0,0.19751179737044522,0.27715539813322904,6.763004524517815,0.8371855392418075,0.0,1.0,0.0,0.2,0.0,0.9999999999999999,0.3,0.08,0.1346704871060172,0.2560255529672577,0.2560255529672577
363,0.9062114970958218,0.5025736009049676,0.904708297600003,0.5024329811359461,0.23726716252825136,0.4959513117944931,0.4813753581661891,0.3554461550724599,0.3532150018526144,0.08022922636103152,0.48,0.35728773748653864,0.3550629589901783,0.08285714285714285,0.12034383954154727,0.12285714285714286,0.002857142857142857,51.66285714285714,0.2722063037249284,0.0,2.735628993905743e-18,0.08745064267827342,11.736389684813753,0.02922393189119976,0.05677258457246703,0.16753435913471984,0.08022922636103152,0,0.19735280981216444,0.27576962114256287,6.750601576884601,0.8565916681846395,0.0,0.9767441860465116,0.0,0.2,0.0,0.9999999999999999,0.3,0.08,0.12034383954154727,0.25584478637823993,0.25584478637823993
364,0.9064329757267124,0.5016389246291292,0.9049291434348052,0.5014798191726046,0.23726716252825136,0.4958673659479397,0.45558739255014324,0.3553888484822021,0.3531720219099209,0.08022922636103152,0.4542857142857143,0.35723059462939577,0.3550201018473212,0.08285714285714285,0.09169054441260745,0.09428571428571429,0.002857142857142857,51.77142857142857,0.27507163323782235,0.0,2.7402168959114826e-18,0.08735811387239631,11.736389684813753,0.028347213934463766,0.05511724490579173,0.16700832836067825,0.08022922636103152,0,0.19713733147738932,0.27439077303685006,6.709875259632623,0.8921737198142963,0.0,0.9696969696969697,0.0,0.2,0.0,0.9999999999999999,0.3,0.08,0.09169054441260745,0.25566944278689274,0.25566944278689274
365,0.9062097839981681,0.5016280197722177,0.904706589396914,0.5014405608782965,0.23726716252825136,0.49589646480286986,0.501432664756447,0.3552742353016863,0.3530860620245341,0.08022922636103152,0.5,0.3571163089151101,0.3549343875616069,0.08285714285714285,0.10028653295128939,0.11142857142857143,0.002857142857142857,51.925714285714285,0.2722063037249284,0.0,2.7447015264608197e-18,0.08726836093069555,11.736389684813753,0.027496797516429854,0.053508789820830516,0.1664980785098579,0.08022922636103152,0,0.1972067919592881,0.2730188191716658,6.687106325868543,0.8896076685136375,0.0,0.9743589743589743,0.0,0.2,0.0,0.9999999999999999,0.3,0.08,0.10028653295128939,0.25549935950328595,0.25549935950328595
366,0.9069627467439129,0.5017301319895077,0.9054574008205283,0.5015284740564847,0.23726716252825136,0.4959137680868499,0.504297994269341,0.3551596221211706,0.3530001021391473,0.08022922636103152,0.5028571428571429,0.3570020232008243,0.3548486732758926,0.08285714285714285,0.12607449856733524,0.14,0.002857142857142857,52.09142857142857,0.2693409742120344,0.0,2.749084154650573e-18,0.08718130057724581,11.736389684813753,0.026671893590936958,0.05194597237162091,0.16600313615456216,0.08022922636103152,0,0.1981435872220583,0.2716537250758075,6.693364199351171,0.9052736794004519,0.0,0.9795918367346939,0.0,0.2,0.0,0.9999999999999999,0.3,0.08,0.12607449856733524,0.25533437871818737,0.25533437871818737
367,0.906358999572801,0.5024580731210796,0.9048553786413335,0.5022399891130467,0.23726716252825136,0.49579932601451343,0.4498567335243553,0.3551596221211706,0.3530001021391473,0.08022922636103152,0.44857142857142857,0.3570020232008243,0.3548486732758926,0.08285714285714285,0.10601719197707736,0.11714285714285715,0.002857142857142857,52.22,0.2664756446991404,0.0,2.7533661027312364e-18,0.08709685203439954,11.736389684813753,0.025871736783208848,0.050427573970253325,0.1655230420699253,0.08022922636103152,0,0.19763801285737662,0.27029545645042846,6.676639772507004,0.8871682058124428,0.0,1.0,0.0,0.2,0.0,0.9999999999999999,0.3,0.08,0.10601719197707736,0.2551743473566418,0.2551743473566418
368,0.9046359285722341,0.501967141117526,0.9031372307007685,0.5016913117548184,0.23726716252825136,0.49594953831129784,0.44412607449856734,0.3551596221211706,0.3530001021391473,0.08022922636103152,0.44285714285714284,0.3570020232008243,0.3548486732758926,0.08285714285714285,0.1174785100286533,0.12571428571428572,0.002857142857142857,52.37428571428571,0.2664756446991404,0.0,2.7575487405061833e-18,0.08701493694783867,11.736389684813753,0.025095584679712582,0.048952404038457686,0.16505735080782755,0.08022922636103152,0,0.19716367993594686,0.2689439791681763,6.66882126277115,0.8694248416961939,0.0,1.0,0.0,0.2,0.0,0.9999999999999999,0.3,0.08,0.1174785100286533,0.25501911693594254,0.25501911693594254
369,0.9042069428850885,0.502216949057072,0.9027094706870147,0.5019301480805926,0.23726716252825136,0.49610278495162136,0.42120343839541546,0.3551596221211706,0.3530001021391473,0.08022922636103152,0.42,0.3570020232008243,0.3548486732758926,0.08285714285714285,0.11461318051575932,0.11714285714285715,0.002857142857142857,52.52285714285714,0.2693409742120344,0.0,2.761633480024737e-18,0.08693547931387459,11.736389684813753,0.024342717139321204,0.04751929964270851,0.1646056302835927,0.08022922636103152,0,0.19666300510769572,0.2675992592723354,6.652587694658585,0.8520363448622701,0.0,1.0,0.0,0.2,0.0,0.9999999999999999,0.3,0.08,0.11461318051575932,0.25486854342786425,0.25486854342786425
370,0.9045883727039195,0.5025769563947734,0.9030898107063636,0.5022564009901458,0.23726716252825136,0.4963751867228757,0.4813753581661891,0.3551596221211706,0.3530001021391473,0.08022922636103152,0.48,0.3570020232008243,0.3548486732758926,0.08285714285714285,0.10601719197707736,0.11428571428571428,0.002857142857142857,52.64857142857143,0.2607449856733524,0.0,2.7656217705614137e-18,0.08685840540892953,11.736389684813753,0.023612435625141568,0.04612712511470596,0.16416746137508492,0.08022922636103152,0,0.19619326222501432,0.26626126297597374,6.633821655051126,0.8349956179650246,0.0,1.0,0.0,0.2,0.0,0.9999999999999999,0.3,0.08,0.10601719197707736,0.2547224871250283,0.2547224871250283
371,0.9058341436805476,0.5027525377856508,0.9043320223373439,0.5024689361562295,0.23726716252825136,0.4966784797720693,0.4326647564469914,0.3551596221211706,0.3530001021391473,0.08022922636103152,0.43142857142857144,0.3570020232008243,0.3548486732758926,0.08285714285714285,0.09455587392550144,0.11142857142857143,0.002857142857142857,52.777142857142856,0.25501432664756446,0.0,2.7695150938731467e-18,0.08678364372113272,11.736389684813753,0.02290406255638732,0.04477477165897081,0.16374243753383239,0.08022922636103152,0,0.19618566459803435,0.26492995666109387,6.612573793378675,0.8182957056057242,0.0,1.0,0.0,0.2,0.0,0.9999999999999999,0.3,0.08,0.09455587392550144,0.25458081251127745,0.25458081251127745
372,0.9066863756952671,0.5026573926703799,0.9051818194034499,0.5023990038970303,0.23726716252825136,0.4969503671759261,0.46131805157593125,0.3551596221211706,0.3530001021391473,0.08022922636103152,0.46,0.3570020232008243,0.3548486732758926,0.08285714285714285,0.1174785100286533,0.12,0.002857142857142857,52.88,0.25501432664756446,0.0,2.773314959725999e-18,0.08671112488396984,11.736389684813753,0.0222169406796957,0.043461156949179625,0.16333016440781742,0.08022922636103152,0,0.19577473984290128,0.2636053068777884,6.600322317511101,0.8019297914936097,0.0,1.0,0.0,0.2,0.0,0.9999999999999999,0.3,0.08,0.1174785100286533,0.25444338813593914,0.25444338813593914
373,0.9077100668778743,0.5033084718287337,0.9062025857541066,0.5030693205911333,0.23726716252825136,0.4971307283970853,0.45558739255014324,0.35504500894065477,0.35291414225376044,0.08022922636103152,0.4542857142857143,0.3568877374865386,0.3547629589901783,0.08285714285714285,0.10888252148997135,0.12571428571428572,0.002857142857142857,53.002857142857145,0.2521489971346705,0.0,2.7770229016825543e-18,0.08664078161192189,11.736389684813753,0.021550432459304828,0.042185224714760716,0.1629302594755829,0.08022922636103152,0,0.1961480577530904,0.2710854566386278,6.594030156875165,0.7922492488776922,0.0,0.9772727272727273,0.0,0.2,0.0,0.9999999999999999,0.3,0.08,0.10888252148997135,0.254310086491861,0.254310086491861
374,0.9084880277636804,0.5020589841299478,0.9069783238945249,0.5018138425554239,0.23726716252825136,0.49726585863723516,0.498567335243553,0.354930395760139,0.3528281823683736,0.08022922636103152,0.49714285714285716,0.35677345177225295,0.35467724470446405,0.08285714285714285,0.14040114613180515,0.15428571428571428,0.002857142857142857,53.16571428571429,0.2521489971346705,0.0,2.7806404731409894e-18,0.08657254863803533,11.736389684813753,0.020903919485525682,0.040945944319172756,0.1625423516913154,0.08022922636103152,0,0.1970621459726059,0.2697300293554346,6.616435268023376,0.8160636622230589,0.0,0.9814814814814815,0.0,0.2,0.0,0.9999999999999999,0.3,0.08,0.14040114613180515,0.25418078389710513,0.25418078389710513
375,0.908769932392329,0.5020387997788178,0.9072594230813773,0.5017732176450004,0.23726716252825136,0.4971563560788754,0.4699140401146132,0.354930395760139,0.3528281823683736,0.08022922636103152,0.4685714285714286,0.35677345177225295,0.35467724470446405,0.08285714285714285,0.1174785100286533,0.12285714285714286,0.002857142857142857,53.32,0.2521489971346705,0.0,2.7841692436167257e-18,0.08650636265336539,11.736389684813753,0.02027680190095991,0.03974231033118736,0.16216608114057593,0.08022922636103152,0,0.1968129209257956,0.26838137920865746,6.60696370552005,0.7997423889785977,0.0,1.0,0.0,0.2,0.0,0.9999999999999999,0.3,0.08,0.1174785100286533,0.254055360380192,0.254055360380192
376,0.9091886655140716,0.5016449639661762,0.9076769598227722,0.5013786818011585,0.23726716252825136,0.4970849467127612,0.4383954154727794,0.354930395760139,0.3528281823683736,0.08022922636103152,0.43714285714285717,0.35677345177225295,0.35467724470446405,0.08285714285714285,0.14326647564469913,0.15428571428571428,0.002857142857142857,53.44571428571429,0.2521489971346705,0.0,2.787610795257441e-18,0.08644216224823553,11.736389684813753,0.019668497843931113,0.03857334209041252,0.16180109870635867,0.08022922636103152,0,0.19645685632116666,0.26703947231261416,6.629110145695365,0.7837475411990258,0.0,1.0,0.0,0.2,0.0,0.9999999999999999,0.3,0.08,0.14326647564469913,0.2539336995687862,0.2539336995687862
377,0.9081784191989952,0.5018158655007213,0.9066695999257386,0.5015517872461963,0.23726716252825136,0.4969085617607665,0.504297994269341,0.354930395760139,0.3528281823683736,0.08022922636103152,0.5028571428571429,0.35677345177225295,0.35467724470446405,0.08285714285714285,0.14326647564469913,0.16285714285714287,0.002857142857142857,53.64,0.2492836676217765,0.0,2.7909667195822554e-18,0.0863798878552596,11.736389684813753,0.01907844290861318,0.03743808326820253,0.1614470657451679,0.08022922636103152,0,0.19672183840812474,0.26570427495105114,6.6593850856386,0.7680725903750453,0.0,1.0,0.0,0.2,0.0,0.9999999999999999,0.3,0.08,0.14326647564469913,0.25381568858172265,0.25381568858172265
378,0.9094769481866783,0.5018297245109347,0.9079644188306,0.5015771644942119,0.23726716252825136,0.49694538716951425,0.46418338108882523,0.35481578257962326,0.35274222248298687,0.08022922636103152,0.46285714285714286,0.3566591660579672,0.35459153041874975,0.08285714285714285,0.1174785100286533,0.12857142857142856,0.002857142857142857,53.808571428571426,0.24641833810888253,0.0,2.7942386144358782e-18,0.0863194816940729,11.736389684813753,0.018506089621354783,0.03633560142501968,0.16110365377281285,0.08022922636103152,0,0.196652087073227,0.26437575357629584,6.654768812497257,0.7610970235028378,0.0,0.9777777777777777,0.0,0.2,0.0,0.9999999999999999,0.3,0.08,0.1174785100286533,0.25370121792427097,0.25370121792427097
379,0.9094541945703185,0.5018218076568477,0.9079417302245726,0.5015233480184007,0.23726716252825136,0.4968111368654032,0.504297994269341,0.35481578257962326,0.35274222248298687,0.08022922636103152,0.5028571428571429,0.3566591660579672,0.35459153041874975,0.08285714285714285,0.1318051575931232,0.15142857142857144,0.002857142857142857,53.97428571428571,0.24641833810888253,0.0,2.797428081148625e-18,0.08626088771772186,11.736389684813753,0.01795090693271414,0.03526498756523999,0.1607705441596285,0.08022922636103152,0,0.19638225520928942,0.2630538748084144,6.673102007675882,0.7458750830327812,0.0,1.0,0.0,0.2,0.0,0.9999999999999999,0.3,0.08,0.1318051575931232,0.2535901813865428,0.2535901813865428
380,0.911085410303471,0.5032362844055739,0.9095682853413445,0.5029332025565808,0.23726716252825136,0.4967445586057,0.46418338108882523,0.35481578257962326,0.35274222248298687,0.08022922636103152,0.46285714285714286,0.3566591660579672,0.35459153041874975,0.08285714285714285,0.09742120343839542,0.10571428571428572,0.002857142857142857,54.14,0.2492836676217765,0.0,2.800536721893272e-18,0.08620405156066129,11.736389684813753,0.017412379724732717,0.03422535569031393,0.16044742783483962,0.08022922636103152,0,0.19585720107610013,0.26173860543437233,6.6453542532366505,0.7309575813721254,0.0,1.0,0.0,0.2,0.0,0.9999999999999999,0.3,0.08,0.09742120343839542,0.25348247594494655,0.25348247594494655
381,0.9116494628088847,0.5035035625301839,0.9101307262681714,0.5032078668035946,0.23726716252825136,0.49665262710228564,0.45272206303724927,0.35481578257962326,0.35274222248298687,0.08022922636103152,0.4514285714285714,0.3566591660579672,0.35459153041874975,0.08285714285714285,0.12893982808022922,0.13428571428571429,0.002857142857142857,54.308571428571426,0.2492836676217765,0.0,2.8035661372298844e-18,0.08614892048831257,11.736389684813753,0.016890008332990734,0.033215842351134284,0.16013400499979444,0.08022922636103152,0,0.1954487722135768,0.2604299124072005,6.646732882457631,0.7163384297446829,0.0,1.0,0.0,0.2,0.0,0.9999999999999999,0.3,0.08,0.12893982808022922,0.25337800166659813,0.25337800166659813
382,0.9109254252795336,0.5037727530819236,0.9094087574174757,0.503452236023824,0.23726716252825136,0.4964673539070472,0.504297994269341,0.354471943038076,0.3524843428268264,0.08022922636103152,0.5028571428571429,0.35631630891511007,0.35433438756160685,0.08285714285714285,0.14613180515759314,0.15428571428571428,0.002857142857142857,54.49142857142857,0.2521489971346705,0.0,2.8065179238298907e-18,0.08609544334813433,11.736389684813753,0.01638330808300101,0.032235606200388345,0.1598299848498006,0.08022922636103152,0,0.19644181549536605,0.27350814903302356,6.668083939094194,0.8662196954791667,0.0,0.9444444444444444,0.0,0.2,0.0,0.9999999999999999,0.3,0.08,0.14613180515759314,0.25327666161660023,0.25327666161660023
383,0.9108838289323623,0.5044529510054026,0.9093672799170106,0.5041284057401508,0.23726716252825136,0.4961250408774077,0.44412607449856734,0.354471943038076,0.3524843428268264,0.08022922636103152,0.44285714285714284,0.35631630891511007,0.35433438756160685,0.08285714285714285,0.12893982808022922,0.14857142857142858,0.002857142857142857,54.66571428571429,0.2521489971346705,0.0,2.8093936723708582e-18,0.0860435705221614,11.736389684813753,0.01589180884051098,0.03128382754561865,0.15953508530430657,0.08022922636103152,0,0.19603074927503206,0.27214060828785847,6.6832936888837375,0.8488953015695834,0.0,1.0,0.0,0.2,0.0,0.9999999999999999,0.3,0.08,0.12893982808022922,0.2531783617681022,0.2531783617681022
384,0.9107276827542697,0.5039330479495409,0.9092115798708552,0.5036326520634592,0.23726716252825136,0.4959063589005918,0.45272206303724927,0.35435732985756024,0.35239838294143955,0.08022922636103152,0.4514285714285714,0.35620202320082434,0.3542486732758926,0.08285714285714285,0.1489971346704871,0.15714285714285714,0.002857142857142857,54.857142857142854,0.25787965616045844,0.0,2.812194965593669e-18,0.08599325388096768,11.736389684813753,0.01541505457529565,0.030359707903652278,0.15924903274517738,0.08022922636103152,0,0.19730745267151406,0.27077990524641915,6.706770672248921,0.8410675394390923,0.0,0.9818181818181818,0.0,0.2,0.0,0.9999999999999999,0.3,0.08,0.1489971346704871,0.25308301091505914,0.25308301091505914
385,0.9096065898762142,0.5039464817203666,0.9080936901153086,0.5036563241043738,0.23726716252825136,0.4957591330650796,0.4785100286532951,0.35435732985756024,0.35239838294143955,0.08022922636103152,0.47714285714285715,0.35620202320082434,0.3542486732758926,0.08285714285714285,0.1518624641833811,0.17142857142857143,0.002857142857142857,55.0,0.25501432664756446,0.0,2.8149233765139264e-18,0.08594444673900976,11.736389684813753,0.01495260293803678,0.029462469557007154,0.15897156176282207,0.08022922636103152,0,0.19857450346115943,0.2694260057201871,6.744063830232512,0.8242461886503105,0.0,1.0,0.0,0.2,0.0,0.9999999999999999,0.3,0.08,0.1518624641833811,0.25299052058760735,0.25299052058760735
386,0.9102898586165417,0.5036354239249762,0.9087750066592352,0.5033275712009843,0.23726716252825136,0.4957609230228357,0.4785100286532951,0.3542427166770445,0.3523124230560527,0.08022922636103152,0.47714285714285715,0.3560877374865386,0.35416295899017836,0.08285714285714285,0.1518624641833811,0.16,0.002857142857142857,55.17142857142857,0.25787965616045844,0.0,2.8175804667797498e-18,0.08589710381131056,11.736389684813753,0.014504024849895677,0.02859135511283384,0.1587024149099374,0.08022922636103152,0,0.19986705951528222,0.26807887569158617,6.7691825536278625,0.8300400862610904,0.0,0.9821428571428571,0.0,0.2,0.0,0.9999999999999999,0.3,0.08,0.1518624641833811,0.25290080496997913,0.25290080496997913
387,0.9099274860826901,0.5033203011361926,0.9084136694754803,0.5030134174560584,0.23726716252825136,0.49593013900417227,0.48424068767908307,0.3542427166770445,0.3523124230560527,0.08022922636103152,0.4828571428571429,0.3560877374865386,0.35416295899017836,0.08285714285714285,0.14613180515759314,0.16285714285714287,0.002857142857142857,55.357142857142854,0.2607449856733524,0.0,2.8201677851682706e-18,0.0858511811714424,11.736389684813753,0.014068904104398806,0.02774562706489825,0.15844134246263927,0.08022922636103152,0,0.20032458136056294,0.2667384813131283,6.796656045412448,0.8134392845358686,0.0,1.0,0.0,0.2,0.0,0.9999999999999999,0.3,0.08,0.14613180515759314,0.25281378082087974,0.25281378082087974
388,0.908621216939824,0.5035761602016896,0.9071111325301653,0.503304208970821,0.23726716252825136,0.496064326642512,0.5186246418338109,0.3542427166770445,0.3523124230560527,0.08022922636103152,0.5171428571428571,0.3560877374865386,0.35416295899017836,0.08285714285714285,0.1346704871060172,0.14285714285714285,0.002857142857142857,55.55428571428571,0.25787965616045844,0.0,2.8226868662134385e-18,0.08580663621077021,11.736389684813753,0.013646836981266841,0.02692456735907056,0.1581881021887601,0.08022922636103152,0,0.19997973452940415,0.2654047889065626,6.8035800673613425,0.7971704988451512,0.0,1.0,0.0,0.2,0.0,0.9999999999999999,0.3,0.08,0.1346704871060172,0.25272936739625335,0.25272936739625335
389,0.9086314340601894,0.5026512223104416,0.9071213204587582,0.5023626276374445,0.23726716252825136,0.4962093506423165,0.49283667621776506,0.3540134903160129,0.3521405032852791,0.08022922636103152,0.49142857142857144,0.35585916605796714,0.35399153041874976,0.08285714285714285,0.11461318051575932,0.14,0.002857142857142857,55.72,0.25787965616045844,0.0,2.8251392289579833e-18,0.08576342759891821,11.736389684813753,0.013237431871828836,0.026127476962740204,0.1579424591230973,0.08022922636103152,0,0.2005779822817571,0.2640777649620298,6.807508466014115,0.8754924316878263,0.0,0.9591836734693877,0.0,0.2,0.0,0.9999999999999999,0.3,0.08,0.11461318051575932,0.2526474863743658,0.2526474863743658
390,0.9094042688220201,0.5022684875579182,0.9078919471212692,0.5020116436385383,0.23726716252825136,0.49632366838019215,0.5071633237822349,0.3539561837257551,0.35209752334258565,0.08022922636103152,0.5057142857142857,0.3558020232008243,0.3539486732758926,0.08285714285714285,0.14326647564469913,0.15428571428571428,0.002857142857142857,55.94285714285714,0.2636103151862464,0.0,2.8275263758226165e-18,0.08572151524542182,11.736389684813753,0.01284030891567397,0.025353675438536172,0.15770418534940436,0.08022922636103152,0,0.20123360391163617,0.26943663034665977,6.825644010979546,0.9233388650349833,0.0,0.9814814814814815,0.0,0.2,0.0,0.9999999999999999,0.3,0.08,0.14326647564469913,0.2525680617831348,0.2525680617831348
391,0.9091491286579033,0.5021966904274181,0.9076375359290498,0.5019411113922885,0.23726716252825136,0.49644339983574987,0.46131805157593125,0.3539561837257551,0.35209752334258565,0.08022922636103152,0.46,0.3558020232008243,0.3539486732758926,0.08285714285714285,0.16332378223495703,0.18,0.002857142857142857,56.15714285714286,0.25787965616045844,0.0,2.829849791585841e-18,0.08568086026253026,11.736389684813753,0.012455099648203752,0.02460250052269808,0.15747305978892223,0.08022922636103152,0,0.20094115017779232,0.26808944719492644,6.869131130759954,0.9048720877342836,0.0,1.0,0.0,0.2,0.0,0.9999999999999999,0.3,0.08,0.16332378223495703,0.25249101992964074,0.25249101992964074
392,0.9108051994296082,0.5024143134824932,0.9092888750699786,0.5021314930405376,0.23726716252825136,0.4966445734903224,0.4871060171919771,0.3539561837257551,0.35209752334258565,0.08022922636103152,0.4857142857142857,0.3558020232008243,0.3539486732758926,0.08285714285714285,0.12893982808022922,0.14,0.002857142857142857,56.39142857142857,0.2607449856733524,0.0,2.83211094246797e-18,0.08564142492912542,11.736389684813753,0.01208144665875764,0.023873307708403013,0.1572488679952546,0.08022922636103152,0,0.2004505872840462,0.2667489999589518,6.871748508144756,0.8867746459795979,0.0,1.0,0.0,0.2,0.0,0.9999999999999999,0.3,0.08,0.12893982808022922,0.25241628933175153,0.25241628933175153
393,0.9113532505502139,0.5019099110628535,0.9098353603302394,0.5016256963055367,0.23726716252825136,0.49676220629687984,0.4469914040114613,0.3539561837257551,0.35209752334258565,0.08022922636103152,0.44571428571428573,0.3558020232008243,0.3539486732758926,0.08285714285714285,0.11461318051575932,0.11714285714285715,0.002857142857142857,56.605714285714285,0.25787965616045844,0.0,2.8343112753132175e-18,0.0856031726557228,11.736389684813753,0.01171900325899491,0.02316546983432588,0.15703140195539694,0.08022922636103152,0,0.19996219149048314,0.265415254959157,6.851456395124718,0.8690391530600059,0.0,1.0,0.0,0.2,0.0,0.9999999999999999,0.3,0.08,0.11461318051575932,0.25234380065179896,0.25234380065179896
394,0.9124554553494089,0.5018120862886704,0.9109344159728656,0.5014669741279972,0.23726716252825136,0.49676792747662923,0.4183381088825215,0.35372695736472354,0.3519256035718121,0.08022922636103152,0.41714285714285715,0.3555734517722529,0.35377724470446403,0.08285714285714285,0.1489971346704871,0.15714285714285714,0.002857142857142857,56.79714285714286,0.2636103151862464,0.0,2.83645221686399e-18,0.08556606795052224,11.736389684813753,0.011367433161225063,0.022478376678675915,0.15682045989673504,0.08022922636103152,0,0.20056081195803074,0.2709524629937071,6.871570124365081,0.8944898165947412,0.0,0.9636363636363636,0.0,0.2,0.0,0.9999999999999999,0.3,0.08,0.1489971346704871,0.252273486632245,0.252273486632245
395,0.9116235041616242,0.5015325431093184,0.9101048417884746,0.5011446852912868,0.23726716252825136,0.4968175106621922,0.45272206303724927,0.35372695736472354,0.3519256035718121,0.08022922636103152,0.4514285714285714,0.3555734517722529,0.35377724470446403,0.08285714285714285,0.11174785100286533,0.12285714285714286,0.002857142857142857,56.96857142857143,0.2607449856733524,0.0,2.8385351731217243e-18,0.08553007638647768,11.736389684813753,0.01102641016638831,0.02181143455892587,0.15661584609983298,0.08022922636103152,0,0.2002690249840619,0.2695977006787386,6.856995864734923,0.8766000202628463,0.0,1.0,0.0,0.2,0.0,0.9999999999999999,0.3,0.08,0.11174785100286533,0.2522052820332777,0.2522052820332777
396,0.9101527533525127,0.5022501110437139,0.9086382931245318,0.5018863633310984,0.23726716252825136,0.49699345552202845,0.3982808022922636,0.35372695736472354,0.3519256035718121,0.08022922636103152,0.39714285714285713,0.3555734517722529,0.35377724470446403,0.08285714285714285,0.14040114613180515,0.14857142857142858,0.002857142857142857,57.15428571428571,0.2636103151862464,0.0,2.8405615287889126e-18,0.08549516456935446,11.736389684813753,0.01069561786139666,0.02116406593742237,0.15641737071683798,0.08022922636103152,0,0.19992410843057012,0.26824971217534493,6.868427376011652,0.8590680198575894,0.0,1.0,0.0,0.2,0.0,0.9999999999999999,0.3,0.08,0.14040114613180515,0.25213912357227936,0.25213912357227936
397,0.9087754583654604,0.5020058777171268,0.907264933266014,0.5016186893890412,0.23726716252825136,0.49727457125665464,0.4326647564469914,0.35372695736472354,0.3519256035718121,0.08022922636103152,0.43142857142857144,0.3555734517722529,0.35377724470446403,0.08285714285714285,0.12893982808022922,0.14857142857142858,0.002857142857142857,57.38,0.2722063037249284,0.0,2.842532646787148e-18,0.08546130010674494,11.736389684813753,0.01037474932555476,0.020535709033042693,0.15622484959533284,0.08022922636103152,0,0.19952391717413157,0.2669084636144682,6.879630257062847,0.8418866594604376,0.0,1.0,0.0,0.2,0.0,0.9999999999999999,0.3,0.08,0.12893982808022922,0.252074949865111,0.252074949865111
398,0.9095231666937662,0.5027637266668487,0.9080105052848104,0.5023494178143587,0.23726716252825136,0.4975876366352729,0.4498567335243553,0.35372695736472354,0.3519256035718121,0.08022922636103152,0.44857142857142857,0.3555734517722529,0.35377724470446403,0.08285714285714285,0.12893982808022922,0.1457142857142857,0.002857142857142857,57.55714285714286,0.27507163323782235,0.0,2.844449867846284e-18,0.08542845157801371,11.736389684813753,0.010063506845788116,0.01992581743903754,0.15603810410747287,0.08022922636103152,0,0.1991257268739752,0.2655739212963958,6.887751937635876,0.8250489262712288,0.0,1.0,0.0,0.2,0.0,0.9999999999999999,0.3,0.08,0.12893982808022922,0.2520127013691576,0.2520127013691576
399,0.9115835934187523,0.5034854289235036,0.9100650450762967,0.5030427891911892,0.23726716252825136,0.49817849218946725,0.47277936962750716,0.3533831178231763,0.35166772391565165,0.08022922636103152,0.4714285714285714,0.3552305946293957,0.3535201018473212,0.08285714285714285,0.12607449856733524,0.14285714285714285,0.002857142857142857,57.76,0.27507163323782235,0.0,2.8463145101600422e-18,0.08539658850514442,11.736389684813753,0.009761601640414473,0.01933385974717905,0.15585696098424867,0.08022922636103152,0,0.19990138395389107,0.2649733067206539,6.892854041740301,0.8410676612157849,0.0,0.94,0.0,0.2,0.0,0.9999999999999999,0.3,0.08,0.12607449856733524,0.2519523203280829,0.2519523203280829
400,0.9095511190319473,0.5034331840568106,0.9080383777591681,0.5029937013674736,0.23726716252825136,0.49896816721092857,0.3982808022922636,0.3532685046426605,0.3515817640302648,0.08022922636103152,0.39714285714285713,0.35511630891511003,0.3534343875616069,0.08285714285714285,0.12607449856733524,0.15142857142857144,0.002857142857142857,57.94,0.27793696275071633,0.0,2.848127869103601e-18,0.08536568132446119,11.736389684813753,0.009468753591202039,0.01875931917831508,0.15568125215472123,0.08022922636103152,0,0.1999864513162645,0.2675451515439258,6.906425532334067,0.8803455612156025,0.0,0.9811320754716981,0.0,0.2,0.0,0.9999999999999999,0.3,0.08,0.12607449856733524,0.2518937507182404,0.2518937507182404
401,0.909551127286586,0.5037092185607434,0.9080383859902222,0.5032911467576875,0.23726716252825136,0.4997978617031109,0.4326647564469914,0.3531538914621447,0.351495804144878,0.08022922636103152,0.43142857142857144,0.35500202320082436,0.3533486732758926,0.08285714285714285,0.10601719197707736,0.13142857142857142,0.002857142857142857,58.12571428571429,0.27793696275071633,0.0,2.8498912170089296e-18,0.08533570135919846,11.736389684813753,0.009184690983465978,0.01820169321940779,0.1555108145900796,0.08022922636103152,0,0.19990066191682598,0.2662074257862062,6.899725593115957,0.8867990443667669,0.0,0.9782608695652174,0.0,0.2,0.0,0.9999999999999999,0.3,0.08,0.10601719197707736,0.25183693819669317,0.25183693819669317
402,0.9088494387110371,0.5044287569291536,0.9073387022391749,0.5040356243728643,0.23726716252825136,0.5005508719960089,0.4297994269340974,0.353039278281629,0.3514098442594912,0.08022922636103152,0.42857142857142855,0.35488773748653857,0.35326295899017834,0.08285714285714285,0.12893982808022922,0.13428571428571429,0.002857142857142857,58.294285714285714,0.2722063037249284,0.0,2.8516058029938554e-18,0.08530662079289364,11.736389684813753,0.008909150253961998,0.01766049326712238,0.1553454901523772,0.08022922636103152,0,0.19984373003581332,0.2648763886572752,6.896016795539352,0.9293972761800712,0.0,0.9787234042553191,0.0,0.2,0.0,0.9999999999999999,0.3,0.08,0.12893982808022922,0.2517818300507924,0.2517818300507924
403,0.9084386558974689,0.504249357817925,0.9069290930907883,0.5038580947085404,0.23726716252825136,0.5012977103533282,0.4297994269340974,0.3529246651011132,0.35132388437410433,0.08022922636103152,0.42857142857142855,0.3547734517722529,0.35317724470446404,0.08285714285714285,0.13753581661891118,0.14285714285714285,0.002857142857142857,58.537142857142854,0.2808022922636103,0.0,2.853272852841025e-18,0.08527841264357794,11.736389684813753,0.008641875746343139,0.017135244278011386,0.15518512544780588,0.08022922636103152,0,0.19981565424277709,0.2846939652394609,6.900953602485708,0.9261713440000008,0.0,0.98,0.0,0.2,0.0,0.9999999999999999,0.3,0.08,0.13753581661891118,0.2517283751492686,0.2517283751492686
404,0.908804772002437,0.5033033043847628,0.9072941631497421,0.5029231672055651,0.23726716252825136,0.5018897973577373,0.48424068767908307,0.3529246651011132,0.35132388437410433,0.08022922636103152,0.4828571428571429,0.3547734517722529,0.35317724470446404,0.08285714285714285,0.10315186246418338,0.13428571428571429,0.002857142857142857,58.76285714285714,0.28653295128939826,0.0,2.8548935689231592e-18,0.08525105073874172,11.736389684813753,0.008382619473952845,0.01662548442532863,0.1550295716843717,0.08022922636103152,0,0.19952703227193752,0.28327049541326355,6.897220244721706,0.9076479171200007,0.0,1.0,0.0,0.2,0.0,0.9999999999999999,0.3,0.08,0.10315186246418338,0.25167652389479056,0.25167652389479056
405,0.9090367889838868,0.5029717165267458,0.9075255172255308,0.5026409340441806,0.23726716252825136,0.5021927727286356,0.4154727793696275,0.3529246651011132,0.35132388437410433,0.08022922636103152,0.4142857142857143,0.3547734517722529,0.35317724470446404,0.08285714285714285,0.0830945558739255,0.09428571428571429,0.002857142857142857,58.96,0.28653295128939826,0.0,2.8564691301711485e-18,0.08522450969105057,11.736389684813753,0.008131140889734259,0.016130764762490424,0.15487868453384054,0.08022922636103152,0,0.19923383892821,0.28185414293619726,6.8535615541129875,0.8894949587776007,0.0,1.0,0.0,0.2,0.0,0.9999999999999999,0.3,0.08,0.0830945558739255,0.25162622817794683,0.25162622817794683
406,0.9088952577571893,0.5023796412252001,0.9073843903737666,0.502088057674771,0.23726716252825136,0.5025023260961489,0.4670487106017192,0.3529246651011132,0.35132388437410433,0.08022922636103152,0.4657142857142857,0.3547734517722529,0.35317724470446404,0.08285714285714285,0.11174785100286533,0.13142857142857142,0.002857142857142857,59.097142857142856,0.28653295128939826,0.0,2.858000692081764e-18,0.08519876487479017,11.736389684813753,0.007887206663042231,0.015650648893192565,0.15473232399782533,0.08022922636103152,0,0.19889367044785464,0.28044487222151626,6.847918894459298,0.8717050596020486,0.0,1.0,0.0,0.2,0.0,0.9999999999999999,0.3,0.08,0.11174785100286533,0.25157744133260845,0.25157744133260845
407,0.90881646781162,0.5023928884561051,0.9073058255423273,0.5021219685521019,0.23726716252825136,0.502739729251127,0.4699140401146132,0.35281005192059745,0.35123792448871755,0.08022922636103152,0.4685714285714286,0.3546591660579672,0.35309153041874974,0.08285714285714285,0.14613180515759314,0.16,0.002857142857142857,59.30571428571429,0.28653295128939826,0.0,2.8594893867618954e-18,0.08517379240301758,11.736389684813753,0.007650590463150964,0.01518471264817578,0.15459035427789058,0.08022922636103152,0,0.19984106066704396,0.2790426478604087,6.870960516570112,0.8865610520308455,0.0,0.9821428571428571,0.0,0.2,0.0,0.9999999999999999,0.3,0.08,0.14613180515759314,0.2515301180926302,0.2515301180926302
408,0.9091215252660168,0.5018707452220476,0.9076100114039972,0.5015763645278761,0.23726716252825136,0.5030555600939425,0.46131805157593125,0.35281005192059745,0.35123792448871755,0.08022922636103152,0.46,0.3546591660579672,0.35309153041874974,0.08285714285714285,0.10028653295128939,0.11142857142857143,0.002857142857142857,59.44857142857143,0.28653295128939826,0.0,2.860936323006417e-18,0.08514956910539817,11.736389684813753,0.0074210727492564355,0.014732543768625317,0.15445264364955386,0.08022922636103152,0,0.20051798175197275,0.2776474346211067,6.844969877667281,0.8688298309902285,0.0,1.0,0.0,0.2,0.0,0.9999999999999999,0.3,0.08,0.10028653295128939,0.25148421454985126,0.25148421454985126
409,0.9095350046222656,0.5020301587885795,0.9080223093906571,0.5017238130017313,0.23726716252825136,0.5032467677665892,0.42406876790830944,0.35269543874008175,0.3511519646033307,0.08022922636103152,0.4228571428571429,0.3545448803436815,0.3530058161330355,0.08285714285714285,0.12893982808022922,0.15714285714285714,0.002857142857142857,59.651428571428575,0.28653295128939826,0.0,2.862342586406963e-18,0.08512607250670733,11.736389684813753,0.007198440566778742,0.014293741596179688,0.15431906434006723,0.08022922636103152,0,0.20192196392314088,0.2762591974480011,6.865213337256793,0.8630491674365366,0.0,0.9818181818181818,0.0,0.2,0.0,0.9999999999999999,0.3,0.08,0.12893982808022922,0.25143968811335576,0.25143968811335576
410,0.9097136568758368,0.501505732708722,0.908200451209218,0.5012044101080606,0.23726716252825136,0.5034510167341363,0.42120343839541546,0.3524662123790502,0.35098004483255707,0.08022922636103152,0.42,0.35431630891511,0.3528343875616069,0.08285714285714285,0.1318051575931232,0.15428571428571428,0.002857142857142857,59.794285714285714,0.2922636103151863,0.0,2.8637092394889986e-18,0.08510328080597725,11.736389684813753,0.0069824873497753796,0.013867916769512711,0.1541894924098652,0.08022922636103152,0,0.20314192926024882,0.27487790146076113,6.88219478479737,0.9522430123137123,0.0,0.9629629629629629,0.0,0.2,0.0,0.9999999999999999,0.3,0.08,0.1318051575931232,0.25139649746995507,0.25139649746995507
411,0.9088613648903422,0.5006297427665096,0.907350594343682,0.5003748836615746,0.23726716252825136,0.5034518798524716,0.4498567335243553,0.3524662123790502,0.35098004483255707,0.08022922636103152,0.44857142857142857,0.35431630891511,0.3528343875616069,0.08285714285714285,0.12034383954154727,0.12571428571428572,0.002857142857142857,59.94,0.28939828080229224,0.0,2.865037321874781e-18,0.08508117285626902,11.736389684813753,0.006773012729282118,0.013454690927448443,0.15406380763756927,0.08022922636103152,0,0.202611791042519,0.2735035119534573,6.870265174815709,0.9331981520674381,0.0,1.0,0.0,0.2,0.0,0.9999999999999999,0.3,0.08,0.12034383954154727,0.2513546025458564,0.2513546025458564
412,0.9101358627364693,0.5011555272101894,0.9086214507673914,0.5009016966824722,0.23726716252825136,0.503363660377793,0.44412607449856734,0.3524662123790502,0.35098004483255707,0.08022922636103152,0.44285714285714284,0.35431630891511,0.3528343875616069,0.08285714285714285,0.08595988538681948,0.09142857142857143,0.002857142857142857,60.10285714285714,0.28939828080229224,0.0,2.866327850469912e-18,0.08505972814505204,11.736389684813753,0.006569822347403655,0.013053696418557914,0.1539418934084422,0.08022922636103152,0,0.20211102564089573,0.27213599439369,6.824288442747967,0.9145341890260893,0.0,1.0,0.0,0.2,0.0,0.9999999999999999,0.3,0.08,0.08595988538681948,0.25131396446948073,0.25131396446948073
413,0.9094174682369797,0.5007189958841591,0.9079051088236146,0.5004605822251256,0.23726716252825136,0.5032094496685092,0.4498567335243553,0.3524662123790502,0.35098004483255707,0.08022922636103152,0.44857142857142857,0.35431630891511,0.3528343875616069,0.08285714285714285,0.12034383954154727,0.12285714285714286,0.002857142857142857,60.29714285714286,0.28939828080229224,0.0,2.8675818196713197e-18,0.08503892677517164,11.736389684813753,0.006372727676981545,0.01266457601718185,0.15382363660618892,0.08022922636103152,0,0.20169947122697693,0.2707753144217216,6.81065981675015,0.8962435052455675,0.0,1.0,0.0,0.2,0.0,0.9999999999999999,0.3,0.08,0.12034383954154727,0.2512745455353963,0.2512745455353963
414,0.9096097818802916,0.500375937851482,0.9080968729993742,0.5001792243852802,0.23726716252825136,0.5031238670659613,0.46131805157593125,0.3523515991985344,0.3508940849471702,0.08022922636103152,0.46,0.35420202320082433,0.3527486732758926,0.08285714285714285,0.12607449856733524,0.14,0.002857142857142857,60.42,0.2922636103151863,0.0,2.8688002015946594e-18,0.0850187494463876,11.736389684813753,0.006181545846672099,0.012286982645817623,0.15370892750800325,0.08022922636103152,0,0.2018886931529849,0.269421437849613,6.814446620415148,0.9091064485035542,0.0,0.9795918367346939,0.0,0.2,0.0,0.9999999999999999,0.3,0.08,0.12607449856733524,0.2512363091693344,0.2512363091693344
415,0.9088294628549395,0.49968856826722213,0.9073187834569518,0.4994508840781672,0.23726716252825136,0.5030656660432125,0.46418338108882523,0.35223698601801867,0.35080812506178344,0.08022922636103152,0.46285714285714286,0.35408773748653866,0.3526629589901783,0.08285714285714285,0.12893982808022922,0.14,0.002857142857142857,60.52,0.28653295128939826,0.0,2.869983946319224e-18,0.08499917743746709,11.736389684813753,0.005996099471271936,0.011920579103801288,0.15359765968276315,0.08022922636103152,0,0.20215526221913782,0.2680743306603649,6.818157688006845,0.9040268783018798,0.0,0.9795918367346939,0.0,0.2,0.0,0.9999999999999999,0.3,0.08,0.12893982808022922,0.25119921989425437,0.25119921989425437
416,0.9098719290282974,0.5000092314252073,0.9083582711555286,0.49981534640532865,0.23726716252825136,0.5027755159365738,0.4383954154727794,0.35200775965698716,0.35063620529100975,0.08022922636103152,0.43714285714285717,0.3538591660579672,0.35249153041874975,0.08285714285714285,0.15472779369627507,0.1742857142857143,0.002857142857142857,60.72571428571428,0.28653295128939826,0.0,2.8711339821485904e-18,0.08498019258881417,11.736389684813753,0.005816216487133778,0.011565037802213185,0.15348972989228027,0.08022922636103152,0,0.2038349124835079,0.26673395900706304,6.856080248532421,0.9157697066843508,0.0,0.9672131147540983,0.0,0.2,0.0,0.9999999999999999,0.3,0.08,0.15472779369627507,0.25116324329742673,0.25116324329742673
417,0.9097297109793967,0.49924185029497115,0.9082164594439106,0.49900352629880934,0.23726716252825136,0.5025145398803056,0.46418338108882523,0.35166392011543984,0.3503783256348493,0.08022922636103152,0.46285714285714286,0.3535163089151101,0.35223438756160685,0.08285714285714285,0.12034383954154727,0.12571428571428572,0.002857142857142857,60.86857142857143,0.27793696275071633,0.0,2.872251215885324e-18,0.08496177728562085,11.736389684813753,0.005641729992519764,0.011220040504929751,0.15338503799551184,0.08022922636103152,0,0.20453002363537603,0.2665336461300116,6.844672929276057,0.981526854552581,0.0,0.9318181818181818,0.0,0.2,0.0,0.9999999999999999,0.3,0.08,0.12034383954154727,0.251128345998504,0.251128345998504
418,0.9098895069031291,0.4994518226667856,0.9083757988078608,0.4992109354295459,0.23726716252825136,0.5021913441666112,0.44412607449856734,0.35166392011543984,0.3503783256348493,0.08022922636103152,0.44285714285714284,0.3535163089151101,0.35223438756160685,0.08285714285714285,0.11461318051575932,0.12285714285714286,0.002857142857142857,61.05714285714286,0.2808022922636103,0.0,2.8733365331181853e-18,0.08494391444152337,11.736389684813753,0.005472478092744171,0.010885278075740024,0.1532834868556465,0.08022922636103152,0,0.20407794566005635,0.2652009778993616,6.8306366135476795,0.9618963174615294,0.0,1.0,0.0,0.2,0.0,0.9999999999999999,0.3,0.08,0.11461318051575932,0.25109449561854885,0.25109449561854885
419,0.9106301012351893,0.49894643642757774,0.9091142771561151,0.498723736640929,0.23726716252825136,0.5019028150697793,0.4498567335243553,0.3514346937544084,0.35020640586407564,0.08022922636103152,0.44857142857142857,0.35328773748653863,0.3520629589901783,0.08285714285714285,0.1346704871060172,0.14285714285714285,0.002857142857142857,61.205714285714286,0.2808022922636103,0.0,2.874390798520378e-18,0.08492658748274876,11.736389684813753,0.0053083037499618456,0.01056045023144403,0.1531849822499771,0.08022922636103152,0,0.2046533099684678,0.2638749730098648,6.83688102413387,0.9563769760340793,0.0,0.96,0.0,0.2,0.0,0.9999999999999999,0.3,0.08,0.1346704871060172,0.25106166074999237,0.25106166074999237
420,0.9114410782146424,0.4987462730238004,0.9099229370584841,0.4984974733013846,0.23726716252825136,0.501608693099669,0.4785100286532951,0.3514346937544084,0.35020640586407564,0.08022922636103152,0.47714285714285715,0.35328773748653863,0.3520629589901783,0.08285714285714285,0.1318051575931232,0.1457142857142857,0.002857142857142857,61.35142857142857,0.27793696275071633,0.0,2.8754148561574637e-18,0.08490978033273744,11.736389684813753,0.00514905463746299,0.01024526530084413,0.15308943278247777,0.08022922636103152,0,0.20431433270076835,0.2625555981448155,6.845857689365478,0.9372494365133978,0.0,1.0,0.0,0.2,0.0,0.9999999999999999,0.3,0.08,0.1318051575931232,0.2510298109274926,0.2510298109274926
421,0.9116891251198365,0.4990844733866977,0.9101702752582349,0.49885738251087464,0.23726716252825136,0.5011582778076317,0.4269340974212034,0.3514346937544084,0.35020640586407564,0.08022922636103152,0.4257142857142857,0.35328773748653863,0.3520629589901783,0.08285714285714285,0.1318051575931232,0.14285714285714285,0.002857142857142857,61.497142857142855,0.2722063037249284,0.0,2.876409529803684e-18,0.08489347739722641,11.736389684813753,0.0049945829983391,0.009939439989540277,0.15299674979900346,0.08022922636103152,0,0.20391976816228236,0.2612428201540914,6.85179767843531,0.9185044477831298,0.0,1.0,0.0,0.2,0.0,0.9999999999999999,0.3,0.08,0.1318051575931232,0.25099891659966783,0.25099891659966783
422,0.9115908156807712,0.5005133496026358,0.9100722467032811,0.5002721943406784,0.23726716252825136,0.5008076745639756,0.44412607449856734,0.3514346937544084,0.35020640586407564,0.08022922636103152,0.44285714285714284,0.35328773748653863,0.3520629589901783,0.08285714285714285,0.12034383954154727,0.14285714285714285,0.002857142857142857,61.628571428571426,0.27793696275071633,0.0,2.8773756232654936e-18,0.08487766354978075,11.736389684813753,0.004844745508388927,0.00964269915043725,0.15290684730503334,0.08022922636103152,0,0.2035280271786138,0.2599366060533209,6.857618867723747,0.9001343588274671,0.0,1.0,0.0,0.2,0.0,0.9999999999999999,0.3,0.08,0.12034383954154727,0.2509689491016778,0.2509689491016778
423,0.9097844528940308,0.5005284514579975,0.9082710449530743,0.5003197086720303,0.23726716252825136,0.5005778459875161,0.4297994269340974,0.3514346937544084,0.35020640586407564,0.08022922636103152,0.42857142857142855,0.35328773748653863,0.3520629589901783,0.08285714285714285,0.1318051575931232,0.14857142857142858,0.002857142857142857,61.78857142857143,0.2808022922636103,0.0,2.8783139207111933e-18,0.08486232411775842,11.736389684813753,0.0046994031431372586,0.009354775559869521,0.15281964188588235,0.08022922636103152,0,0.2031382448998636,0.2586369230230543,6.869037918940701,0.8821316716509177,0.0,1.0,0.0,0.2,0.0,0.9999999999999999,0.3,0.08,0.1318051575931232,0.25093988062862743,0.25093988062862743
424,0.9084678771477721,0.5016032450790827,0.9069582308518049,0.5014228468024043,0.23726716252825136,0.5003200487110312,0.4699140401146132,0.3513200805738926,0.35016269619764184,0.08022922636103152,0.4685714285714286,0.3531734517722529,0.35201937420850576,0.08285714285714285,0.12034383954154727,0.13714285714285715,0.002857142857142857,61.925714285714285,0.27507163323782235,0.0,2.879225187005649e-18,0.08484744486869678,11.736389684813753,0.0045584210488431405,0.00907540969924825,0.15273505262930587,0.08022922636103152,0,0.20306512510393573,0.257343738407939,6.868800017704744,0.87224732549404,0.0,0.9791666666666666,0.0,0.2,0.0,0.9999999999999999,0.3,0.08,0.12034383954154727,0.2509116842097686,0.2509116842097686
425,0.908440964169444,0.502146876797841,0.9069313947677006,0.5019591849638984,0.23726716252825136,0.5000748829515157,0.4670487106017192,0.3513200805738926,0.35016269619764184,0.08022922636103152,0.4657142857142857,0.3531734517722529,0.35201937420850576,0.08285714285714285,0.1174785100286533,0.14285714285714285,0.002857142857142857,62.09428571428571,0.27507163323782235,0.0,2.880110168049135e-18,0.08483301199710702,11.736389684813753,0.004421668417377846,0.008804349542133605,0.1526530010504267,0.08022922636103152,0,0.2026492280498446,0.25605701971589934,6.874281160207792,0.8548023789841593,0.0,1.0,0.0,0.2,0.0,0.9999999999999999,0.3,0.08,0.1174785100286533,0.25088433368347557,0.25088433368347557
426,0.9083940878234964,0.5025545944858453,0.90688465235417,0.502363315080004,0.23726716252825136,0.49982495392060466,0.47277936962750716,0.3512054673933768,0.35007673631225505,0.08022922636103152,0.4714285714285714,0.35305916605796717,0.35193365992279146,0.08285714285714285,0.12893982808022922,0.13428571428571429,0.002857142857142857,62.28285714285714,0.27507163323782235,0.0,2.880969591119407e-18,0.08481901211166488,11.736389684813753,0.004289018364856511,0.008541350346634835,0.1525734110189139,0.08022922636103152,0,0.2025785533381668,0.2547767346173198,6.8710812512893495,0.8726908785812063,0.0,0.9787234042553191,0.0,0.2,0.0,0.9999999999999999,0.3,0.08,0.12893982808022922,0.2508578036729713,0.2508578036729713
427,0.908470735473929,0.5029548198842329,0.9069610810113156,0.5027560656940055,0.23726716252825136,0.49974088747454204,0.48424068767908307,0.35109085421286107,0.3499907764268682,0.08022922636103152,0.4828571428571429,0.3529448803436815,0.35184794563707716,0.08285714285714285,0.12320916905444126,0.13428571428571429,0.002857142857142857,62.40857142857143,0.2693409742120344,0.0,2.8818041652162e-18,0.08480543222278604,11.736389684813753,0.0041603478139108155,0.008286174453038697,0.15249620868834649,0.08022922636103152,0,0.20253666057147598,0.2535028509442332,6.867945340549276,0.9033148410342883,0.0,0.9787234042553191,0.0,0.2,0.0,0.9999999999999999,0.3,0.08,0.12320916905444126,0.25083206956278215,0.25083206956278215
428,0.9076300114077244,0.5025387691503325,0.9061227590138714,0.5023007146537489,0.23726716252825136,0.4996418660555463,0.44412607449856734,0.35097624103234526,0.3499048165414814,0.08022922636103152,0.44285714285714284,0.35283059462939576,0.35176223135136286,0.08285714285714285,0.11461318051575932,0.13142857142857142,0.002857142857142857,62.59142857142857,0.27507163323782235,0.0,2.8826145814073803e-18,0.08479225973057358,11.736389684813753,0.004035537379493491,0.008038591086568347,0.1524213224276961,0.08022922636103152,0,0.20246640584004716,0.2546464312088418,6.862015005166863,0.9547708542697704,0.0,0.9782608695652174,0.0,0.2,0.0,0.9999999999999999,0.3,0.08,0.11461318051575932,0.2508071074758987,0.2508071074758987
429,0.9088622287779425,0.502004112039564,0.9073514557630321,0.5018325370019401,0.23726716252825136,0.49968859827920936,0.4269340974212034,0.35086162785182956,0.3498188566560946,0.08022922636103152,0.4257142857142857,0.35271630891511,0.3516765170656486,0.08285714285714285,0.09742120343839542,0.10285714285714286,0.002857142857142857,62.74,0.27507163323782235,0.0,2.88340151317605e-18,0.0847794824131275,11.736389684813753,0.003914471258108686,0.007798376165171983,0.1523486827548652,0.08022922636103152,0,0.20233935952513263,0.2533731990527976,6.827631847920668,0.9431128000000003,0.0,0.9722222222222222,0.0,0.2,0.0,0.9999999999999999,0.3,0.08,0.09742120343839542,0.25078289425162176,0.25078289425162176
430,0.9073330688872282,0.501290183056847,0.9058266649005768,0.5010880228853393,0.23726716252825136,0.49951388271502906,0.4297994269340974,0.35063240149079805,0.34964693688532095,0.08022922636103152,0.42857142857142855,0.3524877374865386,0.35150508849422,0.08285714285714285,0.10028653295128939,0.10857142857142857,0.002857142857142857,62.92285714285714,0.27507163323782235,0.0,2.884165616767971e-18,0.08476708841520478,11.736389684813753,0.0037970371203654256,0.007565312112242317,0.15227822227221924,0.08022922636103152,0,0.2026415198703641,0.2521063330575336,6.7996506395336835,0.97088012769736,0.0,0.9473684210526315,0.0,0.2,0.0,0.9999999999999999,0.3,0.08,0.10028653295128939,0.2507594074240731,0.2507594074240731
431,0.9071799770313446,0.500858035852633,0.9056740104499957,0.5006570535122064,0.23726716252825136,0.49924250885465543,0.40974212034383956,0.35051778831028224,0.3495609769999341,0.08022922636103152,0.4085714285714286,0.3523734517722529,0.3514193742085057,0.08285714285714285,0.10315186246418338,0.12,0.002857142857142857,63.08857142857143,0.27507163323782235,0.0,2.8849075315386915e-18,0.08475506623721975,11.736389684813753,0.0036831260067544625,0.007339187674166858,0.15220987560405266,0.08022922636103152,0,0.20257045584244085,0.2594624202675435,6.783657626743009,0.9514625251434128,0.0,0.9761904761904762,0.0,0.2,0.0,0.9999999999999999,0.3,0.08,0.10315186246418338,0.25073662520135087,0.25073662520135087
432,0.9073485380916078,0.500406863204926,0.9058420899072296,0.5002408700325118,0.23726716252825136,0.49905417954709147,0.46131805157593125,0.35051778831028224,0.3495609769999341,0.08022922636103152,0.46,0.3523734517722529,0.3514193742085057,0.08285714285714285,0.10601719197707736,0.12,0.002857142857142857,63.245714285714286,0.27507163323782235,0.0,2.8856278802998525e-18,0.08474340472457431,11.736389684813753,0.0035726322265518286,0.007119797742611067,0.1521435793359311,0.08022922636103152,0,0.20209889640253226,0.2581651081662058,6.76798447420815,0.9324332746405445,0.0,1.0,0.0,0.2,0.0,0.9999999999999999,0.3,0.08,0.10601719197707736,0.2507145264453104,0.2507145264453104
433,0.9087249071740694,0.49999495742373945,0.9072145265065985,0.4998142061974069,0.23726716252825136,0.4988118868659011,0.4326647564469914,0.35051778831028224,0.3495609769999341,0.08022922636103152,0.43142857142857144,0.3523734517722529,0.3514193742085057,0.08285714285714285,0.10028653295128939,0.10857142857142857,0.002857142857142857,63.36857142857143,0.27507163323782235,0.0,2.8863272696641503e-18,0.08473209305730817,11.736389684813753,0.0034654532597552736,0.006906943181432812,0.15207927195585316,0.08022922636103152,0,0.20203550971147655,0.25687428262537476,6.741196213295415,0.9137846091477335,0.0,1.0,0.0,0.2,0.0,0.9999999999999999,0.3,0.08,0.10028653295128939,0.25069309065195106,0.25069309065195106
434,0.9093140687530766,0.49968374526110687,0.9078020047668086,0.4995052805192882,0.23726716252825136,0.49861224756927475,0.46418338108882523,0.35051778831028224,0.3495609769999341,0.08022922636103152,0.46285714285714286,0.3523734517722529,0.3514193742085057,0.08285714285714285,0.09742120343839542,0.10571428571428572,0.002857142857142857,63.534285714285716,0.27507163323782235,0.0,2.8870062903885175e-18,0.08472112074006001,11.736389684813753,0.0033614896619626154,0.006700430658132306,0.15201689379717756,0.08022922636103152,0,0.20307999392340662,0.2555899112122479,6.7120865747437914,0.8955089169647787,0.0,1.0,0.0,0.2,0.0,0.9999999999999999,0.3,0.08,0.09742120343839542,0.25067229793239254,0.25067229793239254
435,0.9102732321712907,0.5008341001356968,0.9087584277181135,0.5006651549455899,0.23726716252825136,0.4984574456311005,0.4498567335243553,0.35028856194925073,0.34949727695649196,0.08022922636103152,0.44857142857142857,0.35214488034368147,0.3513558561651878,0.08285714285714285,0.11461318051575932,0.12285714285714286,0.002857142857142857,63.677142857142854,0.2808022922636103,0.0,2.887665517715079e-18,0.08471047759232934,11.736389684813753,0.003260644972103737,0.006500072479738717,0.15195638698326225,0.08022922636103152,0,0.20364386026568923,0.27501886932134345,6.700701986106059,0.8918385575945316,0.0,0.9534883720930233,0.0,0.2,0.0,0.9999999999999999,0.3,0.08,0.11461318051575932,0.25065212899442074,0.25065212899442074
436,0.911971402021309,0.5003237203353255,0.9104517456542746,0.5001328017933211,0.23726716252825136,0.49835566760579636,0.45558739255014324,0.350173948768735,0.3494113170711052,0.08022922636103152,0.4542857142857143,0.35203059462939573,0.3512701418794735,0.08285714285714285,0.1346704871060172,0.15714285714285714,0.002857142857142857,63.83428571428571,0.2808022922636103,0.0,2.8883055117095345e-18,0.08470015373903059,11.736389684813753,0.0031628256229406246,0.006305686433034863,0.15189769537376438,0.08022922636103152,0,0.20387825214392974,0.28365202303527376,6.723830803526794,0.9005501594673131,0.0,0.9818181818181818,0.0,0.2,0.0,0.9999999999999999,0.3,0.08,0.1346704871060172,0.25063256512458815,0.25063256512458815
437,0.9113533395258446,0.5011499582457497,0.9098354490516545,0.5009483873102147,0.23726716252825136,0.4983852452785749,0.4383954154727794,0.3500593355882192,0.34932535718571833,0.08022922636103152,0.43714285714285717,0.35191630891511,0.3511844275937592,0.08285714285714285,0.12893982808022922,0.15428571428571428,0.002857142857142857,63.97428571428571,0.2808022922636103,0.0,2.888926817596586e-18,0.08469013960133077,11.736389684813753,0.0030679408542524057,0.0061170956290268474,0.15184076451255143,0.08022922636103152,0,0.20397087511546,0.2822337629200974,6.743639901741973,0.9219702512405825,0.0,0.9814814814814815,0.0,0.2,0.0,0.9999999999999999,0.3,0.08,0.12893982808022922,0.2506135881708505,0.2506135881708505
438,0.9108379537844843,0.5020122965751815,0.9093215358409837,0.5018076093932564,0.23726716252825136,0.4986363138848544,0.4899713467048711,0.34994472240770347,0.3492393973003315,0.08022922636103152,0.48857142857142855,0.3518020232008243,0.3510987133080449,0.08285714285714285,0.14040114613180515,0.16285714285714287,0.002857142857142857,64.12,0.2836676217765043,0.0,2.8895299660921305e-18,0.08468042588776199,11.736389684813753,0.0029759026286248335,0.005934128351560153,0.1517855415771749,0.08022922636103152,0,0.20501747719118169,0.2808225941054969,6.771624246564277,0.9035308462157708,0.0,0.9824561403508771,0.0,0.2,0.0,0.9999999999999999,0.3,0.08,0.14040114613180515,0.250595180525725,0.250595180525725
439,0.9107057165601664,0.5024636873148055,0.9091896764373067,0.5022232481235998,0.23726716252825136,0.4988267912548575,0.46131805157593125,0.3498301092271877,0.3491534374149447,0.08022922636103152,0.46,0.3516877374865386,0.3510129990223306,0.08285714285714285,0.12893982808022922,0.14285714285714285,0.002857142857142857,64.28,0.2808022922636103,0.0,2.8901154737319143e-18,0.08467100358560022,11.736389684813753,0.0028866255497660884,0.005756617909990158,0.15173197532985966,0.08022922636103152,0,0.2049066755195115,0.33218648578531684,6.779048904490133,0.901536829989559,0.0,0.98,0.0,0.2,0.0,0.9999999999999999,0.3,0.08,0.12893982808022922,0.25057732510995323,0.25057732510995323
440,0.9091352432968476,0.5030830996528838,0.9076236902404545,0.502836468756797,0.23726716252825136,0.49907205615737715,0.4326647564469914,0.34971549604667196,0.3490674775295579,0.08022922636103152,0.43142857142857144,0.3515734517722529,0.35092728473661633,0.08285714285714285,0.1518624641833811,0.17142857142857143,0.002857142857142857,64.44,0.28653295128939826,0.0,2.8906838431963965e-18,0.08466186395250332,11.736389684813753,0.002800026783273106,0.0055844024958126015,0.15168001606996387,0.08022922636103152,0,0.20496742785619965,0.3433192593196418,6.814896497828903,1.0063914710452853,0.0,0.9833333333333333,0.0,0.2,0.0,0.9999999999999999,0.3,0.08,0.1518624641833811,0.2505600053566546,0.2505600053566546
441,0.9101140213488953,0.5037327723840135,0.9085996717837821,0.5034763652913354,0.23726716252825136,0.49945597004126835,0.4326647564469914,0.3496008828661562,0.34898151764417107,0.08022922636103152,0.43142857142857144,0.3514591660579672,0.35084157045090203,0.08285714285714285,0.12893982808022922,0.14285714285714285,0.002857142857142857,64.62857142857143,0.2836676217765043,0.0,2.891235563631617e-18,0.08465299850839936,11.736389684813753,0.0027160259797749126,0.00541732504316228,0.15162961558786495,0.08022922636103152,0,0.20485687643120437,0.3416026630230436,6.821455710729467,1.0037870785448804,0.0,0.98,0.0,0.2,0.0,0.9999999999999999,0.3,0.08,0.12893982808022922,0.25054320519595497,0.25054320519595497
442,0.9095985778535431,0.5028001408321254,0.9080857009841309,0.5025784372686761,0.23726716252825136,0.4996699417063354,0.44126074498567336,0.34948626968564045,0.3488955577587843,0.08022922636103152,0.44,0.35134488034368144,0.35075585616518773,0.08285714285714285,0.11174785100286533,0.12571428571428572,0.002857142857142857,64.73428571428572,0.2836676217765043,0.0,2.891771110965837e-18,0.08464439902761847,11.736389684813753,0.002634545200381665,0.005255233093089617,0.151580727120229,0.08022922636103152,0,0.2052110212718335,0.3398946497079284,6.810740882229163,1.0034615862167116,0.0,0.9772727272727273,0.0,0.2,0.0,0.9999999999999999,0.3,0.08,0.11174785100286533,0.25052690904007635,0.25052690904007635
443,0.9086793419163942,0.50323409266586,0.9071690914353739,0.5029593134006622,0.23726716252825136,0.4998276843471353,0.4469914040114613,0.34937165650512464,0.34880959787339744,0.08022922636103152,0.44571428571428573,0.35123059462939576,0.35067014187947343,0.08285714285714285,0.12893982808022922,0.13428571428571429,0.002857142857142857,64.88571428571429,0.2836676217765043,0.0,2.892290948221805e-18,0.08463605753126104,11.736389684813753,0.002555508844370215,0.005097978661524283,0.15153330530662212,0.08022922636103152,0,0.20515596616547438,0.33819517645938874,6.808811778870295,1.0148183734571707,0.0,0.9787234042553191,0.0,0.2,0.0,0.9999999999999999,0.3,0.08,0.12893982808022922,0.25051110176887403,0.25051110176887403
444,0.9092176161636965,0.5041186163889222,0.907705827756255,0.503832029624695,0.23726716252825136,0.49992260551056766,0.4154727793696275,0.34937165650512464,0.34880959787339744,0.08022922636103152,0.4142857142857143,0.35123059462939576,0.35067014187947343,0.08285714285714285,0.12607449856733524,0.14285714285714285,0.002857142857142857,65.03428571428572,0.2808022922636103,0.0,2.892795525824464e-18,0.08462796627979431,11.736389684813753,0.0024788435790391084,0.004945418110839261,0.15148730614742345,0.08022922636103152,0,0.20475804419178986,0.3365042005770918,6.815492686150031,0.9945220059880273,0.0,1.0,0.0,0.2,0.0,0.9999999999999999,0.3,0.08,0.12607449856733524,0.2504957687158078,0.2504957687158078
445,0.9087094327751137,0.5039808138546303,0.9071990963202112,0.5037086758221373,0.23726716252825136,0.5000387005486998,0.39255014326647564,0.3493143499148668,0.348766617930704,0.08022922636103152,0.3914285714285714,0.35117345177225284,0.3506272847366163,0.08285714285714285,0.10601719197707736,0.12571428571428572,0.002857142857142857,65.19142857142857,0.27793696275071633,0.0,2.893285281903994e-18,0.08462011776587162,11.736389684813753,0.002404478271667935,0.004797412024927561,0.15144268696300076,0.08022922636103152,0,0.20459139682797375,0.33482167957420633,6.804897118141315,1.1073747965289054,0.0,0.9772727272727273,0.0,0.2,0.0,0.9999999999999999,0.3,0.08,0.10601719197707736,0.25048089565433357,0.25048089565433357
446,0.9084157922385195,0.5036765202466277,0.9069062947565788,0.5033821286769968,0.23726716252825136,0.5002309317020024,0.4469914040114613,0.3493143499148668,0.348766617930704,0.08022922636103152,0.44571428571428573,0.35117345177225284,0.3506272847366163,0.08285714285714285,0.11461318051575932,0.12571428571428572,0.002857142857142857,65.34285714285714,0.27793696275071633,0.0,2.8937606425940504e-18,0.08461250470736657,11.736389684813753,0.002332343923517897,0.004653825087704844,0.15139940635411073,0.08022922636103152,0,0.20405386841526243,0.33314757117633526,6.794513461492775,1.0852273005983273,0.0,1.0,0.0,0.2,0.0,0.9999999999999999,0.3,0.08,0.11461318051575932,0.2504664687847036,0.2504664687847036
447,0.9095500458988114,0.502609057602467,0.908037307692127,0.5023008256399274,0.23726716252825136,0.5002935999806071,0.4269340974212034,0.3489705103733195,0.34850873827454354,0.08022922636103152,0.4257142857142857,0.35083059462939575,0.3503701418794734,0.08285714285714285,0.10888252148997135,0.12857142857142856,0.002857142857142857,65.45428571428572,0.27793696275071633,0.0,2.894222022325103e-18,0.0846051200406167,11.736389684813753,0.0022623736058123597,0.00451452596495705,0.1513574241634874,0.08022922636103152,0,0.20494462394856053,0.3314818333204536,6.787194620834346,1.0635227545863606,0.0,0.9333333333333333,0.0,0.2,0.0,0.9999999999999999,0.3,0.08,0.10888252148997135,0.2504524747211625,0.2504524747211625
448,0.9091275495613702,0.5025965759410127,0.9076160184870785,0.502249453373748,0.23726716252825136,0.5002034868413956,0.4355300859598854,0.3489705103733195,0.34850873827454354,0.08022922636103152,0.4342857142857143,0.35083059462939575,0.3503701418794734,0.08285714285714285,0.10888252148997135,0.11714285714285715,0.002857142857142857,65.63142857142857,0.27793696275071633,0.0,2.8946698241128163e-18,0.0845979569138693,11.736389684813753,0.002194502397637989,0.0043793871894469705,0.15131670143858278,0.08022922636103152,0,0.2044051865431034,0.3298244241538513,6.7685935855605175,1.0422522994946333,0.0,1.0,0.0,0.2,0.0,0.9999999999999999,0.3,0.08,0.10888252148997135,0.2504389004795276,0.2504389004795276
449,0.9097402396461679,0.5020450410107139,0.9082269580287767,0.5016570326750988,0.23726716252825136,0.5000993291312321,0.4269340974212034,0.3488558971928038,0.34842277838915675,0.08022922636103152,0.4257142857142857,0.35071630891511,0.35028442759375916,0.08285714285714285,0.1318051575931232,0.13142857142857142,0.002857142857142857,65.78,0.27507163323782235,0.0,2.895104439841362e-18,0.08459100868092433,11.736389684813753,0.002128667325708849,0.004248285049200606,0.1512772003954253,0.08022922636103152,0,0.20455020036138544,0.32817530203308204,6.764650285277878,1.0214072535047407,0.0,0.9782608695652174,0.0,0.2,0.0,0.9999999999999999,0.3,0.08,0.1318051575931232,0.25042573346514174,0.25042573346514174
