t,mean_x,mean_y,mean_x_all,mean_y_all,mean_L,y0,mean_epc,mean_r,mean_b,fund_prevalence,mean_epc_all,mean_r_all,mean_b_all,fund_prevalence_all,punish_rate,mean_punished,exit_rate,mean_exit_intent,exit_attempt_rate,exit_success_rate,p_opp_mean,stay_value,mean_degree_active,threat,A,budget,enforcer_frac,n_cadre_fallback,cap_mean,cap_p90,service_mean,service_p90,monopoly_on,enforcer_punish_share_step,alpha_punish_revalue,delta_outside_degrade,mu_membership_reward,current_delta,eta_delta_drift,punish_floor,punish_intensity_step,pi_reward,lam_punish
0,0.3564580703777704,0.48999219874818195,0.3564580703777704,0.48999219874818195,0.23380311223024616,0.5,0.0,0.3276908841355114,0.340961521975352,0.005714285714285714,0.0,0.3276908841355114,0.340961521975352,0.005714285714285714,0.0,0.0,0.0,0.0,0.0,0.0,0.5,0.0,11.794285714285714,0.0,0.0,0.0,0.0,0,0.0,0.0,0.0,0.0,0.0,0.0,0.0,0.1,0.0,0.1,0.1,0.08,0.0,0.5,0.25
1,0.36626519961743464,0.490087570392444,0.36626519961743464,0.490087570392444,0.23380311223024616,0.49977913893067233,0.6657142857142857,0.32826231270693995,0.34139009340392346,0.008571428571428572,0.6657142857142857,0.32826231270693995,0.34139009340392346,0.008571428571428572,0.017142857142857144,0.017142857142857144,0.0,0.014285714285714285,0.0,0.0,0.03456542808737887,0.11836634914903713,11.794285714285714,0.0,0.0,0.15,0.08,28,0.0025714285714285713,0.0,0.017142857142857144,0.0,0.0,1.0,0.0,0.1,0.0,0.1,0.1,0.08,0.017142857142857144,0.5,0.25
2,0.3744578403762868,0.49016864017966977,0.3744578403762868,0.49016864017966977,0.23380311223024616,0.500915500245209,0.86,0.3286051698497971,0.34164723626106636,0.011428571428571429,0.86,0.3286051698497971,0.34164723626106636,0.011428571428571429,0.011428571428571429,0.011428571428571429,0.0,0.011428571428571429,0.0,0.0,0.03456542808737887,0.11836634914903713,11.794285714285714,0.0,0.0,0.15,0.08,26,0.004272857142857143,0.0,0.028228571428571426,0.0,0.0,0.75,0.0,0.1,0.0,0.1,0.1,0.08,0.011428571428571429,0.5,0.25
3,0.3846066493619162,0.48995343015514853,0.3846066493619162,0.48995343015514853,0.23380311223024616,0.5019841422125186,0.9171428571428571,0.3297480269926542,0.3425043791182092,0.014285714285714285,0.9171428571428571,0.3297480269926542,0.3425043791182092,0.014285714285714285,0.02857142857142857,0.02857142857142857,0.0,0.017142857142857144,0.0,0.0,0.03456542808737887,0.11836634914903713,11.794285714285714,0.0,0.0,0.15,0.08,25,0.008537207142857143,0.0,0.056235428571428575,0.0,0.0,0.9,0.0,0.1,0.0,0.1,0.1,0.08,0.02857142857142857,0.5,0.25
4,0.393467816375475,0.48946132294551037,0.393467816375475,0.48946132294551037,0.23380311223024616,0.5041041120567344,0.9085714285714286,0.33140516984979707,0.3437472362610663,0.02,0.9085714285714286,0.33140516984979707,0.3437472362610663,0.02,0.04285714285714286,0.04285714285714286,0.0,0.02,0.0,0.0,0.03456542808737887,0.11836634914903713,11.794285714285714,0.0,0.0,0.15,0.08,21,0.014923092535714286,0.0,0.09796786285714286,0.0,0.0,1.0,0.0,0.1,0.0,0.1,0.1,0.08,0.04285714285714286,0.5,0.25
5,0.4043908962983905,0.48968181812735145,0.4043908962983905,0.48968181812735145,0.23380311223024616,0.5043804416878286,0.8857142857142857,0.3318051698497971,0.34404723626106637,0.02,0.8857142857142857,0.3318051698497971,0.34404723626106637,0.02,0.011428571428571429,0.011428571428571429,0.0,0.025714285714285714,0.0,0.0,0.03456542808737887,0.11836634914903713,11.794285714285714,0.0,0.0,0.15,0.08,14,0.01656276278732143,0.0,0.10743707702857143,0.0,0.0,1.0,0.0,0.1,0.0,0.1,0.1,0.08,0.011428571428571429,0.5,0.25
6,0.41323444714198104,0.4897361241654441,0.41323444714198104,0.4897361241654441,0.23380311223024616,0.5045376962513859,0.9114285714285715,0.3322051698497971,0.34434723626106634,0.02,0.9114285714285715,0.3322051698497971,0.34434723626106634,0.02,0.011428571428571429,0.011428571428571429,0.0,0.017142857142857144,0.0,0.0,0.03456542808737887,0.11836634914903713,11.794285714285714,0.0,0.0,0.15,0.08,13,0.018194234687670535,0.0,0.11671690691657144,0.0,0.0,1.0,0.0,0.1,0.0,0.1,0.1,0.08,0.011428571428571429,0.5,0.25
7,0.42242879125151783,0.489785340410453,0.42242879125151783,0.489785340410453,0.23380311223024616,0.504521818484208,0.8942857142857142,0.33306231270694,0.3449900934039235,0.02,0.8942857142857142,0.33306231270694,0.3449900934039235,0.02,0.025714285714285714,0.025714285714285714,0.0,0.037142857142857144,0.0,0.0,0.03456542808737887,0.11836634914903713,11.794285714285714,0.0,0.0,0.15,0.08,13,0.02196040637137504,0.0,0.1400968544925257,0.0,0.0,1.0,0.0,0.1,0.0,0.1,0.1,0.08,0.025714285714285714,0.5,0.25
8,0.4292257224401928,0.4900242631325973,0.4292257224401928,0.4900242631325973,0.23380311223024616,0.5044607827104254,0.92,0.3345480269926542,0.3461043791182092,0.022857142857142857,0.92,0.3345480269926542,0.3461043791182092,0.022857142857142857,0.04,0.04,0.0,0.025714285714285714,0.0,0.0,0.03456542808737887,0.11836634914903713,11.794285714285714,0.0,0.0,0.15,0.08,12,0.027850604339518165,0.0,0.1772949174026752,0.0,0.0,0.9285714285714286,0.0,0.1,0.0,0.1,0.1,0.08,0.04,0.5,0.25
9,0.4381899028866269,0.4897279154305301,0.4381899028866269,0.4897279154305301,0.23380311223024616,0.5042949295743446,0.94,0.3359765984212256,0.3471758076896378,0.025714285714285714,0.94,0.3359765984212256,0.3471758076896378,0.025714285714285714,0.04285714285714286,0.04285714285714286,0.0,0.03428571428571429,0.0,0.0,0.03456542808737887,0.11836634914903713,11.794285714285714,0.0,0.0,0.15,0.08,12,0.03413992274639201,0.0,0.21660616191176457,0.0,0.0,0.8666666666666667,0.0,0.1,0.0,0.1,0.1,0.08,0.04285714285714286,0.5,0.25
10,0.4465186595358809,0.4897998488722139,0.4465186595358809,0.4897998488722139,0.23380311223024616,0.5036414741687655,0.8828571428571429,0.3379194555640828,0.3486329505467806,0.025714285714285714,0.8828571428571429,0.3379194555640828,0.3486329505467806,0.025714285714285714,0.04857142857142857,0.05142857142857143,0.0,0.03428571428571429,0.0,0.0,0.03456542808737887,0.11836634914903713,11.794285714285714,0.0,0.0,0.15,0.08,12,0.04168350884694576,0.0,0.26370261010210067,0.0,0.0,1.0,0.0,0.1,0.0,0.1,0.1,0.08,0.04857142857142857,0.5,0.25
11,0.4558975770964787,0.490475253290739,0.4558975770964787,0.490475253290739,0.23380311223024616,0.5029888469120375,0.9228571428571428,0.33923374127836853,0.3496186648324949,0.03142857142857143,0.9228571428571428,0.33923374127836853,0.3496186648324949,0.03142857142857143,0.04,0.04,0.0,0.03142857142857143,0.0,0.0,0.03456542808737887,0.11836634914903713,11.794285714285714,0.0,0.0,0.15,0.08,11,0.04747509130271102,0.0,0.2984285579000587,0.0,0.0,0.9285714285714286,0.0,0.1,0.0,0.1,0.1,0.08,0.04,0.5,0.25
12,0.46772729524634366,0.4910570639744213,0.46772729524634366,0.4910570639744213,0.23380311223024616,0.5017959036528387,0.9085714285714286,0.34061847142861273,0.3506900934039235,0.03142857142857143,0.9085714285714286,0.34061847142861273,0.3506900934039235,0.03142857142857143,0.037142857142857144,0.04,0.0,0.03142857142857143,0.0,0.0,0.03456542808737887,0.11836634914903713,11.794285714285714,0.0,0.0,0.15,0.08,11,0.05323771584619747,0.0,0.3324599867420575,0.0,0.0,1.0,0.0,0.1,0.0,0.1,0.1,0.08,0.037142857142857144,0.5,0.25
13,0.47884172828912613,0.49155834533549947,0.47884172828912613,0.49155834533549947,0.23380311223024616,0.5008785484804803,0.9428571428571428,0.34168813219959276,0.35174367361911535,0.03142857142857143,0.9428571428571428,0.34168813219959276,0.35174367361911535,0.03142857142857143,0.04,0.04,0.0,0.022857142857142857,0.0,0.0,0.03456542808737887,0.11836634914903713,11.794285714285714,0.0,0.0,0.15,0.08,10,0.057964154972680065,0.0,0.3658107870072163,0.0,0.0,1.0,0.0,0.1,0.0,0.1,0.1,0.08,0.04,0.5,0.25
14,0.4892053089021439,0.49200725684387747,0.4892053089021439,0.49200725684387747,0.23380311223024616,0.5001528305558598,0.9171428571428571,0.34253294394000516,0.3525773926964979,0.03142857142857143,0.9171428571428571,0.34253294394000516,0.3525773926964979,0.03142857142857143,0.04285714285714286,0.04285714285714286,0.0,0.04,0.0,0.0,0.03456542808737887,0.11836634914903713,11.794285714285714,0.0,0.0,0.15,0.08,9,0.06296832967471654,0.0,0.4013517141242149,0.0,0.0,0.9333333333333333,0.0,0.1,0.0,0.1,0.1,0.08,0.04285714285714286,0.5,0.25
15,0.49995283907679866,0.4924405330421962,0.49995283907679866,0.4924405330421962,0.23380311223024616,0.4992421809917201,0.8942857142857142,0.3435615153685766,0.35329062843796366,0.03142857142857143,0.8942857142857142,0.3435615153685766,0.35329062843796366,0.03142857142857143,0.03428571428571429,0.03428571428571429,0.0,0.05714285714285714,0.0,0.0,0.03456542808737887,0.11836634914903713,11.794285714285714,0.0,0.0,0.15,0.08,9,0.06696777374062866,0.0,0.4276103941274448,0.0,0.0,1.0,0.0,0.1,0.0,0.1,0.1,0.08,0.03428571428571429,0.5,0.25
16,0.5066971348363379,0.49353784921761873,0.5066971348363379,0.49353784921761873,0.23380311223024616,0.4984340818209983,0.9085714285714286,0.3446472296542909,0.35406205700939225,0.03142857142857143,0.9085714285714286,0.3446472296542909,0.35406205700939225,0.03142857142857143,0.05142857142857143,0.054285714285714284,0.0,0.05142857142857143,0.0,0.0,0.03456542808737887,0.11836634914903713,11.794285714285714,0.0,0.0,0.15,0.08,9,0.07265142716284995,0.0,0.4733439005306102,0.0,0.0,0.8947368421052632,0.0,0.1,0.0,0.1,0.1,0.08,0.05142857142857143,0.5,0.25
17,0.5154158497605668,0.49386030904984085,0.5154158497605668,0.49386030904984085,0.23380311223024616,0.4978147647692224,0.92,0.34615690072611804,0.3549193741964865,0.03428571428571429,0.92,0.34615690072611804,0.3549193741964865,0.03428571428571429,0.05714285714285714,0.06,0.0,0.05142857142857143,0.0,0.0,0.03456542808737887,0.11836634914903713,11.794285714285714,0.0,0.0,0.15,0.08,7,0.07831574291611015,0.0,0.523877022519998,0.0,0.0,1.0,0.0,0.1,0.0,0.1,0.1,0.08,0.05714285714285714,0.5,0.25
18,0.5252043307894271,0.4935783067717169,0.5252043307894271,0.4935783067717169,0.23380311223024616,0.4968256276103532,0.9371428571428572,0.34814616898773715,0.35603596399830534,0.03428571428571429,0.9371428571428572,0.34814616898773715,0.35603596399830534,0.03428571428571429,0.06571428571428571,0.06857142857142857,0.0,0.04857142857142857,0.0,0.0,0.03456542808737887,0.11836634914903713,11.794285714285714,0.0,0.0,0.15,0.08,7,0.08618130705867245,0.0,0.5819709106410267,0.0,0.0,0.9166666666666666,0.0,0.1,0.0,0.1,0.1,0.08,0.06571428571428571,0.5,0.25
19,0.5344869212455177,0.4942828372862378,0.5344869212455177,0.4942828372862378,0.23380311223024616,0.4959142623591801,0.9171428571428571,0.34955721736593975,0.3572788211411625,0.03428571428571429,0.9171428571428571,0.34955721736593975,0.3572788211411625,0.03428571428571429,0.06571428571428571,0.06857142857142857,0.0,0.08,0.0,0.0,0.03456542808737887,0.11836634914903713,11.794285714285714,0.0,0.0,0.15,0.08,5,0.09305246828443249,0.13879102043372357,0.6389029209996346,0.7314910836082273,0.0,0.875,0.0,0.1,0.0,0.1,0.1,0.08,0.06571428571428571,0.5,0.25
20,0.5410759131528703,0.4932627224511668,0.5410759131528703,0.4932627224511668,0.23380311223024616,0.49525624285016695,0.9171428571428571,0.35058578879451113,0.35800739256973396,0.037142857142857144,0.9171428571428571,0.35058578879451113,0.35800739256973396,0.037142857142857144,0.05142857142857143,0.06,0.0,0.08857142857142856,0.0,0.0,0.03456542808737887,0.11836634914903713,11.794285714285714,0.0,0.0,0.15,0.08,5,0.09827300242042408,0.14360068071861457,0.686124862579642,0.8389572240035359,0.0,0.8571428571428571,0.0,0.1,0.0,0.1,0.1,0.08,0.05142857142857143,0.5,0.25
21,0.5508503373802034,0.4933305904028032,0.5508503373802034,0.4933305904028032,0.23380311223024616,0.4953701448980721,0.9142857142857143,0.35072891455024585,0.35852167828401965,0.037142857142857144,0.9142857142857143,0.35072891455024585,0.35852167828401965,0.037142857142857144,0.04285714285714286,0.045714285714285714,0.0,0.08285714285714285,0.0,0.0,0.03456542808737887,0.11836634914903713,11.794285714285714,0.0,0.0,0.15,0.08,3,0.09869863725986484,0.1428826773150215,0.7181166510423348,0.8221780795234651,0.0,1.0,0.0,0.1,0.0,0.1,0.1,0.08,0.04285714285714286,0.5,0.25
22,0.5620440910210198,0.49348233258579194,0.5620440910210198,0.49348233258579194,0.23380311223024616,0.49522629745955693,0.8971428571428571,0.35181462883596015,0.35942167828401966,0.04,0.8971428571428571,0.35181462883596015,0.35942167828401966,0.04,0.05142857142857143,0.054285714285714284,0.0,0.12,0.0,0.0,0.03456542808737887,0.11836634914903713,11.794285714285714,0.0,0.0,0.15,0.08,3,0.1025958737382864,0.14424914852302798,0.7580400323072024,0.8542709584100077,0.0,0.9473684210526315,0.0,0.1,0.0,0.1,0.1,0.08,0.05142857142857143,0.5,0.25
23,0.5724025717633499,0.49327242580046604,0.5724025717633499,0.49327242580046604,0.23380311223024616,0.4950736367186011,0.86,0.3527912774298142,0.36030406989085756,0.04285714285714286,0.86,0.3527912774298142,0.36030406989085756,0.04285714285714286,0.054285714285714284,0.054285714285714284,0.0,0.12857142857142856,0.0,0.0,0.03456542808737887,0.11836634914903713,11.794285714285714,0.0,0.0,0.15,0.08,3,0.10577378786391017,0.14352790278041283,0.7971649459467725,0.8371855392418075,0.0,1.0,0.0,0.1,0.0,0.1,0.1,0.08,0.054285714285714284,0.5,0.25
24,0.5825617179812498,0.49277204697964017,0.5825617179812498,0.49277204697964017,0.23380311223024616,0.4951571920052018,0.9028571428571428,0.35396316216326046,0.3615897841765718,0.04285714285714286,0.9028571428571428,0.35396316216326046,0.3615897841765718,0.04285714285714286,0.07428571428571429,0.08285714285714285,0.0,0.12857142857142856,0.0,0.0,0.03456542808737887,0.11836634914903713,11.794285714285714,0.0,0.0,0.15,0.08,3,0.11159120327704,0.14555587640343984,0.8640787898849799,0.8858423808639998,0.0,0.9310344827586207,0.0,0.1,0.0,0.1,0.1,0.08,0.07428571428571429,0.5,0.25
25,0.5918066613072466,0.49281221223993465,0.5918066613072466,0.49281221223993465,0.23380311223024616,0.4951100773315317,0.8914285714285715,0.3550488764489747,0.3630040698908575,0.04285714285714286,0.8914285714285715,0.3550488764489747,0.3630040698908575,0.04285714285714286,0.08,0.08285714285714285,0.0,0.15428571428571428,0.0,0.0,0.03395455854901056,0.11836634914903713,11.794285714285714,0.0,0.0,0.15,0.08,2,0.11479228171571428,0.14490087495962437,0.9296543569444231,0.8698972180084482,0.0,0.9655172413793104,0.0,0.1,0.0,0.14800000000000002,0.1,0.08,0.08,0.5,0.25
26,0.6006292168954007,0.4927586190037898,0.6006292168954007,0.4927586190037898,0.23380311223024616,0.4949156193299874,0.8857142857142857,0.3561917335918319,0.3642683074394771,0.04285714285714286,0.8857142857142857,0.3561917335918319,0.3642683074394771,0.04285714285714286,0.07714285714285714,0.07714285714285714,0.0,0.17714285714285713,0.0,0.0,0.03395455854901056,0.11836634914903713,11.794285714285714,0.0,0.0,0.15,0.08,2,0.11884674887856424,0.14417637058482624,0.9882041269483921,0.8524992736482793,0.0,1.0,0.0,0.1,0.0,0.14800000000000002,0.1,0.08,0.07714285714285714,0.5,0.25
27,0.6092638856970195,0.4934904815131717,0.6092638856970195,0.4934904815131717,0.23380311223024616,0.49465642873495236,0.86,0.3572534173006764,0.36546830743947706,0.05142857142857143,0.86,0.3572534173006764,0.36546830743947706,0.05142857142857143,0.08285714285714285,0.08857142857142856,0.0,0.19142857142857142,0.0,0.0,0.03340248851511637,0.11836634914903713,11.794285714285714,0.0,0.0,0.15,0.08,2,0.12256566084488572,0.14417637058482624,1.0570114729808526,0.8524992736482793,0.0,0.967741935483871,0.0,0.1,0.0,0.19291428571428573,0.1,0.08,0.08285714285714285,0.5,0.25
28,0.61829414416202,0.4934436818147253,0.61829414416202,0.4934436818147253,0.23380311223024616,0.49502011265669715,0.8885714285714286,0.35822484587210496,0.36662294175089316,0.05142857142857143,0.8885714285714286,0.35822484587210496,0.36662294175089316,0.05142857142857143,0.08285714285714285,0.09714285714285714,0.0,0.24285714285714285,0.0,0.0,0.032921380336730206,0.11836634914903713,11.794285714285714,0.0,0.0,0.15,0.08,1,0.126238118254947,0.14345548873190211,1.1330141006640928,0.8354492881753136,0.0,1.0,0.0,0.1,0.0,0.23333714285714288,0.1,0.08,0.08285714285714285,0.5,0.25
29,0.6294896769374071,0.49415533376322046,0.6294896769374071,0.49415533376322046,0.23380311223024616,0.4954661408757752,0.9085714285714286,0.35883197190962335,0.3672657988937504,0.054285714285714284,0.9085714285714286,0.35883197190962335,0.3672657988937504,0.054285714285714284,0.06285714285714286,0.06285714285714286,0.0,0.2742857142857143,0.002857142857142857,0.0,0.032921380336730206,0.11836634914903713,11.794285714285714,0.0,0.0,0.15,0.08,1,0.12789661126709254,0.1427382112882426,1.1732109615079538,0.8187403024118074,0.0,1.0,0.0,0.1,0.0,0.23333714285714288,0.1,0.08,0.06285714285714286,0.5,0.25
30,0.637756227198189,0.49416179135327687,0.637756227198189,0.49416179135327687,0.23380311223024616,0.4964449319728561,0.8857142857142857,0.3598294218747136,0.36848719758529835,0.05714285714285714,0.8857142857142857,0.3598294218747136,0.36848719758529835,0.05714285714285714,0.08285714285714285,0.08571428571428572,0.0,0.3342857142857143,0.005714285714285714,0.0,0.03250085979753311,0.11836634914903713,11.794285714285714,0.0,0.0,0.15,0.08,1,0.13220777258864064,0.14266651956986576,1.2354610279920804,0.8170728068875467,0.0,0.9666666666666667,0.0,0.1,0.0,0.2697177142857143,0.1,0.08,0.08285714285714285,0.5,0.25
31,0.6453303692151978,0.49479434304515185,0.6453303692151978,0.49479434304515185,0.23380311223024616,0.4972122914471447,0.9,0.3607437075889992,0.36951576901386973,0.06,0.9,0.3607437075889992,0.36951576901386973,0.06,0.09142857142857143,0.10285714285714286,0.0,0.36857142857142855,0.005714285714285714,0.0,0.03207524125478469,0.11836634914903713,11.794285714285714,0.0,0.0,0.15,0.08,1,0.13521957088782408,0.14209621195017821,1.3136089502893817,0.8040329918878318,0.0,0.9444444444444444,0.0,0.1,0.0,0.30760308571428574,0.1,0.08,0.09142857142857143,0.5,0.25
32,0.6548279096516767,0.49395030184563277,0.6548279096516767,0.49395030184563277,0.23380311223024616,0.4976026762815757,0.8857142857142857,0.3610456214402902,0.37056901127766445,0.06,0.8857142857142857,0.3610456214402902,0.37056901127766445,0.06,0.08,0.08857142857142856,0.0,0.4057142857142857,0.011428571428571429,0.0,0.03177682469206715,0.11836634914903713,11.794285714285714,0.0,0.0,0.15,0.08,1,0.1358656669068517,0.1413857308904273,1.3759081998550227,0.7879523320500753,0.0,0.967741935483871,0.0,0.1,0.0,0.33484277714285715,0.1,0.08,0.08,0.5,0.25
33,0.6628266560965694,0.493360039900152,0.6628266560965694,0.493360039900152,0.23380311223024616,0.4980412451995534,0.9028571428571428,0.3614456214402902,0.37129758270623586,0.06,0.9028571428571428,0.3614456214402902,0.37129758270623586,0.06,0.09714285714285714,0.10285714285714286,0.0,0.4714285714285714,0.011428571428571429,0.0,0.03140464676607834,0.11836634914903713,11.794285714285714,0.0,0.0,0.15,0.08,0,0.13747162428660317,0.14345548873190211,1.4512471787150647,0.8354492881753136,0.0,0.9444444444444444,0.0,0.1,0.0,0.36964421371428574,0.1,0.08,0.09714285714285714,0.5,0.25
34,0.6714478522489831,0.4927981864903914,0.6714478522489831,0.4927981864903914,0.23380311223024616,0.4983310566835235,0.8742857142857143,0.3621884785831473,0.3721118684205216,0.06,0.8742857142857143,0.3621884785831473,0.3721118684205216,0.06,0.07428571428571429,0.08,0.0,0.54,0.017142857142857144,0.0,0.03140464676607834,0.11836634914903713,11.794285714285714,0.0,0.0,0.15,0.08,0,0.1405271233080273,0.1450475298286554,1.5022222351407635,0.8735497959220491,0.0,0.9285714285714286,0.0,0.1,0.0,0.36964421371428574,0.1,0.08,0.07428571428571429,0.5,0.25
35,0.6786385831945179,0.492386435995804,0.6786385831945179,0.492386435995804,0.23380311223024616,0.49856164156936755,0.8828571428571429,0.3629884785831473,0.37322615413480725,0.06285714285714286,0.8828571428571429,0.3629884785831473,0.37322615413480725,0.06285714285714286,0.09428571428571429,0.1,0.0,0.6028571428571429,0.017142857142857144,0.0,0.031095896929062818,0.11836634914903713,11.794285714285714,0.0,0.0,0.15,0.08,0,0.14294782589111968,0.14432229217951215,1.5721777904379484,0.856078800003608,0.0,1.0,0.0,0.1,0.0,0.3992512209142857,0.1,0.08,0.09428571428571429,0.5,0.25
36,0.6867146059965195,0.4927484340644879,0.6867146059965195,0.4927484340644879,0.23380311223024616,0.4991163926162547,0.8657142857142858,0.3637313357260044,0.3743817899526793,0.06285714285714286,0.8657142857142858,0.3637313357260044,0.3743817899526793,0.06285714285714286,0.09714285714285714,0.11142857142857143,0.0,0.6571428571428571,0.017142857142857144,0.0,0.030806813447837037,0.11836634914903713,11.794285714285714,0.0,0.0,0.15,0.08,0,0.1451170903295212,0.14360068071861457,1.6521628060577607,0.8389572240035359,0.0,1.0,0.0,0.1,0.0,0.42761181310857144,0.1,0.08,0.09714285714285714,0.5,0.25
37,0.6932911536070449,0.4915851372129355,0.6932911536070449,0.4915851372129355,0.23380311223024616,0.49966471650164446,0.8685714285714285,0.36454034729121343,0.37535991959777076,0.06285714285714286,0.8685714285714285,0.36454034729121343,0.37535991959777076,0.06285714285714286,0.09142857142857143,0.09428571428571429,0.0,0.7142857142857143,0.017142857142857144,0.0,0.030586037242725825,0.11836634914903713,11.794285714285714,0.0,0.0,0.15,0.08,0,0.1466033728095549,0.1428826773150215,1.7134052642223196,0.8221780795234651,0.0,1.0,0.0,0.1,0.0,0.4497077746548572,0.1,0.08,0.09142857142857143,0.5,0.25
38,0.7004266207927637,0.4913620430429144,0.7004266207927637,0.4913620430429144,0.23380311223024616,0.5000893570696647,0.8057142857142857,0.3648832044340705,0.3758891354105781,0.06285714285714286,0.8057142857142857,0.3648832044340705,0.3758891354105781,0.06285714285714286,0.09714285714285714,0.10857142857142857,0.0,0.7857142857142857,0.017142857142857144,0.0,0.030357246455297665,0.11836634914903713,11.794285714285714,0.0,0.0,0.15,0.08,0,0.1473837845169357,0.14417637058482624,1.787708587509302,0.8524992736482793,0.0,0.9736842105263158,0.0,0.1,0.0,0.47302271147508573,0.1,0.08,0.09714285714285714,0.5,0.25
39,0.7088271186783208,0.49209906775554163,0.7088271186783208,0.49209906775554163,0.23380311223024616,0.5005373995391675,0.8114285714285714,0.3657832669567193,0.37670342112486394,0.06285714285714286,0.8114285714285714,0.3657832669567193,0.37670342112486394,0.06285714285714286,0.12,0.13142857142857142,0.0,0.8857142857142857,0.017142857142857144,0.0,0.030024547579534707,0.11836634914903713,11.794285714285714,0.0,0.0,0.15,0.08,0,0.1485322941657796,0.14345548873190211,1.8833829871876873,0.8354492881753136,0.0,1.0,0.0,0.1,0.0,0.5077204403275771,0.1,0.08,0.12,0.5,0.25
40,0.7176258033514188,0.4924547624247406,0.7176258033514188,0.4924547624247406,0.23380311223024616,0.5008267310820816,0.8314285714285714,0.36621458579551486,0.3774206359519429,0.06285714285714286,0.8314285714285714,0.36621458579551486,0.3774206359519429,0.06285714285714286,0.11142857142857143,0.11714285714285715,0.0,0.9657142857142857,0.025714285714285714,0.0,0.029780464352732686,0.11836634914903713,11.794285714285714,0.0,0.0,0.15,0.08,0,0.14992720619823346,0.14338343675363394,1.9628581845867905,0.8337477621301497,0.0,0.975609756097561,0.0,0.1,0.0,0.5338055391519623,0.1,0.08,0.11142857142857143,0.5,0.25
41,0.7262903073838256,0.4917427759134682,0.7262903073838256,0.4917427759134682,0.23380311223024616,0.5009543874073127,0.8257142857142857,0.3668431572240864,0.3781063502376572,0.06571428571428571,0.8257142857142857,0.3668431572240864,0.3781063502376572,0.06571428571428571,0.11714285714285715,0.14,0.0,1.02,0.025714285714285714,0.0,0.02953403632422768,0.11836634914903713,11.794285714285714,0.0,0.0,0.15,0.08,0,0.15152014159581373,0.14266651956986576,2.063601020895055,0.8170728068875467,0.0,1.0,0.0,0.1,0.0,0.5607106995224803,0.1,0.08,0.11714285714285715,0.5,0.25
42,0.7347503033560175,0.49137727424668537,0.7347503033560175,0.49137727424668537,0.23380311223024616,0.5012418317690192,0.7657142857142857,0.36792887150980064,0.3791349216662286,0.06857142857142857,0.7657142857142857,0.36792887150980064,0.3791349216662286,0.06857142857142857,0.11714285714285715,0.14857142857142858,0.0,1.1114285714285714,0.037142857142857144,0.0,0.02931680433557686,0.11836634914903713,11.794285714285714,0.0,0.0,0.15,0.08,0,0.1548191130306918,0.14195318697201642,2.170900429048582,0.8007313507497957,0.0,1.0,0.0,0.1,0.0,0.5849253438559465,0.1,0.08,0.11714285714285715,0.5,0.25
43,0.7420964410973879,0.4919574130940817,0.7420964410973879,0.4919574130940817,0.23380311223024616,0.501472007393872,0.8028571428571428,0.36890030008122926,0.3800777788090858,0.07142857142857142,0.8028571428571428,0.36890030008122926,0.3800777788090858,0.07142857142857142,0.11714285714285715,0.1457142857142857,0.0,1.2257142857142858,0.04,0.0,0.029124928044582634,0.11836634914903713,11.794285714285714,0.0,0.0,0.15,0.08,0,0.15718538204822596,0.14124342103715634,2.2731967061818965,0.7847167237347998,0.0,1.0,0.0,0.1,0.0,0.6067185237560662,0.1,0.08,0.11714285714285715,0.5,0.25
44,0.7505213239534081,0.4923216923141137,0.7501871125241655,0.4925641425571705,0.23380311223024616,0.5015916537211397,0.7936962750716332,0.36993788125073945,0.38005472037339805,0.07449856733524356,0.7914285714285715,0.369778347810708,0.3809777788090857,0.07428571428571429,0.09742120343839542,0.10571428571428572,0.002857142857142857,1.3,0.04011461318051576,0.002857142857142857,0.029070432138243882,0.11836634914903713,11.776504297994268,0.0,0.0,0.15,0.08022922636103152,0,0.16031345513798484,0.14053720393197056,2.333447057772544,0.7690223892601038,0.0,1.0,0.0,0.1,0.0,0.6143323856661739,0.1,0.08,0.09714285714285714,0.5,0.25
45,0.75920983416033,0.4927155798269161,0.758850798416211,0.4929467355717504,0.23380311223024616,0.5015451652675914,0.8252148997134671,0.37036327976018313,0.38065643957110573,0.07449856733524356,0.8228571428571428,0.37020253089583904,0.3815777788090858,0.07428571428571429,0.10315186246418338,0.12571428571428572,0.002857142857142857,1.417142857142857,0.045845272206303724,0.0,0.028984313449114504,0.11836634914903713,11.776504297994268,0.0,0.0,0.15,0.08022922636103152,0,0.16112454127099038,0.1398345179123107,2.4124924023313787,0.7536419414749017,0.0,1.0,0.0,0.1,0.0,0.6247902645780665,0.1,0.08,0.10315186246418338,0.5,0.25
46,0.7666221879449054,0.4931303475502597,0.7662419740471159,0.49335674119646455,0.23380311223024616,0.5015076018359271,0.8108882521489972,0.37036327976018313,0.381026258300502,0.07449856733524356,0.8085714285714286,0.37020253089583904,0.38194654091354086,0.07428571428571429,0.10315186246418338,0.11714285714285715,0.002857142857142857,1.4914285714285713,0.05730659025787966,0.0,0.028903580191596664,0.11836634914903713,11.776504297994268,0.0,0.0,0.15,0.08022922636103152,0,0.16106006498963543,0.13913534532274913,2.4813854114276084,0.7385691026454037,0.0,1.0,0.0,0.1,0.0,0.6342023555987699,0.1,0.08,0.10315186246418338,0.5,0.25
47,0.7757590129030207,0.4935172485118859,0.7740599620317826,0.49416467765954664,0.23380311223024616,0.5013555264721463,0.7557471264367817,0.37085398522722696,0.381475061758728,0.07471264367816093,0.7514285714285714,0.3707168166101248,0.3826269317856651,0.07428571428571429,0.13505747126436782,0.16,0.005714285714285714,1.58,0.05459770114942529,0.002857142857142857,0.028752095631125338,0.11836634914903711,11.706896551724139,0.0,0.0,0.15,0.08045977011494253,0,0.16196819323611583,0.13843966859613538,2.5917577031990566,0.7237977205924956,0.0,1.0,0.0,0.1,0.0,0.6557821200388929,0.1,0.08,0.1346704871060172,0.5,0.25
48,0.7841244850548305,0.4947676936097151,0.7823776314855821,0.4953804429532388,0.23380311223024616,0.5012214510141998,0.7787356321839081,0.37147406721478005,0.38220782037941764,0.07471264367816093,0.7742857142857142,0.3713333552720347,0.3833555032142365,0.07428571428571429,0.12931034482758622,0.14857142857142858,0.005714285714285714,1.7114285714285715,0.06321839080459771,0.0,0.02860637574130864,0.11836634914903711,11.706896551724139,0.0,0.0,0.15,0.08045977011494253,0,0.16395749798064954,0.13788625776011418,2.6884939777065036,0.7122464998271222,0.0,0.9615384615384616,0.0,0.1,0.0,0.6752039080350036,0.1,0.08,0.12931034482758622,0.5,0.25
49,0.7898730366737071,0.4943620502247796,0.7874196375427789,0.4949824466738047,0.23380311223024616,0.5011941658601772,0.7867435158501441,0.3724889626763592,0.3820212278046647,0.07780979827089338,0.78,0.37173335527203466,0.38399010365263525,0.07714285714285714,0.12680115273775217,0.14285714285714285,0.008571428571428572,1.7942857142857143,0.06051873198847262,0.002857142857142857,0.02847102799357266,0.11836634914903714,11.671469740634006,0.0,0.0,0.15,0.08069164265129683,0,0.16476556763360342,0.13719682647131362,2.7775812410095164,0.6980015698305797,0.0,1.0,0.0,0.1,0.0,0.6926835172315032,0.1,0.08,0.12643678160919541,0.5,0.25
50,0.7967664232741141,0.4954714797285905,0.7942539379723252,0.49601420157365167,0.23380311223024616,0.5009788614471832,0.7780979827089337,0.3725465995639673,0.38249673212743124,0.07780979827089338,0.7714285714285715,0.3717904981291775,0.38446153222406376,0.07714285714285714,0.14121037463976946,0.16857142857142857,0.008571428571428572,1.9057142857142857,0.06051873198847262,0.0,0.02835960008935867,0.11836634914903714,11.671469740634006,0.0,0.0,0.15,0.08069164265129683,0,0.165084168366864,0.1378166900874528,2.890601044760755,0.710769361621831,0.0,0.9830508474576272,0.0,0.1,0.0,0.7084151655083529,0.1,0.08,0.14121037463976946,0.5,0.25
51,0.8025638416715724,0.4953616466577359,0.8000016642120911,0.4960185090817798,0.23380311223024616,0.5006701910788974,0.7723342939481268,0.37302107838592913,0.3831173553943202,0.08069164265129683,0.7657142857142857,0.37226090998980826,0.38507683586295083,0.08,0.1239193083573487,0.14285714285714285,0.008571428571428572,1.98,0.06051873198847262,0.0,0.028250850123337043,0.11836634914903714,11.671469740634006,0.0,0.0,0.15,0.08069164265129683,0,0.16591405431920392,0.13712760663701554,2.975646166722682,0.6965539743893944,0.0,1.0,0.0,0.1,0.0,0.7219252339719269,0.1,0.08,0.1239193083573487,0.5,0.25
52,0.8064539362903095,0.4959540253649395,0.8038584151626675,0.49654815985352796,0.23380311223024616,0.5004311736737901,0.8040345821325648,0.37325162593636146,0.3835064043856746,0.08069164265129683,0.7971428571428572,0.37248948141837973,0.3854625501486651,0.08,0.11239193083573487,0.13428571428571429,0.008571428571428572,2.0628571428571427,0.06628242074927954,0.0,0.02820897825584937,0.11836634914903714,11.671469740634006,0.0,0.0,0.15,0.08069164265129683,0,0.1666837697618936,0.13644196860383045,3.0504189576739424,0.6826228949016064,0.0,1.0,0.0,0.1,0.0,0.7271678690761751,0.1,0.08,0.11239193083573487,0.5,0.25
53,0.8147996705344376,0.4960061052739795,0.8123093892333247,0.49684508509517644,0.23380311223024616,0.5001818286437767,0.7687861271676301,0.3741997877343189,0.385078134573062,0.08092485549132948,0.76,0.3731184311522462,0.38633621418265623,0.08,0.08959537572254335,0.11142857142857143,0.011428571428571429,2.2085714285714286,0.06358381502890173,0.002857142857142857,0.028330948517270565,0.11836634914903713,11.560693641618498,0.0,0.0,0.15,0.08092485549132948,0,0.16738466519417167,0.1363734392373795,3.1008391499490355,0.6812326242398921,0.0,0.9743589743589743,0.0,0.1,0.0,0.719782494272304,0.1,0.08,0.09221902017291066,0.5,0.25
54,0.819748136899983,0.4956926902227446,0.8172013016975496,0.49657063004764107,0.23380311223024616,0.4998867873879469,0.7254335260115607,0.37431539467073505,0.3854249553823106,0.08092485549132948,0.7171428571428572,0.37323271686653187,0.3866790713255133,0.08,0.1416184971098266,0.15428571428571428,0.011428571428571429,2.297142857142857,0.06647398843930635,0.0,0.028228349951574118,0.11836634914903713,11.560693641618498,0.0,0.0,0.15,0.08092485549132948,0,0.16780402758248653,0.13596638169668693,3.193108081235769,0.6732269466388356,0.0,0.9814814814814815,0.0,0.1,0.0,0.7328042448450736,0.1,0.08,0.1416184971098266,0.5,0.25
55,0.8232542849262205,0.49597693498018874,0.8206673794606301,0.49696580523493555,0.23380311223024616,0.49962899862854093,0.7254335260115607,0.37437319813894326,0.38568507098924704,0.08092485549132948,0.7171428571428572,0.37328985972367473,0.3869362141826563,0.08,0.13583815028901733,0.16,0.011428571428571429,2.394285714285714,0.06936416184971098,0.0,0.02813519619379585,0.11836634914903713,11.560693641618498,0.0,0.0,0.15,0.08092485549132948,0,0.16813586530171692,0.13788625776011418,3.2892459196110537,0.7122464998271222,0.0,0.9821428571428571,0.0,0.1,0.0,0.7445238203605662,0.1,0.08,0.13583815028901733,0.5,0.25
56,0.8287260350004171,0.49598483634353424,0.825584982310711,0.4972788779455042,0.23380311223024616,0.49943349167956996,0.7521865889212828,0.3755060133471179,0.3869342932507097,0.08163265306122448,0.7371428571428571,0.3734041454379605,0.3875790713255134,0.08,0.09912536443148688,0.14,0.02,2.5285714285714285,0.06705539358600583,0.008571428571428572,0.02828792484460372,0.11836634914903713,11.201166180758017,0.0,0.0,0.15,0.08163265306122448,0,0.16849418740377978,0.139151289376866,3.363461001218832,0.7400021866196497,0.0,0.9795918367346939,0.0,0.1,0.0,0.7442332880354923,0.1,0.08,0.1069364161849711,0.5,0.25
57,0.834477075729392,0.4956724355239781,0.8306809777616627,0.4972971985274957,0.23380311223024616,0.4993037036434252,0.7602339181286549,0.3763976013131792,0.38730568914055086,0.08187134502923976,0.7428571428571429,0.37346128829510333,0.38794688051331294,0.08,0.12573099415204678,0.15142857142857144,0.022857142857142857,2.6485714285714286,0.07017543859649122,0.002857142857142857,0.028338850630991466,0.11836634914903711,10.970760233918128,0.0,0.0,0.15,0.07894736842105263,0,0.1689364314667609,0.1450475298286554,3.447620352623027,0.8735497959220491,0.0,0.9811320754716981,0.0,0.1,0.0,0.754809959231943,0.1,0.08,0.1282798833819242,0.5,0.25
58,0.8402947769051657,0.4960573632777485,0.8363657029105612,0.49772815728857495,0.23380311223024616,0.49925962984488337,0.7456140350877193,0.3763976013131792,0.3875688470352877,0.08187134502923976,0.7285714285714285,0.37346128829510333,0.3882040233704559,0.08,0.14035087719298245,0.18285714285714286,0.022857142857142857,2.757142857142857,0.08187134502923976,0.0,0.028276262577401644,0.11836634914903711,10.970760233918128,0.0,0.0,0.15,0.07894736842105263,0,0.16891989216656994,0.14432229217951215,3.5615250884277097,0.856078800003608,0.0,1.0,0.0,0.1,0.0,0.7643289633087488,0.1,0.08,0.14035087719298245,0.5,0.25
59,0.8457576774874381,0.49577125378386994,0.8417202468960776,0.49790895626534887,0.23380311223024616,0.49909872799416544,0.7331378299120235,0.37687906561085527,0.3877258969072269,0.08211143695014662,0.7142857142857143,0.37346128829510333,0.38828973765617014,0.08,0.12903225806451613,0.15142857142857144,0.025714285714285714,2.8485714285714288,0.07624633431085044,0.002857142857142857,0.028214770170944075,0.11836634914903714,10.956011730205278,0.0,0.0,0.15,0.07917888563049853,0,0.16881800699145139,0.14360068071861457,3.6417231580877263,0.8389572240035359,0.0,1.0,0.0,0.1,0.0,0.7728960669778739,0.1,0.08,0.13157894736842105,0.5,0.25
60,0.850707307941098,0.4946447639696315,0.8465426011380716,0.4967007058091266,0.23380311223024616,0.4989373183051821,0.7008797653958945,0.37693771663724823,0.3879018499864058,0.08211143695014662,0.6828571428571428,0.3735184311522462,0.3884611662275987,0.08,0.12903225806451613,0.16,0.025714285714285714,2.98,0.08504398826979472,0.0,0.028159995179804928,0.11836634914903714,10.956011730205278,0.0,0.0,0.15,0.07917888563049853,0,0.16914505981363698,0.14490087495962437,3.7288886949259723,0.8698972180084482,0.0,0.9821428571428571,0.0,0.1,0.0,0.7806064602800865,0.1,0.08,0.12903225806451613,0.5,0.25
61,0.8557450651321568,0.4950343715108382,0.8500304139578717,0.49676883046533654,0.23380311223024616,0.4987912073918068,0.7205882352941176,0.3774313901935526,0.38814685717615255,0.08235294117647059,0.7,0.3736327168665319,0.3885903641950664,0.08,0.13529411764705881,0.15714285714285714,0.02857142857142857,3.111428571428571,0.08823529411764706,0.002857142857142857,0.028096992832715575,0.11836634914903713,10.952941176470588,0.0,0.0,0.15,0.07941176470588235,0,0.1694703345145688,0.14497401861610854,3.8114537781703093,0.8717050596020486,0.0,0.9818181818181818,0.0,0.1,0.0,0.7875458142520778,0.1,0.08,0.1378299120234604,0.5,0.25
62,0.8591606891409895,0.49503479409975354,0.852682058140178,0.49672363907055717,0.23380311223024616,0.49875891820283846,0.7227138643067846,0.37781586660680244,0.3887174549048346,0.08259587020648967,0.7,0.3736898597236748,0.38863322133792355,0.08,0.1415929203539823,0.17142857142857143,0.03142857142857143,3.2285714285714286,0.08849557522123894,0.002857142857142857,0.028070960268782977,0.11836634914903711,10.920353982300885,0.0,0.0,0.15,0.07964601769911504,0,0.16987955427056736,0.14562902005992398,3.906653274035475,0.8876502224576002,0.0,0.9833333333333333,0.0,0.1,0.0,0.79379123282687,0.1,0.08,0.14411764705882352,0.5,0.25
63,0.8627872826813383,0.49569979279853915,0.8561946730264016,0.49741749199195556,0.23380311223024616,0.49870633075620163,0.7020648967551623,0.3778748636569499,0.3887617026924453,0.08259587020648967,0.68,0.3737470025808176,0.3886760784807806,0.08,0.13569321533923304,0.16285714285714287,0.03142857142857143,3.3257142857142856,0.09144542772861357,0.0,0.028037483724343275,0.11836634914903711,10.920353982300885,0.0,0.0,0.15,0.07964601769911504,0,0.17017272792778596,0.1457764118880959,3.991377351411908,0.8913773427776011,0.0,0.9824561403508771,0.0,0.1,0.0,0.7994121095441831,0.1,0.08,0.13569321533923304,0.5,0.25
64,0.8668776330688965,0.4960944383680974,0.8601564695446368,0.49773338872700007,0.23380311223024616,0.4986456418643252,0.7286135693215339,0.3778748636569499,0.3887617026924453,0.08259587020648967,0.7057142857142857,0.3737470025808176,0.3886760784807806,0.08,0.13274336283185842,0.15714285714285714,0.03142857142857143,3.5142857142857142,0.09144542772861357,0.0,0.027997932885518665,0.11836634914903711,10.920353982300885,0.0,0.0,0.15,0.07964601769911504,0,0.1700642928595756,0.1450475298286554,4.068692661526527,0.8735497959220491,0.0,1.0,0.0,0.1,0.0,0.8044708985897647,0.1,0.08,0.13274336283185842,0.5,0.25
65,0.8721668791359616,0.4952091882769303,0.8652794821638794,0.49696165600746545,0.23380311223024616,0.49861567359035325,0.7050147492625368,0.37793386070709734,0.38880595048005584,0.08259587020648967,0.6828571428571428,0.3738041454379605,0.38871893562363785,0.08,0.10914454277286136,0.13428571428571429,0.03142857142857143,3.6314285714285712,0.09144542772861357,0.0,0.028036712610225417,0.11836634914903711,10.920353982300885,0.0,0.0,0.15,0.07964601769911504,0,0.1702421149667063,0.14636082418082813,4.121604522581711,0.9057655331200002,0.0,0.9787234042553191,0.0,0.1,0.0,0.799510534394505,0.1,0.08,0.10914454277286136,0.5,0.25
66,0.8770740825362031,0.4958441373564771,0.8700324591715423,0.4974926176765364,0.23380311223024616,0.49862588680762415,0.7109144542772862,0.37799285775724484,0.38885019826766654,0.08259587020648967,0.6885714285714286,0.3738612882951033,0.3887617927664949,0.08,0.11504424778761062,0.14,0.03142857142857143,3.7542857142857144,0.0943952802359882,0.0,0.028043958199858148,0.11836634914903711,10.920353982300885,0.0,0.0,0.15,0.07964601769911504,0,0.17061804867758704,0.14636082418082813,4.179172432130076,0.9057655331200002,0.0,0.9795918367346939,0.0,0.1,0.0,0.7985860296276209,0.1,0.08,0.11504424778761062,0.5,0.25
67,0.8831279881529842,0.49535547747003383,0.875426807521436,0.49710950090381806,0.23380311223024616,0.49865921756648784,0.6952662721893491,0.3785861199966254,0.3893364946495869,0.08284023668639054,0.6714285714285714,0.37391843115224616,0.3888046499093521,0.08,0.12721893491124261,0.16285714285714287,0.03428571428571429,3.88,0.09171597633136094,0.002857142857142857,0.02800811851272577,0.11836634914903714,10.911242603550296,0.0,0.0,0.15,0.07988165680473373,0,0.1711345334306277,0.14636082418082813,4.258446126344618,0.9047851446413482,0.0,0.9824561403508771,0.0,0.1,0.0,0.8037274266648589,0.1,0.08,0.12979351032448377,0.5,0.25
68,0.8878904289803708,0.495176681461846,0.8793193375655451,0.49717461232561716,0.23380311223024616,0.49866632407425854,0.6706231454005934,0.37876547898881696,0.3902541986893353,0.0830860534124629,0.6457142857142857,0.37391843115224616,0.3888046499093521,0.08,0.142433234421365,0.16,0.037142857142857144,4.008571428571429,0.09792284866468842,0.002857142857142857,0.028022871235083582,0.11836634914903711,10.830860534124628,0.0,0.0,0.15,0.08011869436201781,0,0.1710210043349031,0.14562902005992398,4.333277203817725,0.8866894417485212,0.0,1.0,0.0,0.1,0.0,0.808354683998373,0.1,0.08,0.14201183431952663,0.5,0.25
69,0.8925557618113666,0.4948322542219208,0.8833661892131196,0.4963200648754718,0.23380311223024616,0.49851328009003604,0.7253731343283583,0.378899682388861,0.3900881231965695,0.08358208955223881,0.6942857142857143,0.3739755740093891,0.3888475070522092,0.08,0.14626865671641792,0.17142857142857143,0.04285714285714286,4.128571428571429,0.0955223880597015,0.005714285714285714,0.028010252318927502,0.11836634914903711,10.776119402985074,0.0,0.0,0.15,0.08059701492537313,0,0.1714224707418,0.14570253127247088,4.418040231169942,0.8773682950099249,0.0,0.9833333333333333,0.0,0.1,0.0,0.8125192155985357,0.1,0.08,0.14836795252225518,0.5,0.25
70,0.8983987165974292,0.49569911196494615,0.8884164459223644,0.4970268707068086,0.23380311223024616,0.49829819838398737,0.7005988023952096,0.37921611133593075,0.39095315228401406,0.08383233532934131,0.6685714285714286,0.3740327168665319,0.3888903641950664,0.08,0.1347305389221557,0.15428571428571428,0.045714285714285714,4.24,0.09580838323353294,0.002857142857142857,0.028013242570427782,0.11836634914903711,10.754491017964073,0.0,0.0,0.15,0.08083832335329341,0,0.17173635910237675,0.14636082418082813,4.483965140832257,0.8717050596020486,0.0,0.9814814814814815,0.0,0.1,0.0,0.8162672940386821,0.1,0.08,0.13432835820895522,0.5,0.25
71,0.9020438189701983,0.4956162502311099,0.890407972304738,0.4970041398779256,0.23380311223024616,0.4980826773373274,0.7177177177177178,0.37903415293707504,0.3920076964722871,0.08408408408408409,0.6828571428571428,0.3741470025808176,0.3889760784807807,0.08,0.14714714714714713,0.19714285714285715,0.04857142857142857,4.36,0.09309309309309309,0.002857142857142857,0.028004383576159943,0.11836634914903713,10.66066066066066,0.0,0.0,0.15,0.08108108108108109,0,0.172191249449722,0.14636082418082813,4.591428695158469,0.8876502224576002,0.0,0.9855072463768116,0.0,0.1,0.0,0.8196405646348139,0.1,0.08,0.1497005988023952,0.5,0.25
72,0.9023762201646139,0.49504898371917877,0.8907242282982819,0.49638968773293,0.23380311223024616,0.4979803617117573,0.6786786786786787,0.37903415293707504,0.3920076964722871,0.08408408408408409,0.6457142857142857,0.3741470025808176,0.3889760784807807,0.08,0.15915915915915915,0.18857142857142858,0.04857142857142857,4.497142857142857,0.0960960960960961,0.0,0.028019247968930322,0.11836634914903713,10.66066066066066,0.0,0.0,0.15,0.08108108108108109,0,0.17207315034533052,0.14562902005992398,4.688171549826728,0.8698972180084482,0.0,1.0,0.0,0.1,0.0,0.8226765081713325,0.1,0.08,0.15915915915915915,0.5,0.25
73,0.9051168299807453,0.4946066818390498,0.8933428205611074,0.4961190525961817,0.23380311223024616,0.49786076933887946,0.6566265060240963,0.37816501885669673,0.3913923479776342,0.08433734939759036,0.6228571428571429,0.3741470025808176,0.3889760784807807,0.08,0.12951807228915663,0.14285714285714285,0.05142857142857143,4.611428571428571,0.09939759036144578,0.002857142857142857,0.02805830403955172,0.11836634914903713,10.210843373493976,0.0,0.0,0.15,0.08132530120481928,0,0.17184121316503248,0.14490087495962437,4.737265261687336,0.8524992736482793,0.0,1.0,0.0,0.1,0.0,0.8254088573541993,0.1,0.08,0.13213213213213212,0.5,0.25
74,0.9058996212584646,0.49480398144274684,0.8940853540016869,0.4962343943689726,0.23380311223024616,0.497756372684149,0.677710843373494,0.3782855007844076,0.3914827094234174,0.08433734939759036,0.6428571428571429,0.3742612882951033,0.389061792766495,0.08,0.11746987951807229,0.14285714285714285,0.05142857142857143,4.7371428571428575,0.10542168674698796,0.0,0.02816953579000807,0.11836634914903713,10.210843373493976,0.0,0.0,0.15,0.08132530120481928,0,0.17220972138492158,0.14497401861610854,4.7853770993107325,0.8524992736482793,0.0,0.98,0.0,0.1,0.0,0.8233498993296228,0.1,0.08,0.11746987951807229,0.5,0.25
75,0.909529187750045,0.49489144715025735,0.8977307454681718,0.49636872244392,0.23380311223024616,0.4976807540287365,0.6990881458966566,0.37847593483657926,0.39223686037615074,0.0851063829787234,0.6571428571428571,0.37437557400938903,0.3891475070522093,0.08,0.1337386018237082,0.17142857142857143,0.06,4.871428571428571,0.1033434650455927,0.008571428571428572,0.028175233246344175,0.11836634914903713,10.145896656534955,0.0,0.0,0.15,0.08206686930091185,0,0.172576672777997,0.14570253127247088,4.861098128753089,0.8542709584100077,0.0,0.9833333333333333,0.0,0.1,0.0,0.8260149093966604,0.1,0.08,0.14156626506024098,0.5,0.25
76,0.9114925310352804,0.4950937375910457,0.8995470523325362,0.49649685598043164,0.23380311223024616,0.49761769564454433,0.6859756097560976,0.37817011671024525,0.39222738393891166,0.08536585365853659,0.6428571428571429,0.3744327168665319,0.38919036419506636,0.08,0.11890243902439024,0.14285714285714285,0.06285714285714286,4.98,0.10060975609756098,0.002857142857142857,0.028181079079587366,0.11836634914903711,10.140243902439025,0.0,0.0,0.15,0.07926829268292683,0,0.17279921798553555,0.14650895667145317,4.906733309035171,0.8717050596020486,0.0,0.98,0.0,0.1,0.0,0.8263617467244716,0.1,0.08,0.12158054711246201,0.5,0.25
77,0.913584181040156,0.4942855575105966,0.9015398268732764,0.4960408843985577,0.23380311223024616,0.4976264074139057,0.7186544342507645,0.37827652685192836,0.39269360252478047,0.0856269113149847,0.6714285714285714,0.3746041454379604,0.38931893562363784,0.08,0.1437308868501529,0.15142857142857144,0.06571428571428571,5.111428571428571,0.10091743119266056,0.002857142857142857,0.028178683982706815,0.11836634914903711,10.128440366972477,0.0,0.0,0.15,0.07951070336391437,0,0.1735345076098936,0.14865337500000003,4.960027214283039,0.9431128000000003,0.0,0.9622641509433962,0.0,0.1,0.0,0.8287255720520245,0.1,0.08,0.14329268292682926,0.5,0.25
78,0.9150848219642309,0.4939206889712037,0.9023209017565732,0.49555707867822957,0.23380311223024616,0.4976131952438754,0.6748466257668712,0.3785784589578054,0.3923300196673227,0.08588957055214724,0.6285714285714286,0.3747184311522462,0.38940464990935214,0.08,0.1165644171779141,0.14285714285714285,0.06857142857142857,5.251428571428572,0.10429447852760736,0.002857142857142857,0.02820688217093699,0.11836634914903713,10.104294478527608,0.0,0.0,0.15,0.07975460122699386,0,0.17418069221470125,0.149325,5.00368381285452,0.98,0.0,0.96,0.0,0.1,0.0,0.8255777854890238,0.1,0.08,0.1162079510703364,0.5,0.25
79,0.9165606321083104,0.49453511400523986,0.9036955134907732,0.49627095052768516,0.23380311223024616,0.4975292206315723,0.6503067484662577,0.378639808651057,0.3923760319372614,0.08588957055214724,0.6057142857142858,0.374775574009389,0.38944750705220926,0.08,0.12883435582822086,0.13428571428571429,0.06857142857142857,5.3914285714285715,0.10736196319018405,0.0,0.028199674913608638,0.11836634914903713,10.104294478527608,0.0,0.0,0.15,0.07975460122699386,0,0.17445164661077062,0.14925,5.037895850883144,0.9623600000000003,0.0,0.9787234042553191,0.0,0.1,0.0,0.8280200069401215,0.1,0.08,0.12883435582822086,0.5,0.25
80,0.9187023566010889,0.49469019215360344,0.9056903768754754,0.4965500789236825,0.23380311223024616,0.4974727244865206,0.6503067484662577,0.3789465571173146,0.3926060932869546,0.08588957055214724,0.6057142857142858,0.3750612882951033,0.38966179276649493,0.08,0.1411042944785276,0.15428571428571428,0.06857142857142857,5.505714285714285,0.10736196319018405,0.0,0.02818215925207114,0.11836634914903713,10.104294478527608,0.0,0.0,0.15,0.07975460122699386,0,0.1756072455205739,0.15,5.091423648151196,0.9818285036766857,0.0,0.9444444444444444,0.0,0.1,0.0,0.8302180062461093,0.1,0.08,0.1411042944785276,0.5,0.25
81,0.9209529748542352,0.494695766254177,0.908012515663108,0.49638134666866846,0.23380311223024616,0.4975276201586596,0.6307692307692307,0.37803148160417027,0.3933473959194728,0.08615384615384615,0.5857142857142857,0.37511843115224613,0.3897046499093521,0.08,0.12615384615384614,0.15142857142857144,0.07142857142857142,5.634285714285714,0.11076923076923077,0.002857142857142857,0.02816541957081228,0.11836634914903711,10.086153846153847,0.0,0.0,0.15,0.08,0,0.1758716378643996,0.14925,5.141023746616743,0.962191933603152,0.0,0.9811320754716981,0.0,0.1,0.0,0.8321962056214984,0.1,0.08,0.12883435582822086,0.5,0.25
82,0.9237873100912497,0.4951951994559518,0.9099233967077999,0.49693580715329144,0.23380311223024616,0.49770831775805097,0.6018518518518519,0.3777680637900214,0.3936657348958743,0.08641975308641975,0.5571428571428572,0.37511843115224613,0.3897046499093521,0.08,0.13580246913580246,0.16285714285714287,0.07428571428571429,5.768571428571429,0.10493827160493827,0.002857142857142857,0.028169275679615975,0.11836634914903711,10.067901234567902,0.0,0.0,0.15,0.08024691358024691,0,0.17581971110007763,0.14850375,5.20106041454155,0.9429480949310889,0.0,1.0,0.0,0.1,0.0,0.8339765850593486,0.1,0.08,0.13846153846153847,0.5,0.25
83,0.9270032970312685,0.4948852705480583,0.9129004817608458,0.49666752670915504,0.23380311223024616,0.49789891082609095,0.6481481481481481,0.3778297921850831,0.3937120311921707,0.08641975308641975,0.6,0.375175574009389,0.3897475070522093,0.08,0.13271604938271606,0.1657142857142857,0.07428571428571429,5.925714285714286,0.1111111111111111,0.0,0.028167868785782126,0.11836634914903711,10.067901234567902,0.0,0.0,0.15,0.08024691358024691,0,0.1759406125445772,0.14776123124999999,5.262753491965006,0.9397393012922016,0.0,0.9827586206896551,0.0,0.1,0.0,0.8355789265534137,0.1,0.08,0.13271604938271606,0.5,0.25
84,0.9290586200405493,0.4949886868842852,0.9146450132508682,0.4967157466449202,0.23380311223024616,0.4981240351904941,0.6791277258566978,0.3774173050099266,0.3937439033732933,0.08722741433021806,0.6228571428571429,0.375175574009389,0.3897475070522093,0.08,0.14018691588785046,0.15428571428571428,0.08285714285714285,6.042857142857143,0.102803738317757,0.008571428571428572,0.028193219778778405,0.11836634914903711,9.95638629283489,0.0,0.0,0.15,0.08099688473520249,0,0.1758314816247115,0.14702242509375,5.311784136411419,0.9209445152663576,0.0,1.0,0.0,0.1,0.0,0.8370210338980724,0.1,0.08,0.14506172839506173,0.5,0.25
85,0.9311012378345825,0.4946829197174702,0.9161335113143866,0.4966626085604384,0.23380311223024616,0.49837533382383625,0.6238244514106583,0.3775678766122842,0.39464661970045123,0.0877742946708464,0.5685714285714286,0.37528985972367473,0.3898332213379235,0.08,0.14106583072100312,0.15428571428571428,0.08857142857142856,6.171428571428572,0.11598746081504702,0.005714285714285714,0.02826762795491744,0.1183663491490371,9.87460815047022,0.0,0.0,0.15,0.08150470219435736,0,0.1760944677880165,0.14650895667145317,5.359834167968905,0.9039207967999998,0.0,0.9814814814814815,0.0,0.1,0.0,0.8383189305082651,0.1,0.08,0.14641744548286603,0.5,0.25
86,0.9317493690970183,0.4937237833269802,0.9164032644601793,0.49583504883269386,0.23380311223024616,0.49872476216227934,0.6666666666666666,0.37859439644845966,0.39412613786622186,0.0880503144654088,0.6057142857142858,0.37540414543796047,0.3899189356236379,0.08,0.1509433962264151,0.15714285714285714,0.09142857142857143,6.291428571428572,0.11949685534591195,0.002857142857142857,0.028286168803629642,0.11836634914903711,9.830188679245284,0.0,0.0,0.15,0.08176100628930817,0,0.17675642402050498,0.14791010812500002,5.409780341752384,0.8913773427776011,0.0,0.9636363636363636,0.0,0.1,0.0,0.8394870374574386,0.1,0.08,0.1536050156739812,0.5,0.25
87,0.9342470903845748,0.4938864746256264,0.9179522150895004,0.4957624056545577,0.23380311223024616,0.49911510315866614,0.6593059936908517,0.3796714016199362,0.3930799410265741,0.08832807570977919,0.5971428571428572,0.3755184311522461,0.3900046499093521,0.08,0.15141955835962145,0.16285714285714287,0.09428571428571429,6.402857142857143,0.11356466876971609,0.002857142857142857,0.02842595487228281,0.11836634914903711,9.406940063091483,0.0,0.0,0.15,0.07886435331230283,0,0.17701478547183103,0.148578375,5.464441877774479,0.9261713440000008,0.0,0.9824561403508771,0.0,0.1,0.0,0.8405383337116947,0.1,0.08,0.1540880503144654,0.5,0.25
88,0.9351416422902822,0.4937001618250324,0.9188882596576897,0.4957027639272306,0.23380311223024616,0.49958294948344506,0.6835443037974683,0.3801893085092449,0.39368428402474426,0.08860759493670886,0.6171428571428571,0.3755184311522461,0.3900046499093521,0.08,0.11708860759493671,0.13428571428571429,0.09714285714285714,6.4714285714285715,0.11708860759493671,0.002857142857142857,0.02847320023695555,0.1183663491490371,9.386075949367088,0.0,0.0,0.15,0.07911392405063292,0,0.17672914083018615,0.147835483125,5.489438754504704,0.9076479171200007,0.0,1.0,0.0,0.1,0.0,0.8384087905613454,0.1,0.08,0.11987381703470032,0.5,0.25
89,0.9391220409845079,0.49354977759658686,0.9209414946849506,0.49532891705395204,0.23380311223024616,0.5000204953650873,0.6719745222929936,0.3802592677602222,0.394103088250963,0.08917197452229299,0.6028571428571429,0.37574700258081767,0.3901760784807807,0.08,0.13694267515923567,0.15714285714285714,0.10285714285714286,6.605714285714286,0.11464968152866242,0.005714285714285714,0.028530206506892482,0.11836634914903711,9.10828025477707,0.0,0.0,0.15,0.07961783439490445,0,0.17790149584032094,0.15,5.536792836557467,0.9643600000000009,0.0,0.9454545454545454,0.0,0.1,0.0,0.8395679115052109,0.1,0.08,0.13924050632911392,0.5,0.25
90,0.9398832779395865,0.4938693562440966,0.9216244329817928,0.4954701849735543,0.23380311223024616,0.5002133324568029,0.6656050955414012,0.38045035056276993,0.3942464003528739,0.08917197452229299,0.5971428571428572,0.3759184311522462,0.39030464990935215,0.08,0.1464968152866242,0.16285714285714287,0.10285714285714286,6.7542857142857144,0.1178343949044586,0.0,0.028604202059828682,0.11836634914903711,9.10828025477707,0.0,0.0,0.15,0.07961783439490445,0,0.17906770550040504,0.15,5.588914122683461,0.9820000000000004,0.0,0.9298245614035088,0.0,0.1,0.0,0.8406111203546899,0.1,0.08,0.1464968152866242,0.5,0.25
91,0.9426712703664499,0.49436457902050696,0.9223887371797748,0.49567161859653375,0.23380311223024616,0.5004353752381164,0.6645367412140575,0.3807666160505042,0.3944458883434907,0.08945686900958466,0.5942857142857143,0.3759184311522462,0.39030464990935215,0.08,0.15335463258785942,0.1657142857142857,0.10571428571428572,6.862857142857143,0.11501597444089456,0.002857142857142857,0.028622119142408115,0.1183663491490371,9.073482428115016,0.0,0.0,0.15,0.07987220447284345,0,0.1788860812586173,0.14925,5.642850125944077,0.9623600000000003,0.0,1.0,0.0,0.1,0.0,0.8415500083192209,0.1,0.08,0.15605095541401273,0.5,0.25
92,0.9435610479831743,0.49482897601640746,0.9226411748346478,0.49616143975399624,0.23380311223024616,0.5007353511929115,0.6474358974358975,0.38108384109847193,0.3933370197865665,0.08974358974358974,0.5771428571428572,0.3759184311522462,0.39030464990935215,0.08,0.15705128205128205,0.15142857142857144,0.10857142857142857,6.977142857142857,0.11217948717948718,0.002857142857142857,0.02862274248031594,0.11836634914903713,9.070512820512821,0.0,0.0,0.15,0.08012820512820513,0,0.17864822299518138,0.14850375,5.681421694853767,0.9431128000000003,0.0,1.0,0.0,0.1,0.0,0.8423950074872988,0.1,0.08,0.15654952076677317,0.5,0.25
93,0.9442467620317169,0.4955722827707943,0.923252439929349,0.4966497231670769,0.23380311223024616,0.5010430575094281,0.6891025641025641,0.38121204622667704,0.39343317363272035,0.08974358974358974,0.6142857142857143,0.37603271686653184,0.3903903641950664,0.08,0.14743589743589744,0.15142857142857144,0.10857142857142857,7.091428571428572,0.125,0.0,0.02861640181208461,0.11836634914903713,9.070512820512821,0.0,0.0,0.15,0.08012820512820513,0,0.1789255540230626,0.14776123124999999,5.719221832385262,0.9411919999999999,0.0,0.9811320754716981,0.0,0.1,0.0,0.8431555067385689,0.1,0.08,0.14743589743589744,0.5,0.25
94,0.9448709555235685,0.49503250729824333,0.9236220928852761,0.4962178444333025,0.23380311223024616,0.5012427676145716,0.632258064516129,0.3818507968491632,0.39339787121331055,0.09032258064516129,0.56,0.3760898597236747,0.3904332213379235,0.08,0.13548387096774195,0.15428571428571428,0.11428571428571428,7.191428571428571,0.11612903225806452,0.005714285714285714,0.028657503943199103,0.1183663491490371,8.890322580645162,0.0,0.0,0.15,0.08064516129032258,0,0.17914478339580442,0.14724518258437505,5.759123110023272,0.9223681599999999,0.0,0.9814814814814815,0.0,0.1,0.0,0.843839956064712,0.1,0.08,0.14102564102564102,0.5,0.25
95,0.947136945534407,0.4945717779404622,0.924522579661416,0.4964258344427909,0.23380311223024616,0.5013969735739692,0.6136363636363636,0.38282749976130537,0.3939818908407805,0.09090909090909091,0.54,0.3760898597236747,0.3904332213379235,0.08,0.1461038961038961,0.1457142857142857,0.12,7.2628571428571425,0.11038961038961038,0.005714285714285714,0.028744901642113553,0.11836634914903711,8.714285714285714,0.0,0.0,0.15,0.08116883116883117,0,0.17884877376453967,0.14650895667145317,5.789654933537092,0.9039207967999998,0.0,1.0,0.0,0.1,0.0,0.8444559604582408,0.1,0.08,0.15161290322580645,0.5,0.25
96,0.9498579042290028,0.4936685124446242,0.9266535595512765,0.49581782809239916,0.23380311223024616,0.5017105132600997,0.6938110749185668,0.3838706690810337,0.3943456318966749,0.09120521172638436,0.6085714285714285,0.37626128829510336,0.390561792766495,0.08,0.14332247557003258,0.15428571428571428,0.12285714285714286,7.3742857142857146,0.11400651465798045,0.002857142857142857,0.028825474946826243,0.1183663491490371,8.697068403908794,0.0,0.0,0.15,0.08143322475570032,0,0.180039244895717,0.15,5.828147549152065,0.9540802089969461,0.0,0.9444444444444444,0.0,0.1,0.0,0.8450103644124167,0.1,0.08,0.14285714285714285,0.5,0.25
97,0.9535188548146476,0.4935693212184538,0.9284734951069538,0.49654827033075905,0.23380311223024616,0.5020308694774575,0.7072368421052632,0.38536531175531663,0.3951089365351898,0.09210526315789473,0.6142857142857143,0.37643271686653196,0.39069036419506636,0.08,0.14144736842105263,0.16,0.13142857142857142,7.488571428571428,0.10526315789473684,0.008571428571428572,0.028966510856098745,0.11836634914903711,8.381578947368421,0.0,0.0,0.15,0.08223684210526316,0,0.18065304867123844,0.149325,5.871584598169022,0.9450728000000008,0.0,0.9642857142857143,0.0,0.1,0.0,0.8455093279711751,0.1,0.08,0.1465798045602606,0.5,0.25
98,0.9555604890351675,0.4937582491102937,0.9302468002584909,0.49679000754652575,0.23380311223024616,0.5022081003235318,0.6842105263157895,0.38536531175531663,0.3951089365351898,0.09210526315789473,0.5942857142857143,0.37643271686653196,0.39069036419506636,0.08,0.11513157894736842,0.11714285714285715,0.13142857142857142,7.594285714285714,0.10855263157894737,0.0,0.029062601965027347,0.11836634914903711,8.381578947368421,0.0,0.0,0.15,0.07894736842105263,0,0.18034935485645365,0.148578375,5.8712957633485,0.9261713440000008,0.0,1.0,0.0,0.1,0.0,0.8400373425424786,0.1,0.08,0.11513157894736842,0.5,0.25
99,0.9542351283675402,0.4937663068718214,0.9291685252945145,0.49682963801887847,0.23380311223024616,0.5021897878121112,0.6732673267326733,0.3864456255906619,0.3948694169305867,0.0924092409240924,0.5828571428571429,0.37660414543796045,0.3908189356236378,0.08,0.13861386138613863,0.1457142857142857,0.13428571428571429,7.677142857142857,0.10891089108910891,0.002857142857142857,0.029074394922425768,0.1183663491490371,8.343234323432343,0.0,0.0,0.15,0.07920792079207921,0,0.18101832236788568,0.14865337500000003,5.899584133795815,0.9431128000000003,0.0,0.9607843137254902,0.0,0.1,0.0,0.8410336082882308,0.1,0.08,0.14144736842105263,0.5,0.25
100,0.9572142701505593,0.4942814995550515,0.9301805438853304,0.49734844684999086,0.23380311223024616,0.5022195772460775,0.7052980132450332,0.3875153334464682,0.3952659234180218,0.09602649006622517,0.6085714285714285,0.3767184311522461,0.3909046499093521,0.08285714285714285,0.1456953642384106,0.15142857142857144,0.13714285714285715,7.797142857142857,0.10596026490066225,0.002857142857142857,0.02908558490389684,0.11836634914903711,8.317880794701987,0.0,0.0,0.15,0.07947019867549669,0,0.1812553743274748,0.14791010812500002,5.93302102254847,0.9242505440000003,0.0,0.9811320754716981,0.0,0.1,0.0,0.8419302474594077,0.1,0.08,0.14521452145214522,0.5,0.25
101,0.9583764533806329,0.4949514793807483,0.9308643273894044,0.49798280979151094,0.23380311223024616,0.5021177266381237,0.6923076923076923,0.38813060250936476,0.39753582080826894,0.09698996655518395,0.5914285714285714,0.3768327168665319,0.3909903641950664,0.08285714285714285,0.11705685618729098,0.13142857142857142,0.1457142857142857,7.92,0.10033444816053512,0.008571428571428572,0.029167922886143623,0.1183663491490371,8.127090301003344,0.0,0.0,0.15,0.0802675585284281,0,0.18180595459869459,0.158954362224481,5.945789173526071,0.9643600000000009,0.0,0.9565217391304348,0.0,0.1,0.0,0.8412471564883014,0.1,0.08,0.12251655629139073,0.5,0.25
102,0.9576248009248698,0.49494343586951933,0.9302222014343381,0.49841739327774026,0.23380311223024616,0.501926836645495,0.68561872909699,0.3881974921414718,0.39758598803234924,0.09698996655518395,0.5857142857142857,0.3768898597236747,0.39103322133792356,0.08285714285714285,0.12709030100334448,0.13714285714285715,0.1457142857142857,8.045714285714286,0.10367892976588629,0.0,0.02921994732252585,0.1183663491490371,8.127090301003344,0.0,0.0,0.15,0.0802675585284281,0,0.18215264196498684,0.24202264287576872,5.9640162471984075,1.018386883249624,0.0,0.9791666666666666,0.0,0.1,0.0,0.8421224408394713,0.1,0.08,0.12709030100334448,0.5,0.25
103,0.9584708946642637,0.4959487323091279,0.9306067259433225,0.49897708166922045,0.23380311223024616,0.501792919946878,0.6610738255033557,0.3894154207283174,0.3984002587240024,0.09731543624161074,0.5628571428571428,0.3771184311522462,0.39120464990935205,0.08285714285714285,0.11409395973154363,0.12285714285714286,0.14857142857142858,8.128571428571428,0.10067114093959731,0.002857142857142857,0.029269761594966578,0.11836634914903711,8.080536912751677,0.0,0.0,0.15,0.08053691275167785,0,0.18309887875516187,0.24081252966138988,5.967593065111582,1.0336591455846305,0.0,0.9302325581395349,0.0,0.1,0.0,0.8381443104678987,0.1,0.08,0.11705685618729098,0.5,0.25
104,0.9583901726052827,0.4970747742840483,0.9299776497425918,0.4990148842832515,0.23380311223024616,0.5017005718215987,0.7084745762711865,0.3884831444645855,0.39835525406802147,0.09830508474576272,0.5971428571428572,0.3771184311522462,0.39120464990935205,0.08285714285714285,0.1152542372881356,0.13428571428571429,0.15714285714285714,8.237142857142857,0.09152542372881356,0.008571428571428572,0.029512761950602078,0.11836634914903711,7.430508474576271,0.0,0.0,0.15,0.08135593220338982,0,0.18292524221852893,0.23960846701308294,5.982526918095065,1.0129859626729378,0.0,1.0,0.0,0.1,0.0,0.836813100897619,0.1,0.08,0.12080536912751678,0.5,0.25
105,0.9606727659928783,0.4972416844792166,0.9306225533919223,0.4985460573987325,0.23380311223024616,0.5017020997311196,0.7191780821917808,0.39063871455139143,0.397978568087843,0.09931506849315068,0.6,0.37717557400938906,0.39124750705220923,0.08285714285714285,0.1267123287671233,0.12857142857142856,0.1657142857142857,8.334285714285715,0.0821917808219178,0.008571428571428572,0.029647203424683334,0.11836634914903711,7.3561643835616435,0.0,0.0,0.15,0.0821917808219178,0,0.18312433029315056,0.2520511626137048,5.991447808304591,1.2035745291918336,0.0,0.9777777777777777,0.0,0.1,0.0,0.838131790807857,0.1,0.08,0.13220338983050847,0.5,0.25
106,0.9607790720383259,0.4965050526347937,0.9307112430069815,0.4974399000248885,0.23380311223024616,0.5015200910355686,0.726027397260274,0.3907757008527613,0.39808130781387036,0.09931506849315068,0.6057142857142858,0.3772898597236747,0.39133322133792353,0.08285714285714285,0.09246575342465753,0.08857142857142856,0.1657142857142857,8.457142857142857,0.0821917808219178,0.0,0.029834971575954754,0.11836634914903711,7.3561643835616435,0.0,0.0,0.15,0.07876712328767123,0,0.18315113721311335,0.2541985490257218,5.960190280709929,1.2196303763432046,0.0,0.967741935483871,0.0,0.1,0.0,0.8197980637818658,0.1,0.08,0.09246575342465753,0.5,0.25
107,0.9594606039659551,0.49705287450057734,0.9296966281150019,0.49788596769687826,0.23380311223024616,0.5013119451192429,0.7422680412371134,0.3916806511924524,0.3985010413437937,0.09965635738831616,0.6171428571428571,0.37734700258081766,0.3913760784807806,0.08285714285714285,0.12714776632302405,0.13142857142857142,0.16857142857142857,8.56,0.0859106529209622,0.002857142857142857,0.029837278669651243,0.11836634914903711,7.25085910652921,0.0,0.0,0.15,0.07903780068728522,0,0.18349109652704784,0.2529275562805932,5.9724150465243016,1.1952377688163405,0.0,0.9782608695652174,0.0,0.1,0.0,0.8228182574036792,0.1,0.08,0.13013698630136986,0.5,0.25
108,0.9646133351780314,0.4969585564269121,0.930481938337339,0.4969518745205512,0.23380311223024616,0.5009828610778584,0.6968641114982579,0.3924361701025707,0.39843393930882615,0.10104529616724739,0.5714285714285714,0.37734700258081766,0.3913760784807806,0.08285714285714285,0.10104529616724739,0.10571428571428572,0.18,8.625714285714286,0.07317073170731707,0.011428571428571429,0.030139240393298516,0.1183663491490371,6.550522648083624,0.0,0.0,0.15,0.08013937282229965,0,0.18314464104441258,0.25166291849919026,5.9586810313081005,1.1713330134400135,0.0,1.0,0.0,0.1,0.0,0.8165158131066103,0.1,0.08,0.10996563573883161,0.5,0.25
109,0.9652209370133839,0.4973709033097949,0.9309801718423283,0.4973946403900148,0.23380311223024616,0.5007269592785801,0.735191637630662,0.3924361701025707,0.39843393930882615,0.10104529616724739,0.6028571428571429,0.37734700258081766,0.3913760784807806,0.08285714285714285,0.11498257839721254,0.10857142857142857,0.18,8.697142857142858,0.08013937282229965,0.0,0.030368090065876607,0.1183663491490371,6.550522648083624,0.0,0.0,0.15,0.08013937282229965,0,0.18285691783919053,0.2504046039066943,5.948078839253367,1.1479063531712135,0.0,1.0,0.0,0.1,0.0,0.8138537788342768,0.1,0.08,0.11498257839721254,0.5,0.25
110,0.9646276253853971,0.49801444116209903,0.9304936563073793,0.4980261037306565,0.23380311223024616,0.500471040803276,0.7282229965156795,0.3925058565137205,0.3984862041171885,0.10104529616724739,0.5971428571428572,0.37740414543796047,0.39141893562363783,0.08285714285714285,0.11149825783972125,0.09714285714285714,0.18,8.757142857142858,0.08362369337979095,0.0,0.030412199607515886,0.1183663491490371,6.550522648083624,0.0,0.0,0.15,0.08013937282229965,0,0.18299891967856602,0.2648662076625243,5.926260119611157,1.1626505156410856,0.0,0.9705882352941176,0.0,0.1,0.0,0.8093673556546819,0.1,0.08,0.11149825783972125,0.5,0.25
111,0.9642945714337656,0.49736942896820335,0.9302205520670414,0.49770498777315814,0.23380311223024616,0.5001857779286817,0.7560975609756098,0.3926452293360202,0.39859073373391324,0.10104529616724739,0.62,0.3775184311522462,0.3915046499093521,0.08285714285714285,0.1289198606271777,0.12285714285714286,0.18,8.837142857142856,0.08710801393728224,0.0,0.03037224365753124,0.1183663491490371,6.550522648083624,0.0,0.0,0.15,0.08013937282229965,0,0.18376807079088744,0.26354187662421164,5.930592060076077,1.1393975053282641,0.0,0.9534883720930233,0.0,0.1,0.0,0.8134306200892136,0.1,0.08,0.1289198606271777,0.5,0.25
112,0.966248235730551,0.49718726037010935,0.9314054204552552,0.4974298388857712,0.23380311223024616,0.49993470555913366,0.7552447552447552,0.3928604204809695,0.39865890259143466,0.10139860139860139,0.6171428571428571,0.377575574009389,0.3915475070522092,0.08285714285714285,0.10139860139860139,0.1,0.18285714285714286,8.934285714285714,0.08391608391608392,0.002857142857142857,0.030503260266992394,0.1183663491490371,6.461538461538462,0.0,0.0,0.15,0.08041958041958042,0,0.1838489447226473,0.2622241672410906,5.911980218874556,1.1166095552216988,0.0,0.9714285714285714,0.0,0.1,0.0,0.8048053281151355,0.1,0.08,0.10452961672473868,0.5,0.25
113,0.9658663535336525,0.4984669911276446,0.9310933681457898,0.4987003555215566,0.23380311223024616,0.4997090671481931,0.7517482517482518,0.3929303505508996,0.39871135014388215,0.10139860139860139,0.6142857142857143,0.3776327168665318,0.3915903641950664,0.08285714285714285,0.08391608391608392,0.07428571428571429,0.18285714285714286,9.005714285714285,0.08741258741258741,0.0,0.030735357857468372,0.1183663491490371,6.461538461538462,0.0,0.0,0.15,0.08041958041958042,0,0.18381512857046264,0.26648554071342095,5.868026328782777,1.1205004669571148,0.0,0.9615384615384616,0.0,0.1,0.0,0.7846744456532723,0.1,0.08,0.08391608391608392,0.5,0.25
114,0.9663539563622984,0.4985371674500171,0.9316840724208415,0.4988359090035284,0.23380311223024616,0.4993996645341743,0.7605633802816901,0.39300768655710294,0.4002628034922374,0.10211267605633803,0.6171428571428571,0.3776898597236748,0.3916332213379235,0.08285714285714285,0.09507042253521127,0.1,0.18857142857142858,9.085714285714285,0.08098591549295775,0.005714285714285714,0.03084094569369318,0.11836634914903708,6.394366197183099,0.0,0.0,0.15,0.08098591549295775,0,0.1841227693561818,0.2712758861868966,5.850665802207121,1.1635352722343282,0.0,0.9714285714285714,0.0,0.1,0.0,0.7770461619271058,0.1,0.08,0.10139860139860139,0.5,0.25
115,0.9671919925795489,0.4983740487817457,0.9323252012804226,0.49905482148734287,0.23380311223024616,0.49892223019369975,0.7420494699646644,0.393501853807375,0.40077498117182986,0.10247349823321555,0.6,0.3776898597236748,0.3916332213379235,0.08285714285714285,0.08833922261484099,0.09142857142857143,0.19142857142857142,9.162857142857144,0.09187279151943463,0.002857142857142857,0.031016406127913346,0.11836634914903713,6.3886925795053005,0.0,0.0,0.15,0.0812720848056537,0,0.1837444419379723,0.2699195067559621,5.825081057591552,1.1402645667896416,0.0,1.0,0.0,0.1,0.0,0.764271123199184,0.1,0.08,0.09154929577464789,0.5,0.25
116,0.9677853915601149,0.49917301894161764,0.9328050067418513,0.49986788116949193,0.23380311223024616,0.4983519895485228,0.7173144876325088,0.393501853807375,0.40077498117182986,0.10247349823321555,0.58,0.3776898597236748,0.3916332213379235,0.08285714285714285,0.11307420494699646,0.1,0.19142857142857142,9.26,0.09540636042402827,0.0,0.031001766991361715,0.11836634914903713,6.3886925795053005,0.0,0.0,0.15,0.0812720848056537,0,0.1835101497282824,0.26856990922218227,5.808579436439719,1.1174592754538488,0.0,1.0,0.0,0.1,0.0,0.7656885338474635,0.1,0.08,0.11307420494699646,0.5,0.25
117,0.9674121319084102,0.4988055673490195,0.9325031996520448,0.49930627176674536,0.23380311223024616,0.4979137177417814,0.7279151943462897,0.3935725251854668,0.4008279847053987,0.10247349823321555,0.5885714285714285,0.3777470025808176,0.39167607848078057,0.08285714285714285,0.14487632508833923,0.12571428571428572,0.19142857142857142,9.36,0.09540636042402827,0.0,0.030915030502436287,0.11836634914903713,6.3886925795053005,0.0,0.0,0.15,0.0812720848056537,0,0.18376317112249813,0.2672270596760714,5.818122133425213,1.160116841058064,0.0,0.9772727272727273,0.0,0.1,0.0,0.7741196804627172,0.1,0.08,0.14487632508833923,0.5,0.25
118,0.9682019653006488,0.49865245973100064,0.9331418363663404,0.4991391423898516,0.23380311223024616,0.49744170186606684,0.7031802120141343,0.3935725251854668,0.4008279847053987,0.10247349823321555,0.5685714285714286,0.3777470025808176,0.39167607848078057,0.08285714285714285,0.11307420494699646,0.10571428571428572,0.19142857142857142,9.445714285714285,0.09187279151943463,0.0,0.030910596256374916,0.11836634914903713,6.3886925795053005,0.0,0.0,0.15,0.0812720848056537,0,0.18333006955259992,0.265890924377691,5.807473976470993,1.1369145042369027,0.0,1.0,0.0,0.1,0.0,0.7745522353846434,0.1,0.08,0.11307420494699646,0.5,0.25
119,0.9687698000020442,0.4987750482535905,0.9330245874710769,0.4992357365347058,0.23380311223024616,0.49693423417443944,0.7117437722419929,0.3947694012105747,0.4010002277930653,0.10320284697508897,0.5714285714285714,0.3777470025808176,0.39167607848078057,0.08285714285714285,0.10676156583629894,0.09714285714285714,0.19714285714285715,9.525714285714285,0.08185053380782918,0.005714285714285714,0.030919765084485563,0.11836634914903708,6.370106761565836,0.0,0.0,0.15,0.08185053380782918,0,0.18306942205840837,0.2645614697558026,5.78846735408443,1.1141762141521647,0.0,1.0,0.0,0.1,0.0,0.7728213934716207,0.1,0.08,0.10954063604240283,0.5,0.25
120,0.9686334992438864,0.4991427140100831,0.9329151574338133,0.49927677636645706,0.23380311223024616,0.4965711892819705,0.693950177935943,0.3947694012105747,0.4010002277930653,0.10320284697508897,0.5571428571428572,0.3777470025808176,0.39167607848078057,0.08285714285714285,0.12811387900355872,0.12,0.19714285714285715,9.64,0.08896797153024912,0.0,0.030864791872128924,0.11836634914903708,6.370106761565836,0.0,0.0,0.15,0.07829181494661921,0,0.18292436209097343,0.2632386624070236,5.792698007002741,1.0918926898691215,0.0,1.0,0.0,0.1,0.0,0.7805392541244587,0.1,0.08,0.12811387900355872,0.5,0.25
121,0.9701508622006914,0.4978772367679148,0.934133383121991,0.49828319494323964,0.23380311223024616,0.4961557674718497,0.708185053380783,0.3949117499650231,0.40110698935890154,0.10320284697508897,0.5685714285714286,0.3778612882951033,0.391761792766495,0.08285714285714285,0.11743772241992882,0.1,0.19714285714285715,9.708571428571428,0.08896797153024912,0.0,0.030840215096763993,0.11836634914903708,6.370106761565836,0.0,0.0,0.15,0.07829181494661921,0,0.18292402599480428,0.26192246909498845,5.776844046862686,1.0700548360717388,0.0,0.9714285714285714,0.0,0.1,0.0,0.7829479621639701,0.1,0.08,0.11743772241992882,0.5,0.25
122,0.9686777451430978,0.4972652742602065,0.9330401727267711,0.4979087574696611,0.23380311223024616,0.4956559833843826,0.7285714285714285,0.39586425215734766,0.40086841920562094,0.10357142857142858,0.5828571428571429,0.37797557400938897,0.39184750705220917,0.08285714285714285,0.12142857142857143,0.10857142857142857,0.2,9.782857142857143,0.08928571428571429,0.002857142857142857,0.030824203581492498,0.11836634914903713,6.328571428571428,0.0,0.0,0.15,0.07857142857142857,0,0.18300912015054457,0.2698542380564257,5.769878594496861,1.0606065428947853,0.0,0.9736842105263158,0.0,0.1,0.0,0.7872510307162564,0.1,0.08,0.12099644128113879,0.5,0.25
123,0.9705911494317557,0.4972652175834907,0.9333567950395893,0.49779038807738246,0.23380311223024616,0.49523559675022666,0.6953405017921147,0.3965753304654333,0.40077676956645586,0.10752688172043011,0.5542857142857143,0.37808985972367476,0.3919332213379235,0.08571428571428572,0.1039426523297491,0.09428571428571429,0.20285714285714285,9.88,0.08602150537634409,0.002857142857142857,0.030893808270689133,0.1183663491490371,6.32258064516129,0.0,0.0,0.15,0.07885304659498207,0,0.1831502188355061,0.2685049668661436,5.748766736892637,1.0393944120368894,0.0,0.9696969696969697,0.0,0.1,0.0,0.7806687847874878,0.1,0.08,0.10357142857142858,0.5,0.25
124,0.9698451130979511,0.4958803251031783,0.9327620975049279,0.4968080858456283,0.23380311223024616,0.49496128730086214,0.7132616487455197,0.3965753304654333,0.40077676956645586,0.10752688172043011,0.5685714285714286,0.37808985972367476,0.3919332213379235,0.08571428571428572,0.0967741935483871,0.08857142857142856,0.20285714285714285,9.93142857142857,0.0931899641577061,0.0,0.03100907354182493,0.1183663491490371,6.32258064516129,0.0,0.0,0.15,0.07885304659498207,0,0.1827767534556143,0.2671624420318129,5.7223628307262135,1.0186065237961517,0.0,1.0,0.0,0.1,0.0,0.7706664224377713,0.1,0.08,0.0967741935483871,0.5,0.25
125,0.9704071778547634,0.4956189314991089,0.9332946943314875,0.49654126961535555,0.23380311223024616,0.4946943564646193,0.7122302158273381,0.3957842917351863,0.4011531514392992,0.1079136690647482,0.5657142857142857,0.37820414543796044,0.39201893562363777,0.08571428571428572,0.07553956834532374,0.07142857142857142,0.2057142857142857,10.005714285714285,0.09352517985611511,0.002857142857142857,0.03100624957442228,0.11836634914903708,6.316546762589928,0.0,0.0,0.15,0.07913669064748201,0,0.18274815540262193,0.2658266298216538,5.67934414554026,1.0049691273049146,0.0,0.96,0.0,0.1,0.0,0.7706664224377713,0.1,0.08,0.07885304659498207,0.5,0.25
126,0.9714735209338533,0.49523968434562793,0.9341416754057361,0.4963055764319175,0.23380311223024616,0.4944476404684149,0.6906474820143885,0.3957842917351863,0.4011531514392992,0.1079136690647482,0.5485714285714286,0.37820414543796044,0.39201893562363777,0.08571428571428572,0.09712230215827339,0.09714285714285714,0.2057142857142857,10.042857142857143,0.09712230215827339,0.0,0.031102714617582447,0.11836634914903708,6.316546762589928,0.0,0.0,0.15,0.07913669064748201,0,0.18260413105418025,0.2644974966725455,5.662900119772313,0.9848697447588164,0.0,1.0,0.0,0.1,0.0,0.7618731614889582,0.1,0.08,0.09712230215827339,0.5,0.25
127,0.9719726742685187,0.4946782331244686,0.9336940418469329,0.4958224035019024,0.23380311223024616,0.4941176517283487,0.7318840579710145,0.3954797842677517,0.40153418108839506,0.10869565217391304,0.5771428571428572,0.37820414543796044,0.39201893562363777,0.08571428571428572,0.10144927536231885,0.1,0.21142857142857144,10.125714285714286,0.08695652173913043,0.005714285714285714,0.03117731472916455,0.1183663491490371,6.260869565217392,0.0,0.0,0.15,0.07971014492753623,0,0.18237582611319508,0.26317500918918274,5.6496421173768665,0.96517234986364,0.0,1.0,0.0,0.1,0.0,0.7604340467789114,0.1,0.08,0.1079136690647482,0.5,0.25
128,0.9709873664645504,0.494982952517358,0.9328104629654458,0.49639694589666256,0.23380311223024616,0.4937605925973674,0.7116788321167883,0.3973004871342146,0.4005694462059619,0.10948905109489052,0.5571428571428572,0.37820414543796044,0.39201893562363777,0.08571428571428572,0.08394160583941605,0.08285714285714285,0.21714285714285714,10.157142857142857,0.08029197080291971,0.005714285714285714,0.03129990203186229,0.11836634914903711,6.233576642335766,0.0,0.0,0.15,0.08029197080291971,0,0.1819493755540577,0.26185913414323686,5.6195064178864715,0.9458689028663672,0.0,1.0,0.0,0.1,0.0,0.7487384681879767,0.1,0.08,0.09057971014492754,0.5,0.25
129,0.9719829116725541,0.49569046283852974,0.9335898326425686,0.49657538691053404,0.23380311223024616,0.4934748970907403,0.6970802919708029,0.3974464725356745,0.40067893525705683,0.10948905109489052,0.5457142857142857,0.37831843115224617,0.3921046499093521,0.08571428571428572,0.10583941605839416,0.09142857142857143,0.21714285714285714,10.228571428571428,0.07664233576642336,0.0,0.03134811331098306,0.11836634914903711,6.233576642335766,0.0,0.0,0.15,0.08029197080291971,0,0.18203905724771596,0.26054983847252067,5.598544860957314,0.9713816272813506,0.0,0.96875,0.0,0.1,0.0,0.7473682710042155,0.1,0.08,0.10583941605839416,0.5,0.25
130,0.9710414574167066,0.49569238444319386,0.9326412777215676,0.4960929586554312,0.23380311223024616,0.4933002580383568,0.6764705882352942,0.39843324452456985,0.4027068550519476,0.11029411764705882,0.5257142857142857,0.37837557400938904,0.39214750705220924,0.08571428571428572,0.11397058823529412,0.10571428571428572,0.22285714285714286,10.28,0.07720588235294118,0.005714285714285714,0.031401543744689564,0.1183663491490371,6.036764705882353,0.0,0.0,0.15,0.08088235294117647,0,0.18215671981862025,0.25924708928015805,5.592288249452453,0.9817847417985055,0.0,0.972972972972973,0.0,0.1,0.0,0.7505146555826261,0.1,0.08,0.11313868613138686,0.5,0.25
131,0.970974460236499,0.495207373740285,0.932285100436375,0.49584213005097905,0.23380311223024616,0.49312963804554893,0.7026022304832714,0.4009012619959982,0.4015264051753881,0.11152416356877323,0.54,0.37854700258081764,0.3922760784807807,0.08571428571428572,0.07063197026022305,0.07714285714285714,0.23142857142857143,10.32857142857143,0.06691449814126393,0.008571428571428572,0.03153788524218434,0.11836634914903713,5.895910780669145,0.0,0.0,0.15,0.08178438661710037,0,0.18255993621952712,0.2604260705353032,5.557585341606261,0.980764204293241,0.0,0.9259259259259259,0.0,0.1,0.0,0.7505146555826261,0.1,0.08,0.07720588235294118,0.5,0.25
132,0.9721706979876944,0.4953676528287572,0.9332044945937225,0.4962542879516455,0.23380311223024616,0.4929943674063656,0.7732342007434945,0.40104996088075656,0.4016379293389568,0.11152416356877323,0.5942857142857143,0.3786612882951033,0.3923617927664949,0.08571428571428572,0.08921933085501858,0.08,0.23142857142857143,10.348571428571429,0.06691449814126393,0.0,0.031722001642668175,0.11836634914903713,5.895910780669145,0.0,0.0,0.15,0.08178438661710037,0,0.18264656510985808,0.2591239401826267,5.526433634774135,0.9711002818663844,0.0,0.9642857142857143,0.0,0.1,0.0,0.7389947885373747,0.1,0.08,0.08921933085501858,0.5,0.25
133,0.9708404549105037,0.49524451028232874,0.9321821077715389,0.49610815608015074,0.23380311223024616,0.49283560943627036,0.6840148698884758,0.4011243103231358,0.40169369142074124,0.11152416356877323,0.5257142857142857,0.3787184311522462,0.3924046499093521,0.08571428571428572,0.10780669144981413,0.10285714285714286,0.23142857142857143,10.40857142857143,0.07063197026022305,0.0,0.031713453627066374,0.11836634914903713,5.895910780669145,0.0,0.0,0.15,0.08178438661710037,0,0.1828183329985945,0.2690047916109342,5.518762104935795,0.9907097626350522,0.0,0.9722222222222222,0.0,0.1,0.0,0.7397793245535257,0.1,0.08,0.10780669144981413,0.5,0.25
134,0.9725928850980106,0.49504565256218175,0.9322597675648788,0.49625534451642206,0.23380311223024616,0.49267197033319116,0.7574626865671642,0.4008861259034912,0.4006877249189801,0.11194029850746269,0.58,0.3787184311522462,0.3924046499093521,0.08571428571428572,0.0708955223880597,0.06,0.2342857142857143,10.457142857142857,0.0708955223880597,0.002857142857142857,0.0317256424622297,0.11836634914903713,5.880597014925373,0.0,0.0,0.15,0.08208955223880597,0,0.1822470984764587,0.2676597676528795,5.468386862837081,0.970895567382351,0.0,1.0,0.0,0.1,0.0,0.7397793245535257,0.1,0.08,0.07063197026022305,0.5,0.25
135,0.9746427770064334,0.49472980563517704,0.9338293990833285,0.49611548077705786,0.23380311223024616,0.492568653761714,0.7723880597014925,0.40103537963483454,0.40079966521748756,0.11194029850746269,0.5914285714285714,0.37883271686653186,0.3924903641950664,0.08571428571428572,0.10074626865671642,0.09142857142857143,0.2342857142857143,10.51142857142857,0.0708955223880597,0.0,0.03176418115204154,0.11836634914903713,5.880597014925373,0.0,0.0,0.15,0.07835820895522388,0,0.18239229155550496,0.26632146881461516,5.45044769700891,1.0044048560347028,0.0,0.96875,0.0,0.1,0.0,0.736249153292203,0.1,0.08,0.10074626865671642,0.5,0.25
136,0.9772126939093992,0.4948391372839469,0.9357972211690279,0.4966858352218021,0.23380311223024616,0.49238340033457134,0.7574626865671642,0.40103537963483454,0.40079966521748756,0.11194029850746269,0.58,0.37883271686653186,0.3924903641950664,0.08571428571428572,0.0708955223880597,0.06571428571428571,0.2342857142857143,10.528571428571428,0.0708955223880597,0.0,0.03176418115204154,0.11836634914903713,5.880597014925373,0.0,0.0,0.15,0.07835820895522388,0,0.18193661724058457,0.2649898614705421,5.407153028783017,0.9843167589140087,0.0,1.0,0.0,0.1,0.0,0.736249153292203,0.1,0.08,0.0708955223880597,0.5,0.25
137,0.9785362700744619,0.4949208711403336,0.9360113050990526,0.4966206625145101,0.23380311223024616,0.4921850443398229,0.7443609022556391,0.4024999773323399,0.40323802169618433,0.11278195488721804,0.5657142857142857,0.37883271686653186,0.3924903641950664,0.08571428571428572,0.11654135338345864,0.10571428571428572,0.24,10.554285714285715,0.06015037593984962,0.005714285714285714,0.031711503826322415,0.11836634914903713,5.7894736842105265,0.0,0.0,0.15,0.07894736842105263,0,0.18171164844009594,0.2636649121631894,5.404724253921643,0.9646304237357285,0.0,1.0,0.0,0.1,0.0,0.7465048349779081,0.1,0.08,0.12313432835820895,0.5,0.25
138,0.9766018200356222,0.4946209962448077,0.9345411230695345,0.49610485072226784,0.23380311223024616,0.49191292120210284,0.7744360902255639,0.4025751653022647,0.4032944126736279,0.11278195488721804,0.5885714285714285,0.3788898597236748,0.39253322133792345,0.08571428571428572,0.10150375939849623,0.09428571428571429,0.24,10.594285714285714,0.06015037593984962,0.0,0.03177581401439765,0.11836634914903713,5.7894736842105265,0.0,0.0,0.15,0.07894736842105263,0,0.18177423305503831,0.26234658760237345,5.390915483128923,0.9843851373491175,0.0,0.9696969696969697,0.0,0.1,0.0,0.742756607119215,0.1,0.08,0.10150375939849623,0.5,0.25
139,0.9764143779187909,0.49496926219332943,0.934443030912033,0.49640454556985497,0.23380311223024616,0.49161374068232705,0.7358490566037735,0.40399457980271797,0.4035066916996926,0.11320754716981132,0.5571428571428572,0.3788898597236748,0.39253322133792345,0.08571428571428572,0.08679245283018867,0.07714285714285714,0.24285714285714285,10.645714285714286,0.06037735849056604,0.002857142857142857,0.03189150278405241,0.11836634914903714,5.766037735849056,0.0,0.0,0.15,0.07924528301886792,0,0.18137936188976309,0.2610348546643616,5.360240030609202,0.9646974346021351,0.0,1.0,0.0,0.1,0.0,0.7326162847531581,0.1,0.08,0.09022556390977443,0.5,0.25
140,0.9764169396623054,0.49431236896078895,0.9344449705178368,0.49599127746145055,0.23380311223024616,0.4913679895731291,0.7622641509433963,0.4041455231989444,0.4036198992468624,0.11320754716981132,0.5771428571428572,0.37900414543796046,0.39261893562363787,0.08571428571428572,0.11320754716981132,0.1,0.24285714285714285,10.705714285714286,0.06037735849056604,0.0,0.0318548570923722,0.11836634914903714,5.766037735849056,0.0,0.0,0.15,0.07924528301886792,0,0.18144360793745715,0.2645688630793947,5.353035229997018,0.9618789968333717,0.0,0.9714285714285714,0.0,0.1,0.0,0.7372791845797291,0.1,0.08,0.11320754716981132,0.5,0.25
141,0.9755483308868159,0.4929298655567302,0.9339267233860408,0.49568559980824706,0.23380311223024616,0.49116620973118996,0.7262357414448669,0.40557807020257663,0.403633010645908,0.11406844106463879,0.5457142857142857,0.37900414543796046,0.39261893562363787,0.08571428571428572,0.06463878326996197,0.06571428571428571,0.24857142857142858,10.768571428571429,0.053231939163498096,0.005714285714285714,0.031957374983635274,0.11836634914903713,5.634980988593156,0.0,0.0,0.15,0.07984790874524715,0,0.18099310489776987,0.2632460187639977,5.311688811111363,0.9426414168967043,0.0,1.0,0.0,0.1,0.0,0.7372791845797291,0.1,0.08,0.06415094339622641,0.5,0.25
142,0.9751789377347417,0.49406714004626096,0.9336491508174822,0.4966899061767147,0.23380311223024616,0.4909745134999669,0.7832699619771863,0.4057301614573295,0.40374707908697266,0.11406844106463879,0.5885714285714285,0.37911843115224614,0.39270464990935205,0.08571428571428572,0.09885931558935361,0.08857142857142856,0.24857142857142858,10.82,0.057034220532319393,0.0,0.03202370552794316,0.11836634914903713,5.634980988593156,0.0,0.0,0.15,0.07984790874524715,0,0.18100199651613816,0.26192978867017774,5.294026463460565,0.939550639524473,0.0,0.967741935483871,0.0,0.1,0.0,0.7328668554753683,0.1,0.08,0.09885931558935361,0.5,0.25
143,0.9752322080932807,0.4951801506026558,0.9335864795934679,0.49715115410294486,0.23380311223024616,0.4908308945910147,0.7701149425287356,0.4057523079550464,0.40316721156809077,0.11494252873563218,0.5742857142857143,0.37911843115224614,0.39270464990935205,0.08571428571428572,0.08812260536398467,0.08,0.2542857142857143,10.9,0.05747126436781609,0.005714285714285714,0.03215483525269543,0.11836634914903713,5.586206896551724,0.0,0.0,0.15,0.08045977011494253,0,0.18078113295855747,0.26062013972682685,5.268145934191353,0.9207596267339836,0.0,1.0,0.0,0.1,0.0,0.7243330216388582,0.1,0.08,0.09125475285171103,0.5,0.25
144,0.9762358717773707,0.49592476671808816,0.9343349259407463,0.49761766969415117,0.23380311223024616,0.4906261805599833,0.7701149425287356,0.40590556466002725,0.40328215409682644,0.11494252873563218,0.5742857142857143,0.3792327168665319,0.3927903641950664,0.08571428571428572,0.0842911877394636,0.07142857142857142,0.2542857142857143,10.965714285714286,0.06130268199233716,0.0,0.03230127202363495,0.11836634914903713,5.586206896551724,0.0,0.0,0.15,0.08045977011494253,0,0.1807909422937647,0.25931703902819275,5.234211586936097,0.9313180761800717,0.0,0.96,0.0,0.1,0.0,0.7124744321186505,0.1,0.08,0.0842911877394636,0.5,0.25
145,0.9767158509376314,0.49604182263820823,0.9346928532573979,0.4976166041471033,0.23380311223024616,0.4905174499231138,0.735632183908046,0.40605882136500815,0.40339709662556206,0.11494252873563218,0.5485714285714286,0.3793470025808176,0.39287607848078065,0.08571428571428572,0.11877394636015326,0.1,0.2542857142857143,10.991428571428571,0.05747126436781609,0.0,0.03218794861131519,0.11836634914903713,5.586206896551724,0.0,0.0,0.15,0.08045977011494253,0,0.18088641615372444,0.2580204538330518,5.229527355197376,0.9470728000000013,0.0,0.9714285714285714,0.0,0.1,0.0,0.7224913567228773,0.1,0.08,0.11877394636015326,0.5,0.25
146,0.9763730283201082,0.49519268894143603,0.9344372055340452,0.49696348158797676,0.23380311223024616,0.49034922536332953,0.7394636015325671,0.40605882136500815,0.40339709662556206,0.11494252873563218,0.5514285714285714,0.3793470025808176,0.39287607848078065,0.08571428571428572,0.1111111111111111,0.09142857142857143,0.2542857142857143,11.06,0.05747126436781609,0.0,0.0321382531409763,0.11836634914903713,5.586206896551724,0.0,0.0,0.15,0.08045977011494253,0,0.18046741264438437,0.2567303515638865,5.216365379521999,0.9281313440000012,0.0,1.0,0.0,0.1,0.0,0.7269088877172563,0.1,0.08,0.1111111111111111,0.5,0.25
147,0.9755707273048289,0.4947057313693202,0.9338389182055081,0.49669241641828177,0.23380311223024616,0.49018010907344456,0.7547892720306514,0.40605882136500815,0.40339709662556206,0.11494252873563218,0.5628571428571428,0.3793470025808176,0.39287607848078065,0.08571428571428572,0.09195402298850575,0.07714285714285714,0.2542857142857143,11.088571428571429,0.06130268199233716,0.0,0.03222293557380669,0.11836634914903713,5.586206896551724,0.0,0.0,0.15,0.08045977011494253,0,0.18007907558116248,0.2554466998060671,5.189180929074416,0.9095687171200011,0.0,1.0,0.0,0.1,0.0,0.7193904127386341,0.1,0.08,0.09195402298850575,0.5,0.25
148,0.9751870423176021,0.4951508410318158,0.9335527988293189,0.49704377138524664,0.23380311223024616,0.49012536493991293,0.7509578544061303,0.40605882136500815,0.40339709662556206,0.11494252873563218,0.56,0.3793470025808176,0.39287607848078065,0.08571428571428572,0.09578544061302682,0.07714285714285714,0.2542857142857143,11.148571428571428,0.06513409961685823,0.0,0.03227349319673901,0.11836634914903713,5.586206896551724,0.0,0.0,0.15,0.08045977011494253,0,0.17954996591754238,0.25416946630703674,5.162540167635785,0.8913773427776011,0.0,1.0,0.0,0.1,0.0,0.7149226358325869,0.1,0.08,0.09578544061302682,0.5,0.25
149,0.9757805243482004,0.49413135190846874,0.9339953668578508,0.4961918357847501,0.23380311223024616,0.4900111047771625,0.7203065134099617,0.40605882136500815,0.40339709662556206,0.11494252873563218,0.5371428571428571,0.3793470025808176,0.39287607848078065,0.08571428571428572,0.09961685823754789,0.08571428571428572,0.2542857142857143,11.208571428571428,0.07279693486590039,0.0,0.0322930282243688,0.11836634914903713,5.586206896551724,0.0,0.0,0.15,0.08045977011494253,0,0.17933636179866894,0.2528986189755016,5.145003649997355,0.8735497959220491,0.0,1.0,0.0,0.1,0.0,0.7132004871918569,0.1,0.08,0.09961685823754789,0.5,0.25
150,0.9753815427806205,0.4941958178852658,0.9336978406031698,0.4959211957687458,0.23380311223024616,0.4899032628719909,0.7088122605363985,0.40605882136500815,0.40339709662556206,0.11494252873563218,0.5285714285714286,0.3793470025808176,0.39287607848078065,0.08571428571428572,0.11494252873563218,0.09428571428571429,0.2542857142857143,11.28,0.07279693486590039,0.0,0.03220650259718891,0.11836634914903713,5.586206896551724,0.0,0.0,0.15,0.08045977011494253,0,0.17895367998967557,0.25163412588062406,5.136389291283122,0.856078800003608,0.0,1.0,0.0,0.1,0.0,0.7208459557140505,0.1,0.08,0.11494252873563218,0.5,0.25
151,0.9768585470755928,0.493298340426841,0.9347992638059921,0.4954406444479754,0.23380311223024616,0.4896956496667786,0.7088122605363985,0.406212078069989,0.4035120391542977,0.11494252873563218,0.5285714285714286,0.3794612882951033,0.392961792766495,0.08571428571428572,0.09578544061302682,0.08571428571428572,0.2542857142857143,11.348571428571429,0.07662835249042145,0.0,0.03225865102457459,0.11836634914903713,5.586206896551724,0.0,0.0,0.15,0.08045977011494253,0,0.17900148301829863,0.25037595525122097,5.119375791171746,0.8891830697368559,0.0,0.9666666666666667,0.0,0.1,0.0,0.7162326245104615,0.1,0.08,0.09578544061302682,0.5,0.25
152,0.9762843496085403,0.49228265523067327,0.9343710765519901,0.49479387255406454,0.23380311223024616,0.4896567611356947,0.7279693486590039,0.40636533477496983,0.40362698168303335,0.11494252873563218,0.5428571428571428,0.379575574009389,0.3930475070522092,0.08571428571428572,0.1111111111111111,0.09142857142857143,0.2542857142857143,11.402857142857142,0.07662835249042145,0.0,0.03220165067638777,0.11836634914903713,5.586206896551724,0.0,0.0,0.15,0.08045977011494253,0,0.1790490470317786,0.24980891524795867,5.108416846776882,0.9038572804849532,0.0,0.96875,0.0,0.1,0.0,0.7212760287260821,0.1,0.08,0.1111111111111111,0.5,0.25
153,0.976826229852184,0.4922834254277734,0.9346976811940128,0.49490177870674107,0.23380311223024616,0.4896888901901489,0.7423076923076923,0.4075344960277242,0.4046088208049257,0.11538461538461539,0.5514285714285714,0.379575574009389,0.3930475070522092,0.08571428571428572,0.06538461538461539,0.05714285714285714,0.2571428571428571,11.48,0.07692307692307693,0.002857142857142857,0.0322642933694196,0.11836634914903714,5.523076923076923,0.0,0.0,0.15,0.08076923076923077,0,0.17849637322519113,0.2485598706717189,5.063391366984201,0.8857801348752541,0.0,1.0,0.0,0.1,0.0,0.7212760287260821,0.1,0.08,0.06896551724137931,0.5,0.25
154,0.9788939714077182,0.4914902790271983,0.9350634104541226,0.49431066960990655,0.23380311223024616,0.48978982277898103,0.7713178294573644,0.40867764229780373,0.4039299567600435,0.11627906976744186,0.5685714285714286,0.379575574009389,0.3930475070522092,0.08571428571428572,0.08139534883720931,0.08,0.26285714285714284,11.554285714285715,0.06976744186046512,0.005714285714285714,0.032399080789081505,0.11836634914903714,5.426356589147287,0.0,0.0,0.15,0.08139534883720931,0,0.1782884627876366,0.24731707131836028,5.042123539644518,0.8680645321777489,0.0,1.0,0.0,0.1,0.0,0.7122253489303969,0.1,0.08,0.08846153846153847,0.5,0.25
155,0.9789352314805754,0.49129175230611605,0.9349874424497421,0.4941198565615306,0.23380311223024616,0.48997853746980685,0.6964980544747081,0.4088543093734713,0.40445260818987694,0.11673151750972763,0.5114285714285715,0.37968985972367475,0.3931332213379236,0.08571428571428572,0.08949416342412451,0.08285714285714285,0.26571428571428574,11.614285714285714,0.07392996108949416,0.002857142857142857,0.03249786492486242,0.11836634914903713,5.4319066147859925,0.0,0.0,0.15,0.08171206225680934,0,0.1783395919022698,0.25557618545948135,5.024138211708769,0.8763870411532867,0.0,0.9655172413793104,0.0,0.1,0.0,0.7068167675257293,0.1,0.08,0.09302325581395349,0.5,0.25
156,0.9778468410091898,0.4918133335653683,0.9341882528750391,0.4945932515275964,0.23380311223024616,0.49011393780186674,0.7198443579766537,0.4088543093734713,0.40445260818987694,0.11673151750972763,0.5285714285714286,0.37968985972367475,0.3931332213379236,0.08571428571428572,0.10505836575875487,0.08857142857142856,0.26571428571428574,11.668571428571429,0.07782101167315175,0.0,0.032478359002084206,0.11836634914903713,5.4319066147859925,0.0,0.0,0.15,0.08171206225680934,0,0.1779048939427585,0.2542983045321839,5.0122268760460225,0.858859300330221,0.0,1.0,0.0,0.1,0.0,0.7091701102284093,0.1,0.08,0.10505836575875487,0.5,0.25
157,0.9783412576784958,0.4905557480503371,0.9338823599842018,0.4940273940902206,0.23380311223024616,0.4903126775004871,0.734375,0.4091876936600263,0.4042797957539873,0.1171875,0.5371428571428571,0.37974700258081756,0.3931760784807807,0.08571428571428572,0.09375,0.08,0.26857142857142857,11.714285714285714,0.078125,0.002857142857142857,0.03258202649569586,0.11836634914903715,5.3828125,0.0,0.0,0.15,0.08203125,0,0.17790079804447326,0.27651274210190396,4.991982338525102,0.8451565142155546,0.0,0.9642857142857143,0.0,0.1,0.0,0.7042842276102376,0.1,0.08,0.0933852140077821,0.5,0.25
158,0.9762524594210863,0.4912939793484358,0.932422403374722,0.4945434296742873,0.23380311223024616,0.4905687204815301,0.6823529411764706,0.4084566352876242,0.40440115677337934,0.11764705882352941,0.49714285714285716,0.3798041454379605,0.3932189356236378,0.08571428571428572,0.09803921568627451,0.08571428571428572,0.2714285714285714,11.788571428571428,0.0784313725490196,0.002857142857142857,0.032570090946682013,0.11836634914903713,5.372549019607843,0.0,0.0,0.15,0.0784313725490196,0,0.1779822940542509,0.2751301783913944,4.9778569774688854,0.8371134828624583,0.0,0.9666666666666667,0.0,0.1,0.0,0.7047933048492138,0.1,0.08,0.1015625,0.5,0.25
159,0.9774359430245637,0.49091043211379803,0.9332846557143982,0.4937308079540521,0.23380311223024616,0.4908146255533344,0.7568627450980392,0.4084566352876242,0.40440115677337934,0.11764705882352941,0.5514285714285714,0.3798041454379605,0.3932189356236378,0.08571428571428572,0.09803921568627451,0.08,0.2714285714285714,11.814285714285715,0.0784313725490196,0.0,0.03260611379076979,0.11836634914903713,5.372549019607843,0.0,0.0,0.15,0.0784313725490196,0,0.1775208111554082,0.27375452749943746,4.958299837919507,0.8203712132052091,0.0,1.0,0.0,0.1,0.0,0.7031375037760571,0.1,0.08,0.09803921568627451,0.5,0.25
160,0.9786918152789005,0.4913446959714254,0.9338719029142462,0.4940070956973568,0.23380311223024616,0.4909182154769406,0.7204724409448819,0.40791462132079054,0.4055061727729278,0.11811023622047244,0.5228571428571429,0.3798041454379605,0.3932189356236378,0.08571428571428572,0.08661417322834646,0.08285714285714285,0.2742857142857143,11.88,0.07480314960629922,0.002857142857142857,0.032790091402766425,0.11836634914903713,5.2204724409448815,0.0,0.0,0.15,0.07874015748031496,0,0.17711863567105976,0.2723857548619403,4.941990984018259,0.8039637889411049,0.0,1.0,0.0,0.1,0.0,0.6969414004572749,0.1,0.08,0.09019607843137255,0.5,0.25
161,0.9770546298741805,0.4914156347705942,0.9326837740776778,0.4941715423623147,0.23380311223024616,0.4912282073159085,0.7519685039370079,0.40807210163575114,0.4056242830091482,0.11811023622047244,0.5457142857142857,0.3799184311522462,0.3933046499093521,0.08571428571428572,0.10236220472440945,0.08857142857142856,0.2742857142857143,11.934285714285714,0.07086614173228346,0.0,0.03278083166649619,0.11836634914903713,5.2204724409448815,0.0,0.0,0.15,0.07874015748031496,0,0.17714675749270445,0.27102382608763054,4.931722592909324,0.8307030214640716,0.0,0.967741935483871,0.0,0.1,0.0,0.6986645832461931,0.1,0.08,0.10236220472440945,0.5,0.25
162,0.977568038547391,0.49205338750347805,0.9330563620862364,0.4954476895483687,0.23380311223024616,0.4916419741069742,0.7322834645669292,0.40815084179323147,0.4056833381272585,0.11811023622047244,0.5314285714285715,0.379975574009389,0.3933475070522093,0.08571428571428572,0.06299212598425197,0.05714285714285714,0.2742857142857143,11.942857142857143,0.07086614173228346,0.0,0.03278083166649619,0.11836634914903713,5.2204724409448815,0.0,0.0,0.15,0.07874015748031496,0,0.17700388084809807,0.2696687069571924,4.890230998193995,0.9387903131881976,0.0,0.95,0.0,0.1,0.0,0.6986645832461931,0.1,0.08,0.06299212598425197,0.5,0.25
163,0.9785931995061529,0.49211766468618473,0.9337827319835686,0.4957333427487179,0.23380311223024616,0.49210726375334984,0.7154150197628458,0.4084370326777525,0.406654320466086,0.11857707509881422,0.5171428571428571,0.379975574009389,0.3933475070522093,0.08571428571428572,0.08695652173913043,0.07428571428571429,0.27714285714285714,11.991428571428571,0.07509881422924901,0.002857142857142857,0.03287314740468701,0.11836634914903713,5.217391304347826,0.0,0.0,0.15,0.07905138339920949,0,0.1766605771581433,0.26832036342240645,4.8667120925158285,0.9200145069244337,0.0,1.0,0.0,0.1,0.0,0.6907666288585816,0.1,0.08,0.08661417322834646,0.5,0.25
164,0.979322265950143,0.49259904787540454,0.9343097428702244,0.4957671359063072,0.23380311223024616,0.492486414578874,0.7193675889328063,0.4084370326777525,0.406654320466086,0.11857707509881422,0.52,0.379975574009389,0.3933475070522093,0.08571428571428572,0.09881422924901186,0.07714285714285714,0.27714285714285714,12.054285714285715,0.07509881422924901,0.0,0.032879797971356595,0.11836634914903713,5.217391304347826,0.0,0.0,0.15,0.07905138339920949,0,0.1762908464152097,0.26697876160529443,4.846520707808369,0.901614216785945,0.0,1.0,0.0,0.1,0.0,0.6909785035221306,0.1,0.08,0.09881422924901186,0.5,0.25
165,0.9780437051293576,0.4932729376762502,0.9333855260483425,0.49608016091880214,0.23380311223024616,0.4930885520485177,0.7154150197628458,0.4084370326777525,0.406654320466086,0.11857707509881422,0.5171428571428571,0.379975574009389,0.3933475070522093,0.08571428571428572,0.09881422924901186,0.08285714285714285,0.27714285714285714,12.111428571428572,0.08300395256916997,0.0,0.03287754509910814,0.11836634914903713,5.217391304347826,0.0,0.0,0.15,0.07905138339920949,0,0.17589482075456223,0.26564386779726795,4.8324474365093435,0.883581932450226,0.0,1.0,0.0,0.1,0.0,0.6911691907193247,0.1,0.08,0.09881422924901186,0.5,0.25
166,0.9766661150399407,0.49297534590947273,0.9323897252122781,0.4961773224037227,0.23380311223024616,0.4934874165310078,0.7272727272727273,0.4084370326777525,0.406654320466086,0.11857707509881422,0.5257142857142857,0.379975574009389,0.3933475070522093,0.08571428571428572,0.11067193675889328,0.09142857142857143,0.27714285714285714,12.18,0.07905138339920949,0.0,0.03279171009047601,0.11836634914903713,5.217391304347826,0.0,0.0,0.15,0.07905138339920949,0,0.17550091807936086,0.2643156484582816,4.82722705920773,0.8659102938012215,0.0,1.0,0.0,0.1,0.0,0.6984554337027282,0.1,0.08,0.11067193675889328,0.5,0.25
167,0.9758275416236638,0.4936835138335502,0.9317835564285123,0.49703226349582713,0.23380311223024616,0.49383797603799495,0.7351778656126482,0.4084370326777525,0.406654320466086,0.11857707509881422,0.5314285714285715,0.379975574009389,0.3933475070522093,0.08571428571428572,0.09090909090909091,0.07428571428571429,0.27714285714285714,12.217142857142857,0.08695652173913043,0.0,0.03285409941917591,0.11836634914903713,5.217391304347826,0.0,0.0,0.15,0.07905138339920949,0,0.17499484206039265,0.2629940702159902,4.804968232309288,0.8485920879251971,0.0,1.0,0.0,0.1,0.0,0.69315534487791,0.1,0.08,0.09090909090909091,0.5,0.25
168,0.9761717382784723,0.49398385410771006,0.9319289313106058,0.4970691059330963,0.23380311223024616,0.49426708555787874,0.753968253968254,0.4092185563562608,0.4080065949034783,0.11904761904761904,0.5428571428571428,0.379975574009389,0.3933475070522093,0.08571428571428572,0.06746031746031746,0.054285714285714284,0.28,12.254285714285714,0.08333333333333333,0.002857142857142857,0.032925178226642496,0.11836634914903713,5.119047619047619,0.0,0.0,0.15,0.07936507936507936,0,0.17451943927866206,0.2616790998649102,4.763154581948817,0.8316202461666932,0.0,1.0,0.0,0.1,0.0,0.69315534487791,0.1,0.08,0.06719367588932806,0.5,0.25
169,0.9761480744858275,0.4950377410754334,0.9315914271578002,0.4972784791974814,0.23380311223024616,0.4946547207625887,0.7171314741035857,0.4099310064660005,0.40941250515174304,0.11952191235059761,0.5142857142857142,0.3800898597236747,0.3934332213379236,0.08571428571428572,0.09163346613545817,0.07142857142857142,0.28285714285714286,12.32,0.08366533864541832,0.002857142857142857,0.03303311956259374,0.11836634914903713,5.067729083665339,0.0,0.0,0.15,0.0796812749003984,0,0.17453198493941163,0.2603707043655857,4.739320061738411,0.8149878412433592,0.0,0.96,0.0,0.1,0.0,0.6886017151520237,0.1,0.08,0.09126984126984126,0.5,0.25
170,0.9731684532374415,0.4944431375738129,0.9294900524201511,0.49622833206948713,0.23380311223024616,0.49499677230381683,0.764,0.4091966425790213,0.41029296563708295,0.12,0.5457142857142857,0.3800898597236747,0.3934332213379236,0.08571428571428572,0.08,0.06571428571428571,0.2857142857142857,12.374285714285714,0.084,0.002857142857142857,0.033040789066733925,0.11836634914903713,5.072,0.0,0.0,0.15,0.08,0,0.1742013257290003,0.25906885084375775,4.71024794621793,0.798688084418492,0.0,1.0,0.0,0.1,0.0,0.6886017151520237,0.1,0.08,0.0796812749003984,0.5,0.25
171,0.9753151043130419,0.4943922072168357,0.9309820132961032,0.49687713924671656,0.23380311223024616,0.49533875551168427,0.7670682730923695,0.4098430256689128,0.4109860233594059,0.12048192771084337,0.5457142857142857,0.3802612882951033,0.39356179276649494,0.08571428571428572,0.10843373493975904,0.08857142857142856,0.2885714285714286,12.425714285714285,0.07630522088353414,0.002857142857142857,0.03294880420794796,0.11836634914903713,5.0602409638554215,0.0,0.0,0.15,0.08032128514056225,0,0.1746728905289267,0.3068280391224291,4.704614415865,0.8187403024118074,0.0,0.9354838709677419,0.0,0.1,0.0,0.6969415436368214,0.1,0.08,0.112,0.5,0.25
172,0.975269262887593,0.4955693959909555,0.9309494003962836,0.4971813993003879,0.23380311223024616,0.4957839962075366,0.751004016064257,0.4098430256689128,0.4109860233594059,0.12048192771084337,0.5342857142857143,0.3802612882951033,0.39356179276649494,0.08571428571428572,0.10441767068273092,0.08285714285714285,0.2885714285714286,12.491428571428571,0.08032128514056225,0.0,0.032919544637157044,0.11836634914903713,5.0602409638554215,0.0,0.0,0.15,0.08032128514056225,0,0.17425652607628206,0.30529389892681696,4.693379270404842,0.8023654963635712,0.0,1.0,0.0,0.1,0.0,0.6998979916827778,0.1,0.08,0.10441767068273092,0.5,0.25
173,0.9748715029267315,0.4951673015442568,0.9306664225955564,0.4967656202469746,0.23380311223024616,0.49636832437101885,0.7911646586345381,0.40992334695405336,0.41104626432326136,0.12048192771084337,0.5628571428571428,0.3803184311522462,0.39360464990935207,0.08571428571428572,0.08835341365461848,0.06857142857142857,0.2885714285714286,12.522857142857143,0.08032128514056225,0.0,0.03300246069464863,0.11836634914903713,5.0602409638554215,0.0,0.0,0.15,0.08032128514056225,0,0.17424224344590067,0.3037674294321828,4.668083113568174,0.8054482900919068,0.0,0.9583333333333334,0.0,0.1,0.0,0.6929202407072711,0.1,0.08,0.08835341365461848,0.5,0.25
174,0.9748934517450383,0.4949802814603984,0.9306820376120089,0.4968025841840236,0.23380311223024616,0.4967758139979685,0.7269076305220884,0.41000366823919393,0.4111065052871168,0.12048192771084337,0.5171428571428571,0.380375574009389,0.39364750705220924,0.08571428571428572,0.08433734939759036,0.07142857142857142,0.2885714285714286,12.542857142857143,0.07630522088353414,0.0,0.033106344408793675,0.11836634914903713,5.0602409638554215,0.0,0.0,0.15,0.08032128514056225,0,0.17425646080009974,0.30224859228502193,4.646150022725381,0.8368137875468671,0.0,0.96,0.0,0.1,0.0,0.6842306262750982,0.1,0.08,0.08433734939759036,0.5,0.25
175,0.9766833020853688,0.49497247440015146,0.93195371906029,0.49740524100783245,0.23380311223024616,0.49707181104464215,0.717741935483871,0.4099320258721106,0.41044768925378167,0.12096774193548387,0.5085714285714286,0.380375574009389,0.39364750705220924,0.08571428571428572,0.08064516129032258,0.06571428571428571,0.2914285714285714,12.59142857142857,0.07258064516129033,0.002857142857142857,0.03320376535127725,0.11836634914903715,5.056451612903226,0.0,0.0,0.15,0.08064516129032258,0,0.17381346421038493,0.3007373493235968,4.61894130798516,0.8200775117959298,0.0,1.0,0.0,0.1,0.0,0.6764099732861426,0.1,0.08,0.08433734939759036,0.5,0.25
176,0.9770953112563726,0.49632396009908786,0.9322456569871728,0.4981844674981979,0.23380311223024616,0.49727901510013567,0.6774193548387096,0.4100933161946912,0.41056865699571715,0.12096774193548387,0.48,0.3804898597236748,0.39373322133792354,0.08571428571428572,0.0967741935483871,0.07142857142857142,0.2914285714285714,12.622857142857143,0.07258064516129033,0.0,0.03319865438766187,0.11836634914903715,5.056451612903226,0.0,0.0,0.15,0.08064516129032258,0,0.17380111117504732,0.2992336625769788,4.597991053254027,0.8617552003657005,0.0,0.96,0.0,0.1,0.0,0.6768334920865606,0.1,0.08,0.0967741935483871,0.5,0.25
177,0.9792455591146372,0.49591869980128434,0.9337692611838858,0.4977138767050761,0.23380311223024616,0.4976260136386218,0.7096774193548387,0.4100933161946912,0.41056865699571715,0.12096774193548387,0.5028571428571429,0.3804898597236748,0.39373322133792354,0.08571428571428572,0.0967741935483871,0.08,0.2914285714285714,12.674285714285714,0.07258064516129033,0.0,0.0331940559428049,0.11836634914903715,5.056451612903226,0.0,0.0,0.15,0.08064516129032258,0,0.1734173913334578,0.29773749426409396,4.586031232188947,0.8445200963583865,0.0,1.0,0.0,0.1,0.0,0.6772146590069368,0.1,0.08,0.0967741935483871,0.5,0.25
178,0.9790715199853673,0.496785125024387,0.9336459420294319,0.49802797360198536,0.23380311223024616,0.49814502133093347,0.7096774193548387,0.41025460651727186,0.41068962473765264,0.12096774193548387,0.5028571428571429,0.38060414543796045,0.39381893562363773,0.08571428571428572,0.0846774193548387,0.07142857142857142,0.2914285714285714,12.697142857142858,0.07661290322580645,0.0,0.03327768929999045,0.11836634914903715,5.056451612903226,0.0,0.0,0.15,0.08064516129032258,0,0.1734640193767905,0.2962488067927735,4.56573917897374,0.8922974341858545,0.0,0.96,0.0,0.1,0.0,0.6702996447191463,0.1,0.08,0.0846774193548387,0.5,0.25
179,0.978326438284395,0.4960786394669305,0.9327592577955638,0.49737759896645,0.23380311223024616,0.4988872989094129,0.708502024291498,0.4109026571642552,0.41069600925245414,0.1214574898785425,0.5,0.38060414543796045,0.39381893562363773,0.08571428571428572,0.08906882591093117,0.08,0.29428571428571426,12.742857142857142,0.06882591093117409,0.002857142857142857,0.03330994460725435,0.11836634914903714,5.044534412955466,0.0,0.0,0.15,0.08097165991902834,0,0.17308212785133512,0.29476756275880966,4.554424395394265,0.8744514855021374,0.0,1.0,0.0,0.1,0.0,0.6689148415375542,0.1,0.08,0.09274193548387097,0.5,0.25
180,0.9778867976800331,0.4950513322961708,0.9320289755956882,0.4976965241198336,0.23380311223024616,0.4994044717767409,0.7195121951219512,0.41154279242784325,0.4116233192659433,0.12195121951219512,0.5057142857142857,0.3806612882951034,0.3938617927664949,0.08571428571428572,0.08130081300813008,0.06285714285714286,0.29714285714285715,12.78,0.06910569105691057,0.002857142857142857,0.03345649079589783,0.11836634914903714,4.967479674796748,0.0,0.0,0.15,0.08130081300813008,0,0.17301657435493556,0.3217565865180293,4.5261930503435215,0.8742627958089175,0.0,0.9545454545454546,0.0,0.1,0.0,0.6630355031327866,0.1,0.08,0.08502024291497975,0.5,0.25
181,0.9775691145277045,0.49617455475804095,0.931635786657428,0.4983985942124205,0.23380311223024616,0.499811802381431,0.7581967213114754,0.4128741647575032,0.4132481031649627,0.12295081967213115,0.5285714285714286,0.38077557400938905,0.3939475070522092,0.08571428571428572,0.0778688524590164,0.06857142857142857,0.3028571428571429,12.802857142857142,0.05737704918032787,0.005714285714285714,0.03363541551572269,0.11836634914903714,4.868852459016393,0.0,0.0,0.15,0.08196721311475409,0,0.17303677719744665,0.3201478035854391,4.50424061790808,0.913936576122179,0.0,0.9583333333333334,0.0,0.1,0.0,0.655512440624386,0.1,0.08,0.08130081300813008,0.5,0.25
182,0.9789006450100203,0.4963769800800945,0.9325640536222425,0.49830274938798197,0.23380311223024616,0.5002104438834922,0.7459016393442623,0.41295613197061803,0.4133095785747988,0.12295081967213115,0.52,0.3808327168665319,0.3939903641950664,0.08571428571428572,0.08196721311475409,0.06285714285714286,0.3028571428571429,12.82857142857143,0.07377049180327869,0.0,0.03374134954591889,0.11836634914903714,4.868852459016393,0.0,0.0,0.15,0.08196721311475409,0,0.17302816545431654,0.3185470645675119,4.4770129484070615,0.925452673053457,0.0,0.9545454545454546,0.0,0.1,0.0,0.6491415244307999,0.1,0.08,0.08196721311475409,0.5,0.25
183,0.9783880792473243,0.4970534355328296,0.9313773870697323,0.4982297237800794,0.23380311223024616,0.5007139757500125,0.7708333333333334,0.4144675306916143,0.41489895404910676,0.125,0.5285714285714286,0.3808327168665319,0.3939903641950664,0.08571428571428572,0.07916666666666666,0.06857142857142857,0.3142857142857143,12.888571428571428,0.058333333333333334,0.011428571428571429,0.03382556946473889,0.11836634914903715,4.808333333333334,0.0,0.0,0.15,0.08333333333333333,0,0.17273359676990208,0.31695432924467437,4.4560441180103485,0.9069436195923878,0.0,1.0,0.0,0.1,0.0,0.6458667162500149,0.1,0.08,0.0860655737704918,0.5,0.25
184,0.9803714642622261,0.49708170009761843,0.932737422508522,0.49794193707763384,0.23380311223024616,0.5010940021435469,0.825,0.4144675306916143,0.41489895404910676,0.125,0.5657142857142857,0.3808327168665319,0.3939903641950664,0.08571428571428572,0.08333333333333333,0.06857142857142857,0.3142857142857143,12.934285714285714,0.058333333333333334,0.0,0.03390866962933356,0.11836634914903715,4.808333333333334,0.0,0.0,0.15,0.07916666666666666,0,0.1722697859289097,0.315369557598451,4.4354946642215705,0.88880474720054,0.0,1.0,0.0,0.1,0.0,0.6412800446250134,0.1,0.08,0.08333333333333333,0.5,0.25
185,0.979094504161367,0.4974889125982923,0.9318617927250759,0.497995638634638,0.23380311223024616,0.5014225183234184,0.7708333333333334,0.4145508640249477,0.41496145404910684,0.12916666666666668,0.5285714285714286,0.38088985972367473,0.39403322133792357,0.08857142857142856,0.0875,0.06285714285714286,0.3142857142857143,12.965714285714286,0.058333333333333334,0.0,0.033929212351529785,0.11836634914903715,4.808333333333334,0.0,0.0,0.15,0.07916666666666666,0,0.1722082941421223,0.31585075940512936,4.409641913794283,0.8996778670103268,0.0,0.9545454545454546,0.0,0.1,0.0,0.6396520401625121,0.1,0.08,0.0875,0.5,0.25
186,0.9800613257840293,0.49948343161763065,0.9320866992136262,0.49886164029160984,0.23380311223024616,0.5017850155741698,0.7983193277310925,0.4149580491723597,0.4175419037593212,0.13025210084033614,0.5428571428571428,0.3810041454379605,0.3941189356236378,0.08857142857142856,0.09243697478991597,0.08,0.32,12.98857142857143,0.05042016806722689,0.005714285714285714,0.03388806640950273,0.11836634914903714,4.756302521008403,0.0,0.0,0.15,0.07983193277310924,0,0.1723462540999831,0.3142715056081037,4.4014490755183955,0.8816843096701203,0.0,0.9642857142857143,0.0,0.1,0.0,0.6456868361462609,0.1,0.08,0.1,0.5,0.25
187,0.9802319074954878,0.5001700902656004,0.9322026947774179,0.49970946687503076,0.23380311223024616,0.5023254601883547,0.773109243697479,0.41504208278580507,0.4176049289694052,0.13025210084033614,0.5257142857142857,0.3810612882951034,0.3941617927664949,0.08857142857142856,0.10084033613445378,0.08285714285714285,0.32,13.034285714285714,0.05042016806722689,0.0,0.03383398603858658,0.11836634914903714,4.756302521008403,0.0,0.0,0.15,0.07983193277310924,0,0.17242695211519748,0.31270014808006313,4.396277236865171,0.8865501317390808,0.0,0.9655172413793104,0.0,0.1,0.0,0.6516223542123071,0.1,0.08,0.10084033613445378,0.5,0.25
188,0.9813809632955717,0.501289381218324,0.9325599301933672,0.500459225145815,0.23380311223024616,0.5028820503755769,0.8143459915611815,0.41624099223042654,0.41700542839928517,0.1308016877637131,0.5514285714285714,0.3810612882951034,0.3941617927664949,0.08857142857142856,0.0759493670886076,0.06571428571428571,0.32285714285714284,13.088571428571429,0.046413502109704644,0.002857142857142857,0.03384730201307946,0.11836634914903715,4.742616033755274,0.0,0.0,0.15,0.08016877637130802,0,0.17193624592605006,0.31113664733966284,4.374065977842153,0.8688191291042991,0.0,1.0,0.0,0.1,0.0,0.6516223542123071,0.1,0.08,0.07983193277310924,0.5,0.25
189,0.9819969177377069,0.5022400469176016,0.9329770193441845,0.5008557781049808,0.23380311223024616,0.5036501416144938,0.810126582278481,0.41632538041608047,0.4170687195385257,0.1308016877637131,0.5485714285714286,0.3811184311522462,0.39420464990935206,0.08857142857142856,0.09282700421940929,0.07142857142857142,0.32285714285714284,13.142857142857142,0.046413502109704644,0.0,0.03384059391560194,0.11836634914903715,4.742616033755274,0.0,0.0,0.15,0.08016877637130802,0,0.1720189932678484,0.3245193748703716,4.358013229713881,0.8648379786083228,0.0,0.96,0.0,0.1,0.0,0.6521563213227219,0.1,0.08,0.09282700421940929,0.5,0.25
190,0.979548454851716,0.5029172558213156,0.9313190601899565,0.5014909292478805,0.23380311223024616,0.50443721711986,0.7679324894514767,0.41632538041608047,0.4170687195385257,0.1308016877637131,0.52,0.3811184311522462,0.39420464990935206,0.08857142857142856,0.06751054852320675,0.054285714285714284,0.32285714285714284,13.17142857142857,0.05485232067510549,0.0,0.03384059391560194,0.11836634914903715,4.742616033755274,0.0,0.0,0.15,0.08016877637130802,0,0.1715587554443663,0.32289677799601973,4.325138679405318,0.8475412190361563,0.0,1.0,0.0,0.1,0.0,0.6521563213227219,0.1,0.08,0.06751054852320675,0.5,0.25
191,0.9792892126158533,0.5019748252587871,0.9310314672878425,0.5001238924957068,0.23380311223024616,0.5051662182298947,0.8170212765957446,0.4178163672549243,0.41790444785092973,0.13191489361702127,0.5485714285714286,0.3811184311522462,0.39420464990935206,0.08857142857142856,0.06382978723404255,0.05714285714285714,0.32857142857142857,13.2,0.0425531914893617,0.005714285714285714,0.03393161865406259,0.11836634914903714,4.646808510638298,0.0,0.0,0.15,0.08085106382978724,0,0.17107224738143018,0.3212822941060396,4.295778762960069,0.8305903946554332,0.0,1.0,0.0,0.1,0.0,0.6521563213227219,0.1,0.08,0.07172995780590717,0.5,0.25
192,0.980827172127749,0.5030781312699748,0.9320640972458295,0.500799555749885,0.23380311223024616,0.505798959694092,0.7914893617021277,0.41798658002088174,0.4180321074253978,0.13191489361702127,0.5314285714285715,0.381232716866532,0.39429036419506636,0.08857142857142856,0.0851063829787234,0.06571428571428571,0.32857142857142857,13.231428571428571,0.0425531914893617,0.0,0.033997773565941664,0.11836634914903714,4.646808510638298,0.0,0.0,0.15,0.08085106382978724,0,0.171244316144523,0.3196758826355094,4.275577473415153,0.88060405212641,0.0,0.9565217391304348,0.0,0.1,0.0,0.6480045189776837,0.1,0.08,0.0851063829787234,0.5,0.25
193,0.980718203018509,0.503613527994086,0.9319813766036487,0.5008481711075026,0.23380311223024616,0.506358839214776,0.8076923076923077,0.41793967555272776,0.41879857043319696,0.13247863247863248,0.54,0.381232716866532,0.39429036419506636,0.08857142857142856,0.05128205128205128,0.045714285714285714,0.3314285714285714,13.277142857142858,0.038461538461538464,0.002857142857142857,0.034004495740485405,0.11836634914903714,4.641025641025641,0.0,0.0,0.15,0.0811965811965812,0,0.17070238027808615,0.31807750322233186,4.235780209661136,0.8629919710838819,0.0,1.0,0.0,0.1,0.0,0.6480045189776837,0.1,0.08,0.05531914893617021,0.5,0.25
194,0.9799346698963187,0.5033351111253836,0.931457528744813,0.5000294890445184,0.23380311223024616,0.5069916593774595,0.782051282051282,0.41819608580913803,0.41899087812550456,0.13675213675213677,0.5228571428571429,0.3814041454379605,0.39441893562363783,0.09142857142857143,0.09401709401709402,0.07142857142857142,0.3314285714285714,13.317142857142857,0.038461538461538464,0.0,0.03398408537095409,0.11836634914903714,4.641025641025641,0.0,0.0,0.15,0.0811965811965812,0,0.17116272551955286,0.31648711570622023,4.222493176896484,0.9643600000000009,0.0,0.92,0.0,0.1,0.0,0.6496143234901718,0.1,0.08,0.09401709401709402,0.5,0.25
195,0.9798327063266771,0.5049362023013484,0.9313893588153954,0.5012903718127566,0.23380311223024616,0.5074382073800003,0.8162393162393162,0.41836702598007824,0.4191190832537097,0.13675213675213677,0.5457142857142857,0.38151843115224615,0.394504649909352,0.09142857142857143,0.0811965811965812,0.06571428571428571,0.3314285714285714,13.357142857142858,0.038461538461538464,0.0,0.03406338452250386,0.11836634914903714,4.641025641025641,0.0,0.0,0.15,0.0811965811965812,0,0.17122062689195505,0.3328601089598481,4.20375759907284,0.9965610835838986,0.0,0.9565217391304348,0.0,0.1,0.0,0.6433708398591034,0.1,0.08,0.0811965811965812,0.5,0.25
196,0.9804392094633715,0.50564270561128,0.9317948494839282,0.5023212268244627,0.23380311223024616,0.5078987643920415,0.8247863247863247,0.41836702598007824,0.4191190832537097,0.13675213675213677,0.5514285714285714,0.38151843115224615,0.394504649909352,0.09142857142857143,0.05555555555555555,0.04285714285714286,0.3314285714285714,13.40857142857143,0.04700854700854701,0.0,0.03406338452250386,0.11836634914903714,4.641025641025641,0.0,0.0,0.15,0.0811965811965812,0,0.17067866661463815,0.3311958084150488,4.162539589948525,0.9766298619122206,0.0,1.0,0.0,0.1,0.0,0.6433708398591034,0.1,0.08,0.05555555555555555,0.5,0.25
197,0.9811432408984271,0.5054826954904065,0.9319839250410241,0.5024026382959714,0.23380311223024616,0.5083453586218162,0.8240343347639485,0.41993838199789724,0.41829401707552133,0.13733905579399142,0.5485714285714286,0.38151843115224615,0.394504649909352,0.09142857142857143,0.07296137339055794,0.05714285714285714,0.3342857142857143,13.434285714285714,0.03862660944206009,0.002857142857142857,0.034078607995741944,0.11836634914903715,4.609442060085837,0.0,0.0,0.15,0.0815450643776824,0,0.1702534161387078,0.3295398293729736,4.136431655292412,0.9570972646739762,0.0,1.0,0.0,0.1,0.0,0.6433708398591034,0.1,0.08,0.07264957264957266,0.5,0.25
198,0.9811291021462848,0.5055370356197456,0.9315650096071506,0.5031898091201309,0.23380311223024616,0.5086755617721335,0.8362068965517241,0.4212712857583208,0.41810434263564206,0.13793103448275862,0.5542857142857143,0.38151843115224615,0.394504649909352,0.09142857142857143,0.04741379310344827,0.04,0.33714285714285713,13.48,0.03879310344827586,0.002857142857142857,0.03410310837103264,0.11836634914903715,4.594827586206897,0.0,0.0,0.15,0.08189655172413793,0,0.16971600691515715,0.3278921302261087,4.093703022186563,0.9379553193804966,0.0,1.0,0.0,0.1,0.0,0.6433708398591034,0.1,0.08,0.04721030042918455,0.5,0.25
199,0.9817829344458375,0.5047992430829743,0.9319984070171398,0.5029177039686539,0.23380311223024616,0.5088844253758918,0.8189655172413793,0.4212712857583208,0.41810434263564206,0.13793103448275862,0.5428571428571428,0.38151843115224615,0.394504649909352,0.09142857142857143,0.04310344827586207,0.037142857142857144,0.33714285714285713,13.52,0.034482758620689655,0.0,0.034107896845659444,0.11836634914903715,4.594827586206897,0.0,0.0,0.15,0.08189655172413793,0,0.16940857330558134,0.32625266957497817,4.048971818885689,0.9191962129928866,0.0,1.0,0.0,0.1,0.0,0.6433708398591034,0.1,0.08,0.04310344827586207,0.5,0.25
200,0.9811139294695872,0.5058696845888191,0.9315549522900252,0.5029191231131436,0.23380311223024616,0.5090004504788779,0.771551724137931,0.4213574926548725,0.4181689978080558,0.13793103448275862,0.5114285714285715,0.38157557400938913,0.39454750705220926,0.09142857142857143,0.08189655172413793,0.06285714285714286,0.33714285714285713,13.554285714285715,0.04310344827586207,0.0,0.034174394426867254,0.11836634914903715,4.594827586206897,0.0,0.0,0.15,0.08189655172413793,0,0.16938981615333915,0.3246214062271032,4.030849525365118,1.0374665563489927,0.0,0.9545454545454546,0.0,0.1,0.0,0.6381716869076758,0.1,0.08,0.08189655172413793,0.5,0.25
201,0.9811172114692851,0.5055901092606019,0.9315571277869679,0.502511043685812,0.23380311223024616,0.5090605258457843,0.8318965517241379,0.4214436995514242,0.41823365298046966,0.13793103448275862,0.5514285714285714,0.38163271686653194,0.39459036419506643,0.09142857142857143,0.08189655172413793,0.06285714285714286,0.33714285714285713,13.602857142857143,0.04310344827586207,0.0,0.0342344663935525,0.11836634914903715,4.594827586206897,0.0,0.0,0.15,0.08189655172413793,0,0.16942758421185816,0.32299829919596773,4.01308967771496,1.0361195628405664,0.0,0.9545454545454546,0.0,0.1,0.0,0.6334924492513909,0.1,0.08,0.08189655172413793,0.5,0.25
202,0.9811234397147075,0.5056118373210057,0.9315612562239336,0.502209264626892,0.23380311223024616,0.509053965846475,0.7974137931034483,0.42152990644797594,0.4182983081528834,0.13793103448275862,0.5285714285714286,0.38168985972367475,0.3946332213379235,0.09142857142857143,0.06896551724137931,0.054285714285714284,0.33714285714285713,13.625714285714286,0.04310344827586207,0.0,0.0342344663935525,0.11836634914903715,4.594827586206897,0.0,0.0,0.15,0.08189655172413793,0,0.16943659200151318,0.32138330769998785,3.9871135984463737,1.0368300229721121,0.0,0.9473684210526315,0.0,0.1,0.0,0.6334924492513909,0.1,0.08,0.06896551724137931,0.5,0.25
203,0.9806031706889914,0.5050587503324844,0.9312163921840303,0.50206035433508,0.23380311223024616,0.5091807523065671,0.771551724137931,0.4216161133445276,0.4183629633252972,0.13793103448275862,0.5114285714285715,0.38174700258081756,0.3946760784807806,0.09142857142857143,0.07327586206896551,0.05714285714285714,0.33714285714285713,13.66,0.04310344827586207,0.0,0.0342344663935525,0.11836634914903715,4.594827586206897,0.0,0.0,0.15,0.08189655172413793,0,0.16950283832721988,0.3197763911614879,3.9645141836203037,1.0160934225126699,0.0,0.95,0.0,0.1,0.0,0.6334924492513909,0.1,0.08,0.07327586206896551,0.5,0.25
204,0.9805712004111878,0.5051230836284313,0.9311952004570292,0.5022770869008097,0.23380311223024616,0.5092744206074542,0.8060344827586207,0.4216161133445276,0.4183629633252972,0.13793103448275862,0.5342857142857143,0.38174700258081756,0.3946760784807806,0.09142857142857143,0.05603448275862069,0.04285714285714286,0.33714285714285713,13.714285714285714,0.04741379310344827,0.0,0.0342344663935525,0.11836634914903715,4.594827586206897,0.0,0.0,0.15,0.08189655172413793,0,0.16899789556415523,0.3181775092056805,3.9280810428050406,0.9957715540624164,0.0,1.0,0.0,0.1,0.0,0.6334924492513909,0.1,0.08,0.05603448275862069,0.5,0.25
205,0.9788336838118459,0.5059563582819773,0.9300434751683224,0.502705397202895,0.23380311223024616,0.5094468175058603,0.7887931034482759,0.4216161133445276,0.4183629633252972,0.13793103448275862,0.5228571428571429,0.38174700258081756,0.3946760784807806,0.09142857142857143,0.05172413793103448,0.04285714285714286,0.33714285714285713,13.745714285714286,0.04741379310344827,0.0,0.0342344663935525,0.11836634914903715,4.594827586206897,0.0,0.0,0.15,0.08189655172413793,0,0.168495334657763,0.3165866216596521,3.892376564806083,0.975856122981168,0.0,1.0,0.0,0.1,0.0,0.6334924492513909,0.1,0.08,0.05172413793103448,0.5,0.25
206,0.9792329245027483,0.5058611784373315,0.9302748314660063,0.5021371955488402,0.23380311223024616,0.5096956958508945,0.8268398268398268,0.4205647472906375,0.41927015071862017,0.13852813852813853,0.5457142857142857,0.38174700258081756,0.3946760784807806,0.09142857142857143,0.06060606060606061,0.045714285714285714,0.34,13.791428571428572,0.04329004329004329,0.002857142857142857,0.03423699879780901,0.11836634914903714,4.597402597402597,0.0,0.0,0.15,0.08225108225108226,0,0.1680238579844742,0.3150036885513538,3.8602433192242462,0.9563390005215446,0.0,1.0,0.0,0.1,0.0,0.6334924492513909,0.1,0.08,0.06465517241379311,0.5,0.25
207,0.980627509300848,0.5058754993337076,0.9311952574327519,0.5025063405314866,0.23380311223024616,0.5099680302288765,0.8008658008658008,0.4205647472906375,0.41927015071862017,0.13852813852813853,0.5285714285714286,0.38174700258081756,0.3946760784807806,0.09142857142857143,0.08225108225108226,0.06,0.34,13.834285714285715,0.04329004329004329,0.0,0.034288507147480274,0.11836634914903714,4.597402597402597,0.0,0.0,0.15,0.07792207792207792,0,0.16861031796242681,0.31342867010859704,3.8430384528397616,0.9372122205111136,0.0,0.9047619047619048,0.0,0.1,0.0,0.6294938536769011,0.1,0.08,0.08225108225108226,0.5,0.25
208,0.9800150188662944,0.5047260027888455,0.9307910137459467,0.5017513375141494,0.23380311223024616,0.5102973900898351,0.7748917748917749,0.4205647472906375,0.41927015071862017,0.13852813852813853,0.5114285714285715,0.38174700258081756,0.3946760784807806,0.09142857142857143,0.05627705627705628,0.045714285714285714,0.34,13.885714285714286,0.04329004329004329,0.0,0.034288507147480274,0.11836634914903714,4.597402597402597,0.0,0.0,0.15,0.07792207792207792,0,0.16819398849763256,0.31186152675805406,3.8118919694972515,0.9184679761008914,0.0,1.0,0.0,0.1,0.0,0.6294938536769011,0.1,0.08,0.05627705627705628,0.5,0.25
209,0.9782347232413046,0.5054865830456124,0.9296160186334533,0.5018585901164304,0.23380311223024616,0.5105410672878985,0.7878787878787878,0.4205647472906375,0.41927015071862017,0.13852813852813853,0.52,0.38174700258081756,0.3946760784807806,0.09142857142857143,0.0735930735930736,0.054285714285714284,0.34,13.93142857142857,0.04329004329004329,0.0,0.034288507147480274,0.11836634914903714,4.597402597402597,0.0,0.0,0.15,0.07792207792207792,0,0.1677808756980015,0.3103022191242638,3.7899398443930212,0.9000986165788736,0.0,1.0,0.0,0.1,0.0,0.6294938536769011,0.1,0.08,0.0735930735930736,0.5,0.25
210,0.9802413378759134,0.5062268758722072,0.9309403842922953,0.5023518398814011,0.23380311223024616,0.5108083697886953,0.7445887445887446,0.4205647472906375,0.41927015071862017,0.13852813852813853,0.49142857142857144,0.38174700258081756,0.3946760784807806,0.09142857142857143,0.0735930735930736,0.06,0.34,13.965714285714286,0.04329004329004329,0.0,0.034288507147480274,0.11836634914903714,4.597402597402597,0.0,0.0,0.15,0.07792207792207792,0,0.1674271141766544,0.30875070802864246,3.77414104750516,0.8820966442472961,0.0,1.0,0.0,0.1,0.0,0.6294938536769011,0.1,0.08,0.0735930735930736,0.5,0.25
211,0.979244678828881,0.5066132142795903,0.930282589321254,0.5023758577365273,0.23380311223024616,0.5111934240412176,0.7359307359307359,0.4205647472906375,0.41927015071862017,0.13852813852813853,0.4857142857142857,0.38174700258081756,0.3946760784807806,0.09142857142857143,0.09090909090909091,0.06857142857142857,0.34,14.005714285714285,0.04329004329004329,0.0,0.03426792853958103,0.11836634914903714,4.597402597402597,0.0,0.0,0.15,0.07792207792207792,0,0.16701840717719968,0.3072069544884992,3.767229655126486,0.8644547113623501,0.0,1.0,0.0,0.1,0.0,0.6310899228546656,0.1,0.08,0.09090909090909091,0.5,0.25
212,0.9798383997033259,0.5060449436354991,0.930471400370912,0.5019759825299809,0.23380311223024616,0.5116180586524698,0.7782608695652173,0.42236300610199673,0.4194670111441414,0.1391304347826087,0.5114285714285715,0.3819184311522462,0.3948046499093521,0.09142857142857143,0.06521739130434782,0.045714285714285714,0.34285714285714286,14.034285714285714,0.0391304347826087,0.002857142857142857,0.034408581604560874,0.11836634914903714,4.417391304347826,0.0,0.0,0.15,0.0782608695652174,0,0.16726902942702795,0.3056709197160567,3.7375993477382417,0.8598226916885903,0.0,0.875,0.0,0.1,0.0,0.6310899228546656,0.1,0.08,0.06493506493506493,0.5,0.25
213,0.9798557596166679,0.5070241413828767,0.9304828083139653,0.5030434815016438,0.23380311223024616,0.5119650023352343,0.7565217391304347,0.42262387566721415,0.41966266331805446,0.1391304347826087,0.49714285714285716,0.38208985972367476,0.39493322133792347,0.09142857142857143,0.08260869565217391,0.06285714285714286,0.34285714285714286,14.065714285714286,0.043478260869565216,0.0,0.034483148338870735,0.11836634914903714,4.417391304347826,0.0,0.0,0.15,0.0782608695652174,0,0.1678033985656071,0.30414256511747645,3.7257045036406193,0.879711900872075,0.0,0.9090909090909091,0.0,0.1,0.0,0.6275461479605033,0.1,0.08,0.08260869565217391,0.5,0.25
214,0.9781159263480422,0.5069118546323796,0.9293229352777468,0.503230921404471,0.23380311223024616,0.5123635926769396,0.6929824561403509,0.4236684798349601,0.4190435961477218,0.14035087719298245,0.4514285714285714,0.3821470025808177,0.3949760784807807,0.09142857142857143,0.08333333333333333,0.06285714285714286,0.3485714285714286,14.09142857142857,0.039473684210526314,0.005714285714285714,0.03460443445422943,0.11836634914903714,4.254385964912281,0.0,0.0,0.15,0.07894736842105263,0,0.16822109657277906,0.3026218522918891,3.71404755642495,0.8904388871126996,0.0,0.9090909090909091,0.0,0.1,0.0,0.6295741418601052,0.1,0.08,0.09130434782608696,0.5,0.25
215,0.9785586818144703,0.5075042969859179,0.9296113588387344,0.503613952375854,0.23380311223024616,0.5127262754427975,0.75,0.4238439184314513,0.4191751750950902,0.14035087719298245,0.48857142857142855,0.38226128829510336,0.39506179276649495,0.09142857142857143,0.07017543859649122,0.054285714285714284,0.3485714285714286,14.122857142857143,0.039473684210526314,0.0,0.03461330715460123,0.11836634914903714,4.254385964912281,0.0,0.0,0.15,0.07894736842105263,0,0.16815113394705805,0.3011087430304296,3.6940523195821653,0.9411919999999999,0.0,0.9473684210526315,0.0,0.1,0.0,0.6295741418601052,0.1,0.08,0.07017543859649122,0.5,0.25
216,0.9786556090917687,0.5084841791649669,0.9296745000365174,0.5041859465627551,0.23380311223024616,0.5131268894974316,0.7631578947368421,0.4238439184314513,0.4191751750950902,0.14035087719298245,0.49714285714285716,0.38226128829510336,0.39506179276649495,0.09142857142857143,0.07017543859649122,0.05714285714285714,0.3485714285714286,14.165714285714285,0.043859649122807015,0.0,0.03461330715460123,0.11836634914903714,4.254385964912281,0.0,0.0,0.15,0.07894736842105263,0,0.16771009256303704,0.29960319931527746,3.6773141303333787,0.9223681599999999,0.0,1.0,0.0,0.1,0.0,0.6295741418601052,0.1,0.08,0.07017543859649122,0.5,0.25
217,0.9772306404476419,0.5093046209403758,0.9287462347483432,0.5050144418532001,0.23380311223024616,0.5134764282336736,0.8026315789473685,0.42401935702794247,0.41930675404245865,0.14035087719298245,0.5228571428571429,0.38237557400938904,0.39514750705220925,0.09142857142857143,0.07456140350877193,0.06285714285714286,0.3485714285714286,14.191428571428572,0.043859649122807015,0.0,0.03461330715460123,0.11836634914903714,4.254385964912281,0.0,0.0,0.15,0.07894736842105263,0,0.16806434278327456,0.29810518331870106,3.666624990583854,0.9039461653321572,0.0,0.9545454545454546,0.0,0.1,0.0,0.6295741418601052,0.1,0.08,0.07456140350877193,0.5,0.25
218,0.9777838503737085,0.5090966640550988,0.9291066115001808,0.5044573434284043,0.23380311223024616,0.5137449889521213,0.7850877192982456,0.42401935702794247,0.41930675404245865,0.14035087719298245,0.5114285714285715,0.38237557400938904,0.39514750705220925,0.09142857142857143,0.06140350877192982,0.04857142857142857,0.3485714285714286,14.202857142857143,0.04824561403508772,0.0,0.03461330715460123,0.11836634914903714,4.254385964912281,0.0,0.0,0.15,0.07894736842105263,0,0.1675667353550725,0.2966146574021076,3.6418639193436055,0.885867242025514,0.0,1.0,0.0,0.1,0.0,0.6295741418601052,0.1,0.08,0.06140350877192982,0.5,0.25
219,0.977322266130624,0.5093502890959334,0.9288059223361146,0.5044348186839305,0.23380311223024616,0.5139973020345886,0.7763157894736842,0.42401935702794247,0.41930675404245865,0.14035087719298245,0.5057142857142857,0.38237557400938904,0.39514750705220925,0.09142857142857143,0.06578947368421052,0.04857142857142857,0.3485714285714286,14.228571428571428,0.043859649122807015,0.0,0.03461330715460123,0.11836634914903714,4.254385964912281,0.0,0.0,0.15,0.07894736842105263,0,0.16710004453543997,0.29513158411509705,3.6175980695281615,0.8681498971850038,0.0,1.0,0.0,0.1,0.0,0.6295741418601052,0.1,0.08,0.06578947368421052,0.5,0.25
220,0.9775792918556244,0.508315016797272,0.9285673006389551,0.5047056167449034,0.23380311223024616,0.514401152931655,0.762114537444934,0.422749960831699,0.4184072895403964,0.13656387665198239,0.4942857142857143,0.38243271686653185,0.39519036419506637,0.09142857142857143,0.048458149779735685,0.037142857142857144,0.3514285714285714,14.28,0.04405286343612335,0.002857142857142857,0.034611108067171215,0.11836634914903715,4.237885462555066,0.0,0.0,0.15,0.07929515418502203,0,0.16697868716990566,0.2936559261945216,3.582388965280456,0.8507868992413037,0.0,0.9230769230769231,0.0,0.1,0.0,0.6295741418601052,0.1,0.08,0.04824561403508772,0.5,0.25
221,0.9773871727363044,0.5075314373084892,0.9284426976672817,0.5042998002939779,0.23380311223024616,0.5144307402035321,0.762114537444934,0.4229261722854435,0.4185394481307048,0.13656387665198239,0.4942857142857143,0.38254700258081764,0.3952760784807807,0.09142857142857143,0.06167400881057269,0.04857142857142857,0.3514285714285714,14.294285714285714,0.04405286343612335,0.0,0.034630256515555354,0.11836634914903715,4.237885462555066,0.0,0.0,0.15,0.07929515418502203,0,0.16740008016262756,0.29218764656354895,3.5593126145462755,0.8356598803122647,0.0,0.8823529411764706,0.0,0.1,0.0,0.6295741418601052,0.1,0.08,0.06167400881057269,0.5,0.25
222,0.9775778626516205,0.5076473365100332,0.9285663736980726,0.5050182712988878,0.23380311223024616,0.514398724700411,0.7665198237885462,0.4229261722854435,0.4185394481307048,0.13656387665198239,0.49714285714285716,0.38254700258081764,0.3952760784807807,0.09142857142857143,0.06607929515418502,0.05142857142857143,0.3514285714285714,14.314285714285715,0.048458149779735685,0.0,0.034630256515555354,0.11836634914903715,4.237885462555066,0.0,0.0,0.15,0.07929515418502203,0,0.1669910797618144,0.2907267083307312,3.539554933683921,0.8189466827060193,0.0,1.0,0.0,0.1,0.0,0.6295741418601052,0.1,0.08,0.06607929515418502,0.5,0.25
223,0.9759272857845501,0.5069985804720035,0.9274958567014298,0.5046145365607677,0.23380311223024616,0.5142421868513111,0.801762114537445,0.4229261722854435,0.4185394481307048,0.13656387665198239,0.52,0.38254700258081764,0.3952760784807807,0.09142857142857143,0.05286343612334802,0.04285714285714286,0.3514285714285714,14.337142857142856,0.04405286343612335,0.0,0.034630256515555354,0.11836634914903715,4.237885462555066,0.0,0.0,0.15,0.07929515418502203,0,0.1665272672201482,0.28927307478907754,3.511620977867385,0.802567749051899,0.0,1.0,0.0,0.1,0.0,0.6295741418601052,0.1,0.08,0.05286343612334802,0.5,0.25
224,0.9780175002022284,0.5073567615807612,0.928851510052324,0.5045890525002138,0.23380311223024616,0.5140146343865184,0.8281938325991189,0.4229261722854435,0.4185394481307048,0.13656387665198239,0.5371428571428571,0.38254700258081764,0.3952760784807807,0.09142857142857143,0.07048458149779736,0.054285714285714284,0.3514285714285714,14.368571428571428,0.04405286343612335,0.0,0.034630256515555354,0.11836634914903715,4.237885462555066,0.0,0.0,0.15,0.07929515418502203,0,0.16645996634908192,0.2878267094151321,3.495674272595752,0.786516394070861,0.0,1.0,0.0,0.1,0.0,0.6295741418601052,0.1,0.08,0.07048458149779736,0.5,0.25
225,0.9767308522692556,0.5083983790973531,0.9280170269643674,0.5055183980936302,0.23380311223024616,0.5136671331363769,0.8237885462555066,0.4229261722854435,0.4185394481307048,0.13656387665198239,0.5342857142857143,0.38254700258081764,0.3952760784807807,0.09142857142857143,0.07048458149779736,0.05142857142857143,0.3514285714285714,14.38,0.04405286343612335,0.0,0.034630256515555354,0.11836634914903715,4.237885462555066,0.0,0.0,0.15,0.07929515418502203,0,0.16605581008876508,0.28638757586805647,3.4771893585724087,0.7707860661894438,0.0,1.0,0.0,0.1,0.0,0.6295741418601052,0.1,0.08,0.07048458149779736,0.5,0.25
226,0.976037514048889,0.5090805888370353,0.9275673476043009,0.5056436468277143,0.23380311223024616,0.5133118547705746,0.7841409691629956,0.42319048946606025,0.4187376860161673,0.13656387665198239,0.5085714285714286,0.3827184311522462,0.39540464990935204,0.09142857142857143,0.05286343612334802,0.045714285714285714,0.3514285714285714,14.377142857142857,0.04405286343612335,0.0,0.034630256515555354,0.11836634914903715,4.237885462555066,0.0,0.0,0.15,0.07929515418502203,0,0.16639681675260695,0.28734927889645395,3.4533598571152457,0.7553703448656549,0.0,0.875,0.0,0.1,0.0,0.6295741418601052,0.1,0.08,0.05286343612334802,0.5,0.25
227,0.9755964722066235,0.5099015601565494,0.9272813004666031,0.5058592923198627,0.23380311223024616,0.5130915403983013,0.7929515418502202,0.42319048946606025,0.4187376860161673,0.13656387665198239,0.5142857142857142,0.3827184311522462,0.39540464990935204,0.09142857142857143,0.039647577092511016,0.03428571428571429,0.3514285714285714,14.388571428571428,0.039647577092511016,0.0,0.034630256515555354,0.11836634914903715,4.237885462555066,0.0,0.0,0.15,0.07929515418502203,0,0.16590740409741533,0.2859125325019717,3.4185783742586553,0.7402629379683417,0.0,1.0,0.0,0.1,0.0,0.6295741418601052,0.1,0.08,0.039647577092511016,0.5,0.25
228,0.9764553315083137,0.5086109411566996,0.9277761378153131,0.5053079041457457,0.23380311223024616,0.5127890338977766,0.7787610619469026,0.42409150939810586,0.41869630171826877,0.13716814159292035,0.5028571428571429,0.3827184311522462,0.39540464990935204,0.09142857142857143,0.07079646017699115,0.05714285714285714,0.35428571428571426,14.405714285714286,0.03982300884955752,0.002857142857142857,0.03462812269482234,0.11836634914903714,4.238938053097345,0.0,0.0,0.15,0.07964601769911504,0,0.16553429636264258,0.2844829698394618,3.4073496639163388,0.7254576792089749,0.0,1.0,0.0,0.1,0.0,0.6295741418601052,0.1,0.08,0.07488986784140969,0.5,0.25
229,0.9769761621742202,0.5074827382214483,0.9281124456167271,0.504731337208042,0.23380311223024616,0.5124939526776751,0.8584070796460177,0.42409150939810586,0.41869630171826877,0.13716814159292035,0.5542857142857143,0.3827184311522462,0.39540464990935204,0.09142857142857143,0.061946902654867256,0.04857142857142857,0.35428571428571426,14.422857142857143,0.035398230088495575,0.0,0.03462812269482234,0.11836634914903714,4.238938053097345,0.0,0.0,0.15,0.07964601769911504,0,0.16513434202011507,0.2830605549902645,3.3877740992094405,0.7109485256247954,0.0,1.0,0.0,0.1,0.0,0.6295741418601052,0.1,0.08,0.061946902654867256,0.5,0.25
230,0.9760284852120327,0.5088955875175488,0.9275005170640002,0.5055533157952311,0.23380311223024616,0.5122005608336764,0.7964601769911505,0.4242685005485483,0.41882904508110064,0.13716814159292035,0.5142857142857142,0.3828327168665319,0.3954903641950664,0.09142857142857143,0.03982300884955752,0.03142857142857143,0.35428571428571426,14.445714285714285,0.03982300884955752,0.0,0.03462812269482234,0.11836634914903714,4.238938053097345,0.0,0.0,0.15,0.07964601769911504,0,0.1649086703100145,0.28164525221531317,3.3514471886538235,0.7133741874238919,0.0,0.9090909090909091,0.0,0.1,0.0,0.6295741418601052,0.1,0.08,0.03982300884955752,0.5,0.25
231,0.9767418451062667,0.5074787683101042,0.927961143738563,0.5044107294495248,0.23380311223024616,0.5119694672186519,0.8141592920353983,0.4242685005485483,0.41882904508110064,0.13716814159292035,0.5257142857142857,0.3828327168665319,0.3954903641950664,0.09142857142857143,0.06637168141592921,0.045714285714285714,0.35428571428571426,14.451428571428572,0.03982300884955752,0.0,0.03462812269482234,0.11836634914903714,4.238938053097345,0.0,0.0,0.15,0.07964601769911504,0,0.16499698695489298,0.28023702595423655,3.3301325305950327,0.699106703675414,0.0,0.9375,0.0,0.1,0.0,0.6295741418601052,0.1,0.08,0.06637168141592921,0.5,0.25
232,0.976572823209019,0.5072832228619634,0.9278520038849115,0.503845296782827,0.23380311223024616,0.5116540401706811,0.7831858407079646,0.4242685005485483,0.41882904508110064,0.13716814159292035,0.5057142857142857,0.3828327168665319,0.3954903641950664,0.09142857142857143,0.05309734513274336,0.04285714285714286,0.35428571428571426,14.477142857142857,0.035398230088495575,0.0,0.03462812269482234,0.11836634914903714,4.238938053097345,0.0,0.0,0.15,0.07964601769911504,0,0.1648241860568303,0.2788358408244654,3.3063870228402745,0.6851245696019058,0.0,1.0,0.0,0.1,0.0,0.6295741418601052,0.1,0.08,0.05309734513274336,0.5,0.25
233,0.9766903013042278,0.5066700792745098,0.9279925832824566,0.5034403025704636,0.23380311223024616,0.5113123265627173,0.8133333333333334,0.4223940466291779,0.4182191967890652,0.13333333333333333,0.5228571428571429,0.3828327168665319,0.3954903641950664,0.09142857142857143,0.035555555555555556,0.02857142857142857,0.35714285714285715,14.505714285714285,0.035555555555555556,0.002857142857142857,0.034644846214338026,0.11836634914903714,4.213333333333333,0.0,0.0,0.15,0.08,0,0.16428549369797477,0.27744166162034306,3.2688307109548975,0.6714220782098677,0.0,1.0,0.0,0.1,0.0,0.6295741418601052,0.1,0.08,0.035398230088495575,0.5,0.25
234,0.9775918087666702,0.506950707556398,0.9285721237940269,0.5033851661155557,0.23380311223024616,0.5110050187292825,0.7511111111111111,0.42257182440695573,0.4183525301223986,0.13333333333333333,0.4828571428571429,0.3829470025808176,0.39557607848078064,0.09142857142857143,0.07555555555555556,0.06,0.35714285714285715,14.537142857142857,0.03111111111111111,0.0,0.03465096131771021,0.11836634914903714,4.213333333333333,0.0,0.0,0.15,0.08,0,0.1643492090866277,0.2760544533122413,3.2634540967357997,0.6934028266371522,0.0,0.9523809523809523,0.0,0.1,0.0,0.6295741418601052,0.1,0.08,0.07555555555555556,0.5,0.25
235,0.9756218481934501,0.5077601225353267,0.9271883178703596,0.5033391069947204,0.23380311223024616,0.5105620540247727,0.8035714285714286,0.4235075088483109,0.4199319727090292,0.13392857142857142,0.5142857142857142,0.3829470025808176,0.39557607848078064,0.09142857142857143,0.044642857142857144,0.04,0.36,14.565714285714286,0.026785714285714284,0.002857142857142857,0.03466017807281564,0.11836634914903714,4.1875,0.0,0.0,0.15,0.08035714285714286,0,0.16378460589833743,0.2746741810456801,3.2381850148010836,0.6795347701044092,0.0,1.0,0.0,0.1,0.0,0.6295741418601052,0.1,0.08,0.044444444444444446,0.5,0.25
236,0.9759647636462192,0.5077201556940308,0.9274077837601317,0.5029435683360541,0.23380311223024616,0.5102212557968517,0.8258928571428571,0.4235075088483109,0.4199319727090292,0.13392857142857142,0.5285714285714286,0.3829470025808176,0.39557607848078064,0.09142857142857143,0.049107142857142856,0.04,0.36,14.58,0.026785714285714284,0.0,0.034680946040886104,0.11836634914903714,4.1875,0.0,0.0,0.15,0.08035714285714286,0,0.16322268286884573,0.2733008101404517,3.213421314505062,0.665944074702321,0.0,1.0,0.0,0.1,0.0,0.6295741418601052,0.1,0.08,0.049107142857142856,0.5,0.25
237,0.9768343620307894,0.5078690918311516,0.9279141355712403,0.5028426428187238,0.23380311223024616,0.5097921352405413,0.7937219730941704,0.424816342303029,0.42113425670564403,0.13452914798206278,0.5057142857142857,0.38300414543796046,0.3956189356236378,0.09142857142857143,0.06726457399103139,0.054285714285714284,0.3628571428571429,14.605714285714285,0.03139013452914798,0.002857142857142857,0.034703598441651995,0.11836634914903713,4.170403587443946,0.0,0.0,0.15,0.08071748878923767,0,0.16331844082960856,0.2779425414588995,3.2034386025006745,0.6526251932082746,0.0,0.9473684210526315,0.0,0.1,0.0,0.6295741418601052,0.1,0.08,0.07142857142857142,0.5,0.25
238,0.9777785660491567,0.5080682366195277,0.9285157284172284,0.5028372558111578,0.23380311223024616,0.5093602841600052,0.8654708520179372,0.424816342303029,0.42113425670564403,0.13452914798206278,0.5514285714285714,0.38300414543796046,0.3956189356236378,0.09142857142857143,0.04932735426008968,0.04,0.3628571428571429,14.608571428571429,0.026905829596412557,0.0,0.034703598441651995,0.11836634914903713,4.170403587443946,0.0,0.0,0.15,0.08071748878923767,0,0.16330085147903198,0.27655282875160503,3.1793698304506615,0.639572689344109,0.0,0.9285714285714286,0.0,0.1,0.0,0.6295741418601052,0.1,0.08,0.04932735426008968,0.5,0.25
239,0.9782470642412201,0.5074635394591883,0.9282466772021332,0.5025855490430384,0.23380311223024616,0.5089102043572765,0.8378378378378378,0.42559392979367733,0.4216381352728098,0.13513513513513514,0.5314285714285715,0.38300414543796046,0.3956189356236378,0.09142857142857143,0.04054054054054054,0.037142857142857144,0.3657142857142857,14.617142857142857,0.02252252252252252,0.002857142857142857,0.03470766411638735,0.11836634914903714,4.1441441441441444,0.0,0.0,0.15,0.08108108108108109,0,0.1628269186502082,0.275170064607847,3.1529252909845047,0.6267812355572269,0.0,1.0,0.0,0.1,0.0,0.6295741418601052,0.1,0.08,0.04484304932735426,0.5,0.25
240,0.9783863607226121,0.5073981277358647,0.9283350309703304,0.5034082487935289,0.23380311223024616,0.5084454813800907,0.7972972972972973,0.4256840198837675,0.4217057028403774,0.13963963963963963,0.5057142857142857,0.3830612882951034,0.395661792766495,0.09428571428571429,0.05405405405405406,0.04285714285714286,0.3657142857142857,14.611428571428572,0.02252252252252252,0.0,0.0347242675258645,0.11836634914903714,4.1441441441441444,0.0,0.0,0.15,0.08108108108108109,0,0.16295153809366897,0.2737942142848077,3.1327239280219583,0.6142456108460823,0.0,0.9333333333333333,0.0,0.1,0.0,0.6295741418601052,0.1,0.08,0.05405405405405406,0.5,0.25
241,0.9796074264232941,0.5075391923800114,0.9291095355004773,0.5039559254792929,0.23380311223024616,0.507918615761058,0.8108108108108109,0.4256840198837675,0.4217057028403774,0.13963963963963963,0.5142857142857142,0.3830612882951034,0.395661792766495,0.09428571428571429,0.04504504504504504,0.03428571428571429,0.3657142857142857,14.62,0.02252252252252252,0.0,0.0347242675258645,0.11836634914903714,4.1441441441441444,0.0,0.0,0.15,0.08108108108108109,0,0.16296421182820064,0.27242524321338374,3.1043551637472326,0.6019606986291606,0.0,0.9166666666666666,0.0,0.1,0.0,0.6295741418601052,0.1,0.08,0.04504504504504504,0.5,0.25
242,0.9780142867731538,0.5074936500834243,0.9280990297795312,0.5039833424585844,0.23380311223024616,0.5073689956487193,0.8378378378378378,0.4256840198837675,0.4217057028403774,0.13963963963963963,0.5314285714285715,0.3830612882951034,0.395661792766495,0.09428571428571429,0.05405405405405406,0.04,0.3657142857142857,14.628571428571428,0.02252252252252252,0.0,0.0347242675258645,0.11836634914903714,4.1441441441441444,0.0,0.0,0.15,0.08108108108108109,0,0.16332039076905963,0.2710631169973168,3.082268060472288,0.5899214846565773,0.0,1.0,0.0,0.1,0.0,0.6295741418601052,0.1,0.08,0.05405405405405406,0.5,0.25
243,0.978686261862682,0.5065492471221996,0.9285252539791746,0.503426105515915,0.23380311223024616,0.5068445717134171,0.8378378378378378,0.4256840198837675,0.4217057028403774,0.13963963963963963,0.5314285714285715,0.3830612882951034,0.395661792766495,0.09428571428571429,0.03153153153153153,0.025714285714285714,0.3657142857142857,14.625714285714286,0.02252252252252252,0.0,0.0347242675258645,0.11836634914903714,4.1441441441441444,0.0,0.0,0.15,0.08108108108108109,0,0.16276078881521433,0.2697078014123302,3.046336984977128,0.5781230549634457,0.0,1.0,0.0,0.1,0.0,0.6295741418601052,0.1,0.08,0.03153153153153153,0.5,0.25
244,0.9794825665801005,0.5063058387454392,0.9290303386856515,0.5031449829281169,0.23380311223024616,0.5064044580897323,0.8243243243243243,0.4256840198837675,0.4217057028403774,0.13963963963963963,0.5228571428571429,0.3830612882951034,0.395661792766495,0.09428571428571429,0.04954954954954955,0.037142857142857144,0.3657142857142857,14.617142857142857,0.02252252252252252,0.0,0.0347242675258645,0.11836634914903714,4.1441441441441444,0.0,0.0,0.15,0.08108108108108109,0,0.16280270272470967,0.26835926240526853,3.022553102420443,0.5665605938641768,0.0,1.0,0.0,0.1,0.0,0.6295741418601052,0.1,0.08,0.04954954954954955,0.5,0.25
245,0.9788187173175292,0.5061652962514971,0.9286092685819636,0.5034514637537698,0.23380311223024616,0.5059516973504655,0.8288288288288288,0.4258642000639476,0.4218408379755126,0.13963963963963963,0.5257142857142857,0.38317557400938906,0.3957475070522093,0.09428571428571429,0.05405405405405406,0.045714285714285714,0.3657142857142857,14.614285714285714,0.02252252252252252,0.0,0.0347242675258645,0.11836634914903714,4.1441441441441444,0.0,0.0,0.15,0.08108108108108109,0,0.16290266170212686,0.2670174660932422,3.0078163260863193,0.5682052222687671,0.0,0.9375,0.0,0.1,0.0,0.6295741418601052,0.1,0.08,0.05405405405405406,0.5,0.25
246,0.9775060301232784,0.505797818777683,0.9277766498473244,0.5030291571363539,0.23380311223024616,0.5055865429994931,0.8423423423423423,0.4260443802441278,0.4219759731106477,0.13963963963963963,0.5342857142857143,0.38328985972367474,0.3958332213379236,0.09428571428571429,0.04954954954954955,0.04,0.3657142857142857,14.622857142857143,0.02252252252252252,0.0,0.0347242675258645,0.11836634914903714,4.1441441441441444,0.0,0.0,0.15,0.08108108108108109,0,0.16288743482218768,0.265682378762776,2.987659999564593,0.5782694423191193,0.0,0.9285714285714286,0.0,0.1,0.0,0.6295741418601052,0.1,0.08,0.04954954954954955,0.5,0.25
247,0.978892487636844,0.5055883572643871,0.9284924113115713,0.5032569531370004,0.23380311223024616,0.5051489920260698,0.7918552036199095,0.42738772544333614,0.42377206416941143,0.14027149321266968,0.5,0.38328985972367474,0.3958332213379236,0.09428571428571429,0.03619909502262444,0.03428571428571429,0.36857142857142855,14.622857142857143,0.013574660633484163,0.002857142857142857,0.034948757093309336,0.11836634914903714,3.8552036199095023,0.0,0.0,0.15,0.08144796380090498,0,0.16238699764807674,0.2643539668689621,2.9621925138590153,0.5667040534727368,0.0,1.0,0.0,0.1,0.0,0.6295741418601052,0.1,0.08,0.04054054054054054,0.5,0.25
248,0.9795650109913231,0.5068159741297221,0.9289170617725425,0.5040957716384824,0.23380311223024616,0.5047199562552209,0.8687782805429864,0.42747822318089274,0.4238399374725788,0.14027149321266968,0.5485714285714286,0.38334700258081755,0.39587607848078066,0.09428571428571429,0.04524886877828054,0.02857142857142857,0.36857142857142855,14.631428571428572,0.013574660633484163,0.0,0.03496108893860503,0.11836634914903714,3.8552036199095023,0.0,0.0,0.15,0.08144796380090498,0,0.1624873526562649,0.2630321970346173,2.9315200921532636,0.7346674107032305,0.0,0.9,0.0,0.1,0.0,0.6295741418601052,0.1,0.08,0.04524886877828054,0.5,0.25
249,0.980005226629093,0.5061877902624129,0.9291950265038198,0.5044572506411567,0.23380311223024616,0.5043075090520655,0.8190045248868778,0.42747822318089274,0.4238399374725788,0.14027149321266968,0.5171428571428571,0.38334700258081755,0.39587607848078066,0.09428571428571429,0.049773755656108594,0.03142857142857143,0.36857142857142855,14.622857142857143,0.013574660633484163,0.0,0.03496108893860503,0.11836634914903714,3.8552036199095023,0.0,0.0,0.15,0.08144796380090498,0,0.16198877303584072,0.26171703604944424,2.9043182617387693,0.7199740624891658,0.0,1.0,0.0,0.1,0.0,0.6295741418601052,0.1,0.08,0.049773755656108594,0.5,0.25
250,0.9771900627239151,0.5057879665597989,0.9274174515808361,0.5038613061870162,0.23380311223024616,0.5039182575019945,0.8371040723981901,0.42747822318089274,0.4238399374725788,0.14027149321266968,0.5285714285714286,0.38334700258081755,0.39587607848078066,0.09428571428571429,0.058823529411764705,0.037142857142857144,0.36857142857142855,14.654285714285715,0.013574660633484163,0.0,0.03496108893860503,0.11836634914903714,3.8552036199095023,0.0,0.0,0.15,0.08144796380090498,0,0.16152125774209009,0.260408450869197,2.8833747536468515,0.7055745812393825,0.0,1.0,0.0,0.1,0.0,0.6295741418601052,0.1,0.08,0.058823529411764705,0.5,0.25
251,0.9789422010598468,0.5060024308731303,0.9282914103536554,0.5044042805047743,0.23380311223024616,0.5037047459043783,0.8409090909090909,0.42854474902147793,0.42392107771415444,0.1409090909090909,0.5285714285714286,0.38346128829510334,0.39596179276649496,0.09428571428571429,0.031818181818181815,0.022857142857142857,0.37142857142857144,14.654285714285715,0.00909090909090909,0.002857142857142857,0.034995853075497796,0.11836634914903714,3.827272727272727,0.0,0.0,0.15,0.08181818181818182,0,0.16137065145337964,0.2755059306837946,2.848564401431057,0.8006955559766392,0.0,0.875,0.0,0.1,0.0,0.6295741418601052,0.1,0.08,0.03619909502262444,0.5,0.25
252,0.9789987415984148,0.5052619555544929,0.9283269501207553,0.5040570779404205,0.23380311223024616,0.5035404257009171,0.8409090909090909,0.428635658112387,0.42398925953233624,0.1409090909090909,0.5285714285714286,0.38351843115224615,0.39600464990935214,0.09428571428571429,0.02727272727272727,0.017142857142857144,0.37142857142857144,14.657142857142857,0.00909090909090909,0.0,0.034995853075497796,0.11836634914903714,3.827272727272727,0.0,0.0,0.15,0.08181818181818182,0,0.16110651248182706,0.2741284010303756,2.8087359705452934,0.8877847682671146,0.0,0.8333333333333334,0.0,0.1,0.0,0.6295741418601052,0.1,0.08,0.02727272727272727,0.5,0.25
253,0.978256948333122,0.5050184972944362,0.9278606800682857,0.5039982241055293,0.23380311223024616,0.5033871771201701,0.8681818181818182,0.4287265672032961,0.4240574413505181,0.1409090909090909,0.5457142857142857,0.3835755740093891,0.39604750705220926,0.09428571428571429,0.05909090909090909,0.04,0.37142857142857144,14.67142857142857,0.00909090909090909,0.0,0.034995853075497796,0.11836634914903714,3.827272727272727,0.0,0.0,0.15,0.08181818181818182,0,0.1610996970587036,0.27275775902522376,2.792561251134387,0.888836916497517,0.0,0.9285714285714286,0.0,0.1,0.0,0.6295741418601052,0.1,0.08,0.05909090909090909,0.5,0.25
254,0.9804284852742547,0.5062521034383989,0.929225646145569,0.504491622848559,0.23380311223024616,0.5031108712316664,0.85,0.4287265672032961,0.4240574413505181,0.1409090909090909,0.5342857142857143,0.3835755740093891,0.39604750705220926,0.09428571428571429,0.05454545454545454,0.03428571428571429,0.37142857142857144,14.697142857142858,0.00909090909090909,0.0,0.034995853075497796,0.11836634914903714,3.827272727272727,0.0,0.0,0.15,0.08181818181818182,0,0.16069291642698152,0.27139397023009765,2.7709957403974137,0.8710601781675666,0.0,1.0,0.0,0.1,0.0,0.6295741418601052,0.1,0.08,0.05454545454545454,0.5,0.25
255,0.9806718654263075,0.5066808784358946,0.9293786279554307,0.5046646232117135,0.23380311223024616,0.5028435810487811,0.8545454545454545,0.4287265672032961,0.4240574413505181,0.1409090909090909,0.5371428571428571,0.3835755740093891,0.39604750705220926,0.09428571428571429,0.05454545454545454,0.037142857142857144,0.37142857142857144,14.711428571428572,0.00909090909090909,0.0,0.034995853075497796,0.11836634914903714,3.827272727272727,0.0,0.0,0.15,0.08181818181818182,0,0.16020288326984664,0.2700370003789472,2.752718682732323,0.8536389746042152,0.0,1.0,0.0,0.1,0.0,0.6295741418601052,0.1,0.08,0.05454545454545454,0.5,0.25
256,0.9799448789841335,0.5061113901973675,0.9289216650489214,0.5043348773314916,0.23380311223024616,0.5025555463640274,0.7909090909090909,0.4287265672032961,0.4240574413505181,0.1409090909090909,0.49714285714285716,0.3835755740093891,0.39604750705220926,0.09428571428571429,0.05,0.03142857142857143,0.37142857142857144,14.72,0.00909090909090909,0.0,0.034995853075497796,0.11836634914903714,3.827272727272727,0.0,0.0,0.15,0.08181818181818182,0,0.1596018688534974,0.2686868153770524,2.729092880506248,0.8365661951121309,0.0,1.0,0.0,0.1,0.0,0.6295741418601052,0.1,0.08,0.05,0.5,0.25
257,0.9800045683696347,0.5065738627588221,0.9289591840912366,0.5050332394168524,0.23380311223024616,0.5023321912505125,0.8181818181818182,0.4287265672032961,0.4240574413505181,0.1409090909090909,0.5142857142857142,0.3835755740093891,0.39604750705220926,0.09428571428571429,0.031818181818181815,0.022857142857142857,0.37142857142857144,14.722857142857142,0.013636363636363636,0.0,0.034995853075497796,0.11836634914903714,3.827272727272727,0.0,0.0,0.15,0.08181818181818182,0,0.15906043165208705,0.26734338130016716,2.6973681657532658,0.8198348712098883,0.0,1.0,0.0,0.1,0.0,0.6295741418601052,0.1,0.08,0.031818181818181815,0.5,0.25
258,0.9774440099256938,0.5058535888066011,0.9273496902121879,0.5044252833105146,0.23380311223024616,0.5021152866476888,0.8681818181818182,0.4289083853851143,0.42419380498688175,0.1409090909090909,0.5457142857142857,0.3836898597236747,0.39613322133792356,0.09428571428571429,0.045454545454545456,0.02857142857142857,0.37142857142857144,14.737142857142857,0.013636363636363636,0.0,0.034995853075497796,0.11836634914903714,3.827272727272727,0.0,0.0,0.15,0.08181818181818182,0,0.15911802638768124,0.2903389105034782,2.6719922310096287,0.825757605878794,0.0,0.9,0.0,0.1,0.0,0.6295741418601052,0.1,0.08,0.045454545454545456,0.5,0.25
259,0.9786938256996865,0.5064287821377449,0.9281352886986978,0.5056348101480429,0.23380311223024616,0.5019121053660394,0.8045454545454546,0.42909020356693245,0.4243301686232454,0.1409090909090909,0.5057142857142857,0.3838041454379605,0.3962189356236378,0.09428571428571429,0.03636363636363636,0.025714285714285714,0.37142857142857144,14.748571428571429,0.013636363636363636,0.0,0.034995853075497796,0.11836634914903714,3.827272727272727,0.0,0.0,0.15,0.08181818181818182,0,0.15940757982717144,0.2888872159509608,2.644266672103722,0.8876116108317734,0.0,0.7777777777777778,0.0,0.1,0.0,0.6295741418601052,0.1,0.08,0.03636363636363636,0.5,0.25
260,0.9798574344055908,0.5055344437408139,0.9288666998852659,0.5053155900437143,0.23380311223024616,0.5017316939232058,0.7954545454545454,0.42909020356693245,0.4243301686232454,0.1409090909090909,0.5,0.3838041454379605,0.3962189356236378,0.09428571428571429,0.045454545454545456,0.03142857142857143,0.37142857142857144,14.765714285714285,0.013636363636363636,0.0,0.034995853075497796,0.11836634914903714,3.827272727272727,0.0,0.0,0.15,0.08181818181818182,0,0.1590094004994641,0.287442779871206,2.622809910090219,0.869859378615138,0.0,1.0,0.0,0.1,0.0,0.6295741418601052,0.1,0.08,0.045454545454545456,0.5,0.25
261,0.9798434005867838,0.5064431732804109,0.9288578786277302,0.5059656335370321,0.23380311223024616,0.5014562618482191,0.8181818181818182,0.4292720217487506,0.424466532259609,0.1409090909090909,0.5142857142857142,0.3839184311522461,0.39630464990935205,0.09428571428571429,0.05454545454545454,0.03428571428571429,0.37142857142857144,14.791428571428572,0.013636363636363636,0.0,0.034995853075497796,0.11836634914903714,3.827272727272727,0.0,0.0,0.15,0.08181818181818182,0,0.15892806849696678,0.28600556597184995,2.6046394261741286,0.8804316042244593,0.0,0.9166666666666666,0.0,0.1,0.0,0.6295741418601052,0.1,0.08,0.05454545454545454,0.5,0.25
262,0.979899583281968,0.5058236836224126,0.928893193464703,0.5056255675910895,0.23380311223024616,0.501324143811224,0.8136363636363636,0.4292720217487506,0.424466532259609,0.1409090909090909,0.5114285714285715,0.3839184311522461,0.39630464990935205,0.09428571428571429,0.04090909090909091,0.025714285714285714,0.37142857142857144,14.78,0.013636363636363636,0.0,0.034995853075497796,0.11836634914903714,3.827272727272727,0.0,0.0,0.15,0.08181818181818182,0,0.15830471386876768,0.28457553814199066,2.578260923364932,0.8628229721399701,0.0,1.0,0.0,0.1,0.0,0.6295741418601052,0.1,0.08,0.04090909090909091,0.5,0.25
263,0.9781554663828144,0.506125730830166,0.9277968914138065,0.5052275201557566,0.23380311223024616,0.5010801925424271,0.8227272727272728,0.4292720217487506,0.424466532259609,0.1409090909090909,0.5171428571428571,0.3839184311522461,0.39630464990935205,0.09428571428571429,0.05454545454545454,0.03428571428571429,0.37142857142857144,14.808571428571428,0.01818181818181818,0.0,0.034995853075497796,0.11836634914903714,3.827272727272727,0.0,0.0,0.15,0.08181818181818182,0,0.15791204887085242,0.28315266045128074,2.5609814191833475,0.8455665126971706,0.0,1.0,0.0,0.1,0.0,0.6295741418601052,0.1,0.08,0.05454545454545454,0.5,0.25
264,0.9778859141258173,0.505958995683476,0.9276274585665514,0.5054315185703774,0.23380311223024616,0.5009042470277045,0.8045454545454546,0.4292720217487506,0.424466532259609,0.1409090909090909,0.5057142857142857,0.3839184311522461,0.39630464990935205,0.09428571428571429,0.05909090909090909,0.037142857142857144,0.37142857142857144,14.831428571428571,0.01818181818181818,0.0,0.034995853075497796,0.11836634914903714,3.827272727272727,0.0,0.0,0.15,0.08181818181818182,0,0.15740777505506956,0.2817368971490243,2.546904647942537,0.8286551824432272,0.0,1.0,0.0,0.1,0.0,0.6295741418601052,0.1,0.08,0.05909090909090909,0.5,0.25
265,0.9786123146344905,0.5073007970633707,0.928084053172003,0.5061318088827316,0.23380311223024616,0.5008345814636161,0.7863636363636364,0.4292720217487506,0.424466532259609,0.1409090909090909,0.4942857142857143,0.3839184311522461,0.39630464990935205,0.09428571428571429,0.045454545454545456,0.02857142857142857,0.37142857142857144,14.851428571428572,0.01818181818181818,0.0,0.034995853075497796,0.11836634914903714,3.827272727272727,0.0,0.0,0.15,0.08181818181818182,0,0.1571557100094317,0.2803282126632792,2.5245379835551147,0.8120820787943627,0.0,1.0,0.0,0.1,0.0,0.6295741418601052,0.1,0.08,0.045454545454545456,0.5,0.25
266,0.9771095866060462,0.5075768622057305,0.9271394812684095,0.5064832804006657,0.23380311223024616,0.5009636272505339,0.8318181818181818,0.42945383993056885,0.42460289589597267,0.1409090909090909,0.5228571428571429,0.38403271686653184,0.39639036419506635,0.09428571428571429,0.05454545454545454,0.03428571428571429,0.37142857142857144,14.865714285714287,0.02727272727272727,0.0,0.034995853075497796,0.11836634914903714,3.827272727272727,0.0,0.0,0.15,0.08181818181818182,0,0.1570553600308131,0.27892657159996276,2.5083329381697275,0.8992870068398869,0.0,0.9166666666666666,0.0,0.1,0.0,0.6295741418601052,0.1,0.08,0.05454545454545454,0.5,0.25
267,0.9780041901734907,0.5076001103948531,0.9277018035108032,0.5064040371813446,0.23380311223024616,0.5011058641449397,0.8045454545454546,0.42945383993056885,0.42460289589597267,0.1409090909090909,0.5057142857142857,0.38403271686653184,0.39639036419506635,0.09428571428571429,0.05909090909090909,0.037142857142857144,0.37142857142857144,14.9,0.031818181818181815,0.0,0.034995853075497796,0.11836634914903714,3.827272727272727,0.0,0.0,0.15,0.08181818181818182,0,0.1565839403735162,0.2775319387419629,2.4953091365491895,0.8813012667030892,0.0,1.0,0.0,0.1,0.0,0.6295741418601052,0.1,0.08,0.05909090909090909,0.5,0.25
268,0.9790801765481861,0.5063143950833484,0.92794356529156,0.5054688198480434,0.23380311223024616,0.501324596233617,0.8532110091743119,0.42925484863812574,0.4268116242479401,0.14220183486238533,0.5314285714285715,0.38403271686653184,0.39639036419506635,0.09428571428571429,0.045871559633027525,0.03142857142857143,0.37714285714285717,14.914285714285715,0.022935779816513763,0.005714285714285714,0.03501124093545506,0.11836634914903714,3.7981651376146788,0.0,0.0,0.15,0.08256880733944955,0,0.1561131777610414,0.2761442790482531,2.4768315252467774,0.8636752413690274,0.0,1.0,0.0,0.1,0.0,0.6295741418601052,0.1,0.08,0.05,0.5,0.25
269,0.9777938898853011,0.5067602314640998,0.9271423924558201,0.5057980796555472,0.23380311223024616,0.5014330244205552,0.8348623853211009,0.42934659175739176,0.4268804315873897,0.14220183486238533,0.52,0.38408985972367465,0.3964332213379235,0.09428571428571429,0.05504587155963303,0.03428571428571429,0.37714285714285717,14.925714285714285,0.022935779816513763,0.0,0.03502096500224073,0.11836634914903714,3.7981651376146788,0.0,0.0,0.15,0.0779816513761468,0,0.15616004187223617,0.2747635576530118,2.461580609027556,0.8493764082933957,0.0,0.9166666666666666,0.0,0.1,0.0,0.6295741418601052,0.1,0.08,0.05504587155963303,0.5,0.25
270,0.9782522139522235,0.5062285471368646,0.9265541665087246,0.505339768305413,0.23380311223024616,0.5015635924850186,0.8518518518518519,0.4313359838917933,0.42623851194402856,0.14351851851851852,0.5257142857142857,0.38408985972367465,0.3964332213379235,0.09428571428571429,0.027777777777777776,0.022857142857142857,0.38285714285714284,14.93142857142857,0.013888888888888888,0.005714285714285714,0.03505205338922735,0.11836634914903714,3.759259259259259,0.0,0.0,0.15,0.0787037037037037,0,0.15560767023430355,0.2733897398647468,2.4352061397041473,0.8323888801275279,0.0,1.0,0.0,0.1,0.0,0.6295741418601052,0.1,0.08,0.03669724770642202,0.5,0.25
271,0.9793336703229104,0.5064572760272371,0.927221579583206,0.5055645776715477,0.23380311223024616,0.5015779502466469,0.8379629629629629,0.43161376166957105,0.42644684527736193,0.14351851851851852,0.5171428571428571,0.38426128829510325,0.396561792766495,0.09428571428571429,0.041666666666666664,0.025714285714285714,0.38285714285714284,14.922857142857143,0.013888888888888888,0.0,0.03505962506896123,0.11836634914903714,3.759259259259259,0.0,0.0,0.15,0.0787037037037037,0,0.15594306330813204,0.2764667669287019,2.4122163026243504,0.8400659055177215,0.0,0.7777777777777778,0.0,0.1,0.0,0.6295741418601052,0.1,0.08,0.041666666666666664,0.5,0.25
272,0.978544780491289,0.506198900531658,0.926734721858548,0.5052929069624188,0.23380311223024616,0.501556770223542,0.7962962962962963,0.43170635426216364,0.4265162897218064,0.14351851851851852,0.49142857142857144,0.3843184311522461,0.39660464990935207,0.09428571428571429,0.037037037037037035,0.022857142857142857,0.38285714285714284,14.937142857142858,0.013888888888888888,0.0,0.03505962506896123,0.11836634914903714,3.759259259259259,0.0,0.0,0.15,0.0787037037037037,0,0.15576292013444853,0.2750844330940584,2.3868291194290063,0.8910054051803404,0.0,0.875,0.0,0.1,0.0,0.6295741418601052,0.1,0.08,0.037037037037037035,0.5,0.25
273,0.980031695257688,0.505700398108892,0.9276523606858113,0.5046127902725688,0.23380311223024616,0.5014964510817173,0.8379629629629629,0.43170635426216364,0.4265162897218064,0.14351851851851852,0.5171428571428571,0.3843184311522461,0.39660464990935207,0.09428571428571429,0.037037037037037035,0.022857142857142857,0.38285714285714284,14.942857142857143,0.013888888888888888,0.0,0.03505962506896123,0.11836634914903714,3.759259259259259,0.0,0.0,0.15,0.0787037037037037,0,0.15532553767306198,0.2737090109285881,2.3619496798975685,0.8731852970767335,0.0,1.0,0.0,0.1,0.0,0.6295741418601052,0.1,0.08,0.037037037037037035,0.5,0.25
274,0.9796536878455302,0.5058985996746188,0.9274190761114511,0.5050053910324807,0.23380311223024616,0.5012909544411928,0.8055555555555556,0.43189153944734887,0.42665517861069524,0.14351851851851852,0.49714285714285716,0.3844327168665319,0.3966903641950663,0.09428571428571429,0.05092592592592592,0.03142857142857143,0.38285714285714284,14.945714285714285,0.009259259259259259,0.0,0.03505962506896123,0.11836634914903714,3.759259259259259,0.0,0.0,0.15,0.0787037037037037,0,0.15526233998469668,0.27234046587394517,2.346139257728189,0.9007059169843182,0.0,0.9090909090909091,0.0,0.1,0.0,0.6295741418601052,0.1,0.08,0.05092592592592592,0.5,0.25
275,0.9809181973475368,0.5051951786248318,0.9281994591184038,0.5042654911217774,0.23380311223024616,0.5011559883666853,0.8101851851851852,0.43198413203994135,0.4267246230551397,0.14351851851851852,0.5,0.3844898597236748,0.39673322133792355,0.09428571428571429,0.046296296296296294,0.02857142857142857,0.38285714285714284,14.948571428571428,0.009259259259259259,0.0,0.03505962506896123,0.11836634914903714,3.759259259259259,0.0,0.0,0.15,0.0787037037037037,0,0.15508588542763033,0.2709787635445755,2.3277879011450535,0.8882806170837659,0.0,0.9,0.0,0.1,0.0,0.6295741418601052,0.1,0.08,0.046296296296296294,0.5,0.25
276,0.9799381261157073,0.5041927910077312,0.9275946151581889,0.5042103964948987,0.23380311223024616,0.5008799421253983,0.8333333333333334,0.432076724632534,0.42679406749958415,0.14351851851851852,0.5142857142857142,0.3845470025808176,0.39677607848078067,0.09428571428571429,0.032407407407407406,0.02,0.38285714285714284,14.951428571428572,0.009259259259259259,0.0,0.03505962506896123,0.11836634914903714,3.759259259259259,0.0,0.0,0.15,0.0787037037037037,0,0.15508045956834934,0.2696238697268526,2.3012321431221525,0.893210303060381,0.0,0.8571428571428571,0.0,0.1,0.0,0.6295741418601052,0.1,0.08,0.032407407407407406,0.5,0.25
277,0.9781785767777583,0.505872676288642,0.9265087218524832,0.5051229653386142,0.23380311223024616,0.5005385631117321,0.875,0.4322619098177192,0.42693295638847306,0.14351851851851852,0.54,0.38466128829510327,0.39686179276649497,0.09428571428571429,0.041666666666666664,0.025714285714285714,0.38285714285714284,14.954285714285714,0.009259259259259259,0.0,0.03505962506896123,0.11836634914903714,3.759259259259259,0.0,0.0,0.15,0.0787037037037037,0,0.15493305798479332,0.2682757503782184,2.2809217859739954,0.8876502224576002,0.0,0.8888888888888888,0.0,0.1,0.0,0.6295741418601052,0.1,0.08,0.041666666666666664,0.5,0.25
278,0.9775542521152398,0.5052409362079125,0.9261234243464719,0.505044667626958,0.23380311223024616,0.5003509027701318,0.875,0.4322619098177192,0.42693295638847306,0.14351851851851852,0.54,0.38466128829510327,0.39686179276649497,0.09428571428571429,0.037037037037037035,0.025714285714285714,0.38285714285714284,14.96,0.009259259259259259,0.0,0.03505962506896123,0.11836634914903714,3.759259259259259,0.0,0.0,0.15,0.0787037037037037,0,0.15463747766363634,0.26693437162632727,2.261017635968801,0.8698972180084482,0.0,1.0,0.0,0.1,0.0,0.6295741418601052,0.1,0.08,0.037037037037037035,0.5,0.25
279,0.9772986584243232,0.5064200995250557,0.9259656865257919,0.5053482573061913,0.23380311223024616,0.5001857316218881,0.8194444444444444,0.43253968759549694,0.42714128972180637,0.14351851851851852,0.5057142857142857,0.3848327168665319,0.39699036419506634,0.09428571428571429,0.041666666666666664,0.025714285714285714,0.38285714285714284,14.98857142857143,0.009259259259259259,0.0,0.03505962506896123,0.11836634914903714,3.759259259259259,0.0,0.0,0.15,0.0787037037037037,0,0.1551197231288896,0.26559969976819564,2.2415115689637104,0.875741395977981,0.0,0.7777777777777778,0.0,0.1,0.0,0.6295741418601052,0.1,0.08,0.041666666666666664,0.5,0.25
280,0.9787828942358969,0.5062795487078228,0.9268816720552201,0.5050771011587051,0.23380311223024616,0.5001306387278887,0.8425925925925926,0.43253968759549694,0.42714128972180637,0.14351851851851852,0.52,0.3848327168665319,0.39699036419506634,0.09428571428571429,0.041666666666666664,0.025714285714285714,0.38285714285714284,15.0,0.009259259259259259,0.0,0.03505962506896123,0.11836634914903714,3.759259259259259,0.0,0.0,0.15,0.0787037037037037,0,0.15460083951324516,0.2642717012693547,2.2223956232987216,0.8582265680584213,0.0,1.0,0.0,0.1,0.0,0.6295741418601052,0.1,0.08,0.041666666666666664,0.5,0.25
281,0.9774119346926258,0.5051351309912967,0.9260355941656585,0.5040388901949395,0.23380311223024616,0.5001440779164449,0.8194444444444444,0.43253968759549694,0.42714128972180637,0.14351851851851852,0.5057142857142857,0.3848327168665319,0.39699036419506634,0.09428571428571429,0.041666666666666664,0.025714285714285714,0.38285714285714284,15.014285714285714,0.009259259259259259,0.0,0.03505962506896123,0.11836634914903714,3.759259259259259,0.0,0.0,0.15,0.0787037037037037,0,0.15405626388710753,0.2629503427630079,2.203661996547033,0.8410620366972529,0.0,1.0,0.0,0.1,0.0,0.6295741418601052,0.1,0.08,0.041666666666666664,0.5,0.25
282,0.9787569714144027,0.5060160368483575,0.9266952079442191,0.5053477253987463,0.23380311223024616,0.5000737579511438,0.8325581395348837,0.4311383823629446,0.42692206164871704,0.14418604651162792,0.5114285714285715,0.38494700258081754,0.39707607848078064,0.09428571428571429,0.04186046511627907,0.025714285714285714,0.38571428571428573,15.002857142857144,0.004651162790697674,0.002857142857142857,0.03517023572044671,0.11836634914903714,3.655813953488372,0.0,0.0,0.15,0.07906976744186046,0,0.1543992711355291,0.2616355910491928,2.1853030423303785,0.8586450271998654,0.0,0.7777777777777778,0.0,0.1,0.0,0.6295741418601052,0.1,0.08,0.041666666666666664,0.5,0.25
283,0.9791715322065948,0.5057541802969985,0.9269498667165658,0.5051394955286375,0.23380311223024616,0.5001272058437414,0.8232558139534883,0.4311383823629446,0.42692206164871704,0.14418604651162792,0.5057142857142857,0.38494700258081754,0.39707607848078064,0.09428571428571429,0.04186046511627907,0.025714285714285714,0.38571428571428573,15.025714285714285,0.004651162790697674,0.0,0.035177314005968,0.11836634914903714,3.655813953488372,0.0,0.0,0.15,0.07906976744186046,0,0.15388398906556575,0.2603274130939469,2.167311267198057,0.841472126655868,0.0,1.0,0.0,0.1,0.0,0.6295741418601052,0.1,0.08,0.04186046511627907,0.5,0.25
284,0.9793293401762972,0.5051427071050025,0.9270468058979545,0.5049392202629975,0.23380311223024616,0.5001673898416803,0.8093023255813954,0.4311383823629446,0.42692206164871704,0.14418604651162792,0.49714285714285716,0.38494700258081754,0.39707607848078064,0.09428571428571429,0.04186046511627907,0.025714285714285714,0.38571428571428573,15.042857142857143,0.004651162790697674,0.0,0.035177314005968,0.11836634914903714,3.655813953488372,0.0,0.0,0.15,0.07906976744186046,0,0.15354044120963067,0.25902577602847715,2.149679327568381,0.8246426841227507,0.0,1.0,0.0,0.1,0.0,0.6295741418601052,0.1,0.08,0.04186046511627907,0.5,0.25
285,0.9797274888747846,0.5045554453822864,0.9272913829555967,0.504852232455206,0.23380311223024616,0.5002902758598611,0.8511627906976744,0.4311383823629446,0.42692206164871704,0.14418604651162792,0.5228571428571429,0.38494700258081754,0.39707607848078064,0.09428571428571429,0.04186046511627907,0.025714285714285714,0.38571428571428573,15.065714285714286,0.018604651162790697,0.0,0.035177314005968,0.11836634914903714,3.655813953488372,0.0,0.0,0.15,0.07906976744186046,0,0.15294402471786822,0.25773064714833477,2.132400026731299,0.8081498304402956,0.0,1.0,0.0,0.1,0.0,0.6295741418601052,0.1,0.08,0.04186046511627907,0.5,0.25
286,0.9793555848464497,0.5048647444187396,0.9270629276239051,0.5057046004939783,0.23380311223024616,0.5005109198098003,0.8232558139534883,0.4311383823629446,0.42692206164871704,0.14418604651162792,0.5057142857142857,0.38494700258081754,0.39707607848078064,0.09428571428571429,0.05116279069767442,0.03142857142857143,0.38571428571428573,15.074285714285715,0.013953488372093023,0.0,0.035177314005968,0.11836634914903714,3.655813953488372,0.0,0.0,0.15,0.07906976744186046,0,0.15246402173356463,0.25644199391259304,2.1211805976252447,0.7919868338314897,0.0,1.0,0.0,0.1,0.0,0.6295741418601052,0.1,0.08,0.05116279069767442,0.5,0.25
287,0.982695572245078,0.5047845880938786,0.9291146341687769,0.5061621067598189,0.23380311223024616,0.5007128886588401,0.8325581395348837,0.4311383823629446,0.42692206164871704,0.14418604651162792,0.5114285714285715,0.38494700258081754,0.39707607848078064,0.09428571428571429,0.027906976744186046,0.02,0.38571428571428573,15.09142857142857,0.013953488372093023,0.0,0.035177314005968,0.11836634914903714,3.655813953488372,0.0,0.0,0.15,0.07906976744186046,0,0.15198613376418252,0.25515978394303007,2.0987569856727393,0.77614709715486,0.0,1.0,0.0,0.1,0.0,0.6295741418601052,0.1,0.08,0.027906976744186046,0.5,0.25
288,0.982800343191503,0.504753984327754,0.9291789934644381,0.5062520585272956,0.23380311223024616,0.5009550156040095,0.786046511627907,0.4314174521303865,0.4271313639742985,0.14418604651162792,0.4828571428571429,0.38511843115224614,0.3972046499093521,0.09428571428571429,0.05116279069767442,0.03142857142857143,0.38571428571428573,15.117142857142857,0.013953488372093023,0.0,0.035177314005968,0.11836634914903714,3.655813953488372,0.0,0.0,0.15,0.07906976744186046,0,0.15236834666679017,0.25388398502331494,2.0882104173878564,0.7860691046155819,0.0,0.8181818181818182,0.0,0.1,0.0,0.6295741418601052,0.1,0.08,0.05116279069767442,0.5,0.25
289,0.9815226804949887,0.5051428296523209,0.9283941435222937,0.5062083920245134,0.23380311223024616,0.5010438493888635,0.8418604651162791,0.4314174521303865,0.4271313639742985,0.14418604651162792,0.5171428571428571,0.38511843115224614,0.3972046499093521,0.09428571428571429,0.027906976744186046,0.017142857142857144,0.38571428571428573,15.134285714285713,0.018604651162790697,0.0,0.035177314005968,0.11836634914903714,3.655813953488372,0.0,0.0,0.15,0.07906976744186046,0,0.1517492192191705,0.25261456509819835,2.063589066182956,0.7703477225232702,0.0,1.0,0.0,0.1,0.0,0.6295741418601052,0.1,0.08,0.027906976744186046,0.5,0.25
290,0.9819867573164143,0.5049452402793605,0.9286034586842989,0.5055941410947229,0.23380311223024616,0.5010782206784802,0.8084112149532711,0.4324343706688996,0.42788366396629707,0.14485981308411214,0.4942857142857143,0.385175574009389,0.39724750705220924,0.09428571428571429,0.056074766355140186,0.03428571428571429,0.38857142857142857,15.148571428571428,0.02336448598130841,0.002857142857142857,0.03516389870764156,0.11836634914903713,3.6542056074766354,0.0,0.0,0.15,0.0794392523364486,0,0.15192963378032456,0.25135149227270737,2.0566029991450105,0.7668694256345467,0.0,0.9166666666666666,0.0,0.1,0.0,0.6295741418601052,0.1,0.08,0.05581395348837209,0.5,0.25
291,0.9804480868688642,0.5046304728667206,0.9276626716106541,0.5053417964746922,0.23380311223024616,0.5010865179656182,0.8644859813084113,0.4324343706688996,0.42788366396629707,0.14485981308411214,0.5285714285714286,0.385175574009389,0.39724750705220924,0.09428571428571429,0.03271028037383177,0.02,0.38857142857142857,15.154285714285715,0.028037383177570093,0.0,0.03517368038411321,0.11836634914903713,3.6542056074766354,0.0,0.0,0.15,0.0794392523364486,0,0.15136955775428007,0.2500947348113438,2.0354709391621113,0.7515320371218558,0.0,1.0,0.0,0.1,0.0,0.6295741418601052,0.1,0.08,0.03271028037383177,0.5,0.25
292,0.9826058677371674,0.5050620351378702,0.9289820004844166,0.5058199249333905,0.23380311223024616,0.5011379086329164,0.7897196261682243,0.4325278286128249,0.4279537574242409,0.14485981308411214,0.4828571428571429,0.38523271686653193,0.3972903641950664,0.09428571428571429,0.04672897196261682,0.02857142857142857,0.38857142857142857,15.18,0.028037383177570093,0.0,0.03517368038411321,0.11836634914903713,3.6542056074766354,0.0,0.0,0.15,0.0794392523364486,0,0.15132613996550867,0.2488442611372871,2.0233329489502974,0.7416144313068743,0.0,0.9,0.0,0.1,0.0,0.6295741418601052,0.1,0.08,0.04672897196261682,0.5,0.25
293,0.9838140910086588,0.5042404412690461,0.9295318155977436,0.5061754929089277,0.23380311223024616,0.5010732065729733,0.8207547169811321,0.4355261400839702,0.4277120200392607,0.14622641509433962,0.49714285714285716,0.3853470025808176,0.3973760784807806,0.09428571428571429,0.02830188679245283,0.022857142857142857,0.3942857142857143,15.2,0.018867924528301886,0.005714285714285714,0.0351961723612462,0.11836634914903714,3.6226415094339623,0.0,0.0,0.15,0.08018867924528301,0,0.15156936640853827,0.2902253748587764,2.0057234328284337,0.7750056890822,0.0,0.75,0.0,0.1,0.0,0.6295741418601052,0.1,0.08,0.037383177570093455,0.5,0.25
294,0.9840699804113447,0.5043930455345788,0.9295909800188616,0.505589490515804,0.23380311223024616,0.5009692179385883,0.8625592417061612,0.4363900425622318,0.42669055604241163,0.14691943127962084,0.52,0.3853470025808176,0.3973760784807806,0.09428571428571429,0.02843601895734597,0.02,0.39714285714285713,15.214285714285714,0.009478672985781991,0.002857142857142857,0.0352176991171311,0.11836634914903714,3.6113744075829386,0.0,0.0,0.15,0.08056872037914692,0,0.15120952528363843,0.28877424798448253,1.9856089641718655,0.7595055753005561,0.0,1.0,0.0,0.1,0.0,0.6295741418601052,0.1,0.08,0.0330188679245283,0.5,0.25
295,0.9852419457887621,0.5040247684041149,0.9302975077178189,0.5055828946835803,0.23380311223024616,0.5010067938730597,0.8246445497630331,0.4363900425622318,0.42669055604241163,0.14691943127962084,0.49714285714285716,0.3853470025808176,0.3973760784807806,0.09428571428571429,0.04265402843601896,0.02857142857142857,0.39714285714285713,15.222857142857142,0.009478672985781991,0.0,0.0352176991171311,0.11836634914903714,3.6113744075829386,0.0,0.0,0.15,0.08056872037914692,0,0.15087934974661302,0.28733037674456013,1.9744682134598566,0.7443154637945449,0.0,1.0,0.0,0.1,0.0,0.6295741418601052,0.1,0.08,0.04265402843601896,0.5,0.25
296,0.9841531714251099,0.5031607078969865,0.9296411323157315,0.5057208443501604,0.23380311223024616,0.5011031456358902,0.8104265402843602,0.43686397621152084,0.4270460062793784,0.14691943127962084,0.48857142857142855,0.3856327168665319,0.3975903641950664,0.09428571428571429,0.05687203791469194,0.03428571428571429,0.39714285714285713,15.237142857142857,0.009478672985781991,0.0,0.0352176991171311,0.11836634914903714,3.6113744075829386,0.0,0.0,0.15,0.08056872037914692,0,0.15166723942645136,0.2858937248608373,1.9692645634763735,0.8507630225817854,0.0,0.75,0.0,0.1,0.0,0.6295741418601052,0.1,0.08,0.05687203791469194,0.5,0.25
297,0.9847073413582538,0.5036228808334114,0.9299752176182838,0.5061683196238065,0.23380311223024616,0.501145687967856,0.8009478672985783,0.43686397621152084,0.4270460062793784,0.14691943127962084,0.4828571428571429,0.3856327168665319,0.3975903641950664,0.09428571428571429,0.04265402843601896,0.025714285714285714,0.39714285714285713,15.251428571428571,0.009478672985781991,0.0,0.0352176991171311,0.11836634914903714,3.6113744075829386,0.0,0.0,0.15,0.08056872037914692,0,0.1511086175150334,0.28446425623653315,1.9555935579211317,0.8337477621301497,0.0,1.0,0.0,0.1,0.0,0.6295741418601052,0.1,0.08,0.04265402843601896,0.5,0.25
298,0.9827741187333553,0.5031809139245945,0.9288097605501308,0.506027450581221,0.23380311223024616,0.50125862819435,0.8056872037914692,0.43686397621152084,0.4270460062793784,0.14691943127962084,0.4857142857142857,0.3856327168665319,0.3975903641950664,0.09428571428571429,0.04265402843601896,0.025714285714285714,0.39714285714285713,15.265714285714285,0.009478672985781991,0.0,0.0352176991171311,0.11836634914903714,3.6113744075829386,0.0,0.0,0.15,0.08056872037914692,0,0.15058136014174398,0.28304193495535046,1.942195972476995,0.8170728068875467,0.0,1.0,0.0,0.1,0.0,0.6295741418601052,0.1,0.08,0.04265402843601896,0.5,0.25
299,0.9838137714673105,0.5024832849518468,0.9289555542373152,0.505567066750697,0.23380311223024616,0.5013071528576799,0.8380952380952381,0.4346580234287241,0.428111372642454,0.14761904761904762,0.5028571428571429,0.3856327168665319,0.3975903641950664,0.09428571428571429,0.009523809523809525,0.005714285714285714,0.4,15.268571428571429,0.004761904761904762,0.002857142857142857,0.03524336533043841,0.11836634914903714,3.5714285714285716,0.0,0.0,0.15,0.08095238095238096,0,0.14985702476960666,0.2816267252805737,1.9090663387417408,0.8007313507497957,0.0,1.0,0.0,0.1,0.0,0.6295741418601052,0.1,0.08,0.009478672985781991,0.5,0.25
300,0.9844875534829014,0.5028397725874271,0.9293598234466696,0.5051007637605812,0.23380311223024616,0.5013126025856273,0.819047619047619,0.4348484996192003,0.42825422978531114,0.14761904761904762,0.49142857142857144,0.38574700258081757,0.3976760784807807,0.09428571428571429,0.03333333333333333,0.022857142857142857,0.4,15.271428571428572,0.004761904761904762,0.0,0.035276010475372085,0.11836634914903714,3.5714285714285716,0.0,0.0,0.15,0.08095238095238096,0,0.15030504030657998,0.28021859165417085,1.8937421548240487,0.8204418284569713,0.0,0.75,0.0,0.1,0.0,0.6295741418601052,0.1,0.08,0.03333333333333333,0.5,0.25
301,0.9845011078453605,0.5027048967766063,0.9293679560641451,0.5047770712736369,0.23380311223024616,0.5013708907070046,0.7571428571428571,0.4350389758096765,0.4283970869281683,0.14761904761904762,0.4542857142857143,0.38586128829510336,0.3977617927664949,0.09428571428571429,0.0380952380952381,0.022857142857142857,0.4,15.282857142857143,0.004761904761904762,0.0,0.035276010475372085,0.11836634914903714,3.5714285714285716,0.0,0.0,0.15,0.08095238095238096,0,0.15032238719443983,0.29584848137965775,1.8787244545847106,0.8407650655971363,0.0,0.875,0.0,0.1,0.0,0.6295741418601052,0.1,0.08,0.0380952380952381,0.5,0.25
302,0.9846652073352573,0.5020908661138478,0.9294664157580834,0.5039375570490874,0.23380311223024616,0.5013228843007321,0.7952380952380952,0.4350389758096765,0.4283970869281683,0.14761904761904762,0.47714285714285715,0.38586128829510336,0.3977617927664949,0.09428571428571429,0.0380952380952381,0.022857142857142857,0.4,15.297142857142857,0.014285714285714285,0.0,0.035276010475372085,0.11836634914903714,3.5714285714285716,0.0,0.0,0.15,0.08095238095238096,0,0.1498269209691819,0.29436923897275946,1.8640071083501595,0.8239497642851935,0.0,1.0,0.0,0.1,0.0,0.6295741418601052,0.1,0.08,0.0380952380952381,0.5,0.25
303,0.9868987027270129,0.5009357985705308,0.9308065129931365,0.5033170786199552,0.23380311223024616,0.5011277352577369,0.7904761904761904,0.4350389758096765,0.4283970869281683,0.14761904761904762,0.4742857142857143,0.38586128829510336,0.3977617927664949,0.09428571428571429,0.0380952380952381,0.022857142857142857,0.4,15.302857142857142,0.009523809523809525,0.0,0.035276010475372085,0.11836634914903714,3.5714285714285716,0.0,0.0,0.15,0.08095238095238096,0,0.14947452552542467,0.2928973927778956,1.849584109040299,0.8074707689994897,0.0,1.0,0.0,0.1,0.0,0.6295741418601052,0.1,0.08,0.0380952380952381,0.5,0.25
304,0.985797845139174,0.5022533175264075,0.930019226913849,0.5041768567328028,0.23380311223024616,0.5008239292939118,0.8038277511961722,0.434672957057865,0.42934408509663835,0.14832535885167464,0.48,0.38586128829510336,0.3977617927664949,0.09428571428571429,0.028708133971291867,0.02,0.40285714285714286,15.314285714285715,0.009569377990430622,0.002857142857142857,0.03530387906930085,0.11836634914903713,3.54066985645933,0.0,0.0,0.15,0.08133971291866028,0,0.14898216713004744,0.2914329058140061,1.832592426859493,0.7913213536194998,0.0,1.0,0.0,0.1,0.0,0.6295741418601052,0.1,0.08,0.03333333333333333,0.5,0.25
305,0.9836510284632247,0.5013230835347043,0.9287372706702107,0.5034628700917689,0.23380311223024616,0.5004516336929475,0.8038277511961722,0.43486434461767365,0.4294876257664948,0.14832535885167464,0.48,0.38597557400938903,0.3978475070522092,0.09428571428571429,0.03827751196172249,0.025714285714285714,0.40285714285714286,15.322857142857142,0.004784688995215311,0.0,0.0353092529019754,0.11836634914903713,3.54066985645933,0.0,0.0,0.15,0.08133971291866028,0,0.14897925700868292,0.29085980028336317,1.8216548640365886,0.8337477621301497,0.0,0.8888888888888888,0.0,0.1,0.0,0.6295741418601052,0.1,0.08,0.03827751196172249,0.5,0.25
306,0.9837385260384598,0.5014312710833875,0.9287895192222797,0.5038881745585918,0.23380311223024616,0.49998546521650816,0.8086124401913876,0.4349600383975779,0.429559396101423,0.14832535885167464,0.4828571428571429,0.3860327168665319,0.39789036419506635,0.09428571428571429,0.04784688995215311,0.02857142857142857,0.40285714285714286,15.322857142857142,0.004784688995215311,0.0,0.0353092529019754,0.11836634914903713,3.54066985645933,0.0,0.0,0.15,0.08133971291866028,0,0.14900464929149668,0.28940550128194636,1.8137931953272857,0.8173615982492676,0.0,0.9,0.0,0.1,0.0,0.6295741418601052,0.1,0.08,0.04784688995215311,0.5,0.25
307,0.9836923809281981,0.5005401490111143,0.9287619639992948,0.5031738338296471,0.23380311223024616,0.49953181814496067,0.8038277511961722,0.4349600383975779,0.429559396101423,0.14832535885167464,0.48,0.3860327168665319,0.39789036419506635,0.09428571428571429,0.03349282296650718,0.02,0.40285714285714286,15.322857142857142,0.004784688995215311,0.0,0.0353092529019754,0.11836634914903713,3.54066985645933,0.0,0.0,0.15,0.08133971291866028,0,0.14848791175932488,0.2879584737755366,1.7975173314207398,0.8010143662842821,0.0,1.0,0.0,0.1,0.0,0.6295741418601052,0.1,0.08,0.03349282296650718,0.5,0.25
308,0.9847167104719596,0.4998944134571838,0.9293736350697124,0.5027677996014431,0.23380311223024616,0.49919674704668104,0.7990430622009569,0.4350557321774822,0.42963116643635124,0.14832535885167464,0.47714285714285715,0.3860898597236748,0.3979332213379235,0.09428571428571429,0.05263157894736842,0.03142857142857143,0.40285714285714286,15.342857142857143,0.009569377990430622,0.0,0.0353092529019754,0.11836634914903713,3.54066985645933,0.0,0.0,0.15,0.08133971291866028,0,0.14843090077195684,0.286518681406659,1.7929955562208961,0.789081609242468,0.0,0.9090909090909091,0.0,0.1,0.0,0.6295741418601052,0.1,0.08,0.05263157894736842,0.5,0.25
309,0.9854956622023544,0.5009870193949694,0.9298387805315766,0.5034097738418486,0.23380311223024616,0.498872826127098,0.8325358851674641,0.4351514259573866,0.42970293677127946,0.14832535885167464,0.49714285714285716,0.3861470025808176,0.3979760784807807,0.09428571428571429,0.03349282296650718,0.02,0.40285714285714286,15.354285714285714,0.014354066985645933,0.0,0.0353092529019754,0.11836634914903713,3.54066985645933,0.0,0.0,0.15,0.08133971291866028,0,0.1482601748395256,0.28508608799962565,1.7771356450964784,0.7916095433502787,0.0,0.8571428571428571,0.0,0.1,0.0,0.6295741418601052,0.1,0.08,0.03349282296650718,0.5,0.25
310,0.9844400268563468,0.5013111629939092,0.9291047325311776,0.5035638134617587,0.23380311223024616,0.49856567702271193,0.8413461538461539,0.4365327315754157,0.43102281368800743,0.14903846153846154,0.5,0.3861470025808176,0.3979760784807807,0.09428571428571429,0.03365384615384615,0.022857142857142857,0.4057142857142857,15.362857142857143,0.009615384615384616,0.002857142857142857,0.035331774611454175,0.11836634914903714,3.519230769230769,0.0,0.0,0.15,0.08173076923076923,0,0.1477468746796137,0.2836606575596275,1.7644500750516916,0.7757773524832731,0.0,1.0,0.0,0.1,0.0,0.6295741418601052,0.1,0.08,0.03827751196172249,0.5,0.25
311,0.9836119832390181,0.5009223665799969,0.9286126380385938,0.5033844471557755,0.23380311223024616,0.49838451848250415,0.8557692307692307,0.43662888542156963,0.4310949290726228,0.14903846153846154,0.5085714285714286,0.3862041454379604,0.3980189356236378,0.09428571428571429,0.019230769230769232,0.014285714285714285,0.4057142857142857,15.362857142857143,0.014423076923076924,0.0,0.035331774611454175,0.11836634914903714,3.519230769230769,0.0,0.0,0.15,0.08173076923076923,0,0.14769200528837637,0.2877617837782121,1.743446787836372,0.7975572850433245,0.0,0.8,0.0,0.1,0.0,0.6295741418601052,0.1,0.08,0.019230769230769232,0.5,0.25
312,0.9833097985707175,0.5004964688475639,0.9284330540071466,0.503118443741066,0.23380311223024616,0.4981011491982982,0.8557692307692307,0.43710965465233886,0.43145550599569965,0.14903846153846154,0.5085714285714286,0.3864898597236748,0.3982332213379235,0.09428571428571429,0.057692307692307696,0.03428571428571429,0.4057142857142857,15.362857142857143,0.009615384615384616,0.0,0.035331774611454175,0.11836634914903714,3.519230769230769,0.0,0.0,0.15,0.08173076923076923,0,0.14855268883336303,0.2914059972231464,1.7428635663653589,0.805165406065288,0.0,0.75,0.0,0.1,0.0,0.6295741418601052,0.1,0.08,0.057692307692307696,0.5,0.25
313,0.9821648859532429,0.5002228736362722,0.927752648794476,0.5033343973411406,0.23380311223024616,0.4978281862898074,0.8653846153846154,0.43710965465233886,0.43145550599569965,0.14903846153846154,0.5142857142857142,0.3864898597236748,0.3982332213379235,0.09428571428571429,0.028846153846153848,0.017142857142857144,0.4057142857142857,15.368571428571428,0.014423076923076924,0.0,0.035331774611454175,0.11836634914903714,3.519230769230769,0.0,0.0,0.15,0.08173076923076923,0,0.14798092610348196,0.2899489672370307,1.7251491521809088,0.7890620979439822,0.0,1.0,0.0,0.1,0.0,0.6295741418601052,0.1,0.08,0.028846153846153848,0.5,0.25
314,0.9828767560041628,0.5000944849234756,0.9281757029961655,0.5035616291243101,0.23380311223024616,0.4974593120689028,0.8365384615384616,0.43710965465233886,0.43145550599569965,0.14903846153846154,0.49714285714285716,0.3864898597236748,0.3982332213379235,0.09428571428571429,0.028846153846153848,0.017142857142857144,0.4057142857142857,15.368571428571428,0.009615384615384616,0.0,0.035331774611454175,0.11836634914903714,3.519230769230769,0.0,0.0,0.15,0.08173076923076923,0,0.1475250285979824,0.2884992224008456,1.7077890262801474,0.7732808559851025,0.0,1.0,0.0,0.1,0.0,0.6295741418601052,0.1,0.08,0.028846153846153848,0.5,0.25
315,0.9823566818865552,0.49982256986439183,0.9278666303777016,0.5027767637297609,0.23380311223024616,0.4970712373860262,0.8221153846153846,0.43710965465233886,0.43145550599569965,0.14903846153846154,0.48857142857142855,0.3864898597236748,0.3982332213379235,0.09428571428571429,0.04326923076923077,0.025714285714285714,0.4057142857142857,15.374285714285714,0.014423076923076924,0.0,0.035331774611454175,0.11836634914903714,3.519230769230769,0.0,0.0,0.15,0.08173076923076923,0,0.14704383274070676,0.2870567262888413,1.6993475314688304,0.7578152388654005,0.0,1.0,0.0,0.1,0.0,0.6295741418601052,0.1,0.08,0.04326923076923077,0.5,0.25
316,0.9819615676196296,0.49988166790618965,0.9276318196133574,0.502657308950964,0.23380311223024616,0.49667952699875834,0.8221153846153846,0.43710965465233886,0.43145550599569965,0.14903846153846154,0.48857142857142855,0.3864898597236748,0.3982332213379235,0.09428571428571429,0.04807692307692308,0.02857142857142857,0.4057142857142857,15.382857142857143,0.014423076923076924,0.0,0.035331774611454175,0.11836634914903714,3.519230769230769,0.0,0.0,0.15,0.08173076923076923,0,0.14664990641630682,0.2856214426573971,1.6939320094108825,0.7426589340880925,0.0,1.0,0.0,0.1,0.0,0.6295741418601052,0.1,0.08,0.04807692307692308,0.5,0.25
317,0.9839355917102661,0.49992150241046357,0.9288049539300784,0.503153237541332,0.23380311223024616,0.4963015177662425,0.8173076923076923,0.43730196234464647,0.43159973676493046,0.14903846153846154,0.4857142857142857,0.38660414543796034,0.3983189356236378,0.09428571428571429,0.04326923076923077,0.025714285714285714,0.4057142857142857,15.38,0.014423076923076924,0.0,0.035331774611454175,0.11836634914903714,3.519230769230769,0.0,0.0,0.15,0.08173076923076923,0,0.14657337188422526,0.28419333544411013,1.6857676549369505,0.7746323011530681,0.0,0.8888888888888888,0.0,0.1,0.0,0.6295741418601052,0.1,0.08,0.04326923076923077,0.5,0.25
318,0.9833694131195775,0.4996305418107555,0.9284684820818976,0.5031050093752869,0.23380311223024616,0.4960130289308003,0.8269230769230769,0.43730196234464647,0.43159973676493046,0.14903846153846154,0.49142857142857144,0.38660414543796034,0.3983189356236378,0.09428571428571429,0.038461538461538464,0.022857142857142857,0.4057142857142857,15.391428571428571,0.019230769230769232,0.0,0.035331774611454175,0.11836634914903714,3.519230769230769,0.0,0.0,0.15,0.08173076923076923,0,0.14604021931051842,0.2827723687668896,1.674909444695354,0.7591396551300067,0.0,1.0,0.0,0.1,0.0,0.6295741418601052,0.1,0.08,0.038461538461538464,0.5,0.25
319,0.9824378327468869,0.49940166901407845,0.9279148571746986,0.5032199946249163,0.23380311223024616,0.49567055383222974,0.8173076923076923,0.43730196234464647,0.43159973676493046,0.14903846153846154,0.4857142857142857,0.38660414543796034,0.3983189356236378,0.09428571428571429,0.014423076923076924,0.008571428571428572,0.4057142857142857,15.388571428571428,0.014423076923076924,0.0,0.035331774611454175,0.11836634914903714,3.519230769230769,0.0,0.0,0.15,0.08173076923076923,0,0.14550788958907288,0.28135850692305514,1.6499826843728758,0.7439568620274066,0.0,1.0,0.0,0.1,0.0,0.6295741418601052,0.1,0.08,0.014423076923076924,0.5,0.25
320,0.9816165690282712,0.49769104755687255,0.9274267918790642,0.5019394519224598,0.23380311223024616,0.495538510868582,0.8173076923076923,0.43730196234464647,0.43159973676493046,0.14903846153846154,0.4857142857142857,0.38660414543796034,0.3983189356236378,0.09428571428571429,0.038461538461538464,0.022857142857142857,0.4057142857142857,15.385714285714286,0.014423076923076924,0.0,0.035331774611454175,0.11836634914903714,3.519230769230769,0.0,0.0,0.15,0.08173076923076923,0,0.14517878085541322,0.27995171438843985,1.639840173542561,0.7290777247868585,0.0,1.0,0.0,0.1,0.0,0.6295741418601052,0.1,0.08,0.038461538461538464,0.5,0.25
321,0.9810188948072174,0.4993206360120602,0.9270716026276952,0.5027473625771846,0.23380311223024616,0.49537073114636776,0.8028846153846154,0.43730196234464647,0.43159973676493046,0.14903846153846154,0.47714285714285715,0.38660414543796034,0.3983189356236378,0.09428571428571429,0.028846153846153848,0.017142857142857144,0.4057142857142857,15.382857142857143,0.014423076923076924,0.0,0.035331774611454175,0.11836634914903714,3.519230769230769,0.0,0.0,0.15,0.08173076923076923,0,0.14465231623685043,0.27855195581649767,1.6241862272145668,0.7144961702911212,0.0,1.0,0.0,0.1,0.0,0.6295741418601052,0.1,0.08,0.028846153846153848,0.5,0.25
322,0.9809014809599025,0.5006151887896759,0.9270018252555763,0.5032033195530633,0.23380311223024616,0.4952654865074048,0.8317307692307693,0.43730196234464647,0.43159973676493046,0.14903846153846154,0.4942857142857143,0.38660414543796034,0.3983189356236378,0.09428571428571429,0.019230769230769232,0.011428571428571429,0.4057142857142857,15.382857142857143,0.009615384615384616,0.0,0.035331774611454175,0.11836634914903714,3.519230769230769,0.0,0.0,0.15,0.08173076923076923,0,0.14407162608423765,0.2771591960374152,1.6031310740988471,0.7002062468852989,0.0,1.0,0.0,0.1,0.0,0.6295741418601052,0.1,0.08,0.019230769230769232,0.5,0.25
323,0.9823344391616137,0.5000755534196955,0.9278534118440221,0.5023318232282573,0.23380311223024616,0.49528861001862434,0.8701923076923077,0.43730196234464647,0.43159973676493046,0.14903846153846154,0.5171428571428571,0.38660414543796034,0.3983189356236378,0.09428571428571429,0.03365384615384615,0.02,0.4057142857142857,15.394285714285715,0.014423076923076924,0.0,0.035331774611454175,0.11836634914903714,3.519230769230769,0.0,0.0,0.15,0.08173076923076923,0,0.14363598366810215,0.2757734000572281,1.5910684526168701,0.6862021219475929,0.0,1.0,0.0,0.1,0.0,0.6295741418601052,0.1,0.08,0.03365384615384615,0.5,0.25
324,0.9822456725373381,0.5005883505234507,0.9278006591073097,0.5032028266282774,0.23380311223024616,0.4954070223320512,0.7692307692307693,0.43730196234464647,0.43159973676493046,0.14903846153846154,0.45714285714285713,0.38660414543796034,0.3983189356236378,0.09428571428571429,0.028846153846153848,0.017142857142857144,0.4057142857142857,15.394285714285715,0.009615384615384616,0.0,0.035331774611454175,0.11836634914903714,3.519230769230769,0.0,0.0,0.15,0.08173076923076923,0,0.14308880446404737,0.27439453305694195,1.5763899407073898,0.672478079508641,0.0,1.0,0.0,0.1,0.0,0.6295741418601052,0.1,0.08,0.028846153846153848,0.5,0.25
325,0.9842119904524781,0.4997894122712362,0.9289692137540214,0.5027603577775319,0.23380311223024616,0.49548487250561246,0.7692307692307693,0.4373981161908004,0.43167185214954584,0.14903846153846154,0.45714285714285713,0.3866612882951033,0.39836179276649497,0.09428571428571429,0.03365384615384615,0.02,0.4057142857142857,15.4,0.009615384615384616,0.0,0.035331774611454175,0.11836634914903714,3.519230769230769,0.0,0.0,0.15,0.08173076923076923,0,0.14288764615601285,0.27302256039165723,1.564862141893242,0.6840415384339681,0.0,0.8571428571428571,0.0,0.1,0.0,0.6295741418601052,0.1,0.08,0.03365384615384615,0.5,0.25
326,0.9834116171837061,0.4994697252789889,0.9284935633542942,0.5029227368713688,0.23380311223024616,0.49550851021116066,0.7836538461538461,0.4373981161908004,0.43167185214954584,0.14903846153846154,0.4657142857142857,0.3866612882951033,0.39836179276649497,0.09428571428571429,0.02403846153846154,0.014285714285714285,0.4057142857142857,15.405714285714286,0.009615384615384616,0.0,0.035331774611454175,0.11836634914903714,3.519230769230769,0.0,0.0,0.15,0.08173076923076923,0,0.14234406578237563,0.27165744758969895,1.5478506133410912,0.6703607076652887,0.0,1.0,0.0,0.1,0.0,0.6295741418601052,0.1,0.08,0.02403846153846154,0.5,0.25
327,0.9821117288843246,0.4987597343464839,0.9277210583078046,0.5023555471096016,0.23380311223024616,0.4956453841731456,0.8125,0.43749427003695424,0.4317439675341612,0.14903846153846154,0.4828571428571429,0.38671843115224613,0.3984046499093521,0.09428571428571429,0.052884615384615384,0.03142857142857143,0.4057142857142857,15.422857142857143,0.009615384615384616,0.0,0.035331774611454175,0.11836634914903714,3.519230769230769,0.0,0.0,0.15,0.08173076923076923,0,0.1426249906665276,0.27508741041509915,1.548322172502841,0.6812509812459703,0.0,0.9090909090909091,0.0,0.1,0.0,0.6295741418601052,0.1,0.08,0.052884615384615384,0.5,0.25
328,0.9819773455776895,0.4989325324259984,0.9276411962284328,0.5026711124425075,0.23380311223024616,0.4956305172622217,0.8173076923076923,0.43778273157541575,0.43196031368800736,0.15384615384615385,0.4857142857142857,0.3868898597236748,0.39853322133792357,0.09714285714285714,0.04326923076923077,0.025714285714285714,0.4057142857142857,15.417142857142856,0.009615384615384616,0.0,0.035331774611454175,0.11836634914903714,3.519230769230769,0.0,0.0,0.15,0.08173076923076923,0,0.14342402280258776,0.2737119733630236,1.5430700147670697,0.7118470655417741,0.0,0.6666666666666666,0.0,0.1,0.0,0.6295741418601052,0.1,0.08,0.04326923076923077,0.5,0.25
329,0.9802981575750669,0.49920224159715115,0.9266432787868741,0.5027507651438267,0.23380311223024616,0.4954774424241105,0.8557692307692307,0.43778273157541575,0.43196031368800736,0.15384615384615385,0.5085714285714286,0.3868898597236748,0.39853322133792357,0.09714285714285714,0.028846153846153848,0.017142857142857144,0.4057142857142857,15.43142857142857,0.009615384615384616,0.0,0.035331774611454175,0.11836634914903714,3.519230769230769,0.0,0.0,0.15,0.08173076923076923,0,0.14293504554571765,0.2723434134962085,1.5293514716145855,0.6976101242309386,0.0,1.0,0.0,0.1,0.0,0.6295741418601052,0.1,0.08,0.028846153846153848,0.5,0.25
330,0.9809499155933726,0.49840303890731996,0.9270306092663246,0.5014857855513695,0.23380311223024616,0.4952674189693336,0.875,0.43778273157541575,0.43196031368800736,0.15384615384615385,0.52,0.3868898597236748,0.39853322133792357,0.09714285714285714,0.019230769230769232,0.014285714285714285,0.4057142857142857,15.434285714285714,0.009615384615384616,0.0,0.035331774611454175,0.11836634914903714,3.519230769230769,0.0,0.0,0.15,0.08173076923076923,0,0.1425315380505063,0.27098169642872744,1.5130501564680081,0.6836579217463199,0.0,1.0,0.0,0.1,0.0,0.6295741418601052,0.1,0.08,0.019230769230769232,0.5,0.25
331,0.9817931821488391,0.49763609629965677,0.9275317505335732,0.5008265733268159,0.23380311223024616,0.4950632692797834,0.8125,0.43778273157541575,0.43196031368800736,0.15384615384615385,0.4828571428571429,0.3868898597236748,0.39853322133792357,0.09714285714285714,0.038461538461538464,0.022857142857142857,0.4057142857142857,15.437142857142858,0.009615384615384616,0.0,0.035331774611454175,0.11836634914903714,3.519230769230769,0.0,0.0,0.15,0.08173076923076923,0,0.14196159464596805,0.2696267879465838,1.5056462961957908,0.6699847633113934,0.0,1.0,0.0,0.1,0.0,0.6295741418601052,0.1,0.08,0.038461538461538464,0.5,0.25
332,0.9823775790897074,0.4967839220749726,0.9278790492870034,0.4999158722710365,0.23380311223024616,0.4947838124553914,0.7740384615384616,0.43778273157541575,0.43196031368800736,0.15384615384615385,0.46,0.3868898597236748,0.39853322133792357,0.09714285714285714,0.03365384615384615,0.02,0.4057142857142857,15.44,0.009615384615384616,0.0,0.035331774611454175,0.11836634914903714,3.519230769230769,0.0,0.0,0.15,0.08173076923076923,0,0.1417326765302733,0.26827865400685086,1.495533370271875,0.6565850680451656,0.0,1.0,0.0,0.1,0.0,0.6295741418601052,0.1,0.08,0.03365384615384615,0.5,0.25
333,0.9832571121004761,0.4974914178758599,0.9284017431905459,0.49980418303639584,0.23380311223024616,0.4944582060541195,0.8028846153846154,0.4378788854215696,0.4320324290726227,0.15384615384615385,0.47714285714285715,0.3869470025808176,0.39857607848078064,0.09714285714285714,0.03365384615384615,0.02,0.4057142857142857,15.454285714285714,0.009615384615384616,0.0,0.035331774611454175,0.11836634914903714,3.519230769230769,0.0,0.0,0.15,0.08173076923076923,0,0.14162344243333622,0.29748074046623996,1.4856227028664373,0.6612100031472442,0.0,0.8571428571428571,0.0,0.1,0.0,0.6295741418601052,0.1,0.08,0.03365384615384615,0.5,0.25
334,0.9832277713844305,0.49709816959324027,0.9283843064221532,0.4994290776015247,0.23380311223024616,0.4942495421976878,0.8365384615384616,0.43807119311387727,0.4321766598418535,0.15384615384615385,0.49714285714285716,0.3870612882951033,0.39866179276649494,0.09714285714285714,0.04807692307692308,0.02857142857142857,0.4057142857142857,15.465714285714286,0.009615384615384616,0.0,0.035331774611454175,0.11836634914903714,3.519230769230769,0.0,0.0,0.15,0.08173076923076923,0,0.14179876163190167,0.29599333676390877,1.4844816773805374,0.7095448517528609,0.0,0.9,0.0,0.1,0.0,0.6295741418601052,0.1,0.08,0.04807692307692308,0.5,0.25
335,0.9850078679882625,0.49734209379446886,0.9294446401401217,0.4991227011973623,0.23380311223024616,0.49400355333311435,0.8115942028985508,0.43776989845066155,0.43350585265306824,0.15458937198067632,0.48,0.3870612882951033,0.39866179276649494,0.09714285714285714,0.04830917874396135,0.03142857142857143,0.4085714285714286,15.477142857142857,0.004830917874396135,0.002857142857142857,0.03537732667479975,0.11836634914903711,3.4879227053140096,0.0,0.0,0.15,0.0821256038647343,0,0.14134648282374218,0.2945133700800892,1.4862206152614976,0.6953539547178036,0.0,1.0,0.0,0.1,0.0,0.6295741418601052,0.1,0.08,0.052884615384615384,0.5,0.25
336,0.9850545180913086,0.49757373604700345,0.9294722303439233,0.49970501291248814,0.23380311223024616,0.493791056345585,0.7729468599033816,0.43776989845066155,0.43350585265306824,0.15458937198067632,0.45714285714285713,0.3870612882951033,0.39866179276649494,0.09714285714285714,0.043478260869565216,0.025714285714285714,0.4085714285714286,15.491428571428571,0.00966183574879227,0.0,0.03537732667479975,0.11836634914903711,3.4879227053140096,0.0,0.0,0.15,0.0821256038647343,0,0.14086817898105203,0.2930408032296888,1.4822104886705536,0.6814468756234475,0.0,1.0,0.0,0.1,0.0,0.6295741418601052,0.1,0.08,0.043478260869565216,0.5,0.25
337,0.9846883126142005,0.49859816264078183,0.9292556459617479,0.4997100266211688,0.23380311223024616,0.4936390277800697,0.7971014492753623,0.43776989845066155,0.43350585265306824,0.15458937198067632,0.4714285714285714,0.3870612882951033,0.39866179276649494,0.09714285714285714,0.024154589371980676,0.014285714285714285,0.4085714285714286,15.482857142857142,0.00966183574879227,0.0,0.03537732667479975,0.11836634914903711,3.4879227053140096,0.0,0.0,0.15,0.0821256038647343,0,0.1403915552254325,0.29157559921354037,1.4668519931828568,0.6678179381109786,0.0,1.0,0.0,0.1,0.0,0.6295741418601052,0.1,0.08,0.024154589371980676,0.5,0.25
338,0.9845399803856453,0.4969876459112699,0.9291679180437167,0.49858842153297084,0.23380311223024616,0.49367675804041844,0.8502415458937198,0.43776989845066155,0.43350585265306824,0.15458937198067632,0.5028571428571429,0.3870612882951033,0.39866179276649494,0.09714285714285714,0.033816425120772944,0.02,0.4085714285714286,15.502857142857144,0.00966183574879227,0.0,0.03537732667479975,0.11836634914903711,3.4879227053140096,0.0,0.0,0.15,0.0821256038647343,0,0.13986088316359102,0.2901177212174727,1.4575149533191993,0.6544615793487589,0.0,1.0,0.0,0.1,0.0,0.6295741418601052,0.1,0.08,0.033816425120772944,0.5,0.25
339,0.9845018653430482,0.49661360110427094,0.9291453757185237,0.49801269871947185,0.23380311223024616,0.4937323703712704,0.8743961352657005,0.4380597535231253,0.433723243957416,0.15458937198067632,0.5171428571428571,0.3872327168665319,0.3987903641950663,0.09714285714285714,0.04830917874396135,0.03142857142857143,0.4085714285714286,15.51142857142857,0.00966183574879227,0.0,0.03537732667479975,0.11836634914903711,3.4879227053140096,0.0,0.0,0.15,0.0821256038647343,0,0.14073243660491594,0.2886671326113853,1.459793225681387,0.7570423609200821,0.0,0.7272727272727273,0.0,0.1,0.0,0.6295741418601052,0.1,0.08,0.04830917874396135,0.5,0.25
340,0.9826166038891997,0.4961996030828862,0.9280303782301046,0.49715871305202775,0.23380311223024616,0.4936290573838996,0.8743961352657005,0.4380597535231253,0.433723243957416,0.15458937198067632,0.5171428571428571,0.3872327168665319,0.3987903641950663,0.09714285714285714,0.024154589371980676,0.014285714285714285,0.4085714285714286,15.525714285714285,0.014492753623188406,0.0,0.03537732667479975,0.11836634914903711,3.4879227053140096,0.0,0.0,0.15,0.0821256038647343,0,0.14022792013260565,0.2872237969483284,1.4448830754534734,0.7419015137016804,0.0,1.0,0.0,0.1,0.0,0.6295741418601052,0.1,0.08,0.024154589371980676,0.5,0.25
341,0.9836726139497343,0.49657443098144033,0.9286549327516208,0.49741676591972367,0.23380311223024616,0.4936234717740953,0.855072463768116,0.43834960859558914,0.43394063526176385,0.15458937198067632,0.5057142857142857,0.3874041454379605,0.3989189356236378,0.09714285714285714,0.028985507246376812,0.02,0.4085714285714286,15.525714285714285,0.00966183574879227,0.0,0.03537732667479975,0.11836634914903711,3.4879227053140096,0.0,0.0,0.15,0.0821256038647343,0,0.14061206624622835,0.28578767796358673,1.435985413944404,0.7817749112894297,0.0,0.7142857142857143,0.0,0.1,0.0,0.6295741418601052,0.1,0.08,0.028985507246376812,0.5,0.25
342,0.9849201030464907,0.49593182783103373,0.9293927334459883,0.4972723196005134,0.23380311223024616,0.4935500667027865,0.8647342995169082,0.4385428453105649,0.43408556279799576,0.15458937198067632,0.5114285714285715,0.3875184311522462,0.3990046499093521,0.09714285714285714,0.03864734299516908,0.022857142857142857,0.4085714285714286,15.537142857142857,0.014492753623188406,0.0,0.03537732667479975,0.11836634914903711,3.4879227053140096,0.0,0.0,0.15,0.0821256038647343,0,0.14096557805785434,0.28435873957376884,1.430122848522659,0.7795791440461386,0.0,0.75,0.0,0.1,0.0,0.6295741418601052,0.1,0.08,0.03864734299516908,0.5,0.25
343,0.9838477406283752,0.4960720371694283,0.9287585076729884,0.497319762258582,0.23380311223024616,0.49358033150510777,0.8019323671497585,0.4385428453105649,0.43408556279799576,0.15458937198067632,0.4742857142857143,0.3875184311522462,0.3990046499093521,0.09714285714285714,0.028985507246376812,0.017142857142857144,0.4085714285714286,15.545714285714286,0.014492753623188406,0.0,0.03537732667479975,0.11836634914903711,3.4879227053140096,0.0,0.0,0.15,0.0821256038647343,0,0.14046046445327937,0.28293694587589996,1.4186632486950626,0.7639875611652158,0.0,1.0,0.0,0.1,0.0,0.6295741418601052,0.1,0.08,0.028985507246376812,0.5,0.25
344,0.9819601070367379,0.49594263759565094,0.9276421072345059,0.4974692394722744,0.23380311223024616,0.49361018515299043,0.782608695652174,0.4388327003830287,0.4343029541023436,0.15458937198067632,0.46285714285714286,0.3876898597236747,0.3991332213379235,0.09714285714285714,0.033816425120772944,0.02,0.4085714285714286,15.56,0.014492753623188406,0.0,0.03537732667479975,0.11836634914903711,3.4879227053140096,0.0,0.0,0.15,0.0821256038647343,0,0.14103836525468405,0.28152226114652046,1.410289983721161,0.835033952386265,0.0,0.7142857142857143,0.0,0.1,0.0,0.6295741418601052,0.1,0.08,0.033816425120772944,0.5,0.25
345,0.9829491596029941,0.49454101139614454,0.9282270611808345,0.49636286768539994,0.23380311223024616,0.4936114988503918,0.821256038647343,0.4388327003830287,0.4343029541023436,0.15458937198067632,0.4857142857142857,0.3876898597236747,0.3991332213379235,0.09714285714285714,0.033816425120772944,0.022857142857142857,0.4085714285714286,15.574285714285715,0.014492753623188406,0.0,0.03537732667479975,0.11836634914903711,3.4879227053140096,0.0,0.0,0.15,0.0821256038647343,0,0.14075960983914276,0.2801146498407879,1.4049413269038808,0.8183332733385398,0.0,1.0,0.0,0.1,0.0,0.6295741418601052,0.1,0.08,0.033816425120772944,0.5,0.25
346,0.9806607066275345,0.4944856049873638,0.926873604706777,0.49608753720685905,0.23380311223024616,0.49359017589476784,0.7874396135265701,0.4388327003830287,0.4343029541023436,0.15458937198067632,0.4657142857142857,0.3876898597236747,0.3991332213379235,0.09714285714285714,0.01932367149758454,0.011428571428571429,0.4085714285714286,15.574285714285715,0.014492753623188406,0.0,0.03537732667479975,0.11836634914903711,3.4879227053140096,0.0,0.0,0.15,0.0821256038647343,0,0.14019852607566133,0.2787140765915839,1.3882710717943747,0.801966607871769,0.0,1.0,0.0,0.1,0.0,0.6295741418601052,0.1,0.08,0.01932367149758454,0.5,0.25
347,0.9815891812674371,0.4947873976502744,0.9274227311366622,0.4970001680082019,0.23380311223024616,0.4935787190120333,0.8599033816425121,0.4388327003830287,0.4343029541023436,0.15458937198067632,0.5085714285714286,0.3876898597236747,0.3991332213379235,0.09714285714285714,0.033816425120772944,0.02,0.4085714285714286,15.58,0.014492753623188406,0.0,0.03537732667479975,0.11836634914903711,3.4879227053140096,0.0,0.0,0.15,0.0821256038647343,0,0.13972581915956875,0.27732050620862597,1.3805056503584872,0.7859272757143335,0.0,1.0,0.0,0.1,0.0,0.6295741418601052,0.1,0.08,0.033816425120772944,0.5,0.25
348,0.9822362423552196,0.49461701550061715,0.9278054215514365,0.49672018548298275,0.23380311223024616,0.4935463848543138,0.821256038647343,0.4388327003830287,0.4343029541023436,0.15458937198067632,0.4857142857142857,0.3876898597236747,0.3991332213379235,0.09714285714285714,0.033816425120772944,0.022857142857142857,0.4085714285714286,15.59142857142857,0.01932367149758454,0.0,0.03537732667479975,0.11836634914903711,3.4879227053140096,0.0,0.0,0.15,0.0821256038647343,0,0.13936876506019946,0.27593390367758286,1.3757526802084603,0.7702087302000469,0.0,1.0,0.0,0.1,0.0,0.6295741418601052,0.1,0.08,0.033816425120772944,0.5,0.25
349,0.9821602372872827,0.49485574961808576,0.9277604699826851,0.49704991242601854,0.23380311223024616,0.4933846302378595,0.8260869565217391,0.4388327003830287,0.4343029541023436,0.15458937198067632,0.48857142857142855,0.3876898597236747,0.3991332213379235,0.09714285714285714,0.043478260869565216,0.02857142857142857,0.4085714285714286,15.597142857142858,0.01932367149758454,0.0,0.03537732667479975,0.11836634914903711,3.4879227053140096,0.0,0.0,0.15,0.0821256038647343,0,0.13901378123132704,0.27455423415919494,1.3768090551757195,0.7548045555960459,0.0,1.0,0.0,0.1,0.0,0.6295741418601052,0.1,0.08,0.043478260869565216,0.5,0.25
350,0.9826839486092191,0.49613999482218,0.9280702078216589,0.497496938980763,0.23380311223024616,0.4932734397125814,0.7632850241545893,0.43902593709800464,0.43444788163857545,0.15458937198067632,0.4514285714285714,0.38780414543796043,0.39921893562363786,0.09714285714285714,0.04830917874396135,0.03142857142857143,0.4085714285714286,15.605714285714285,0.01932367149758454,0.0,0.03537732667479975,0.11836634914903711,3.4879227053140096,0.0,0.0,0.15,0.0821256038647343,0,0.13903285518231326,0.27318146298839896,1.3807014455007767,0.7474395225846788,0.0,0.9090909090909091,0.0,0.1,0.0,0.6295741418601052,0.1,0.08,0.04830917874396135,0.5,0.25
351,0.9835645475854089,0.4958263325820367,0.9285910192161483,0.497406421582155,0.23380311223024616,0.49323734806427516,0.7874396135265701,0.43902593709800464,0.43444788163857545,0.15458937198067632,0.4657142857142857,0.38780414543796043,0.39921893562363786,0.09714285714285714,0.028985507246376812,0.017142857142857144,0.4085714285714286,15.614285714285714,0.01932367149758454,0.0,0.03537732667479975,0.11836634914903711,3.4879227053140096,0.0,0.0,0.15,0.0821256038647343,0,0.13848054804925883,0.27181555567345694,1.370230273733618,0.7324907321329852,0.0,1.0,0.0,0.1,0.0,0.6295741418601052,0.1,0.08,0.028985507246376812,0.5,0.25
352,0.9828898415476249,0.4965680246421163,0.9281919787880876,0.4975815947554233,0.23380311223024616,0.4931777604444282,0.8115942028985508,0.43912255545549256,0.43452034540669143,0.15458937198067632,0.48,0.38786128829510336,0.399261792766495,0.09714285714285714,0.033816425120772944,0.02,0.4085714285714286,15.622857142857143,0.01932367149758454,0.0,0.03537732667479975,0.11836634914903711,3.4879227053140096,0.0,0.0,0.15,0.0821256038647343,0,0.13835943102329826,0.27569841693429886,1.362825668258946,0.7178409174903255,0.0,0.8571428571428571,0.0,0.1,0.0,0.6295741418601052,0.1,0.08,0.033816425120772944,0.5,0.25
353,0.9831831035287176,0.497981776910428,0.9283654223026194,0.4983591395164441,0.23380311223024616,0.4931252132065515,0.8067632850241546,0.43912255545549256,0.43452034540669143,0.15458937198067632,0.47714285714285715,0.38786128829510336,0.399261792766495,0.09714285714285714,0.024154589371980676,0.017142857142857144,0.4085714285714286,15.631428571428572,0.014492753623188406,0.0,0.03537732667479975,0.11836634914903711,3.4879227053140096,0.0,0.0,0.15,0.0821256038647343,0,0.13798077815389606,0.27431992484962736,1.3527120120366238,0.703484099140519,0.0,1.0,0.0,0.1,0.0,0.6295741418601052,0.1,0.08,0.024154589371980676,0.5,0.25
354,0.982391281322917,0.49769987612948324,0.9278971160266175,0.4980684903892168,0.23380311223024616,0.49322556925424055,0.8357487922705314,0.43912255545549256,0.43452034540669143,0.15458937198067632,0.4942857142857143,0.38786128829510336,0.399261792766495,0.09714285714285714,0.028985507246376812,0.017142857142857144,0.4085714285714286,15.637142857142857,0.014492753623188406,0.0,0.03537732667479975,0.11836634914903711,3.4879227053140096,0.0,0.0,0.15,0.0821256038647343,0,0.1374905885488409,0.2729483252253792,1.3428006289387486,0.6894144171577086,0.0,1.0,0.0,0.1,0.0,0.6295741418601052,0.1,0.08,0.028985507246376812,0.5,0.25
355,0.9818640678140087,0.49786751959777836,0.9275853068942059,0.4982880883986593,0.23380311223024616,0.4932167870065023,0.7922705314009661,0.43941241052795627,0.43473773671103927,0.15458937198067632,0.4685714285714286,0.3880327168665318,0.39939036419506635,0.09714285714285714,0.028985507246376812,0.017142857142857144,0.4085714285714286,15.654285714285715,0.014492753623188406,0.0,0.03537732667479975,0.11836634914903711,3.4879227053140096,0.0,0.0,0.15,0.0821256038647343,0,0.1377459927489538,0.27624431193095356,1.3330874735028306,0.7262849687322617,0.0,0.6666666666666666,0.0,0.1,0.0,0.6295741418601052,0.1,0.08,0.028985507246376812,0.5,0.25
356,0.9820825543020428,0.4974273506726057,0.9277145260457006,0.49796219630008287,0.23380311223024616,0.49313196003507564,0.8164251207729468,0.43941241052795627,0.43473773671103927,0.15458937198067632,0.4828571428571429,0.3880327168665318,0.39939036419506635,0.09714285714285714,0.03864734299516908,0.022857142857142857,0.4085714285714286,15.668571428571429,0.014492753623188406,0.0,0.03537732667479975,0.11836634914903711,3.4879227053140096,0.0,0.0,0.15,0.0821256038647343,0,0.13737054992806616,0.27486309037129875,1.329282866889917,0.7117592693576165,0.0,1.0,0.0,0.1,0.0,0.6295741418601052,0.1,0.08,0.03864734299516908,0.5,0.25
357,0.9836868540446727,0.4972354270400819,0.9286633547506273,0.4981044156601436,0.23380311223024616,0.49304003182883877,0.7922705314009661,0.43941241052795627,0.43473773671103927,0.15458937198067632,0.4685714285714286,0.3880327168665318,0.39939036419506635,0.09714285714285714,0.024154589371980676,0.014285714285714285,0.4085714285714286,15.682857142857143,0.01932367149758454,0.0,0.03537732667479975,0.11836634914903711,3.4879227053140096,0.0,0.0,0.15,0.0821256038647343,0,0.13676941146414012,0.2734887749194423,1.3169829238378328,0.6975240839704641,0.0,1.0,0.0,0.1,0.0,0.6295741418601052,0.1,0.08,0.024154589371980676,0.5,0.25
358,0.9835319828266869,0.4980782536511945,0.9286188109650566,0.49827880764967564,0.23380311223024616,0.49285529070653195,0.8203883495145631,0.43954813077780097,0.4353580419356712,0.16019417475728157,0.4828571428571429,0.3881470025808176,0.39947607848078065,0.1,0.043689320388349516,0.02857142857142857,0.4114285714285714,15.682857142857143,0.014563106796116505,0.002857142857142857,0.03539632691523512,0.11836634914903713,3.466019417475728,0.0,0.0,0.15,0.0825242718446602,0,0.13705189272567408,0.2721213310448451,1.319214693932505,0.7051103408944269,0.0,0.9,0.0,0.1,0.0,0.6295741418601052,0.1,0.08,0.04830917874396135,0.5,0.25
359,0.9842461247456183,0.4969120569078347,0.9290391344944847,0.49749052079105843,0.23380311223024616,0.4928761169837978,0.7815533980582524,0.43954813077780097,0.4353580419356712,0.16019417475728157,0.46,0.3881470025808176,0.39947607848078065,0.1,0.024271844660194174,0.014285714285714285,0.4114285714285714,15.694285714285714,0.014563106796116505,0.0,0.03540896201012689,0.11836634914903713,3.466019417475728,0.0,0.0,0.15,0.07766990291262135,0,0.1364809189763314,0.27076072438962084,1.3071161143395689,0.6910081340765384,0.0,1.0,0.0,0.1,0.0,0.6295741418601052,0.1,0.08,0.024271844660194174,0.5,0.25
360,0.9830529518886295,0.4966155040504241,0.9283368670415143,0.4975854076023864,0.23380311223024616,0.49266065061976155,0.7864077669902912,0.4398393929137233,0.4355764885376129,0.16019417475728157,0.46285714285714286,0.3883184311522461,0.3996046499093521,0.1,0.038834951456310676,0.022857142857142857,0.4114285714285714,15.7,0.014563106796116505,0.0,0.03540896201012689,0.11836634914903713,3.466019417475728,0.0,0.0,0.15,0.07766990291262135,0,0.13702298270387583,0.2719877133833148,1.3038309349099204,0.6968736316385653,0.0,0.75,0.0,0.1,0.0,0.6295741418601052,0.1,0.08,0.038834951456310676,0.5,0.25
361,0.9835161177638082,0.49618682877925974,0.9286094732423336,0.4968888210347073,0.23380311223024616,0.4924458477571571,0.8640776699029126,0.4398393929137233,0.4355764885376129,0.16019417475728157,0.5085714285714286,0.3883184311522461,0.3996046499093521,0.1,0.024271844660194174,0.014285714285714285,0.4114285714285714,15.705714285714286,0.014563106796116505,0.0,0.03540896201012689,0.11836634914903713,3.466019417475728,0.0,0.0,0.15,0.07766990291262135,0,0.13650886850464217,0.2706277748163982,1.2920400304974362,0.682936159005794,0.0,1.0,0.0,0.1,0.0,0.6295741418601052,0.1,0.08,0.024271844660194174,0.5,0.25
362,0.9829657429368702,0.49618905803931707,0.928285538344193,0.49716534834815296,0.23380311223024616,0.49225217279920314,0.8203883495145631,0.43993648029236415,0.4356493040715935,0.16019417475728157,0.4828571428571429,0.38837557400938905,0.3996475070522092,0.1,0.02912621359223301,0.02,0.4114285714285714,15.711428571428572,0.014563106796116505,0.0,0.03540896201012689,0.11836634914903713,3.466019417475728,0.0,0.0,0.15,0.07766990291262135,0,0.1366239098229403,0.27813418034160325,1.2861992298874874,0.6720080282505514,0.0,0.8571428571428571,0.0,0.1,0.0,0.6295741418601052,0.1,0.08,0.02912621359223301,0.5,0.25
363,0.9822582046162172,0.49650124279233404,0.9278691015040372,0.4969767701823985,0.23380311223024616,0.4921224942182329,0.8058252427184466,0.43993648029236415,0.4356493040715935,0.16019417475728157,0.4742857142857143,0.38837557400938905,0.3996475070522092,0.1,0.03398058252427184,0.02,0.4114285714285714,15.711428571428572,0.014563106796116505,0.0,0.03540896201012689,0.11836634914903713,3.466019417475728,0.0,0.0,0.15,0.07766990291262135,0,0.1362249402559863,0.27674350943989523,1.2804752452897379,0.6585678676855403,0.0,1.0,0.0,0.1,0.0,0.6295741418601052,0.1,0.08,0.03398058252427184,0.5,0.25
364,0.9824998919428963,0.4970100658381599,0.9280113517591684,0.49763662438755457,0.23380311223024616,0.4921150003291474,0.8349514563106796,0.43993648029236415,0.4356493040715935,0.16019417475728157,0.49142857142857144,0.38837557400938905,0.3996475070522092,0.1,0.014563106796116505,0.008571428571428572,0.4114285714285714,15.711428571428572,0.014563106796116505,0.0,0.03540896201012689,0.11836634914903713,3.466019417475728,0.0,0.0,0.15,0.07766990291262135,0,0.13562952984042065,0.27535979189269577,1.2634371689553714,0.6453965103318295,0.0,1.0,0.0,0.1,0.0,0.6295741418601052,0.1,0.08,0.014563106796116505,0.5,0.25
365,0.9827701950770579,0.4977494795734617,0.9281704444609891,0.49824612308220284,0.23380311223024616,0.4921677570028625,0.8058252427184466,0.43993648029236415,0.4356493040715935,0.16019417475728157,0.4742857142857143,0.38837557400938905,0.3996475070522092,0.1,0.043689320388349516,0.025714285714285714,0.4114285714285714,15.708571428571428,0.014563106796116505,0.0,0.03540896201012689,0.11836634914903713,3.466019417475728,0.0,0.0,0.15,0.07766990291262135,0,0.13540568285203988,0.2739829929332323,1.2638827112905497,0.6324885801251929,0.0,1.0,0.0,0.1,0.0,0.6295741418601052,0.1,0.08,0.043689320388349516,0.5,0.25
366,0.9833713224224925,0.4972476971374143,0.928524250841445,0.49836324863211046,0.23380311223024616,0.4922500325029021,0.8106796116504854,0.43993648029236415,0.4356493040715935,0.16019417475728157,0.47714285714285715,0.38837557400938905,0.3996475070522092,0.1,0.038834951456310676,0.025714285714285714,0.4114285714285714,15.714285714285714,0.014563106796116505,0.0,0.03540896201012689,0.11836634914903713,3.466019417475728,0.0,0.0,0.15,0.07766990291262135,0,0.13512694585920826,0.27261307796856615,1.2643193427790242,0.619838808522689,0.0,1.0,0.0,0.1,0.0,0.6295741418601052,0.1,0.08,0.038834951456310676,0.5,0.25
367,0.9831581333334073,0.49681702575213954,0.9283987738347262,0.4982428823453636,0.23380311223024616,0.49232343183314764,0.8252427184466019,0.44013065504964566,0.4357949351395547,0.16019417475728157,0.4857142857142857,0.3884898597236747,0.3997332213379235,0.1,0.02912621359223301,0.017142857142857144,0.4114285714285714,15.72,0.009708737864077669,0.0,0.03540896201012689,0.11836634914903713,3.466019417475728,0.0,0.0,0.15,0.07766990291262135,0,0.13505116827276936,0.2717394695021915,1.256175813066301,0.6315089419468781,0.0,0.8333333333333334,0.0,0.1,0.0,0.6295741418601052,0.1,0.08,0.02912621359223301,0.5,0.25
368,0.9833763188223539,0.49687708426965876,0.9285271915796491,0.49824640837361717,0.23380311223024616,0.4923750516961226,0.8543689320388349,0.4405190045642087,0.43608619727547704,0.16019417475728157,0.5028571428571429,0.3887184311522462,0.3999046499093521,0.1,0.043689320388349516,0.02857142857142857,0.4114285714285714,15.728571428571428,0.014563106796116505,0.0,0.03540896201012689,0.11836634914903713,3.466019417475728,0.0,0.0,0.15,0.07766990291262135,0,0.13540434100283408,0.2920716434085163,1.2596237253764035,0.6516548933992645,0.0,0.8,0.0,0.1,0.0,0.6295741418601052,0.1,0.08,0.043689320388349516,0.5,0.25
369,0.9809411694517112,0.49812776652536767,0.9270939322357851,0.4998110115201462,0.23380311223024616,0.4924565526829076,0.8106796116504854,0.44071317932149034,0.4362318283434382,0.16019417475728157,0.47714285714285715,0.38883271686653187,0.3999903641950664,0.1,0.03398058252427184,0.02,0.4114285714285714,15.734285714285715,0.009708737864077669,0.0,0.03540896201012689,0.11836634914903713,3.466019417475728,0.0,0.0,0.15,0.07766990291262135,0,0.13524160501210564,0.2906112851914737,1.2544312508688755,0.6840676572535034,0.0,0.8571428571428571,0.0,0.1,0.0,0.6295741418601052,0.1,0.08,0.03398058252427184,0.5,0.25
370,0.9824755463286082,0.4984909217523383,0.9279970226261873,0.49972309349720767,0.23380311223024616,0.4925678627320209,0.8300970873786407,0.44071317932149034,0.4362318283434382,0.16019417475728157,0.48857142857142855,0.38883271686653187,0.3999903641950664,0.1,0.05339805825242718,0.03428571428571429,0.4114285714285714,15.748571428571429,0.009708737864077669,0.0,0.03540896201012689,0.11836634914903713,3.466019417475728,0.0,0.0,0.15,0.07766990291262135,0,0.13510540554775938,0.2891582287655164,1.2636283401372124,0.6703863041084334,0.0,1.0,0.0,0.1,0.0,0.6295741418601052,0.1,0.08,0.05339805825242718,0.5,0.25
371,0.9820157854933134,0.49806902296948463,0.9277264205345568,0.49917527097485104,0.23380311223024616,0.4927370636016559,0.8349514563106796,0.44071317932149034,0.4362318283434382,0.16019417475728157,0.49142857142857144,0.38883271686653187,0.3999903641950664,0.1,0.038834951456310676,0.022857142857142857,0.4114285714285714,15.76,0.009708737864077669,0.0,0.03540896201012689,0.11836634914903713,3.466019417475728,0.0,0.0,0.15,0.07766990291262135,0,0.1346298785200206,0.2877124376216888,1.2612129161916108,0.6569785780262646,0.0,1.0,0.0,0.1,0.0,0.6295741418601052,0.1,0.08,0.038834951456310676,0.5,0.25
372,0.9811530313544533,0.49789439322726814,0.927218628098542,0.49878296970885855,0.23380311223024616,0.4928923631091856,0.7912621359223301,0.44071317932149034,0.4362318283434382,0.16019417475728157,0.4657142857142857,0.38883271686653187,0.3999903641950664,0.1,0.03398058252427184,0.02,0.4114285714285714,15.771428571428572,0.009708737864077669,0.0,0.03540896201012689,0.11836634914903713,3.466019417475728,0.0,0.0,0.15,0.07766990291262135,0,0.13415658627027763,0.28627387543358035,1.2559886578677784,0.6438390064657393,0.0,1.0,0.0,0.1,0.0,0.6295741418601052,0.1,0.08,0.03398058252427184,0.5,0.25
373,0.9805485732951517,0.49639527574123066,0.9268628613550671,0.4979899764786434,0.23380311223024616,0.4930828265623151,0.8106796116504854,0.44071317932149034,0.4362318283434382,0.16019417475728157,0.47714285714285715,0.38883271686653187,0.3999903641950664,0.1,0.038834951456310676,0.022857142857142857,0.4114285714285714,15.78,0.014563106796116505,0.0,0.03540896201012689,0.11836634914903713,3.466019417475728,0.0,0.0,0.15,0.07766990291262135,0,0.13376938899974755,0.2848425060564125,1.2537260275675657,0.6309622263364245,0.0,1.0,0.0,0.1,0.0,0.6295741418601052,0.1,0.08,0.038834951456310676,0.5,0.25
374,0.9807498768622861,0.49598173425809866,0.9269813428831521,0.4976771671849605,0.23380311223024616,0.4933941786063711,0.8349514563106796,0.44071317932149034,0.4362318283434382,0.16019417475728157,0.49142857142857144,0.38883271686653187,0.3999903641950664,0.1,0.02912621359223301,0.017142857142857144,0.4114285714285714,15.782857142857143,0.014563106796116505,0.0,0.03540896201012689,0.11836634914903713,3.466019417475728,0.0,0.0,0.15,0.07766990291262135,0,0.13327154276903455,0.2834182935261304,1.2457943641590716,0.618342981809696,0.0,1.0,0.0,0.1,0.0,0.6295741418601052,0.1,0.08,0.02912621359223301,0.5,0.25
375,0.9807305441918686,0.4971146469357841,0.9269699642257063,0.49898123841127495,0.23380311223024616,0.4936534684364434,0.8009708737864077,0.44090735407877185,0.4363774594113994,0.16019417475728157,0.4714285714285714,0.38894700258081755,0.40007607848078064,0.1,0.019417475728155338,0.014285714285714285,0.4114285714285714,15.797142857142857,0.014563106796116505,0.0,0.03540896201012689,0.11836634914903713,3.466019417475728,0.0,0.0,0.15,0.07766990291262135,0,0.1332896171944751,0.28200120205849977,1.2351641911616045,0.6289686625061102,0.0,0.8,0.0,0.1,0.0,0.6295741418601052,0.1,0.08,0.019417475728155338,0.5,0.25
376,0.980174621174019,0.49722430104335674,0.9266427638209149,0.49961930087359757,0.23380311223024616,0.49407984193108284,0.8543689320388349,0.44110152883605336,0.43652309047936055,0.16019417475728157,0.5028571428571429,0.3890612882951033,0.40016179276649494,0.1,0.04854368932038835,0.02857142857142857,0.4114285714285714,15.8,0.014563106796116505,0.0,0.03540896201012689,0.11836634914903713,3.466019417475728,0.0,0.0,0.15,0.07766990291262135,0,0.13342202767993128,0.29687614598736145,1.239032335909801,0.6580664730172633,0.0,0.9,0.0,0.1,0.0,0.6295741418601052,0.1,0.08,0.04854368932038835,0.5,0.25
377,0.9799758684380548,0.49611441648466464,0.9265257836391759,0.498313840995724,0.23380311223024616,0.4945200129815096,0.8106796116504854,0.44110152883605336,0.43652309047936055,0.16019417475728157,0.47714285714285715,0.3890612882951033,0.40016179276649494,0.1,0.02912621359223301,0.02,0.4114285714285714,15.808571428571428,0.014563106796116505,0.0,0.03540896201012689,0.11836634914903713,3.466019417475728,0.0,0.0,0.15,0.07766990291262135,0,0.13295477468438877,0.2953917652574246,1.234251689191605,0.644905143556918,0.0,1.0,0.0,0.1,0.0,0.6295741418601052,0.1,0.08,0.02912621359223301,0.5,0.25
378,0.9816411871101693,0.4958726236164356,0.9275059426290492,0.49816988219698705,0.23380311223024616,0.49487857314694494,0.7864077669902912,0.44110152883605336,0.43652309047936055,0.16019417475728157,0.46285714285714286,0.3890612882951033,0.40016179276649494,0.1,0.02912621359223301,0.017142857142857144,0.4114285714285714,15.817142857142857,0.014563106796116505,0.0,0.03540896201012689,0.11836634914903713,3.466019417475728,0.0,0.0,0.15,0.07766990291262135,0,0.13248985795382398,0.2939148064311375,1.22670951255063,0.6320070406857796,0.0,1.0,0.0,0.1,0.0,0.6295741418601052,0.1,0.08,0.02912621359223301,0.5,0.25
379,0.9821882184102018,0.49589553863603025,0.9278222228575433,0.4982543135021511,0.23380311223024616,0.4952852085543154,0.8,0.44262395356273276,0.43787656611267534,0.16097560975609757,0.4685714285714286,0.389175574009389,0.40024750705220924,0.1,0.04390243902439024,0.03142857142857143,0.4142857142857143,15.82857142857143,0.00975609756097561,0.002857142857142857,0.03545037535054275,0.11836634914903714,3.4048780487804877,0.0,0.0,0.15,0.07804878048780488,0,0.1326814335394292,0.3177111744772045,1.2336038937281888,0.6326663689454414,0.0,0.9090909090909091,0.0,0.1,0.0,0.6295741418601052,0.1,0.08,0.043689320388349516,0.5,0.25
380,0.9826069776678007,0.49595008019473086,0.9280674961369944,0.49793115887204703,0.23380311223024616,0.49573933966269634,0.8292682926829268,0.4429166364895621,0.4380960783077974,0.16097560975609757,0.4857142857142857,0.3893470025808176,0.40037607848078066,0.1,0.04390243902439024,0.02857142857142857,0.4142857142857143,15.82,0.00975609756097561,0.0,0.03547712633425906,0.11836634914903714,3.4048780487804877,0.0,0.0,0.15,0.07804878048780488,0,0.13318860065387492,0.31612261860481844,1.2375032444250536,0.6704629240523302,0.0,0.8,0.0,0.1,0.0,0.6295741418601052,0.1,0.08,0.04390243902439024,0.5,0.25
381,0.9798703612572672,0.4963927561683549,0.9264646208108245,0.4986261193224576,0.23380311223024616,0.496193586822121,0.7951219512195122,0.4429166364895621,0.4380960783077974,0.16097560975609757,0.4657142857142857,0.3893470025808176,0.40037607848078066,0.1,0.024390243902439025,0.014285714285714285,0.4142857142857143,15.82,0.00975609756097561,0.0,0.03547712633425906,0.11836634914903714,3.4048780487804877,0.0,0.0,0.15,0.07804878048780488,0,0.1326655147934627,0.31454200551179434,1.2270388938222667,0.6570536655712835,0.0,1.0,0.0,0.1,0.0,0.6295741418601052,0.1,0.08,0.024390243902439025,0.5,0.25
382,0.9784134336321851,0.4974247263714613,0.925611277487562,0.49905273200293454,0.23380311223024616,0.496621272348146,0.8292682926829268,0.4429166364895621,0.4380960783077974,0.16097560975609757,0.4857142857142857,0.3893470025808176,0.40037607848078066,0.1,0.01951219512195122,0.011428571428571429,0.4142857142857143,15.825714285714286,0.00975609756097561,0.0,0.03547712633425906,0.11836634914903714,3.4048780487804877,0.0,0.0,0.15,0.07804878048780488,0,0.13220161650520967,0.3129692954842353,1.2139266873743926,0.6439125922598579,0.0,1.0,0.0,0.1,0.0,0.6295741418601052,0.1,0.08,0.01951219512195122,0.5,0.25
383,0.9786657083962691,0.4988603409300926,0.9257590384208113,0.5000346444356836,0.23380311223024616,0.4970876354157796,0.7951219512195122,0.4429166364895621,0.4380960783077974,0.16097560975609757,0.4657142857142857,0.3893470025808176,0.40037607848078066,0.1,0.04390243902439024,0.02857142857142857,0.4142857142857143,15.831428571428571,0.00975609756097561,0.0,0.03547712633425906,0.11836634914903714,3.4048780487804877,0.0,0.0,0.15,0.07804878048780488,0,0.1319108955655408,0.31140444900681413,1.2182195821983335,0.6310343404146607,0.0,1.0,0.0,0.1,0.0,0.6295741418601052,0.1,0.08,0.04390243902439024,0.5,0.25
384,0.978065775340243,0.4984027960935418,0.9254076490594246,0.49970045597672946,0.23380311223024616,0.49748339510667317,0.8146341463414634,0.4429166364895621,0.4380960783077974,0.16097560975609757,0.47714285714285715,0.3893470025808176,0.40037607848078066,0.1,0.04390243902439024,0.025714285714285714,0.4142857142857143,15.84,0.00975609756097561,0.0,0.03547712633425906,0.11836634914903714,3.4048780487804877,0.0,0.0,0.15,0.07804878048780488,0,0.13153648465914167,0.30984742676178006,1.2195694762686526,0.6184136536063675,0.0,1.0,0.0,0.1,0.0,0.6295741418601052,0.1,0.08,0.04390243902439024,0.5,0.25
385,0.9785099505974459,0.4983869723023464,0.9256678088529293,0.49979832172154454,0.23380311223024616,0.4978822497643647,0.824390243902439,0.4430141974651718,0.4381692490395046,0.16097560975609757,0.4828571428571429,0.3894041454379604,0.40041893562363773,0.1,0.04390243902439024,0.025714285714285714,0.4142857142857143,15.837142857142856,0.00975609756097561,0.0,0.03547712633425906,0.11836634914903714,3.4048780487804877,0.0,0.0,0.15,0.07804878048780488,0,0.13147880223584593,0.3082981896279712,1.2208923724575653,0.6093397723701145,0.0,0.8888888888888888,0.0,0.1,0.0,0.6295741418601052,0.1,0.08,0.04390243902439024,0.5,0.25
386,0.979591673426095,0.4977374198340413,0.926301389366852,0.4994725171053962,0.23380311223024616,0.49819542053227095,0.8682926829268293,0.4432093194163913,0.4383155905029193,0.16097560975609757,0.5085714285714286,0.3895184311522462,0.4005046499093521,0.1,0.02926829268292683,0.017142857142857144,0.4142857142857143,15.834285714285715,0.00975609756097561,0.0,0.03547712633425906,0.11836634914903714,3.4048780487804877,0.0,0.0,0.15,0.07804878048780488,0,0.13136426536752382,0.30675669867983135,1.2136173821512708,0.6173020586945325,0.0,0.8333333333333334,0.0,0.1,0.0,0.6295741418601052,0.1,0.08,0.02926829268292683,0.5,0.25
387,0.9804710961801173,0.4983254972354419,0.9268164798370653,0.5002248737823646,0.23380311223024616,0.4983979233039319,0.8292682926829268,0.4432093194163913,0.4383155905029193,0.16097560975609757,0.4857142857142857,0.3895184311522462,0.4005046499093521,0.1,0.03902439024390244,0.022857142857142857,0.4142857142857143,15.845714285714285,0.00975609756097561,0.0,0.03547712633425906,0.11836634914903714,3.4048780487804877,0.0,0.0,0.15,0.07804878048780488,0,0.13090715832640049,0.3052229151864322,1.2122021773653884,0.6049560175206419,0.0,1.0,0.0,0.1,0.0,0.6295741418601052,0.1,0.08,0.03902439024390244,0.5,0.25
388,0.9824730069336993,0.4985161199233956,0.9279890275641635,0.5004421169291153,0.23380311223024616,0.49856236004961485,0.8829268292682927,0.4432093194163913,0.4383155905029193,0.16097560975609757,0.5171428571428571,0.3895184311522462,0.4005046499093521,0.1,0.03414634146341464,0.02,0.4142857142857143,15.851428571428572,0.00975609756097561,0.0,0.03547712633425906,0.11836634914903714,3.4048780487804877,0.0,0.0,0.15,0.07804878048780488,0,0.13056534394550065,0.30369680061050003,1.2079581338180807,0.592856897170229,0.0,1.0,0.0,0.1,0.0,0.6295741418601052,0.1,0.08,0.03414634146341464,0.5,0.25
389,0.9826992854742185,0.4978824536085259,0.9281215621378959,0.5001290036171102,0.23380311223024616,0.4988737585146797,0.8390243902439024,0.4432093194163913,0.4383155905029193,0.16097560975609757,0.49142857142857144,0.3895184311522462,0.4005046499093521,0.1,0.024390243902439025,0.014285714285714285,0.4142857142857143,15.857142857142858,0.00975609756097561,0.0,0.03547712633425906,0.11836634914903714,3.4048780487804877,0.0,0.0,0.15,0.07804878048780488,0,0.13005523151148746,0.30217831660744754,1.1980846854274334,0.5809997592268243,0.0,1.0,0.0,0.1,0.0,0.6295741418601052,0.1,0.08,0.024390243902439025,0.5,0.25
390,0.9809804786109259,0.4991937491330762,0.9271148324036819,0.5005815050313327,0.23380311223024616,0.4991800367965335,0.7853658536585366,0.4432093194163913,0.4383155905029193,0.16097560975609757,0.46,0.3895184311522462,0.4005046499093521,0.1,0.02926829268292683,0.017142857142857144,0.4142857142857143,15.86,0.00975609756097561,0.0,0.03547712633425906,0.11836634914903714,3.4048780487804877,0.0,0.0,0.15,0.07804878048780488,0,0.1299139944615543,0.3006674250244103,1.1912658488617416,0.569379764042288,0.0,1.0,0.0,0.1,0.0,0.6295741418601052,0.1,0.08,0.02926829268292683,0.5,0.25
391,0.9814691858763693,0.5002347558144611,0.9274010752305845,0.5015598419030785,0.23380311223024616,0.49956720449150976,0.8829268292682927,0.4432093194163913,0.4383155905029193,0.16097560975609757,0.5171428571428571,0.3895184311522462,0.4005046499093521,0.1,0.01951219512195122,0.011428571428571429,0.4142857142857143,15.874285714285714,0.00975609756097561,0.0,0.03547712633425906,0.11836634914903714,3.4048780487804877,0.0,0.0,0.15,0.07804878048780488,0,0.12937856734638936,0.2991640878992882,1.1788691033130783,0.5579921687614422,0.0,1.0,0.0,0.1,0.0,0.6295741418601052,0.1,0.08,0.01951219512195122,0.5,0.25
392,0.9810633895902553,0.5006808997350308,0.9271633945487175,0.5014911494368364,0.23380311223024616,0.49982816662019364,0.8,0.4432093194163913,0.4383155905029193,0.16097560975609757,0.4685714285714286,0.3895184311522462,0.4005046499093521,0.1,0.04390243902439024,0.025714285714285714,0.4142857142857143,15.88,0.00975609756097561,0.0,0.03547712633425906,0.11836634914903714,3.4048780487804877,0.0,0.0,0.15,0.07804878048780488,0,0.12904482022037173,0.2976682674597918,1.1810060069611024,0.5468323253862134,0.0,1.0,0.0,0.1,0.0,0.6295741418601052,0.1,0.08,0.04390243902439024,0.5,0.25
393,0.9831612083527402,0.5002945806816165,0.9283921169667445,0.5006876282180587,0.23380311223024616,0.5000658846117249,0.8536585365853658,0.4432093194163913,0.4383155905029193,0.16097560975609757,0.5,0.3895184311522462,0.4005046499093521,0.1,0.04390243902439024,0.025714285714285714,0.4142857142857143,15.882857142857143,0.00975609756097561,0.0,0.03547712633425906,0.11836634914903714,3.4048780487804877,0.0,0.0,0.15,0.07804878048780488,0,0.1286277396906984,0.29617992612249283,1.1831001725361658,0.5358956788784891,0.0,1.0,0.0,0.1,0.0,0.6295741418601052,0.1,0.08,0.04390243902439024,0.5,0.25
394,0.9838031331304168,0.5008533568110138,0.9287681014793835,0.5006164014132807,0.23380311223024616,0.5001675848053977,0.7902439024390244,0.44330688039200106,0.43838876123462667,0.16097560975609757,0.46285714285714286,0.389575574009389,0.4005475070522092,0.1,0.04390243902439024,0.025714285714285714,0.4142857142857143,15.891428571428571,0.00975609756097561,0.0,0.03547712633425906,0.11836634914903714,3.4048780487804877,0.0,0.0,0.15,0.07804878048780488,0,0.12869788956010206,0.29469902649188034,1.1851524547997283,0.5251777653009193,0.0,0.8888888888888888,0.0,0.1,0.0,0.6295741418601052,0.1,0.08,0.04390243902439024,0.5,0.25
395,0.9833868419482275,0.5014065893888272,0.9285242737869582,0.5006929693300342,0.23380311223024616,0.5002410426294512,0.8390243902439024,0.44330688039200106,0.43838876123462667,0.16097560975609757,0.49142857142857144,0.389575574009389,0.4005475070522092,0.1,0.01951219512195122,0.011428571428571429,0.4142857142857143,15.897142857142857,0.00975609756097561,0.0,0.03547712633425906,0.11836634914903714,3.4048780487804877,0.0,0.0,0.15,0.07804878048780488,0,0.12816868582658725,0.293225531359421,1.1728779771323052,0.5146742099949009,0.0,1.0,0.0,0.1,0.0,0.6295741418601052,0.1,0.08,0.01951219512195122,0.5,0.25
396,0.9844181454681716,0.5007537954277745,0.9291283229914973,0.5002164886793061,0.23380311223024616,0.5003421224221521,0.8780487804878049,0.44340444136761087,0.43846193196633393,0.16097560975609757,0.5142857142857142,0.3896327168665319,0.4005903641950664,0.1,0.01951219512195122,0.011428571428571429,0.4142857142857143,15.902857142857142,0.00975609756097561,0.0,0.03547712633425906,0.11836634914903714,3.4048780487804877,0.0,0.0,0.15,0.07804878048780488,0,0.12804212811174004,0.29344244368647676,1.1608489890182305,0.5246189959285049,0.0,0.75,0.0,0.1,0.0,0.6295741418601052,0.1,0.08,0.01951219512195122,0.5,0.25
397,0.9841030041726867,0.5012626513832289,0.9289437402327132,0.5002824505854677,0.23380311223024616,0.5003034703793556,0.848780487804878,0.44340444136761087,0.43846193196633393,0.16097560975609757,0.49714285714285716,0.3896327168665319,0.4005903641950664,0.1,0.024390243902439025,0.014285714285714285,0.4142857142857143,15.911428571428571,0.00975609756097561,0.0,0.03547712633425906,0.11836634914903714,3.4048780487804877,0.0,0.0,0.15,0.07804878048780488,0,0.1277712096068956,0.2919752314680444,1.1519177235235802,0.5141266160099348,0.0,1.0,0.0,0.1,0.0,0.6295741418601052,0.1,0.08,0.024390243902439025,0.5,0.25
398,0.9851357221265633,0.5018748855061138,0.9295486178914124,0.500908263475653,0.23380311223024616,0.500330663444578,0.8,0.44340444136761087,0.43846193196633393,0.16097560975609757,0.4685714285714286,0.3896327168665319,0.4005903641950664,0.1,0.03414634146341464,0.022857142857142857,0.4142857142857143,15.917142857142856,0.00975609756097561,0.0,0.03547712633425906,0.11836634914903714,3.4048780487804877,0.0,0.0,0.15,0.07804878048780488,0,0.12772458495262817,0.29051535531070416,1.1517365119102514,0.5038440836897361,0.0,1.0,0.0,0.1,0.0,0.6295741418601052,0.1,0.08,0.03414634146341464,0.5,0.25
399,0.9841842856702925,0.5018524464832952,0.928991347967025,0.5008060517479593,0.23380311223024616,0.500390166726636,0.8097560975609757,0.44340444136761087,0.43846193196633393,0.16097560975609757,0.4742857142857143,0.3896327168665319,0.4005903641950664,0.1,0.03902439024390244,0.022857142857142857,0.4142857142857143,15.937142857142858,0.00975609756097561,0.0,0.03547712633425906,0.11836634914903714,3.4048780487804877,0.0,0.0,0.15,0.07804878048780488,0,0.12728567631357932,0.28906277853415063,1.151558924529189,0.4937672020159413,0.0,1.0,0.0,0.1,0.0,0.6295741418601052,0.1,0.08,0.03902439024390244,0.5,0.25
400,0.9842979326423542,0.5005905642683453,0.9290579126220898,0.5001059953755514,0.23380311223024616,0.5004088094297099,0.848780487804878,0.4435995633188303,0.43860827342974856,0.16097560975609757,0.49714285714285716,0.38974700258081757,0.4006760784807807,0.1,0.04878048780487805,0.02857142857142857,0.4142857142857143,15.94,0.014634146341463415,0.0,0.03547712633425906,0.11836634914903714,3.4048780487804877,0.0,0.0,0.15,0.07804878048780488,0,0.1273629629320114,0.28761746464147986,1.157099174610034,0.4841631311887998,0.0,0.9,0.0,0.1,0.0,0.6295741418601052,0.1,0.08,0.04878048780487805,0.5,0.25
401,0.9857451832074251,0.5005925996416659,0.9299055879530598,0.5005187475164469,0.23380311223024616,0.5005603979346074,0.8439024390243902,0.4435995633188303,0.43860827342974856,0.16097560975609757,0.4942857142857143,0.38974700258081757,0.4006760784807807,0.1,0.04390243902439024,0.025714285714285714,0.4142857142857143,15.954285714285714,0.014634146341463415,0.0,0.03547712633425906,0.11836634914903714,3.4048780487804877,0.0,0.0,0.15,0.07804878048780488,0,0.1270681495459228,0.2861793773182724,1.1596714768321188,0.47447986856502383,0.0,1.0,0.0,0.1,0.0,0.6295741418601052,0.1,0.08,0.04390243902439024,0.5,0.25
402,0.9852131175943957,0.5014914611485447,0.929593949522571,0.5011616313836932,0.23380311223024616,0.5007459889658035,0.8,0.4437946852700498,0.4387546148931632,0.16097560975609757,0.4685714285714286,0.38986128829510336,0.400761792766495,0.1,0.04390243902439024,0.025714285714285714,0.4142857142857143,15.965714285714286,0.014634146341463415,0.0,0.03547712633425906,0.11836634914903714,3.4048780487804877,0.0,0.0,0.15,0.07804878048780488,0,0.12703280879819318,0.28474848043168105,1.1621923330097623,0.4649902711937233,0.0,0.8888888888888888,0.0,0.1,0.0,0.6295741418601052,0.1,0.08,0.04390243902439024,0.5,0.25
403,0.9836290082973419,0.5028893732819266,0.928666114077154,0.5014908201008039,0.23380311223024616,0.5009545207105313,0.7609756097560976,0.4437946852700498,0.4387546148931632,0.16097560975609757,0.44571428571428573,0.38986128829510336,0.400761792766495,0.1,0.03902439024390244,0.022857142857142857,0.4142857142857143,15.98,0.014634146341463415,0.0,0.03547712633425906,0.11836634914903714,3.4048780487804877,0.0,0.0,0.15,0.07804878048780488,0,0.12662593046848794,0.2833247380295226,1.16180562920671,0.4556904657698489,0.0,1.0,0.0,0.1,0.0,0.6295741418601052,0.1,0.08,0.03902439024390244,0.5,0.25
404,0.9830203860263018,0.5028957128725677,0.9283096353184019,0.5015642625119058,0.23380311223024616,0.5011264255731357,0.8341463414634146,0.4437946852700498,0.4387546148931632,0.16097560975609757,0.48857142857142855,0.38986128829510336,0.400761792766495,0.1,0.024390243902439025,0.014285714285714285,0.4142857142857143,15.982857142857142,0.014634146341463415,0.0,0.03547712633425906,0.11836634914903714,3.4048780487804877,0.0,0.0,0.15,0.07804878048780488,0,0.12624894652685978,0.281908114339375,1.15285523090829,0.44657665645445194,0.0,1.0,0.0,0.1,0.0,0.6295741418601052,0.1,0.08,0.024390243902439025,0.5,0.25
405,0.9841190727815512,0.5024864514811308,0.9289531518464768,0.5012810734222616,0.23380311223024616,0.5013753123274391,0.8097560975609757,0.4438922462456596,0.43882778562487057,0.16097560975609757,0.4742857142857143,0.38991843115224617,0.4008046499093521,0.1,0.03902439024390244,0.025714285714285714,0.4142857142857143,15.994285714285715,0.014634146341463415,0.0,0.03547712633425906,0.11836634914903714,3.4048780487804877,0.0,0.0,0.15,0.07804878048780488,0,0.12630298750851118,0.285811845698666,1.15551241200441,0.4575246077717441,0.0,0.8888888888888888,0.0,0.1,0.0,0.6295741418601052,0.1,0.08,0.03902439024390244,0.5,0.25
406,0.9832130134134012,0.5023150264489697,0.9284224599308459,0.5018449441812074,0.23380311223024616,0.501557670693583,0.8439024390243902,0.44428249014809856,0.4391204685516998,0.16097560975609757,0.4942857142857143,0.39014700258081764,0.40097607848078065,0.1,0.03902439024390244,0.022857142857142857,0.4142857142857143,16.014285714285716,0.014634146341463415,0.0,0.03547712633425906,0.11836634914903714,3.4048780487804877,0.0,0.0,0.15,0.07804878048780488,0,0.12669975828525434,0.31170146272636623,1.1552593066214647,0.4483741156163092,0.0,0.75,0.0,0.1,0.0,0.6295741418601052,0.1,0.08,0.03902439024390244,0.5,0.25
407,0.9831955094487812,0.5013913660532884,0.9277655621788974,0.5016483047175099,0.23380311223024616,0.5017280817942882,0.8578431372549019,0.44337712496707526,0.4382424511579997,0.16176470588235295,0.5,0.39014700258081764,0.40097607848078065,0.1,0.0392156862745098,0.025714285714285714,0.41714285714285715,16.025714285714287,0.00980392156862745,0.002857142857142857,0.03551848078751228,0.11836634914903713,3.323529411764706,0.0,0.0,0.15,0.0784313725490196,0,0.1263789809045602,0.31014295541273434,1.1578684062033209,0.439406633303983,0.0,1.0,0.0,0.1,0.0,0.6295741418601052,0.1,0.08,0.04390243902439024,0.5,0.25
408,0.9844014409841375,0.5012780031292394,0.9284684479880764,0.5013148834537695,0.23380311223024616,0.5018932961824475,0.8137254901960784,0.4434751641827615,0.4383159805697644,0.16176470588235295,0.4742857142857143,0.3902041454379605,0.40101893562363783,0.1,0.05392156862745098,0.03428571428571429,0.41714285714285715,16.034285714285716,0.014705882352941176,0.0,0.03557410580684456,0.11836634914903713,3.323529411764706,0.0,0.0,0.15,0.0784313725490196,0,0.12691765885718026,0.3085922406356707,1.168996752364969,0.4913450741436712,0.0,0.8333333333333334,0.0,0.1,0.0,0.6295741418601052,0.1,0.08,0.05392156862745098,0.5,0.25
409,0.9834755580067258,0.5011514687372859,0.9279287904812421,0.5015773520931623,0.23380311223024616,0.5020583730301678,0.8186274509803921,0.4434751641827615,0.4383159805697644,0.16176470588235295,0.47714285714285715,0.3902041454379605,0.40101893562363783,0.1,0.024509803921568627,0.014285714285714285,0.41714285714285715,16.04,0.014705882352941176,0.0,0.03557410580684456,0.11836634914903713,3.323529411764706,0.0,0.0,0.15,0.0784313725490196,0,0.12639735627718007,0.3070492794324924,1.1599025316033837,0.48151817266079777,0.0,1.0,0.0,0.1,0.0,0.6295741418601052,0.1,0.08,0.024509803921568627,0.5,0.25
410,0.9848638231726199,0.5018731649225081,0.9287379507493633,0.5020771030254627,0.23380311223024616,0.5022687751607477,0.8774509803921569,0.4434751641827615,0.4383159805697644,0.16176470588235295,0.5114285714285715,0.3902041454379605,0.40101893562363783,0.1,0.03431372549019608,0.02,0.41714285714285715,16.045714285714286,0.014705882352941176,0.0,0.03557410580684456,0.11836634914903713,3.323529411764706,0.0,0.0,0.15,0.0784313725490196,0,0.12602109090652636,0.3055140330353299,1.1567044809713158,0.47188780920758183,0.0,1.0,0.0,0.1,0.0,0.6295741418601052,0.1,0.08,0.03431372549019608,0.5,0.25
411,0.9837402994081785,0.5017379639566489,0.928083096898089,0.5018909226959062,0.23380311223024616,0.5025398443401567,0.7892156862745098,0.4434751641827615,0.4383159805697644,0.16176470588235295,0.46,0.3902041454379605,0.40101893562363783,0.1,0.0392156862745098,0.022857142857142857,0.41714285714285715,16.057142857142857,0.014705882352941176,0.0,0.03557410580684456,0.11836634914903713,3.323529411764706,0.0,0.0,0.15,0.0784313725490196,0,0.12559055759485083,0.30398646287015324,1.1564275342090324,0.4624500530234302,0.0,1.0,0.0,0.1,0.0,0.6295741418601052,0.1,0.08,0.0392156862745098,0.5,0.25
412,0.9831853976923481,0.5019381512035522,0.9277596684694334,0.5016973776932101,0.23380311223024616,0.502868814712377,0.7941176470588235,0.4434751641827615,0.4383159805697644,0.16176470588235295,0.46285714285714286,0.3902041454379605,0.40101893562363783,0.1,0.03431372549019608,0.02,0.41714285714285715,16.071428571428573,0.014705882352941176,0.0,0.03557410580684456,0.11836634914903713,3.323529411764706,0.0,0.0,0.15,0.0784313725490196,0,0.12510531909259087,0.30246653055580247,1.153298983524852,0.45320105196296157,0.0,1.0,0.0,0.1,0.0,0.6295741418601052,0.1,0.08,0.03431372549019608,0.5,0.25
413,0.9837245099135817,0.5022798110005171,0.9280738938783809,0.5019872595733149,0.23380311223024616,0.5031654432101913,0.7990196078431373,0.4434751641827615,0.4383159805697644,0.16176470588235295,0.4657142857142857,0.3902041454379605,0.40101893562363783,0.1,0.029411764705882353,0.017142857142857144,0.41714285714285715,16.077142857142857,0.014705882352941176,0.0,0.03557410580684456,0.11836634914903713,3.323529411764706,0.0,0.0,0.15,0.0784313725490196,0,0.12470694247928861,0.3009541979030235,1.1473758609972118,0.4441370309237023,0.0,1.0,0.0,0.1,0.0,0.6295741418601052,0.1,0.08,0.029411764705882353,0.5,0.25
414,0.9831451957730316,0.502730626024058,0.9277362364936033,0.5022250012664587,0.23380311223024616,0.5035299261792743,0.7794117647058824,0.4434751641827615,0.4383159805697644,0.16176470588235295,0.4542857142857143,0.3902041454379605,0.40101893562363783,0.1,0.0196078431372549,0.011428571428571429,0.41714285714285715,16.074285714285715,0.014705882352941176,0.0,0.03557410580684456,0.11836634914903713,3.323529411764706,0.0,0.0,0.15,0.0784313725490196,0,0.12445185199914209,0.29944942691350834,1.135856915205839,0.43525429030522833,0.0,1.0,0.0,0.1,0.0,0.6295741418601052,0.1,0.08,0.0196078431372549,0.5,0.25
415,0.9840022822391695,0.5026452752783018,0.9282357954624378,0.502253092434747,0.23380311223024616,0.5038233697820379,0.7941176470588235,0.4434751641827615,0.4383159805697644,0.16176470588235295,0.46285714285714286,0.3902041454379605,0.40101893562363783,0.1,0.029411764705882353,0.017142857142857144,0.41714285714285715,16.074285714285715,0.014705882352941176,0.0,0.03557410580684456,0.11836634914903713,3.323529411764706,0.0,0.0,0.15,0.0784313725490196,0,0.12405745059628925,0.29795217977894084,1.1302826340445793,0.42654920449912376,0.0,1.0,0.0,0.1,0.0,0.6295741418601052,0.1,0.08,0.029411764705882353,0.5,0.25
416,0.9835588412124039,0.5019373741650401,0.9279773326925516,0.5018489056724683,0.23380311223024616,0.5042353666809468,0.7941176470588235,0.4434751641827615,0.4383159805697644,0.16176470588235295,0.46285714285714286,0.3902041454379605,0.40101893562363783,0.1,0.03431372549019608,0.02,0.41714285714285715,16.085714285714285,0.014705882352941176,0.0,0.03557410580684456,0.11836634914903713,3.323529411764706,0.0,0.0,0.15,0.0784313725490196,0,0.12366544905759351,0.2964624188800461,1.1276769813636878,0.4180182204091413,0.0,1.0,0.0,0.1,0.0,0.6295741418601052,0.1,0.08,0.03431372549019608,0.5,0.25
417,0.9824181039795575,0.5024639028428518,0.9273124458482641,0.5021018754662235,0.23380311223024616,0.5045905866558963,0.803921568627451,0.4434751641827615,0.4383159805697644,0.16176470588235295,0.4685714285714286,0.3902041454379605,0.40101893562363783,0.1,0.0392156862745098,0.022857142857142857,0.41714285714285715,16.085714285714285,0.014705882352941176,0.0,0.03557410580684456,0.11836634914903713,3.323529411764706,0.0,0.0,0.15,0.0784313725490196,0,0.12333155395159125,0.29498010678564585,1.1279805845935569,0.4096578560009584,0.0,1.0,0.0,0.1,0.0,0.6295741418601052,0.1,0.08,0.0392156862745098,0.5,0.25
418,0.9824609185331745,0.502457481507148,0.9269668310141648,0.5020544772638615,0.23380311223024616,0.5050441033544036,0.8275862068965517,0.44386370747570764,0.439736238921369,0.1625615763546798,0.48,0.3902041454379605,0.40101893562363783,0.1,0.009852216748768473,0.008571428571428572,0.42,16.085714285714285,0.009852216748768473,0.002857142857142857,0.03564988254243854,0.11836634914903713,3.251231527093596,0.0,0.0,0.15,0.07881773399014778,0,0.12277203903897614,0.2935052062517176,1.1139924014731144,0.4014646988809393,0.0,1.0,0.0,0.1,0.0,0.6295741418601052,0.1,0.08,0.014705882352941176,0.5,0.25
419,0.9816832839485256,0.5027702370476845,0.9265158029550684,0.5016843168202578,0.23380311223024616,0.5054755764672785,0.8374384236453202,0.44386370747570764,0.439736238921369,0.1625615763546798,0.4857142857142857,0.3902041454379605,0.40101893562363783,0.1,0.04926108374384237,0.03142857142857143,0.42,16.085714285714285,0.009852216748768473,0.0,0.03564988254243854,0.11836634914903713,3.251231527093596,0.0,0.0,0.15,0.07881773399014778,0,0.122556894558067,0.29203768022045906,1.1231411248722234,0.39343540490332046,0.0,1.0,0.0,0.1,0.0,0.6295741418601052,0.1,0.08,0.04926108374384237,0.5,0.25
420,0.982957127865333,0.5028465636905032,0.9272546324268166,0.5019472579240637,0.23380311223024616,0.5057911446066856,0.812807881773399,0.44386370747570764,0.439736238921369,0.1625615763546798,0.4714285714285714,0.3902041454379605,0.40101893562363783,0.1,0.024630541871921183,0.014285714285714285,0.42,16.085714285714285,0.009852216748768473,0.0,0.03564988254243854,0.11836634914903713,3.251231527093596,0.0,0.0,0.15,0.07881773399014778,0,0.12214325579599093,0.29057749181935677,1.1149640166604933,0.385566696805254,0.0,1.0,0.0,0.1,0.0,0.6295741418601052,0.1,0.08,0.024630541871921183,0.5,0.25
421,0.982687538377397,0.5031853290235566,0.9270982705238139,0.5018855089156646,0.23380311223024616,0.5060658415970682,0.8226600985221675,0.44406075181068294,0.43988402217260053,0.1625615763546798,0.47714285714285715,0.3903184311522462,0.4011046499093521,0.1,0.034482758620689655,0.02,0.42,16.091428571428573,0.009852216748768473,0.0,0.03564988254243854,0.11836634914903713,3.251231527093596,0.0,0.0,0.15,0.07881773399014778,0,0.12216082523129672,0.28912460436026,1.1126647363272832,0.3970962671525977,0.0,0.8571428571428571,0.0,0.1,0.0,0.6295741418601052,0.1,0.08,0.034482758620689655,0.5,0.25
422,0.9819311674087238,0.5030351636535686,0.9266595753619835,0.5018647137304991,0.23380311223024616,0.5063178135629149,0.8374384236453202,0.44406075181068294,0.43988402217260053,0.1625615763546798,0.4857142857142857,0.3903184311522462,0.4011046499093521,0.1,0.034482758620689655,0.022857142857142857,0.42,16.091428571428573,0.009852216748768473,0.0,0.03564988254243854,0.11836634914903713,3.251231527093596,0.0,0.0,0.15,0.07881773399014778,0,0.12186345110514021,0.28767898133845865,1.1132685844578805,0.3891543418095457,0.0,1.0,0.0,0.1,0.0,0.6295741418601052,0.1,0.08,0.034482758620689655,0.5,0.25
423,0.9813536868163278,0.5041920946911557,0.9263246366183937,0.5021197889774762,0.23380311223024616,0.5066344501895262,0.8817733990147784,0.44425779614565825,0.4400318054238321,0.1625615763546798,0.5114285714285715,0.3904327168665319,0.40119036419506643,0.1,0.03940886699507389,0.022857142857142857,0.42,16.097142857142856,0.009852216748768473,0.0,0.03564988254243854,0.11836634914903713,3.251231527093596,0.0,0.0,0.15,0.07881773399014778,0,0.12182556242104307,0.28624058643176636,1.1138603556258655,0.41390349196165993,0.0,0.875,0.0,0.1,0.0,0.6295741418601052,0.1,0.08,0.03940886699507389,0.5,0.25
424,0.9825980388916609,0.5034845052738809,0.9270463608220868,0.5015631507714707,0.23380311223024616,0.5069801422634546,0.8472906403940886,0.44425779614565825,0.4400318054238321,0.1625615763546798,0.49142857142857144,0.3904327168665319,0.40119036419506643,0.1,0.03940886699507389,0.022857142857142857,0.42,16.1,0.009852216748768473,0.0,0.03564988254243854,0.11836634914903713,3.251231527093596,0.0,0.0,0.15,0.07881773399014778,0,0.12152958031965215,0.28480938349960755,1.1144402913704912,0.40562542212242675,0.0,1.0,0.0,0.1,0.0,0.6295741418601052,0.1,0.08,0.03940886699507389,0.5,0.25
425,0.9825237773375242,0.5046308654031334,0.9270032891206876,0.5022310792371201,0.23380311223024616,0.5073702761460153,0.8325123152709359,0.44425779614565825,0.4400318054238321,0.1625615763546798,0.4828571428571429,0.3904327168665319,0.40119036419506643,0.1,0.029556650246305417,0.017142857142857144,0.42,16.102857142857143,0.009852216748768473,0.0,0.03564988254243854,0.11836634914903713,3.251231527093596,0.0,0.0,0.15,0.07881773399014778,0,0.12100764670376817,0.2833853365821095,1.1092943426859385,0.3975129136799782,0.0,1.0,0.0,0.1,0.0,0.6295741418601052,0.1,0.08,0.029556650246305417,0.5,0.25
426,0.9814629253245273,0.5044806783359445,0.9263879949531494,0.5023026908110089,0.23380311223024616,0.5078615738670841,0.7783251231527094,0.44425779614565825,0.4400318054238321,0.1625615763546798,0.4514285714285714,0.3904327168665319,0.40119036419506643,0.1,0.029556650246305417,0.02,0.42,16.10857142857143,0.009852216748768473,0.0,0.03564988254243854,0.11836634914903713,3.251231527093596,0.0,0.0,0.15,0.07881773399014778,0,0.12071603775596362,0.28196840989919897,1.1071084558322195,0.38956265540637863,0.0,1.0,0.0,0.1,0.0,0.6295741418601052,0.1,0.08,0.029556650246305417,0.5,0.25
427,0.9805402578632122,0.5040732980631712,0.925784618235926,0.5028138894430667,0.23380311223024616,0.508341845751255,0.7821782178217822,0.4415065971166764,0.43725968564870255,0.15841584158415842,0.4514285714285714,0.3904327168665319,0.40119036419506643,0.1,0.0297029702970297,0.022857142857142857,0.4228571428571429,16.117142857142856,0.0049504950495049506,0.002857142857142857,0.03565254285204855,0.11836634914903714,3.227722772277228,0.0,0.0,0.15,0.07920792079207921,0,0.1203971747064695,0.28055856784970296,1.107823429572718,0.3817714022982511,0.0,1.0,0.0,0.1,0.0,0.6295741418601052,0.1,0.08,0.034482758620689655,0.5,0.25
428,0.9799190687722468,0.5035797502330901,0.9254261033891404,0.5022200226832187,0.23380311223024616,0.5088339533066214,0.8712871287128713,0.44160560701766655,0.4373339430744451,0.15841584158415842,0.5028571428571429,0.39048985972367467,0.40123322133792355,0.1,0.0297029702970297,0.017142857142857144,0.4228571428571429,16.125714285714285,0.0049504950495049506,0.0,0.035681185332966554,0.11836634914903714,3.227722772277228,0.0,0.0,0.15,0.07920792079207921,0,0.1203664745472229,0.31189298897390916,1.1028098181241208,0.37413597425228606,0.0,0.8333333333333334,0.0,0.1,0.0,0.6295741418601052,0.1,0.08,0.0297029702970297,0.5,0.25
429,0.9820707161745602,0.5027914137846701,0.9266679113184754,0.5020237322638937,0.23380311223024616,0.5092082734803113,0.8613861386138614,0.4418036268196467,0.43748245792593027,0.15841584158415842,0.49714285714285716,0.39060414543796046,0.40131893562363774,0.1,0.0297029702970297,0.017142857142857144,0.4228571428571429,16.12,0.0049504950495049506,0.0,0.035681185332966554,0.11836634914903714,3.227722772277228,0.0,0.0,0.15,0.07920792079207921,0,0.1203359278887725,0.31033352402903963,1.0978964789044956,0.37554972784625085,0.0,0.8333333333333334,0.0,0.1,0.0,0.6295741418601052,0.1,0.08,0.0297029702970297,0.5,0.25
430,0.9810419903095708,0.5024352976638216,0.9260741895335387,0.5026251760477841,0.23380311223024616,0.509563088156941,0.8564356435643564,0.44200164662162694,0.4376309727774154,0.15841584158415842,0.4942857142857143,0.39071843115224625,0.4014046499093521,0.1,0.034653465346534656,0.02,0.4228571428571429,16.125714285714285,0.0049504950495049506,0.0,0.035681185332966554,0.11836634914903714,3.227722772277228,0.0,0.0,0.15,0.07920792079207921,0,0.12030553396361435,0.3087818564088944,1.0959385493264056,0.4036586971134096,0.0,0.8571428571428571,0.0,0.1,0.0,0.6295741418601052,0.1,0.08,0.034653465346534656,0.5,0.25
431,0.9823951827153122,0.5026249836601844,0.9268551748648522,0.5018385675636531,0.23380311223024616,0.5097853680310439,0.8712871287128713,0.442100656522617,0.437705230203158,0.15841584158415842,0.5028571428571429,0.39077557400938906,0.4014475070522092,0.1,0.024752475247524754,0.014285714285714285,0.4228571428571429,16.125714285714285,0.0049504950495049506,0.0,0.035681185332966554,0.11836634914903714,3.227722772277228,0.0,0.0,0.15,0.07920792079207921,0,0.1202181491509391,0.30723794712684993,1.0883054926255917,0.4026531312447919,0.0,0.8,0.0,0.1,0.0,0.6295741418601052,0.1,0.08,0.024752475247524754,0.5,0.25
432,0.9827160347505977,0.5029176065613515,0.9270403523252172,0.502161318198043,0.23380311223024616,0.5100544225481858,0.806930693069307,0.44219966642360714,0.43777948762890057,0.15841584158415842,0.4657142857142857,0.39083271686653187,0.4014903641950664,0.1,0.01485148514851485,0.008571428571428572,0.4228571428571429,16.13142857142857,0.0049504950495049506,0.0,0.035681185332966554,0.11836634914903714,3.227722772277228,0.0,0.0,0.15,0.07920792079207921,0,0.12013120126232729,0.3057017573912157,1.0751108113445087,0.400218779052437,0.0,0.6666666666666666,0.0,0.1,0.0,0.6295741418601052,0.1,0.08,0.01485148514851485,0.5,0.25
433,0.9847025430148495,0.5036690563686367,0.9281868513805853,0.5024410467746093,0.23380311223024616,0.510241103322646,0.801980198019802,0.44219966642360714,0.43777948762890057,0.15841584158415842,0.46285714285714286,0.39083271686653187,0.4014903641950664,0.1,0.0297029702970297,0.017142857142857144,0.4228571428571429,16.134285714285713,0.0049504950495049506,0.0,0.035681185332966554,0.11836634914903714,3.227722772277228,0.0,0.0,0.15,0.07920792079207921,0,0.12035598948826556,0.3041732486042596,1.0707514522604755,0.3922144034713883,0.0,0.8333333333333334,0.0,0.1,0.0,0.6295741418601052,0.1,0.08,0.0297029702970297,0.5,0.25
434,0.9843640006144374,0.5035563005277901,0.9279914640523476,0.5019728636996135,0.23380311223024616,0.5104722433315084,0.7623762376237624,0.44229867632459713,0.43785374505464314,0.15841584158415842,0.44,0.39088985972367474,0.4015332213379235,0.1,0.0297029702970297,0.017142857142857144,0.4228571428571429,16.14,0.0049504950495049506,0.0,0.035681185332966554,0.11836634914903714,3.227722772277228,0.0,0.0,0.15,0.07920792079207921,0,0.12032549525510995,0.3026523823612383,1.0664792803581233,0.43634161242038716,0.0,0.8333333333333334,0.0,0.1,0.0,0.6295741418601052,0.1,0.08,0.0297029702970297,0.5,0.25
435,0.9847663807936488,0.5022853534464841,0.9282236948986351,0.5007116467450369,0.23380311223024616,0.5106835289248518,0.7673267326732673,0.4423976862255873,0.4379280024803857,0.15841584158415842,0.44285714285714284,0.3909470025808176,0.4015760784807807,0.1,0.034653465346534656,0.022857142857142857,0.4228571428571429,16.145714285714284,0.0049504950495049506,0.0,0.035681185332966554,0.11836634914903714,3.227722772277228,0.0,0.0,0.15,0.07920792079207921,0,0.12063249947393404,0.3011391204494321,1.0680068376081036,0.45590425812530655,0.0,0.875,0.0,0.1,0.0,0.6295741418601052,0.1,0.08,0.034653465346534656,0.5,0.25
436,0.9840704478026383,0.5029631241171924,0.9278220421438235,0.5014614016306361,0.23380311223024616,0.5107640673594765,0.8316831683168316,0.4425957060275675,0.43807651733187086,0.15841584158415842,0.48,0.39106128829510334,0.401661792766495,0.1,0.024752475247524754,0.014285714285714285,0.4228571428571429,16.142857142857142,0.0049504950495049506,0.0,0.035681185332966554,0.11836634914903714,3.227722772277228,0.0,0.0,0.15,0.07920792079207921,0,0.12057205126227867,0.29963342484718497,1.0609324151416557,0.448221468668352,0.0,0.8,0.0,0.1,0.0,0.6295741418601052,0.1,0.08,0.024752475247524754,0.5,0.25
437,0.9834378583384256,0.5027476260078478,0.9274569476530491,0.5012794754982238,0.23380311223024616,0.5107540645521128,0.8415841584158416,0.4425957060275675,0.43807651733187086,0.15841584158415842,0.4857142857142857,0.39106128829510334,0.401661792766495,0.1,0.039603960396039604,0.022857142857142857,0.4228571428571429,16.15142857142857,0.0049504950495049506,0.0,0.035681185332966554,0.11836634914903714,3.227722772277228,0.0,0.0,0.15,0.07920792079207921,0,0.12016890529168155,0.298135257722949,1.0625709096959655,0.43925703929498494,0.0,1.0,0.0,0.1,0.0,0.6295741418601052,0.1,0.08,0.039603960396039604,0.5,0.25
438,0.9822066811057494,0.5033337747805585,0.9267463825073332,0.5021479073096929,0.23380311223024616,0.5106670642275033,0.8465346534653465,0.4428927357305378,0.4382992896090986,0.15841584158415842,0.48857142857142855,0.3912327168665318,0.40179036419506636,0.1,0.034653465346534656,0.02,0.4228571428571429,16.154285714285713,0.0049504950495049506,0.0,0.035681185332966554,0.11836634914903714,3.227722772277228,0.0,0.0,0.15,0.07920792079207921,0,0.12059620433665172,0.2990457237756517,1.061319491502046,0.44455620962359044,0.0,0.7142857142857143,0.0,0.1,0.0,0.6295741418601052,0.1,0.08,0.034653465346534656,0.5,0.25
439,0.980992682358966,0.5024482180938186,0.9260457318020469,0.5013002231382586,0.23380311223024616,0.5104051797549081,0.8762376237623762,0.443090755532518,0.43844780446058373,0.15841584158415842,0.5057142857142857,0.39134700258081756,0.4018760784807807,0.1,0.034653465346534656,0.02,0.4228571428571429,16.15714285714286,0.0049504950495049506,0.0,0.035681185332966554,0.11836634914903714,3.227722772277228,0.0,0.0,0.15,0.07920792079207921,0,0.12067794045425417,0.3130834155108387,1.0600931016720052,0.5340630930537159,0.0,0.8571428571428571,0.0,0.1,0.0,0.6295741418601052,0.1,0.08,0.034653465346534656,0.5,0.25
440,0.9810613309072974,0.5031398091431627,0.9260853518213694,0.5019711600435913,0.23380311223024616,0.5100697695179317,0.8118811881188119,0.443090755532518,0.43844780446058373,0.15841584158415842,0.4685714285714286,0.39134700258081756,0.4018760784807807,0.1,0.0297029702970297,0.017142857142857144,0.4228571428571429,16.174285714285713,0.0049504950495049506,0.0,0.035681185332966554,0.11836634914903714,3.227722772277228,0.0,0.0,0.15,0.07920792079207921,0,0.12018883646626863,0.3115179984332845,1.0560340967814221,0.5233818311926415,0.0,1.0,0.0,0.1,0.0,0.6295741418601052,0.1,0.08,0.0297029702970297,0.5,0.25
441,0.9803676709630452,0.5034423265785196,0.9256850109392583,0.501730915151028,0.23380311223024616,0.5097699560090321,0.7920792079207921,0.443090755532518,0.43844780446058373,0.15841584158415842,0.45714285714285713,0.39134700258081756,0.4018760784807807,0.1,0.009900990099009901,0.008571428571428572,0.4228571428571429,16.18,0.0049504950495049506,0.0,0.035681185332966554,0.11836634914903714,3.227722772277228,0.0,0.0,0.15,0.07920792079207921,0,0.11975846656608014,0.30996040844111805,1.0434848434172224,0.5129141945687886,0.0,1.0,0.0,0.1,0.0,0.6295741418601052,0.1,0.08,0.009900990099009901,0.5,0.25
442,0.9804348703762265,0.5043367379111882,0.9257237946005801,0.5022277239675875,0.23380311223024616,0.5094681306953694,0.7871287128712872,0.4431897654335081,0.43852206188632625,0.15841584158415842,0.4542857142857143,0.39140414543796037,0.40191893562363784,0.1,0.019801980198019802,0.011428571428571429,0.4228571428571429,16.185714285714287,0.0049504950495049506,0.0,0.035681185332966554,0.11836634914903714,3.227722772277228,0.0,0.0,0.15,0.07920792079207921,0,0.1198439635153926,0.31167482867041835,1.034043717977449,0.5513811153818688,0.0,0.75,0.0,0.1,0.0,0.6295741418601052,0.1,0.08,0.019801980198019802,0.5,0.25
443,0.9803550215471973,0.5046467572357363,0.9256777104192546,0.5025304128254469,0.23380311223024616,0.5092668358944414,0.8465346534653465,0.4435858050374685,0.43881909158929655,0.15841584158415842,0.48857142857142855,0.39163271686653184,0.40209036419506633,0.1,0.04950495049504951,0.02857142857142857,0.4228571428571429,16.197142857142858,0.0049504950495049506,0.0,0.035681185332966554,0.11836634914903714,3.227722772277228,0.0,0.0,0.15,0.07920792079207921,0,0.12030131584067277,0.31011645452706627,1.0419342721893288,0.6532515138416713,0.0,0.8,0.0,0.1,0.0,0.6295741418601052,0.1,0.08,0.04950495049504951,0.5,0.25
444,0.9821387902607657,0.504688734841118,0.9267071997910856,0.5026876198924227,0.23380311223024616,0.5089658482856607,0.8564356435643564,0.4435858050374685,0.43881909158929655,0.15841584158415842,0.4942857142857143,0.39163271686653184,0.40209036419506633,0.1,0.01485148514851485,0.008571428571428572,0.4228571428571429,16.19142857142857,0.0049504950495049506,0.0,0.035681185332966554,0.11836634914903714,3.227722772277228,0.0,0.0,0.15,0.07920792079207921,0,0.11975695211861226,0.30856587225443094,1.0296670153169707,0.6401864835648379,0.0,1.0,0.0,0.1,0.0,0.6295741418601052,0.1,0.08,0.01485148514851485,0.5,0.25
445,0.9827590855301241,0.5049259839676641,0.9270651987751152,0.5035511725182471,0.23380311223024616,0.5087146578519558,0.8514851485148515,0.4435858050374685,0.43881909158929655,0.15841584158415842,0.49142857142857144,0.39163271686653184,0.40209036419506633,0.1,0.024752475247524754,0.014285714285714285,0.4228571428571429,16.197142857142858,0.0049504950495049506,0.0,0.035681185332966554,0.11836634914903714,3.227722772277228,0.0,0.0,0.15,0.07920792079207921,0,0.11927231021516206,0.3070230428931588,1.0233593892963455,0.6273827538935411,0.0,1.0,0.0,0.1,0.0,0.6295741418601052,0.1,0.08,0.024752475247524754,0.5,0.25
446,0.9811575225187572,0.503495961605382,0.9261408681228406,0.5023332459543371,0.23380311223024616,0.5084229317060548,0.8118811881188119,0.4435858050374685,0.43881909158929655,0.15841584158415842,0.4685714285714286,0.39163271686653184,0.40209036419506633,0.1,0.01485148514851485,0.008571428571428572,0.4228571428571429,16.197142857142858,0.0049504950495049506,0.0,0.035681185332966554,0.11836634914903714,3.227722772277228,0.0,0.0,0.15,0.07920792079207921,0,0.11887452721767552,0.305487927678693,1.0114636300818471,0.6148350988156702,0.0,1.0,0.0,0.1,0.0,0.6295741418601052,0.1,0.08,0.01485148514851485,0.5,0.25
447,0.9813920309745203,0.503291850426707,0.9262762130030241,0.5020759671809585,0.23380311223024616,0.5081967701466923,0.8118811881188119,0.44378382483944867,0.43896760644078175,0.15841584158415842,0.4685714285714286,0.39174700258081757,0.40217607848078063,0.1,0.034653465346534656,0.02,0.4228571428571429,16.208571428571428,0.0049504950495049506,0.0,0.035681185332966554,0.11836634914903714,3.227722772277228,0.0,0.0,0.15,0.07920792079207921,0,0.1189928759923193,0.3039604880402995,1.0112343574802103,0.6159144307555384,0.0,0.8571428571428571,0.0,0.1,0.0,0.6295741418601052,0.1,0.08,0.034653465346534656,0.5,0.25
448,0.9798727559449978,0.5032363756265311,0.9253993742716995,0.5023415579857176,0.23380311223024616,0.5081608936406091,0.8712871287128713,0.44398184464142887,0.4391161212922669,0.15841584158415842,0.5028571428571429,0.3918612882951033,0.40226179276649493,0.1,0.04950495049504951,0.02857142857142857,0.4228571428571429,16.208571428571428,0.0049504950495049506,0.0,0.035681185332966554,0.11836634914903714,3.227722772277228,0.0,0.0,0.15,0.07920792079207921,0,0.11927922932703565,0.302440685600098,1.0195810989020346,0.6124242304787767,0.0,0.9,0.0,0.1,0.0,0.6295741418601052,0.1,0.08,0.04950495049504951,0.5,0.25
449,0.9785776138443543,0.5035255872828313,0.9246518922593282,0.5027222348600024,0.23380311223024616,0.5081031750776357,0.7722772277227723,0.44417986444340907,0.43926463614375205,0.15841584158415842,0.44571428571428573,0.391975574009389,0.4023475070522092,0.1,0.024752475247524754,0.014285714285714285,0.4228571428571429,16.214285714285715,0.0049504950495049506,0.0,0.035681185332966554,0.11836634914903714,3.227722772277228,0.0,0.0,0.15,0.07920792079207921,0,0.11916854746611477,0.3009284821720975,1.0134751912097082,0.6001757458692012,0.0,0.8,0.0,0.1,0.0,0.6295741418601052,0.1,0.08,0.024752475247524754,0.5,0.25
