t,mean_x,mean_y,mean_x_all,mean_y_all,mean_L,y0,mean_epc,mean_r,mean_b,fund_prevalence,mean_epc_all,mean_r_all,mean_b_all,fund_prevalence_all,punish_rate,mean_punished,exit_rate,mean_exit_intent,exit_attempt_rate,exit_success_rate,p_opp_mean,stay_value,mean_degree_active,threat,A,budget,enforcer_frac,n_cadre_fallback,cap_mean,cap_p90,service_mean,service_p90,monopoly_on,enforcer_punish_share_step,alpha_punish_revalue,delta_outside_degrade,mu_membership_reward,current_delta,eta_delta_drift,punish_floor,punish_intensity_step,pi_reward,lam_punish
0,0.3587922544493415,0.49140333977143524,0.3587922544493415,0.49140333977143524,0.2504925777620293,0.5,0.0,0.3418686750839348,0.34016272811313986,0.002857142857142857,0.0,0.3418686750839348,0.34016272811313986,0.002857142857142857,0.0,0.0,0.0,0.0,0.0,0.0,0.5,0.0,11.794285714285714,0.0,0.0,0.0,0.0,0,0.0,0.0,0.0,0.0,0.0,0.0,0.0,0.3,0.0,0.3,0.2,0.08,0.0,0.05,0.25
1,0.3672017322939847,0.4917633047545618,0.3672017322939847,0.4917633047545618,0.2504925777620293,0.507041618742444,0.6142857142857143,0.3434686750839348,0.3413627281131399,0.005714285714285714,0.6142857142857143,0.3434686750839348,0.3413627281131399,0.005714285714285714,0.05142857142857143,0.05142857142857143,0.0,0.03428571428571429,0.0,0.0,0.022419467727132016,0.11836634914903713,11.794285714285714,0.0,0.0,0.15,0.08,28,0.0077142857142857135,0.0,0.05142857142857143,0.0,0.0,0.9444444444444444,0.0,0.3,0.0,0.3,0.2,0.08,0.05142857142857143,0.05,0.25
2,0.3751713257252259,0.49162696627677843,0.3751713257252259,0.49162696627677843,0.2504925777620293,0.5164999781890729,0.8342857142857143,0.3447258179410777,0.34230558525599697,0.008571428571428572,0.8342857142857143,0.3447258179410777,0.34230558525599697,0.008571428571428572,0.04,0.04,0.0,0.02857142857142857,0.0,0.0,0.022419467727132016,0.11836634914903713,11.794285714285714,0.0,0.0,0.15,0.08,23,0.013675714285714286,0.0,0.0904,0.0,0.0,0.9285714285714286,0.0,0.3,0.0,0.3,0.2,0.08,0.04,0.05,0.25
3,0.3848604413817652,0.4930076626749566,0.3848604413817652,0.4930076626749566,0.2504925777620293,0.5180256345855397,0.8942857142857142,0.3460972465125063,0.34333415668456846,0.008571428571428572,0.8942857142857142,0.3460972465125063,0.34333415668456846,0.008571428571428572,0.04,0.04285714285714286,0.0,0.054285714285714284,0.0,0.0,0.022419467727132016,0.11836634914903713,11.794285714285714,0.0,0.0,0.15,0.08,20,0.02003590714285714,0.0,0.13144914285714285,0.0,0.0,0.9333333333333333,0.0,0.3,0.0,0.3,0.2,0.08,0.04,0.05,0.25
4,0.3932818881394636,0.49277191007044807,0.3932818881394636,0.49277191007044807,0.2504925777620293,0.5194907752986374,0.8942857142857142,0.3480972465125063,0.3448341566845684,0.014285714285714285,0.8942857142857142,0.3480972465125063,0.3448341566845684,0.014285714285714285,0.05142857142857143,0.05714285714285714,0.0,0.045714285714285714,0.0,0.0,0.022419467727132016,0.11836634914903713,11.794285714285714,0.0,0.0,0.15,0.08,17,0.028507156178571427,0.0,0.18596301714285712,0.0,0.0,1.0,0.0,0.3,0.0,0.3,0.2,0.08,0.05142857142857143,0.05,0.25
5,0.40415923084211103,0.4930431344559088,0.40415923084211103,0.4930431344559088,0.2504925777620293,0.5208072248769523,0.8971428571428571,0.34906867508393485,0.34556272811313987,0.017142857142857144,0.8971428571428571,0.34906867508393485,0.34556272811313987,0.017142857142857144,0.025714285714285714,0.02857142857142857,0.0,0.04857142857142857,0.0,0.0,0.022419467727132016,0.11836634914903713,11.794285714285714,0.0,0.0,0.15,0.08,13,0.03265033468339286,0.0,0.21081518537142854,0.0,0.0,1.0,0.0,0.3,0.0,0.3,0.2,0.08,0.025714285714285714,0.05,0.25
6,0.4136091856896559,0.4931539034390388,0.4136091856896559,0.4931539034390388,0.2504925777620293,0.5212568674509428,0.8857142857142857,0.3499130553612066,0.34633415668456846,0.02,0.8857142857142857,0.3499130553612066,0.34633415668456846,0.02,0.037142857142857144,0.037142857142857144,0.0,0.03428571428571429,0.0,0.0,0.022419467727132016,0.11836634914903713,11.794285714285714,0.0,0.0,0.15,0.08,13,0.03805851158140446,0.0,0.24374173880685712,0.0,0.0,0.8461538461538461,0.0,0.3,0.0,0.3,0.2,0.08,0.037142857142857144,0.05,0.25
7,0.42354291152818635,0.4933331187533463,0.42354291152818635,0.4933331187533463,0.2504925777620293,0.521312808230359,0.9171428571428571,0.350541626789778,0.34697701382742563,0.02,0.9171428571428571,0.350541626789778,0.34697701382742563,0.02,0.04,0.04,0.0,0.03428571428571429,0.0,0.0,0.022419467727132016,0.11836634914903713,11.794285714285714,0.0,0.0,0.15,0.08,12,0.04386821902349744,0.0,0.27886690403071995,0.0,0.0,0.7857142857142857,0.0,0.3,0.0,0.3,0.2,0.08,0.04,0.05,0.25
8,0.43067332423315,0.4938842257178005,0.43067332423315,0.4938842257178005,0.2504925777620293,0.52243410098951,0.9085714285714286,0.3517199487387698,0.34817701382742555,0.022857142857142857,0.9085714285714286,0.3517199487387698,0.34817701382742555,0.022857142857142857,0.04857142857142857,0.05142857142857143,0.0,0.045714285714285714,0.0,0.0,0.022419467727132016,0.11836634914903713,11.794285714285714,0.0,0.0,0.15,0.08,10,0.05117928417271917,0.0,0.324718137378677,0.0,0.0,0.9444444444444444,0.0,0.3,0.0,0.3,0.2,0.08,0.04857142857142857,0.05,0.25
9,0.4404660454126498,0.49392670985033377,0.4404660454126498,0.49392670985033377,0.2504925777620293,0.5232385421014557,0.9457142857142857,0.3535745515039776,0.3498691144763065,0.025714285714285714,0.9457142857142857,0.3535745515039776,0.3498691144763065,0.025714285714285714,0.054285714285714284,0.05714285714285714,0.0,0.045714285714285714,0.0,0.0,0.022419467727132016,0.11836634914903713,11.794285714285714,0.0,0.0,0.15,0.08,8,0.05909481632328415,0.0,0.37536663177396057,0.0,0.0,1.0,0.0,0.3,0.0,0.3,0.2,0.08,0.054285714285714284,0.05,0.25
10,0.4486428495686783,0.4947987650333304,0.4486428495686783,0.4947987650333304,0.2504925777620293,0.5244014246531978,0.9171428571428571,0.3547862991292406,0.35111197161916363,0.03142857142857143,0.9171428571428571,0.3547862991292406,0.35111197161916363,0.03142857142857143,0.045714285714285714,0.05142857142857143,0.0,0.06285714285714286,0.0,0.0,0.022419467727132016,0.11836634914903713,11.794285714285714,0.0,0.0,0.15,0.08,6,0.06551164710058995,0.0,0.4192878705670528,0.0,0.0,0.9444444444444444,0.0,0.3,0.0,0.3,0.2,0.08,0.045714285714285714,0.05,0.25
11,0.45647907381920944,0.4957891785654202,0.45647907381920944,0.4957891785654202,0.2504925777620293,0.5247321834195158,0.9371428571428572,0.3563862991292406,0.35282625733344936,0.03142857142857143,0.9371428571428572,0.3563862991292406,0.35282625733344936,0.03142857142857143,0.06571428571428571,0.07142857142857142,0.0,0.07428571428571429,0.0,0.0,0.022419467727132016,0.11836634914903713,11.794285714285714,0.0,0.0,0.15,0.08,5,0.07313093416703144,0.014266651956989819,0.48233068458428324,0.08170728068877324,0.0,0.96,0.0,0.3,0.0,0.3,0.2,0.08,0.06571428571428571,0.05,0.25
12,0.46626080821335336,0.4954308989428691,0.46626080821335336,0.4954308989428691,0.2504925777620293,0.524970534830323,0.8885714285714286,0.3574053829958348,0.353975301688887,0.03428571428571429,0.8885714285714286,0.3574053829958348,0.353975301688887,0.03428571428571429,0.04857142857142857,0.05142857142857143,0.0,0.06285714285714286,0.0,0.0,0.022419467727132016,0.11836634914903713,11.794285714285714,0.0,0.0,0.15,0.08,3,0.07799385092476771,0.14209621195017821,0.5241126423211689,0.8040329918878318,0.0,0.9444444444444444,0.0,0.3,0.0,0.3,0.2,0.08,0.04857142857142857,0.05,0.25
13,0.4758716587158479,0.496966685674122,0.4758716587158479,0.496966685674122,0.2504925777620293,0.5246922223764638,0.9028571428571428,0.3585210706306957,0.35551815883174415,0.037142857142857144,0.9028571428571428,0.3585210706306957,0.35551815883174415,0.037142857142857144,0.05142857142857143,0.054285714285714284,0.0,0.08,0.0,0.0,0.022419467727132016,0.11836634914903713,11.794285714285714,0.0,0.0,0.15,0.08,3,0.08381272247920171,0.1413857308904273,0.5679161037604598,0.7879523320500753,0.0,1.0,0.0,0.3,0.0,0.3,0.2,0.08,0.05142857142857143,0.05,0.25
14,0.48368864756294655,0.49723506126457234,0.48368864756294655,0.49723506126457234,0.2504925777620293,0.5238714718931545,0.9171428571428571,0.3593782134878386,0.3567889230384478,0.037142857142857144,0.9171428571428571,0.3593782134878386,0.3567889230384478,0.037142857142857144,0.06571428571428571,0.07142857142857142,0.0,0.10857142857142857,0.0,0.0,0.022419467727132016,0.11836634914903713,11.794285714285714,0.0,0.0,0.15,0.08,3,0.08987012562178838,0.1421682639284464,0.6279863531138221,0.8057345179329959,0.0,0.96,0.0,0.3,0.0,0.3,0.2,0.08,0.06571428571428571,0.05,0.25
15,0.4941203908319473,0.4981400114057486,0.4941203908319473,0.4981400114057486,0.2504925777620293,0.5231792310250734,0.9142857142857143,0.36035461990654266,0.35816035160987636,0.04,0.9142857142857143,0.36035461990654266,0.35816035160987636,0.04,0.06857142857142857,0.06857142857142857,0.0,0.10857142857142857,0.0,0.0,0.022419467727132016,0.11836634914903713,11.794285714285714,0.0,0.0,0.15,0.08,3,0.09504317515812687,0.14345548873190211,0.6839980546229741,0.8354492881753136,0.0,1.0,0.0,0.3,0.0,0.3,0.2,0.08,0.06857142857142857,0.05,0.25
16,0.5045138722272442,0.49840831580010475,0.5045138722272442,0.49840831580010475,0.2504925777620293,0.5221297831014745,0.8971428571428571,0.3608117627636855,0.3594032087527335,0.04,0.8971428571428571,0.3608117627636855,0.3594032087527335,0.04,0.05142857142857143,0.05714285714285714,0.0,0.14,0.0,0.0,0.022419467727132016,0.11836634914903713,11.794285714285714,0.0,0.0,0.15,0.08,3,0.09836435942747067,0.1427382112882426,0.7274609506733718,0.8187403024118074,0.0,1.0,0.0,0.3,0.0,0.3,0.2,0.08,0.05142857142857143,0.05,0.25
17,0.5129836861253316,0.4989851077750445,0.5129836861253316,0.4989851077750445,0.2504925777620293,0.5210356073184667,0.9114285714285715,0.3614974770493997,0.36084661179674193,0.04,0.9114285714285715,0.3614974770493997,0.36084661179674193,0.04,0.06857142857142857,0.08,0.0,0.15714285714285714,0.0,0.0,0.022419467727132016,0.11836634914903713,11.794285714285714,0.0,0.0,0.15,0.08,2,0.1020719669160476,0.14266651956986576,0.7929117316599044,0.8170728068875467,0.0,0.9642857142857143,0.0,0.3,0.0,0.3,0.2,0.08,0.06857142857142857,0.05,0.25
18,0.5232762018115753,0.4994188836393196,0.5232762018115753,0.4994188836393196,0.2504925777620293,0.5200805645426834,0.9057142857142857,0.36189747704939973,0.361332916189603,0.04,0.9057142857142857,0.36189747704939973,0.361332916189603,0.04,0.06571428571428571,0.07142857142857142,0.0,0.1657142857142857,0.0,0.0,0.022419467727132016,0.11836634914903713,11.794285714285714,0.0,0.0,0.15,0.08,1,0.10338979964714014,0.14195318697201642,0.8484820684552778,0.8007313507497957,0.0,0.96,0.0,0.3,0.0,0.3,0.2,0.08,0.06571428571428571,0.05,0.25
19,0.5334254295773968,0.49937194780816624,0.5334254295773968,0.49937194780816624,0.2504925777620293,0.519302130288408,0.9314285714285714,0.362492683579242,0.362415940812915,0.04,0.9314285714285714,0.362492683579242,0.362415940812915,0.04,0.07142857142857142,0.07428571428571429,0.0,0.23714285714285716,0.002857142857142857,0.0,0.022419467727132016,0.11836634914903713,11.794285714285714,0.0,0.0,0.15,0.08,1,0.10618685064890443,0.14131439763064235,0.9057981413718864,0.7863181864362998,0.0,0.9615384615384616,0.0,0.3,0.0,0.3,0.2,0.08,0.07142857142857142,0.05,0.25
20,0.5446592122323981,0.4998435946474313,0.5446592122323981,0.4998435946474313,0.2504925777620293,0.5184255012604426,0.9114285714285715,0.36243554072209916,0.3626292906331973,0.04,0.9114285714285715,0.36243554072209916,0.3626292906331973,0.04,0.054285714285714284,0.054285714285714284,0.0,0.26285714285714284,0.005714285714285714,0.0,0.022419467727132016,0.11836634914903713,11.794285714285714,0.0,0.0,0.15,0.08,1,0.1068553456813742,0.1413857308904273,0.9419678928301628,0.7879523320500753,0.0,0.9473684210526315,0.0,0.3,0.0,0.3,0.2,0.08,0.054285714285714284,0.05,0.25
21,0.5574587600301129,0.5006843513895582,0.5574587600301129,0.5006843513895582,0.2504925777620293,0.5174971709893698,0.9057142857142857,0.363022248601452,0.36327895148935696,0.04,0.9057142857142857,0.363022248601452,0.36327895148935696,0.04,0.07142857142857142,0.07428571428571429,0.0,0.2857142857142857,0.005714285714285714,0.0,0.022419467727132016,0.11836634914903713,11.794285714285714,0.0,0.0,0.15,0.08,1,0.10968687564337735,0.14067880223597518,0.997414249259274,0.7721932854090737,0.0,1.0,0.0,0.3,0.0,0.3,0.2,0.08,0.07142857142857142,0.05,0.25
22,0.5664300301865002,0.5010359091295397,0.5664300301865002,0.5010359091295397,0.2504925777620293,0.5167576476622582,0.8971428571428571,0.3633079628871662,0.36379323720364265,0.04,0.8971428571428571,0.3633079628871662,0.36379323720364265,0.04,0.07142857142857142,0.07142857142857142,0.0,0.3457142857142857,0.005714285714285714,0.0,0.022419467727132016,0.11836634914903713,11.794285714285714,0.0,0.0,0.15,0.08,1,0.11113844126516044,0.1399754082247953,1.0488945357026598,0.7567494197008923,0.0,1.0,0.0,0.3,0.0,0.3,0.2,0.08,0.07142857142857142,0.05,0.25
23,0.5753281061308676,0.5012284229718856,0.5753281061308676,0.5012284229718856,0.2504925777620293,0.5160418681019897,0.9171428571428571,0.36330796288716627,0.3639646657750712,0.04,0.9171428571428571,0.36330796288716627,0.3639646657750712,0.04,0.05142857142857143,0.05142857142857143,0.0,0.3628571428571429,0.005714285714285714,0.0,0.022419467727132016,0.11836634914903713,11.794285714285714,0.0,0.0,0.15,0.08,1,0.1114376161802811,0.14060782564248914,1.0793452164171782,0.7705918227075738,0.0,0.9444444444444444,0.0,0.3,0.0,0.3,0.2,0.08,0.05142857142857143,0.05,0.25
24,0.5841564972503562,0.5009989552769485,0.5841564972503562,0.5009989552769485,0.2504925777620293,0.5151679106216633,0.9028571428571428,0.3635540888105954,0.3643448548725476,0.04,0.9028571428571428,0.3635540888105954,0.3643448548725476,0.04,0.06,0.06571428571428571,0.0,0.4057142857142857,0.005714285714285714,0.0,0.022419467727132016,0.11836634914903713,11.794285714285714,0.0,0.0,0.15,0.08,1,0.11225057381009397,0.14060782564248914,1.1234725978031201,0.7705918227075738,0.0,0.9565217391304348,0.0,0.3,0.0,0.3,0.2,0.08,0.06,0.05,0.25
25,0.5927096628450004,0.5015013180039496,0.5927096628450004,0.5015013180039496,0.2504925777620293,0.5141834620643897,0.9,0.3638969459534525,0.3649448548725476,0.04285714285714286,0.9,0.3638969459534525,0.3649448548725476,0.04285714285714286,0.09714285714285714,0.10285714285714286,0.0,0.48,0.008571428571428572,0.0,0.017116541746441557,0.11836634914903713,11.794285714285714,0.0,0.0,0.15,0.08,1,0.11551746451247208,0.14067880223597518,1.2038602887042007,0.7721932854090737,0.0,0.9444444444444444,0.0,0.3,0.0,0.43999999999999995,0.2,0.08,0.09714285714285714,0.05,0.25
26,0.6022761386428535,0.502219360817554,0.6022761386428535,0.502219360817554,0.2504925777620293,0.5129691468478641,0.8571428571428571,0.3641255173820239,0.36528771201540466,0.04285714285714286,0.8571428571428571,0.3641255173820239,0.36528771201540466,0.04285714285714286,0.06,0.06857142857142857,0.0,0.4828571428571429,0.011428571428571429,0.0,0.017116541746441557,0.11836634914903713,11.794285714285714,0.0,0.0,0.15,0.08,0,0.11693973433276686,0.1399754082247953,1.248354511501545,0.7567494197008923,0.0,1.0,0.0,0.3,0.0,0.43999999999999995,0.2,0.08,0.06,0.05,0.25
27,0.6112039243318421,0.5024778816086025,0.6112039243318421,0.5024778816086025,0.2504925777620293,0.5117195673786838,0.8542857142857143,0.3642969459534525,0.3654162834439761,0.04285714285714286,0.8542857142857143,0.3642969459534525,0.3654162834439761,0.04285714285714286,0.054285714285714284,0.054285714285714284,0.0,0.5742857142857143,0.014285714285714285,0.0,0.017116541746441557,0.11836634914903713,11.794285714285714,0.0,0.0,0.15,0.08,0,0.11749774994681732,0.1392755311836713,1.2776731355572286,0.7416144313068743,0.0,1.0,0.0,0.3,0.0,0.43999999999999995,0.2,0.08,0.054285714285714284,0.05,0.25
28,0.6181174819621603,0.5021060945422776,0.6181174819621603,0.5021060945422776,0.2504925777620293,0.510618072143342,0.8828571428571429,0.3648683745248811,0.36605237440291943,0.04285714285714286,0.8828571428571429,0.3648683745248811,0.36605237440291943,0.04285714285714286,0.07428571428571429,0.07428571428571429,0.0,0.64,0.02,0.0,0.017116541746441557,0.11836634914903713,11.794285714285714,0.0,0.0,0.15,0.08,0,0.11902996280148599,0.13857915352775294,1.3264053871317982,0.7267821426807369,0.0,1.0,0.0,0.3,0.0,0.43999999999999995,0.2,0.08,0.07428571428571429,0.05,0.25
29,0.6285129223466748,0.5027585092408043,0.6285129223466748,0.5027585092408043,0.2504925777620293,0.5093477105574462,0.8571428571428571,0.36509694595345255,0.3665604266405227,0.04285714285714286,0.8571428571428571,0.36509694595345255,0.3665604266405227,0.04285714285714286,0.09142857142857143,0.10571428571428572,0.0,0.6885714285714286,0.02,0.0,0.013218968108174687,0.11836634914903713,11.794285714285714,0.0,0.0,0.15,0.08,0,0.12192252129682016,0.14202452023180137,1.4055915651034478,0.8023654963635712,0.0,0.918918918918919,0.0,0.3,0.0,0.5519999999999999,0.2,0.08,0.09142857142857143,0.05,0.25
30,0.6366779909728378,0.5027612044812385,0.6366779909728378,0.5027612044812385,0.2504925777620293,0.5083562126558488,0.8485714285714285,0.36549694595345256,0.36703185521195125,0.04285714285714286,0.8485714285714285,0.36549694595345256,0.36703185521195125,0.04285714285714286,0.07428571428571429,0.07428571428571429,0.0,0.7228571428571429,0.022857142857142857,0.0,0.013218968108174687,0.11836634914903713,11.794285714285714,0.0,0.0,0.15,0.08,0,0.12254105226176461,0.14131439763064235,1.4517654480870932,0.7863181864362998,0.0,1.0,0.0,0.3,0.0,0.5519999999999999,0.2,0.08,0.07428571428571429,0.05,0.25
31,0.6438163323081977,0.5031175176521132,0.6438163323081977,0.5031175176521132,0.2504925777620293,0.5075137904320922,0.8285714285714286,0.36572551738202397,0.36714797000425653,0.04285714285714286,0.8285714285714286,0.36572551738202397,0.36714797000425653,0.04285714285714286,0.06571428571428571,0.07428571428571429,0.0,0.8028571428571428,0.02,0.0,0.013218968108174687,0.11836634914903713,11.794285714285714,0.0,0.0,0.15,0.08,0,0.12235648985759866,0.14060782564248914,1.4970158534110656,0.7705918227075738,0.0,1.0,0.0,0.3,0.0,0.5519999999999999,0.2,0.08,0.06571428571428571,0.05,0.25
32,0.6533590372188459,0.50393207625959,0.6533590372188459,0.50393207625959,0.2504925777620293,0.506752669774909,0.8342857142857143,0.36595408881059543,0.3673193985756851,0.04285714285714286,0.8342857142857143,0.36595408881059543,0.3673193985756851,0.04285714285714286,0.06285714285714286,0.07428571428571429,0.0,0.8657142857142858,0.025714285714285714,0.0,0.013218968108174687,0.11836634914903713,11.794285714285714,0.0,0.0,0.15,0.08,0,0.12305827955116781,0.13990478651427668,1.5413612506285586,0.7551799862534223,0.0,1.0,0.0,0.3,0.0,0.5519999999999999,0.2,0.08,0.06285714285714286,0.05,0.25
33,0.6650575548663927,0.5039445528852458,0.6650575548663927,0.5039445528852458,0.2504925777620293,0.5061269485652483,0.8685714285714285,0.36652551738202394,0.3677479700042565,0.045714285714285714,0.8685714285714285,0.36652551738202394,0.3677479700042565,0.045714285714285714,0.06285714285714286,0.07428571428571429,0.0,0.9257142857142857,0.03142857142857143,0.0,0.013218968108174687,0.11836634914903713,11.794285714285714,0.0,0.0,0.15,0.08,0,0.12575713101055483,0.13990478651427668,1.5848197399017019,0.7551799862534223,0.0,0.9615384615384616,0.0,0.3,0.0,0.5519999999999999,0.2,0.08,0.06285714285714286,0.05,0.25
34,0.6732492223771023,0.5046651362932529,0.6732492223771023,0.5046651362932529,0.2504925777620293,0.5056008005877005,0.8314285714285714,0.3665883721537867,0.3676622557185423,0.045714285714285714,0.8314285714285714,0.3665883721537867,0.3676622557185423,0.045714285714285714,0.08571428571428572,0.09714285714285714,0.0,0.98,0.03428571428571429,0.0,0.01029548313279976,0.11836634914903713,11.794285714285714,0.0,0.0,0.15,0.08,0,0.1260986324983592,0.1400463848182813,1.6502662022465246,0.7583508824023922,0.0,0.9705882352941176,0.0,0.3,0.0,0.6416,0.2,0.08,0.08571428571428572,0.05,0.25
35,0.6818832492112659,0.5054705173852763,0.6818832492112659,0.5054705173852763,0.2504925777620293,0.5051895274488958,0.8342857142857143,0.3667598007252153,0.36779082714711364,0.045714285714285714,0.8342857142857143,0.3667598007252153,0.36779082714711364,0.045714285714285714,0.05714285714285714,0.06,0.0,1.0342857142857143,0.04,0.0,0.01029548313279976,0.11836634914903713,11.794285714285714,0.0,0.0,0.15,0.08,0,0.12746771147872454,0.1413857308904273,1.6772608782015945,0.7879523320500753,0.0,0.9523809523809523,0.0,0.3,0.0,0.6416,0.2,0.08,0.05714285714285714,0.05,0.25
36,0.6902240553686433,0.5044368124745897,0.6902240553686433,0.5044368124745897,0.2504925777620293,0.5049536968801626,0.8171428571428572,0.3667598007252153,0.36779082714711364,0.045714285714285714,0.8171428571428572,0.3667598007252153,0.36779082714711364,0.045714285714285714,0.05142857142857143,0.054285714285714284,0.0,1.1114285714285714,0.045714285714285714,0.0,0.01029548313279976,0.11836634914903713,11.794285714285714,0.0,0.0,0.15,0.08,0,0.12728665863561664,0.14067880223597518,1.6980013749232765,0.7721932854090737,0.0,1.0,0.0,0.3,0.0,0.6416,0.2,0.08,0.05142857142857143,0.05,0.25
37,0.6982372874020767,0.5051032831789324,0.6982372874020767,0.5051032831789324,0.2504925777620293,0.5045607103456596,0.8171428571428572,0.36727408643950094,0.36817654143282796,0.045714285714285714,0.8171428571428572,0.36727408643950094,0.36817654143282796,0.045714285714285714,0.08571428571428572,0.09428571428571429,0.0,1.1571428571428573,0.04857142857142857,0.0,0.008068907700339679,0.11836634914903713,11.794285714285714,0.0,0.0,0.15,0.08,0,0.13042136819958142,0.14410395653631553,1.758327061710525,0.8507630225817854,0.0,0.9393939393939394,0.0,0.3,0.0,0.7132799999999999,0.2,0.08,0.08571428571428572,0.05,0.25
38,0.7053761348872369,0.5053901398441784,0.7053761348872369,0.5053901398441784,0.2504925777620293,0.5039852972079905,0.8085714285714286,0.3676740864395009,0.36847654143282793,0.045714285714285714,0.8085714285714286,0.3676740864395009,0.36847654143282793,0.045714285714285714,0.08857142857142856,0.09714285714285714,0.0,1.2257142857142858,0.04857142857142857,0.0,0.006353568344761195,0.11836634914903713,11.794285714285714,0.0,0.0,0.15,0.08,0,0.13160818538996336,0.14338343675363394,1.820303377619172,0.8337477621301497,0.0,1.0,0.0,0.3,0.0,0.770624,0.2,0.08,0.08857142857142856,0.05,0.25
39,0.7132212454944192,0.5054846717356637,0.7132212454944192,0.5054846717356637,0.2504925777620293,0.5035939599275039,0.8228571428571428,0.3677883721537867,0.36856225571854223,0.045714285714285714,0.8228571428571428,0.3677883721537867,0.36856225571854223,0.045714285714285714,0.06857142857142857,0.08571428571428572,0.0,1.2857142857142858,0.04857142857142857,0.0,0.006353568344761195,0.11836634914903713,11.794285714285714,0.0,0.0,0.15,0.08,0,0.13257857303444212,0.14266651956986576,1.8696115957810744,0.8170728068875467,0.0,0.9666666666666667,0.0,0.3,0.0,0.770624,0.2,0.08,0.06857142857142857,0.05,0.25
40,0.7218432187476492,0.5060383192801837,0.7218432187476492,0.5060383192801837,0.2504925777620293,0.5033396436095767,0.7971428571428572,0.3690455150109295,0.3695051128613994,0.05142857142857143,0.7971428571428572,0.3690455150109295,0.3695051128613994,0.05142857142857143,0.08857142857142856,0.11142857142857143,0.0,1.3742857142857143,0.05142857142857143,0.0,0.005020630940514456,0.11836634914903713,11.794285714285714,0.0,0.0,0.15,0.08,0,0.13564371936756398,0.14195318697201642,1.9436479352940237,0.8007313507497957,0.0,1.0,0.0,0.3,0.0,0.8164992,0.2,0.08,0.08857142857142856,0.05,0.25
41,0.7303071760796096,0.504916303937501,0.7303071760796096,0.504916303937501,0.2504925777620293,0.5026136803411763,0.7771428571428571,0.36955980072521527,0.36989082714711374,0.054285714285714284,0.7771428571428571,0.36955980072521527,0.36989082714711374,0.054285714285714284,0.08285714285714285,0.09142857142857143,0.0,1.457142857142857,0.04857142857142857,0.0,0.003978057876315623,0.11836634914903713,11.794285714285714,0.0,0.0,0.15,0.08,0,0.1368355143058127,0.14124342103715634,1.996203548016715,0.7847167237347998,0.0,1.0,0.0,0.3,0.0,0.85319936,0.2,0.08,0.08285714285714285,0.05,0.25
42,0.7379183812934954,0.504801118953699,0.7379183812934954,0.504801118953699,0.2504925777620293,0.5020484992504459,0.78,0.3697883721537866,0.37006225571854234,0.054285714285714284,0.78,0.3697883721537866,0.37006225571854234,0.054285714285714284,0.07714285714285714,0.08285714285714285,0.0,1.522857142857143,0.05142857142857143,0.0,0.003978057876315623,0.11836634914903713,11.794285714285714,0.0,0.0,0.15,0.08,0,0.13823662316285504,0.14082182721413697,2.0391366199135237,0.7754949265471098,0.0,0.9655172413793104,0.0,0.3,0.0,0.85319936,0.2,0.08,0.07714285714285714,0.05,0.25
43,0.7435266086183533,0.5055971548126399,0.7435266086183533,0.5055971548126399,0.2504925777620293,0.5015139807379068,0.8057142857142857,0.3702455150109295,0.37040511286139943,0.054285714285714284,0.8057142857142857,0.3702455150109295,0.37040511286139943,0.054285714285714284,0.08,0.09714285714285714,0.0,1.5942857142857143,0.054285714285714284,0.0,0.0031585274087207234,0.11836634914903713,11.794285714285714,0.0,0.0,0.15,0.08,0,0.1391011937935118,0.14011771807806625,2.09549674465811,0.7599850280161676,0.0,1.0,0.0,0.3,0.0,0.882559488,0.2,0.08,0.08,0.05,0.25
44,0.7504176732121857,0.5056125601852599,0.7504176732121857,0.5056125601852599,0.2504925777620293,0.501152027294908,0.8142857142857143,0.3710455150109296,0.3710051128613994,0.054285714285714284,0.8142857142857143,0.3710455150109296,0.3710051128613994,0.054285714285714284,0.08857142857142856,0.09428571428571429,0.0,1.6942857142857144,0.05714285714285714,0.0,0.0025118585381057584,0.11836634914903713,11.794285714285714,0.0,0.0,0.15,0.08,0,0.1419185485352585,0.14209621195017821,2.147872524050662,0.8040329918878318,0.0,0.9696969696969697,0.0,0.3,0.0,0.9060475903999999,0.2,0.08,0.08857142857142856,0.05,0.25
45,0.7567370325829402,0.5044495769556655,0.7567370325829402,0.5044495769556655,0.2504925777620293,0.5006792355730648,0.7771428571428571,0.3718771384371561,0.37181939857568513,0.05714285714285714,0.7771428571428571,0.3718771384371561,0.37181939857568513,0.05714285714285714,0.07714285714285714,0.08857142857142856,0.0,1.7742857142857142,0.05714285714285714,0.0,0.0025118585381057584,0.11836634914903713,11.794285714285714,0.0,0.0,0.15,0.08,0,0.1446264040209465,0.14410395653631553,2.1934865021410777,0.8507630225817854,0.0,0.9354838709677419,0.0,0.3,0.0,0.9060475903999999,0.2,0.08,0.07714285714285714,0.05,0.25
46,0.7618205572048613,0.5037576642538971,0.760842014228095,0.5039265565632468,0.2504925777620293,0.5001356437804921,0.7793696275071633,0.3727487727878658,0.3731176163186878,0.06017191977077364,0.7771428571428571,0.3727989028497508,0.37276225571854227,0.06,0.12034383954154727,0.14,0.002857142857142857,1.8914285714285715,0.05730659025787966,0.002857142857142857,0.002001599495616676,0.11836634914903713,11.558739255014327,0.0,0.0,0.15,0.08022922636103152,0,0.15004414562642662,0.1450475298286554,2.289616772098256,0.8722908091500208,0.0,0.9591836734693877,0.0,0.3,0.0,0.9248380723199999,0.2,0.08,0.12285714285714286,0.05,0.25
47,0.7672511244602976,0.5041645563144508,0.7662570655770873,0.5043360297161006,0.2504925777620293,0.4998006652282908,0.7822349570200573,0.37303530573915517,0.3737305188352637,0.0659025787965616,0.78,0.3730846171354651,0.3733734070850709,0.06571428571428571,0.12034383954154727,0.14857142857142858,0.002857142857142857,2.0085714285714285,0.06017191977077364,0.0,0.0015992048332103062,0.11836634914903713,11.558739255014327,0.0,0.0,0.15,0.08022922636103152,0,0.15254019219042841,0.14850375,2.3923958652277193,0.9431128000000003,0.0,0.9423076923076923,0.0,0.3,0.0,0.939870457856,0.2,0.08,0.12034383954154727,0.05,0.25
48,0.7741010260306045,0.5039338699122969,0.7730873960000505,0.5041552855923146,0.2504925777620293,0.4995401706704241,0.7908309455587392,0.37409380552757443,0.37452475347622777,0.0659025787965616,0.7885714285714286,0.3741400926387746,0.37416537248420356,0.06571428571428571,0.10315186246418338,0.11428571428571428,0.002857142857142857,2.1142857142857143,0.06017191977077364,0.0,0.0012755688522460887,0.11836634914903713,11.558739255014327,0.0,0.0,0.15,0.08022922636103152,0,0.1530487753773587,0.14776123124999999,2.458833662208879,0.9242505440000003,0.0,1.0,0.0,0.3,0.0,0.9518963662848,0.2,0.08,0.10315186246418338,0.05,0.25
49,0.7779021480431316,0.5035007261340951,0.7768776576639704,0.5037142034677962,0.2504925777620293,0.4993326245498845,0.7879656160458453,0.37483879120092684,0.3753413723874025,0.0659025787965616,0.7857142857142857,0.3748829497816317,0.37497965819848916,0.06571428571428571,0.11461318051575932,0.13142857142857142,0.002857142857142857,2.242857142857143,0.0659025787965616,0.0,0.0010180490622195653,0.11836634914903713,11.558739255014327,0.0,0.0,0.15,0.08022922636103152,0,0.1545361766910824,0.147096305709375,2.541085560393273,0.9223681599999999,0.0,0.9782608695652174,0.0,0.3,0.0,0.96151709302784,0.2,0.08,0.11461318051575932,0.05,0.25
50,0.7865733126919525,0.5035853715845964,0.7855240475566516,0.5037895422074017,0.2504925777620293,0.4991144023862194,0.7851002865329513,0.3757749684303933,0.37665542034550326,0.0659025787965616,0.7828571428571428,0.3758164522190141,0.37628995173385255,0.06571428571428571,0.1346704871060172,0.16285714285714287,0.002857142857142857,2.374285714285714,0.06876790830945559,0.0,0.0008129109861489697,0.11836634914903713,11.558739255014327,0.0,0.0,0.15,0.08022922636103152,0,0.15627649723619844,0.14636082418082813,2.6531209920425507,0.9039207967999998,0.0,1.0,0.0,0.3,0.0,0.969213674422272,0.2,0.08,0.1346704871060172,0.05,0.25
51,0.7915389400073792,0.5038098820855141,0.790475487365463,0.5040152753716926,0.2504925777620293,0.498870547615532,0.7363896848137536,0.37586848317361665,0.37734309942859784,0.0659025787965616,0.7342857142857143,0.3759096997772568,0.3769756660195669,0.06571428571428571,0.10888252148997135,0.11428571428571428,0.002857142857142857,2.462857142857143,0.07449856733524356,0.0,0.0006493566013316954,0.11836634914903713,11.558739255014327,0.0,0.0,0.15,0.08022922636103152,0,0.15603768617858885,0.14562902005992398,2.714344286487414,0.8858423808639998,0.0,1.0,0.0,0.3,0.0,0.9753709395378176,0.2,0.08,0.10888252148997135,0.05,0.25
52,0.7968951382307464,0.5038257037219702,0.7958163821653349,0.5040231340388175,0.2504925777620293,0.49861200522643184,0.7736389684813754,0.3760977095346482,0.3782384824838673,0.06876790830945559,0.7714285714285715,0.3761382712058282,0.3778684908375356,0.06857142857142857,0.11174785100286533,0.12571428571428572,0.002857142857142857,2.525714285714286,0.07449856733524356,0.0,0.0005188660891657152,0.11836634914903713,11.558739255014327,0.0,0.0,0.15,0.08022922636103152,0,0.1567426406048388,0.14490087495962437,2.785771686471951,0.8681255332467198,0.0,1.0,0.0,0.3,0.0,0.9802967516302541,0.2,0.08,0.11174785100286533,0.05,0.25
53,0.8010705865411107,0.5031217713494669,0.7999799006233839,0.5032873351694629,0.2504925777620293,0.49807594464816507,0.7277936962750716,0.37647691126604943,0.37876642351600665,0.06876790830945559,0.7257142857142858,0.3765163895037112,0.3783949234667258,0.06857142857142857,0.10028653295128939,0.11428571428571428,0.002857142857142857,2.6542857142857144,0.07449856733524356,0.0,0.0004146981232896299,0.11836634914903713,11.558739255014327,0.0,0.0,0.15,0.08022922636103152,0,0.15784392811610032,0.14482809702142263,2.844341967028226,0.8524992736482793,0.0,0.975,0.0,0.3,0.0,0.9842374013042032,0.2,0.08,0.10028653295128939,0.05,0.25
54,0.8082923812213421,0.5038987525012898,0.8071810616045286,0.5040663240096998,0.2504925777620293,0.497508614062,0.7392550143266475,0.37664883103682306,0.3791112917520862,0.06876790830945559,0.7371428571428571,0.3766878180751398,0.378738806364988,0.06857142857142857,0.11174785100286533,0.13714285714285715,0.002857142857142857,2.7514285714285713,0.07449856733524356,0.0,0.0003315066434791276,0.11836634914903713,11.558739255014327,0.0,0.0,0.15,0.08022922636103152,0,0.15859656633266264,0.14410395653631553,2.924597984830519,0.8354492881753136,0.0,1.0,0.0,0.3,0.0,0.9873899210433625,0.2,0.08,0.11174785100286533,0.05,0.25
55,0.8133601661948379,0.5031742445615811,0.8122343671923861,0.5033589017987516,0.2504925777620293,0.4968808201415658,0.7306590257879656,0.37676344421733887,0.37936917140824655,0.06876790830945559,0.7285714285714285,0.37680210378942547,0.37899594922213087,0.06857142857142857,0.09169054441260745,0.10857142857142857,0.002857142857142857,2.8514285714285714,0.0830945558739255,0.0,0.0002650445277829639,0.11836634914903713,11.558739255014327,0.0,0.0,0.15,0.08022922636103152,0,0.15877458350099935,0.14338343675363394,2.9746774537053366,0.8187403024118074,0.0,1.0,0.0,0.3,0.0,0.98991193683469,0.2,0.08,0.09169054441260745,0.05,0.25
56,0.8199024749032655,0.502739043422995,0.8187579835902181,0.5028796298704188,0.2504925777620293,0.4962628552783922,0.6991404011461319,0.3768780573978546,0.37958407112171366,0.06876790830945559,0.6971428571428572,0.37691638950371115,0.37921023493641665,0.06857142857142857,0.09742120343839542,0.12,0.002857142857142857,2.9485714285714284,0.08882521489971347,0.0,0.0002119329231288653,0.11836634914903713,11.558739255014327,0.0,0.0,0.15,0.08022922636103152,0,0.15867047107909518,0.14266651956986576,3.03518390463123,0.8023654963635712,0.0,1.0,0.0,0.3,0.0,0.991929549467752,0.2,0.08,0.09742120343839542,0.05,0.25
57,0.8245335912391232,0.5023846550790276,0.8233758681651162,0.5025538782973479,0.2504925777620293,0.4957122621962898,0.7277936962750716,0.3773938167101756,0.38022877026211477,0.07163323782234957,0.7257142857142858,0.3774306752179969,0.37985309207927376,0.07142857142857142,0.10601719197707736,0.12285714285714286,0.002857142857142857,3.065714285714286,0.09169054441260745,0.0,0.00016948071567583702,0.11836634914903713,11.558739255014327,0.0,0.0,0.15,0.08022922636103152,0,0.15981897658084254,0.14202452023180137,3.097337369395748,0.8007313507497957,0.0,0.9767441860465116,0.0,0.3,0.0,0.9935436395742017,0.2,0.08,0.10601719197707736,0.05,0.25
58,0.829152876094114,0.502103924544119,0.8279819550633783,0.5022544170332289,0.2504925777620293,0.4949415667880805,0.7220630372492837,0.3773938167101756,0.38022877026211477,0.07163323782234957,0.72,0.377430675217997,0.37985309207927376,0.07142857142857142,0.11174785100286533,0.13142857142857142,0.002857142857142857,3.2,0.09455587392550144,0.0,0.00013554262742206355,0.11836634914903713,11.558739255014327,0.0,0.0,0.15,0.08022922636103152,0,0.16053316812650978,0.14195318697201642,3.1668191934364054,0.7863181864362998,0.0,0.9782608695652174,0.0,0.3,0.0,0.9948349116593613,0.2,0.08,0.11174785100286533,0.05,0.25
59,0.8345300534103536,0.5015167606226483,0.8333437690158574,0.5016604081991808,0.2504925777620293,0.49424487688058955,0.7020057306590258,0.3773938167101756,0.3803577100901951,0.07163323782234957,0.7,0.377430675217997,0.37998166350784524,0.07142857142857142,0.10315186246418338,0.11428571428571428,0.002857142857142857,3.3514285714285714,0.10028653295128939,0.0,0.00010840728442372286,0.11836634914903713,11.558739255014327,0.0,0.0,0.15,0.08022922636103152,0,0.16030150228587722,0.14124342103715634,3.217768523853391,0.7705918227075738,0.0,1.0,0.0,0.3,0.0,0.995867929327489,0.2,0.08,0.10315186246418338,0.05,0.25
60,0.8405194691707529,0.5015846114921397,0.8393160721597983,0.5017204818811453,0.2504925777620293,0.4934749095849754,0.6762177650429799,0.3777376562517228,0.38047002311644545,0.07163323782234957,0.6742857142857143,0.37777353236085415,0.380093655639735,0.07142857142857142,0.11174785100286533,0.12,0.002857142857142857,3.48,0.10601719197707736,0.0,8.670867832902608e-05,0.11836634914903713,11.558739255014327,0.0,0.0,0.15,0.08022922636103152,0,0.16135717819284154,0.14067880223597518,3.273413153376323,0.7690223892601038,0.0,0.9523809523809523,0.0,0.3,0.0,0.9966943434619913,0.2,0.08,0.11174785100286533,0.05,0.25
61,0.8442613214001587,0.5005863167517767,0.8430472333828344,0.5007223812579547,0.2504925777620293,0.49269826600132904,0.6991404011461319,0.37762304307120703,0.3802121434602851,0.07163323782234957,0.6971428571428572,0.37765924664656836,0.3798365127825922,0.07142857142857142,0.10315186246418338,0.11714285714285715,0.002857142857142857,3.577142857142857,0.10028653295128939,0.0,6.935597433207714e-05,0.11836634914903713,11.558739255014327,0.0,0.0,0.15,0.08022922636103152,0,0.16240667873044876,0.14446968400768406,3.3250877474516534,0.7913213536194998,0.0,0.926829268292683,0.0,0.3,0.0,0.997355474769593,0.2,0.08,0.10315186246418338,0.05,0.25
62,0.846939807980407,0.5006695045440818,0.8457180671442823,0.5007763102028397,0.2504925777620293,0.4920182497842217,0.6790830945558739,0.37756362639048613,0.3801387751023317,0.07163323782234957,0.6771428571428572,0.3775999997277923,0.37976335404851863,0.07142857142857142,0.12893982808022922,0.15428571428571428,0.002857142857142857,3.7057142857142855,0.10601719197707736,0.0,5.547776339956174e-05,0.11836634914903713,11.558739255014327,0.0,0.0,0.15,0.08022922636103152,0,0.1637072189082251,0.148578375,3.4128717067883345,0.9603999999999999,0.0,0.9444444444444444,0.0,0.3,0.0,0.9978843798156743,0.2,0.08,0.12893982808022922,0.05,0.25
63,0.8522882885562706,0.500245719785885,0.8510512663470717,0.5003058890348459,0.2504925777620293,0.4913114501147262,0.667621776504298,0.3774490132099704,0.38005281521694484,0.07163323782234957,0.6657142857142857,0.3774857140135066,0.37967763976280433,0.07142857142857142,0.10315186246418338,0.11428571428571428,0.002857142857142857,3.8142857142857145,0.11174785100286533,0.0,4.437772231353807e-05,0.11836634914903713,11.558739255014327,0.0,0.0,0.15,0.08022922636103152,0,0.16380282567082682,0.148578375,3.458899986938282,0.9431128000000003,0.0,0.975,0.0,0.3,0.0,0.9983075038525395,0.2,0.08,0.10315186246418338,0.05,0.25
64,0.8557850414034825,0.5002839640755968,0.8545380284718632,0.5003301313039387,0.2504925777620293,0.4907295537229802,0.6590257879656161,0.37756362639048613,0.3801387751023317,0.07163323782234957,0.6571428571428571,0.3775999997277923,0.37976335404851863,0.07142857142857142,0.09742120343839542,0.10285714285714286,0.002857142857142857,3.8771428571428572,0.11461318051575932,0.0,3.549930623123871e-05,0.11836634914903713,11.558739255014327,0.0,0.0,0.15,0.08022922636103152,0,0.16352624011390127,0.147835483125,3.49257913005666,0.9242505440000003,0.0,1.0,0.0,0.3,0.0,0.9986460030820317,0.2,0.08,0.09742120343839542,0.05,0.25
65,0.8596847735433667,0.5001842175638859,0.8584266185199191,0.5002584767441343,0.2504925777620293,0.49011093158501307,0.6934097421203438,0.37762093298074406,0.38018175504502516,0.07163323782234957,0.6914285714285714,0.37765714258493516,0.3798062111913758,0.07142857142857142,0.09742120343839542,0.10857142857142857,0.002857142857142857,3.9857142857142858,0.1174785100286533,0.0,2.8397607640018e-05,0.11836634914903713,11.558739255014327,0.0,0.0,0.15,0.08022922636103152,0,0.16325075248476031,0.147096305709375,3.531298976026955,0.9057655331200002,0.0,1.0,0.0,0.3,0.0,0.9989168024656253,0.2,0.08,0.09742120343839542,0.05,0.25
66,0.8639614732901086,0.5004960450976697,0.8626910991245276,0.5005471889309792,0.2504925777620293,0.48951074702338704,0.664756446991404,0.37773554616125976,0.3802677149304119,0.07163323782234957,0.6628571428571428,0.3777714282992209,0.37989192547709005,0.07142857142857142,0.08595988538681948,0.08857142857142856,0.002857142857142857,4.077142857142857,0.1174785100286533,0.0,2.271691046286459e-05,0.11836634914903713,11.558739255014327,0.0,0.0,0.15,0.08022922636103152,0,0.16297649943662224,0.14636082418082813,3.5492444250778448,0.8876502224576002,0.0,1.0,0.0,0.3,0.0,0.9991334419725002,0.2,0.08,0.08595988538681948,0.05,0.25
67,0.8653230039556385,0.4999720369301644,0.8640487397024416,0.5000484807690362,0.2504925777620293,0.48894754745428204,0.6475644699140402,0.3777387943296253,0.3804396347011855,0.07163323782234957,0.6457142857142857,0.3777746671871054,0.3800633540485186,0.07142857142857142,0.1174785100286533,0.13142857142857142,0.002857142857142857,4.18,0.12607449856733524,0.0,1.8172776083651223e-05,0.11836634914903713,11.558739255014327,0.0,0.0,0.15,0.08022922636103152,0,0.16281804551086768,0.14562902005992398,3.609688108004858,0.8698972180084482,0.0,1.0,0.0,0.3,0.0,0.9993067535780001,0.2,0.08,0.1174785100286533,0.05,0.25
68,0.8694695313546683,0.4997094711400699,0.8681834198803312,0.49979481910728296,0.2504925777620293,0.4884152921366009,0.6389684813753582,0.3775668745588517,0.38039665475849216,0.07163323782234957,0.6371428571428571,0.3776032386156768,0.3800204969056615,0.07142857142857142,0.1318051575931232,0.1457142857142857,0.002857142857142857,4.28,0.12607449856733524,0.0,1.4537739469415532e-05,0.11836634914903713,11.558739255014327,0.0,0.0,0.15,0.08022922636103152,0,0.16401374378392042,0.14555587640343984,3.6832086315590473,0.8542709584100077,0.0,0.9607843137254902,0.0,0.3,0.0,0.9994454028624001,0.2,0.08,0.1318051575931232,0.05,0.25
69,0.8716754789056586,0.4995949519083851,0.8703830647240329,0.4996881297224318,0.2504925777620293,0.4878512683828339,0.6848137535816619,0.3774522613783359,0.3803230306850194,0.07163323782234957,0.6828571428571428,0.3774889529013911,0.3799470831866843,0.07142857142857142,0.10888252148997135,0.14,0.002857142857142857,4.365714285714286,0.12320916905444126,0.0,1.1629883514890573e-05,0.11836634914903713,11.558739255014327,0.0,0.0,0.15,0.08022922636103152,0,0.16430625361859008,0.14490087495962437,3.749544458927866,0.8681255332467198,0.0,0.9795918367346939,0.0,0.3,0.0,0.9995563222899201,0.2,0.08,0.10888252148997135,0.05,0.25
70,0.8737023800306151,0.498840339356501,0.8724041747029181,0.49886170236272553,0.2504925777620293,0.48730145402413355,0.6561604584527221,0.3774522613783359,0.3803230306850194,0.07163323782234957,0.6542857142857142,0.3774889529013911,0.3799470831866843,0.07142857142857142,0.12034383954154727,0.13714285714285715,0.002857142857142857,4.4714285714285715,0.12893982808022922,0.0,9.303709670386554e-06,0.11836634914903713,11.558739255014327,0.0,0.0,0.15,0.08022922636103152,0,0.16411286520764,0.14417637058482624,3.811696426892166,0.8507630225817854,0.0,1.0,0.0,0.3,0.0,0.999645057831936,0.2,0.08,0.12034383954154727,0.05,0.25
71,0.8773872285511536,0.4983187546287644,0.8760784950848266,0.4983572811203703,0.2504925777620293,0.4867997044077245,0.66189111747851,0.3772230350173044,0.3801511109142457,0.07163323782234957,0.66,0.37726038147281965,0.37977565461525575,0.07142857142857142,0.12607449856733524,0.1457142857142857,0.002857142857142857,4.557142857142857,0.12320916905444126,0.0,7.442841574581977e-06,0.11836634914903713,11.558739255014327,0.0,0.0,0.15,0.08022922636103152,0,0.1648344444530304,0.14865337500000003,3.881176784068608,0.8412238234452211,0.0,0.9607843137254902,0.0,0.3,0.0,0.9997160462655488,0.2,0.08,0.12607449856733524,0.05,0.25
72,0.8809220922617674,0.49861214971078355,0.8796032591848386,0.49868111261449727,0.2504925777620293,0.48640406477900844,0.6389684813753582,0.3772230350173044,0.3801511109142457,0.07163323782234957,0.6371428571428571,0.37726038147281965,0.37977565461525575,0.07142857142857142,0.12034383954154727,0.1457142857142857,0.002857142857142857,4.662857142857143,0.12893982808022922,0.0,5.9541925206897886e-06,0.11836634914903713,11.558739255014327,0.0,0.0,0.15,0.08022922636103152,0,0.1648895000566751,0.14791010812500002,3.9492675341015215,0.8243993469763166,0.0,1.0,0.0,0.3,0.0,0.999772837012439,0.2,0.08,0.12034383954154727,0.05,0.25
73,0.8836638004575614,0.4976918731213906,0.8823371339286447,0.497790162818296,0.2504925777620293,0.48593151830942166,0.667621776504298,0.37710842183678867,0.3800651510288589,0.07163323782234957,0.6657142857142857,0.377146095758534,0.37968994032954145,0.07142857142857142,0.10028653295128939,0.12571428571428572,0.002857142857142857,4.74,0.12893982808022922,0.0,4.763302345926211e-06,0.11836634914903713,11.558739255014327,0.0,0.0,0.15,0.08022922636103152,0,0.165064481842106,0.14850375,3.9959964691337766,0.8276023421987944,0.0,0.9772727272727273,0.0,0.3,0.0,0.9998182696099512,0.2,0.08,0.10028653295128939,0.05,0.25
74,0.886095704277561,0.49724746093697414,0.8847620894520157,0.49735421094474336,0.2504925777620293,0.48557021639139764,0.6962750716332379,0.3772803416075623,0.38019409085693917,0.07163323782234957,0.6942857142857143,0.3773175243299625,0.37981851175811293,0.07142857142857142,0.12893982808022922,0.16,0.002857142857142857,4.848571428571429,0.12607449856733524,0.0,3.810608808729058e-06,0.11836634914903713,11.558739255014327,0.0,0.0,0.15,0.08022922636103152,0,0.16626687371860976,0.14798510812500004,4.076076539751101,0.9076479171200007,0.0,0.9821428571428571,0.0,0.3,0.0,0.999854615687961,0.2,0.08,0.12893982808022922,0.05,0.25
75,0.8878106388980893,0.49645857784298136,0.8864721242593425,0.496542402676802,0.2504925777620293,0.4852657438165947,0.7020057306590258,0.3772803416075623,0.38019409085693917,0.07163323782234957,0.7,0.3773175243299625,0.37981851175811293,0.07142857142857142,0.09742120343839542,0.11428571428571428,0.002857142857142857,4.922857142857143,0.12320916905444126,0.0,3.048465884062668e-06,0.11836634914903713,11.558739255014327,0.0,0.0,0.15,0.08022922636103152,0,0.16597811077858812,0.14724518258437505,4.108840723241794,0.8894949587776007,0.0,1.0,0.0,0.3,0.0,0.9998836925503688,0.2,0.08,0.09742120343839542,0.05,0.25
76,0.8912147110396733,0.4961828218821663,0.8898664704805219,0.49627145932945366,0.2504925777620293,0.48498151277041157,0.7020057306590258,0.3772803416075623,0.38019409085693917,0.07163323782234957,0.7,0.3773175243299625,0.37981851175811293,0.07142857142857142,0.10315186246418338,0.12,0.002857142857142857,5.022857142857143,0.12034383954154727,0.0,2.438759163292045e-06,0.11836634914903713,11.558739255014327,0.0,0.0,0.15,0.08022922636103152,0,0.16574764879612375,0.14650895667145317,4.146663908776957,0.8717050596020486,0.0,1.0,0.0,0.3,0.0,0.9999069540402951,0.2,0.08,0.10315186246418338,0.05,0.25
77,0.894006298953954,0.49559938986892327,0.8926500824293333,0.4956860917793676,0.2504925777620293,0.48474544410735665,0.6991404011461319,0.37716572842704654,0.38010813097155227,0.07163323782234957,0.6971428571428572,0.37720323861567684,0.37973279747239863,0.07142857142857142,0.10888252148997135,0.12857142857142856,0.002857142857142857,5.097142857142857,0.12034383954154727,0.0,1.9509986626607904e-06,0.11836634914903713,11.558739255014327,0.0,0.0,0.15,0.08022922636103152,0,0.16589005340928603,0.14798510812500004,4.192302059172847,0.8858423808639998,0.0,0.9777777777777777,0.0,0.3,0.0,0.999925563232236,0.2,0.08,0.10888252148997135,0.05,0.25
78,0.897621652840067,0.49551042768960424,0.8962551067329143,0.49559148244442036,0.2504925777620293,0.48463410721502237,0.6561604584527221,0.37716572842704654,0.38010813097155227,0.07163323782234957,0.6542857142857142,0.37720323861567684,0.37973279747239863,0.07142857142857142,0.13753581661891118,0.16285714285714287,0.002857142857142857,5.208571428571428,0.11461318051575932,0.0,1.5607933827066566e-06,0.11836634914903713,11.558739255014327,0.0,0.0,0.15,0.08022922636103152,0,0.1659157502815253,0.14724518258437505,4.271313160846533,0.8681255332467198,0.0,1.0,0.0,0.3,0.0,0.9999404505857888,0.2,0.08,0.13753581661891118,0.05,0.25
79,0.8988949528422514,0.49611093956421226,0.8975247687350925,0.49615041998689213,0.2504925777620293,0.48456588054272726,0.6446991404011462,0.37716572842704654,0.38010813097155227,0.07163323782234957,0.6428571428571429,0.37720323861567684,0.37973279747239863,0.07142857142857142,0.10028653295128939,0.12285714285714286,0.002857142857142857,5.314285714285714,0.1174785100286533,0.0,1.2486311558562485e-06,0.11836634914903713,11.558739255014327,0.0,0.0,0.15,0.08022922636103152,0,0.1656003143872605,0.14650895667145317,4.3087440404867445,0.8507630225817854,0.0,1.0,0.0,0.3,0.0,0.9999523604686311,0.2,0.08,0.10028653295128939,0.05,0.25
80,0.901649606505867,0.4954621891174759,0.9002715519596693,0.49548654260324304,0.2504925777620293,0.4845474031556732,0.6790830945558739,0.37739495478807805,0.3802800507423259,0.07163323782234957,0.6771428571428572,0.37743181004424825,0.3799042260438271,0.07142857142857142,0.11174785100286533,0.12,0.002857142857142857,5.42,0.1174785100286533,0.0,9.989026525104891e-07,0.11836634914903713,11.558739255014327,0.0,0.0,0.15,0.08022922636103152,0,0.16617188424389565,0.1457764118880959,4.34256915967701,0.8337477621301497,0.0,1.0,0.0,0.3,0.0,0.9999618883749049,0.2,0.08,0.11174785100286533,0.05,0.25
81,0.9030905683308053,0.495479929900976,0.901708396750822,0.4955179562263612,0.2504925777620293,0.48436698480626833,0.6762177650429799,0.3776241811491096,0.38045197051309954,0.07163323782234957,0.6742857142857143,0.3776603814728197,0.3800756546152557,0.07142857142857142,0.10315186246418338,0.11428571428571428,0.002857142857142857,5.488571428571428,0.12320916905444126,0.0,7.991206678263301e-07,0.11836634914903713,11.558739255014327,0.0,0.0,0.15,0.08022922636103152,0,0.16676873982267618,0.1450475298286554,4.370003490769185,0.8170728068875467,0.0,1.0,0.0,0.3,0.0,0.9999695106999239,0.2,0.08,0.10315186246418338,0.05,0.25
82,0.9043845317315897,0.49518980775699745,0.9029986631133186,0.4952181499952088,0.2504925777620293,0.4843947874139063,0.6962750716332379,0.3778534075101411,0.3806238902838732,0.07163323782234957,0.6942857142857143,0.37788895290139113,0.38024708318668426,0.07142857142857142,0.12320916905444126,0.13714285714285715,0.002857142857142857,5.554285714285714,0.12034383954154727,0.0,6.392956035893608e-07,0.11836634914903713,11.558739255014327,0.0,0.0,0.15,0.08022922636103152,0,0.1675333275485628,0.14432229217951215,4.419746278096658,0.8007313507497957,0.0,1.0,0.0,0.3,0.0,0.9999756085599392,0.2,0.08,0.12320916905444126,0.05,0.25
83,0.9064764830218969,0.4948443999205056,0.905084637399939,0.494869125440562,0.2504925777620293,0.48427368277217436,0.667621776504298,0.37750956796859386,0.38036601062771275,0.07163323782234957,0.6657142857142857,0.37754609575853393,0.3799899403295415,0.07142857142857142,0.12034383954154727,0.1457142857142857,0.002857142857142857,5.66,0.12034383954154727,0.0,5.114358872440502e-07,0.11836634914903713,11.558739255014327,0.0,0.0,0.15,0.08022922636103152,0,0.1685809466251057,0.15,4.47706563824901,0.8389572240035359,0.0,0.9411764705882353,0.0,0.3,0.0,0.9999804868479514,0.2,0.08,0.12034383954154727,0.05,0.25
84,0.9081496258178511,0.49387341812966884,0.9067529997879048,0.4939029271416962,0.2504925777620293,0.4842288605949792,0.6819484240687679,0.37739495478807805,0.3802800507423259,0.07163323782234957,0.68,0.37743181004424825,0.3799042260438271,0.07142857142857142,0.12320916905444126,0.13428571428571429,0.002857142857142857,5.7371428571428575,0.12607449856733524,0.0,4.0914832859589467e-07,0.11836634914903713,11.558739255014327,0.0,0.0,0.15,0.08022922636103152,0,0.16879475617769446,0.15471907105368513,4.521810039769743,0.8221780795234651,0.0,0.9787234042553191,0.0,0.3,0.0,0.9999843894783611,0.2,0.08,0.12320916905444126,0.05,0.25
85,0.9101002388814009,0.49468217186996805,0.9086980396712732,0.4947252087109879,0.2504925777620293,0.4842469236395491,0.664756446991404,0.37745226137833593,0.3803230306850194,0.07163323782234957,0.6628571428571428,0.377488952901391,0.3799470831866843,0.07142857142857142,0.1174785100286533,0.13428571428571429,0.002857142857142857,5.831428571428572,0.12893982808022922,0.0,3.2731841891105114e-07,0.11836634914903713,11.558739255014327,0.0,0.0,0.15,0.08022922636103152,0,0.1697506395396631,0.15529210069841667,4.565659553260064,0.8617267203236093,0.0,0.9787234042553191,0.0,0.3,0.0,0.9999875115826888,0.2,0.08,0.1174785100286533,0.05,0.25
86,0.9127668967960775,0.4944409020629431,0.9113570785633366,0.49448091408988554,0.2504925777620293,0.48426952237648185,0.6561604584527221,0.3776241811491095,0.38045197051309954,0.07449856733524356,0.6542857142857142,0.3776603814728197,0.3800756546152557,0.07428571428571429,0.1174785100286533,0.13714285714285715,0.002857142857142857,5.937142857142857,0.1346704871060172,0.0,2.61854578989292e-07,0.11836634914903713,11.558739255014327,0.0,0.0,0.15,0.08022922636103152,0,0.17089606972615468,0.1545156401949246,4.611489219337718,0.8444921859171372,0.0,0.9791666666666666,0.0,0.3,0.0,0.9999900092661511,0.2,0.08,0.1174785100286533,0.05,0.25
87,0.9143436025781438,0.49380198854499247,0.9129292794717397,0.4938395227097238,0.2504925777620293,0.48442308007539425,0.6762177650429799,0.37779610091988314,0.3805809103411798,0.07449856733524356,0.6742857142857143,0.37783181004424826,0.3802042260438272,0.07428571428571429,0.15759312320916904,0.17714285714285713,0.002857142857142857,6.077142857142857,0.13753581661891118,0.0,2.0948356326190052e-07,0.11836634914903713,11.558739255014327,0.0,0.0,0.15,0.08022922636103152,0,0.17158401794895248,0.15508968699394993,4.696402292093821,0.9392223842300712,0.0,0.967741935483871,0.0,0.3,0.0,0.9999920074129209,0.2,0.08,0.15759312320916904,0.05,0.25
88,0.9162766768270776,0.4932270095841152,0.9148568306513908,0.49327397041237436,0.2504925777620293,0.484515518644864,0.6418338108882522,0.3780253272809148,0.3807528301119535,0.07449856733524356,0.64,0.3780603814728197,0.38037565461525574,0.07428571428571429,0.11174785100286533,0.13142857142857142,0.002857142857142857,6.12,0.14040114613180515,0.0,1.6758678665662917e-07,0.11836634914903713,11.558739255014327,0.0,0.0,0.15,0.08022922636103152,0,0.17204038357349344,0.15431423855898016,4.733902817680517,0.9204379365454698,0.0,1.0,0.0,0.3,0.0,0.9999936059303367,0.2,0.08,0.11174785100286533,0.05,0.25
89,0.9167461231355638,0.49311234026883766,0.9153249356847099,0.49314713662115084,0.2504925777620293,0.48454185497439456,0.6762177650429799,0.3779680206906569,0.38070985016926,0.07449856733524356,0.6742857142857143,0.37800323861567675,0.3803327974723987,0.07428571428571429,0.12607449856733524,0.14,0.002857142857142857,6.234285714285714,0.14040114613180515,0.0,1.3406938839534168e-07,0.11836634914903713,11.558739255014327,0.0,0.0,0.15,0.08022922636103152,0,0.1726487180900589,0.15488929236618523,4.779224761326906,0.9256213516798263,0.0,0.9795918367346939,0.0,0.3,0.0,0.9999948847442693,0.2,0.08,0.12607449856733524,0.05,0.25
90,0.918543736915711,0.492660261745021,0.917117413425485,0.4927170914418826,0.2504925777620293,0.48462487027626217,0.6475644699140402,0.37779610091988325,0.3805809103411798,0.07449856733524356,0.6457142857142857,0.3778318100442482,0.3802042260438272,0.07428571428571429,0.11461318051575932,0.12857142857142856,0.002857142857142857,6.362857142857143,0.13753581661891118,0.0,1.0725548452075191e-07,0.11836634914903713,11.558739255014327,0.0,0.0,0.15,0.08022922636103152,0,0.17324204664246579,0.2015817421158247,4.812211694671796,0.9363410677360622,0.0,0.9555555555555556,0.0,0.3,0.0,0.9999959077954155,0.2,0.08,0.11461318051575932,0.05,0.25
91,0.9201300043932659,0.4930495681219957,0.9186991487102469,0.4930864180171019,0.2504925777620293,0.4848317964798616,0.673352435530086,0.37785340751014107,0.3806238902838732,0.07449856733524356,0.6714285714285714,0.37788895290139113,0.38024708318668426,0.07428571428571429,0.1346704871060172,0.1457142857142857,0.002857142857142857,6.485714285714286,0.14040114613180515,0.0,8.58043708508994e-08,0.11836634914903713,11.558739255014327,0.0,0.0,0.15,0.08022922636103152,0,0.17427956608045697,0.2348409879962646,4.861681746492646,0.9232786160555501,0.0,0.9607843137254902,0.0,0.3,0.0,0.9999967262363324,0.2,0.08,0.1346704871060172,0.05,0.25
92,0.9206398379227486,0.49280139300011805,0.9192075255725027,0.4928627250526938,0.2504925777620293,0.4849363699402943,0.673352435530086,0.3779680206906568,0.38070985016926,0.07449856733524356,0.6714285714285714,0.37800323861567675,0.3803327974723987,0.07428571428571429,0.0830945558739255,0.09714285714285714,0.002857142857142857,6.571428571428571,0.14040114613180515,0.0,6.86434859522135e-08,0.11836634914903713,11.558739255014327,0.0,0.0,0.15,0.08022922636103152,0,0.1738651682500547,0.2336667830562833,4.86159096870565,0.9048130437344389,0.0,1.0,0.0,0.3,0.0,0.9999973809890659,0.2,0.08,0.0830945558739255,0.05,0.25
93,0.9212820930768731,0.4924017853821458,0.919847945711901,0.4924685267275168,0.2504925777620293,0.4850701573793274,0.6876790830945558,0.37811357619992914,0.3808479471652876,0.07449856733524356,0.6857142857142857,0.37814837825206543,0.38047049990558046,0.07428571428571429,0.11461318051575932,0.12285714285714286,0.002857142857142857,6.6571428571428575,0.14613180515759314,0.0,5.4914781894203595e-08,0.11836634914903713,11.558739255014327,0.0,0.0,0.15,0.08022922636103152,0,0.17368041455166158,0.23249844914100187,4.88721629218868,0.8867167828597502,0.0,1.0,0.0,0.3,0.0,0.9999979047912527,0.2,0.08,0.11461318051575932,0.05,0.25
94,0.9229763245409425,0.4929071183746247,0.9215373365146446,0.4929735798810976,0.2504925777620293,0.48518779432847176,0.6905444126074498,0.37817088279018696,0.38089092710798106,0.07449856733524356,0.6885714285714286,0.37820552110920824,0.38051335704843753,0.07428571428571429,0.12320916905444126,0.15142857142857144,0.002857142857142857,6.777142857142858,0.1489971346704871,0.0,4.39318211216581e-08,0.11836634914903713,11.558739255014327,0.0,0.0,0.15,0.08022922636103152,0,0.174467444618189,0.23133595689529685,4.940900537773478,0.879417285204565,0.0,0.9811320754716981,0.0,0.3,0.0,0.9999983238330021,0.2,0.08,0.12320916905444126,0.05,0.25
95,0.9225782548191854,0.4923211591965826,0.9211404041349496,0.49237652183023856,0.2504925777620293,0.4852426483272372,0.6418338108882522,0.37811357619992914,0.3808479471652876,0.07449856733524356,0.64,0.37814837825206543,0.38047049990558046,0.07428571428571429,0.15472779369627507,0.1657142857142857,0.002857142857142857,6.94,0.14326647564469913,0.0,3.514545408402947e-08,0.11836634914903713,11.558739255014327,0.0,0.0,0.15,0.08022922636103152,0,0.17581662164957934,0.23017927711082037,5.007796812732294,0.926852869630641,0.0,0.9655172413793104,0.0,0.3,0.0,0.9999986590664017,0.2,0.08,0.15472779369627507,0.05,0.25
96,0.923061162052925,0.4921270216797206,0.9216219316337357,0.49219015113183184,0.2504925777620293,0.4853394110919664,0.6246418338108882,0.3779416564291555,0.3807190073372074,0.07449856733524356,0.6228571428571429,0.3779769496806369,0.380341928477009,0.07428571428571429,0.1346704871060172,0.15428571428571428,0.002857142857142857,7.022857142857143,0.14326647564469913,0.0,2.8116361468250362e-08,0.11836634914903713,11.558739255014327,0.0,0.0,0.15,0.08022922636103152,0,0.17645139568418858,0.22902838072526627,5.061926590763362,0.9623600000000003,0.0,0.9629629629629629,0.0,0.3,0.0,0.9999989272531213,0.2,0.08,0.1346704871060172,0.05,0.25
97,0.9249335101362375,0.4911707588262259,0.9234889301510959,0.49120751007220675,0.2504925777620293,0.4855369017452906,0.6446991404011462,0.3779416564291555,0.3807190073372074,0.07449856733524356,0.6428571428571429,0.3779769496806369,0.380341928477009,0.07428571428571429,0.10028653295128939,0.11142857142857143,0.002857142857142857,7.142857142857143,0.14613180515759314,0.0,2.2493088023094727e-08,0.11836634914903713,11.558739255014327,0.0,0.0,0.15,0.08022922636103152,0,0.17613999656291052,0.22788323882163994,5.072116630376666,0.9431128000000003,0.0,1.0,0.0,0.3,0.0,0.999999141802497,0.2,0.08,0.10028653295128939,0.05,0.25
98,0.925489352492659,0.4913064947172582,0.9240431843864988,0.49137923843295556,0.2504925777620293,0.4858847711206158,0.6876790830945558,0.37788434983889757,0.38067602739451395,0.07449856733524356,0.6857142857142857,0.37791980682349396,0.38029907133415186,0.07428571428571429,0.1318051575931232,0.1457142857142857,0.002857142857142857,7.26,0.14613180515759314,0.0,1.7994469680557912e-08,0.11836634914903713,11.558739255014327,0.0,0.0,0.15,0.08022922636103152,0,0.1764297258658102,0.22674382262753173,5.116388583483419,0.9411919999999999,0.0,0.9803921568627451,0.0,0.3,0.0,0.9999993134419977,0.2,0.08,0.1318051575931232,0.05,0.25
99,0.9267391004532286,0.491700871226506,0.92528936163861,0.4917875864788631,0.2504925777620293,0.4859719210334179,0.667621776504298,0.3779416564291555,0.3807190073372074,0.07736389684813753,0.6657142857142857,0.3779769496806369,0.380341928477009,0.07714285714285714,0.1318051575931232,0.15428571428571428,0.002857142857142857,7.3742857142857146,0.14613180515759314,0.0,1.4395575273715362e-08,0.11836634914903713,11.558739255014327,0.0,0.0,0.15,0.08022922636103152,0,0.17751800866148118,0.2256101035143941,5.168346526099465,0.9242505440000003,0.0,0.9814814814814815,0.0,0.3,0.0,0.9999994507535981,0.2,0.08,0.1318051575931232,0.05,0.25
100,0.9281676044119034,0.4921547263168085,0.9267137841574028,0.4922258435115241,0.2504925777620293,0.4859987604380839,0.6475644699140402,0.3779416564291555,0.3807190073372074,0.07736389684813753,0.6457142857142857,0.3779769496806369,0.380341928477009,0.07714285714285714,0.08595988538681948,0.10571428571428572,0.002857142857142857,7.497142857142857,0.1489971346704871,0.0,1.1516459918123524e-08,0.11836634914903713,11.558739255014327,0.0,0.0,0.15,0.08022922636103152,0,0.17714413361817377,0.2244820529968221,5.17069388129176,0.9057655331200002,0.0,1.0,0.0,0.3,0.0,0.9999995606028784,0.2,0.08,0.08595988538681948,0.05,0.25
101,0.9273751481513807,0.4927544537450357,0.9259235920576244,0.4928253483720077,0.2504925777620293,0.4861561512945609,0.6418338108882522,0.3781347284724164,0.38089092710798106,0.07736389684813753,0.64,0.3781694700894885,0.38051335704843753,0.07714285714285714,0.14326647564469913,0.16857142857142857,0.002857142857142857,7.614285714285714,0.1489971346704871,0.0,7.804086099584566e-09,0.12892034831902927,11.558739255014327,0.1,0.18126924692201818,0.21,0.08022922636103152,0,0.17879998509294007,0.223359642731838,5.235851432237355,0.9039207967999998,0.0,0.9830508474576272,0.0,0.3,0.0,0.9999996484823027,0.2,0.08,0.14326647564469913,0.07,0.27
102,0.9296022205858228,0.49235328954585456,0.9281443014279681,0.4924256395336026,0.2504925777620293,0.4863195935576457,0.664756446991404,0.37802011529190066,0.38080496722259416,0.07736389684813753,0.6628571428571428,0.37805518437520275,0.3804276427627233,0.07714285714285714,0.1318051575931232,0.15714285714285714,0.002857142857142857,7.72,0.1518624641833811,0.0,6.2639351451955976e-09,0.12860372834392944,11.558739255014327,0.097,0.17634209573142312,0.2082,0.08022922636103152,0,0.17899112873890394,0.2222428445181788,5.288277260735464,0.8858423808639998,0.0,0.9818181818181818,0.0,0.3,0.0,0.9999997187858422,0.2,0.08,0.1318051575931232,0.0694,0.2694
103,0.9298014453135353,0.49203119680546265,0.9283429569421728,0.49211744965132864,0.2504925777620293,0.48639478304989725,0.6418338108882522,0.37796280870164284,0.3807619872799008,0.07736389684813753,0.64,0.37799804151806,0.3803847856198661,0.07714285714285714,0.12607449856733524,0.1457142857142857,0.002857142857142857,7.822857142857143,0.14040114613180515,0.0,5.027659462818672e-09,0.12829660696808268,11.558739255014327,0.09409000000000001,0.1715344299918684,0.206454,0.08022922636103152,0,0.179181601666638,0.2211316302955879,5.32822600123504,0.8717050596020486,0.0,0.9803921568627451,0.0,0.3,0.0,0.9999997750286738,0.2,0.08,0.12607449856733524,0.068818,0.268818
104,0.931043852809315,0.49158131551989376,0.9295818147022502,0.49163866643041243,0.2504925777620293,0.486294415690836,0.6876790830945558,0.3777335823406113,0.38059006750912716,0.07736389684813753,0.6857142857142857,0.3777694700894885,0.3802133570484375,0.07714285714285714,0.12034383954154727,0.14857142857142858,0.002857142857142857,7.94,0.14613180515759314,0.0,4.035306320496576e-09,0.12799869923351134,11.558739255014327,0.09126730000000001,0.16684418376162757,0.20476038,0.08022922636103152,0,0.18017098008687624,0.23104071486819322,5.370232909781768,0.9130547082050471,0.0,0.9423076923076923,0.0,0.3,0.0,0.999999820022939,0.2,0.08,0.12034383954154727,0.06825346,0.26825346
105,0.9320751830781202,0.49184172700434914,0.9306101983131446,0.4919064287209896,0.2504925777620293,0.48620611495545324,0.7163323782234957,0.3777335823406113,0.3808479471652877,0.07736389684813753,0.7142857142857143,0.3777694700894885,0.38047049990558046,0.07714285714285714,0.12893982808022922,0.15714285714285714,0.002857142857142857,8.062857142857142,0.1346704871060172,0.0,3.2387538458449645e-09,0.12770972873097713,11.558739255014327,0.088529281,0.16226927610018926,0.2031175686,0.08022922636103152,0,0.18050218602402737,0.22988551129385223,5.41997110872899,0.8947936140409462,0.0,1.0,0.0,0.3,0.0,0.9999998560183512,0.2,0.08,0.12893982808022922,0.0677058562,0.2677058562
106,0.932930700323896,0.49168761901615116,0.9314632712239325,0.49179325150291325,0.2504925777620293,0.48610175865391236,0.6561604584527221,0.37756166256983764,0.38080496722259416,0.07736389684813753,0.6542857142857142,0.3775980415180599,0.3804276427627233,0.07714285714285714,0.10888252148997135,0.13142857142857142,0.002857142857142857,8.214285714285714,0.1489971346704871,0.0,2.599375150685361e-09,0.12742942734351886,11.558739255014327,0.08587340257,0.15780761504170115,0.201524041542,0.08022922636103152,0,0.18097096080819294,0.2311161098072385,5.443000257982981,0.9431128000000003,0.0,0.9565217391304348,0.0,0.3,0.0,0.9999998848146809,0.2,0.08,0.10888252148997135,0.067174680514,0.267174680514
107,0.9341811068961335,0.491416215092366,0.9327101052059638,0.4915387454797078,0.2504925777620293,0.48591634649095894,0.6389684813753582,0.3774470493893219,0.38089092710798106,0.07736389684813753,0.6371428571428571,0.37748375580377425,0.38051335704843753,0.07714285714285714,0.14040114613180515,0.15142857142857144,0.002857142857142857,8.325714285714286,0.14040114613180515,0.0,2.086164040143193e-09,0.12715753499768442,11.558739255014327,0.08329720049289999,0.15345710132083934,0.19997832029573998,0.08022922636103152,0,0.1811793924327234,0.22996052925820232,5.485568824251893,0.9411919999999999,0.0,0.9811320754716981,0.0,0.3,0.0,0.9999999078517448,0.2,0.08,0.14040114613180515,0.06665944009858,0.26665944009858
108,0.9355181681889848,0.4904968419363792,0.9340433463236925,0.49057293519399664,0.2504925777620293,0.485739118580268,0.6418338108882522,0.37738974279906395,0.3808479471652876,0.07736389684813753,0.64,0.3774266129466313,0.38047049990558046,0.07714285714285714,0.12320916905444126,0.14857142857142858,0.002857142857142857,8.422857142857143,0.14040114613180515,0.0,1.67423099787611e-09,0.12689379942222503,11.558739255014327,0.08079828447811299,0.14921563186018072,0.1984789706868678,0.08022922636103152,0,0.18130163832770266,0.23514793706945508,5.524428876338284,0.9261713440000008,0.0,0.9807692307692307,0.0,0.3,0.0,0.9999999262813958,0.2,0.08,0.12320916905444126,0.0661596568956226,0.2661596568956226
109,0.9358536627717539,0.4910757050220779,0.9343778823505107,0.4911404480252905,0.2504925777620293,0.48551262678210966,0.6103151862464183,0.37738974279906395,0.38110582682144806,0.07736389684813753,0.6085714285714285,0.3774266129466313,0.38072764276272325,0.07714285714285714,0.11174785100286533,0.12857142857142856,0.002857142857142857,8.537142857142857,0.14040114613180515,0.0,1.3435962046240236e-09,0.12663797591402942,11.558739255014327,0.0783743359437696,0.14508110302819666,0.19702460156626175,0.08022922636103152,0,0.18110685865402834,0.23397219738410782,5.542511727382946,0.9076479171200007,0.0,1.0,0.0,0.3,0.0,0.9999999410251166,0.2,0.08,0.11174785100286533,0.06567486718875393,0.26567486718875394
110,0.9359557289904298,0.4898746429758378,0.9344796569514189,0.4899466525555745,0.2504925777620293,0.48527571592304136,0.6246418338108882,0.37738974279906395,0.3812347666495283,0.07736389684813753,0.6228571428571429,0.3774266129466313,0.38085621419129473,0.07714285714285714,0.1174785100286533,0.14857142857142858,0.002857142857142857,8.682857142857143,0.14613180515759314,0.0,1.078220867953911e-09,0.12638982711107963,11.558739255014327,0.0760231058654565,0.1410514136769826,0.1956138635192739,0.08022922636103152,0,0.18088646721790105,0.23280233639718728,5.580232921406715,0.8894949587776007,0.0,1.0,0.0,0.3,0.0,0.9999999528200932,0.2,0.08,0.1174785100286533,0.06520462117309131,0.2652046211730913
111,0.9371509086620212,0.48914518826958026,0.9356714218239488,0.48925379515864764,0.2504925777620293,0.4848394445839014,0.5587392550143266,0.37733243620880613,0.3811917867068349,0.07736389684813753,0.5571428571428572,0.37736947008948857,0.3808133570484376,0.07714285714285714,0.12034383954154727,0.14,0.002857142857142857,8.842857142857143,0.14326647564469913,0.0,8.652297673359937e-10,0.12614912277221837,11.558739255014327,0.0737424126894928,0.13712446796878974,0.19424544761369567,0.08022922636103152,0,0.18101003559609727,0.23664435962116395,5.6086282629785815,0.9057655331200002,0.0,0.9795918367346939,0.0,0.3,0.0,0.9999999622560746,0.2,0.08,0.12034383954154727,0.06474848253789857,0.26474848253789857
112,0.9383497982807734,0.48835980414071606,0.9368668860437904,0.4884567288468142,0.2504925777620293,0.48442764989161774,0.6189111747851003,0.37727512961854826,0.38114880676414153,0.07736389684813753,0.6171428571428571,0.37731232723234565,0.38077049990558043,0.07714285714285714,0.1174785100286533,0.13714285714285715,0.002857142857142857,8.945714285714285,0.1518624641833811,0.0,6.942872295082201e-10,0.12591563956352295,11.558739255014327,0.07153014030880801,0.13329817800035182,0.1929180841852848,0.08022922636103152,0,0.18116169970383106,0.23546113782305814,5.633598554861867,0.913528717120002,0.0,0.9791666666666666,0.0,0.3,0.0,0.9999999698048596,0.2,0.08,0.1174785100286533,0.06430602806176161,0.2643060280617616
113,0.9384868548370748,0.4876719072102607,0.9370035510099312,0.48776079065812344,0.2504925777620293,0.4839305203436101,0.6103151862464183,0.37721782302829043,0.38114880676414153,0.07736389684813753,0.6085714285714285,0.3772551843752028,0.38077049990558043,0.07714285714285714,0.1318051575931232,0.16,0.002857142857142857,9.045714285714286,0.14613180515759314,0.0,5.57096234739359e-10,0.12568916085108836,11.558739255014327,0.06938423609954376,0.1295704662338868,0.19163054165972626,0.08022922636103152,0,0.1813980347767405,0.242326463554051,5.68092658376463,0.9808003107882369,0.0,0.9821428571428571,0.0,0.3,0.0,0.9999999758438877,0.2,0.08,0.1318051575931232,0.06387684721990876,0.26387684721990873
114,0.9383686189203149,0.48799971707941,0.936885652910076,0.48809840355158374,0.2504925777620293,0.48341640723279516,0.6303724928366762,0.37721782302829043,0.3812347666495283,0.07736389684813753,0.6285714285714286,0.3772551843752028,0.38085621419129473,0.07714285714285714,0.12320916905444126,0.16,0.002857142857142857,9.151428571428571,0.15472779369627507,0.0,4.469963469830799e-10,0.1254694765000268,11.558739255014327,0.06730270901655745,0.1259392677435177,0.19038162540993447,0.08022922636103152,0,0.1815839023970705,0.24111483123628072,5.727308052089337,0.9611843045724721,0.0,1.0,0.0,0.3,0.0,0.9999999806751101,0.2,0.08,0.12320916905444126,0.0634605418033115,0.26346054180331147
115,0.9395008209908132,0.48740590862535765,0.9380146201175158,0.4874688933602758,0.2504925777620293,0.48296450018098874,0.5902578796561605,0.3768739834867431,0.38102500317668914,0.07736389684813753,0.5885714285714285,0.3769123272323457,0.38064705004266364,0.07714285714285714,0.12034383954154727,0.13428571428571429,0.002857142857142857,9.28,0.1518624641833811,0.0,3.58640946448645e-10,0.12525638267949707,11.558739255014327,0.06528362774606072,0.12240253228570042,0.1891701766476364,0.08022922636103152,0,0.18247569717079948,0.2454642405448976,5.747047605333264,1.0058457773329694,0.0,0.9361702127659575,0.0,0.3,0.0,0.9999999845400881,0.2,0.08,0.12034383954154727,0.06305672554921216,0.26305672554921217
116,0.939471659737142,0.4867948702796659,0.9379855421817122,0.48687549936624197,0.2504925777620293,0.4824605411816187,0.6332378223495702,0.3767593703062273,0.3809390432913024,0.07736389684813753,0.6314285714285715,0.3767980415180599,0.38056133575694934,0.07714285714285714,0.1346704871060172,0.16285714285714287,0.002857142857142857,9.44,0.15759312320916904,0.0,2.87738136172713e-10,0.1250496816735833,11.558739255014327,0.0633251189136789,0.11895822620206453,0.18799507134820734,0.08022922636103152,0,0.1828194615420883,0.24423691934217312,5.794963796083741,1.0037288617863096,0.0,0.9824561403508771,0.0,0.3,0.0,0.9999999876320704,0.2,0.08,0.1346704871060172,0.06266502378273578,0.26266502378273576
117,0.9407865106920261,0.48748636587699146,0.9392966364195822,0.4875355561080635,0.2504925777620293,0.48206547394955174,0.6189111747851003,0.37664475712571155,0.3808530834059155,0.07736389684813753,0.6171428571428571,0.3766837558037742,0.38047562147123504,0.07714285714285714,0.11461318051575932,0.12571428571428572,0.002857142857142857,9.537142857142857,0.15759312320916904,0.0,2.308427271476623e-10,0.12484918169784695,11.558739255014327,0.06142536534626853,0.1156043341628803,0.1868552192077611,0.08022922636103152,0,0.18284807852009216,0.24301573474546223,5.804778805876351,1.001654284550583,0.0,0.9772727272727273,0.0,0.3,0.0,0.9999999901056563,0.2,0.08,0.11461318051575932,0.06228507306925371,0.2622850730692537
118,0.9394866048962841,0.4874743226045669,0.9380004446403996,0.48751214691874256,0.2504925777620293,0.4817335065543201,0.5959885386819485,0.37658745053545367,0.38081010346322214,0.07736389684813753,0.5942857142857143,0.37662661294663136,0.3804327643283779,0.07714285714285714,0.10315186246418338,0.12857142857142856,0.002857142857142857,9.651428571428571,0.15472779369627507,0.0,1.8518926158058312e-10,0.12465469672138262,11.558739255014327,0.05958260438588047,0.11233886075915511,0.18574956263152828,0.08022922636103152,0,0.18293340955606316,0.24180065607173493,5.817254658330254,0.9962543531098493,0.0,0.9777777777777777,0.0,0.3,0.0,0.9999999920845251,0.2,0.08,0.10315186246418338,0.0619165208771761,0.2619165208771761
119,0.9382159336537298,0.48872872482821506,0.9367334038871098,0.48874248442283164,0.2504925777620293,0.4814985759299401,0.5787965616045845,0.37641553076468004,0.3806811636351419,0.07736389684813753,0.5771428571428572,0.37645518437520276,0.38030419289980644,0.07714285714285714,0.12607449856733524,0.1457142857142857,0.002857142857142857,9.742857142857142,0.15759312320916904,0.0,1.485579535294177e-10,0.12446604629421223,11.558739255014327,0.05779512625430405,0.10915983195114243,0.1846770757525824,0.08022922636103152,0,0.18356060107971137,0.25170284055850145,5.8466238508779345,0.9820000000000004,0.0,0.9607843137254902,0.0,0.3,0.0,0.99999999366762,0.2,0.08,0.12607449856733524,0.061559025250860815,0.26155902525086083
120,0.9389962576473865,0.4888228759272661,0.9375114983836417,0.48881234532285345,0.2504925777620293,0.48130231500141707,0.6160458452722063,0.37635822417442216,0.3806381836924485,0.07736389684813753,0.6142857142857143,0.37639804151805994,0.38026133575694937,0.07714285714285714,0.11174785100286533,0.14285714285714285,0.002857142857142857,9.848571428571429,0.166189111747851,0.0,1.1916706329368715e-10,0.12428305537985704,11.558739255014327,0.05606127246667493,0.1060652963808163,0.18363676348000496,0.08022922636103152,0,0.18369937021716998,0.25044432635570896,5.872548516717519,0.9820000000000004,0.0,0.98,0.0,0.3,0.0,0.9999999949340961,0.2,0.08,0.11174785100286533,0.06121225449333499,0.26121225449333496
121,0.9398644340750333,0.4882901087804849,0.9383771943072097,0.4882994557319837,0.2504925777620293,0.4810801414468016,0.6303724928366762,0.37635822417442216,0.3806381836924485,0.07736389684813753,0.6285714285714286,0.37639804151805994,0.38026133575694937,0.07714285714285714,0.10601719197707736,0.12571428571428572,0.002857142857142857,9.96,0.16045845272206305,0.0,9.558650082788228e-11,0.12410555419293239,11.558739255014327,0.05437943429267468,0.10305332655562971,0.1826276605756048,0.08022922636103152,0,0.18340830479108408,0.2491921047239304,5.8808118320974545,0.9623600000000003,0.0,1.0,0.0,0.3,0.0,0.9999999959472768,0.2,0.08,0.10601719197707736,0.06087588685853494,0.2608758868585349
122,0.9408806822846668,0.48828741696215855,0.9393905389505296,0.4883050615475324,0.2504925777620293,0.4809403826561386,0.6504297994269341,0.37624361099390646,0.38055222380706166,0.07736389684813753,0.6485714285714286,0.3762837558037742,0.38017562147123507,0.07714285714285714,0.10601719197707736,0.11714285714285715,0.002857142857142857,10.057142857142857,0.16332378223495703,0.0,7.666845141811046e-11,0.12393337804161556,11.558739255014327,0.05274805126389444,0.10012201991063052,0.18164883075833665,0.08022922636103152,0,0.1834906918385573,0.24794614420031078,5.880338452598362,0.9639093354728048,0.0,0.975609756097561,0.0,0.3,0.0,0.9999999967578215,0.2,0.08,0.10601719197707736,0.06054961025277889,0.2605496102527789
123,0.9413956352180243,0.488599830848009,0.9399040205897919,0.48864617317246145,0.2504925777620293,0.4806821990506708,0.6045845272206304,0.37618630440364853,0.3805092438643682,0.07736389684813753,0.6028571428571429,0.3762266129466314,0.3801327643283779,0.07714285714285714,0.11174785100286533,0.13142857142857142,0.002857142857142857,10.142857142857142,0.16332378223495703,0.0,6.149169567682481e-11,0.1237663671748382,11.558739255014327,0.051165609725977605,0.09726949975576782,0.18069936583558655,0.08022922636103152,0,0.18403928784591098,0.24670641347930922,5.894160254974965,0.9760251388701318,0.0,0.9782608695652174,0.0,0.3,0.0,0.9999999974062572,0.2,0.08,0.11174785100286533,0.06023312194519553,0.26023312194519554
124,0.9411577195643509,0.48838201671909504,0.9396667846951292,0.48839075645044716,0.2504925777620293,0.48047942227118895,0.6303724928366762,0.37618630440364853,0.3805092438643682,0.07736389684813753,0.6285714285714286,0.3762266129466314,0.3801327643283779,0.07714285714285714,0.12607449856733524,0.15714285714285714,0.002857142857142857,10.257142857142858,0.166189111747851,0.0,4.931690306358723e-11,0.12360436663406418,11.558739255014327,0.04963064143419828,0.09449391611497016,0.17977838486051895,0.08022922636103152,0,0.18386080712096714,0.24547288141191267,5.933419907018324,0.9565046360927291,0.0,1.0,0.0,0.3,0.0,0.9999999979250058,0.2,0.08,0.12607449856733524,0.05992612828683966,0.25992612828683964
125,0.941805284670809,0.48901340693033907,0.9403124996155686,0.48902432711416843,0.2504925777620293,0.48014141474262173,0.673352435530086,0.37612899781339065,0.3804662639216748,0.07736389684813753,0.6714285714285714,0.3761694700894885,0.38008990718552077,0.07714285714285714,0.10888252148997135,0.12857142857142856,0.002857142857142857,10.365714285714287,0.16332378223495703,0.0,3.955074070201466e-11,0.12344722610951336,11.558739255014327,0.048141722191172326,0.09179344646333287,0.1788850333147034,0.08022922636103152,0,0.18394050593893374,0.2496137902447644,5.943322937449385,0.9431128000000003,0.0,0.9777777777777777,0.0,0.3,0.0,0.9999999983400046,0.2,0.08,0.10888252148997135,0.05962834443823447,0.25962834443823446
126,0.9425672602723222,0.4885030428498907,0.9410722981439344,0.48851601960528657,0.2504925777620293,0.47986875698918197,0.5988538681948424,0.37612899781339065,0.3804662639216748,0.07736389684813753,0.5971428571428572,0.3761694700894885,0.38008990718552077,0.07714285714285714,0.11461318051575932,0.13428571428571429,0.002857142857142857,10.485714285714286,0.16905444126074498,0.0,3.1717056902434895e-11,0.12329479980069906,11.558739255014327,0.04669747052543716,0.08916629636850315,0.1780184823152623,0.08022922636103152,0,0.18367723198066763,0.2483657212935406,5.9587421929861115,0.9242505440000003,0.0,1.0,0.0,0.3,0.0,0.9999999986720037,0.2,0.08,0.11461318051575932,0.05933949410508743,0.25933949410508744
127,0.9433769881695131,0.48901940598266025,0.9418797125328479,0.48905107263822517,0.2504925777620293,0.47954371103607646,0.6332378223495702,0.3758997714523591,0.3802943441509012,0.07736389684813753,0.6314285714285715,0.3759408986609171,0.3799184786140922,0.07714285714285714,0.10601719197707736,0.12571428571428572,0.002857142857142857,10.628571428571428,0.16045845272206305,0.0,2.5433762627114444e-11,0.12314694628114922,11.558739255014327,0.04529654640967404,0.08661070004210591,0.1771779278458044,0.08022922636103152,0,0.1842151322493357,0.2471238926870729,5.965281634840674,0.9301313440000016,0.0,0.9545454545454546,0.0,0.3,0.0,0.9999999989376029,0.2,0.08,0.10601719197707736,0.05905930928193481,0.2590593092819348
128,0.9431213363628688,0.4889877598023744,0.9416247911599368,0.48900023038747104,0.2504925777620293,0.47930213154724355,0.6189111747851003,0.3758997714523591,0.3802943441509012,0.07736389684813753,0.6171428571428571,0.3759408986609171,0.3799184786140922,0.07714285714285714,0.12320916905444126,0.14285714285714285,0.002857142857142857,10.745714285714286,0.166189111747851,0.0,2.0394254127715288e-11,0.12300352836718582,11.558739255014327,0.04393765001738382,0.08412492080681178,0.17636259001043028,0.08022922636103152,0,0.18395062801666046,0.24588827322363752,5.988833145001005,0.9115287171200016,0.0,1.0,0.0,0.3,0.0,0.9999999991500823,0.2,0.08,0.12320916905444126,0.058787530003476765,0.25878753000347676
129,0.9444314941847548,0.48973481015049186,0.9429312056737603,0.48981833659011453,0.2504925777620293,0.4790309965751641,0.6475644699140402,0.3758997714523591,0.3802943441509012,0.07736389684813753,0.6457142857142857,0.3759408986609171,0.3799184786140922,0.07714285714285714,0.12320916905444126,0.16285714285714287,0.002857142857142857,10.86,0.166189111747851,0.0,1.6352513712153817e-11,0.12286441299064134,11.558739255014327,0.042619520516862304,0.08170725148440683,0.17557171231011737,0.08022922636103152,0,0.18371601844800572,0.24465883185751933,6.031913624958126,0.8932981427776016,0.0,1.0,0.0,0.3,0.0,0.9999999993200659,0.2,0.08,0.12320916905444126,0.058523904103372465,0.25852390410337245
130,0.9447066710932593,0.49006219743456253,0.9432055963625263,0.4901404420428615,0.2504925777620293,0.4788443895097925,0.6332378223495702,0.37578515827184333,0.3802083842655144,0.07736389684813753,0.6314285714285715,0.37582661294663144,0.3798327643283779,0.07714285714285714,0.10601719197707736,0.12,0.002857142857142857,10.937142857142858,0.16332378223495703,0.0,1.311115339083234e-11,0.12272947107539325,11.558739255014327,0.04134093490135644,0.07935601470998999,0.17480456094081387,0.08022922636103152,0,0.1837394412093371,0.24343553769823173,6.031275352458963,0.9423172347678309,0.0,0.9761904761904762,0.0,0.3,0.0,0.9999999994560527,0.2,0.08,0.10601719197707736,0.058268186980271294,0.25826818698027126
131,0.9455956630828282,0.4901945589275439,0.9440920483749821,0.49024602243949533,0.2504925777620293,0.47855882853279114,0.6418338108882522,0.37578515827184333,0.3802083842655144,0.07736389684813753,0.64,0.37582661294663144,0.3798327643283779,0.07714285714285714,0.1174785100286533,0.14285714285714285,0.002857142857142857,11.06,0.166189111747851,0.0,1.0511798052899036e-11,0.12259857741760258,11.558739255014327,0.04010070685431574,0.07706956317719249,0.17406042411258943,0.08022922636103152,0,0.18350560114614756,0.2422183600097406,6.053506988266927,0.9234708900724742,0.0,1.0,0.0,0.3,0.0,0.9999999995648421,0.2,0.08,0.1174785100286533,0.05802014137086315,0.25802014137086315
132,0.9450554641889051,0.48945072646170923,0.9435533929064702,0.48948407815155465,0.2504925777620293,0.47831417273144466,0.6418338108882522,0.37561323850106976,0.3800794444374342,0.07736389684813753,0.64,0.37565518437520284,0.3797041928998065,0.07714285714285714,0.10028653295128939,0.12285714285714286,0.002857142857142857,11.177142857142858,0.16905444126074498,0.0,8.42738632553606e-12,0.12247161056954561,11.558739255014327,0.03889768564868627,0.07484627981908543,0.17333861138921175,0.08022922636103152,0,0.18401578814041686,0.2410072682096919,6.055293991358732,0.9583198692812048,0.0,0.9534883720930233,0.0,0.3,0.0,0.9999999996518737,0.2,0.08,0.10028653295128939,0.057779537129737255,0.2577795371297373
133,0.9443538820884316,0.4886100309729753,0.9428538153262839,0.48864294991344714,0.2504925777620293,0.4781537942686414,0.6160458452722063,0.37538401214003814,0.37990752466666056,0.07736389684813753,0.6142857142857143,0.3754266129466314,0.37953276432837796,0.07714285714285714,0.12607449856733524,0.15142857142857144,0.002857142857142857,11.28,0.166189111747851,0.0,6.755986341921951e-12,0.12234845272693033,11.558739255014327,0.037730755079225686,0.07268457792922522,0.17263845304753542,0.08022922636103152,0,0.18469485205685762,0.24320177105431778,6.085616682960128,0.9450728000000008,0.0,0.9622641509433962,0.0,0.3,0.0,0.999999999721499,0.2,0.08,0.12607449856733524,0.05754615101584514,0.25754615101584516
134,0.9460110959701025,0.4881178487342597,0.94450629431115,0.4881688435292713,0.2504925777620293,0.47792520740418815,0.5931232091690545,0.37538401214003814,0.37990752466666056,0.07736389684813753,0.5914285714285714,0.3754266129466314,0.37953276432837796,0.07714285714285714,0.12034383954154727,0.14857142857142858,0.002857142857142857,11.402857142857142,0.166189111747851,0.0,5.415827532716449e-12,0.1222289896195936,11.558739255014327,0.036598832426848915,0.0705829012270679,0.17195929945610935,0.08022922636103152,0,0.184342663510859,0.2419857621990462,6.112475777872356,0.9261713440000008,0.0,1.0,0.0,0.3,0.0,0.9999999997771992,0.2,0.08,0.12034383954154727,0.05731976648536979,0.2573197664853698
135,0.9468636812255146,0.48872761598287195,0.9453564436086892,0.4887815850635245,0.2504925777620293,0.47771278018881236,0.6074498567335244,0.3753267055497803,0.3798645447239671,0.07736389684813753,0.6057142857142858,0.3753694700894885,0.3794899071855208,0.07714285714285714,0.11174785100286533,0.14285714285714285,0.002857142857142857,11.497142857142856,0.166189111747851,0.0,4.341315517432336e-12,0.12211311040547689,11.558739255014327,0.03550086745404345,0.06853972387177543,0.17130052047242605,0.08022922636103152,0,0.18447709590401903,0.24077583338805097,6.133083405172051,0.9411919999999999,0.0,0.98,0.0,0.3,0.0,0.9999999998217594,0.2,0.08,0.11174785100286533,0.05710017349080869,0.2571001734908087
136,0.9462452016745974,0.4878206664506573,0.9447397311422033,0.4878537622410095,0.2504925777620293,0.47766290473886636,0.6160458452722063,0.3752693989595224,0.3798215647812736,0.07736389684813753,0.6142857142857143,0.3753123272323457,0.37944705004266355,0.07714285714285714,0.12320916905444126,0.14857142857142858,0.002857142857142857,11.605714285714285,0.166189111747851,0.0,3.479832351778997e-12,0.12200070756778367,11.558739255014327,0.034435841430422144,0.06655355042823763,0.17066150485825327,0.08022922636103152,0,0.18466828256735607,0.23957195422111072,6.158993165640037,0.927736157662054,0.0,0.9807692307692307,0.0,0.3,0.0,0.9999999998574075,0.2,0.08,0.12320916905444126,0.056887168286084436,0.25688716828608443
137,0.9454901587919556,0.4876910114759936,0.9439868455249406,0.48772879963804566,0.2504925777620293,0.4776258982312205,0.6074498567335244,0.3751547857790067,0.37973560489588687,0.07736389684813753,0.6057142857142858,0.3751980415180599,0.37936133575694936,0.07714285714285714,0.12893982808022922,0.13714285714285715,0.002857142857142857,11.742857142857142,0.166189111747851,0.0,2.7891769054926993e-12,0.12189167681522128,11.558739255014327,0.03340276618750948,0.06462291578893375,0.17004165971250568,0.08022922636103152,0,0.18465922686880504,0.26240300493945673,6.172956159470094,0.956914456499306,0.0,0.9791666666666666,0.0,0.3,0.0,0.999999999885926,0.2,0.08,0.12893982808022922,0.0566805532375019,0.2566805532375019
138,0.945710595884942,0.4880531508676798,0.9442066527976611,0.488099953808596,0.2504925777620293,0.477510404421251,0.5243553008595988,0.3751547857790067,0.37973560489588687,0.07736389684813753,0.5228571428571429,0.3751980415180599,0.37936133575694936,0.07714285714285714,0.1174785100286533,0.13142857142857142,0.002857142857142857,11.831428571428571,0.166189111747851,0.0,2.2355022495117764e-12,0.12178591698523575,11.558739255014327,0.032400683201884196,0.06274638505506869,0.16944040992113052,0.08022922636103152,0,0.18433521716303242,0.26109098991475943,6.180925607709264,0.9377761673693199,0.0,1.0,0.0,0.3,0.0,0.9999999999087408,0.2,0.08,0.1174785100286533,0.05648013664037684,0.25648013664037683
139,0.944446495456827,0.48764446358798774,0.9429461640850553,0.4877079044356815,0.2504925777620293,0.4773843708289757,0.5902578796561605,0.3749535930612623,0.37956368512511324,0.07736389684813753,0.5885714285714285,0.37499742363665195,0.3791899071855208,0.07714285714285714,0.12320916905444126,0.13714285714285715,0.002857142857142857,11.93142857142857,0.16332378223495703,0.0,1.7916583918723567e-12,0.12168332995014981,11.558739255014327,0.03142866270582767,0.06092255338024011,0.1688571976234966,0.08022922636103152,0,0.18489839893436016,0.26113441492583844,6.194449952697935,0.9470728000000013,0.0,0.9583333333333334,0.0,0.3,0.0,0.9999999999269926,0.2,0.08,0.12320916905444126,0.056285732541165534,0.25628573254116555
140,0.9439426313096431,0.48692327790206086,0.9424437395497203,0.48696606696226874,0.2504925777620293,0.47717690138330543,0.6189111747851003,0.37483897988074655,0.3794777252397264,0.07736389684813753,0.6171428571428571,0.37488313792236616,0.3791041928998065,0.07714285714285714,0.1346704871060172,0.17714285714285713,0.002857142857142857,12.042857142857143,0.16332378223495703,0.0,1.435876689098491e-12,0.1215838205261164,11.558739255014327,0.03048580282465284,0.059150045779710836,0.1682914816947917,0.08022922636103152,0,0.18568549260050965,0.25982874285120927,6.247703810786833,1.0,0.0,0.967741935483871,0.0,0.3,0.0,0.999999999941594,0.2,0.08,0.1346704871060172,0.05609716056493057,0.2560971605649306
141,0.9432950019366896,0.48620492893205686,0.9417979605464041,0.4862181470142124,0.2504925777620293,0.4768360260078164,0.6131805157593123,0.374609753519715,0.37930580546895276,0.07736389684813753,0.6114285714285714,0.3746545664937948,0.3789327643283779,0.07714285714285714,0.12320916905444126,0.14285714285714285,0.002857142857142857,12.14,0.16332378223495703,0.0,1.1506952396679525e-12,0.12148729638480403,11.558739255014327,0.029571228739913254,0.057427516908195475,0.16774273724394795,0.08022922636103152,0,0.18615692228036423,0.2585295991369532,6.265606877428241,0.9820000000000004,0.0,0.96,0.0,0.3,0.0,0.9999999999532753,0.2,0.08,0.12320916905444126,0.055914245747982656,0.25591424574798266
142,0.9427818515747527,0.48674851749389214,0.9412862763283582,0.4867886923091163,0.2504925777620293,0.47645591573671103,0.6504297994269341,0.37455244692945716,0.37926282552625934,0.07736389684813753,0.6485714285714286,0.3745974236366519,0.37888990718552074,0.07714285714285714,0.11174785100286533,0.14,0.002857142857142857,12.214285714285714,0.16332378223495703,0.0,9.221158287085162e-13,0.12139366796773099,11.558739255014327,0.028684091877715857,0.055753650808906485,0.16721045512662952,0.08022922636103152,0,0.1868955140019107,0.26297674782941954,6.2802947398796745,0.9885133678024072,0.0,0.9795918367346939,0.0,0.3,0.0,0.9999999999626202,0.2,0.08,0.11174785100286533,0.05573681837554317,0.2557368183755432
143,0.9424122445198512,0.4862447610203861,0.9409177252936136,0.4862846633530298,0.2504925777620293,0.47614754861952235,0.5988538681948424,0.37455244692945716,0.37926282552625934,0.07736389684813753,0.5971428571428572,0.3745974236366519,0.37888990718552074,0.07714285714285714,0.13753581661891118,0.17142857142857143,0.002857142857142857,12.34,0.166189111747851,0.0,7.389139363208201e-13,0.1213028484031702,11.558739255014327,0.02782356912138438,0.05412716063644807,0.16669414147283063,0.08022922636103152,0,0.18678832357475827,0.2616618640902724,6.326117416510653,0.9687431004463589,0.0,1.0,0.0,0.3,0.0,0.9999999999700961,0.2,0.08,0.13753581661891118,0.05556471382427688,0.25556471382427687
144,0.942336079189179,0.48649112395996486,0.940841777578172,0.48649410431675394,0.2504925777620293,0.4758426879451147,0.5959885386819485,0.37455244692945716,0.37926282552625934,0.07736389684813753,0.5942857142857143,0.3745974236366519,0.37888990718552074,0.07714285714285714,0.1174785100286533,0.14285714285714285,0.002857142857142857,12.428571428571429,0.17478510028653296,0.0,5.920851830421157e-13,0.12121475342554619,11.558739255014327,0.02698886204774285,0.05254678835599624,0.1661933172286457,0.08022922636103152,0,0.18639709624259873,0.2603535547698211,6.342452211037582,0.9493682384374318,0.0,1.0,0.0,0.3,0.0,0.9999999999760769,0.2,0.08,0.1174785100286533,0.055397772409548574,0.2553977724095486
145,0.9411761357504212,0.48628537985911635,0.9396851482635248,0.48625705295209365,0.2504925777620293,0.4755155905822121,0.6131805157593123,0.3743232205684256,0.37909090575548565,0.07736389684813753,0.6114285714285714,0.3743688522080805,0.37871847861409214,0.07714285714285714,0.1518624641833811,0.17714285714285713,0.002857142857142857,12.551428571428572,0.17478510028653296,0.0,4.744139114269079e-13,0.12112930129725094,11.558739255014327,0.026179196186310563,0.05101130442106161,0.16570751771178632,0.08022922636103152,0,0.18709296790424293,0.2590517869959719,6.392746023959688,1.0002495296686815,0.0,0.967741935483871,0.0,0.3,0.0,0.9999999999808615,0.2,0.08,0.1518624641833811,0.055235839237262115,0.2552358392372621
146,0.9416981121102461,0.48603691373394975,0.9402056332623219,0.4860199909796326,0.2504925777620293,0.4751885181322746,0.6189111747851003,0.3743232205684256,0.37909090575548565,0.07736389684813753,0.6171428571428571,0.3743688522080805,0.37871847861409214,0.07714285714285714,0.12320916905444126,0.1457142857142857,0.002857142857142857,12.654285714285715,0.16905444126074498,0.0,3.801134065397101e-13,0.12104641273280456,11.558739255014327,0.025393820300721244,0.04951950743199218,0.16523629218043273,0.08022922636103152,0,0.18675736020757883,0.2577565280609921,6.41060538919478,0.9802445390753078,0.0,1.0,0.0,0.3,0.0,0.9999999999846892,0.2,0.08,0.12320916905444126,0.05507876406014425,0.25507876406014424
147,0.9420901446723576,0.4850034427279249,0.9405965457313986,0.48496262462152184,0.2504925777620293,0.4748521495856389,0.5845272206303725,0.3742086073879099,0.3790049458700989,0.07736389684813753,0.5828571428571429,0.3742545664937948,0.37863276432837795,0.07714285714285714,0.12893982808022922,0.14285714285714285,0.002857142857142857,12.742857142857142,0.17478510028653296,0.0,3.045472190384028e-13,0.12096601082529147,11.558739255014327,0.024632005691699606,0.048070223777244014,0.16477920341501975,0.08022922636103152,0,0.1867947162636838,0.278428045328673,6.425250424268027,0.9634751890727988,0.0,0.98,0.0,0.3,0.0,0.9999999999877514,0.2,0.08,0.12893982808022922,0.05492640113833992,0.2549264011383399
148,0.943065555755555,0.4841270776027453,0.9415691699257868,0.48408904277763976,0.2504925777620293,0.4745345534820555,0.6303724928366762,0.3742086073879099,0.3790049458700989,0.07736389684813753,0.6285714285714286,0.3742545664937948,0.37863276432837795,0.07714285714285714,0.12034383954154727,0.13714285714285715,0.002857142857142857,12.851428571428572,0.16905444126074498,0.0,2.4399406972339466e-13,0.12088802097500385,11.558739255014327,0.023893045520948616,0.04666230725932252,0.16433582731256915,0.08022922636103152,0,0.18654574268236537,0.27703590510202963,6.433888272925524,0.9442056852913429,0.0,1.0,0.0,0.3,0.0,0.9999999999902011,0.2,0.08,0.12034383954154727,0.054778609104189725,0.2547786091041897
149,0.9429646533408605,0.48366477535967706,0.9414685558037058,0.4836619203660153,0.2504925777620293,0.4741508803113553,0.6131805157593123,0.37415130079765196,0.3789619659274055,0.07736389684813753,0.6114285714285714,0.3741974236366519,0.37858990718552077,0.07714285714285714,0.12034383954154727,0.14,0.002857142857142857,12.954285714285714,0.16905444126074498,0.0,1.954736500130508e-13,0.12081237082022486,11.558739255014327,0.023176254155320156,0.045294638707175316,0.1639057524931921,0.08022922636103152,0,0.18669758825109642,0.2756507255765195,6.445210507467013,0.9380692323389129,0.0,0.9795918367346939,0.0,0.3,0.0,0.9999999999921608,0.2,0.08,0.12034383954154727,0.05463525083106403,0.25463525083106403
150,0.9425623461211109,0.4823566237479136,0.9410673980331553,0.4824092973755145,0.2504925777620293,0.4737276252577887,0.5702005730659025,0.3740366876171362,0.37887600604201865,0.07736389684813753,0.5685714285714286,0.37408313792236625,0.37850419289980647,0.07714285714285714,0.12034383954154727,0.14,0.002857142857142857,13.1,0.16905444126074498,0.0,1.565953206413044e-13,0.12073899017008925,11.558739255014327,0.022480966530660552,0.04396612557670909,0.16348857991839633,0.08022922636103152,0,0.18673524316698376,0.2742724719486369,6.4563062973176715,0.9820000000000004,0.0,0.9795918367346939,0.0,0.3,0.0,0.9999999999937287,0.2,0.08,0.12034383954154727,0.05449619330613211,0.2544961933061321
151,0.9413597915889482,0.48138159068745,0.9398682793710846,0.4814847899549654,0.2504925777620293,0.47332203396608347,0.6303724928366762,0.37397938102687833,0.3788330260993253,0.07736389684813753,0.6285714285714286,0.3740259950652234,0.37846133575694935,0.07714285714285714,0.1346704871060172,0.14857142857142858,0.002857142857142857,13.197142857142858,0.16905444126074498,0.0,1.254467448988497e-13,0.12066781093945768,11.558739255014327,0.021806537534740735,0.042675701540988875,0.16308392252084444,0.08022922636103152,0,0.1869995712332917,0.2729011095888937,6.475751599942747,0.9820000000000004,0.0,0.9807692307692307,0.0,0.3,0.0,0.9999999999949829,0.2,0.08,0.1346704871060172,0.05436130750694815,0.25436130750694813
152,0.9402786081231574,0.48077735970737573,0.9387901850009104,0.480819277886402,0.2504925777620293,0.47294869590455846,0.5931232091690545,0.3739220744366204,0.37879004615663187,0.07736389684813753,0.5914285714285714,0.37396885220808046,0.37841847861409217,0.07714285714285714,0.12034383954154727,0.14857142857142858,0.002857142857142857,13.265714285714285,0.16045845272206305,0.0,1.0048960703378651e-13,0.12059876708574506,11.558739255014327,0.021152341408698514,0.04142232607157981,0.1626914048452191,0.08022922636103152,0,0.187149859091411,0.2715366040409492,6.494807996515319,0.9820000000000004,0.0,0.9807692307692307,0.0,0.3,0.0,0.9999999999959863,0.2,0.08,0.12034383954154727,0.054230468281739705,0.25423046828173973
153,0.9409950670120474,0.4804887314205445,0.9395045968644036,0.4805673636675144,0.2504925777620293,0.47258148852871495,0.6389684813753582,0.3739220744366204,0.37879004615663187,0.07736389684813753,0.6371428571428571,0.37396885220808046,0.37841847861409217,0.07714285714285714,0.12893982808022922,0.1457142857142857,0.002857142857142857,13.36,0.16332378223495703,0.0,8.049597906272571e-14,0.12053179454764382,11.558739255014327,0.02051777116643756,0.040204984012392475,0.16231066269986252,0.08022922636103152,0,0.18684211051023966,0.2701789210207444,6.5106261222993,0.9623600000000003,0.0,1.0,0.0,0.3,0.0,0.999999999996789,0.2,0.08,0.12893982808022922,0.05410355423328751,0.2541035542332875
154,0.9428891757050913,0.48019458762082895,0.9413932938183244,0.4803635458519174,0.2504925777620293,0.47221722382106607,0.6045845272206304,0.3738647678463626,0.37874706621393844,0.07736389684813753,0.6028571428571429,0.37391170935093765,0.3783756214712351,0.07714285714285714,0.12607449856733524,0.14285714285714285,0.002857142857142857,13.48,0.16905444126074498,0.0,6.44784086882947e-14,0.1204668311856856,11.558739255014327,0.019902238031444433,0.03902268514729912,0.16194134281886666,0.08022922636103152,0,0.18696461424340272,0.2688280264156407,6.523270742710456,0.9630253369479758,0.0,0.98,0.0,0.3,0.0,0.9999999999974312,0.2,0.08,0.12607449856733524,0.05398044760628889,0.2539804476062889
155,0.9443949607469422,0.4795169449380129,0.9428947766171986,0.4797150213694642,0.2504925777620293,0.4718103149162804,0.5787965616045845,0.3738647678463626,0.37874706621393844,0.07736389684813753,0.5771428571428572,0.37391170935093765,0.3783756214712351,0.07714285714285714,0.12034383954154727,0.14,0.002857142857142857,13.577142857142857,0.17478510028653296,0.0,5.164442242687225e-14,0.1204038167245862,11.558739255014327,0.0193051708905011,0.03787446376270165,0.16158310253430067,0.08022922636103152,0,0.18662936260075713,0.2674838862835625,6.532805327856248,0.9437648302090162,0.0,1.0,0.0,0.3,0.0,0.999999999997945,0.2,0.08,0.12034383954154727,0.053861034178100224,0.25386103417810024
156,0.9456777304945844,0.4793014138482667,0.944173881308419,0.47951021662950083,0.2504925777620293,0.471396892887463,0.5902578796561605,0.37375015466584677,0.37866110632855166,0.07736389684813753,0.5885714285714285,0.3737974236366519,0.3782899071855208,0.07714285714285714,0.12607449856733524,0.15142857142857144,0.002857142857142857,13.67142857142857,0.166189111747851,0.0,4.1364531161930297e-14,0.12034269269731969,11.558739255014327,0.018726015763786068,0.03675937820614861,0.16123560945827164,0.08022922636103152,0,0.18675293007346763,0.2661464668521447,6.553577792727694,0.9528237064435198,0.0,0.9811320754716981,0.0,0.3,0.0,0.999999999998356,0.2,0.08,0.12607449856733524,0.053745203152757215,0.2537452031527572
157,0.9454433036048872,0.4783072114740606,0.9439401242098352,0.47856129408904524,0.2504925777620293,0.4710512548482677,0.6418338108882522,0.37375015466584677,0.37866110632855166,0.07736389684813753,0.64,0.3737974236366519,0.3782899071855208,0.07714285714285714,0.11461318051575932,0.14857142857142858,0.002857142857142857,13.72,0.166189111747851,0.0,3.312871590776358e-14,0.12028340239087122,11.558739255014327,0.018164235290872487,0.035676510442018805,0.16089854117452349,0.08022922636103152,0,0.186504166137386,0.264815734517884,6.571077665444569,0.9337672323146493,0.0,1.0,0.0,0.3,0.0,0.9999999999986848,0.2,0.08,0.11461318051575932,0.0536328470581745,0.2536328470581745
158,0.9447374459684699,0.4781606849232925,0.9432362833095219,0.4783841219087118,0.2504925777620293,0.4705866572964075,0.6103151862464183,0.373635541485331,0.3785751464431648,0.07736389684813753,0.6085714285714285,0.3736831379223662,0.37820419289980645,0.07714285714285714,0.10601719197707736,0.12571428571428572,0.002857142857142857,13.791428571428572,0.166189111747851,0.0,2.6533326604093515e-14,0.1202258907936162,11.558739255014327,0.017619308232146313,0.03462496560521677,0.16057158493928778,0.08022922636103152,0,0.18699993102098478,0.2652285586809881,6.5653703978499625,0.9824281640668884,0.0,0.9545454545454546,0.0,0.3,0.0,0.9999999999989478,0.2,0.08,0.10601719197707736,0.05352386164642926,0.25352386164642926
159,0.9441220329525484,0.4788161123322232,0.942622628616503,0.4790126712853594,0.2504925777620293,0.4701711588713848,0.66189111747851,0.3735209283048153,0.378489186557778,0.07736389684813753,0.66,0.3735688522080805,0.3781184786140922,0.07714285714285714,0.10888252148997135,0.13714285714285715,0.002857142857142857,13.854285714285714,0.166189111747851,0.0,2.1251012000005754e-14,0.12017010454427884,11.558739255014327,0.01709072898518192,0.03360387155375133,0.16025443739110914,0.08022922636103152,0,0.18703621708016563,0.2639024158875832,6.571205847035821,0.9627796007855506,0.0,0.9791666666666666,0.0,0.3,0.0,0.9999999999991582,0.2,0.08,0.10888252148997135,0.05341814579703639,0.25341814579703636
160,0.9442253800993102,0.4803196949249981,0.9427256804857027,0.48051639448438827,0.2504925777620293,0.46987549425627834,0.6217765042979942,0.3735209283048153,0.378489186557778,0.07736389684813753,0.62,0.3735688522080805,0.3781184786140922,0.07714285714285714,0.1318051575931232,0.14285714285714285,0.002857142857142857,13.942857142857143,0.166189111747851,0.0,1.70200414055247e-14,0.12011599188242156,11.558739255014327,0.016578007115626462,0.03261237842100484,0.15994680426937588,0.08022922636103152,0,0.18752903670905047,0.2625829038081453,6.582638872952247,0.9435240087698396,0.0,1.0,0.0,0.3,0.0,0.9999999999993265,0.2,0.08,0.1318051575931232,0.053315601423125296,0.2533156014231253
161,0.9455051003630243,0.47957134430321574,0.9440017444058062,0.47976239183821867,0.2504925777620293,0.4697438309688187,0.6217765042979942,0.3735209283048153,0.378489186557778,0.07736389684813753,0.62,0.3735688522080805,0.3781184786140922,0.07714285714285714,0.11461318051575932,0.1457142857142857,0.002857142857142857,14.0,0.16905444126074498,0.0,1.3630710986395886e-14,0.12006350260042001,11.558739255014327,0.01608066690215767,0.03164965816843801,0.15964840014129458,0.08022922636103152,0,0.18861868009336238,0.2635880292171527,6.596700381207487,1.1120150737186145,0.0,0.9803921568627451,0.0,0.3,0.0,0.9999999999994612,0.2,0.08,0.11461318051575932,0.05321613338043154,0.25321613338043153
162,0.9462705328303127,0.4792482943244254,0.944764989923188,0.47945895216146905,0.2504925777620293,0.4696326302470905,0.6389684813753582,0.3735209283048153,0.378489186557778,0.07736389684813753,0.6371428571428571,0.3735688522080805,0.3781184786140922,0.07714285714285714,0.09169054441260745,0.11714285714285715,0.002857142857142857,14.06,0.16905444126074498,0.0,1.0914445740417682e-14,0.12001258799687856,11.558739255014327,0.015598246895092939,0.03071490413941258,0.15935894813705576,0.08022922636103152,0,0.18816115812146703,0.2622700890710669,6.581909230726193,1.0897747722442421,0.0,1.0,0.0,0.3,0.0,0.999999999999569,0.2,0.08,0.09169054441260745,0.05311964937901859,0.2531196493790186
163,0.9478633691428998,0.47928952423482285,0.946353275274882,0.4794729309367129,0.2504925777620293,0.4694935180632376,0.6361031518624641,0.3738647678463626,0.37874706621393844,0.07736389684813753,0.6342857142857142,0.37391170935093765,0.378375621471235,0.07714285714285714,0.1346704871060172,0.15142857142857144,0.002857142857142857,14.125714285714286,0.16905444126074498,0.0,8.741254163436425e-15,0.11996320083144332,11.558739255014327,0.01513029948824015,0.029807330614762373,0.15907817969294408,0.08022922636103152,0,0.1895213230770573,0.2609587386257116,6.601699617540242,1.0679792767993572,0.0,1.0,0.0,0.3,0.0,0.9999999999996552,0.2,0.08,0.1346704871060172,0.05302605989764803,0.25302605989764804
164,0.946424718204979,0.4794515080105192,0.9449187347682125,0.47958773030380747,0.2504925777620293,0.46932488439130293,0.5959885386819485,0.3738647678463626,0.37874706621393844,0.07736389684813753,0.5942857142857143,0.37391170935093765,0.378375621471235,0.07714285714285714,0.1174785100286533,0.13714285714285715,0.002857142857142857,14.205714285714286,0.16045845272206305,0.0,7.000246158639332e-15,0.11991529528097114,11.558739255014327,0.014676390503592944,0.02892617237068884,0.15880583430215575,0.08022922636103152,0,0.18937366630324065,0.25965394493258304,6.606808482332295,1.04661969126337,0.0,1.0,0.0,0.3,0.0,0.9999999999997241,0.2,0.08,0.1174785100286533,0.05293527810071859,0.2529352781007186
165,0.945610654017437,0.47951849882570713,0.9441069964783492,0.4796973515450698,0.2504925777620293,0.46921366340230364,0.5988538681948424,0.3738647678463626,0.37874706621393844,0.07736389684813753,0.5971428571428572,0.37391170935093765,0.378375621471235,0.07714285714285714,0.11174785100286533,0.1457142857142857,0.002857142857142857,14.305714285714286,0.15759312320916904,0.0,5.6054008336895275e-15,0.1198688268970131,11.558739255014327,0.014236098788485156,0.02807068423950665,0.15854165927309108,0.08022922636103152,0,0.18911194082886734,0.25835567520792013,6.620386598399934,1.0256872974381026,0.0,1.0,0.0,0.3,0.0,0.9999999999997793,0.2,0.08,0.11174785100286533,0.05284721975769703,0.25284721975769703
166,0.9472131052310687,0.4788891724065077,0.9457048692599418,0.4790576998712118,0.2504925777620293,0.46917781294838884,0.6189111747851003,0.3738647678463626,0.37874706621393844,0.07736389684813753,0.6171428571428571,0.37391170935093765,0.378375621471235,0.07714285714285714,0.12893982808022922,0.15142857142857144,0.002857142857142857,14.402857142857142,0.16045845272206305,0.0,4.487245324878494e-15,0.11982375256457382,11.558739255014327,0.013809015824830602,0.027240140673720603,0.15828540949489836,0.08022922636103152,0,0.18882323826758016,0.2570638968318805,6.639407437860508,1.0051735514893405,0.0,1.0,0.0,0.3,0.0,0.9999999999998235,0.2,0.08,0.12893982808022922,0.05276180316496612,0.2527618031649661
167,0.9481939926010712,0.47891459820160537,0.9466829540946016,0.4790860416919752,0.2504925777620293,0.4690268035341137,0.6590257879656161,0.37409399420739403,0.37891898598471213,0.08022922636103152,0.6571428571428571,0.37414028077950906,0.3785470500426636,0.08,0.11461318051575932,0.14,0.002857142857142857,14.477142857142857,0.15759312320916904,0.0,3.592952547284708e-15,0.11978003046210772,11.558739255014327,0.013394745350085684,0.02643383531387067,0.1580368472100514,0.08022922636103152,0,0.1892789792190994,0.25577857734772114,6.646619289103297,0.9850700804595538,0.0,1.0,0.0,0.3,0.0,0.9999999999998588,0.2,0.08,0.11461318051575932,0.05267894907001714,0.25267894907001714
168,0.9461202211096836,0.4788637016568345,0.9446151076646178,0.4790064830787786,0.2504925777620293,0.46899227509990826,0.6246418338108882,0.3740951456592043,0.37909090575548565,0.08022922636103152,0.6228571428571429,0.3741414289414571,0.37871847861409214,0.08,0.12034383954154727,0.12857142857142856,0.002857142857142857,14.6,0.15759312320916904,0.0,2.8779508567737265e-15,0.11973762002271561,11.558739255014327,0.012992902989583112,0.02565108056053944,0.15779574179374986,0.08022922636103152,0,0.190532441465861,0.25449968446098253,6.642258331892657,0.9742249259800484,0.0,0.9777777777777777,0.0,0.3,0.0,0.999999999999887,0.2,0.08,0.12034383954154727,0.052598580597916625,0.2525985805979166
169,0.9451250668906331,0.47945248135643376,0.9436227967433364,0.4795912222263621,0.2504925777620293,0.468818300410369,0.6074498567335244,0.3739805324786886,0.37926282552625934,0.08022922636103152,0.6057142857142858,0.3740271432271713,0.37888990718552074,0.08,0.10601719197707736,0.12571428571428572,0.002857142857142857,14.645714285714286,0.15759312320916904,0.0,2.303143652994491e-15,0.11969648189650525,11.558739255014327,0.012603115899895618,0.024891207150881223,0.15756186953993737,0.08022922636103152,0,0.19120561208480122,0.2532271860386776,6.63512745096909,0.9810421152949024,0.0,0.9772727272727273,0.0,0.3,0.0,0.9999999999999096,0.2,0.08,0.10601719197707736,0.052520623179979124,0.25252062317997914
170,0.9451306815390546,0.47887103459228775,0.9436283953499051,0.4790240305096186,0.2504925777620293,0.4686736319246747,0.6303724928366762,0.3739805324786886,0.37952070518241987,0.08022922636103152,0.6285714285714286,0.3740271432271713,0.3791470500426636,0.08,0.11461318051575932,0.14,0.002857142857142857,14.76,0.15759312320916904,0.0,1.843438649943036e-15,0.11965657791408123,11.558739255014327,0.01222502242289875,0.024153563739992,0.15733501345373924,0.08022922636103152,0,0.19104758830652008,0.2519610501084842,6.64242490194971,0.9614212729890043,0.0,1.0,0.0,0.3,0.0,0.9999999999999277,0.2,0.08,0.11461318051575932,0.052445004484579755,0.25244500448457974
171,0.9443523040451801,0.4781455752622791,0.9428522417917272,0.47834444138074106,0.2504925777620293,0.46844836085640496,0.670487106017192,0.3738659192981728,0.37943474529703297,0.08022922636103152,0.6685714285714286,0.3739128575128856,0.37906133575694934,0.08,0.12607449856733524,0.15428571428571428,0.002857142857142857,14.851428571428572,0.16045845272206305,0.0,1.4764773895496294e-15,0.11961787105112989,11.558739255014327,0.011858271750211787,0.02343751648740955,0.15711496305012707,0.08022922636103152,0,0.19285046396832806,0.2507012448579418,6.66386211819643,0.9512483131888985,0.0,0.9814814814814815,0.0,0.3,0.0,0.9999999999999422,0.2,0.08,0.12607449856733524,0.05237165435004236,0.2523716543500424
172,0.9430310323800002,0.4780429778414135,0.9415347451884479,0.4782539604515221,0.2504925777620293,0.46822149393277956,0.6762177650429799,0.373808612707915,0.3796496450105001,0.08022922636103152,0.6742857142857143,0.3738557146557428,0.37927562147123506,0.08,0.14040114613180515,0.18,0.002857142857142857,14.948571428571428,0.16045845272206305,0.0,1.182652219031111e-15,0.11958032539406706,11.558739255014327,0.011502523597705433,0.02274244864899877,0.15690151415862325,0.08022922636103152,0,0.193834300947014,0.24944773863365208,6.710584875832501,0.9334999494562801,0.0,0.9841269841269841,0.0,0.3,0.0,0.9999999999999537,0.2,0.08,0.14040114613180515,0.05230050471954109,0.2523005047195411
173,0.9438898851767383,0.47771786510146086,0.9423911441200524,0.4779291736950417,0.2504925777620293,0.46800379089526334,0.667621776504298,0.3737513061176571,0.3796066650678066,0.08022922636103152,0.6657142857142857,0.37379857179859993,0.3792327643283779,0.08,0.13753581661891118,0.16857142857142857,0.002857142857142857,15.025714285714285,0.16332378223495703,0.0,9.47960324754185e-16,0.1195439061067162,11.558739255014327,0.011157447889774269,0.02206776017444878,0.15669446873386456,0.08022922636103152,0,0.19392212944227896,0.24820049994048382,6.7449446068872785,0.9281313440000012,0.0,0.9830508474576272,0.0,0.3,0.0,0.9999999999999629,0.2,0.08,0.13753581661891118,0.05223148957795486,0.2522314895779548
174,0.9455805729528998,0.477470610788203,0.9440770013597106,0.4776696260192821,0.2504925777620293,0.46779628306677995,0.6532951289398281,0.3737513061176571,0.3798215647812737,0.08022922636103152,0.6514285714285715,0.37379857179859993,0.37944705004266366,0.08,0.11174785100286533,0.13428571428571429,0.002857142857142857,15.12,0.16045845272206305,0.0,7.583482117515171e-16,0.11950857939798581,11.558739255014327,0.01082272445308104,0.021412867310581674,0.15649363467184862,0.08022922636103152,0,0.19363737665221042,0.2469594974407814,6.744331429035248,0.9095687171200011,0.0,1.0,0.0,0.3,0.0,0.9999999999999704,0.2,0.08,0.11174785100286533,0.05216454489061621,0.2521645448906162
175,0.9469932266286701,0.4768590651980706,0.9454856188821217,0.4770404178087566,0.2504925777620293,0.46763533312806244,0.6561604584527221,0.37363669293714136,0.3798420087900624,0.08022922636103152,0.6542857142857142,0.3736842860843142,0.3794674356399987,0.08,0.1318051575931232,0.15714285714285714,0.002857142857142857,15.251428571428571,0.16332378223495703,0.0,6.082416177305907e-16,0.11947431249051733,11.558739255014327,0.010498042719488608,0.020777202210646273,0.15629882563169317,0.08022922636103152,0,0.19383990405466364,0.24572469995357749,6.7665876575974,0.9431128000000003,0.0,0.9818181818181818,0.0,0.3,0.0,0.9999999999999762,0.2,0.08,0.1318051575931232,0.052099608543897724,0.25209960854389774
176,0.9457120915011082,0.4775141343223246,0.9442081441406385,0.47767996000188717,0.2504925777620293,0.4674555571449013,0.6475644699140402,0.37363669293714136,0.3798420087900624,0.08022922636103152,0.6457142857142857,0.3736842860843142,0.3794674356399987,0.08,0.12607449856733524,0.16857142857142857,0.002857142857142857,15.38,0.16332378223495703,0.0,4.863566853148705e-16,0.11944107359027296,11.558739255014327,0.01018310143790395,0.02016021254974565,0.15610986086274237,0.08022922636103152,0,0.19358456167724747,0.24449607645380958,6.79982733301688,0.9242505440000003,0.0,1.0,0.0,0.3,0.0,0.999999999999981,0.2,0.08,0.12607449856733524,0.05203662028758079,0.2520366202875808
177,0.9452508622724946,0.47722819900410895,0.9437482327098209,0.47740364042827815,0.2504925777620293,0.46757006409808566,0.6561604584527221,0.3735793863468834,0.37979902884736905,0.08022922636103152,0.6542857142857142,0.37362714322717133,0.37942457849714156,0.08,0.14326647564469913,0.1742857142857143,0.002857142857142857,15.502857142857144,0.16332378223495703,0.0,3.899127653589457e-16,0.11940883185703592,11.558739255014327,0.00987760839476683,0.01956136114652751,0.1559265650368601,0.08022922636103152,0,0.19375921029743268,0.24327359607154053,6.838116500642257,0.9253936189317449,0.0,0.9836065573770492,0.0,0.3,0.0,0.9999999999999848,0.2,0.08,0.14326647564469913,0.05197552167895337,0.2519755216789534
178,0.9453858669992667,0.47699773652850136,0.9438828517088022,0.47718770947246714,0.2504925777620293,0.4675574900409405,0.6103151862464183,0.37335015998585197,0.3796271090765954,0.08022922636103152,0.6085714285714285,0.37339857179859987,0.379253149925713,0.08,0.14040114613180515,0.15428571428571428,0.002857142857142857,15.611428571428572,0.166189111747851,0.0,3.1327055837218144e-16,0.11937755737579588,11.558739255014327,0.009581280142923825,0.018980125591242847,0.1557487680857543,0.08022922636103152,0,0.19430455710308836,0.24205722809118282,6.855639884915125,0.9418019016534487,0.0,0.9629629629629629,0.0,0.3,0.0,0.9999999999999878,0.2,0.08,0.14040114613180515,0.05191625602858477,0.25191625602858475
179,0.9447006761528733,0.4770711622297209,0.9431996185505412,0.47722669207299645,0.2504925777620293,0.4676048402149283,0.6217765042979942,0.37335015998585197,0.3796271090765954,0.08022922636103152,0.62,0.37339857179859987,0.379253149925713,0.08,0.12893982808022922,0.15142857142857144,0.002857142857142857,15.717142857142857,0.166189111747851,0.0,2.5077352855803705e-16,0.1193472211289932,11.558739255014327,0.00929384173863611,0.018415997880260826,0.15557630504318165,0.08022922636103152,0,0.19396132003185862,0.24084694195072692,6.869955658645394,0.9229658636203797,0.0,1.0,0.0,0.3,0.0,0.9999999999999902,0.2,0.08,0.12893982808022922,0.05185876834772722,0.25185876834772725
180,0.9453162579478539,0.47625284318426364,0.9438134415403935,0.4764377094953856,0.2504925777620293,0.46764026678396226,0.6446991404011462,0.37329285339559404,0.37958412913390205,0.08022922636103152,0.6428571428571429,0.37334142894145705,0.3792102927828559,0.08,0.15472779369627507,0.1742857142857143,0.002857142857142857,15.82,0.166189111747851,0.0,1.9960044315484544e-16,0.11931779496959448,11.558739255014327,0.009015026486477026,0.017868484057111056,0.15540901589188622,0.08022922636103152,0,0.19419094200312786,0.23964270724097328,6.906842259758201,0.9127945028775084,0.0,0.9836065573770492,0.0,0.3,0.0,0.9999999999999922,0.2,0.08,0.15472779369627507,0.05180300529729541,0.2518030052972954
181,0.9455865700000163,0.4760476202411127,0.9440829812724069,0.47624469518440793,0.2504925777620293,0.4677013485254773,0.6389684813753582,0.37329285339559404,0.37958412913390205,0.08022922636103152,0.6371428571428571,0.37334142894145705,0.3792102927828559,0.08,0.13753581661891118,0.16285714285714287,0.002857142857142857,15.948571428571428,0.15759312320916904,0.0,1.5977486254254777e-16,0.11928925159497773,11.558739255014327,0.008744575691882715,0.017337103860104452,0.15524674541512962,0.08022922636103152,0,0.19410159847268119,0.23844449370476842,6.93156255742018,0.8945386128199582,0.0,1.0,0.0,0.3,0.0,0.9999999999999938,0.2,0.08,0.13753581661891118,0.051748915138376546,0.25174891513837655
182,0.945974759762424,0.4763737086891459,0.9444700619212075,0.47658474086120545,0.2504925777620293,0.4678063131482275,0.6074498567335244,0.37329285339559404,0.37958412913390205,0.08022922636103152,0.6057142857142858,0.37334142894145705,0.3792102927828559,0.08,0.10028653295128939,0.12,0.002857142857142857,16.074285714285715,0.15759312320916904,0.0,1.2846434987507656e-16,0.11926156452159954,11.558739255014327,0.008482238421126234,0.016821390376573375,0.15508934305267574,0.08022922636103152,0,0.19364523333746067,0.23725227123624457,6.912931306271777,0.876647840563559,0.0,1.0,0.0,0.3,0.0,0.999999999999995,0.2,0.08,0.10028653295128939,0.05169644768422525,0.2516964476842252
183,0.9455679242011067,0.4763682837702479,0.9440643887472085,0.4765638508957349,0.2504925777620293,0.467819454592093,0.6332378223495702,0.37329285339559404,0.37958412913390205,0.08022922636103152,0.6314285714285715,0.37334142894145705,0.3792102927828559,0.08,0.10601719197707736,0.13142857142857142,0.002857142857142857,16.18285714285714,0.16045845272206305,0.0,1.0282890409393394e-16,0.11923470806042266,11.558739255014327,0.008227771268492447,0.016320889703752672,0.15493666276109547,0.08022922636103152,0,0.1932764357422019,0.23606600988006335,6.9061012515749125,0.8591148837522878,0.0,1.0,0.0,0.3,0.0,0.999999999999996,0.2,0.08,0.10601719197707736,0.05164555425369849,0.2516455542536985
184,0.9456834033306755,0.47649454744900793,0.9441795379364067,0.47662285170371077,0.2504925777620293,0.46778096450956996,0.6389684813753582,0.3731782402150782,0.37949816924851515,0.08022922636103152,0.6371428571428571,0.37322714322717127,0.37912457849714154,0.08,0.1174785100286533,0.13142857142857142,0.002857142857142857,16.291428571428572,0.15472779369627507,0.0,8.287936276358439e-17,0.11920865729308107,11.558739255014327,0.007980938130437673,0.015835160616315624,0.1547885628782626,0.08022922636103152,0,0.19348005499206233,0.23488567983066302,6.8994077979719854,0.8670865394101434,0.0,0.9782608695652174,0.0,0.3,0.0,0.9999999999999968,0.2,0.08,0.1174785100286533,0.05159618762608754,0.25159618762608754
185,0.9458114385822864,0.4760707902140272,0.9443072073730133,0.4762152360035996,0.2504925777620293,0.4676197467447525,0.6303724928366762,0.3729490138540468,0.37932624947774146,0.08022922636103152,0.6285714285714286,0.3729985717985999,0.37895314992571294,0.08,0.1346704871060172,0.15142857142857144,0.002857142857142857,16.36857142857143,0.15759312320916904,0.0,6.576657522959121e-17,0.1191833880487598,11.558739255014327,0.007741509986524542,0.01536377424056179,0.15464490599191472,0.08022922636103152,0,0.19411137185638774,0.2337112514315097,6.912848213441116,0.8712853285077687,0.0,0.9622641509433962,0.0,0.3,0.0,0.9999999999999974,0.2,0.08,0.1346704871060172,0.05154830199730491,0.25154830199730494
186,0.946045465223332,0.4767006703486503,0.9445405653665129,0.47684242174098956,0.2504925777620293,0.4674303487175548,0.6446991404011462,0.3729490138540468,0.37932624947774146,0.08022922636103152,0.6428571428571429,0.3729985717985999,0.37895314992571294,0.08,0.12320916905444126,0.14,0.002857142857142857,16.482857142857142,0.16045845272206305,0.0,5.1495863881241085e-17,0.11915887688176809,11.558739255014327,0.007509264686928806,0.014906313735245869,0.15450555881215727,0.08022922636103152,0,0.19388253071139153,0.23254269517435214,6.914591249172294,0.8538596219376133,0.0,1.0,0.0,0.3,0.0,0.999999999999998,0.2,0.08,0.12320916905444126,0.05150185293738577,0.25150185293738575
187,0.9454379733675377,0.47621626303927894,0.9439348092017352,0.476338003212984,0.2504925777620293,0.46744615448086496,0.6275071633237822,0.37289170726378895,0.3792832695350481,0.08022922636103152,0.6257142857142857,0.37294142894145704,0.3789102927828558,0.08,0.1346704871060172,0.1657142857142857,0.002857142857142857,16.591428571428573,0.16045845272206305,0.0,4.0072272714532024e-17,0.11913510104978617,11.558739255014327,0.007283986746320942,0.014462373979026721,0.15437039204779257,0.08022922636103152,0,0.19399854662926316,0.2393135242610979,6.942013709903134,0.8644975455602026,0.0,0.9827586206896551,0.0,0.3,0.0,0.9999999999999984,0.2,0.08,0.1346704871060172,0.05145679734926419,0.2514567973492642
188,0.9445974993577324,0.47612284576578134,0.9430967365462438,0.47622802853748825,0.2504925777620293,0.46746426805656993,0.6532951289398281,0.372834400673531,0.37924028959235473,0.08022922636103152,0.6514285714285715,0.3728842860843141,0.37886743563999875,0.08,0.1346704871060172,0.16,0.002857142857142857,16.685714285714287,0.16045845272206305,0.0,3.1500578873866127e-17,0.11911203849276374,11.558739255014327,0.007065467143931314,0.014031561264504666,0.15423928028635878,0.08022922636103152,0,0.1940855538961168,0.2381169566397924,6.9631734357050705,0.8544053326750518,0.0,0.9821428571428571,0.0,0.3,0.0,0.9999999999999988,0.2,0.08,0.1346704871060172,0.05141309342878626,0.25141309342878626
189,0.9434236595130941,0.4760511601153561,0.941926250529733,0.4761721293848315,0.2504925777620293,0.46759436906463486,0.6275071633237822,0.372834400673531,0.37924028959235473,0.08022922636103152,0.6257142857142857,0.3728842860843141,0.37886743563999875,0.08,0.12607449856733524,0.1657142857142857,0.002857142857142857,16.794285714285714,0.16045845272206305,0.0,2.578530384348085e-17,0.11908966781245191,11.558739255014327,0.006853503129613374,0.013613492998807541,0.15411210187776803,0.08022922636103152,0,0.19388555755163622,0.23692637185659343,6.989624252705255,0.8373172260215508,0.0,1.0,0.0,0.3,0.0,0.999999999999999,0.2,0.08,0.12607449856733524,0.05137070062592268,0.25137070062592265
190,0.9419564759559134,0.47564861765405275,0.9404632589255727,0.4758158734037608,0.2504925777620293,0.46777849314507314,0.6045845272206304,0.372834400673531,0.37924028959235473,0.08022922636103152,0.6028571428571429,0.3728842860843141,0.37886743563999875,0.08,0.10028653295128939,0.12857142857142856,0.002857142857142857,16.914285714285715,0.15759312320916904,0.0,2.0064383754670934e-17,0.11906796825254949,11.558739255014327,0.006647898035724973,0.013207797410680344,0.153988738821435,0.08022922636103152,0,0.19340184404959232,0.23574173999731046,6.978403196222579,0.8205708815011198,0.0,1.0,0.0,0.3,0.0,0.9999999999999992,0.2,0.08,0.10028653295128939,0.051329579607144994,0.25132957960714497
191,0.9429475969042797,0.4748262427934843,0.9414515480998008,0.4749714242961045,0.2504925777620293,0.46802866371230617,0.66189111747851,0.37277709408327314,0.3791973096496612,0.08022922636103152,0.66,0.3728271432271713,0.37882457849714146,0.08,0.12607449856733524,0.16285714285714287,0.002857142857142857,17.037142857142857,0.15759312320916904,0.0,1.720566192499458e-17,0.11904691967944413,11.558739255014327,0.006448461094653224,0.012814113264022264,0.15386907665679192,0.08022922636103152,0,0.19429667485480004,0.2345630312973239,7.001692275155269,0.8383237870911968,0.0,0.9824561403508771,0.0,0.3,0.0,0.9999999999999993,0.2,0.08,0.12607449856733524,0.05128969221893065,0.25128969221893066
192,0.9428902664588253,0.4744540653976091,0.9413943814556193,0.4746326193713563,0.2504925777620293,0.4683237967913072,0.6762177650429799,0.37266248090275733,0.37911134976427446,0.08022922636103152,0.6742857142857143,0.37271285751288563,0.3787388642114273,0.08,0.1346704871060172,0.15714285714285714,0.002857142857142857,17.114285714285714,0.16332378223495703,0.0,1.4344220478312998e-17,0.11902650256353188,11.558739255014327,0.006255007261813627,0.012432089577813055,0.15375300435708816,0.08022922636103152,0,0.1946642170701861,0.23339021614083727,7.018801286795021,0.8524992736482793,0.0,0.9818181818181818,0.0,0.3,0.0,0.9999999999999994,0.2,0.08,0.1346704871060172,0.05125100145236273,0.25125100145236273
193,0.9442148658821875,0.47422073324029457,0.9427151963092003,0.47439773195367163,0.2504925777620293,0.4686434775045068,0.5931232091690545,0.37237594795146794,0.37889645005080735,0.08022922636103152,0.5914285714285714,0.37242714322717135,0.3785245784971415,0.08,0.14326647564469913,0.1742857142857143,0.002857142857142857,17.225714285714286,0.16045845272206305,0.0,1.1480171282567353e-17,0.11900669796109709,11.558739255014327,0.006067357043959218,0.01206138535236212,0.15364041422637553,0.08022922636103152,0,0.195719038841978,0.24281421559127297,7.0527109753448345,0.9095687171200011,0.0,0.9508196721311475,0.0,0.3,0.0,0.9999999999999996,0.2,0.08,0.14326647564469913,0.051213471408791844,0.25121347140879186
194,0.9438345875790015,0.4737403259390875,0.9423360045154521,0.4739202178615561,0.2504925777620293,0.4688448232794073,0.6303724928366762,0.37237594795146794,0.37889645005080735,0.08022922636103152,0.6285714285714286,0.37242714322717135,0.3785245784971415,0.08,0.14040114613180515,0.16,0.002857142857142857,17.32857142857143,0.16045845272206305,0.0,8.613622300922847e-18,0.11898748749673525,11.558739255014327,0.005885336332640441,0.011701669301808493,0.15353120179958427,0.08022922636103152,0,0.19539744364776815,0.2416001445133166,7.071656755837938,0.8913773427776011,0.0,1.0,0.0,0.3,0.0,0.9999999999999997,0.2,0.08,0.14040114613180515,0.05117706726652809,0.2511770672665281
195,0.944192924102838,0.47464325031622034,0.9426933172206488,0.474843494920545,0.2504925777620293,0.4689982191548818,0.6131805157593123,0.37220402818069426,0.3787675102227272,0.08022922636103152,0.6114285714285714,0.3722557146557428,0.37839600706857013,0.08,0.12607449856733524,0.15714285714285714,0.002857142857142857,17.431428571428572,0.16332378223495703,0.0,5.744677701802027e-18,0.11896885334630426,11.558739255014327,0.0057087762426612275,0.011352619592798652,0.15342526574559673,0.08022922636103152,0,0.19599074499738647,0.25484481431539235,7.087366477864037,0.9431128000000003,0.0,0.9636363636363636,0.0,0.3,0.0,0.9999999999999998,0.2,0.08,0.12607449856733524,0.05114175524853225,0.2511417552485323
196,0.9438781052511018,0.4745242322304635,0.9423793978513462,0.4747286009971858,0.2504925777620293,0.4690724817926935,0.6217765042979942,0.37208941500017856,0.3786815503373404,0.08022922636103152,0.62,0.372141428941457,0.37831029278285583,0.08,0.12320916905444126,0.15428571428571428,0.002857142857142857,17.571428571428573,0.16045845272206305,0.0,5.7468759346315834e-18,0.11895077822038626,11.558739255014327,0.005537512955381391,0.011013923589260899,0.15332250777322884,0.08022922636103152,0,0.19618150555811384,0.2535705902438154,7.09990486259247,0.9411919999999999,0.0,0.9814814814814815,0.0,0.3,0.0,0.9999999999999998,0.2,0.08,0.12320916905444126,0.051107502591076284,0.2511075025910763
197,0.9431579661487923,0.4752793790479325,0.9416613162893291,0.47548252245062705,0.2504925777620293,0.46909524334268593,0.6475644699140402,0.3719748018196628,0.3785955904519535,0.08022922636103152,0.6457142857142857,0.37202714322717134,0.37822457849714153,0.08,0.12607449856733524,0.14285714285714285,0.002857142857142857,17.714285714285715,0.16332378223495703,0.0,5.74901131345148e-18,0.1189332453482458,11.558739255014327,0.005371387566719949,0.010685277603193044,0.15322283254003197,0.08022922636103152,0,0.1962857408874661,0.25230273729259634,7.100763908197764,0.9281313440000012,0.0,0.98,0.0,0.3,0.0,0.9999999999999998,0.2,0.08,0.12607449856733524,0.051074277513343994,0.251074277513344
198,0.9435619944078031,0.47547291552371884,0.9420641901818856,0.4756704318478199,0.2504925777620293,0.4690535307355227,0.6275071633237822,0.37186018863914705,0.3785096305665668,0.08022922636103152,0.6257142857142857,0.3719128575128856,0.37813886421142723,0.08,0.14326647564469913,0.17142857142857143,0.002857142857142857,17.82857142857143,0.16332378223495703,0.0,5.75108554444456e-18,0.11891623846226954,11.558739255014327,0.0052102459397183505,0.010366386651379123,0.153126147563831,0.08022922636103152,0,0.19650359789731445,0.25104122360613335,7.130177201462379,0.9623600000000003,0.0,0.9833333333333333,0.0,0.3,0.0,0.9999999999999998,0.2,0.08,0.14326647564469913,0.051042049187943674,0.25104204918794365
199,0.9441546566054784,0.47634736903219005,0.9426551590589962,0.47658221205893475,0.2504925777620293,0.4689390837299432,0.6217765042979942,0.37174557545863124,0.3784236706811799,0.08022922636103152,0.62,0.3717985717985999,0.37805314992571293,0.08,0.13753581661891118,0.17142857142857143,0.002857142857142857,17.94,0.16045845272206305,0.0,5.753100292921966e-18,0.11889974178287256,11.558739255014327,0.0050539385615268,0.01005696421794422,0.15303236313691607,0.08022922636103152,0,0.19663507990782791,0.2519548509961622,7.159002228861703,0.9623600000000003,0.0,0.9833333333333333,0.0,0.3,0.0,0.9999999999999998,0.2,0.08,0.13753581661891118,0.05101078771230536,0.25101078771230534
200,0.9441893803812508,0.4762242075254689,0.9426897836239807,0.4764066067032968,0.2504925777620293,0.46887784063234184,0.6561604584527221,0.3716882688683734,0.3783806907384865,0.08022922636103152,0.6542857142857142,0.37174142894145706,0.37801029278285575,0.08,0.1346704871060172,0.16285714285714287,0.002857142857142857,18.065714285714286,0.16332378223495703,0.0,5.7550571839648835e-18,0.11888374000385751,11.558739255014327,0.004902320404680996,0.009756732022657477,0.1529413922428086,0.08022922636103152,0,0.19685076450471733,0.2506950767411814,7.178679327141612,0.9643600000000009,0.0,0.9824561403508771,0.0,0.3,0.0,0.9999999999999998,0.2,0.08,0.1346704871060172,0.050980464080936205,0.2509804640809362
201,0.9446115965524032,0.4754971981888224,0.9431107934632155,0.47570913255569913,0.2504925777620293,0.46863301895007325,0.66189111747851,0.3716882688683734,0.3783806907384865,0.08022922636103152,0.66,0.37174142894145706,0.37801029278285575,0.08,0.14040114613180515,0.1657142857142857,0.002857142857142857,18.18285714285714,0.16045845272206305,0.0,5.756957803079444e-18,0.11886821827821288,11.558739255014327,0.004755250792540566,0.00946541979488924,0.15285315047552434,0.08022922636103152,0,0.19655208211076516,0.24944160135747553,7.200820026313065,0.9450728000000008,0.0,1.0,0.0,0.3,0.0,0.9999999999999998,0.2,0.08,0.14040114613180515,0.050951050158508114,0.2509510501585081
202,0.9447943297984359,0.4754642204899348,0.9432930046142596,0.4756746596574841,0.2504925777620293,0.468369662767197,0.6446991404011462,0.3715736556878576,0.37829473085309967,0.08022922636103152,0.6428571428571429,0.3716271432271713,0.3779245784971415,0.08,0.14040114613180515,0.17142857142857143,0.002857142857142857,18.305714285714284,0.16045845272206305,0.0,5.758803696862582e-18,0.11885316220433764,11.558739255014327,0.004612593268764349,0.00918276505312765,0.1527675559612586,0.08022922636103152,0,0.1966831795573542,0.24819439335068813,7.228232197215375,0.9643600000000009,0.0,0.9833333333333333,0.0,0.3,0.0,0.9999999999999998,0.2,0.08,0.14040114613180515,0.05092251865375287,0.25092251865375287
203,0.9446728701245664,0.4758371285818499,0.9431718919680296,0.4759693553122816,0.2504925777620293,0.4681246819918844,0.6217765042979942,0.3715736556878576,0.37829473085309967,0.08022922636103152,0.62,0.3716271432271713,0.3779245784971415,0.08,0.10028653295128939,0.11142857142857143,0.002857142857142857,18.417142857142856,0.16045845272206305,0.0,5.7605963736769455e-18,0.11883855781267862,11.558739255014327,0.004474215470701419,0.008908512889958198,0.15268452928242085,0.08022922636103152,0,0.19612833508813887,0.2469534213839347,7.195096124699639,0.9450728000000008,0.0,1.0,0.0,0.3,0.0,0.9999999999999998,0.2,0.08,0.10028653295128939,0.05089484309414029,0.2508948430941403
204,0.9437341207422537,0.4763102839907316,0.9422358247268092,0.4764054825781031,0.2504925777620293,0.4680141583613001,0.6590257879656161,0.3715736556878576,0.37829473085309967,0.08022922636103152,0.6571428571428571,0.3716271432271713,0.3779245784971415,0.08,0.11461318051575932,0.13142857142857142,0.002857142857142857,18.52285714285714,0.15759312320916904,0.0,5.762337304332995e-18,0.11882439155276937,11.558739255014327,0.004339989006580377,0.008642415762409206,0.15260399340394823,0.08022922636103152,0,0.1958892655555553,0.24571865427701503,7.182622773634218,0.9261713440000008,0.0,1.0,0.0,0.3,0.0,0.9999999999999998,0.2,0.08,0.11461318051575932,0.05086799780131608,0.2508679978013161
205,0.9444875617651303,0.47576946270457854,0.9429871130610491,0.4759090338211401,0.2504925777620293,0.4677182142230066,0.6361031518624641,0.37145904250734185,0.3782087709677129,0.08022922636103152,0.6342857142857142,0.37151285751288565,0.37783886421142726,0.08,0.1174785100286533,0.15428571428571428,0.002857142857142857,18.645714285714284,0.15759312320916904,0.0,5.7640279227765915e-18,0.1188106502806574,11.558739255014327,0.004209789336382965,0.008384233287564102,0.1525258736018298,0.08022922636103152,0,0.19642353351349182,0.24449006100562995,7.193256032447247,0.9768363409307325,0.0,0.9629629629629629,0.0,0.3,0.0,0.9999999999999998,0.2,0.08,0.1174785100286533,0.0508419578672766,0.2508419578672766
206,0.9445862398314123,0.47565851238371515,0.9430855091899987,0.4757601176967798,0.2504925777620293,0.4673514637733663,0.6389684813753582,0.37128712273656833,0.3780798311396326,0.08022922636103152,0.6371428571428571,0.3713414289414571,0.3777102927828558,0.08,0.12320916905444126,0.14857142857142858,0.002857142857142857,18.762857142857143,0.15472779369627507,0.0,5.765669626780539e-18,0.1187973212467088,11.558739255014327,0.004083495656291476,0.008133732043342223,0.15245009739377488,0.08022922636103152,0,0.19692670156021008,0.2432676107006018,7.19796234036973,0.9758539642853955,0.0,0.9615384615384616,0.0,0.3,0.0,0.9999999999999998,0.2,0.08,0.12320916905444126,0.050816699131258296,0.2508166991312583
207,0.9434277084214241,0.4757596185853631,0.9419302878697535,0.47582409690658284,0.2504925777620293,0.4670722069707429,0.6561604584527221,0.37128712273656833,0.3780798311396326,0.08022922636103152,0.6542857142857142,0.3713414289414571,0.3777102927828558,0.08,0.1174785100286533,0.14,0.002857142857142857,18.885714285714286,0.16045845272206305,0.0,5.767263778638589e-18,0.11878439208377865,11.558739255014327,0.003960990786602732,0.007890685374348227,0.15237659447196164,0.08022922636103152,0,0.1967378220891208,0.24205127264709878,7.194003093562337,0.9563368849996876,0.0,1.0,0.0,0.3,0.0,0.9999999999999998,0.2,0.08,0.1174785100286533,0.05079219815732055,0.25079219815732057
208,0.9437824560328402,0.47532330256590505,0.9422840219165655,0.4753749660879547,0.2504925777620293,0.4668482678758737,0.6217765042979942,0.37100058978527883,0.37786493142616556,0.08022922636103152,0.62,0.3710557146557427,0.3774960070685701,0.08,0.11461318051575932,0.14857142857142858,0.002857142857142857,19.0,0.16045845272206305,0.0,5.768811705860592e-18,0.1187718507957364,11.558739255014327,0.00384216106300465,0.007654873202690871,0.1523052966378028,0.08022922636103152,0,0.19766770512153237,0.27622979124464764,7.198694460262518,0.9675689950890972,0.0,0.9423076923076923,0.0,0.3,0.0,0.9999999999999998,0.2,0.08,0.11461318051575932,0.05076843221260093,0.2507684322126009
209,0.945293122480598,0.47527370380069744,0.9437903721744725,0.4753671713472041,0.2504925777620293,0.4666644008742703,0.5988538681948424,0.37100058978527883,0.37786493142616556,0.08022922636103152,0.5971428571428572,0.3710557146557427,0.3774960070685701,0.08,0.11174785100286533,0.13142857142857142,0.002857142857142857,19.13142857142857,0.16045845272206305,0.0,5.7703147018675665e-18,0.11875968574633541,11.558739255014327,0.0037268962311145103,0.007426081843671994,0.1522361377386687,0.08022922636103152,0,0.19727865302449613,0.27484864228842437,7.1861491424858395,0.9482176151873152,0.0,1.0,0.0,0.3,0.0,0.9999999999999998,0.2,0.08,0.11174785100286533,0.0507453792462229,0.2507453792462229
210,0.9458268556570577,0.475243481200161,0.9443225803989994,0.4754187175054283,0.2504925777620293,0.46639243859673396,0.6103151862464183,0.37088597660476313,0.3777789715407788,0.08022922636103152,0.6085714285714285,0.37094142894145704,0.3774102927828558,0.08,0.1174785100286533,0.14,0.002857142857142857,19.28857142857143,0.16045845272206305,0.0,5.771774026685539e-18,0.11874788564841647,11.558739255014327,0.003615089344181075,0.007204103826245034,0.15216905360650865,0.08022922636103152,0,0.1977489740450879,0.27347439907698223,7.1824261596361225,0.9582138694441198,0.0,0.9591836734693877,0.0,0.3,0.0,0.9999999999999998,0.2,0.08,0.1174785100286533,0.05072301786883622,0.2507230178688362
211,0.9455190776556599,0.474542944816943,0.9440156817633201,0.4747019222433387,0.2504925777620293,0.4660198718567539,0.5759312320916905,0.3705421370632158,0.3775210918846183,0.08022922636103152,0.5742857142857143,0.3705985717985999,0.37715314992571297,0.08,0.1346704871060172,0.16,0.002857142857142857,19.397142857142857,0.16045845272206305,0.0,5.7731909076371115e-18,0.1187364395534351,11.558739255014327,0.0035066366638556424,0.006988737718145566,0.15210398199831338,0.08022922636103152,0,0.19873051774271963,0.29612074728148374,7.198777636443398,0.9821869503190425,0.0,0.9464285714285714,0.0,0.3,0.0,0.9999999999999998,0.2,0.08,0.1346704871060172,0.050701327332771134,0.2507013273327711
212,0.9452192742000228,0.4742702161919208,0.9437167348889846,0.474426181451449,0.2504925777620293,0.4656905430161165,0.6074498567335244,0.37042752388270006,0.37743513199923145,0.08022922636103152,0.6057142857142858,0.3704842860843142,0.3770674356399987,0.08,0.10601719197707736,0.14,0.002857142857142857,19.52857142857143,0.16332378223495703,0.0,5.774566540029838e-18,0.11872533684130318,11.558739255014327,0.003401437563939973,0.006779787955592975,0.152040862538364,0.08022922636103152,0,0.19870815086829177,0.29464014354507634,7.194802083714531,0.9836489018139505,0.0,0.9795918367346939,0.0,0.3,0.0,0.9999999999999998,0.2,0.08,0.10601719197707736,0.050680287512788,0.250680287512788
213,0.9452541491301412,0.4739036730150237,0.9437515101764457,0.474010211483443,0.2504925777620293,0.46543251408427994,0.6389684813753582,0.37031291070218425,0.3773491721138446,0.08022922636103152,0.6371428571428571,0.37037000037002843,0.37698172135428437,0.08,0.1174785100286533,0.13142857142857142,0.002857142857142857,19.64,0.17191977077363896,0.0,5.775902087840477e-18,0.11871456721053518,11.558739255014327,0.0032993944370217736,0.006577064677468769,0.15197963666221306,0.08022922636103152,0,0.1986574672568074,0.29316694282735095,7.182334613468812,0.9820000000000004,0.0,0.9782608695652174,0.0,0.3,0.0,0.9999999999999998,0.2,0.08,0.1174785100286533,0.05065987888740436,0.2506598788874044
214,0.9445657414401246,0.4740965329926646,0.9430650693655435,0.47420704914924444,0.2504925777620293,0.46518271122529076,0.6017191977077364,0.37031291070218425,0.3773491721138446,0.08022922636103152,0.6,0.37037000037002843,0.37698172135428437,0.08,0.11461318051575932,0.12857142857142856,0.002857142857142857,19.748571428571427,0.17478510028653296,0.0,5.777198684394407e-18,0.11870412066869025,11.558739255014327,0.0032004126039111205,0.006380383563869163,0.15192024756234668,0.08022922636103152,0,0.1983481842026662,0.2917011081132142,7.167259349770864,0.9623600000000003,0.0,1.0,0.0,0.3,0.0,0.9999999999999998,0.2,0.08,0.11461318051575932,0.050640082520782226,0.25064008252078224
215,0.9443577645462559,0.4732928206799178,0.9428576866913714,0.47345844265050624,0.2504925777620293,0.46490659722991706,0.5959885386819485,0.37031291070218425,0.3773491721138446,0.08022922636103152,0.5942857142857143,0.37037000037002843,0.37698172135428437,0.08,0.1174785100286533,0.1457142857142857,0.002857142857142857,19.87142857142857,0.17191977077363896,0.0,5.7784574330394076e-18,0.11869398752310062,11.558739255014327,0.0031044002257937867,0.006189565678940356,0.15186264013547626,0.08022922636103152,0,0.19804158613879577,0.2902426025726481,7.169628448489732,0.9431128000000003,0.0,1.0,0.0,0.3,0.0,0.9999999999999998,0.2,0.08,0.1174785100286533,0.05062088004515876,0.25062088004515876
216,0.9434128866931469,0.472935992806837,0.9419155084892714,0.47311346876895055,0.2504925777620293,0.4645425626305367,0.6332378223495702,0.37031291070218425,0.3773491721138446,0.08022922636103152,0.6314285714285715,0.37037000037002843,0.37698172135428437,0.08,0.12320916905444126,0.14857142857142858,0.002857142857142857,19.99142857142857,0.17478510028653296,0.0,5.77967940781321e-18,0.11868415837187875,11.558739255014327,0.003011268219019973,0.006004437317897682,0.151806760931412,0.08022922636103152,0,0.19803849181144237,0.28879138955978484,7.174807308091366,0.9242505440000003,0.0,1.0,0.0,0.3,0.0,0.9999999999999998,0.2,0.08,0.12320916905444126,0.050602253643803996,0.250602253643804
217,0.9428724406540082,0.4731959346572997,0.9413766065816729,0.47334873339473454,0.2504925777620293,0.4642660911080439,0.6131805157593123,0.37031291070218425,0.3773491721138446,0.08022922636103152,0.6114285714285714,0.37037000037002843,0.37698172135428437,0.08,0.12034383954154727,0.13714285714285715,0.002857142857142857,20.125714285714285,0.17191977077363896,0.0,5.780865654104195e-18,0.11867462409519348,11.558739255014327,0.0029209301724493738,0.005824829858134151,0.15175255810346963,0.08022922636103152,0,0.19756258506667085,0.2873474326119859,7.168454019072397,0.9057655331200002,0.0,1.0,0.0,0.3,0.0,0.9999999999999998,0.2,0.08,0.12034383954154727,0.05058418603448988,0.2505841860344899
218,0.9440836863111938,0.47341503408150554,0.9425843915369809,0.4735441354187462,0.2504925777620293,0.464102419762783,0.6103151862464183,0.3701409909314107,0.37722023228576435,0.08022922636103152,0.6085714285714285,0.37019857179859983,0.376853149925713,0.08,0.10601719197707736,0.13714285714285715,0.002857142857142857,20.228571428571428,0.17191977077363896,0.0,5.782017189304725e-18,0.11866537584680878,11.558739255014327,0.0028333022672758926,0.0056505796143262454,0.15169998136036553,0.08022922636103152,0,0.19811677285562318,0.29159363237661284,7.162227795833806,0.9120892727589671,0.0,0.9583333333333334,0.0,0.3,0.0,0.9999999999999998,0.2,0.08,0.10601719197707736,0.05056666045345518,0.25056666045345516
219,0.9444128719657582,0.4722346782216028,0.9429126366611037,0.4723155365308743,0.2504925777620293,0.464091223216271,0.5959885386819485,0.3701409909314107,0.37722023228576435,0.08022922636103152,0.5942857142857143,0.37019857179859983,0.376853149925713,0.08,0.12893982808022922,0.15714285714285714,0.002857142857142857,20.365714285714287,0.17191977077363896,0.0,5.7831350034566355e-18,0.11865640504587562,11.558739255014327,0.0027483031992576157,0.005481527697443478,0.15164898191955456,0.08022922636103152,0,0.19778290327705933,0.2901356642147298,7.176126097059987,0.8938474873037877,0.0,1.0,0.0,0.3,0.0,0.9999999999999998,0.2,0.08,0.12893982808022922,0.05054966063985153,0.2505496606398515
220,0.9443593997715205,0.4721910971871727,0.9428593172445638,0.4722652367448526,0.2504925777620293,0.46406689705903054,0.6246418338108882,0.37002637775089486,0.3771342724003776,0.08022922636103152,0.6228571428571429,0.37008428608431415,0.3767674356399987,0.08,0.10315186246418338,0.13142857142857142,0.002857142857142857,20.474285714285713,0.17191977077363896,0.0,5.784220059888445e-18,0.11864770336897049,11.558739255014327,0.0026658541032798873,0.005317519877569565,0.15159951246196793,0.08022922636103152,0,0.1981937030463883,0.2949680415774318,7.164032146547357,0.964130034854944,0.0,0.9565217391304348,0.0,0.3,0.0,0.9999999999999998,0.2,0.08,0.10315186246418338,0.05053317082065598,0.25053317082065596
221,0.9426071766053831,0.4722342763228322,0.9411121004303294,0.4723030417048667,0.2504925777620293,0.4639981255993169,0.667621776504298,0.37002637775089486,0.3771342724003776,0.08022922636103152,0.6657142857142857,0.37008428608431415,0.3767674356399987,0.08,0.1318051575931232,0.14857142857142858,0.002857142857142857,20.602857142857143,0.16905444126074498,0.0,4.9155392526574985e-18,0.1292017025389626,11.558739255014327,0.1026658541032799,0.1856228639758878,0.21159951246196793,0.08022922636103152,0,0.19791630595972784,0.2934932013695446,7.169322932187838,0.9448474341578451,0.0,1.0,0.0,0.3,0.0,0.9999999999999998,0.2,0.08,0.1318051575931232,0.07053317082065598,0.270533170820656
222,0.9424599208454209,0.471821276528789,0.9409652654011103,0.47187908647207727,0.2504925777620293,0.4638269267879862,0.6446991404011462,0.37002637775089486,0.3771342724003776,0.08022922636103152,0.6428571428571429,0.37008428608431415,0.3767674356399987,0.08,0.11174785100286533,0.14,0.002857142857142857,20.734285714285715,0.166189111747851,0.0,4.931862263131541e-18,0.12887664193726484,11.558739255014327,0.0995858784801815,0.18059085797776442,0.2097515270881089,0.08022922636103152,0,0.1975264387156435,0.2920257353626969,7.1659364735440825,0.9259504854746882,0.0,1.0,0.0,0.3,0.0,0.9999999999999998,0.2,0.08,0.11174785100286533,0.06991717569603631,0.2699171756960363
223,0.9419583822355869,0.4714758630671432,0.9404651597587329,0.4715636716814265,0.2504925777620293,0.463567082585601,0.5931232091690545,0.37002637775089486,0.3771342724003776,0.08022922636103152,0.5914285714285714,0.37008428608431415,0.3767674356399987,0.08,0.12607449856733524,0.1457142857142857,0.002857142857142857,20.874285714285715,0.16332378223495703,0.0,4.948178280731596e-18,0.12856133315361795,11.558739255014327,0.09659830212577605,0.1756801065889334,0.20795898127546564,0.08022922636103152,0,0.19716694937920815,0.29056560668588344,7.168332029787485,0.9074314757651945,0.0,1.0,0.0,0.3,0.0,0.9999999999999998,0.2,0.08,0.12607449856733524,0.06931966042515522,0.2693196604251552
224,0.9434787925364657,0.4715518461576525,0.9419812260301806,0.4716412928155213,0.2504925777620293,0.4634733103771137,0.5988538681948424,0.369969071160637,0.3770912924576842,0.08022922636103152,0.5971428571428572,0.37002714322717134,0.3767245784971415,0.08,0.12034383954154727,0.1457142857142857,0.002857142857142857,21.002857142857142,0.15759312320916904,0.0,4.964470685067615e-18,0.1282554836334806,11.558739255014327,0.09370035306200276,0.17088856021819543,0.20622021183720166,0.08022922636103152,0,0.1971808289180264,0.289112778652454,7.170679674906021,1.0354524113941423,0.0,0.9803921568627451,0.0,0.3,0.0,0.9999999999999998,0.2,0.08,0.12034383954154727,0.06874007061240056,0.2687400706124006
225,0.9438941251783817,0.4713893420098886,0.9423953720074054,0.4714729148347402,0.2504925777620293,0.46345251752289546,0.6246418338108882,0.369969071160637,0.3770912924576842,0.08022922636103152,0.6228571428571429,0.37002714322717134,0.3767245784971415,0.08,0.12034383954154727,0.14285714285714285,0.002857142857142857,21.117142857142856,0.166189111747851,0.0,4.9807235355339314e-18,0.12795880959894726,11.558739255014327,0.09088934247014267,0.16621415063728118,0.2045336054820856,0.08022922636103152,0,0.19676606763057908,0.2876672147591917,7.170123224265044,1.0147433631662595,0.0,1.0,0.0,0.3,0.0,0.9999999999999998,0.2,0.08,0.12034383954154727,0.06817786849402854,0.2681778684940285
226,0.9429257143863539,0.471539669198638,0.9414297281033549,0.4716617448341427,0.2504925777620293,0.4633599682036621,0.6275071633237822,0.36985445798012123,0.37700533257229735,0.08022922636103152,0.6257142857142857,0.3699128575128856,0.3766388642114272,0.08,0.14040114613180515,0.16857142857142857,0.002857142857142857,21.262857142857143,0.166189111747851,0.0,4.996921589096108e-18,0.12767103578545,11.558739255014327,0.0881626621960384,0.16165479517538206,0.20289759731762302,0.08022922636103152,0,0.19821009514956903,0.2862288786853957,7.195292188351172,0.998461540898897,0.0,0.9830508474576272,0.0,0.3,0.0,0.9999999999999998,0.2,0.08,0.14040114613180515,0.06763253243920768,0.2676325324392077
227,0.9429164233870543,0.47172504897991135,0.9414204636497675,0.4718918762624911,0.2504925777620293,0.4632597510160155,0.5988538681948424,0.36985445798012123,0.37700533257229735,0.08022922636103152,0.5971428571428572,0.3699128575128856,0.3766388642114272,0.08,0.10601719197707736,0.12,0.002857142857142857,21.385714285714286,0.166189111747851,0.0,5.0130503132806784e-18,0.12739189518635755,11.558739255014327,0.08551778233015725,0.1572084006583333,0.20131066939809433,0.08022922636103152,0,0.1977047589595355,0.2847977342919687,7.171386344584147,0.9784923100809191,0.0,1.0,0.0,0.3,0.0,0.9999999999999998,0.2,0.08,0.10601719197707736,0.06710355646603146,0.26710355646603146
228,0.9430459731954727,0.4711396827072367,0.9415496433158762,0.47133026261374866,0.2504925777620293,0.4632588754354936,0.6217765042979942,0.3697398447996055,0.3769193726869105,0.08022922636103152,0.62,0.3697985717985999,0.3765531499257129,0.08,0.12893982808022922,0.15142857142857144,0.002857142857142857,21.47714285714286,0.166189111747851,0.0,5.029095894723566e-18,0.12712112880523793,11.558739255014327,0.08295224886025253,0.15287286710145354,0.1997713493161515,0.08022922636103152,0,0.19820152087902354,0.2833737456205089,7.179387189121036,0.9635445309411969,0.0,0.9811320754716981,0.0,0.3,0.0,0.9999999999999998,0.2,0.08,0.12893982808022922,0.0665904497720505,0.2665904497720505
229,0.9421245387837052,0.47140856524167946,0.9406308415738566,0.47162646118511636,0.2504925777620293,0.4631747527205482,0.6389684813753582,0.3697398447996055,0.3769193726869105,0.08022922636103152,0.6371428571428571,0.3697985717985999,0.3765531499257129,0.08,0.14040114613180515,0.17142857142857143,0.002857142857142857,21.594285714285714,0.166189111747851,0.0,5.045045243631278e-18,0.12685848541555192,11.558739255014327,0.08046368139444494,0.1486460911651306,0.19827820883666697,0.08022922636103152,0,0.1990318667694465,0.28195687689240634,7.2072280167671865,0.9442736403223729,0.0,1.0,0.0,0.3,0.0,0.9999999999999998,0.2,0.08,0.14040114613180515,0.066092736278889,0.26609273627888896
230,0.9402373799105312,0.4712479857074042,0.9387490745831775,0.471462306081721,0.2504925777620293,0.46314217534010904,0.5931232091690545,0.36951061843857397,0.37674745291613687,0.08022922636103152,0.5914285714285714,0.3695700003700285,0.3763817213542844,0.08,0.1318051575931232,0.1657142857142857,0.002857142857142857,21.714285714285715,0.166189111747851,0.0,5.060885994503747e-18,0.1266037213275565,11.558739255014327,0.07804977095261159,0.14452596938226991,0.19682986257156695,0.08022922636103152,0,0.19960713886059925,0.2805470925079443,7.228797742146128,0.9674565993558287,0.0,0.9655172413793104,0.0,0.3,0.0,0.9999999999999998,0.2,0.08,0.1318051575931232,0.06560995419052232,0.2656099541905223
231,0.9416563735246956,0.4707942023031797,0.9401640139298727,0.47099142723908316,0.2504925777620293,0.4629062611487351,0.5931232091690545,0.36951061843857397,0.37674745291613687,0.08022922636103152,0.5914285714285714,0.3695700003700285,0.3763817213542844,0.08,0.1346704871060172,0.1457142857142857,0.002857142857142857,21.834285714285713,0.16905444126074498,0.0,5.076606503459722e-18,0.12635660016220093,11.558739255014327,0.07570827782403323,0.1405104011667173,0.19542496669441994,0.08022922636103152,0,0.19920881745201055,0.2791443570454046,7.229936073017491,0.9481074673687121,0.0,1.0,0.0,0.3,0.0,0.9999999999999998,0.2,0.08,0.1346704871060172,0.06514165556480665,0.2651416555648066
232,0.9420403552416179,0.46977366623705746,0.9405468985561752,0.46996982411677923,0.2504925777620293,0.46270370312347703,0.6160458452722063,0.36951061843857397,0.37674745291613687,0.08022922636103152,0.6142857142857143,0.3695700003700285,0.3763817213542844,0.08,0.12320916905444126,0.15428571428571428,0.002857142857142857,21.98,0.17191977077363896,0.0,5.0921958424951844e-18,0.12611689263180598,11.558739255014327,0.07343702948931223,0.1365972916117163,0.19406221769358734,0.08022922636103152,0,0.1989264876504648,0.27774863526017757,7.239623065842855,0.9291453180213378,0.0,1.0,0.0,0.3,0.0,0.9999999999999998,0.2,0.08,0.12320916905444126,0.06468740589786245,0.26468740589786244
233,0.9414702452706031,0.4705611845954737,0.9399784174707919,0.47079181991292235,0.2504925777620293,0.4625126178688067,0.6131805157593123,0.36951061843857397,0.37674745291613687,0.08022922636103152,0.6114285714285714,0.3695700003700285,0.3763817213542844,0.08,0.12034383954154727,0.14285714285714285,0.002857142857142857,22.088571428571427,0.17478510028653296,0.0,5.107643790992965e-18,0.12588437632732294,11.558739255014327,0.07123391860463286,0.13278455408737522,0.1927403511627797,0.08022922636103152,0,0.19853156949792675,0.2763598920838767,7.237687747383141,0.910562411660911,0.0,1.0,0.0,0.3,0.0,0.9999999999999998,0.2,0.08,0.12034383954154727,0.06424678372092657,0.2642467837209266
234,0.94348496206599,0.47059607270533643,0.9419873779324777,0.47081840740315506,0.2504925777620293,0.46223971014779175,0.5816618911174785,0.3693960052580582,0.3766614930307501,0.08022922636103152,0.58,0.36945571465574273,0.3762960070685701,0.08,0.1518624641833811,0.17714285714285713,0.002857142857142857,22.228571428571428,0.17765042979942694,0.0,5.122940824787944e-18,0.12565883551197435,11.558739255014327,0.06909690104649388,0.12907011264601032,0.19145814062789632,0.08022922636103152,0,0.19870976879329427,0.2829780867091086,7.270076849578336,0.8923511634276928,0.0,0.9838709677419355,0.0,0.3,0.0,0.9999999999999998,0.2,0.08,0.1518624641833811,0.06381938020929878,0.2638193802092988
235,0.9430762182788665,0.469886116588108,0.941579801984746,0.4701104818256317,0.2504925777620293,0.4619914618248632,0.5787965616045845,0.36928139207754246,0.37657553314536324,0.08022922636103152,0.5771428571428572,0.36934142894145705,0.3762102927828558,0.08,0.14613180515759314,0.15428571428571428,0.002857142857142857,22.354285714285716,0.17765042979942694,0.0,5.138078103077337e-18,0.1254400609210862,11.558739255014327,0.06702399401509906,0.12545190424408792,0.19021439640905943,0.08022922636103152,0,0.19871607709218492,0.3074634137586035,7.278961026872484,0.9385195155755445,0.0,0.9814814814814815,0.0,0.3,0.0,0.9999999999999998,0.2,0.08,0.14613180515759314,0.06340479880301982,0.2634047988030198
236,0.9424448581774897,0.4705374826493353,0.940950245769373,0.4707546155569207,0.2504925777620293,0.4618975108541757,0.6074498567335244,0.36916677889702676,0.3764895732599764,0.08022922636103152,0.6057142857142858,0.3692271432271714,0.3761245784971415,0.08,0.12607449856733524,0.1457142857142857,0.002857142857142857,22.46,0.17765042979942694,0.0,5.153047453449789e-18,0.12522784956792474,11.558739255014327,0.06501327419464609,0.12192788078932892,0.18900796451678764,0.08022922636103152,0,0.19880778242100974,0.30592609668981047,7.279096092049319,0.9802278277561112,0.0,0.9803921568627451,0.0,0.3,0.0,0.9999999999999998,0.2,0.08,0.12607449856733524,0.06300265483892922,0.2630026548389292
237,0.9433140230095589,0.46973310508500626,0.9418169272733509,0.4699853903575849,0.2504925777620293,0.4618510439275676,0.5873925501432665,0.3690521657165109,0.3764036133745896,0.08022922636103152,0.5857142857142857,0.3691128575128856,0.3760388642114272,0.08,0.1174785100286533,0.14,0.002857142857142857,22.577142857142857,0.17765042979942694,0.0,5.167841355290869e-18,0.1250220045553581,11.558739255014327,0.0630628759688067,0.11849601102135776,0.18783772558128403,0.08022922636103152,0,0.19929874422319038,0.3043964662063614,7.273514170208332,1.0,0.0,0.9591836734693877,0.0,0.3,0.0,0.9999999999999998,0.2,0.08,0.1174785100286533,0.06261257519376134,0.26261257519376136
238,0.9423860610677178,0.4694757290903975,0.9408916166513435,0.4697324040716941,0.2504925777620293,0.46167453967147204,0.6131805157593123,0.3689375525359952,0.37631765348920276,0.08022922636103152,0.6114285714285714,0.3689985717985999,0.37595314992571294,0.08,0.11174785100286533,0.12571428571428572,0.002857142857142857,22.677142857142858,0.17765042979942694,0.0,5.182452921806036e-18,0.1248223348931685,11.558739255014327,0.0611709896897425,0.11515428223408042,0.1867025938138455,0.08022922636103152,0,0.19930182193064586,0.3028744838753296,7.2537581725184515,0.9820000000000004,0.0,0.9772727272727273,0.0,0.3,0.0,0.9999999999999998,0.2,0.08,0.11174785100286533,0.0622341979379485,0.2622341979379485
239,0.9436289991859034,0.46943785309064373,0.9421310035177628,0.46966590038682327,0.2504925777620293,0.4614293206805971,0.5644699140401146,0.36888024594573726,0.3762746735465094,0.08022922636103152,0.5628571428571428,0.368941428941457,0.3759102927828558,0.08,0.14040114613180515,0.1657142857142857,0.002857142857142857,22.802857142857142,0.17478510028653296,0.0,5.196875880885603e-18,0.12462865532084458,11.558739255014327,0.05933585999905022,0.11190070184776524,0.18560151599943012,0.08022922636103152,0,0.19950431353527834,0.30136011145595293,7.274397294782369,0.9820000000000004,0.0,0.9827586206896551,0.0,0.3,0.0,0.9999999999999998,0.2,0.08,0.14040114613180515,0.061867171999810046,0.26186717199981
240,0.9422562207249637,0.46945109868036394,0.9407621472809972,0.46965841286276316,0.2504925777620293,0.46104592034584924,0.5787965616045845,0.36888024594573726,0.3762746735465094,0.08022922636103152,0.5771428571428572,0.368941428941457,0.3759102927828558,0.08,0.12320916905444126,0.14,0.002857142857142857,22.925714285714285,0.17765042979942694,0.0,5.211104555019902e-18,0.12444078613569035,11.558739255014327,0.05755578419907871,0.10873329883857896,0.1845334705194472,0.08022922636103152,0,0.19902107768188768,0.2998533108986732,7.268909348886721,0.9623600000000003,0.0,1.0,0.0,0.3,0.0,0.9999999999999998,0.2,0.08,0.12320916905444126,0.06151115683981574,0.26151115683981574
241,0.9429827188148885,0.4685080273684311,0.9414865696620937,0.4686771536539173,0.2504925777620293,0.46064494117439386,0.5787965616045845,0.36888024594573726,0.3762746735465094,0.08022922636103152,0.5771428571428572,0.368941428941457,0.3759102927828558,0.08,0.1318051575931232,0.14,0.002857142857142857,23.034285714285716,0.17765042979942694,0.0,5.2251338404566594e-18,0.12425855302609068,11.558739255014327,0.05582911067310635,0.1056501250330999,0.1834974664038638,0.08022922636103152,0,0.19865411515062106,0.29835404434417984,7.263531161908986,0.9431128000000003,0.0,1.0,0.0,0.3,0.0,0.9999999999999998,0.2,0.08,0.1318051575931232,0.061165822134621274,0.26116582213462125
242,0.9436052388727071,0.46899279536513266,0.9421073110911756,0.4691712666921181,0.2504925777620293,0.4602824524951262,0.6189111747851003,0.36888024594573726,0.3762746735465094,0.08022922636103152,0.6171428571428571,0.368941428941457,0.3759102927828558,0.08,0.12893982808022922,0.15714285714285714,0.002857142857142857,23.16,0.17765042979942694,0.0,5.238959185776936e-18,0.12408178690977914,11.558739255014327,0.05415423735291316,0.1026492562750918,0.1824925424117479,0.08022922636103152,0,0.19834541885701085,0.2968622741224589,7.275403395813663,0.9242505440000003,0.0,1.0,0.0,0.3,0.0,0.9999999999999998,0.2,0.08,0.12893982808022922,0.060830847470582636,0.2608308474705826
243,0.9440870528497061,0.4688918463551614,0.9425877484568118,0.46910913082246325,0.2504925777620293,0.45990005727826494,0.5873925501432665,0.36888024594573726,0.3762746735465094,0.08022922636103152,0.5857142857142857,0.368941428941457,0.3759102927828558,0.08,0.10601719197707736,0.12285714285714286,0.002857142857142857,23.228571428571428,0.17478510028653296,0.0,5.252576570050761e-18,0.12391032377695688,11.558739255014327,0.05252961023232576,0.0997287934715827,0.18151776613939546,0.08022922636103152,0,0.1978962631912972,0.29537796275184663,7.252752470754533,0.9057655331200002,0.0,1.0,0.0,0.3,0.0,0.9999999999999998,0.2,0.08,0.10601719197707736,0.060505922046465155,0.26050592204646517
244,0.9450451568386956,0.46856420159976053,0.9435431150058328,0.46878356126630494,0.2504925777620293,0.4595178504161136,0.5702005730659025,0.36888024594573726,0.3762746735465094,0.08022922636103152,0.5685714285714286,0.368941428941457,0.3759102927828558,0.08,0.12320916905444126,0.12857142857142856,0.002857142857142857,23.32857142857143,0.17478510028653296,0.0,5.265982480718975e-18,0.12374400453811926,11.558739255014327,0.05095372192535599,0.09688686352504317,0.1805722331552136,0.08022922636103152,0,0.1974776390181979,0.29390107293808737,7.2362688499108705,0.8876502224576002,0.0,1.0,0.0,0.3,0.0,0.9999999999999998,0.2,0.08,0.12320916905444126,0.0601907443850712,0.26019074438507117
245,0.943216841547319,0.4682879559691423,0.9417200234724314,0.4685568742633643,0.2504925777620293,0.4591896222109044,0.6131805157593123,0.3687656327652216,0.37618871366112266,0.08022922636103152,0.6114285714285714,0.36882714322717136,0.3758245784971415,0.08,0.14326647564469913,0.16,0.002857142857142857,23.474285714285713,0.17191977077363896,0.0,5.279173891333801e-18,0.12358267487644682,11.558739255014327,0.04942511026759531,0.09412162015821623,0.17965506616055718,0.08022922636103152,0,0.19763239368024976,0.29243156757339694,7.251543472912654,0.8860318528814867,0.0,0.9821428571428571,0.0,0.3,0.0,0.9999999999999998,0.2,0.08,0.14326647564469913,0.05988502205351907,0.25988502205351904
246,0.9431388785799296,0.46769970640389474,0.9416422832563773,0.4679860246557071,0.2504925777620293,0.4590143479078495,0.5988538681948424,0.36853640640419005,0.37601679389034903,0.08022922636103152,0.5971428571428572,0.36859857179859984,0.3756531499257129,0.08,0.1489971346704871,0.1657142857142857,0.002857142857142857,23.594285714285714,0.17765042979942694,0.0,5.292148239277401e-18,0.12342618510462455,11.558739255014327,0.047942356959567445,0.09143124463789898,0.17876541417574046,0.08022922636103152,0,0.19810123171184849,0.2909694097355299,7.272226889168684,0.8744980063061959,0.0,0.9655172413793104,0.0,0.3,0.0,0.9999999999999998,0.2,0.08,0.1489971346704871,0.05958847139191349,0.2595884713919135
247,0.9427944686115609,0.46724775739114766,0.9412988573164899,0.46750095585468904,0.2504925777620293,0.458782536952258,0.6074498567335244,0.3683644866334163,0.3758878540622687,0.08022922636103152,0.6057142857142858,0.36842714322717124,0.3755245784971415,0.08,0.1174785100286533,0.15142857142857144,0.002857142857142857,23.677142857142858,0.17191977077363896,0.0,5.304903403565057e-18,0.1232743900259569,11.558739255014327,0.04650408625078042,0.08881394640373375,0.17790245175046823,0.08022922636103152,0,0.19851058269614635,0.2895145626868523,7.278210922813883,0.9084621634081753,0.0,0.9622641509433962,0.0,0.3,0.0,0.9999999999999998,0.2,0.08,0.1174785100286533,0.05930081725015609,0.2593008172501561
248,0.9425577865438762,0.46727941417348284,0.9410628514832843,0.46755846338098017,0.2504925777620293,0.45855896181672073,0.5931232091690545,0.36824987345290067,0.3758018941768819,0.08022922636103152,0.5914285714285714,0.36831285751288556,0.3754388642114272,0.08,0.12320916905444126,0.1457142857142857,0.002857142857142857,23.754285714285714,0.17191977077363896,0.0,5.317437682827797e-18,0.1231271487996493,11.558739255014327,0.04510896366325701,0.08626796360781619,0.1770653781979542,0.08022922636103152,0,0.19924440611561392,0.288066989873418,7.27836099007189,0.9583151175281215,0.0,0.9803921568627451,0.0,0.3,0.0,0.9999999999999998,0.2,0.08,0.12320916905444126,0.0590217927326514,0.2590217927326514
249,0.9432652706689517,0.4673051447870495,0.9417683142251453,0.4675800668093715,0.2504925777620293,0.45814831130074685,0.5988538681948424,0.36824987345290067,0.3758018941768819,0.08022922636103152,0.5971428571428572,0.36831285751288556,0.3754388642114272,0.08,0.1318051575931232,0.15428571428571428,0.002857142857142857,23.80857142857143,0.17191977077363896,0.0,5.329749773558168e-18,0.12298432481013098,11.558739255014327,0.043755694753359296,0.08379156357069062,0.17625341685201557,0.08022922636103152,0,0.19887632694217866,0.2866266549240509,7.287079484556168,0.9391488151775591,0.0,1.0,0.0,0.3,0.0,0.9999999999999998,0.2,0.08,0.1318051575931232,0.05875113895067186,0.25875113895067187
250,0.942632306730119,0.46752014164757355,0.941137158754709,0.4678200227273339,0.2504925777620293,0.4577236684738707,0.6074498567335244,0.3681925668626428,0.37575891423418845,0.08022922636103152,0.6057142857142858,0.36825571465574275,0.37539600706857007,0.08,0.12034383954154727,0.14857142857142858,0.002857142857142857,23.902857142857144,0.17191977077363896,0.0,5.3418387486924826e-18,0.12284578554029811,11.558739255014327,0.042443023910758514,0.08138304315905875,0.1754658143464551,0.08022922636103152,0,0.19891008816461067,0.2851935216494306,7.289909323436472,0.9232693645313051,0.0,0.9807692307692307,0.0,0.3,0.0,0.9999999999999998,0.2,0.08,0.12034383954154727,0.058488604782151704,0.2584886047821517
251,0.9414581454761429,0.46817249132568695,0.9399663522471728,0.46849312692395206,0.2504925777620293,0.45739666886767805,0.6217765042979942,0.36813526027238486,0.3757159342914951,0.08022922636103152,0.62,0.3681985717985999,0.3753531499257129,0.08,0.13753581661891118,0.16285714285714287,0.002857142857142857,23.997142857142858,0.17765042979942694,0.0,5.353704036593233e-18,0.12271140244856028,11.558739255014327,0.04116973319343576,0.07904072909029669,0.17470183991606145,0.08022922636103152,0,0.1990292520095019,0.2837675540411835,7.306968279824885,0.9137141570861108,0.0,0.9824561403508771,0.0,0.3,0.0,0.9999999999999998,0.2,0.08,0.13753581661891118,0.058233946638687153,0.25823394663868715
252,0.9409943654244082,0.4677041899210215,0.9395038972813005,0.46800871990314713,0.2504925777620293,0.4573075188718686,0.6017191977077364,0.36813526027238486,0.3757159342914951,0.08022922636103152,0.6,0.3681985717985999,0.3753531499257129,0.08,0.10601719197707736,0.12285714285714286,0.002857142857142857,24.06,0.18051575931232092,0.0,5.365345400486403e-18,0.12258105084957462,11.558739255014327,0.03993464119763269,0.07676297816864242,0.17396078471857962,0.08022922636103152,0,0.1985481057494544,0.2823487162709776,7.283686057085532,0.8954398739443886,0.0,1.0,0.0,0.3,0.0,0.9999999999999998,0.2,0.08,0.10601719197707736,0.057986928239526545,0.2579869282395265
253,0.9413090341073191,0.46725317757029045,0.9398176669108317,0.4675272593702828,0.2504925777620293,0.45737291243787953,0.6332378223495702,0.36813526027238486,0.3757159342914951,0.08022922636103152,0.6314285714285715,0.3681985717985999,0.3753531499257129,0.08,0.11461318051575932,0.13142857142857142,0.002857142857142857,24.17142857142857,0.18051575931232092,0.0,5.376762918400204e-18,0.12245460979855845,11.558739255014327,0.038736601961703705,0.07454817745769149,0.17324196117702223,0.08022922636103152,0,0.19843137775262498,0.2809369726896227,7.269440907372391,0.8775310764655008,0.0,1.0,0.0,0.3,0.0,0.9999999999999998,0.2,0.08,0.11461318051575932,0.05774732039234075,0.2577473203923407
254,0.943017177550066,0.4661343262339221,0.9415209299437421,0.4664306808901775,0.2504925777620293,0.457594349587571,0.6017191977077364,0.3680206470918691,0.3756299744061083,0.08022922636103152,0.6,0.3680842860843142,0.3752674356399986,0.08,0.12607449856733524,0.14857142857142858,0.002857142857142857,24.254285714285714,0.17478510028653296,0.0,5.387956963644166e-18,0.12233196197907284,11.558739255014327,0.03757450390285259,0.07239474439361815,0.17254470234171154,0.08022922636103152,0,0.1991305093723613,0.3110293957592684,7.272623517796372,0.8688060529375795,0.0,0.9807692307692307,0.0,0.3,0.0,0.9999999999999998,0.2,0.08,0.12607449856733524,0.05751490078057052,0.25751490078057054
255,0.9434072740129215,0.46597050924083966,0.9419099118452752,0.4662179116973349,0.2504925777620293,0.45774779940265325,0.6246418338108882,0.3680206470918691,0.3756299744061083,0.08022922636103152,0.6228571428571429,0.3680842860843142,0.3752674356399986,0.08,0.14326647564469913,0.16857142857142857,0.002857142857142857,24.365714285714287,0.17765042979942694,0.0,5.398928185860546e-18,0.1222129935941718,11.558739255014327,0.03644726878576701,0.07030112684332634,0.1718683612714602,0.08022922636103152,0,0.19890557111121374,0.3094742487804721,7.295742476011874,0.8514299318788279,0.0,1.0,0.0,0.3,0.0,0.9999999999999998,0.2,0.08,0.14326647564469913,0.05728945375715341,0.2572894537571534
256,0.9435435416764749,0.4667055214327075,0.9420457901726469,0.466926377813836,0.2504925777620293,0.4579710662638672,0.6189111747851003,0.3680206470918691,0.3756299744061083,0.08022922636103152,0.6171428571428571,0.3680842860843142,0.3752674356399986,0.08,0.12320916905444126,0.13428571428571429,0.002857142857142857,24.485714285714284,0.17191977077363896,0.0,5.4096774926737656e-18,0.12209759426081777,11.558739255014327,0.035353850722194,0.06826580311152597,0.1712123104333164,0.08022922636103152,0,0.19845375754137198,0.30792687753656967,7.28411334077735,0.8344013332412513,0.0,1.0,0.0,0.3,0.0,0.9999999999999998,0.2,0.08,0.12320916905444126,0.0570707701444388,0.2570707701444388
257,0.9441984389857037,0.46629218474965894,0.9426988163467065,0.4665232005305592,0.2504925777620293,0.45815612189441507,0.5816618911174785,0.3680206470918691,0.3756299744061083,0.08022922636103152,0.58,0.3680842860843142,0.3752674356399986,0.08,0.14040114613180515,0.16857142857142857,0.002857142857142857,24.577142857142857,0.16905444126074498,0.0,5.4202060319577475e-18,0.1219856569074643,11.558739255014327,0.034293235200528176,0.06628728190052913,0.1705759411203169,0.08022922636103152,0,0.19828891803937942,0.3063872431488868,7.307002502533231,0.8177133065764264,0.0,1.0,0.0,0.3,0.0,0.9999999999999998,0.2,0.08,0.14040114613180515,0.05685864704010564,0.25685864704010564
258,0.9425684700759394,0.46663114031771585,0.9410735044909703,0.4668812443774639,0.2504925777620293,0.458258816262461,0.5873925501432665,0.3679060339113534,0.37554401452072145,0.08022922636103152,0.5857142857142857,0.36797000037002847,0.3751817213542843,0.08,0.1318051575931232,0.1657142857142857,0.002857142857142857,24.68285714285714,0.16905444126074498,0.0,5.430515174735925e-18,0.1218770776747115,11.558739255014327,0.033264438144512326,0.06436410222636424,0.16995866288670738,0.08022922636103152,0,0.19838290202061107,0.3048553069331424,7.326576738196851,0.8080147036194884,0.0,0.9827586206896551,0.0,0.3,0.0,0.9999999999999998,0.2,0.08,0.1318051575931232,0.05665288762890247,0.2566528876289025
259,0.9436208428375499,0.46726678634302826,0.9421228704732617,0.4675719815358358,0.2504925777620293,0.4585041838268135,0.6017191977077364,0.3679060339113534,0.37554401452072145,0.08022922636103152,0.6,0.36797000037002847,0.3751817213542843,0.08,0.1489971346704871,0.1657142857142857,0.002857142857142857,24.797142857142855,0.16905444126074498,0.0,5.4406064987238904e-18,0.12177175581894124,11.558739255014327,0.03226650500017696,0.06249483329462158,0.16935990300010617,0.08022922636103152,0,0.19807641608193657,0.30333103039847664,7.345759489147201,0.7918544095470986,0.0,1.0,0.0,0.3,0.0,0.9999999999999998,0.2,0.08,0.1489971346704871,0.05645330100003539,0.2564533010000354
260,0.9446701550752384,0.46684535562595014,0.9431691846759853,0.4671341336303138,0.2504925777620293,0.4587693050403105,0.6017191977077364,0.3679060339113534,0.37554401452072145,0.08022922636103152,0.6,0.36797000037002847,0.3751817213542843,0.08,0.12607449856733524,0.14285714285714285,0.002857142857142857,24.897142857142857,0.166189111747851,0.0,5.450481772520598e-18,0.12166959361884412,11.558739255014327,0.031298509850171644,0.06067807433925587,0.16877910591010298,0.08022922636103152,0,0.1976854632872412,0.3018143752464843,7.341701442221399,0.7760173213561566,0.0,1.0,0.0,0.3,0.0,0.9999999999999998,0.2,0.08,0.12607449856733524,0.05625970197003433,0.25625970197003434
261,0.9450584573648232,0.46666048177233044,0.9435563775304572,0.4670276358017785,0.2504925777620293,0.4589259617651092,0.6131805157593123,0.3679060339113534,0.37554401452072145,0.08022922636103152,0.6114285714285714,0.36797000037002847,0.3751817213542843,0.08,0.14040114613180515,0.15714285714285714,0.002857142857142857,24.99142857142857,0.16905444126074498,0.0,5.460142940450149e-18,0.12157049628474995,11.558739255014327,0.030359554554666494,0.058912454427401895,0.16821573273279988,0.08022922636103152,0,0.1974676073993764,0.30030530337025185,7.352010270519829,0.7604969749290335,0.0,1.0,0.0,0.3,0.0,0.9999999999999998,0.2,0.08,0.14040114613180515,0.056071910910933304,0.2560719109109333
262,0.9447122751554695,0.4668430117298966,0.9432111844131301,0.46722317322540863,0.2504925777620293,0.4591774583732871,0.6217765042979942,0.36784872732109547,0.3755010345780281,0.08022922636103152,0.62,0.3679128575128856,0.3751388642114272,0.08,0.14326647564469913,0.16285714285714287,0.002857142857142857,25.088571428571427,0.17478510028653296,0.0,5.469592108052945e-18,0.12147437187067855,11.558739255014327,0.0294487679180265,0.05719663223308802,0.1676692607508159,0.08022922636103152,0,0.19759412650523667,0.29880377685340054,7.367827207966575,0.7578107902454713,0.0,0.9824561403508771,0.0,0.3,0.0,0.9999999999999998,0.2,0.08,0.14326647564469913,0.0558897535836053,0.25588975358360533
263,0.9453493153437562,0.4672300784379348,0.9438464044865932,0.46758581720231207,0.2504925777620293,0.45953833030010954,0.6475644699140402,0.3676195009600639,0.37532911480725445,0.08022922636103152,0.6457142857142857,0.36768428608431414,0.37496743563999874,0.08,0.12320916905444126,0.14,0.002857142857142857,25.18,0.17478510028653296,0.0,5.478831528222056e-18,0.1213811311890293,11.558739255014327,0.028565304880485705,0.05552929578256993,0.1671391829282914,0.08022922636103152,0,0.1980058701584248,0.29730975796913356,7.360470663807243,0.9089006991063002,0.0,0.9591836734693877,0.0,0.3,0.0,0.9999999999999998,0.2,0.08,0.12320916905444126,0.05571306097609714,0.25571306097609714
264,0.9458608973471591,0.4664537022507107,0.9443565248271291,0.4668026241547814,0.2504925777620293,0.45987562433411766,0.6303724928366762,0.3675048877795482,0.3752431549218675,0.08022922636103152,0.6285714285714286,0.36757000037002846,0.3748817213542843,0.08,0.13753581661891118,0.16,0.002857142857142857,25.262857142857143,0.17478510028653296,0.0,5.4878635879780206e-18,0.12129068772782954,11.558739255014327,0.027708345734071133,0.05390916217385344,0.16662500744044267,0.08022922636103152,0,0.19824327009334694,0.2958232091792879,7.373261250531098,0.9358051083351356,0.0,0.9821428571428571,0.0,0.3,0.0,0.9999999999999998,0.2,0.08,0.13753581661891118,0.05554166914681423,0.2555416691468142
265,0.946166784771363,0.4660623499221372,0.9446615382872638,0.4663776990807215,0.2504925777620293,0.46012027075320366,0.6246418338108882,0.3675048877795482,0.3752431549218675,0.08022922636103152,0.6228571428571429,0.36757000037002846,0.3748817213542843,0.08,0.12893982808022922,0.15428571428571428,0.002857142857142857,25.34857142857143,0.17478510028653296,0.0,5.496690795873102e-18,0.12120295757046576,11.558739255014327,0.026877095362049,0.052334977272824657,0.1661262572172294,0.08022922636103152,0,0.19799419731430878,0.29434409313339144,7.38008173980619,0.9170890061684329,0.0,1.0,0.0,0.3,0.0,0.9999999999999998,0.2,0.08,0.12893982808022922,0.0553754190724098,0.2553754190724098
266,0.9466448401830867,0.4665444316402952,0.9451382278263827,0.4668964236625426,0.2504925777620293,0.4603371299240598,0.6103151862464183,0.3675048877795482,0.3752431549218675,0.08022922636103152,0.6085714285714285,0.36757000037002846,0.3748817213542843,0.08,0.11461318051575932,0.14857142857142858,0.002857142857142857,25.442857142857143,0.17478510028653296,0.0,5.5053157700141106e-18,0.1211178593178229,11.558739255014327,0.026070782501187526,0.05080551538826483,0.1656424695007125,0.08022922636103152,0,0.19763251204202292,0.2928723726677245,7.381051533581495,0.8987472260450642,0.0,1.0,0.0,0.3,0.0,0.9999999999999998,0.2,0.08,0.11461318051575932,0.055214156500237505,0.2552141565002375
267,0.9469503866243746,0.4667378019551695,0.9454429012778383,0.46711510719926463,0.2504925777620293,0.4605509786555389,0.6332378223495702,0.36733296800877463,0.37511421509378734,0.08022922636103152,0.6314285714285715,0.36739857179859986,0.37475314992571296,0.08,0.11461318051575932,0.13714285714285715,0.002857142857142857,25.548571428571428,0.17191977077363896,0.0,5.513741226691156e-18,0.12103531401275934,11.558739255014327,0.025288659026151898,0.04931957892788941,0.16517319541569114,0.08022922636103152,0,0.19818663519609855,0.2914080108043859,7.370573360052723,0.9223681599999999,0.0,0.9583333333333334,0.0,0.3,0.0,0.9999999999999998,0.2,0.08,0.11461318051575932,0.05505773180523038,0.2550577318052304
268,0.9454370564756193,0.46675655485186596,0.9439338949295083,0.46714837613938154,0.2504925777620293,0.4607754181152376,0.6131805157593123,0.3672183548282588,0.3750282552084005,0.08022922636103152,0.6114285714285714,0.3672842860843142,0.37466743563999866,0.08,0.12607449856733524,0.1457142857142857,0.002857142857142857,25.66,0.17478510028653296,0.0,5.521969969598412e-18,0.12095524506684764,11.558739255014327,0.024529999255367342,0.04787599803742004,0.1647179995532204,0.08022922636103152,0,0.1982808448772609,0.28995097075036397,7.368876178565953,0.9057655331200002,0.0,0.9803921568627451,0.0,0.3,0.0,0.9999999999999998,0.2,0.08,0.12607449856733524,0.05490599985107347,0.2549059998510735
269,0.9459010131195221,0.46660538970678334,0.9443965259829995,0.4669963268970367,0.2504925777620293,0.46088597184198715,0.6446991404011462,0.3672183548282588,0.3750282552084005,0.08022922636103152,0.6428571428571429,0.3672842860843142,0.37466743563999866,0.08,0.14040114613180515,0.1457142857142857,0.002857142857142857,25.791428571428572,0.17478510028653296,0.0,5.530004879631691e-18,0.12087757818931336,11.558739255014327,0.023794099277706322,0.04647363022457851,0.1642764595666238,0.08022922636103152,0,0.19794601208144602,0.2885012158966121,7.367212940708921,0.8876502224576002,0.0,1.0,0.0,0.3,0.0,0.9999999999999998,0.2,0.08,0.14040114613180515,0.05475881985554127,0.2547588198555413
270,0.9468737254231876,0.4661053702746732,0.9453664591086548,0.4664762474667581,0.2504925777620293,0.46096277003053826,0.6217765042979942,0.3672183548282588,0.3750282552084005,0.08022922636103152,0.62,0.3672842860843142,0.37466743563999866,0.08,0.1346704871060172,0.15428571428571428,0.002857142857142857,25.897142857142857,0.17191977077363896,0.0,5.53784890524679e-18,0.12080224131810505,11.558739255014327,0.023080276299375133,0.045111359969765674,0.16384816577962508,0.08022922636103152,0,0.1976697113067531,0.28705870981712905,7.374154396180455,0.8698972180084482,0.0,1.0,0.0,0.3,0.0,0.9999999999999998,0.2,0.08,0.1346704871060172,0.05461605525987503,0.254616055259875
271,0.9459374461318246,0.46652065805908116,0.9444328549009814,0.4668900572222488,0.2504925777620293,0.4610663548091613,0.6361031518624641,0.3672183548282588,0.3750282552084005,0.08022922636103152,0.6342857142857142,0.3672842860843142,0.37466743563999866,0.08,0.12893982808022922,0.15714285714285714,0.002857142857142857,25.99142857142857,0.17191977077363896,0.0,5.545505053361712e-18,0.12072916455303304,11.558739255014327,0.02238786801039388,0.04378809832508257,0.16343272080623633,0.08022922636103152,0,0.197423363464505,0.28562341626804344,7.383814165399703,0.8524992736482793,0.0,1.0,0.0,0.3,0.0,0.9999999999999998,0.2,0.08,0.12893982808022922,0.05447757360207878,0.2544775736020788
272,0.9450207128640691,0.46627001425912584,0.9435187408711337,0.46663574283601456,0.2504925777620293,0.4611855993057831,0.6189111747851003,0.3672183548282588,0.3750282552084005,0.08022922636103152,0.6171428571428571,0.3672842860843142,0.37466743563999866,0.08,0.11461318051575932,0.12857142857142856,0.002857142857142857,26.105714285714285,0.16905444126074498,0.0,5.552976380785314e-18,0.12065828009091313,11.558739255014327,0.021716231970082062,0.04250278250323991,0.16302973918204924,0.08022922636103152,0,0.19697881807575393,0.28419529918670317,7.3647093106631365,0.8354492881753136,0.0,1.0,0.0,0.3,0.0,0.9999999999999998,0.2,0.08,0.11461318051575932,0.054343246394016415,0.2543432463940164
273,0.9450042548263474,0.4660190963884804,0.943502329856377,0.4663958297793185,0.2504925777620293,0.46127970594069706,0.6475644699140402,0.3672183548282588,0.3750282552084005,0.08022922636103152,0.6457142857142857,0.3672842860843142,0.37466743563999866,0.08,0.14040114613180515,0.16857142857142857,0.002857142857142857,26.197142857142858,0.16905444126074498,0.0,5.560265986154514e-18,0.12058952216265688,11.558739255014327,0.0210647450109796,0.04125437545780075,0.16263884700658776,0.08022922636103152,0,0.19687835327108943,0.2827743226907697,7.3859865530213025,0.8187403024118074,0.0,1.0,0.0,0.3,0.0,0.9999999999999998,0.2,0.08,0.14040114613180515,0.05421294900219592,0.25421294900219593
274,0.9455088338940385,0.46593466938804046,0.944005467269589,0.46629093510585756,0.2504925777620293,0.4614131309812385,0.6045845272206304,0.3672183548282588,0.3750282552084005,0.08022922636103152,0.6028571428571429,0.3672842860843142,0.37466743563999866,0.08,0.14040114613180515,0.15142857142857144,0.002857142857142857,26.33142857142857,0.16905444126074498,0.0,5.567377002361851e-18,0.12052282697224827,11.558739255014327,0.02043280266065021,0.040041865456103776,0.16225968159639012,0.08022922636103152,0,0.19649381864759116,0.28136045107731583,7.389695393389448,0.8023654963635712,0.0,1.0,0.0,0.3,0.0,0.9999999999999998,0.2,0.08,0.14040114613180515,0.05408656053213005,0.25408656053213
275,0.9456967655288749,0.4653289369506921,0.9441928619568973,0.4657258343211157,0.2504925777620293,0.46164897375746317,0.6332378223495702,0.36710374164774306,0.3749422953230137,0.08022922636103152,0.6314285714285715,0.3671700003700285,0.37458172135428436,0.08,0.12607449856733524,0.15142857142857144,0.002857142857142857,26.474285714285713,0.166189111747851,0.0,5.5743125894550476e-18,0.12045813263755195,11.558739255014327,0.019819818580830706,0.038864265646124774,0.16189189114849842,0.08022922636103152,0,0.19659649241149607,0.2799536488219292,7.39333005695023,0.8047946434192325,0.0,0.9811320754716981,0.0,0.3,0.0,0.9999999999999998,0.2,0.08,0.12607449856733524,0.053963963716166144,0.25396396371616614
276,0.9450518741928238,0.46446841893833785,0.9435498131675206,0.46490215053028694,0.2504925777620293,0.4617972993929406,0.6361031518624641,0.36698912846722725,0.37485633543762686,0.08022922636103152,0.6342857142857142,0.3670557146557428,0.37449600706857006,0.08,0.10888252148997135,0.12571428571428572,0.002857142857142857,26.605714285714285,0.166189111747851,0.0,5.581075927990158e-18,0.12039537913289645,11.558739255014327,0.019225224023405783,0.037720613618443255,0.16153513441404346,0.08022922636103152,0,0.19658450994943857,0.2785538805778196,7.3711777415255115,0.8254580689187592,0.0,0.9772727272727273,0.0,0.3,0.0,0.9999999999999998,0.2,0.08,0.10888252148997135,0.05384504480468116,0.2538450448046812
277,0.9461648276759335,0.4640176575067623,0.9446595867835355,0.46441017733698214,0.2504925777620293,0.4619496269709836,0.6189111747851003,0.3668745152867115,0.37477037555224,0.08022922636103152,0.6171428571428571,0.36694142894145704,0.3744102927828558,0.08,0.10601719197707736,0.12571428571428572,0.002857142857142857,26.68285714285714,0.16332378223495703,0.0,5.5876702128198695e-18,0.12033450823338068,11.558739255014327,0.01864846730270361,0.036609970964401994,0.16118908038162216,0.08022922636103152,0,0.19668601739969135,0.2771611111749305,7.349468472409287,0.8170728068875467,0.0,0.9772727272727273,0.0,0.3,0.0,0.9999999999999998,0.2,0.08,0.10601719197707736,0.053729693460540726,0.2537296934605407
278,0.9464027241062799,0.46434740257724133,0.9448968035097954,0.4647217527703708,0.2504925777620293,0.4621860268475604,0.6475644699140402,0.36670259551593787,0.37464143572415987,0.08022922636103152,0.6457142857142857,0.36677000037002844,0.3742817213542844,0.08,0.1174785100286533,0.12857142857142856,0.002857142857142857,26.78857142857143,0.16332378223495703,0.0,5.594098647298743e-18,0.1202754634608504,11.558739255014327,0.0180890132836225,0.03553142283146549,0.1608534079701735,0.08022922636103152,0,0.19724416016983579,0.2757753056190558,7.331050531532529,0.8117019483685827,0.0,0.9555555555555556,0.0,0.3,0.0,0.9999999999999998,0.2,0.08,0.1174785100286533,0.0536178026567245,0.2536178026567245
279,0.9463055831576394,0.4646258205723969,0.9447999401067224,0.4649940705091787,0.2504925777620293,0.46249661510962686,0.6532951289398281,0.36670259551593787,0.37464143572415987,0.08022922636103152,0.6514285714285715,0.36677000037002844,0.3742817213542844,0.08,0.1318051575931232,0.1457142857142857,0.002857142857142857,26.89142857142857,0.16332378223495703,0.0,5.600364437887224e-18,0.120218190031496,11.558739255014327,0.017546342885113825,0.03448407747671345,0.16052780573106828,0.08022922636103152,0,0.1969995122261295,0.2743964290909605,7.330143806616165,0.7954679094012109,0.0,1.0,0.0,0.3,0.0,0.9999999999999998,0.2,0.08,0.1318051575931232,0.05350926857702277,0.2535092685770228
280,0.9452518666268519,0.46380255494702355,0.9437492341945942,0.4641913965384744,0.2504925777620293,0.46280985401651725,0.6418338108882522,0.36670259551593787,0.37464143572415987,0.08022922636103152,0.64,0.36677000037002844,0.3742817213542844,0.08,0.09455587392550144,0.10857142857142857,0.002857142857142857,27.002857142857142,0.166189111747851,0.0,5.606470789136641e-18,0.1201626348050222,11.558739255014327,0.01701995259856041,0.03346706581933134,0.16021197155913625,0.08022922636103152,0,0.19652822966499883,0.2730244469455057,7.292112359055269,0.7795585512131867,0.0,1.0,0.0,0.3,0.0,0.9999999999999998,0.2,0.08,0.09455587392550144,0.053403990519712084,0.2534039905197121
281,0.9453331343374831,0.46371184591701686,0.9438302697117664,0.4640981598043911,0.2504925777620293,0.4629717488551694,0.6532951289398281,0.36670259551593787,0.37464143572415987,0.08022922636103152,0.6514285714285715,0.36677000037002844,0.3742817213542844,0.08,0.09742120343839542,0.11142857142857143,0.002857142857142857,27.077142857142857,0.16905444126074498,0.0,5.612420899037624e-18,0.12010874623534269,11.558739255014327,0.0165093540206036,0.03247954099289663,0.15990561241236215,0.08022922636103152,0,0.1961730178023881,0.2716593247107782,7.257698683302736,0.763967380188923,0.0,1.0,0.0,0.3,0.0,0.9999999999999998,0.2,0.08,0.09742120343839542,0.05330187080412072,0.2533018708041207
282,0.9458920470347827,0.4633023043005859,0.9443875855156453,0.4636974094813064,0.2504925777620293,0.4631083855001817,0.5902578796561605,0.36664528892568,0.3745984557814664,0.08022922636103152,0.5885714285714285,0.3667128575128856,0.3742388642114272,0.08,0.11461318051575932,0.14,0.002857142857142857,27.185714285714287,0.17191977077363896,0.0,5.618217954714789e-18,0.12005647432275347,11.558739255014327,0.01601407339998549,0.03152067789819646,0.15960844403999128,0.08022922636103152,0,0.19639029913837613,0.2703010280872243,7.252544709636681,0.7650903006520862,0.0,0.9795918367346939,0.0,0.3,0.0,0.9999999999999998,0.2,0.08,0.11461318051575932,0.0532028146799971,0.2532028146799971
283,0.9454009843062893,0.4635866817651387,0.9438979258235191,0.4639690709356778,0.2504925777620293,0.4631823489548099,0.6418338108882522,0.3665879823354221,0.374555475838773,0.08022922636103152,0.64,0.36665571465574276,0.37419600706857004,0.08,0.1346704871060172,0.16,0.002857142857142857,27.291428571428572,0.17191977077363896,0.0,5.6238651284508636e-18,0.12000577056754202,11.558739255014327,0.015533651197985924,0.030589672757253217,0.15932019071879155,0.08022922636103152,0,0.19657849192839855,0.26894952294678814,7.267493815443948,0.8529088435441705,0.0,0.9821428571428571,0.0,0.3,0.0,0.9999999999999998,0.2,0.08,0.1346704871060172,0.05310673023959719,0.2531067302395972
284,0.9461948588014734,0.4634783673886452,0.9446895321058595,0.46387976965945993,0.2504925777620293,0.4631220291157944,0.6189111747851003,0.3665879823354221,0.374555475838773,0.08022922636103152,0.6171428571428571,0.36665571465574276,0.37419600706857004,0.08,0.1346704871060172,0.15142857142857144,0.002857142857142857,27.36,0.17191977077363896,0.0,5.6293655740239334e-18,0.1199565879249869,11.558739255014327,0.015067641662046346,0.02968574266917945,0.1590405849972278,0.08022922636103152,0,0.19628074232589943,0.2676047753320542,7.27357251056364,0.8358506666732871,0.0,1.0,0.0,0.3,0.0,0.9999999999999998,0.2,0.08,0.1346704871060172,0.05301352833240927,0.25301352833240925
285,0.9440835500817132,0.46348607252952384,0.9425842556967274,0.46384760295882976,0.2504925777620293,0.46300038516005715,0.6017191977077364,0.36612952961335904,0.37421163629722576,0.08022922636103152,0.6,0.36619857179859994,0.3738531499257129,0.08,0.1318051575931232,0.15428571428571428,0.002857142857142857,27.465714285714284,0.17191977077363896,0.0,5.634722423341856e-18,0.11990888076170836,11.558739255014327,0.014615612412184955,0.028808125168431453,0.15876936744731096,0.08022922636103152,0,0.19761333861426994,0.26626675145539397,7.2823867746380815,0.8754321799220495,0.0,0.9259259259259259,0.0,0.3,0.0,0.9999999999999998,0.2,0.08,0.1318051575931232,0.052923122482436996,0.252923122482437
286,0.9438593435808068,0.4629362406168881,0.9423606897858237,0.4632929239047674,0.2504925777620293,0.46281444128553056,0.5873925501432665,0.36612952961335904,0.37421163629722576,0.08022922636103152,0.5857142857142857,0.36619857179859994,0.3738531499257129,0.08,0.11174785100286533,0.12857142857142856,0.002857142857142857,27.548571428571428,0.17191977077363896,0.0,5.639938783358414e-18,0.11986260481332825,11.558739255014327,0.014177144039819406,0.027956077785981637,0.15850628642389164,0.08022922636103152,0,0.19713941477834143,0.26493541769811696,7.265310467716748,0.8579235363236084,0.0,1.0,0.0,0.3,0.0,0.9999999999999998,0.2,0.08,0.11174785100286533,0.05283542880796389,0.2528354288079639
287,0.9431621115531694,0.46198683896234755,0.9416654498496939,0.4623896976115753,0.2504925777620293,0.4626559927008148,0.6189111747851003,0.3660722230231012,0.3741686563545323,0.08022922636103152,0.6171428571428571,0.366141428941457,0.37381029278285577,0.08,0.12320916905444126,0.15142857142857144,0.002857142857142857,27.64,0.16905444126074498,0.0,5.645017733256272e-18,0.11981771714339952,11.558739255014327,0.013751829718624823,0.027128877613884494,0.1582510978311749,0.08022922636103152,0,0.19749443627230687,0.2636107406096264,7.271432829790984,0.9057655331200002,0.0,0.9811320754716981,0.0,0.3,0.0,0.9999999999999998,0.2,0.08,0.12320916905444126,0.05275036594372497,0.25275036594372496
288,0.9426319114645374,0.46231895928594957,0.9411367646184576,0.46268691969680015,0.2504925777620293,0.46251192482018244,0.664756446991404,0.3660722230231012,0.3741686563545323,0.08022922636103152,0.6628571428571428,0.366141428941457,0.37381029278285577,0.08,0.12893982808022922,0.1657142857142857,0.002857142857142857,27.757142857142856,0.17191977077363896,0.0,5.649962321882235e-18,0.11977417610356865,11.558739255014327,0.013339274827066079,0.026325820873665307,0.15800356489623965,0.08022922636103152,0,0.19713553551951674,0.2622926869065783,7.29171845890945,0.8876502224576002,0.0,1.0,0.0,0.3,0.0,0.9999999999999998,0.2,0.08,0.12893982808022922,0.05266785496541322,0.2526678549654132
289,0.9427792933230047,0.4621977085455112,0.9412837253859009,0.4625854609452247,0.2504925777620293,0.4624425899271815,0.6934097421203438,0.36601491643284334,0.3741256764118389,0.08022922636103152,0.6914285714285714,0.3660842860843142,0.37376743563999865,0.08,0.12893982808022922,0.14857142857142858,0.002857142857142857,27.84285714285714,0.17765042979942694,0.0,5.654775565420903e-18,0.1197319412949327,11.558739255014327,0.012939096582254096,0.025546222488924686,0.15776345794935245,0.08022922636103152,0,0.19717800141334774,0.2609812234720454,7.294455518302689,0.8894949587776007,0.0,0.9807692307692307,0.0,0.3,0.0,0.9999999999999998,0.2,0.08,0.12893982808022922,0.052587819316450825,0.2525878193164508
290,0.9432134722815617,0.4614173382948501,0.9417166638331477,0.4618084880948743,0.2504925777620293,0.46227068037206004,0.6389684813753582,0.36601491643284334,0.3741256764118389,0.08022922636103152,0.6371428571428571,0.3660842860843142,0.37376743563999865,0.08,0.1346704871060172,0.15142857142857144,0.002857142857142857,27.974285714285713,0.17478510028653296,0.0,5.659460445293253e-18,0.11969097353055581,11.558739255014327,0.012550923684786473,0.02478941566250792,0.15753055421087186,0.08022922636103152,0,0.1969343971205667,0.25967631735468516,7.299994979365207,0.8717050596020486,0.0,1.0,0.0,0.3,0.0,0.9999999999999998,0.2,0.08,0.1346704871060172,0.052510184736957295,0.2525101847369573
291,0.9424492170910432,0.46156539904827376,0.9409545922288879,0.4619549814194994,0.2504925777620293,0.46203348211235273,0.6303724928366762,0.36601491643284334,0.3741256764118389,0.08022922636103152,0.6285714285714286,0.3660842860843142,0.37376743563999865,0.08,0.1174785100286533,0.15428571428571428,0.002857142857142857,28.08,0.17478510028653296,0.0,5.664019906267238e-18,0.11965123479911033,11.558739255014327,0.012174395974242878,0.024054751458558843,0.15730463758454571,0.08022922636103152,0,0.19654958227782102,0.25837793576791174,7.308280794063617,0.8542709584100077,0.0,1.0,0.0,0.3,0.0,0.9999999999999998,0.2,0.08,0.1174785100286533,0.05243487919484858,0.2524348791948486
292,0.9403237799001763,0.4620042443440287,0.938835227715709,0.4624134637372057,0.2504925777620293,0.4619245678863826,0.6389684813753582,0.3659003032523276,0.37403971652645207,0.08022922636103152,0.6371428571428571,0.36597000037002847,0.3736817213542843,0.08,0.1174785100286533,0.15142857142857144,0.002857142857142857,28.222857142857144,0.17478510028653296,0.0,5.668456854767971e-18,0.11961268822960806,11.558739255014327,0.011809164095015591,0.02334159838973804,0.15708549845700934,0.08022922636103152,0,0.1966235486521462,0.2570860460890722,7.313543749610916,0.8681255332467198,0.0,0.9811320754716981,0.0,0.3,0.0,0.9999999999999998,0.2,0.08,0.1174785100286533,0.05236183281900312,0.2523618328190031
293,0.9412090765197402,0.4622192618985327,0.93971799491636,0.4626008950214082,0.2504925777620293,0.46193568433495114,0.6361031518624641,0.3659003032523276,0.37403971652645207,0.08022922636103152,0.6342857142857142,0.36597000037002847,0.3736817213542843,0.08,0.11461318051575932,0.15142857142857144,0.002857142857142857,28.35142857142857,0.17191977077363896,0.0,5.672774157375605e-18,0.11957529805719094,11.558739255014327,0.011454889172165124,0.022649342009860907,0.15687293350329906,0.08022922636103152,0,0.19626871662317122,0.2558006158586268,7.318701446047268,0.8507630225817854,0.0,1.0,0.0,0.3,0.0,0.9999999999999998,0.2,0.08,0.11461318051575932,0.052290977834433025,0.25229097783443305
294,0.9410850767262334,0.46284509364977955,0.9395943494079776,0.4632374033714979,0.2504925777620293,0.4618991265684117,0.6475644699140402,0.36578569007181183,0.3739537566410653,0.08022922636103152,0.6457142857142857,0.36585571465574274,0.3735960070685701,0.08,0.11461318051575932,0.14,0.002857142857142857,28.442857142857143,0.16905444126074498,0.0,5.676974639499479e-18,0.11953902958994633,11.558739255014327,0.011111242497000169,0.021977384512174902,0.1566667454982001,0.08022922636103152,0,0.1963720887543411,0.25452161277933366,7.312327417126324,0.8337477621301497,0.0,0.9795918367346939,0.0,0.3,0.0,0.9999999999999998,0.2,0.08,0.11461318051575932,0.052222248499400034,0.25222224849940006
295,0.9422468776587241,0.46206585616204704,0.9407528309092326,0.4624731416870691,0.2504925777620293,0.46182708249310434,0.6189111747851003,0.3656710768912961,0.37386779675567844,0.08022922636103152,0.6171428571428571,0.36574142894145706,0.3735102927828557,0.08,0.11174785100286533,0.13142857142857142,0.002857142857142857,28.534285714285716,0.17191977077363896,0.0,5.681061084217627e-18,0.11950384917671904,11.558739255014327,0.010777905222090163,0.021325144333474655,0.1564667431332541,0.08022922636103152,0,0.19641837116771219,0.253249004715437,7.297509440212368,0.8208524980883252,0.0,0.9782608695652174,0.0,0.3,0.0,0.9999999999999998,0.2,0.08,0.11174785100286533,0.05215558104441804,0.25215558104441804
296,0.9435180860267219,0.46232902403115556,0.9420204072533218,0.4627885699739363,0.2504925777620293,0.46172296388401934,0.6045845272206304,0.36561377030103814,0.3738248168129851,0.08022922636103152,0.6028571428571429,0.3656842860843142,0.3734674356399986,0.08,0.1318051575931232,0.15428571428571428,0.002857142857142857,28.65714285714286,0.17191977077363896,0.0,5.685036231271234e-18,0.11946972417588862,11.558739255014327,0.010454568065427458,0.020692055764222284,0.15627274083925646,0.08022922636103152,0,0.19660656645473076,0.2519827596918598,7.305844965693835,0.8378867836401486,0.0,0.9814814814814815,0.0,0.3,0.0,0.9999999999999998,0.2,0.08,0.1318051575931232,0.052090913613085495,0.2520909136130855
297,0.9430902848596794,0.4632539579593157,0.941593828375328,0.4636894574547618,0.2504925777620293,0.4616374205710526,0.6131805157593123,0.36561377030103814,0.3738248168129851,0.08022922636103152,0.6114285714285714,0.3656842860843142,0.3734674356399986,0.08,0.12034383954154727,0.14857142857142858,0.002857142857142857,28.78,0.17478510028653296,0.0,5.688902776204058e-18,0.11943662292508302,11.558739255014327,0.010140931023464634,0.02007756856482179,0.15608455861407877,0.08022922636103152,0,0.19630867719388573,0.25072284589340055,7.308299494951387,0.8211290479673455,0.0,1.0,0.0,0.3,0.0,0.9999999999999998,0.2,0.08,0.12034383954154727,0.052028186204692926,0.2520281862046929
298,0.9439786423788108,0.46279099453366873,0.942479647730119,0.46322679455476273,0.2504925777620293,0.461639138203996,0.6389684813753582,0.36561377030103814,0.3738248168129851,0.08022922636103152,0.6371428571428571,0.3656842860843142,0.3734674356399986,0.08,0.12893982808022922,0.14857142857142858,0.002857142857142857,28.914285714285715,0.17191977077363896,0.0,5.69266336963736e-18,0.11940451471180168,11.558739255014327,0.009836703092760694,0.019481147588170877,0.1559020218556564,0.08022922636103152,0,0.19592656309363057,0.2494692316639335,7.310704933623788,0.8047064670079986,0.0,1.0,0.0,0.3,0.0,0.9999999999999998,0.2,0.08,0.12893982808022922,0.05196734061855214,0.25196734061855214
299,0.9430535818399157,0.4629175682806184,0.9415572302213351,0.4633638326868686,0.2504925777620293,0.4615689498388088,0.6131805157593123,0.3655564637107803,0.3737818368702916,0.08022922636103152,0.6114285714285714,0.36562714322717127,0.3734245784971415,0.08,0.12607449856733524,0.16285714285714287,0.002857142857142857,29.06,0.17765042979942694,0.0,5.696320616671293e-18,0.11937336974491872,11.558739255014327,0.009541601999977873,0.018902272408594767,0.15572496119998672,0.08022922636103152,0,0.19608921599244808,0.24822188550561386,7.327347977808456,0.7923309814760112,0.0,0.9824561403508771,0.0,0.3,0.0,0.9999999999999998,0.2,0.08,0.12607449856733524,0.05190832039999558,0.25190832039999556
300,0.942270922561558,0.4621947728865186,0.9407768071123441,0.4626885559118222,0.2504925777620293,0.46138737376097555,0.6418338108882522,0.36549915712052244,0.37373885692759823,0.08022922636103152,0.64,0.36557000037002846,0.3733817213542844,0.08,0.1346704871060172,0.14,0.002857142857142857,29.19142857142857,0.17765042979942694,0.0,5.699877076404138e-18,0.11934315912704234,11.558739255014327,0.009255353939978537,0.01834043695724641,0.15555321236398711,0.08022922636103152,0,0.196108627055343,0.24698077607808577,7.320801018252285,0.8022013247366321,0.0,0.9795918367346939,0.0,0.3,0.0,0.9999999999999998,0.2,0.08,0.1346704871060172,0.05185107078799571,0.25185107078799573
301,0.9426966124439318,0.46180400638773234,0.9412012807379113,0.4622896531516488,0.2504925777620293,0.4612588330275491,0.6074498567335244,0.36549915712052244,0.37373885692759823,0.08022922636103152,0.6057142857142858,0.36557000037002846,0.3733817213542844,0.08,0.1346704871060172,0.17142857142857143,0.002857142857142857,29.322857142857142,0.17765042979942694,0.0,5.703335261561262e-18,0.11931385482770217,11.558739255014327,0.00897769332177918,0.017795149164042123,0.1553866159930675,0.08022922636103152,0,0.19578494106292346,0.24574587219769536,7.345813569315811,0.7861572982418995,0.0,1.0,0.0,0.3,0.0,0.9999999999999998,0.2,0.08,0.1346704871060172,0.051795538664355836,0.25179553866435583
302,0.9408632534300994,0.4623009946097571,0.9393731598926894,0.4627799540037657,0.2504925777620293,0.4609341285630233,0.6189111747851003,0.36549915712052244,0.37373885692759823,0.08022922636103152,0.6171428571428571,0.36557000037002846,0.3733817213542844,0.08,0.10315186246418338,0.13428571428571429,0.002857142857142857,29.457142857142856,0.18051575931232092,0.0,5.706697638225993e-18,0.11928542965734222,11.558739255014327,0.008708362522125803,0.017265930606182978,0.15522501751327547,0.08022922636103152,0,0.19531987421475167,0.2445171428367069,7.333183012215208,0.7704341522770615,0.0,1.0,0.0,0.3,0.0,0.9999999999999998,0.2,0.08,0.10315186246418338,0.051741672504425164,0.25174167250442514
303,0.9404828235336196,0.46140810430852613,0.9389938169387712,0.4618609578564079,0.2504925777620293,0.4608031257148753,0.5845272206303725,0.3652699307594909,0.3735669371568246,0.08022922636103152,0.5828571428571429,0.36534142894145705,0.37321029278285583,0.08,0.1318051575931232,0.14857142857142858,0.002857142857142857,29.577142857142857,0.1833810888252149,0.0,5.709966625665088e-18,0.11925785724209303,11.558739255014327,0.008447111646462028,0.016752316163297643,0.1550682669878772,0.08022922636103152,0,0.19588527484367793,0.24329455712252335,7.335090780542333,0.8028804848122189,0.0,0.9615384615384616,0.0,0.3,0.0,0.9999999999999998,0.2,0.08,0.1318051575931232,0.05168942232929241,0.2516894223292924
304,0.9416974376879698,0.4622082212280676,0.9402049607669661,0.46267391074433395,0.2504925777620293,0.4606593009945142,0.6103151862464183,0.3651553175789751,0.37348097727143775,0.08022922636103152,0.6085714285714285,0.36522714322717137,0.37312457849714153,0.08,0.1174785100286533,0.13714285714285715,0.002857142857142857,29.685714285714287,0.18051575931232092,0.0,5.7131445962418284e-18,0.11923111199930134,11.558739255014327,0.008193698297068168,0.01625385367923049,0.1549162189782409,0.08022922636103152,0,0.19593384846945955,0.24268739493726801,7.3255318220743435,0.8069076944806424,0.0,0.9791666666666666,0.0,0.3,0.0,0.9999999999999998,0.2,0.08,0.1174785100286533,0.05163873965941364,0.25163873965941363
305,0.9405818171305813,0.4628086134043906,0.9390925276968844,0.46329499491401344,0.2504925777620293,0.4606208483487885,0.670487106017192,0.3650407043984594,0.37339501738605096,0.08022922636103152,0.6685714285714286,0.36511285751288564,0.37303886421142723,0.08,0.12607449856733524,0.15714285714285714,0.002857142857142857,29.794285714285714,0.18051575931232092,0.0,5.716233875410099e-18,0.11920516911379345,11.558739255014327,0.007947887348156123,0.01577010363048381,0.15476873240889366,0.08022922636103152,0,0.19606789351282652,0.2414739579625817,7.336164042775714,0.8023654963635712,0.0,0.9818181818181818,0.0,0.3,0.0,0.9999999999999998,0.2,0.08,0.12607449856733524,0.05158957746963123,0.25158957746963123
306,0.940386251657409,0.4633411603943173,0.938897520982207,0.4638492483333405,0.2504925777620293,0.46060321755900335,0.6217765042979942,0.3650407043984594,0.37339501738605096,0.08022922636103152,0.62,0.36511285751288564,0.37303886421142723,0.08,0.14613180515759314,0.17714285714285713,0.002857142857142857,29.931428571428572,0.17765042979942694,0.0,5.719236741783286e-18,0.11918000451485074,11.558739255014327,0.0077094507277114385,0.015300638801311273,0.15462567043662687,0.08022922636103152,0,0.19580126904526238,0.24026658817276877,7.366583619063056,0.7863181864362998,0.0,1.0,0.0,0.3,0.0,0.9999999999999998,0.2,0.08,0.14613180515759314,0.05154189014554229,0.2515418901455423
307,0.9400223302229886,0.4630831859487996,0.9385346393233135,0.46359946661458656,0.2504925777620293,0.4605730176798736,0.5530085959885387,0.36492609121794356,0.3733090575006641,0.08022922636103152,0.5514285714285714,0.3649985717985999,0.37295314992571293,0.08,0.11174785100286533,0.12571428571428572,0.002857142857142857,30.057142857142857,0.18051575931232092,0.0,5.722155427272007e-18,0.11915559485387628,11.558739255014327,0.007478167205880095,0.0148450439654505,0.15448690032352805,0.08022922636103152,0,0.19616511984289323,0.251960070340283,7.3449662323960805,0.7863181864362998,0.0,0.9545454545454546,0.0,0.3,0.0,0.9999999999999998,0.2,0.08,0.11174785100286533,0.051495633441176025,0.25149563344117604
308,0.9412020521684167,0.4639146775837256,0.9397109906346117,0.46445496266751035,0.2504925777620293,0.46038534777003737,0.5845272206303725,0.36481147803742786,0.37322309761527733,0.08022922636103152,0.5828571428571429,0.3648842860843142,0.3728674356399987,0.08,0.13753581661891118,0.16857142857142857,0.002857142857142857,30.18285714285714,0.18051575931232092,0.0,5.7249921172851986e-18,0.11913191748273116,11.558739255014327,0.007253822189703692,0.014402915574471264,0.15435229331382222,0.08022922636103152,0,0.19678357995796447,0.25899170391757337,7.366638336319587,0.8598059203236089,0.0,0.9661016949152542,0.0,0.3,0.0,0.9999999999999998,0.2,0.08,0.13753581661891118,0.05145076443794074,0.25145076443794073
309,0.9418522788611575,0.4640513109920716,0.940359359536802,0.4646528000331425,0.2504925777620293,0.46020678081631367,0.5988538681948424,0.36481147803742786,0.37322309761527733,0.08022922636103152,0.5971428571428572,0.3648842860843142,0.3728674356399987,0.08,0.14326647564469913,0.17714285714285713,0.002857142857142857,30.274285714285714,0.1833810888252149,0.0,5.727748950989219e-18,0.11910895043272031,11.558739255014327,0.007036207524012581,0.01397386145270807,0.15422172451440755,0.08022922636103152,0,0.19642809062960323,0.25769674539798554,7.396448426736052,0.8426098019171367,0.0,1.0,0.0,0.3,0.0,0.9999999999999998,0.2,0.08,0.14326647564469913,0.05140724150480252,0.25140724150480254
310,0.9417933481946945,0.46488512861675374,0.9403005972436718,0.46543986781748425,0.2504925777620293,0.4599069756926332,0.5959885386819485,0.36481147803742786,0.37322309761527733,0.08022922636103152,0.5942857142857143,0.3648842860843142,0.3728674356399987,0.08,0.1318051575931232,0.15714285714285714,0.002857142857142857,30.405714285714286,0.18051575931232092,0.0,5.7304280216200914e-18,0.11908667239420986,11.558739255014327,0.006825121298292203,0.013557500498734498,0.15409507277897533,0.08022922636103152,0,0.19637772335999917,0.2564082616709956,7.4056623153441885,0.825757605878794,0.0,1.0,0.0,0.3,0.0,0.9999999999999998,0.2,0.08,0.1318051575931232,0.05136502425965844,0.25136502425965845
311,0.9407866074703373,0.46426456621472556,0.939296732921384,0.46485985072057184,0.2504925777620293,0.4596883057023766,0.5988538681948424,0.36469686485691205,0.3731371377298905,0.08022922636103152,0.5971428571428572,0.3647700003700285,0.3727817213542844,0.08,0.11461318051575932,0.14285714285714285,0.002857142857142857,30.502857142857142,0.19197707736389685,0.0,5.7330313768441774e-18,0.11906506269685466,11.558739255014327,0.006620367659343437,0.013153462393335258,0.15397222059560606,0.08022922636103152,0,0.19639554902891349,0.2551262203626406,7.400406211894447,0.8883659337739511,0.0,0.98,0.0,0.3,0.0,0.9999999999999998,0.2,0.08,0.11461318051575932,0.05132407353186869,0.2513240735318687
312,0.9407571566152798,0.46373191710933664,0.9392673662116269,0.4643143076325292,0.2504925777620293,0.45946062883367095,0.5759312320916905,0.36458225167639635,0.37305117784450365,0.08022922636103152,0.5742857142857143,0.36465571465574276,0.3726960070685701,0.08,0.14326647564469913,0.15714285714285714,0.002857142857142857,30.614285714285714,0.19484240687679083,0.0,5.735561019162933e-18,0.11904410129042015,11.558739255014327,0.006421756629563133,0.012761387313916961,0.15385305397773788,0.08022922636103152,0,0.19655542914091176,0.25385058926082743,7.409540944799415,0.8932097376619557,0.0,0.9818181818181818,0.0,0.3,0.0,0.9999999999999998,0.2,0.08,0.14326647564469913,0.05128435132591263,0.25128435132591265
313,0.9409344857596434,0.4632026037977626,0.9394441887012921,0.46375395780938367,0.2504925777620293,0.4591497723736155,0.6446991404011462,0.36441033190562266,0.3729222380164235,0.08022922636103152,0.6428571428571429,0.36448428608431416,0.3725674356399986,0.08,0.14040114613180515,0.15142857142857144,0.002857142857142857,30.751428571428573,0.1977077363896848,0.0,5.7380189063575935e-18,0.1190237687261786,11.558739255014327,0.006229103930676239,0.012380925655299913,0.15373746235840574,0.08022922636103152,0,0.19754350913806434,0.2525813363145233,7.412778697331999,0.8876502224576002,0.0,0.9433962264150944,0.0,0.3,0.0,0.9999999999999998,0.2,0.08,0.14040114613180515,0.05124582078613525,0.2512458207861352
314,0.9415650612871901,0.4631027244625089,0.9400729625844741,0.46363060185641286,0.2504925777620293,0.4588554526601391,0.6475644699140402,0.36429571872510697,0.37283627813103665,0.08022922636103152,0.6457142857142857,0.3643700003700284,0.3724817213542844,0.08,0.11461318051575932,0.13142857142857142,0.002857142857142857,30.857142857142858,0.1977077363896848,0.0,5.7404069519699514e-18,0.1190040461388644,11.558739255014327,0.006042230812755952,0.012011737756823071,0.15362533848765356,0.08022922636103152,0,0.19755536302094548,0.2513184296329507,7.395951694813931,0.8900225492605499,0.0,0.9782608695652174,0.0,0.3,0.0,0.9999999999999998,0.2,0.08,0.11461318051575932,0.05120844616255119,0.25120844616255117
315,0.941386001426093,0.4638217630825927,0.9398944143229803,0.46437517879081075,0.2504925777620293,0.45855122051705666,0.5702005730659025,0.36423841213484903,0.37279329818834317,0.08022922636103152,0.5685714285714286,0.3643128575128856,0.37243886421142725,0.08,0.12893982808022922,0.1457142857142857,0.002857142857142857,30.96857142857143,0.20057306590257878,0.0,5.742727025815567e-18,0.11898491522916955,11.558739255014327,0.005860963888373273,0.011653493635690682,0.15351657833302396,0.08022922636103152,0,0.1977097290629836,0.25006183748478594,7.393746946631937,0.9104188811796118,0.0,0.9803921568627451,0.0,0.3,0.0,0.9999999999999998,0.2,0.08,0.12893982808022922,0.05117219277767466,0.25117219277767466
316,0.9418474365722095,0.4643421974049809,0.9403545310829652,0.4648602583653705,0.2504925777620293,0.4582477089572226,0.5816618911174785,0.36412379895433333,0.3727073383029564,0.08022922636103152,0.58,0.3641985717985999,0.37235314992571295,0.08,0.12893982808022922,0.14,0.002857142857142857,31.091428571428573,0.1977077363896848,0.0,5.744980954526036e-18,0.11896635824676557,11.558739255014327,0.005685134971722075,0.011305872726485089,0.15341108098303324,0.08022922636103152,0,0.19777760970338298,0.2596644531825795,7.385872007699298,0.8922105035560195,0.0,0.9795918367346939,0.0,0.3,0.0,0.9999999999999998,0.2,0.08,0.12893982808022922,0.051137026994344414,0.2511370269943444
317,0.9426707247987869,0.4644839712602984,0.9411754670574666,0.46499367673547687,0.2504925777620293,0.45807807297529807,0.5358166189111748,0.3640091857738175,0.37262137841756954,0.08022922636103152,0.5342857142857143,0.3640842860843142,0.37226743563999865,0.08,0.12320916905444126,0.1457142857142857,0.002857142857142857,31.225714285714286,0.20057306590257878,0.0,5.747170522117113e-18,0.11894835797383375,11.558739255014327,0.005514580922570412,0.010968563626765016,0.15330874855354223,0.08022922636103152,0,0.19793086451200886,0.26419627742980206,7.3838688532595995,0.8894949587776007,0.0,0.9803921568627451,0.0,0.3,0.0,0.9999999999999998,0.2,0.08,0.12320916905444126,0.05110291618451408,0.2511029161845141
318,0.9429043157031236,0.4648976219529587,0.9414083905592195,0.4654014113376042,0.2504925777620293,0.45784130878869456,0.5959885386819485,0.36395187918355965,0.3725783984748761,0.08022922636103152,0.5942857142857143,0.36402714322717133,0.37222457849714147,0.08,0.11461318051575932,0.1457142857142857,0.002857142857142857,31.35142857142857,0.1977077363896848,0.0,5.7492974705797164e-18,0.11893089770908985,11.558739255014327,0.0053491434948933,0.010641263848666926,0.15320948609693597,0.08022922636103152,0,0.19794106733230601,0.26287529604265303,7.381905761908692,0.9039207967999998,0.0,0.9803921568627451,0.0,0.3,0.0,0.9999999999999998,0.2,0.08,0.11461318051575932,0.051069828698978664,0.25106982869897865
319,0.9431790115305045,0.464756321109918,0.9416823015413792,0.46528798676006805,0.2504925777620293,0.45772203863948147,0.6017191977077364,0.3638372660030439,0.3724924385894894,0.08022922636103152,0.6,0.36391285751288566,0.3721388642114273,0.08,0.11461318051575932,0.13714285714285715,0.002857142857142857,31.465714285714284,0.1977077363896848,0.0,5.751363500491039e-18,0.11891396125228827,11.558739255014327,0.005188669190046501,0.010323679576421774,0.1531132015140279,0.08022922636103152,0,0.19803607770993015,0.26156091956243976,7.371410503813375,0.8894949587776007,0.0,0.9791666666666666,0.0,0.3,0.0,0.9999999999999998,0.2,0.08,0.11461318051575932,0.0510377338380093,0.2510377338380093
320,0.9446629884065989,0.4649909936441933,0.9431620384835421,0.46556588422322487,0.2504925777620293,0.4575411970827088,0.6189111747851003,0.3638372660030439,0.3724924385894894,0.08022922636103152,0.6171428571428571,0.36391285751288566,0.3721388642114273,0.08,0.11461318051575932,0.13714285714285715,0.002857142857142857,31.571428571428573,0.19197707736389685,0.0,5.7533702716431455e-18,0.11889753288919075,11.558739255014327,0.005033009114345106,0.010015525429698746,0.15301980546860705,0.08022922636103152,0,0.19758846874995195,0.26025311496462755,7.361125150879966,0.8717050596020486,0.0,1.0,0.0,0.3,0.0,0.9999999999999998,0.2,0.08,0.11461318051575932,0.05100660182286902,0.25100660182286905
321,0.9447180862993284,0.463591153499711,0.9432169789537209,0.4641797724045975,0.2504925777620293,0.45736616537194247,0.5959885386819485,0.3638372660030439,0.3724924385894894,0.08022922636103152,0.5942857142857143,0.36391285751288566,0.3721388642114273,0.08,0.1318051575931232,0.15714285714285714,0.002857142857142857,31.7,0.19197707736389685,0.0,4.9033291772786255e-18,0.12945153205918283,11.558739255014327,0.10503300911434511,0.18946926559954713,0.21301980546860705,0.08022922636103152,0,0.1973706706919165,0.2589518493898044,7.371045505005222,0.8542709584100077,0.0,1.0,0.0,0.3,0.0,0.9999999999999998,0.2,0.08,0.1318051575931232,0.07100660182286903,0.271006601822869
322,0.9448867680360946,0.4633267916823016,0.9433851787426678,0.4638932046573161,0.2504925777620293,0.45722527905649324,0.6246418338108882,0.36372265282252814,0.37240647870410254,0.08022922636103152,0.6228571428571429,0.3637985717985999,0.37205314992571287,0.08,0.1489971346704871,0.16285714285714287,0.002857142857142857,31.825714285714287,0.19197707736389685,0.0,4.919646152865757e-18,0.12911897657187846,11.558739255014327,0.10188201884091476,0.1843451877176906,0.21112921130454884,0.08022922636103152,0,0.19744067448131403,0.25765709014285537,7.386481737762262,0.8709348650628471,0.0,0.9824561403508771,0.0,0.3,0.0,0.9999999999999998,0.2,0.08,0.1489971346704871,0.07037640376818295,0.27037640376818295
323,0.9428837512502617,0.46417384068059003,0.9413878848619373,0.46476106517973464,0.2504925777620293,0.4570399717887665,0.6275071633237822,0.36366534623227026,0.37236349876140906,0.08022922636103152,0.6257142857142857,0.36374142894145706,0.3720102927828558,0.08,0.12034383954154727,0.14285714285714285,0.002857142857142857,31.945714285714285,0.19484240687679083,0.0,4.935969005153882e-18,0.12879639774919324,11.558739255014327,0.09882555827568731,0.17934388346528107,0.2092953349654124,0.08022922636103152,0,0.19742461396605032,0.25636880469214113,7.3816092458641585,0.8827018429418446,0.0,0.98,0.0,0.3,0.0,0.9999999999999998,0.2,0.08,0.12034383954154727,0.06976511165513746,0.26976511165513745
324,0.9422956755417333,0.4643847196595952,0.9408014893697187,0.4649566021029036,0.2504925777620293,0.4568819866608045,0.6446991404011462,0.36366534623227026,0.37236349876140906,0.08022922636103152,0.6428571428571429,0.36374142894145706,0.3720102927828558,0.08,0.10028653295128939,0.11142857142857143,0.002857142857142857,32.04571428571428,0.19197707736389685,0.0,4.952280619725727e-18,0.12848349629118852,11.558739255014327,0.0958607915274167,0.17446332010095666,0.20751647491645,0.08022922636103152,0,0.19700820518193438,0.2550869606686804,7.345405632375447,0.8650478060830077,0.0,1.0,0.0,0.3,0.0,0.9999999999999998,0.2,0.08,0.10028653295128939,0.06917215830548334,0.26917215830548336
325,0.9424415258736483,0.46391675041682573,0.9409469229863998,0.46450821741419435,0.2504925777620293,0.4567143123043628,0.6303724928366762,0.36360803964201244,0.3723477460995559,0.08022922636103152,0.6285714285714286,0.3636842860843142,0.3719945851286079,0.08,0.13753581661891118,0.15714285714285714,0.002857142857142857,32.16285714285714,0.19197707736389685,0.0,4.968564545286577e-18,0.128179981876924,11.558739255014327,0.0929849677815942,0.16970144293480105,0.2057909806689565,0.08022922636103152,0,0.19722216415602467,0.27138664748884067,7.355640376870794,0.8904639168974998,0.0,0.9818181818181818,0.0,0.3,0.0,0.9999999999999998,0.2,0.08,0.13753581661891118,0.06859699355631885,0.26859699355631883
326,0.9423959062751516,0.46518692069450246,0.940901433729613,0.46576012816429074,0.2504925777620293,0.4564264249410369,0.5959885386819485,0.36360803964201244,0.3723477460995559,0.08022922636103152,0.5942857142857143,0.3636842860843142,0.3719945851286079,0.08,0.13753581661891118,0.16857142857142857,0.002857142857142857,32.27428571428572,0.18911174785100288,0.0,4.984805015272763e-18,0.1278855728950874,11.558739255014327,0.09019541874814636,0.16505617971978281,0.2041172512488878,0.08022922636103152,0,0.19769305333524456,0.27002971425139644,7.377098997904806,0.8726546385595498,0.0,1.0,0.0,0.3,0.0,0.9999999999999998,0.2,0.08,0.13753581661891118,0.06803908374962928,0.26803908374962926
327,0.9422994784456797,0.46434716949908483,0.9408052814082255,0.4649341260793941,0.2504925777620293,0.45615981934554856,0.6074498567335244,0.3635507330517545,0.3723047661568625,0.08022922636103152,0.6057142857142858,0.3636271432271713,0.3719517279857507,0.08,0.14326647564469913,0.16,0.002857142857142857,32.394285714285715,0.18911174785100288,0.0,5.0009869643979924e-18,0.1275999961827059,11.558739255014327,0.08748955618570196,0.16052544478119457,0.20249373371142118,0.08022922636103152,0,0.1990468744971398,0.26867956568013945,7.389557017946712,0.8960255088627584,0.0,0.9821428571428571,0.0,0.3,0.0,0.9999999999999998,0.2,0.08,0.14326647564469913,0.0674979112371404,0.2674979112371404
328,0.9412064211698321,0.464053022608002,0.939715347153166,0.46469343593413037,0.2504925777620293,0.45572868580577947,0.6246418338108882,0.36349342646149657,0.3722617862141691,0.08022922636103152,0.6228571428571429,0.3635700003700285,0.3719088708428936,0.08,0.12320916905444126,0.15142857142857144,0.002857142857142857,32.48,0.19197707736389685,0.0,5.017096040492091e-18,0.12732298677169582,11.558739255014327,0.0848648695001309,0.15610714289299887,0.20091892170007852,0.08022922636103152,0,0.19950849726751121,0.26733616785173875,7.393194449016347,0.8876502224576002,0.0,0.9811320754716981,0.0,0.3,0.0,0.9999999999999998,0.2,0.08,0.12320916905444126,0.06697297390002618,0.26697297390002617
329,0.9421960001062984,0.4639088199876495,0.9407020987212424,0.4645486822278664,0.2504925777620293,0.45549152405384774,0.6217765042979942,0.363321506690723,0.3721328463860888,0.08022922636103152,0.62,0.3633985717985999,0.37178029941432217,0.08,0.12607449856733524,0.14857142857142858,0.002857142857142857,32.60285714285714,0.19484240687679083,0.0,5.033118611987805e-18,0.12705428764301607,11.558739255014327,0.08231892341512698,0.15179917291011336,0.19939135404907618,0.08022922636103152,0,0.20000960133236065,0.26599948701248005,7.39390198860745,0.9606641924271312,0.0,0.9615384615384616,0.0,0.3,0.0,0.9999999999999998,0.2,0.08,0.12607449856733524,0.0664637846830254,0.2664637846830254
330,0.9415098313062341,0.4636466523046568,0.9400178904034641,0.4642486098139856,0.2504925777620293,0.45517135123756636,0.6131805157593123,0.363321506690723,0.3721328463860888,0.08022922636103152,0.6114285714285714,0.3633985717985999,0.37178029941432217,0.08,0.11174785100286533,0.13428571428571429,0.002857142857142857,32.7,0.19484240687679083,0.0,5.049041771408774e-18,0.12679364948819666,11.558739255014327,0.07984935571267317,0.14759943116573326,0.19790961342760388,0.08022922636103152,0,0.19960883975427027,0.2646694895774177,7.3803096631210146,0.9414509085785886,0.0,1.0,0.0,0.3,0.0,0.9999999999999998,0.2,0.08,0.11174785100286533,0.06596987114253464,0.2659698711425346
331,0.9402907742676105,0.4626082656753621,0.9388023163849506,0.46319829248709066,0.2504925777620293,0.4547148098202487,0.6532951289398281,0.363321506690723,0.3721328463860888,0.08022922636103152,0.6514285714285715,0.3633985717985999,0.37178029941432217,0.08,0.10601719197707736,0.12571428571428572,0.002857142857142857,32.84,0.19484240687679083,0.0,5.064853335205784e-18,0.12654083047802187,11.558739255014327,0.07745387504129297,0.14350581464281253,0.19647232502477577,0.08022922636103152,0,0.19926651269478463,0.26334614212953056,7.358417755572879,0.9226218904070168,0.0,1.0,0.0,0.3,0.0,0.9999999999999998,0.2,0.08,0.10601719197707736,0.0654907750082586,0.2654907750082586
332,0.9416130690296064,0.4619011692291534,0.9401208331619123,0.46250829829935397,0.2504925777620293,0.45442405618978904,0.6332378223495702,0.36320689351020724,0.37204688650070206,0.08022922636103152,0.6314285714285715,0.3632842860843142,0.3716945851286079,0.08,0.12893982808022922,0.15714285714285714,0.002857142857142857,32.94857142857143,0.18911174785100288,0.0,5.080541840279794e-18,0.12629559603815238,11.558739255014327,0.07513025879005418,0.13951622392880558,0.1950781552740325,0.08022922636103152,0,0.19946903798845356,0.2636727902238737,7.36839225760428,0.9080034353098887,0.0,0.9818181818181818,0.0,0.3,0.0,0.9999999999999998,0.2,0.08,0.12893982808022922,0.06502605175801084,0.26502605175801086
333,0.9402470097150503,0.46224466195809916,0.9387586768739691,0.46284107850582507,0.2504925777620293,0.4539356826676774,0.5644699140401146,0.36320689351020724,0.37204688650070206,0.08022922636103152,0.5628571428571428,0.3632842860843142,0.3716945851286079,0.08,0.1489971346704871,0.17714285714285713,0.002857142857142857,33.08571428571429,0.18624641833810887,0.0,5.096096537519255e-18,0.12605771863147888,11.558739255014327,0.07287635102635255,0.13562856596270934,0.1937258106158115,0.08022922636103152,0,0.19918526494136846,0.26235442627275435,7.398167269595051,0.8898433666036909,0.0,1.0,0.0,0.3,0.0,0.9999999999999998,0.2,0.08,0.1489971346704871,0.06457527020527051,0.2645752702052705
334,0.9409490630272923,0.4626133837942106,0.9394587243196049,0.46321632104809624,0.2504925777620293,0.45347122931799644,0.6045845272206304,0.36320689351020724,0.37204688650070206,0.08022922636103152,0.6028571428571429,0.3632842860843142,0.3716945851286079,0.08,0.1174785100286533,0.1457142857142857,0.002857142857142857,33.20857142857143,0.1833810888252149,0.0,5.111507382666583e-18,0.12582697754700561,11.558739255014327,0.07069006049556198,0.1318407565833598,0.19241403629733717,0.08022922636103152,0,0.19881762433094732,0.26104265414139055,7.395918209917436,0.8720464992716171,0.0,1.0,0.0,0.3,0.0,0.9999999999999998,0.2,0.08,0.1174785100286533,0.06413801209911241,0.2641380120991124
335,0.9399221430788713,0.4616418218072169,0.9384347384281794,0.4622052419756226,0.2504925777620293,0.45288496150281315,0.6217765042979942,0.3630922803296915,0.37196092661531527,0.08022922636103152,0.62,0.36317000037002845,0.37160887084289357,0.08,0.10315186246418338,0.12,0.002857142857142857,33.325714285714284,0.1833810888252149,0.0,5.126765024814488e-18,0.12560315869506655,11.558739255014327,0.06856935868069512,0.12815072288781204,0.19114161520841708,0.08022922636103152,0,0.19919467906643543,0.2597374408706836,7.367999845719085,0.8972581427776024,0.0,0.9523809523809523,0.0,0.3,0.0,0.9999999999999998,0.2,0.08,0.10315186246418338,0.06371387173613903,0.263713871736139
336,0.9400149152714271,0.4623181243858111,0.9385272455573277,0.4628260341854193,0.2504925777620293,0.4521865173922271,0.6303724928366762,0.3630922803296915,0.37196092661531527,0.08022922636103152,0.6285714285714286,0.36317000037002845,0.37160887084289357,0.08,0.12034383954154727,0.15714285714285714,0.002857142857142857,33.45428571428572,0.1833810888252149,0.0,5.141860792817771e-18,0.12538605440868575,11.558739255014327,0.06651227792027427,0.12455640540849067,0.18990736675216455,0.08022922636103152,0,0.19894042067110324,0.2584387536663302,7.377782705947562,0.8793129799220504,0.0,1.0,0.0,0.3,0.0,0.9999999999999998,0.2,0.08,0.12034383954154727,0.06330245558405485,0.26330245558405485
337,0.9414988365274859,0.46165872298378485,0.9400069270383694,0.4621523926848618,0.2504925777620293,0.4514776387414386,0.5787965616045845,0.3630922803296915,0.37196092661531527,0.08022922636103152,0.5771428571428572,0.36317000037002845,0.37160887084289357,0.08,0.12320916905444126,0.1457142857142857,0.002857142857142857,33.57142857142857,0.1833810888252149,0.0,5.156786679890286e-18,0.12517546325089626,11.558739255014327,0.06451690958266604,0.12105576011762875,0.1887101457495996,0.08022922636103152,0,0.19851686142489058,0.25714655989799856,7.375941337542897,0.8617267203236093,0.0,1.0,0.0,0.3,0.0,0.9999999999999998,0.2,0.08,0.12320916905444126,0.06290338191653322,0.26290338191653323
338,0.9405715691888026,0.4611444923263254,0.9390823090349393,0.461646700734881,0.2504925777620293,0.4508215804171706,0.5530085959885387,0.3630922803296915,0.37196092661531527,0.08022922636103152,0.5514285714285714,0.36317000037002845,0.37160887084289357,0.08,0.12893982808022922,0.15428571428571428,0.002857142857142857,33.642857142857146,0.18624641833810887,0.0,5.171535326640517e-18,0.12497118982784049,11.558739255014327,0.06258140229518605,0.11764676026733134,0.1875488413771116,0.08022922636103152,0,0.1982941378284804,0.25586082709850855,7.382708225077752,0.8444921859171372,0.0,1.0,0.0,0.3,0.0,0.9999999999999998,0.2,0.08,0.12893982808022922,0.06251628045903722,0.2625162804590372
339,0.9411873185926813,0.46179370259793906,0.9396962991548068,0.4622799143347608,0.2504925777620293,0.4501090708972411,0.5558739255014327,0.3630922803296915,0.37196092661531527,0.08022922636103152,0.5542857142857143,0.36317000037002845,0.37160887084289357,0.08,0.12034383954154727,0.15142857142857144,0.002857142857142857,33.77428571428572,0.1833810888252149,0.0,5.1861000027826634e-18,0.12477304460747639,11.558739255014327,0.06070396022633047,0.11432739807339232,0.18642237613579826,0.08022922636103152,0,0.19795909642505227,0.254581522963016,7.3864826320047685,0.8276023421987944,0.0,1.0,0.0,0.3,0.0,0.9999999999999998,0.2,0.08,0.12034383954154727,0.0621407920452661,0.2621407920452661
340,0.9423389612415034,0.462796886321662,0.9408446513960611,0.463293526746953,0.2504925777620293,0.44941676008579456,0.5988538681948424,0.3629776671491757,0.3718749667299284,0.08022922636103152,0.5971428571428572,0.36305571465574277,0.3715231565571794,0.08,0.1174785100286533,0.13428571428571429,0.002857142857142857,33.9,0.1833810888252149,0.0,5.2004745877436745e-18,0.12458084374372323,11.558739255014327,0.05888284141954055,0.11109568625078814,0.18532970485172434,0.08022922636103152,0,0.19799730094292703,0.2533086153482009,7.373038693650387,0.904173679083789,0.0,0.9787234042553191,0.0,0.3,0.0,0.9999999999999998,0.2,0.08,0.1174785100286533,0.061776568283908116,0.2617765682839081
341,0.943114414729305,0.46236400751042067,0.9416178893024689,0.4628545035950002,0.2504925777620293,0.44873063057108953,0.5816618911174785,0.3628057473784021,0.37174602690184816,0.08022922636103152,0.58,0.36288428608431417,0.3713945851286079,0.08,0.1518624641833811,0.16285714285714287,0.002857142857142857,34.005714285714284,0.1833810888252149,0.0,5.2146535503702726e-18,0.12439440890588262,11.558739255014327,0.05711635617695433,0.10794965940854029,0.1842698137061726,0.08022922636103152,0,0.19860645729535528,0.2520420722714599,7.388435062634524,0.9417339233437977,0.0,0.9649122807017544,0.0,0.3,0.0,0.9999999999999998,0.2,0.08,0.1518624641833811,0.06142327123539087,0.2614232712353909
342,0.9429545417625036,0.4601702441412216,0.9414584731155728,0.46066038077322075,0.2504925777620293,0.44791117242775924,0.5931232091690545,0.3628057473784021,0.37174602690184816,0.08022922636103152,0.5914285714285714,0.36288428608431417,0.3713945851286079,0.08,0.11174785100286533,0.14,0.002857142857142857,34.074285714285715,0.1833810888252149,0.0,5.228631927924025e-18,0.12421356711317723,11.558739255014327,0.0554028654916457,0.10488737531141057,0.18324171929498742,0.08022922636103152,0,0.1981561392945928,0.2507818619101026,7.380666361381833,0.9228992448769218,0.0,1.0,0.0,0.3,0.0,0.9999999999999998,0.2,0.08,0.11174785100286533,0.06108057309832914,0.26108057309832916
343,0.9413417138451765,0.4596981360319147,0.9398502532780094,0.4601732790584028,0.2504925777620293,0.44695617767372586,0.6131805157593123,0.36274844078814417,0.3717030469591548,0.08022922636103152,0.6114285714285714,0.3628271432271713,0.3713517279857508,0.08,0.0830945558739255,0.09142857142857143,0.002857142857142857,34.177142857142854,0.18624641833810887,0.0,5.242405304536956e-18,0.12403815057425306,11.558739255014327,0.05374077952689633,0.10190691601565216,0.18224446771613778,0.08022922636103152,0,0.19810721716954838,0.24952795260055208,7.324481605582766,0.9412025431257076,0.0,0.96875,0.0,0.3,0.0,0.9999999999999998,0.2,0.08,0.0830945558739255,0.06074815590537927,0.26074815590537925
344,0.9409508474957752,0.4596089357745251,0.9394605036896064,0.46005119099210967,0.2504925777620293,0.4461773760885676,0.5959885386819485,0.36269113419788634,0.3716600670164614,0.08022922636103152,0.5942857142857143,0.36277000037002843,0.3713088708428936,0.08,0.14326647564469913,0.15714285714285714,0.002857142857142857,34.29714285714286,0.18624641833810887,0.0,5.255969789285044e-18,0.12386799653149658,11.558739255014327,0.05212855614108944,0.0990063888857986,0.18127713368465365,0.08022922636103152,0,0.1984291110837006,0.2482803128375493,7.335134830613969,0.9231559430922741,0.0,0.9818181818181818,0.0,0.3,0.0,0.9999999999999998,0.2,0.08,0.14326647564469913,0.06042571122821789,0.2604257112282179
345,0.9408785632937642,0.45984581757904464,0.9393884260138868,0.4603226107894603,0.2504925777620293,0.4454685419827004,0.6074498567335244,0.36269113419788634,0.3716600670164614,0.08022922636103152,0.6057142857142858,0.36277000037002843,0.3713088708428936,0.08,0.11461318051575932,0.13142857142857142,0.002857142857142857,34.39714285714286,0.18624641833810887,0.0,5.2693219940225816e-18,0.1237029471100228,11.558739255014327,0.05056469945685675,0.09618392749922455,0.18033881967411405,0.08022922636103152,0,0.19803625195685357,0.24703891127336156,7.319860705430261,0.9046928242304286,0.0,1.0,0.0,0.3,0.0,0.9999999999999998,0.2,0.08,0.11461318051575932,0.060112939891371356,0.26011293989137135
346,0.9405387069835655,0.4597950646503554,0.9390495407217171,0.46028784818980234,0.2504925777620293,0.44480772529221196,0.664756446991404,0.36269113419788634,0.3716600670164614,0.08022922636103152,0.6628571428571428,0.36277000037002843,0.3713088708428936,0.08,0.11174785100286533,0.12571428571428572,0.002857142857142857,34.537142857142854,0.18624641833810887,0.0,5.2824590111064846e-18,0.1235428491711932,11.558739255014327,0.04904775847315105,0.09343769244496569,0.1794286550838906,0.08022922636103152,0,0.19767392783992643,0.24580371671699475,7.299177777035941,0.88659896774582,0.0,1.0,0.0,0.3,0.0,0.9999999999999998,0.2,0.08,0.11174785100286533,0.05980955169463022,0.2598095516946302
347,0.9407816835486101,0.4600610792965635,0.9392918230680045,0.46054292431386024,0.2504925777620293,0.444221933165358,0.6103151862464183,0.36257652101737053,0.3715741071310745,0.08022922636103152,0.6085714285714285,0.36265571465574276,0.3712231565571793,0.08,0.1174785100286533,0.14,0.002857142857142857,34.61714285714286,0.18624641833810887,0.0,5.295378391126573e-18,0.12338755417052852,11.558739255014327,0.047576325718956515,0.09076587202303954,0.1785457954313739,0.08022922636103152,0,0.1978274160578697,0.2475715170331317,7.293194221495222,0.8757826181858662,0.0,0.9795918367346939,0.0,0.3,0.0,0.9999999999999998,0.2,0.08,0.1174785100286533,0.05951526514379131,0.2595152651437913
348,0.9406276008546788,0.45946297384201695,0.9391381806103417,0.4599272425031595,0.2504925777620293,0.44378827734137644,0.5959885386819485,0.36257652101737053,0.3715741071310745,0.08022922636103152,0.5942857142857143,0.36265571465574276,0.3712231565571793,0.08,0.12320916905444126,0.15142857142857144,0.002857142857142857,34.69714285714286,0.18624641833810887,0.0,5.308078120745434e-18,0.1232369180198838,11.558739255014327,0.04614903594738782,0.08816668285025797,0.17768942156843268,0.08022922636103152,0,0.1975517082632946,0.24633365944796604,7.298758908493889,0.8582669658221489,0.0,1.0,0.0,0.3,0.0,0.9999999999999998,0.2,0.08,0.12320916905444126,0.05922980718947757,0.2592298071894776
349,0.9413941962081803,0.4589996720348467,0.9399025856914045,0.45946339863430935,0.2504925777620293,0.4432873225072818,0.6275071633237822,0.36257652101737053,0.3715741071310745,0.08022922636103152,0.6257142857142857,0.36265571465574276,0.3712231565571793,0.08,0.1346704871060172,0.15428571428571428,0.002857142857142857,34.84,0.18624641833810887,0.0,5.3205566007397945e-18,0.12309080095375836,11.558739255014327,0.044764564868966183,0.08563837037828248,0.1768587389213797,0.08022922636103152,0,0.19722066400769242,0.2451019911507262,7.307069444609725,0.841101626505706,0.0,1.0,0.0,0.3,0.0,0.9999999999999998,0.2,0.08,0.1346704871060172,0.05895291297379324,0.25895291297379325
350,0.9413212049817944,0.4585650031502621,0.9398298030113799,0.4590147457221629,0.2504925777620293,0.44264840377449255,0.5873925501432665,0.36257652101737053,0.3715741071310745,0.08022922636103152,0.5857142857142857,0.36265571465574276,0.3712231565571793,0.08,0.13753581661891118,0.15428571428571428,0.002857142857142857,34.94,0.1833810888252149,0.0,5.332812624324445e-18,0.12294906739961675,11.558739255014327,0.043421627922897194,0.08317920932942868,0.17605297675373832,0.08022922636103152,0,0.19691984640193969,0.24387648119497257,7.315213770003244,0.8242795939755918,0.0,1.0,0.0,0.3,0.0,0.9999999999999998,0.2,0.08,0.13753581661891118,0.05868432558457944,0.25868432558457943
351,0.9414529488411064,0.4588546908145547,0.9399611704596652,0.4592976119342227,0.2504925777620293,0.44203148132433245,0.6303724928366762,0.36257652101737053,0.3715741071310745,0.08022922636103152,0.6285714285714286,0.36265571465574276,0.3712231565571793,0.08,0.13753581661891118,0.16285714285714287,0.002857142857142857,35.05714285714286,0.18624641833810887,0.0,5.344845355829545e-18,0.12281158585209935,11.558739255014327,0.04211897908521028,0.08078750405548829,0.17527138745112616,0.08022922636103152,0,0.19659210431278712,0.2426570987889977,7.331766637460323,0.80779400209608,0.0,1.0,0.0,0.3,0.0,0.9999999999999998,0.2,0.08,0.13753581661891118,0.05842379581704206,0.25842379581704206
352,0.9416900916442318,0.45749660756483485,0.9401976357119247,0.45793935860173196,0.2504925777620293,0.44158070493014967,0.6189111747851003,0.36251921442711266,0.37153112718838116,0.08022922636103152,0.6171428571428571,0.36259857179859983,0.3711802994143222,0.08,0.1346704871060172,0.16,0.002857142857142857,35.14,0.1833810888252149,0.0,5.356654309792673e-18,0.12267822875100752,11.558739255014327,0.040855409712653966,0.07846158882460419,0.17451324582759237,0.08022922636103152,0,0.1966660009340803,0.24485806206754038,7.345131304711116,0.7916381220541584,0.0,0.9821428571428571,0.0,0.3,0.0,0.9999999999999998,0.2,0.08,0.1346704871060172,0.058171081942530796,0.2581710819425308
353,0.942378341168668,0.45724902444037097,0.940883918809148,0.457716236861109,0.2504925777620293,0.44107379572455413,0.6131805157593123,0.3624046012465969,0.3714451673029943,0.08022922636103152,0.6114285714285714,0.36248428608431416,0.37109458512860793,0.08,0.14613180515759314,0.16857142857142857,0.002857142857142857,35.26285714285714,0.1833810888252149,0.0,5.368239330518248e-18,0.12254887236294841,11.558739255014327,0.03962974742127435,0.07619982804100356,0.17377784845276462,0.08022922636103152,0,0.19679652807226705,0.25487880869906215,7.366800107188322,0.7847167237347998,0.0,0.9830508474576272,0.0,0.3,0.0,0.9999999999999998,0.2,0.08,0.14613180515759314,0.05792594948425488,0.25792594948425485
354,0.9416137915252442,0.4574232087319588,0.9401215535932768,0.457860565053306,0.2504925777620293,0.4407857068388622,0.5558739255014327,0.3622899880660811,0.3713592074176075,0.08022922636103152,0.5542857142857143,0.3623700003700285,0.37100887084289363,0.08,0.10888252148997135,0.13714285714285715,0.002857142857142857,35.385714285714286,0.17765042979942694,0.0,5.379600572148832e-18,0.12242339666653101,11.558739255014327,0.038440854998636115,0.07400061640217215,0.17306451299918166,0.08022922636103152,0,0.19721225971762002,0.25762018486688754,7.3566069621874135,0.7725902422606349,0.0,0.9583333333333334,0.0,0.3,0.0,0.9999999999999998,0.2,0.08,0.10888252148997135,0.05768817099972723,0.25768817099972724
355,0.9417531600485471,0.45700382042002974,0.9402605239207992,0.4574324532070363,0.2504925777620293,0.4404042069769584,0.6160458452722063,0.3620607617050496,0.37118728764683384,0.08022922636103152,0.6142857142857143,0.36214142894145707,0.37083744227146503,0.08,0.12034383954154727,0.13428571428571429,0.002857142857142857,35.50857142857143,0.17765042979942694,0.0,5.390738479285486e-18,0.12230168524100624,11.558739255014327,0.03728762934867703,0.07186237899783066,0.1723725776092062,0.08022922636103152,0,0.19813976984760334,0.2563320839425531,7.343760537229378,0.8908644923101285,0.0,0.9361702127659575,0.0,0.3,0.0,0.9999999999999998,0.2,0.08,0.12034383954154727,0.05745752586973541,0.2574575258697354
356,0.9420763881675592,0.45667423365565435,0.9405828285308995,0.45706908399038215,0.2504925777620293,0.4400313642850338,0.6160458452722063,0.3619461485245339,0.371101327761447,0.08022922636103152,0.6142857142857143,0.36202714322717133,0.37075172798575073,0.08,0.11174785100286533,0.13714285714285715,0.002857142857142857,35.58571428571429,0.17765042979942694,0.0,5.401653768187463e-18,0.12218362515824711,11.558739255014327,0.036169000468216715,0.06978357135486657,0.17170140028093003,0.08022922636103152,0,0.1982337859983653,0.25505042352284035,7.334028183627649,0.9820000000000004,0.0,0.9791666666666666,0.0,0.3,0.0,0.9999999999999998,0.2,0.08,0.11174785100286533,0.057233800093643344,0.25723380009364333
357,0.9417108718915005,0.4560994583459687,0.9402183565870582,0.45653428695390175,0.2504925777620293,0.43977908312332603,0.5988538681948424,0.3619461485245339,0.371101327761447,0.08022922636103152,0.5971428571428572,0.36202714322717133,0.37075172798575073,0.08,0.1489971346704871,0.17142857142857143,0.002857142857142857,35.71714285714286,0.17478510028653296,0.0,5.412347408575469e-18,0.12206910687797089,11.558739255014327,0.035083930454170215,0.06776267943216419,0.17105035827250212,0.08022922636103152,0,0.19801304635408778,0.2537751714052261,7.358776191383666,0.9623600000000003,0.0,1.0,0.0,0.3,0.0,0.9999999999999998,0.2,0.08,0.1489971346704871,0.05701678609083405,0.25701678609083406
358,0.9425217458743107,0.4556136356738518,0.9410269137870604,0.4560438843454718,0.2504925777620293,0.4394856702423004,0.6361031518624641,0.3616596155732445,0.37088642804797994,0.08022922636103152,0.6342857142857142,0.36174142894145705,0.37053744227146507,0.08,0.14326647564469913,0.15428571428571428,0.002857142857142857,35.86571428571428,0.18051575931232092,0.0,5.422820606056992e-18,0.12195802414610288,11.558739255014327,0.034031412540545106,0.06579821956907816,0.17041884752432707,0.08022922636103152,0,0.1989081246937459,0.25826762472945475,7.365886381841706,1.002263067568353,0.0,0.9444444444444444,0.0,0.3,0.0,0.9999999999999998,0.2,0.08,0.14326647564469913,0.05680628250810903,0.256806282508109
359,0.9413953109556941,0.45543253945671713,0.9399036972539254,0.455858495584472,0.2504925777620293,0.4393601242689792,0.6045845272206304,0.3616596155732445,0.37088642804797994,0.08022922636103152,0.6028571428571429,0.36174142894145705,0.37053744227146507,0.08,0.09455587392550144,0.1,0.002857142857142857,35.94857142857143,0.17765042979942694,0.0,5.433074785187234e-18,0.12185027389619088,11.558739255014327,0.03301047016432875,0.06388873839110187,0.16980628209859724,0.08022922636103152,0,0.1983702983559915,0.25697628660580746,7.3185686542048725,0.9822178062169861,0.0,1.0,0.0,0.3,0.0,0.9999999999999998,0.2,0.08,0.09455587392550144,0.05660209403286576,0.25660209403286577
360,0.9416477196085495,0.4550866155954513,0.9401553847392012,0.4554960841956334,0.2504925777620293,0.439158540803224,0.5931232091690545,0.3616596155732445,0.37088642804797994,0.08022922636103152,0.5914285714285714,0.36174142894145705,0.37053744227146507,0.08,0.11461318051575932,0.13428571428571429,0.002857142857142857,36.04857142857143,0.17765042979942694,0.0,5.443111573174566e-18,0.12174575615377628,11.558739255014327,0.03202015605939889,0.062032812676094284,0.16921209363563933,0.08022922636103152,0,0.1981765911499258,0.25569140517277844,7.306482995406489,0.9625734500926463,0.0,1.0,0.0,0.3,0.0,0.9999999999999998,0.2,0.08,0.11461318051575932,0.056404031211879785,0.25640403121187977
361,0.9410581082725386,0.4545624189572325,0.9395674580070076,0.4549963295547225,0.2504925777620293,0.43890418593777814,0.6389684813753582,0.3615450023927287,0.3708004681625932,0.08022922636103152,0.6371428571428571,0.3616271432271714,0.37045172798575077,0.08,0.12607449856733524,0.14857142857142858,0.002857142857142857,36.15428571428571,0.17765042979942694,0.0,5.452932784235367e-18,0.1216443739436341,11.558739255014327,0.03105955137761692,0.060229049184251204,0.16863573082657016,0.08022922636103152,0,0.19829913747989045,0.2565240711095269,7.308924764069789,0.9516381359603969,0.0,0.9807692307692307,0.0,0.3,0.0,0.9999999999999998,0.2,0.08,0.12607449856733524,0.056211910275523386,0.25621191027552337
362,0.9415837762684719,0.4555722001187615,0.9400916240943811,0.45601813874884783,0.2504925777620293,0.43867100558247646,0.5931232091690545,0.36148769580247087,0.37075748821989973,0.08022922636103152,0.5914285714285714,0.36157000037002845,0.3704088708428937,0.08,0.1174785100286533,0.14857142857142858,0.002857142857142857,36.27142857142857,0.17478510028653296,0.0,5.462540404599433e-18,0.12154603319979618,11.558739255014327,0.030127764836288415,0.05847608445482888,0.16807665890177304,0.08022922636103152,0,0.19962149964963383,0.25524145075397925,7.311317697359822,0.9351432719861021,0.0,0.9807692307692307,0.0,0.3,0.0,0.9999999999999998,0.2,0.08,0.1174785100286533,0.05602555296725768,0.2560255529672577
363,0.940836862626367,0.455314794526722,0.9393468444912537,0.45574173766739395,0.2504925777620293,0.43834846714461234,0.6275071633237822,0.361430389212213,0.37071450827720626,0.08022922636103152,0.6257142857142857,0.3615128575128856,0.3703660137000365,0.08,0.14326647564469913,0.16,0.002857142857142857,36.38,0.17478510028653296,0.0,5.4719365781639885e-18,0.12145064267827341,11.558739255014327,0.02922393189119976,0.05677258457246703,0.16753435913471984,0.08022922636103152,0,0.20090867857995712,0.2539652435002094,7.325091343412624,0.9328625094990849,0.0,0.9821428571428571,0.0,0.3,0.0,0.9999999999999998,0.2,0.08,0.14326647564469913,0.055844786378239954,0.25584478637823993
364,0.9404412384677043,0.4542114494209365,0.9389523506873301,0.4546290041296257,0.2504925777620293,0.4379835594233307,0.5902578796561605,0.3613157760316972,0.3706285483918195,0.08022922636103152,0.5885714285714285,0.3613985717985999,0.3702802994143222,0.08,0.1318051575931232,0.1457142857142857,0.002857142857142857,36.48285714285714,0.17765042979942694,0.0,5.481123592791415e-18,0.12135811387239627,11.558739255014327,0.028347213934463766,0.05511724490579173,0.16700832836067825,0.08022922636103152,0,0.20187853266459177,0.25269541728270833,7.324303802258658,0.9606068977236103,0.0,0.9803921568627451,0.0,0.3,0.0,0.9999999999999998,0.2,0.08,0.1318051575931232,0.05566944278689276,0.25566944278689274
365,0.9411679143099275,0.45466311180256996,0.9396769503128611,0.4551557753137815,0.2504925777620293,0.43765506990443437,0.5873925501432665,0.3612011628511814,0.3705425885064326,0.08022922636103152,0.5857142857142857,0.3612842860843142,0.3701945851286079,0.08,0.12034383954154727,0.13714285714285715,0.002857142857142857,36.597142857142856,0.18051575931232092,0.0,5.490103867243367e-18,0.12126836093069551,11.558739255014327,0.027496797516429854,0.053508789820830516,0.1664980785098579,0.08022922636103152,0,0.2018969978584117,0.2514319401962948,7.31496058335634,0.9438860279688713,0.0,0.9791666666666666,0.0,0.3,0.0,0.9999999999999998,0.2,0.08,0.12034383954154727,0.055499359503285974,0.25549935950328595
366,0.9418745903859795,0.45451346881313553,0.9403816073144102,0.4550113012496,0.2504925777620293,0.43745562875775656,0.5616045845272206,0.3610292430804078,0.3704136486783524,0.08022922636103152,0.56,0.36111285751288563,0.37006601370003644,0.08,0.12034383954154727,0.14,0.002857142857142857,36.70285714285714,0.17478510028653296,0.0,5.498879938741779e-18,0.12118130057724576,11.558739255014327,0.026671893590936958,0.05194597237162091,0.16600313615456216,0.08022922636103152,0,0.20248622858340534,0.25017478049531333,7.308661371689214,0.9431128000000003,0.0,0.9591836734693877,0.0,0.3,0.0,0.9999999999999998,0.2,0.08,0.12034383954154727,0.055334378718187395,0.25533437871818737
367,0.9420247701485461,0.4538274618348669,0.9405313579919409,0.4543442993646959,0.2504925777620293,0.4371699898074248,0.5644699140401146,0.3608573233096341,0.37028470885027226,0.08022922636103152,0.5628571428571428,0.36094142894145703,0.3699374422714651,0.08,0.12893982808022922,0.15428571428571428,0.002857142857142857,36.81142857142857,0.16905444126074498,0.0,5.507454451145371e-18,0.12109685203439956,11.558739255014327,0.025871736783208848,0.050427573970253325,0.1655230420699253,0.08022922636103152,0,0.20318340933434292,0.26740558702445894,7.316773858541145,0.9623600000000003,0.0,0.9629629629629629,0.0,0.3,0.0,0.9999999999999998,0.2,0.08,0.12893982808022922,0.05517434735664177,0.2551743473566418
368,0.9422840175556448,0.4539076531182291,0.9407898646921623,0.45446327041409185,0.2504925777620293,0.4370429448974164,0.5730659025787965,0.36068540353886047,0.370155769022192,0.08022922636103152,0.5714285714285714,0.3607700003700285,0.3698088708428936,0.08,0.13753581661891118,0.1657142857142857,0.002857142857142857,36.94857142857143,0.17478510028653296,0.0,5.515830143728751e-18,0.12101493694783863,11.558739255014327,0.025095584679712582,0.048952404038457686,0.16505735080782755,0.08022922636103152,0,0.2037096358590998,0.2719202371921299,7.336152667084607,0.9645126055390535,0.0,0.9655172413793104,0.0,0.3,0.0,0.9999999999999998,0.2,0.08,0.13753581661891118,0.05501911693594252,0.25501911693594254
369,0.9406426646341329,0.45321816961856665,0.939153201350426,0.4537938352586314,0.2504925777620293,0.43692146050767655,0.6131805157593123,0.3606280969486026,0.3701127890794986,0.08022922636103152,0.6114285714285714,0.36071285751288557,0.3697660137000365,0.08,0.1346704871060172,0.14285714285714285,0.002857142857142857,37.05714285714286,0.18051575931232092,0.0,5.5240098405497675e-18,0.1209354793138746,11.558739255014327,0.024342717139321204,0.04751929964270851,0.1646056302835927,0.08022922636103152,0,0.20374765982266144,0.27641413200307485,7.332286756600058,0.9850818087832023,0.0,0.98,0.0,0.3,0.0,0.9999999999999998,0.2,0.08,0.1346704871060172,0.05486854342786424,0.25486854342786425
370,0.9404357322595425,0.4521703070081272,0.9389468602111916,0.45270725108809706,0.2504925777620293,0.4367419224407828,0.6189111747851003,0.3606280969486026,0.3701127890794986,0.08022922636103152,0.6171428571428571,0.36071285751288557,0.3697660137000365,0.08,0.1318051575931232,0.16,0.002857142857142857,37.182857142857145,0.18051575931232092,0.0,5.531996440389744e-18,0.12085840540892948,11.558739255014327,0.023612435625141568,0.04612712511470596,0.16416746137508492,0.08022922636103152,0,0.203357064380691,0.27503206134305946,7.345641021468055,0.9653801726075383,0.0,1.0,0.0,0.3,0.0,0.9999999999999998,0.2,0.08,0.1318051575931232,0.054722487125028314,0.2547224871250283
371,0.9426598734117848,0.4513459974269117,0.9411646466744273,0.4519300968926385,0.2504925777620293,0.43659245202333513,0.6504297994269341,0.3606280969486026,0.3701127890794986,0.08022922636103152,0.6485714285714286,0.36071285751288557,0.3697660137000365,0.08,0.11174785100286533,0.13428571428571429,0.002857142857142857,37.29142857142857,0.18051575931232092,0.0,5.5397929072502814e-18,0.12078364372113272,11.558739255014327,0.02290406255638732,0.04477477165897081,0.16374243753383239,0.08022922636103152,0,0.20288285048735896,0.27365690103634416,7.333013915324409,0.9460725691553875,0.0,1.0,0.0,0.3,0.0,0.9999999999999998,0.2,0.08,0.11174785100286533,0.054580812511277464,0.25458081251127745
372,0.9422738781390759,0.4519328696149142,0.9407797542453549,0.45253714633385617,0.2504925777620293,0.4363941040910372,0.5988538681948424,0.36039887058757114,0.36994086930872494,0.08022922636103152,0.5971428571428572,0.36048428608431415,0.3695945851286079,0.08,0.13753581661891118,0.16,0.002857142857142857,37.417142857142856,0.18051575931232092,0.0,5.5474022613896e-18,0.12071112488396984,11.558739255014327,0.0222169406796957,0.043461156949179625,0.16333016440781742,0.08022922636103152,0,0.20346743694920788,0.27228861653116243,7.346353637017922,1.0022606415307513,0.0,0.9642857142857143,0.0,0.3,0.0,0.9999999999999998,0.2,0.08,0.13753581661891118,0.054443388135939144,0.25444338813593914
373,0.9420219889856637,0.4512172605668844,0.940528584775238,0.45180264519923674,0.2504925777620293,0.4361805503646517,0.6275071633237822,0.3602842574070554,0.3698978893660315,0.08022922636103152,0.6257142857142857,0.3603700003700285,0.3695517279857507,0.08,0.1174785100286533,0.15142857142857144,0.002857142857142857,37.52571428571429,0.18624641833810887,0.0,5.554827570880859e-18,0.12064078161192188,11.558739255014327,0.021550432459304828,0.042185224714760716,0.1629302594755829,0.08022922636103152,0,0.20527639971099745,0.2756582713310167,7.3508551357061345,1.0340326716596833,0.0,0.9622641509433962,0.0,0.3,0.0,0.9999999999999998,0.2,0.08,0.1174785100286533,0.05431008649186097,0.254310086491861
374,0.9416979643347415,0.4502804533322804,0.9402054859090329,0.45089414448006193,0.2504925777620293,0.4360432272610535,0.6017191977077364,0.3602842574070554,0.3698978893660315,0.08022922636103152,0.6,0.3603700003700285,0.3695517279857507,0.08,0.10601719197707736,0.12857142857142856,0.002857142857142857,37.614285714285714,0.18051575931232092,0.0,5.562071943674449e-18,0.12057254863803533,11.558739255014327,0.020903919485525682,0.040945944319172756,0.1625423516913154,0.08022922636103152,0,0.20504700789232327,0.27427997997436165,7.332409461563438,1.0133520182264895,0.0,1.0,0.0,0.3,0.0,0.9999999999999998,0.2,0.08,0.10601719197707736,0.054180783897105136,0.25418078389710513
375,0.9418541440208998,0.45011048552256255,0.9403612193675162,0.45068359922686446,0.2504925777620293,0.43590077866160964,0.6561604584527221,0.3601696442265396,0.3698119294806447,0.08022922636103152,0.6542857142857142,0.36025571465574274,0.3694660137000364,0.08,0.12607449856733524,0.13428571428571429,0.002857142857142857,37.74,0.17765042979942694,0.0,5.569138520146067e-18,0.12050636265336535,11.558739255014327,0.02027680190095991,0.03974231033118736,0.16216608114057593,0.08022922636103152,0,0.20507820142429023,0.2729085800744898,7.320046986617885,0.9989051552875348,0.0,0.9787234042553191,0.0,0.3,0.0,0.9999999999999998,0.2,0.08,0.12607449856733524,0.054055360380191986,0.254055360380192
376,0.9415223110844371,0.448516145471041,0.9400303345251578,0.4490843621769347,0.2504925777620293,0.4358310196891218,0.5873925501432665,0.3601696442265396,0.3698119294806447,0.08022922636103152,0.5857142857142857,0.36025571465574274,0.3694660137000364,0.08,0.1489971346704871,0.17142857142857143,0.002857142857142857,37.857142857142854,0.18051575931232092,0.0,5.576030466112135e-18,0.12044216224823552,11.558739255014327,0.019668497843931113,0.03857334209041252,0.16180109870635867,0.08022922636103152,0,0.20488023970288305,0.2715440371741174,7.345074618314099,0.978927052181784,0.0,1.0,0.0,0.3,0.0,0.9999999999999998,0.2,0.08,0.1489971346704871,0.05393369956878623,0.2539336995687862
377,0.9409181476580641,0.44817446604419914,0.9394278972800029,0.44873302717566327,0.2504925777620293,0.4355944843576072,0.5616045845272206,0.3601696442265396,0.3698119294806447,0.08022922636103152,0.56,0.36025571465574274,0.3694660137000364,0.08,0.10601719197707736,0.12857142857142856,0.002857142857142857,37.96,0.1833810888252149,0.0,5.582750966294171e-18,0.12037988785525956,11.558739255014327,0.01907844290861318,0.03743808326820253,0.1614470657451679,0.08022922636103152,0,0.2044266963615115,0.2701863169882468,7.326744554519246,0.9593485111381483,0.0,1.0,0.0,0.3,0.0,0.9999999999999998,0.2,0.08,0.10601719197707736,0.053815688581722636,0.25381568858172265
378,0.9409993022221647,0.4472383378330372,0.9395088199739206,0.4477909472700451,0.2504925777620293,0.4354521913635679,0.6103151862464183,0.3601696442265396,0.3698119294806447,0.08022922636103152,0.6085714285714285,0.36025571465574274,0.3694660137000364,0.08,0.1346704871060172,0.15714285714285714,0.002857142857142857,38.09142857142857,0.1833810888252149,0.0,5.589303218213721e-18,0.1203194816940729,11.558739255014327,0.018506089621354783,0.03633560142501968,0.16110365377281285,0.08022922636103152,0,0.20442314684019328,0.2688353854033056,7.337352520571717,0.9401615409153854,0.0,1.0,0.0,0.3,0.0,0.9999999999999998,0.2,0.08,0.1346704871060172,0.05370121792427096,0.25370121792427097
379,0.9409455414305288,0.4467060988302628,0.9394552127845464,0.4472359496571371,0.2504925777620293,0.4352322489884421,0.6160458452722063,0.3601696442265396,0.3698119294806447,0.08022922636103152,0.6142857142857143,0.36025571465574274,0.3694660137000364,0.08,0.12607449856733524,0.16857142857142857,0.002857142857142857,38.214285714285715,0.1833810888252149,0.0,5.5956904264996264e-18,0.12026088771772182,11.558739255014327,0.01795090693271414,0.03526498756523999,0.1607705441596285,0.08022922636103152,0,0.20414317467742085,0.26749120847628904,7.35917689873171,0.9213583100970776,0.0,1.0,0.0,0.3,0.0,0.9999999999999998,0.2,0.08,0.12607449856733524,0.05359018138654283,0.2535901813865428
380,0.94141720891182,0.4468998089162158,0.9399255326444625,0.44736434865716784,0.2504925777620293,0.4351717898031194,0.6103151862464183,0.359997724455766,0.36968298965256446,0.08022922636103152,0.6085714285714285,0.36008428608431414,0.36933744227146503,0.08,0.12607449856733524,0.15428571428571428,0.002857142857142857,38.36,0.18051575931232092,0.0,5.601915797589567e-18,0.12020405156066129,11.558739255014327,0.017412379724732717,0.03422535569031393,0.16044742783483962,0.08022922636103152,0,0.2046924623718909,0.2661537524339076,7.36627907504279,0.9588107566564583,0.0,0.9629629629629629,0.0,0.3,0.0,0.9999999999999998,0.2,0.08,0.12607449856733524,0.053482475944946546,0.25348247594494655
381,0.9407238377296079,0.44640955451044345,0.9392341425227708,0.4468831026411043,0.2504925777620293,0.43504434717578244,0.6361031518624641,0.359997724455766,0.36968298965256446,0.08022922636103152,0.6342857142857142,0.36008428608431414,0.36933744227146503,0.08,0.1489971346704871,0.18857142857142858,0.002857142857142857,38.47714285714286,0.18624641833810887,0.0,5.607982534808142e-18,0.12014892048831258,11.558739255014327,0.016890008332990734,0.033215842351134284,0.16013400499979444,0.08022922636103152,0,0.20449685720288857,0.26482298367173807,7.407524922113363,0.9396345415233291,0.0,1.0,0.0,0.3,0.0,0.9999999999999998,0.2,0.08,0.1489971346704871,0.053378001666598146,0.25337800166659813
382,0.9412957929336488,0.44593015766289623,0.939804463569086,0.4463682369271945,0.2504925777620293,0.43490973306868097,0.6275071633237822,0.359997724455766,0.36968298965256446,0.08022922636103152,0.6257142857142857,0.36008428608431414,0.36933744227146503,0.08,0.14613180515759314,0.17142857142857143,0.002857142857142857,38.62285714285714,0.18624641833810887,0.0,5.613893833804027e-18,0.12009544334813428,11.558739255014327,0.01638330808300101,0.032235606200388345,0.1598299848498006,0.08022922636103152,0,0.20407437291687416,0.26349886875337936,7.4308029950996675,0.9208418506928625,0.0,1.0,0.0,0.3,0.0,0.9999999999999998,0.2,0.08,0.14613180515759314,0.053276661616600204,0.25327666161660023
383,0.9403977398151985,0.44538688480253186,0.9389089763166885,0.4458481892065524,0.2504925777620293,0.4348152849237113,0.6332378223495702,0.359997724455766,0.36968298965256446,0.08022922636103152,0.6314285714285715,0.36008428608431414,0.36933744227146503,0.08,0.12893982808022922,0.15428571428571428,0.002857142857142857,38.754285714285714,0.18911174785100288,0.0,5.619652878329093e-18,0.1200435705221614,11.558739255014327,0.01589180884051098,0.03128382754561865,0.15953508530430657,0.08022922636103152,0,0.2038527181915755,0.2621813744096125,7.436472649483387,0.9024250136790053,0.0,1.0,0.0,0.3,0.0,0.9999999999999998,0.2,0.08,0.12893982808022922,0.0531783617681022,0.2531783617681022
384,0.9397524179647856,0.4443899573742859,0.938265498242991,0.4448437305837151,0.2504925777620293,0.43470228606991973,0.6332378223495702,0.359997724455766,0.36968298965256446,0.08022922636103152,0.6314285714285715,0.36008428608431414,0.36933744227146503,0.08,0.1489971346704871,0.19428571428571428,0.002857142857142857,38.87714285714286,0.18911174785100288,0.0,5.625262836342876e-18,0.11999325388096761,11.558739255014327,0.01541505457529565,0.030359707903652278,0.15924903274517738,0.08022922636103152,0,0.20363302602918903,0.26087046753756443,7.482028910779435,0.8843765134054252,0.0,1.0,0.0,0.3,0.0,0.9999999999999998,0.2,0.08,0.1489971346704871,0.05308301091505913,0.25308301091505914
385,0.9407300467655144,0.44335505735608455,0.9392403338185752,0.4438043076160262,0.2504925777620293,0.4345093056145808,0.6361031518624641,0.35994041786550807,0.36964000970987104,0.08022922636103152,0.6342857142857142,0.36002714322717133,0.36929458512860786,0.08,0.12320916905444126,0.1657142857142857,0.002857142857142857,39.00857142857143,0.18911174785100288,0.0,5.630726856426043e-18,0.11994444673900975,11.558739255014327,0.01495260293803678,0.029462469557007154,0.15897156176282207,0.08022922636103152,0,0.20361486089904307,0.2595661151998766,7.498102618278133,0.9076743316682695,0.0,0.9827586206896551,0.0,0.3,0.0,0.9999999999999998,0.2,0.08,0.12320916905444126,0.05299052058760736,0.25299052058760735
386,0.9402521206420422,0.44390570052412065,0.9387637731983128,0.44440536560960164,0.2504925777620293,0.434316487527697,0.5644699140401146,0.35994041786550807,0.36964000970987104,0.08022922636103152,0.5628571428571428,0.36002714322717133,0.36929458512860786,0.08,0.14040114613180515,0.17142857142857143,0.002857142857142857,39.137142857142855,0.18911174785100288,0.0,5.636048064487158e-18,0.11989710381131054,11.558739255014327,0.014504024849895677,0.02859135511283384,0.1587024149099374,0.08022922636103152,0,0.2033960723088336,0.25826828462387724,7.519569137341141,0.889520845034904,0.0,1.0,0.0,0.3,0.0,0.9999999999999998,0.2,0.08,0.14040114613180515,0.05290080496997914,0.25290080496997913
387,0.9403479748054142,0.44407655090767156,0.9388593534926465,0.4445840063793154,0.2504925777620293,0.4341371441310006,0.5845272206303725,0.3598258046849923,0.3695540498244842,0.08022922636103152,0.5828571428571429,0.3599128575128856,0.36920887084289356,0.08,0.12034383954154727,0.13714285714285715,0.002857142857142857,39.26,0.18911174785100288,0.0,5.641229560747346e-18,0.11985118117144238,11.558739255014327,0.014068904104398806,0.02774562706489825,0.15844134246263927,0.08022922636103152,0,0.2032648062330037,0.26034901645229913,7.5063206117371735,0.9046229342657067,0.0,0.9791666666666666,0.0,0.3,0.0,0.9999999999999998,0.2,0.08,0.12034383954154727,0.052813780820879765,0.25281378082087974
388,0.9395062498103937,0.4440968182132221,0.9380200334261832,0.44457764288019347,0.2504925777620293,0.43407512151777405,0.6045845272206304,0.3598258046849923,0.3695540498244842,0.08022922636103152,0.6028571428571429,0.3599128575128856,0.36920887084289356,0.08,0.12893982808022922,0.14,0.002857142857142857,39.37714285714286,0.18624641833810887,0.0,5.646274416988069e-18,0.11980663621077016,11.558739255014327,0.013646836981266841,0.02692456735907056,0.1581881021887601,0.08022922636103152,0,0.20290476863041013,0.25904727137003764,7.496194199502431,0.8865304755803927,0.0,1.0,0.0,0.3,0.0,0.9999999999999998,0.2,0.08,0.12893982808022922,0.05272936739625337,0.25272936739625335
389,0.9385263054442117,0.44412576248614444,0.9370428889010474,0.444612590751846,0.2504925777620293,0.4340081524039336,0.6332378223495702,0.3596538849142186,0.36942510999640404,0.08022922636103152,0.6314285714285715,0.35974142894145705,0.3690802994143222,0.08,0.14326647564469913,0.18285714285714286,0.002857142857142857,39.48571428571429,0.18624641833810887,0.0,5.651185674047676e-18,0.11976342759891818,11.558739255014327,0.013237431871828836,0.026127476962740204,0.1579424591230973,0.08022922636103152,0,0.2036596762158295,0.25775203501318744,7.529127458369525,0.9224769176483584,0.0,0.96875,0.0,0.3,0.0,0.9999999999999998,0.2,0.08,0.14326647564469913,0.05264748637436577,0.2526474863743658
390,0.9379588535050353,0.4437340443362642,0.9364770582531258,0.44424026727613847,0.2504925777620293,0.4339699306083128,0.5845272206303725,0.3596538849142186,0.36942510999640404,0.08022922636103152,0.5828571428571429,0.35974142894145705,0.3690802994143222,0.08,0.1489971346704871,0.1742857142857143,0.002857142857142857,39.58857142857143,0.1833810888252149,0.0,5.655966339552889e-18,0.1197215152454218,11.558739255014327,0.01284030891567397,0.025353675438536172,0.15770418534940436,0.08022922636103152,0,0.2033268064061789,0.25646327483812154,7.552830623487849,0.9040273792953912,0.0,1.0,0.0,0.3,0.0,0.9999999999999998,0.2,0.08,0.1489971346704871,0.0525680617831348,0.2525680617831348
391,0.9384156281918565,0.4440643199348692,0.9369325278694133,0.4445770329613723,0.2504925777620293,0.43384930111772396,0.5501432664756447,0.3595392717337029,0.3693391501110172,0.08022922636103152,0.5485714285714286,0.3596271432271713,0.3689945851286079,0.08,0.12034383954154727,0.13714285714285715,0.002857142857142857,39.714285714285715,0.1833810888252149,0.0,5.6606193858719324e-18,0.11968086026253026,11.558739255014327,0.012455099648203752,0.02460250052269808,0.15747305978892223,0.08022922636103152,0,0.20328145808843373,0.25518095846393096,7.538916868160947,0.8884700762356113,0.0,0.9791666666666666,0.0,0.3,0.0,0.9999999999999998,0.2,0.08,0.12034383954154727,0.05249101992964075,0.25249101992964074
392,0.9383294570399094,0.44389096762783564,0.9368466029207572,0.4443880163103806,0.2504925777620293,0.4337986922897115,0.5931232091690545,0.3595392717337029,0.3693391501110172,0.08022922636103152,0.5914285714285714,0.3596271432271713,0.3689945851286079,0.08,0.10888252148997135,0.12571428571428572,0.002857142857142857,39.848571428571425,0.1833810888252149,0.0,5.665147748276504e-18,0.11964142492912543,11.558739255014327,0.01208144665875764,0.023873307708403013,0.1572488679952546,0.08022922636103152,0,0.20289305079799158,0.25390505367161126,7.513852816512015,0.870700674710899,0.0,1.0,0.0,0.3,0.0,0.9999999999999998,0.2,0.08,0.10888252148997135,0.052416289331751534,0.25241628933175153
393,0.9386731261996517,0.44330572126802964,0.9371892901686145,0.4438366999776774,0.2504925777620293,0.4338371085277307,0.5558739255014327,0.3595392717337029,0.3693391501110172,0.08022922636103152,0.5542857142857143,0.3596271432271713,0.3689945851286079,0.08,0.1318051575931232,0.16,0.002857142857142857,39.97428571428571,0.1833810888252149,0.0,5.6695543233002834e-18,0.11960317265572276,11.558739255014327,0.01171900325899491,0.02316546983432588,0.15703140195539694,0.08022922636103152,0,0.2027624462547159,0.25263552840325326,7.5235757601817745,0.8532866612166808,0.0,1.0,0.0,0.3,0.0,0.9999999999999998,0.2,0.08,0.1318051575931232,0.052343800651798986,0.25234380065179896
394,0.9384490834941185,0.4429955752112286,0.9369658875850974,0.4435044247144286,0.2504925777620293,0.4337774637903265,0.6045845272206304,0.35948196514344505,0.36929617016832383,0.08022922636103152,0.6028571428571429,0.35957000037002845,0.36895172798575077,0.08,0.1318051575931232,0.16857142857142857,0.002857142857142857,40.10285714285714,0.18624641833810887,0.0,5.673841967282221e-18,0.11956606795052221,11.558739255014327,0.011367433161225063,0.022478376678675915,0.15682045989673504,0.08022922636103152,0,0.20286263402344235,0.25137235076123693,7.541675673549569,0.8539740368579547,0.0,0.9830508474576272,0.0,0.3,0.0,0.9999999999999998,0.2,0.08,0.1318051575931232,0.052273486632245014,0.252273486632245
395,0.9395187317446841,0.4429827109152718,0.9380324796978042,0.4435269456332066,0.2504925777620293,0.43369404127770733,0.6160458452722063,0.35948196514344505,0.36929617016832383,0.08022922636103152,0.6142857142857143,0.35957000037002845,0.36895172798575077,0.08,0.1318051575931232,0.16,0.002857142857142857,40.19428571428571,0.1833810888252149,0.0,5.678013495083299e-18,0.11953007638647768,11.558739255014327,0.01102641016638831,0.02181143455892587,0.15661584609983298,0.08022922636103152,0,0.20250517799618226,0.2501154890074308,7.550842160078576,0.8368945561207956,0.0,1.0,0.0,0.3,0.0,0.9999999999999998,0.2,0.08,0.1318051575931232,0.052205282033277664,0.2522052820332777
396,0.9385512916733018,0.44285032328007506,0.9370678037409117,0.44339685137583784,0.2504925777620293,0.4336696468429664,0.6160458452722063,0.3593100453726714,0.36916723034024357,0.08022922636103152,0.6142857142857143,0.3593985717985999,0.3688231565571794,0.08,0.14326647564469913,0.18285714285714286,0.002857142857142857,40.322857142857146,0.19484240687679083,0.0,5.6820716789659924e-18,0.11949516456935448,11.558739255014327,0.01069561786139666,0.02116406593742237,0.15641737071683798,0.08022922636103152,0,0.20309222353477274,0.24886491156239363,7.582682459734146,0.8807958147363271,0.0,0.96875,0.0,0.3,0.0,0.9999999999999998,0.2,0.08,0.14326647564469913,0.05213912357227934,0.25213912357227936
397,0.9378305490949986,0.4426019032911279,0.9363491204271177,0.4431764567646657,0.2504925777620293,0.43355250965883807,0.5816618911174785,0.3593100453726714,0.36916723034024357,0.08022922636103152,0.58,0.3593985717985999,0.3688231565571794,0.08,0.1174785100286533,0.13428571428571429,0.002857142857142857,40.43714285714286,0.19484240687679083,0.0,5.6860192476261194e-18,0.11946130010674495,11.558739255014327,0.01037474932555476,0.020535709033042693,0.15622484959533284,0.08022922636103152,0,0.2026194767028132,0.24762058700458164,7.565314524825179,0.8631798984416006,0.0,1.0,0.0,0.3,0.0,0.9999999999999998,0.2,0.08,0.1174785100286533,0.05207494986511096,0.252074949865111
398,0.9383288605430533,0.4420017873775917,0.936846008128178,0.442601434940524,0.2504925777620293,0.4335691419178152,0.5816618911174785,0.3593100453726714,0.36916723034024357,0.08022922636103152,0.58,0.3593985717985999,0.3688231565571794,0.08,0.13753581661891118,0.15714285714285714,0.002857142857142857,40.59142857142857,0.19484240687679083,0.0,5.689858885367235e-18,0.11942845157801371,11.558739255014327,0.010063506845788116,0.01992581743903754,0.15603810410747287,0.08022922636103152,0,0.20234837931929908,0.24638248406955873,7.571151091471532,0.8459163004727686,0.0,1.0,0.0,0.3,0.0,0.9999999999999998,0.2,0.08,0.13753581661891118,0.05201270136915763,0.2520127013691576
399,0.9390136834066574,0.44107546463670955,0.9375288743550289,0.44169118077576985,0.2504925777620293,0.43366156081171725,0.5959885386819485,0.3591954321921556,0.3690812704548567,0.08022922636103152,0.5942857142857143,0.3592842860843142,0.368737442271465,0.08,0.14040114613180515,0.1657142857142857,0.002857142857142857,40.7,0.19484240687679083,0.0,5.693593231408218e-18,0.11939658850514445,11.558739255014327,0.009761601640414473,0.01933385974717905,0.15585696098424867,0.08022922636103152,0,0.20247906599413118,0.24515057164921092,7.5854423553563874,0.8509930890965709,0.0,0.9827586206896551,0.0,0.3,0.0,0.9999999999999998,0.2,0.08,0.14040114613180515,0.0519523203280829,0.2519523203280829
400,0.9398204182908021,0.4415750137737193,0.9383333042823618,0.4421977784335437,0.2504925777620293,0.4337257325606331,0.5988538681948424,0.3591954321921556,0.3690812704548567,0.08022922636103152,0.5971428571428572,0.3592842860843142,0.368737442271465,0.08,0.12607449856733524,0.1457142857142857,0.002857142857142857,40.82857142857143,0.19484240687679083,0.0,5.697224879315093e-18,0.11936568132446122,11.558739255014327,0.009468753591202039,0.01875931917831508,0.15568125215472123,0.08022922636103152,0,0.20203767137844628,0.24392481879096486,7.579447793963544,0.8339732273146395,0.0,1.0,0.0,0.3,0.0,0.9999999999999998,0.2,0.08,0.12607449856733524,0.051893750718240414,0.2518937507182404
401,0.9389766365862902,0.4416344116554688,0.9374919333827197,0.44217795922692077,0.2504925777620293,0.4339677599908007,0.5787965616045845,0.3590808190116399,0.3689953105694699,0.08022922636103152,0.5771428571428572,0.35917000037002844,0.3686517279857508,0.08,0.15472779369627507,0.17142857142857143,0.002857142857142857,40.96,0.19197707736389685,0.0,5.700756376548639e-18,0.11933570135919846,11.558739255014327,0.009184690983465978,0.01820169321940779,0.1555108145900796,0.08022922636103152,0,0.20216976873583975,0.24355272171635903,7.599287409512844,0.8226345621418446,0.0,0.9833333333333333,0.0,0.3,0.0,0.9999999999999998,0.2,0.08,0.15472779369627507,0.051836938196693196,0.25183693819669317
402,0.9395954481297432,0.4419183962527627,0.9381089768931916,0.44245892298844164,0.2504925777620293,0.43411951563993295,0.5931232091690545,0.3590808190116399,0.3689953105694699,0.08022922636103152,0.5914285714285714,0.35917000037002844,0.3686517279857508,0.08,0.12607449856733524,0.13714285714285715,0.002857142857142857,41.05428571428571,0.19484240687679083,0.0,5.704190224119704e-18,0.11930662079289366,11.558739255014327,0.008909150253961998,0.01766049326712238,0.1553454901523772,0.08022922636103152,0,0.20181478060287483,0.24233495810777725,7.584444518465446,0.8061818708990078,0.0,1.0,0.0,0.3,0.0,0.9999999999999998,0.2,0.08,0.12607449856733524,0.0517818300507924,0.2517818300507924
403,0.9404569937395405,0.44163657525375793,0.9389680609441038,0.4421637813711527,0.2504925777620293,0.4342626599281836,0.5988538681948424,0.359023512421382,0.3689523306267765,0.08022922636103152,0.5971428571428572,0.3591128575128856,0.3686088708428935,0.08,0.12320916905444126,0.14857142857142858,0.002857142857142857,41.13428571428572,0.18911174785100288,0.0,5.70752887634455e-18,0.11927841264357794,11.558739255014327,0.008641875746343139,0.017135244278011386,0.15518512544780588,0.08022922636103152,0,0.2019475645570033,0.24699644346335556,7.581327056667566,0.820504727028836,0.0,0.9807692307692307,0.0,0.3,0.0,0.9999999999999998,0.2,0.08,0.12320916905444126,0.05172837514926863,0.2517283751492686
404,0.9392758471998939,0.441051187891056,0.9377902891088562,0.4415962577108133,0.2504925777620293,0.4344718786576923,0.5444126074498568,0.359023512421382,0.3689523306267765,0.08022922636103152,0.5428571428571428,0.3591128575128856,0.3686088708428935,0.08,0.14040114613180515,0.16285714285714287,0.002857142857142857,41.24285714285714,0.18911174785100288,0.0,5.710774740693025e-18,0.11925105073874166,11.558739255014327,0.008382619473952845,0.01662548442532863,0.1550295716843717,0.08022922636103152,0,0.20167982744850396,0.2457614612460388,7.592557658391356,0.8040946324882593,0.0,1.0,0.0,0.3,0.0,0.9999999999999998,0.2,0.08,0.14040114613180515,0.05167652389479057,0.25167652389479056
405,0.9391592158430313,0.44062852259203744,0.9376739909844418,0.4412004661719541,0.2504925777620293,0.434762463594014,0.6074498567335244,0.3589662058311241,0.3689093506840831,0.08022922636103152,0.6057142857142858,0.3590557146557427,0.36856601370003644,0.08,0.14326647564469913,0.16,0.002857142857142857,41.362857142857145,0.18911174785100288,0.0,5.7139301777226275e-18,0.11922450969105057,11.558739255014327,0.008131140889734259,0.016130764762490424,0.15487868453384054,0.08022922636103152,0,0.20181357188269003,0.24453265393980858,7.6007065052235285,0.8017652019891054,0.0,0.9821428571428571,0.0,0.3,0.0,0.9999999999999998,0.2,0.08,0.14326647564469913,0.051626228177946855,0.25162622817794683
406,0.9397282382722117,0.44046577989133356,0.938241387635253,0.44105657797748304,0.2504925777620293,0.4349490140504493,0.6217765042979942,0.3588515926506084,0.36882339079869636,0.08022922636103152,0.62,0.35894142894145703,0.3684802994143222,0.08,0.13753581661891118,0.16857142857142857,0.002857142857142857,41.465714285714284,0.19197707736389685,0.0,5.716997501091998e-18,0.11919876487479017,11.558739255014327,0.007887206663042231,0.015650648893192565,0.15473232399782533,0.08022922636103152,0,0.2019469325947052,0.24330999067010953,7.617263803690486,0.7970708999807843,0.0,0.9830508474576272,0.0,0.3,0.0,0.9999999999999998,0.2,0.08,0.13753581661891118,0.05157744133260845,0.25157744133260845
407,0.9399155853637852,0.43989443287393964,0.938428199449422,0.4404515884872657,0.2504925777620293,0.435114025940365,0.5959885386819485,0.3588515926506084,0.36882339079869636,0.08022922636103152,0.5942857142857143,0.35894142894145703,0.3684802994143222,0.08,0.1518624641833811,0.17142857142857143,0.002857142857142857,41.57714285714286,0.18911174785100288,0.0,5.719978977647671e-18,0.11917379240301759,11.558739255014327,0.007650590463150964,0.01518471264817578,0.15459035427789058,0.08022922636103152,0,0.2015654836460174,0.24209344071675898,7.636347099045249,0.7811294819811686,0.0,1.0,0.0,0.3,0.0,0.9999999999999998,0.2,0.08,0.1518624641833811,0.051530118092630195,0.2515301180926302
408,0.940261423108789,0.439679915900828,0.9387730490865829,0.44026584411473363,0.2504925777620293,0.4352118066249941,0.6045845272206304,0.3588515926506084,0.36882339079869636,0.08022922636103152,0.6028571428571429,0.35894142894145703,0.3684802994143222,0.08,0.1346704871060172,0.15142857142857144,0.002857142857142857,41.674285714285716,0.19197707736389685,0.0,5.722876827578261e-18,0.11914956910539815,11.558739255014327,0.0074210727492564355,0.014732543768625317,0.15445264364955386,0.08022922636103152,0,0.20124279908493017,0.2408829735131752,7.635048728492917,0.7655068923415452,0.0,1.0,0.0,0.3,0.0,0.9999999999999998,0.2,0.08,0.1346704871060172,0.05148421454985129,0.25148421454985126
409,0.9404822019500354,0.4391420208895002,0.9389931971311403,0.43973353790461456,0.2504925777620293,0.43530217598587534,0.6332378223495702,0.3586796728798347,0.3686944509706161,0.08022922636103152,0.6314285714285715,0.3587700003700285,0.3683517279857507,0.08,0.12893982808022922,0.15428571428571428,0.002857142857142857,41.81142857142857,0.19197707736389685,0.0,5.7256932246306255e-18,0.11912607250670736,11.558739255014327,0.007198440566778742,0.014293741596179688,0.15431906434006723,0.08022922636103152,0,0.20180744223236263,0.256479020741433,7.63663346820877,0.7850553930377241,0.0,0.9629629629629629,0.0,0.3,0.0,0.9999999999999998,0.2,0.08,0.12893982808022922,0.05143968811335575,0.25143968811335576
410,0.9403982441068593,0.4397513549142671,0.9389094791675159,0.4403088872040601,0.2504925777620293,0.4352896571361484,0.5873925501432665,0.3586796728798347,0.3686944509706161,0.08022922636103152,0.5857142857142857,0.3587700003700285,0.3683517279857507,0.08,0.13753581661891118,0.16285714285714287,0.002857142857142857,41.96,0.19197707736389685,0.0,5.728430296382808e-18,0.11910328080597724,11.558739255014327,0.0069824873497753796,0.013867916769512711,0.1541894924098652,0.08022922636103152,0,0.2014551193069151,0.25519662563772577,7.646757941701738,0.7693542851769696,0.0,1.0,0.0,0.3,0.0,0.9999999999999998,0.2,0.08,0.13753581661891118,0.05139649746995508,0.25139649746995507
411,0.9410736385367018,0.44012129150105983,0.9395829438989873,0.44065288045503165,0.2504925777620293,0.4353723473755181,0.5587392550143266,0.3586796728798347,0.3686944509706161,0.08022922636103152,0.5571428571428572,0.3587700003700285,0.3683517279857507,0.08,0.12607449856733524,0.14857142857142858,0.002857142857142857,42.07142857142857,0.19197707736389685,0.0,5.7310901245688705e-18,0.11908117285626904,11.558739255014327,0.006773012729282118,0.013454690927448443,0.15406380763756927,0.08022922636103152,0,0.20110441513895194,0.2539206425095371,7.642394211439132,0.75396719947343,0.0,1.0,0.0,0.3,0.0,0.9999999999999998,0.2,0.08,0.12607449856733524,0.05135460254585643,0.2513546025458564
412,0.9415664275801732,0.4405766807781629,0.9400743249737631,0.4411431314325889,0.2504925777620293,0.43562310835990214,0.5501432664756447,0.358565059699319,0.36860849108522925,0.08022922636103152,0.5485714285714286,0.35865571465574275,0.36826601370003637,0.08,0.14613180515759314,0.16285714285714287,0.002857142857142857,42.222857142857144,0.19197707736389685,0.0,5.733674745451086e-18,0.11905972814505204,11.558739255014327,0.006569822347403655,0.013053696418557914,0.1539418934084422,0.08022922636103152,0,0.2012411787775429,0.25265103929698945,7.652403470067493,0.7735727153826818,0.0,0.9824561403508771,0.0,0.3,0.0,0.9999999999999998,0.2,0.08,0.14613180515759314,0.051313964469480736,0.25131396446948073
413,0.9407257545093656,0.43994403444699043,0.939236053826015,0.4405185887218228,0.2504925777620293,0.43588867455514774,0.5902578796561605,0.358565059699319,0.36860849108522925,0.08022922636103152,0.5885714285714285,0.35865571465574275,0.36826601370003637,0.08,0.11174785100286533,0.13142857142857142,0.002857142857142857,42.33714285714286,0.19484240687679083,0.0,5.7361861502351045e-18,0.11903892677517162,11.558739255014327,0.006372727676981545,0.01266457601718185,0.15382363660618892,0.08022922636103152,0,0.20077768716936947,0.2513877841005045,7.630783972094712,0.7581012610750281,0.0,1.0,0.0,0.3,0.0,0.9999999999999998,0.2,0.08,0.11174785100286533,0.051274545535396315,0.2512745455353963
414,0.9399203001778065,0.43967474434974907,0.9384329007925463,0.4402756312696278,0.2504925777620293,0.4361694175105804,0.6246418338108882,0.358565059699319,0.36860849108522925,0.08022922636103152,0.6228571428571429,0.35865571465574275,0.36826601370003637,0.08,0.1346704871060172,0.16285714285714287,0.002857142857142857,42.47428571428571,0.19197707736389685,0.0,5.738626285524076e-18,0.1190187494463876,11.558739255014327,0.006181545846672099,0.012286982645817623,0.15370892750800325,0.08022922636103152,0,0.20051579944780834,0.250130845180002,7.641025435509961,0.7429392358535275,0.0,1.0,0.0,0.3,0.0,0.9999999999999998,0.2,0.08,0.1346704871060172,0.05123630916933442,0.2512363091693344
415,0.9396643097674063,0.4398469069761771,0.9381776417833186,0.4404405734729273,0.2504925777620293,0.4363847441526757,0.6131805157593123,0.358565059699319,0.36860849108522925,0.08022922636103152,0.6114285714285714,0.35865571465574275,0.36826601370003637,0.08,0.14613180515759314,0.17142857142857143,0.002857142857142857,42.605714285714285,0.19484240687679083,0.0,5.740997053807926e-18,0.11899917743746705,11.558739255014327,0.005996099471271936,0.011920579103801288,0.15359765968276315,0.08022922636103152,0,0.2002269354505693,0.24888019095410197,7.659633498228333,0.7280804511364569,0.0,1.0,0.0,0.3,0.0,0.9999999999999998,0.2,0.08,0.14613180515759314,0.05119921989425439,0.25119921989425437
416,0.9399419950823469,0.4399598363902489,0.938454533711645,0.44060272243601545,0.2504925777620293,0.4367550603989297,0.6389684813753582,0.358565059699319,0.36860849108522925,0.08022922636103152,0.6371428571428571,0.35865571465574275,0.36826601370003637,0.08,0.10601719197707736,0.13428571428571429,0.002857142857142857,42.70285714285714,0.19484240687679083,0.0,5.743300313984187e-18,0.11898019258881416,11.558739255014327,0.005816216487133778,0.011565037802213185,0.15348972989228027,0.08022922636103152,0,0.19973994363045927,0.24763578999933145,7.640726542549481,0.7135188421137278,0.0,1.0,0.0,0.3,0.0,0.9999999999999998,0.2,0.08,0.10601719197707736,0.05116324329742676,0.25116324329742673
417,0.9393349317245252,0.44017249709522666,0.9378492048205599,0.4408287029642812,0.2504925777620293,0.4371270497795995,0.6103151862464183,0.358565059699319,0.36860849108522925,0.08022922636103152,0.6085714285714285,0.35865571465574275,0.36826601370003637,0.08,0.13753581661891118,0.17142857142857143,0.002857142857142857,42.80571428571429,0.19484240687679083,0.0,5.74553788190706e-18,0.11896177728562086,11.558739255014327,0.005641729992519764,0.011220040504929751,0.15338503799551184,0.08022922636103152,0,0.19956895819802128,0.2463976110493348,7.659340583127063,0.6992484652714532,0.0,1.0,0.0,0.3,0.0,0.9999999999999998,0.2,0.08,0.13753581661891118,0.05112834599850396,0.251128345998504
418,0.9368661980838506,0.43958733609208733,0.935387524704573,0.44024645907508286,0.2504925777620293,0.4374637570811152,0.6074498567335244,0.3584504465188032,0.3685225311998424,0.08022922636103152,0.6057142857142858,0.358541428941457,0.3681802994143222,0.08,0.12320916905444126,0.13714285714285715,0.002857142857142857,42.925714285714285,0.19197707736389685,0.0,5.747711530961574e-18,0.11894391444152336,11.558739255014327,0.005472478092744171,0.010885278075740024,0.1532834868556465,0.08022922636103152,0,0.19951397054988834,0.24516562299408812,7.643296628607378,0.7262894462770949,0.0,0.9791666666666666,0.0,0.3,0.0,0.9999999999999998,0.2,0.08,0.12320916905444126,0.051094495618548834,0.25109449561854885
419,0.9382135040052991,0.4395160004406879,0.9367309811805319,0.4402151678374777,0.2504925777620293,0.4377465074338708,0.5845272206303725,0.3584504465188032,0.3685225311998424,0.08022922636103152,0.5828571428571429,0.358541428941457,0.3681802994143222,0.08,0.1318051575931232,0.1657142857142857,0.002857142857142857,43.04571428571428,0.19484240687679083,0.0,5.749822992659904e-18,0.11892658748274876,11.558739255014327,0.0053083037499618456,0.01056045023144403,0.1531849822499771,0.08022922636103152,0,0.19920154355428174,0.24393979487911768,7.6561449817495175,0.711763657351553,0.0,1.0,0.0,0.3,0.0,0.9999999999999998,0.2,0.08,0.1318051575931232,0.05106166074999237,0.25106166074999237
420,0.937474660900574,0.43975959109160545,0.9359942490561057,0.4404397226410817,0.2504925777620293,0.4379727933176465,0.5787965616045845,0.35833583333828745,0.3684365713144557,0.08022922636103152,0.5771428571428572,0.3584271432271713,0.3680945851286079,0.08,0.12893982808022922,0.15428571428571428,0.002857142857142857,43.18857142857143,0.19484240687679083,0.0,5.7518739572571085e-18,0.11890978033273747,11.558739255014327,0.00514905463746299,0.01024526530084413,0.15308943278247777,0.08022922636103152,0,0.19923382155079603,0.2427200959047221,7.657307796400239,0.7446219694109749,0.0,0.9814814814814815,0.0,0.3,0.0,0.9999999999999998,0.2,0.08,0.12893982808022922,0.0510298109274926,0.2510298109274926
421,0.9363335677643899,0.43902209605283166,0.934856416186025,0.43967037290176547,0.2504925777620293,0.4383083183429224,0.5816618911174785,0.3579919937967402,0.36817869165829514,0.08022922636103152,0.58,0.3580842860843142,0.36783744227146503,0.08,0.1489971346704871,0.17142857142857143,0.002857142857142857,43.31428571428572,0.19484240687679083,0.0,5.753866074383759e-18,0.11889347739722639,11.558739255014327,0.0049945829983391,0.009939439989540277,0.15299674979900346,0.08022922636103152,0,0.20018008101447063,0.24150649542519848,7.675590211900807,0.8896267919794543,0.0,0.95,0.0,0.3,0.0,0.9999999999999998,0.2,0.08,0.1489971346704871,0.05099891659966782,0.25099891659966783
422,0.9377273777656386,0.4386139565704782,0.9362462438729844,0.43925091721925325,0.2504925777620293,0.4386387399643958,0.5959885386819485,0.3578773806162244,0.3680927317729084,0.08022922636103152,0.5942857142857143,0.3579700003700285,0.36775172798575073,0.08,0.14040114613180515,0.15714285714285714,0.002857142857142857,43.434285714285714,0.19484240687679083,0.0,5.755800953693049e-18,0.11887766354978072,11.558739255014327,0.004844745508388927,0.00964269915043725,0.15290684730503334,0.08022922636103152,0,0.20066460918082685,0.2402989629480725,7.679221264805648,0.953198995898055,0.0,0.9636363636363636,0.0,0.3,0.0,0.9999999999999998,0.2,0.08,0.14040114613180515,0.05096894910167779,0.2509689491016778
423,0.9378731415931011,0.43790935431468786,0.9363915912323686,0.4385224513979995,0.2504925777620293,0.43888447074653364,0.5873925501432665,0.3578773806162244,0.3680927317729084,0.08022922636103152,0.5857142857142857,0.3579700003700285,0.36775172798575073,0.08,0.1489971346704871,0.16857142857142857,0.002857142857142857,43.54571428571428,0.19484240687679083,0.0,5.757680165520174e-18,0.1188623241177584,11.558739255014327,0.0046994031431372586,0.009354775559869521,0.15281964188588235,0.08022922636103152,0,0.20028957184920843,0.23909746813333213,7.6942082680809625,0.9341350159800939,0.0,1.0,0.0,0.3,0.0,0.9999999999999998,0.2,0.08,0.1489971346704871,0.050939880628627456,0.25093988062862743
424,0.9386282177661478,0.43867446192150417,0.9371445100449205,0.4392535970590492,0.2504925777620293,0.43914550626115206,0.6017191977077364,0.3577627674357086,0.3680067718875215,0.08022922636103152,0.6,0.35785571465574273,0.36766601370003643,0.08,0.1346704871060172,0.15428571428571428,0.002857142857142857,43.67142857142857,0.19484240687679083,0.0,5.759505241551943e-18,0.11884744486869678,11.558739255014327,0.0045584210488431405,0.00907540969924825,0.15273505262930587,0.08022922636103152,0,0.20031655256139094,0.23790198079266547,7.694609817005059,0.9242505440000003,0.0,0.9814814814814815,0.0,0.3,0.0,0.9999999999999998,0.2,0.08,0.1346704871060172,0.05091168420976863,0.2509116842097686
425,0.9384338015424817,0.43835987353245265,0.9369506492961795,0.4389314744549859,0.2504925777620293,0.4394925943909727,0.6017191977077364,0.35753354107467716,0.3678348521167478,0.08022922636103152,0.6,0.3576271432271713,0.36749458512860783,0.08,0.12607449856733524,0.16285714285714287,0.002857142857142857,43.78857142857143,0.19197707736389685,0.0,5.7612776755046746e-18,0.118833011997107,11.558739255014327,0.004421668417377846,0.008804349542133605,0.1526530010504267,0.08022922636103152,0,0.20125725622715546,0.24023098111743446,7.703574763522099,0.923055202625184,0.0,0.9473684210526315,0.0,0.3,0.0,0.9999999999999998,0.2,0.08,0.12607449856733524,0.05088433368347557,0.25088433368347557
426,0.9392366704711891,0.4383477369530582,0.937751224313662,0.4389234161097381,0.2504925777620293,0.43974699603946243,0.5730659025787965,0.3573043147136456,0.3676629323459742,0.08022922636103152,0.5714285714285714,0.35739857179859985,0.3673231565571793,0.08,0.12607449856733524,0.1457142857142857,0.002857142857142857,43.88,0.19197707736389685,0.0,5.762998923808628e-18,0.11881901211166487,11.558739255014327,0.004289018364856511,0.008541350346634835,0.1525734110189139,0.08022922636103152,0,0.20167925566030542,0.24602937794753008,7.695217553965944,0.9110001651134857,0.0,0.9607843137254902,0.0,0.3,0.0,0.9999999999999998,0.2,0.08,0.12607449856733524,0.050857803672971304,0.2508578036729713
427,0.9388680930803976,0.4380473556292807,0.93738370000113,0.43861183345398275,0.2504925777620293,0.4399665378757141,0.6074498567335244,0.3570750883526141,0.36749364136561813,0.08022922636103152,0.6057142857142858,0.35717000037002844,0.3671543492653385,0.08,0.12607449856733524,0.15428571428571428,0.002857142857142857,43.962857142857146,0.19484240687679083,0.0,5.7646704062972955e-18,0.11880543222278606,11.558739255014327,0.0041603478139108155,0.008286174453038697,0.15249620868834649,0.08022922636103152,0,0.20258457366771812,0.27647444887398537,7.695598917172338,0.961845283228122,0.0,0.9444444444444444,0.0,0.3,0.0,0.9999999999999998,0.2,0.08,0.12607449856733524,0.05083206956278217,0.25083206956278215
428,0.939596408193454,0.43823405864084053,0.9381099342138632,0.4388321697276983,0.2504925777620293,0.4400411044179049,0.6074498567335244,0.3570750883526141,0.36749364136561813,0.08022922636103152,0.6057142857142858,0.35717000037002844,0.3671543492653385,0.08,0.09742120343839542,0.10857142857142857,0.002857142857142857,44.065714285714286,0.18911174785100288,0.0,5.76629350690008e-18,0.11879225973057359,11.558739255014327,0.004035537379493491,0.008038591086568347,0.1524213224276961,0.08022922636103152,0,0.20208550794223668,0.27509207662961543,7.650258367400321,0.9426083775635596,0.0,1.0,0.0,0.3,0.0,0.9999999999999998,0.2,0.08,0.09742120343839542,0.0508071074758987,0.2508071074758987
429,0.9383501655311026,0.43810721597213037,0.9368672522448329,0.4386952480336415,0.2504925777620293,0.44013396084577155,0.6045845272206304,0.35718970153312984,0.3675796012510049,0.08022922636103152,0.6028571428571429,0.3572842860843142,0.3672400635510529,0.08,0.1174785100286533,0.13428571428571429,0.002857142857142857,44.14,0.19484240687679083,0.0,5.767869574336878e-18,0.1187794824131275,11.558739255014327,0.003914471258108686,0.007798376165171983,0.1523486827548652,0.08022922636103152,0,0.2033219507915862,0.2752713273435433,7.6315389143380274,0.9365115287995659,0.0,0.9787234042553191,0.0,0.3,0.0,0.9999999999999998,0.2,0.08,0.1174785100286533,0.05078289425162174,0.25078289425162176
430,0.9389313295122049,0.4369848508122685,0.9374467557574178,0.4375771315481601,0.2504925777620293,0.44025925224004386,0.5873925501432665,0.35707508835261403,0.36749364136561813,0.08022922636103152,0.5857142857142857,0.35717000037002844,0.3671543492653385,0.08,0.10601719197707736,0.12,0.002857142857142857,44.245714285714286,0.19197707736389685,0.0,5.7693999228133565e-18,0.11876708841520478,11.558739255014327,0.0037970371203654256,0.007565312112242317,0.15227822227221924,0.08022922636103152,0,0.20330448460905684,0.27389497070682556,7.598908136051267,0.9279383357438356,0.0,0.9761904761904762,0.0,0.3,0.0,0.9999999999999998,0.2,0.08,0.10601719197707736,0.05075940742407309,0.2507594074240731
431,0.9395209422296213,0.43742884212182565,0.93803468386707,0.4380500347563021,0.2504925777620293,0.44037803538098613,0.6217765042979942,0.35696047517209833,0.36740768148023134,0.08022922636103152,0.62,0.3570557146557427,0.3670686349796243,0.08,0.12034383954154727,0.1457142857142857,0.002857142857142857,44.33428571428571,0.19484240687679083,0.0,5.770885832715665e-18,0.11875506623721972,11.558739255014327,0.0036831260067544625,0.007339187674166858,0.15220987560405266,0.08022922636103152,0,0.20340124861458297,0.27252549585329144,7.592644259044528,0.9789219523889269,0.0,0.9803921568627451,0.0,0.3,0.0,0.9999999999999998,0.2,0.08,0.12034383954154727,0.050736625201350895,0.25073662520135087
432,0.9398874480242212,0.43640866739287987,0.9384001425022569,0.4370491824396967,0.2504925777620293,0.44060205021226373,0.6160458452722063,0.35696047517209833,0.36740768148023134,0.08022922636103152,0.6142857142857143,0.3570557146557427,0.3670686349796243,0.08,0.12607449856733524,0.14857142857142858,0.002857142857142857,44.434285714285714,0.19197707736389685,0.0,5.7723285513035155e-18,0.11874340472457429,11.558739255014327,0.0035726322265518286,0.007119797742611067,0.1521435793359311,0.08022922636103152,0,0.20304067165722436,0.27116286837402503,7.5893628024350654,0.9593435133411484,0.0,1.0,0.0,0.3,0.0,0.9999999999999998,0.2,0.08,0.12607449856733524,0.05071452644531037,0.2507145264453104
433,0.9408285032799751,0.43586624407373986,0.9393385090287084,0.4364753546890263,0.2504925777620293,0.44077174237513805,0.6532951289398281,0.3568458619915826,0.36732172159484444,0.08022922636103152,0.6514285714285715,0.35694142894145703,0.3669829206939099,0.08,0.12034383954154727,0.13428571428571429,0.002857142857142857,44.537142857142854,0.18911174785100288,0.0,5.773729293400623e-18,0.11873209305730818,11.558739255014327,0.0034654532597552736,0.006906943181432812,0.15207927195585316,0.08022922636103152,0,0.2031100425810811,0.27203091485961906,7.571861260672078,0.9455225966511931,0.0,0.9787234042553191,0.0,0.3,0.0,0.9999999999999998,0.2,0.08,0.12034383954154727,0.05069309065195106,0.25069309065195106
434,0.9393783077739071,0.43547963987238586,0.9378924569383722,0.4361179469735329,0.2504925777620293,0.44090747799897806,0.6446991404011462,0.3568458619915826,0.36732172159484444,0.08022922636103152,0.6428571428571429,0.35694142894145703,0.3669829206939099,0.08,0.12034383954154727,0.13428571428571429,0.002857142857142857,44.614285714285714,0.18911174785100288,0.0,5.775089242081579e-18,0.11872112074006005,11.558739255014327,0.0033614896619626154,0.006700430658132306,0.15201689379717756,0.08022922636103152,0,0.20266549236817566,0.270670760285321,7.554709749744351,0.9266121447181692,0.0,1.0,0.0,0.3,0.0,0.9999999999999998,0.2,0.08,0.12034383954154727,0.05067229793239253,0.25067229793239254
435,0.9396238515072052,0.43586203270022156,0.9381372991181466,0.436506666418309,0.2504925777620293,0.4410293593038073,0.6275071633237822,0.35713239494287197,0.36753662130831155,0.08022922636103152,0.6257142857142857,0.3572271432271713,0.3671972064081957,0.08,0.1318051575931232,0.15714285714285714,0.002857142857142857,44.75714285714286,0.19197707736389685,0.0,5.776409549354318e-18,0.11871047759232936,11.558739255014327,0.003260644972103737,0.006500072479738717,0.15195638698326225,0.08022922636103152,0,0.20402302204919198,0.2693174064838944,7.560758411892319,0.9241983647567219,0.0,0.9818181818181818,0.0,0.3,0.0,0.9999999999999998,0.2,0.08,0.1318051575931232,0.05065212899442075,0.25065212899442074
436,0.9374632925853126,0.4350100640385741,0.9359829132217452,0.4356188671624081,0.2504925777620293,0.44128650890447063,0.6045845272206304,0.35713239494287197,0.36753662130831155,0.08022922636103152,0.6028571428571429,0.3572271432271713,0.3671972064081957,0.08,0.12893982808022922,0.15142857142857144,0.002857142857142857,44.88857142857143,0.19197707736389685,0.0,5.777691336837429e-18,0.11870015373903058,11.558739255014327,0.0031628256229406246,0.006305686433034863,0.15189769537376438,0.08022922636103152,0,0.20371605264966028,0.26797081945147494,7.560971815083048,0.9057143974615874,0.0,1.0,0.0,0.3,0.0,0.9999999999999998,0.2,0.08,0.12893982808022922,0.05063256512458813,0.25063256512458815
437,0.9374897138978505,0.43473388681454783,0.9360092590448186,0.43537076101522953,0.2504925777620293,0.4414525080625716,0.5787965616045845,0.35718970153312984,0.36757960125100503,0.08022922636103152,0.5771428571428572,0.3572842860843142,0.3672400635510529,0.08,0.14040114613180515,0.1657142857142857,0.002857142857142857,44.96,0.19197707736389685,0.0,5.778935696431596e-18,0.11869013960133075,11.558739255014327,0.0030679408542524057,0.0061170956290268474,0.15184076451255143,0.08022922636103152,0,0.2037543295292691,0.2666309653542176,7.5754666644956705,0.8876001095123557,0.0,1.0,0.0,0.3,0.0,0.9999999999999998,0.2,0.08,0.14040114613180515,0.05061358817085048,0.2506135881708505
438,0.9368933226988382,0.4343098558911036,0.9354145718206607,0.43494860349654246,0.2504925777620293,0.44156158832173253,0.6189111747851003,0.35747623448441923,0.367794500964472,0.08022922636103152,0.6171428571428571,0.35757000037002845,0.36745434926533854,0.08,0.12320916905444126,0.1457142857142857,0.002857142857142857,45.05714285714286,0.19197707736389685,0.0,5.780143690984553e-18,0.11868042588776198,11.558739255014327,0.0029759026286248335,0.005934128351560153,0.1517855415771749,0.08022922636103152,0,0.20456398645305135,0.2652978105274465,7.569671616920042,0.8698481073221086,0.0,1.0,0.0,0.3,0.0,0.9999999999999998,0.2,0.08,0.12320916905444126,0.05059518052572497,0.250595180525725
439,0.935463417713833,0.435174619400904,0.9339887522784697,0.4358546411823396,0.2504925777620293,0.4416035515033391,0.6561604584527221,0.3573043147136456,0.36766556113639176,0.08022922636103152,0.6542857142857142,0.35739857179859985,0.36732577783676706,0.08,0.12034383954154727,0.14,0.002857142857142857,45.168571428571425,0.19197707736389685,0.0,5.781316354948992e-18,0.1186710035856002,11.558739255014327,0.0028866255497660884,0.005756617909990158,0.15173197532985966,0.08022922636103152,0,0.2054261672350718,0.26397132147480923,7.558278184581642,0.9252720555819774,0.0,0.9591836734693877,0.0,0.3,0.0,0.9999999999999998,0.2,0.08,0.12034383954154727,0.05057732510995322,0.25057732510995323
440,0.9357648296093115,0.435576537133965,0.9342893029971039,0.43626380134968024,0.2504925777620293,0.4417937026157356,0.6103151862464183,0.3573043147136456,0.36766556113639176,0.08022922636103152,0.6085714285714285,0.35739857179859985,0.36732577783676706,0.08,0.12034383954154727,0.14285714285714285,0.002857142857142857,45.26857142857143,0.19197707736389685,0.0,5.7824546950329e-18,0.11866186395250332,11.558739255014327,0.002800026783273106,0.0055844024958126015,0.15168001606996387,0.08022922636103152,0,0.20511232282746786,0.26265146486743524,7.549969763747151,0.906766614470338,0.0,1.0,0.0,0.3,0.0,0.9999999999999998,0.2,0.08,0.12034383954154727,0.05056000535665462,0.2505600053566546
441,0.9369959612000291,0.43543670156263437,0.9355169170689911,0.43614192071025626,0.2504925777620293,0.4420261276856465,0.5702005730659025,0.3573043147136456,0.36766556113639176,0.08022922636103152,0.5685714285714286,0.35739857179859985,0.36732577783676706,0.08,0.12034383954154727,0.15142857142857144,0.002857142857142857,45.36571428571428,0.18911174785100288,0.0,5.7835596908418884e-18,0.11865299850839933,11.558739255014327,0.0027160259797749126,0.00541732504316228,0.15162961558786495,0.08022922636103152,0,0.20465804692761622,0.26133820754309806,7.55039893990078,0.8886312821809312,0.0,1.0,0.0,0.3,0.0,0.9999999999999998,0.2,0.08,0.12034383954154727,0.05054320519595498,0.25054320519595497
442,0.9373710232314506,0.43582110977918354,0.9358909074946083,0.4365714032358837,0.2504925777620293,0.4423126682348885,0.6017191977077364,0.3572470081233877,0.3676225811936984,0.08022922636103152,0.6,0.3573414289414571,0.36728292069390994,0.08,0.13753581661891118,0.16857142857142857,0.002857142857142857,45.462857142857146,0.18624641833810887,0.0,5.7846322955131004e-18,0.11864439902761847,11.558739255014327,0.002634545200381665,0.005255233093089617,0.151580727120229,0.08022922636103152,0,0.20530059169095344,0.2671563677885315,7.567962389674191,0.9138435983479266,0.0,0.9661016949152542,0.0,0.3,0.0,0.9999999999999998,0.2,0.08,0.13753581661891118,0.05052690904007633,0.25052690904007635
443,0.9381980942316527,0.4360370179739493,0.93671561543481,0.43681748312247504,0.2504925777620293,0.4426140690251555,0.6017191977077364,0.35747623448441923,0.367794500964472,0.0830945558739255,0.6,0.35757000037002845,0.36745434926533854,0.08285714285714285,0.14613180515759314,0.16285714285714287,0.002857142857142857,45.57142857142857,0.18624641833810887,0.0,5.7856734363403515e-18,0.11863605753126101,11.558739255014327,0.002555508844370215,0.005097978661524283,0.15153330530662212,0.08022922636103152,0,0.20490251730392725,0.26582058594958885,7.579460284737852,0.895566726380968,0.0,1.0,0.0,0.3,0.0,0.9999999999999998,0.2,0.08,0.14613180515759314,0.050511101768874044,0.25051110176887403
444,0.9381909735094827,0.4373682009871355,0.9367085150575603,0.4381224674034195,0.2504925777620293,0.4426715127374007,0.6017191977077364,0.35764815425519286,0.36792344079255224,0.0830945558739255,0.6,0.35774142894145705,0.36758292069390996,0.08285714285714285,0.1346704871060172,0.16,0.002857142857142857,45.691428571428574,0.1833810888252149,0.0,5.786684015390173e-18,0.11862796627979429,11.558739255014327,0.0024788435790391084,0.004945418110839261,0.15148730614742345,0.08022922636103152,0,0.20536314828883617,0.26449148301984093,7.587871079043094,0.9044035042290411,0.0,0.9642857142857143,0.0,0.3,0.0,0.9999999999999998,0.2,0.08,0.1346704871060172,0.050495768715807826,0.2504957687158078
445,0.9367776746164156,0.43727476402132964,0.9352992541613305,0.43805036666752567,0.2504925777620293,0.4427134811129996,0.6074498567335244,0.3575335410746771,0.3678374809071654,0.0830945558739255,0.6057142857142858,0.3576271432271713,0.36749720640819566,0.08285714285714285,0.1318051575931232,0.16,0.002857142857142857,45.80571428571429,0.18624641833810887,0.0,5.7876649101084984e-18,0.11862011776587161,11.558739255014327,0.002404478271667935,0.004797412024927561,0.15144268696300076,0.08022922636103152,0,0.2062786182616777,0.2631690256047417,7.596113657462231,0.8964522549285981,0.0,0.9821428571428571,0.0,0.3,0.0,0.9999999999999998,0.2,0.08,0.1318051575931232,0.05048089565433359,0.25048089565433357
446,0.9369192517474636,0.4374563997123325,0.9354404267862899,0.4382543413296251,0.2504925777620293,0.442785841795724,0.5873925501432665,0.35782007402596655,0.3680523806206324,0.0830945558739255,0.5857142857142857,0.3579128575128856,0.36771149212248133,0.08285714285714285,0.13753581661891118,0.16,0.002857142857142857,45.925714285714285,0.1833810888252149,0.0,5.788616973917784e-18,0.11861250470736652,11.558739255014327,0.002332343923517897,0.004653825087704844,0.15139940635411073,0.08022922636103152,0,0.20658488429660804,0.261853180476718,7.604191384312989,0.8785232098300263,0.0,1.0,0.0,0.3,0.0,0.9999999999999998,0.2,0.08,0.13753581661891118,0.05046646878470358,0.2504664687847036
447,0.9382430733335007,0.4371110903205416,0.9367604660249383,0.4378665567703728,0.2504925777620293,0.4426888789802988,0.5931232091690545,0.35795985555441884,0.3681943310798059,0.0830945558739255,0.5914285714285714,0.35805223966554234,0.36785303700891436,0.08285714285714285,0.14326647564469913,0.1657142857142857,0.002857142857142857,46.05142857142857,0.18051575931232092,0.0,5.789541036804292e-18,0.11860512004061664,11.558739255014327,0.0022623736058123597,0.00451452596495705,0.1513574241634874,0.08022922636103152,0,0.2066372455894107,0.2605439145743344,7.617821842341013,0.9147134777734719,0.0,0.9827586206896551,0.0,0.3,0.0,0.9999999999999998,0.2,0.08,0.14326647564469913,0.050452474721162474,0.2504524747211625
448,0.9358190220627018,0.43693021998882875,0.9343433406149133,0.43769242099533284,0.2504925777620293,0.44260956102119486,0.5988538681948424,0.35795985555441884,0.3681943310798059,0.0830945558739255,0.5971428571428572,0.35805223966554234,0.36785303700891436,0.08285714285714285,0.11461318051575932,0.1457142857142857,0.002857142857142857,46.151428571428575,0.1833810888252149,0.0,5.790437905895467e-18,0.11859795691386928,11.558739255014327,0.002194502397637989,0.0043793871894469705,0.15131670143858278,0.08022922636103152,0,0.20626063079003512,0.25924119500146275,7.61117969120848,0.8964192082180024,0.0,1.0,0.0,0.3,0.0,0.9999999999999998,0.2,0.08,0.11461318051575932,0.0504389004795276,0.2504389004795276
449,0.9369323461560601,0.4359950753010337,0.9354534837822907,0.43677216523355783,0.2504925777620293,0.44256320946719674,0.6389684813753582,0.35795985555441884,0.3681943310798059,0.0830945558739255,0.6371428571428571,0.35805223966554234,0.36785303700891436,0.08285714285714285,0.1318051575931232,0.16,0.002857142857142857,46.26,0.1833810888252149,0.0,5.791308366027184e-18,0.11859100868092434,11.558739255014327,0.002128667325708849,0.004248285049200606,0.1512772003954253,0.08022922636103152,0,0.20594289906465632,0.2579449890264554,7.61895609738431,0.8784908240536423,0.0,1.0,0.0,0.3,0.0,0.9999999999999998,0.2,0.08,0.1318051575931232,0.05042573346514177,0.25042573346514174
